[111, 112, 26, 263, 27, 324]
[49, 290]
[225, 153, 12]
[242, 66]
[321, 322]
[172, 173]
[112, 26, 155]
[111, 112, 26, 27, 214]
[14, 229]
[112, 26, 214, 342]
[274, 275]
[30, 95, 96, 63, 55]
[30, 95, 96, 63, 27, 342]
[91, 92, 17, 77]
[111, 112, 26, 263, 55]
[95, 254, 280]
[181, 30, 95, 345]
[30, 95, 96, 63]
[181, 30, 31]
[39, 297]
[90, 49, 50]
[111, 112, 26, 263, 27, 214]
[90, 49, 74]
[43, 33, 215]
[112, 26, 27]
[117, 118]
[63, 27, 324]
[27, 324]
[255, 306, 309]
[261, 262]
[347, 262, 348]
[26, 263]
[112, 26, 263]
[136, 33, 4, 3]
[181, 30, 95, 96, 63, 27, 342]
[26, 155]
[49, 144, 145]
[62, 42, 74]
[181, 30, 95, 96, 305]
[245, 100]
[356, 242, 66, 67]
[334, 335]
[46, 47]
[185, 186]
[27, 214, 174]
[111, 112, 26, 27, 324]
[70, 71]
[99, 100, 359]
[78, 79]
[232, 125]
[39, 297, 77]
[262, 348]
[95, 218, 219]
[227, 228]
[179, 10, 77]
[169, 67]
[13, 12]
[198, 199]
[136, 33, 21]
[86, 87]
[7, 297, 77]
[32, 148]
[156, 71]
[30, 95, 218]
[30, 95, 218, 219]
[2, 49, 119]
[53, 264]
[179, 56, 13, 12]
[161, 6, 65]
[138, 139]
[26, 27, 214, 174]
[2, 49, 74]
[82, 83]
[182, 42]
[90, 49, 293, 308]
[2, 49, 50]
[63, 27]
[66, 67]
[30, 320]
[114, 115]
[263, 55]
[287, 288]
[95, 96, 63, 27, 214, 174]
[169, 260]
[90, 49, 144, 145]
[317, 89]
[30, 95, 219]
[353, 104, 278]
[30, 95, 96, 305]
[49, 50]
[6, 65, 106]
[317, 123]
[49, 74]
[53, 162]
[314, 100, 243]
[33, 21]
[146, 300]
[30, 95, 96, 63, 27, 214]
[111, 112, 26, 94]
[216, 217]
[16, 316, 12]
[136, 33, 3]
[33, 215]
[171, 2, 49, 293]
[32, 222]
[63, 27, 263, 55]
[224, 118]
[114, 346]
[131, 65, 106]
[2, 49, 293, 308]
[38, 12]
[181, 213]
[258, 6, 65, 106]
[286, 74]
[90, 49, 293, 294]
[180, 104, 278]
[181, 30, 95, 96, 63, 27, 214]
[22, 23]
[32, 126]
[49, 293, 308]
[53, 74]
[30, 95, 96, 63, 27, 324]
[182, 42, 74]
[112, 26, 27, 263]
[2, 3]
[91, 17, 77]
[326, 327]
[90, 49, 371]
[193, 150]
[112, 26, 267]
[354, 6, 65]
[169, 170, 174]
[248, 128]
[258, 6, 65]
[170, 174]
[70, 257]
[323, 253]
[181, 30, 95, 254]
[336, 58, 106]
[27, 214]
[122, 154, 33, 215]
[98, 97]
[98, 73]
[93, 3]
[122, 33, 3]
[181, 30, 95, 218, 219]
[44, 73]
[92, 17]
[220, 221, 212, 160]
[95, 96, 63, 27]
[122, 154, 33, 4, 3]
[44, 97]
[2, 33, 3]
[282, 283]
[101, 102]
[88, 123]
[62, 42]
[140, 141]
[96, 63, 27, 263]
[122, 33, 4]
[129, 130]
[111, 112, 26, 27, 214, 342]
[26, 27]
[49, 293]
[91, 92, 316]
[169, 170]
[30, 95, 254, 280]
[171, 2, 49, 290]
[86, 158, 77]
[137, 65, 106]
[135, 251]
[90, 49, 144]
[2, 33, 4]
[26, 263, 27]
[48, 297, 77]
[27, 214, 342]
[132, 133]
[109, 149]
[49, 371]
[95, 254]
[187, 42]
[30, 95, 254, 374]
[96, 63, 55]
[2, 33, 4, 3]
[32, 33, 4, 3]
[76, 12]
[95, 96, 201]
[191, 192]
[169, 259]
[122, 154, 33]
[304, 65, 106]
[171, 2, 49, 293, 294]
[90, 33, 215]
[99, 100, 243]
[181, 30, 95]
[17, 77]
[57, 58, 106]
[30, 305]
[111, 112]
[122, 33, 215]
[30, 95, 96, 201]
[293, 294]
[303, 163]
[111, 112, 26, 263, 27]
[255, 309]
[30, 95, 96, 63, 27]
[181, 30, 95, 96, 63]
[285, 176]
[95, 96, 63, 27, 263]
[306, 307]
[132, 168]
[303, 163, 164]
[53, 54]
[53, 222]
[107, 108]
[263, 27, 342]
[112, 26, 55]
[154, 33, 4]
[328, 221, 212]
[7, 39]
[111, 14, 146, 231]
[2, 49, 144, 145]
[86, 87, 153]
[339, 340]
[42, 74]
[268, 269]
[179, 10]
[43, 33, 4]
[9, 13, 12]
[183, 184]
[254, 280]
[181, 30, 95, 96, 63, 55]
[167, 25]
[261, 192]
[41, 42, 74]
[156, 257]
[208, 209]
[154, 33, 3]
[103, 104]
[7, 39, 297, 77]
[216, 352]
[112, 26, 263, 27, 214]
[225, 141]
[225, 153]
[344, 283]
[181, 30, 95, 96, 201]
[33, 4, 3]
[32, 126, 145]
[116, 100]
[6, 65]
[204, 108]
[171, 2, 49, 119]
[9, 10, 77]
[90, 33, 3]
[90, 33, 21]
[214, 342]
[30, 95, 96, 63, 27, 263, 55]
[114, 372]
[35, 12]
[122, 33, 21]
[304, 65]
[96, 63, 27, 263, 55]
[112, 26]
[30, 219]
[136, 69]
[136, 33, 4]
[63, 55]
[111, 112, 26, 27]
[217, 118]
[103, 104, 278]
[112, 26, 263, 27, 214, 342]
[263, 27]
[0, 1]
[7, 39, 40, 12]
[63, 27, 342]
[84, 325]
[136, 33]
[90, 33, 4]
[111, 112, 26, 214, 342]
[171, 2, 33, 4, 3]
[205, 106]
[43, 33]
[347, 262]
[48, 8]
[265, 333]
[321, 338]
[157, 115]
[10, 77]
[49, 293, 294]
[90, 33, 4, 3]
[242, 66, 67]
[124, 277]
[131, 65]
[181, 30, 95, 96, 63, 27, 214, 342]
[18, 19]
[154, 33]
[181, 30, 95, 254, 280]
[9, 13]
[30, 31]
[38, 313]
[2, 33, 215]
[122, 154]
[102, 207]
[95, 96, 63, 27, 214, 342]
[32, 33, 21]
[116, 100, 243]
[329, 330]
[355, 160]
[362, 319]
[95, 96]
[255, 29]
[356, 242, 66, 300]
[90, 49, 290]
[92, 316]
[112, 26, 263, 27, 324]
[154, 33, 4, 3]
[20, 21]
[39, 40, 12]
[178, 81]
[175, 176]
[181, 30, 95, 96]
[244, 77]
[352, 151]
[179, 56, 13]
[343, 253]
[96, 201]
[111, 14, 146]
[223, 129, 130]
[87, 153, 12]
[136, 276, 33, 21]
[32, 74]
[95, 345]
[206, 207]
[1, 109]
[63, 27, 214]
[276, 33, 215]
[220, 221, 212]
[187, 144, 145]
[28, 29]
[263, 27, 214]
[315, 60, 75]
[90, 49, 293]
[354, 6, 65, 106]
[99, 100]
[136, 276, 33, 4, 3]
[193, 117, 118]
[360, 66]
[226, 61]
[263, 27, 214, 342]
[136, 276, 33, 4]
[179, 56, 10]
[147, 33, 4]
[30, 95, 96, 63, 27, 263]
[120, 121]
[276, 33, 4, 3]
[2, 49, 144]
[109, 110]
[221, 212]
[49, 144]
[306, 309]
[328, 221, 212, 160]
[189, 190]
[258, 6]
[60, 75]
[255, 306, 307]
[263, 27, 324]
[136, 276, 33, 215]
[111, 112, 26, 94, 67]
[26, 27, 263, 55]
[111, 112, 26, 27, 342]
[179, 56]
[297, 77]
[181, 30, 95, 96, 63, 27, 263]
[225, 158]
[318, 106]
[328, 221]
[113, 58, 106]
[124, 298]
[147, 33, 3]
[193, 150, 151]
[270, 239]
[255, 306]
[259, 337]
[236, 237]
[215, 33, 3]
[64, 65]
[96, 63, 27, 214]
[215, 33]
[28, 237]
[111, 14]
[179, 56, 10, 77]
[2, 49]
[111, 14, 229]
[26, 27, 342]
[136, 33, 215]
[171, 2, 69]
[171, 2, 33]
[26, 263, 27, 214, 342]
[223, 129]
[7, 39, 297]
[20, 361]
[80, 81]
[72, 73]
[72, 97]
[289, 310]
[360, 66, 300]
[365, 8]
[154, 33, 21]
[147, 148]
[90, 33]
[90, 69]
[111, 112, 26, 27, 214, 174]
[112, 26, 27, 324]
[111, 14, 146, 300]
[136, 276]
[291, 292]
[356, 242, 66]
[215, 33, 4, 3]
[26, 94, 67]
[26, 214, 174]
[177, 106]
[276, 33, 4]
[122, 154, 33, 4]
[105, 106]
[112, 26, 263, 27, 214, 174]
[341, 139]
[273, 144]
[56, 10]
[111, 112, 26, 27, 263, 55]
[111, 112, 26, 214, 174]
[2, 49, 371]
[9, 10]
[136, 276, 33, 3]
[180, 104]
[44, 331]
[181, 30, 95, 96, 63, 27]
[315, 60]
[122, 154, 33, 3]
[147, 33, 4, 3]
[276, 33, 3]
[171, 2, 33, 4]
[84, 85]
[91, 92, 316, 12]
[7, 297]
[142, 143]
[193, 117]
[91, 17]
[225, 158, 77]
[43, 33, 21]
[100, 359]
[33, 4]
[101, 102, 207]
[154, 33, 215]
[171, 2, 33, 3]
[181, 30, 95, 96, 63, 27, 214, 174]
[91, 92, 17]
[90, 49, 119]
[111, 112, 26, 55]
[356, 242]
[59, 60]
[95, 96, 63, 27, 342]
[96, 63, 27, 324]
[159, 160]
[216, 352, 151]
[265, 332]
[95, 96, 305]
[349, 190]
[68, 21]
[252, 253]
[76, 77]
[182, 144]
[147, 33, 215]
[95, 254, 366]
[134, 135]
[233, 279]
[261, 262, 348]
[35, 77]
[220, 221]
[91, 319]
[181, 30, 95, 254, 374]
[96, 63, 27, 214, 174]
[194, 195]
[273, 42]
[240, 21]
[40, 12]
[86, 158]
[171, 2, 49]
[147, 33, 21]
[41, 144]
[218, 219]
[2, 69]
[26, 94]
[87, 158, 77]
[30, 95, 254, 366]
[111, 112, 26, 263, 27, 214, 342]
[34, 74]
[314, 100]
[2, 33]
[150, 151]
[244, 12]
[30, 95]
[14, 79]
[171, 2, 33, 21]
[56, 13]
[14, 31]
[95, 218]
[111, 112, 26, 214]
[5, 6, 65]
[39, 40]
[230, 1, 109, 149]
[26, 27, 214]
[136, 276, 33]
[187, 144]
[14, 146, 300]
[26, 27, 214, 342]
[56, 13, 12]
[7, 8]
[112, 26, 263, 55]
[2, 33, 21]
[112, 26, 27, 214, 342]
[163, 164]
[126, 145]
[11, 12]
[33, 3]
[165, 166]
[63, 27, 263]
[49, 119]
[16, 319]
[111, 112, 26, 27, 263]
[48, 297]
[86, 87, 153, 12]
[95, 219]
[88, 89]
[181, 30]
[112, 26, 27, 263, 55]
[230, 1, 109]
[296, 97]
[26, 27, 324]
[265, 266]
[86, 87, 158]
[296, 73]
[36, 37]
[363, 173]
[43, 33, 3]
[171, 2]
[122, 154, 33, 21]
[179, 61]
[16, 17, 77]
[367, 368]
[161, 6, 65, 106]
[26, 263, 27, 324]
[30, 95, 96, 63, 27, 214, 174]
[2, 49, 293]
[14, 146]
[134, 251]
[204, 310]
[111, 14, 79]
[122, 33, 4, 3]
[122, 33]
[171, 2, 49, 293, 308]
[215, 33, 4]
[111, 14, 31]
[96, 305]
[63, 27, 214, 342]
[202, 203]
[293, 308]
[95, 254, 374]
[96, 63, 27]
[181, 30, 320]
[158, 77]
[26, 214]
[116, 100, 359]
[299, 272]
[147, 33]
[112, 26, 263, 27, 342]
[124, 125]
[104, 278]
[210, 211]
[32, 33]
[26, 263, 27, 214]
[224, 151]
[242, 66, 300]
[16, 17]
[64, 65, 106]
[57, 58]
[230, 1, 109, 110]
[273, 42, 74]
[255, 256]
[0, 1, 109]
[9, 61]
[153, 12]
[276, 33, 21]
[137, 65]
[16, 316]
[276, 33]
[357, 358]
[263, 27, 214, 174]
[234, 235]
[364, 139]
[0, 1, 109, 110]
[30, 95, 345]
[22, 241]
[32, 162]
[281, 58, 106]
[32, 295]
[87, 158]
[181, 30, 95, 219]
[238, 239]
[2, 49, 290]
[196, 139]
[233, 21]
[1, 109, 149]
[41, 144, 145]
[56, 10, 77]
[245, 100, 359]
[92, 17, 77]
[96, 63, 27, 214, 342]
[161, 6]
[58, 106]
[134, 135, 251]
[111, 112, 26, 263, 27, 342]
[249, 250]
[111, 112, 26]
[26, 27, 263]
[351, 247]
[113, 58]
[14, 146, 231]
[111, 112, 26, 263, 27, 214, 174]
[5, 6, 65, 106]
[26, 263, 27, 214, 174]
[27, 342]
[112, 26, 214]
[230, 1]
[94, 67]
[32, 33, 4]
[51, 52]
[181, 30, 95, 96, 63, 27, 263, 55]
[181, 30, 95, 218]
[208, 373]
[254, 366]
[43, 33, 4, 3]
[188, 3]
[90, 3]
[212, 160]
[112, 26, 27, 342]
[221, 212, 160]
[26, 214, 342]
[32, 33, 215]
[100, 243]
[281, 58]
[350, 19]
[41, 42]
[82, 83, 145]
[360, 66, 67]
[48, 40]
[182, 144, 145]
[86, 87, 158, 77]
[244, 313]
[38, 77]
[96, 63]
[32, 33, 3]
[181, 30, 95, 96, 63, 27, 324]
[92, 316, 12]
[171, 2, 49, 144]
[48, 40, 12]
[301, 302]
[171, 2, 3]
[181, 30, 219]
[2, 49, 293, 294]
[146, 231]
[112, 26, 94, 67]
[66, 300]
[4, 3]
[7, 39, 40]
[171, 2, 49, 50]
[171, 2, 49, 74]
[26, 267]
[14, 15]
[27, 263]
[95, 96, 63]
[95, 96, 63, 27, 214]
[214, 174]
[96, 63, 27, 342]
[11, 77]
[245, 100, 243]
[171, 2, 33, 215]
[289, 108]
[26, 263, 27, 342]
[28, 284]
[90, 49]
[127, 128]
[312, 253]
[63, 27, 214, 174]
[27, 263, 55]
[34, 21]
[271, 272]
[369, 370]
[152, 3]
[216, 217, 118]
[112, 26, 263, 27]
[95, 96, 63, 27, 324]
[187, 42, 74]
[111, 112, 26, 267]
[111, 112, 26, 263]
[311, 279]
[246, 247]
[1, 109, 110]
[336, 58]
[0, 1, 109, 149]
[87, 153]
[112, 26, 27, 214]
[59, 60, 75]
[273, 144, 145]
[171, 2, 49, 144, 145]
[316, 12]
[44, 45]
[112, 26, 94]
[32, 264]
[95, 96, 63, 55]
[197, 145]
[112, 26, 214, 174]
[95, 96, 63, 27, 263, 55]
[83, 145]
[189, 269]
[254, 374]
[5, 6]
[200, 123]
[314, 100, 359]
[30, 95, 96, 63, 27, 214, 342]
[111, 14, 15]
[208, 37]
[111, 112, 26, 155]
[181, 30, 305]
[26, 55]
[86, 141]
[30, 95, 254]
[311, 21]
[169, 259, 337]
[171, 2, 49, 371]
[24, 25]
[112, 26, 27, 214, 174]
[144, 145]
[215, 33, 21]
[26, 263, 55]
[30, 95, 96]
[65, 106]
[354, 6]
[91, 92]
[353, 104]
[181, 30, 95, 254, 366]
