2,3
2,3,87
2,3,276
2,3,716
2,3,900
2,3,1073
2,3,1274
3,87
3,276
3,716
3,900
3,1073
3,1274
15,16
20,21
20,22
20,23
20,23,1217
20,23,1217,233
20,23,1217,27
20,23,1297
21,20,22
21,20,23
21,20,23,1217
21,20,23,1217,233
21,20,23,1217,27
21,20,23,1297
22,20,23
22,20,23,1217
22,20,23,1217,233
22,20,23,1217,27
22,20,23,1297
23,1217
23,1217,233
23,1217,27
23,1297
32,33
39,40
39,606,40
39,606
39,708
39,708,709
39,1310
39,1310,1072
39,1310,1308
40,606
40,39,708
40,606,39,708
40,39,708,709
40,606,39,708,709
40,39,1310
40,606,39,1310
40,39,1310,1072
40,606,39,1310,1072
40,39,1310,1308
40,606,39,1310,1308
49,50
49,50,102
49,50,108
49,50,531
49,50,731
49,50,842
49,50,1163
49,50,1228
49,50,1364
49,50,1373
50,102
50,108
50,531
50,731
50,842
50,1163
50,1228
50,1364
50,1373
65,66
65,67
65,1075
66,65,67
66,65,1075
67,65,1075
71,72
71,72,1392
72,1392
75,76
87,3,276
87,3,716
87,3,900
87,3,1073
87,3,1274
102,50,108
102,50,531
102,50,731
102,50,842
102,50,1163
102,50,1228
102,50,1364
102,50,1373
106,107
108,50,531
108,50,731
108,50,842
108,50,1163
108,50,1228
108,50,1364
108,50,1373
136,137
136,137,356
137,356
140,141
140,142
140,143
140,144
141,140,142
141,140,143
141,140,144
142,140,143
142,140,144
143,140,144
145,146
145,147
145,147,297
145,146,336
145,147,481
145,147,481,398
145,147,481,398,533
145,147,1266
145,147,481,398,1313
146,145,147
146,145,147,297
146,336
146,145,147,481
146,145,147,481,398
146,145,147,481,398,533
146,145,147,1266
146,145,147,481,398,1313
147,297
147,145,146,336
147,481
147,481,398
147,481,398,533
147,1266
147,481,398,1313
153,154
155,156
155,157
155,158
155,159
155,160
155,161
155,158,243
155,160,44
155,156,604
155,157,464
155,159,764
155,161,435
156,155,157
156,155,158
156,155,159
156,155,160
156,155,161
156,155,158,243
156,155,160,44
156,604
156,155,157,464
156,155,159,764
156,155,161,435
157,155,158
157,155,159
157,155,160
157,155,161
157,155,158,243
157,155,160,44
157,155,156,604
157,464
157,155,159,764
157,155,161,435
158,155,159
158,155,160
158,155,161
158,243
158,155,160,44
158,155,156,604
158,155,157,464
158,155,159,764
158,155,161,435
159,155,160
159,155,161
159,155,158,243
159,155,160,44
159,155,156,604
159,155,157,464
159,764
159,155,161,435
160,155,161
160,155,158,243
160,44
160,155,156,604
160,155,157,464
160,155,159,764
160,155,161,435
161,155,158,243
161,155,160,44
161,155,156,604
161,155,157,464
161,155,159,764
161,435
166,167
166,686,511,387,386,498,167
166,498,167
166,167,499,337
166,686,511,387,386,498,167,499,337
166,498,167,499,337
166,167,498,386
166,686,511,387,386
166,498,386
166,167,498,386,97
166,686,511,387,386,97
166,498,386,97
166,167,498,386,387
166,686,511,387
166,498,386,387
166,167,498,386,387,511,405
166,686,511,405
166,498,386,387,511,405
166,167,498,386,387,511,405,163
166,686,511,405,163
166,498,386,387,511,405,163
166,686,511,387,386,498
166,498
166,167,499
166,686,511,387,386,498,167,499
166,498,167,499
166,167,498,386,387,511
166,686,511
166,498,386,387,511
166,686
166,167,498,386,387,511,686,478
166,686,478
166,498,386,387,511,686,478
167,499,337
167,166,686,511,387,386
167,498,386
167,166,686,511,387,386,97
167,498,166,686,511,387,386,97
167,498,386,97
167,166,686,511,387
167,498,166,686,511,387
167,498,386,387
167,166,686,511,405
167,498,166,686,511,405
167,498,386,387,511,405
167,166,686,511,405,163
167,498,166,686,511,405,163
167,498,386,387,511,405,163
167,498
167,499
167,166,686,511
167,498,166,686,511
167,498,386,387,511
167,166,686
167,498,166,686
167,498,386,387,511,686
167,166,686,478
167,498,166,686,478
167,498,386,387,511,686,478
195,196
206,207
214,208
214,208,790
214,208,909
214,208,1178
208,790
208,909
208,1178
226,227
226,228
226,228,1039
227,226,228
227,226,228,1039
228,1039
238,133
238,1046
238,1046,1047
133,238,1046
133,238,1046,1047
243,158,155,160,44
243,158,155,156,604
243,158,155,157,464
243,158,155,159,764
243,158,155,161,435
250,251
250,251,617
250,251,1099
250,251,1196
250,251,1236
251,617
251,1099
251,1196
251,1236
263,264
263,631
263,631,632
264,263,631
264,263,631,632
267,268
267,139,765,268
267,139,1108,268
267,139,1108,1109,1144,268
267,139,1108,1109,1312,268
267,139,1144,268
267,139,1144,1109,1312,268
267,139,1312,268
267,139
267,268,765
267,268,1108,139,765
267,268,1108,1109,1144,139,765
267,268,1108,1109,1312,139,765
267,268,1144,139,765
267,268,1144,1109,1312,139,765
267,268,1312,139,765
267,139,765
267,268,1108
267,268,1144,139,1108
267,268,1144,139,1312,1109,1108
267,268,1144,1109,1108
267,268,1312,139,1108
267,268,1312,1109,1108
267,139,1108
267,139,1144,1109,1108
267,139,1312,1109,1108
267,268,765,139,1108,1109
267,268,765,139,1144,1109
267,268,765,139,1312,1109
267,268,1108,1109
267,268,1144,1109
267,268,1312,1109
267,139,1108,1109
267,139,1144,1109
267,139,1312,1109
267,268,1144
267,268,1312,139,1144
267,268,1312,1109,1144
267,139,1144
267,139,1312,1109,1144
267,268,1312
267,139,1312
268,267,139
268,765,139
268,1108,139
268,1108,1109,1144,139
268,1108,1109,1312,139
268,1144,139
268,1144,1109,1312,139
268,1312,139
268,765
268,1108,139,765
268,1108,1109,1144,139,765
268,1108,1109,1312,139,765
268,1144,139,765
268,1144,1109,1312,139,765
268,1312,139,765
268,1108
268,1144,139,1108
268,1144,139,1312,1109,1108
268,1144,1109,1108
268,1312,139,1108
268,1312,1109,1108
268,267,139,1108,1109
268,267,139,1144,1109
268,267,139,1312,1109
268,765,139,1108,1109
268,765,139,1144,1109
268,765,139,1312,1109
268,1108,1109
268,1144,1109
268,1312,1109
268,1144
268,1312,139,1144
268,1312,1109,1144
268,1312
139,765
139,1108
139,1144,1109,1108
139,1312,1109,1108
139,1108,1109
139,1144,1109
139,1312,1109
139,1144
139,1312,1109,1144
139,1312
272,273
272,274
273,272,274
276,3,716
276,3,900
276,3,1073
276,3,1274
282,283
282,283,375
282,283,746
283,375
283,746
286,287
286,288
286,287,1224
287,286,288
287,1224
288,286,287,1224
297,147,145,146,336
297,147,481
297,147,481,398
297,147,481,398,533
297,147,1266
297,147,481,398,1313
44,160,155,156,604
44,160,155,157,464
44,160,155,159,764
44,160,155,161,435
310,311
310,1121
310,1121,1112
310,1408
310,1408,1001
311,310,1121
311,310,1121,1112
311,310,1408
311,310,1408,1001
315,316
315,316,653
315,316,1093
316,653
316,1093
317,318
317,319
318,317,319
320,321
330,331
330,331,1018
331,1018
336,146,145,147,481
336,146,145,147,481,398
336,146,145,147,481,398,533
336,146,145,147,1266
336,146,145,147,481,398,1313
337,499,167,166,686,511,387,386
337,499,167,166,498,386
337,499,167,498,386
337,499,167,166,686,511,387,386,97
337,499,167,166,498,386,97
337,499,167,498,166,686,511,387,386,97
337,499,167,498,386,97
337,499,167,166,686,511,387
337,499,167,166,498,386,387
337,499,167,498,166,686,511,387
337,499,167,498,386,387
337,499,167,166,686,511,405
337,499,167,166,498,386,387,511,405
337,499,167,498,166,686,511,405
337,499,167,498,386,387,511,405
337,499,167,166,686,511,405,163
337,499,167,166,498,386,387,511,405,163
337,499,167,498,166,686,511,405,163
337,499,167,498,386,387,511,405,163
337,499,167,498
337,499
337,499,167,166,686,511
337,499,167,166,498,386,387,511
337,499,167,498,166,686,511
337,499,167,498,386,387,511
337,499,167,166,686
337,499,167,498,166,686
337,499,167,498,386,387,511,686
337,499,167,166,686,478
337,499,167,166,498,386,387,511,686,478
337,499,167,498,166,686,478
337,499,167,498,386,387,511,686,478
341,342
370,371
370,371,977
371,977
372,373
375,283,746
383,384
383,38
383,384,560
383,384,560,561
383,384,620
383,384,620,411
383,384,910
383,384,910,868
383,384,1154
383,384,1154,1005
383,384,1244
383,384,1244,265
384,383,38
384,560
384,560,561
384,620
384,620,411
384,910
384,910,868
384,1154
384,1154,1005
384,1244
384,1244,265
38,383,384,560
38,383,384,560,561
38,383,384,620
38,383,384,620,411
38,383,384,910
38,383,384,910,868
38,383,384,1154
38,383,384,1154,1005
38,383,384,1244
38,383,384,1244,265
386,97
386,387
386,387,511,405
386,498,167,166,686,511,405
386,498,166,686,511,405
386,387,511,405,163
386,498,167,166,686,511,405,163
386,498,166,686,511,405,163
386,498
386,387,511,686,166,167,499
386,498,167,499
386,498,166,167,499
386,387,511
386,498,167,166,686,511
386,498,166,686,511
386,387,511,686
386,498,167,166,686
386,498,166,686
386,387,511,686,478
386,498,167,166,686,478
386,498,166,686,478
97,386,387
97,386,498,166,686,511,387
97,386,387,511,405
97,386,498,167,166,686,511,405
97,386,498,166,686,511,405
97,386,387,511,405,163
97,386,498,167,166,686,511,405,163
97,386,498,166,686,511,405,163
97,386,498
97,386,387,511,686,166,167,499
97,386,387,511,686,166,498,167,499
97,386,498,167,499
97,386,498,166,167,499
97,386,387,511
97,386,498,167,166,686,511
97,386,498,166,686,511
97,386,387,511,686
97,386,498,167,166,686
97,386,498,166,686
97,386,387,511,686,478
97,386,498,167,166,686,478
97,386,498,166,686,478
387,386,498,167,166,686,511,405
387,386,498,166,686,511,405
387,511,405
387,386,498,167,166,686,511,405,163
387,386,498,166,686,511,405,163
387,511,405,163
387,386,498
387,511,686,166,498
387,386,498,167,499
387,386,498,166,167,499
387,511,686,166,167,499
387,511,686,166,498,167,499
387,511
387,386,498,167,166,686
387,386,498,166,686
387,511,686
387,386,498,167,166,686,478
387,386,498,166,686,478
387,511,686,478
390,391
390,391,1117
390,391,1117,1088
391,1117
391,1117,1088
393,55
393,394
393,395
393,396
393,397
393,1237
393,1237,817
393,1237,849
393,1237,230
393,1237,1238
55,393,394
55,393,395
55,393,396
55,393,397
55,393,1237
55,393,1237,817
55,393,1237,849
55,393,1237,230
55,393,1237,1238
394,393,395
394,393,396
394,393,397
394,393,1237
394,393,1237,817
394,393,1237,849
394,393,1237,230
394,393,1237,1238
395,393,396
395,393,397
395,393,1237
395,393,1237,817
395,393,1237,849
395,393,1237,230
395,393,1237,1238
396,393,397
396,393,1237
396,393,1237,817
396,393,1237,849
396,393,1237,230
396,393,1237,1238
397,393,1237
397,393,1237,817
397,393,1237,849
397,393,1237,230
397,393,1237,1238
405,163
405,511,387,386,498
405,511,686,166,498
405,511,387,386,498,167,499
405,511,387,386,498,166,167,499
405,511,686,166,167,499
405,511,686,166,498,167,499
405,511
405,511,686
405,511,387,386,498,167,166,686,478
405,511,387,386,498,166,686,478
405,511,686,478
163,405,511,387,386,498
163,405,511,686,166,498
163,405,511,387,386,498,167,499
163,405,511,387,386,498,166,167,499
163,405,511,686,166,167,499
163,405,511,686,166,498,167,499
163,405,511
163,405,511,686
163,405,511,387,386,498,167,166,686,478
163,405,511,387,386,498,166,686,478
163,405,511,686,478
412,413
423,424
434,366
451,452
465,351
465,351,1255
351,1255
468,469
468,426
469,468,426
481,398
481,398,533
481,147,1266
481,398,1313
398,533
398,481,147,1266
398,1313
484,485
484,486,1179,197,485
484,486,1179,712,485
484,486,1280,197,1179,712,485
484,486,1280,197,485
484,486
484,487
484,488
484,489
484,490
484,485,197,1179,486,982
484,485,197,1280,486,982
484,485,712,1179,197,1280,486,982
484,485,712,1179,486,982
484,486,982
484,485,197,1179
484,485,197,1280,486,1179
484,485,712,1179
484,486,1179
484,486,1280,197,1179
484,485,197
484,485,712,1179,197
484,486,1179,197
484,486,1179,712,485,197
484,486,1280,197
484,485,712
484,486,1179,712
484,486,1280,197,1179,712
484,486,1280,197,485,712
484,485,197,1280
484,485,712,1179,197,1280
484,485,712,1179,486,1280
484,486,1280
484,485,197,1179,486,1385
484,485,197,1280,486,1385
484,485,712,1179,197,1280,486,1385
484,485,712,1179,486,1385
484,486,1385
485,484,486
485,197,1179,486
485,197,1280,486
485,712,1179,197,1280,486
485,712,1179,486
485,484,487
485,197,1179,486,484,487
485,197,1280,486,484,487
485,712,1179,197,1280,486,484,487
485,712,1179,486,484,487
485,484,488
485,197,1179,486,484,488
485,197,1280,486,484,488
485,712,1179,197,1280,486,484,488
485,712,1179,486,484,488
485,484,489
485,197,1179,486,484,489
485,197,1280,486,484,489
485,712,1179,197,1280,486,484,489
485,712,1179,486,484,489
485,484,490
485,197,1179,486,484,490
485,197,1280,486,484,490
485,712,1179,197,1280,486,484,490
485,712,1179,486,484,490
485,484,486,982
485,197,1179,486,982
485,197,1280,486,982
485,712,1179,197,1280,486,982
485,712,1179,486,982
485,484,486,1179
485,197,1179
485,197,1280,486,1179
485,712,1179
485,197
485,712,1179,197
485,712
485,484,486,1280
485,197,1280
485,712,1179,197,1280
485,712,1179,486,1280
485,484,486,1385
485,197,1179,486,1385
485,197,1280,486,1385
485,712,1179,197,1280,486,1385
485,712,1179,486,1385
486,484,487
486,484,488
486,484,489
486,484,490
486,982
486,1179
486,1280,197,1179
486,484,485,197
486,1179,197
486,1179,712,485,197
486,1280,197
486,484,485,712
486,1179,712
486,1280,197,1179,712
486,1280,197,485,712
486,1280
486,1385
487,484,488
487,484,489
487,484,490
487,484,485,197,1179,486,982
487,484,485,197,1280,486,982
487,484,485,712,1179,197,1280,486,982
487,484,485,712,1179,486,982
487,484,486,982
487,484,485,197,1179
487,484,485,197,1280,486,1179
487,484,485,712,1179
487,484,486,1179
487,484,486,1280,197,1179
487,484,485,197
487,484,485,712,1179,197
487,484,486,1179,197
487,484,486,1179,712,485,197
487,484,486,1280,197
487,484,485,712
487,484,486,1179,712
487,484,486,1280,197,1179,712
487,484,486,1280,197,485,712
487,484,485,197,1280
487,484,485,712,1179,197,1280
487,484,485,712,1179,486,1280
487,484,486,1280
487,484,485,197,1179,486,1385
487,484,485,197,1280,486,1385
487,484,485,712,1179,197,1280,486,1385
487,484,485,712,1179,486,1385
487,484,486,1385
488,484,489
488,484,490
488,484,485,197,1179,486,982
488,484,485,197,1280,486,982
488,484,485,712,1179,197,1280,486,982
488,484,485,712,1179,486,982
488,484,486,982
488,484,485,197,1179
488,484,485,197,1280,486,1179
488,484,485,712,1179
488,484,486,1179
488,484,486,1280,197,1179
488,484,485,197
488,484,485,712,1179,197
488,484,486,1179,197
488,484,486,1179,712,485,197
488,484,486,1280,197
488,484,485,712
488,484,486,1179,712
488,484,486,1280,197,1179,712
488,484,486,1280,197,485,712
488,484,485,197,1280
488,484,485,712,1179,197,1280
488,484,485,712,1179,486,1280
488,484,486,1280
488,484,485,197,1179,486,1385
488,484,485,197,1280,486,1385
488,484,485,712,1179,197,1280,486,1385
488,484,485,712,1179,486,1385
488,484,486,1385
489,484,490
489,484,485,197,1179,486,982
489,484,485,197,1280,486,982
489,484,485,712,1179,197,1280,486,982
489,484,485,712,1179,486,982
489,484,486,982
489,484,485,197,1179
489,484,485,197,1280,486,1179
489,484,485,712,1179
489,484,486,1179
489,484,486,1280,197,1179
489,484,485,197
489,484,485,712,1179,197
489,484,486,1179,197
489,484,486,1179,712,485,197
489,484,486,1280,197
489,484,485,712
489,484,486,1179,712
489,484,486,1280,197,1179,712
489,484,486,1280,197,485,712
489,484,485,197,1280
489,484,485,712,1179,197,1280
489,484,485,712,1179,486,1280
489,484,486,1280
489,484,485,197,1179,486,1385
489,484,485,197,1280,486,1385
489,484,485,712,1179,197,1280,486,1385
489,484,485,712,1179,486,1385
489,484,486,1385
490,484,485,197,1179,486,982
490,484,485,197,1280,486,982
490,484,485,712,1179,197,1280,486,982
490,484,485,712,1179,486,982
490,484,486,982
490,484,485,197,1179
490,484,485,197,1280,486,1179
490,484,485,712,1179
490,484,486,1179
490,484,486,1280,197,1179
490,484,485,197
490,484,485,712,1179,197
490,484,486,1179,197
490,484,486,1179,712,485,197
490,484,486,1280,197
490,484,485,712
490,484,486,1179,712
490,484,486,1280,197,1179,712
490,484,486,1280,197,485,712
490,484,485,197,1280
490,484,485,712,1179,197,1280
490,484,485,712,1179,486,1280
490,484,486,1280
490,484,485,197,1179,486,1385
490,484,485,197,1280,486,1385
490,484,485,712,1179,197,1280,486,1385
490,484,485,712,1179,486,1385
490,484,486,1385
498,167,499
498,166,686,511
498,386,387,511
498,166,686
498,386,387,511,686
498,166,686,478
498,386,387,511,686,478
499,167,166,686,511
499,167,166,498,386,387,511
499,167,498,166,686,511
499,167,498,386,387,511
499,167,166,686
499,167,498,166,686
499,167,498,386,387,511,686
499,167,166,686,478
499,167,166,498,386,387,511,686,478
499,167,498,166,686,478
499,167,498,386,387,511,686,478
509,510
509,1029
510,509,1029
511,686
511,686,478
518,519
526,354
531,50,731
531,50,842
531,50,1163
531,50,1228
531,50,1364
531,50,1373
533,398,481,147,1266
533,398,1313
541,542
546,945
560,561
560,384,620
560,384,620,411
560,384,910
560,384,910,868
560,384,1154
560,384,1154,1005
560,384,1244
560,384,1244,265
561,560,384,620
561,560,384,620,411
561,560,384,910
561,560,384,910,868
561,560,384,1154
561,560,384,1154,1005
561,560,384,1244
561,560,384,1244,265
567,237
571,572
571,572,583
571,572,583,661
572,583
572,583,661
573,549
583,661
593,538
601,180
601,180,1017
180,1017
606,39,708
606,39,708,709
606,39,1310
606,39,1310,1072
606,39,1310,1308
617,251,1099
617,251,1196
617,251,1236
620,411
620,384,910
620,384,910,868
620,384,1154
620,384,1154,1005
620,384,1244
620,384,1244,265
411,620,384,910
411,620,384,910,868
411,620,384,1154
411,620,384,1154,1005
411,620,384,1244
411,620,384,1244,265
622,11
622,623,666,11
622,624,666,11
622,625,666,11
622,625,667,665,666,11
622,665,666,11
622,623
622,624,666,623
622,625,666,623
622,625,667,665,666,623
622,665,666,623
622,624
622,625,666,624
622,625,667,665,666,624
622,665,666,624
622,625
622,665,666,625
622,665,667,625
622,665
622,11,666
622,623,666
622,624,666
622,625,666
622,625,667,665,666
622,665,666
622,11,666,665,667
622,11,666,625,667
622,623,666,665,667
622,623,666,625,667
622,624,666,665,667
622,624,666,625,667
622,625,667
622,665,667
622,11,666,665,667,625,917
622,11,666,625,917
622,623,666,665,667,625,917
622,623,666,625,917
622,624,666,665,667,625,917
622,624,666,625,917
622,625,917
622,665,666,625,917
622,665,667,625,917
11,622,623
11,622,624,666,623
11,622,625,666,623
11,622,625,667,665,666,623
11,622,665,666,623
11,666,623
11,622,624
11,622,625,666,624
11,622,625,667,665,666,624
11,622,665,666,624
11,666,624
11,622,625
11,622,665,666,625
11,622,665,667,625
11,666,665,667,625
11,666,625
11,622,665
11,666,665
11,666
11,622,623,666,665,667
11,622,623,666,625,667
11,622,624,666,665,667
11,622,624,666,625,667
11,622,625,667
11,622,665,667
11,666,665,667
11,666,625,667
11,622,623,666,665,667,625,917
11,622,623,666,625,917
11,622,624,666,665,667,625,917
11,622,624,666,625,917
11,622,625,917
11,622,665,666,625,917
11,622,665,667,625,917
11,666,665,667,625,917
11,666,625,917
623,622,624
623,622,625,666,624
623,622,625,667,665,666,624
623,622,665,666,624
623,666,624
623,622,625
623,622,665,666,625
623,622,665,667,625
623,666,665,667,625
623,666,625
623,622,665
623,666,665
623,666
623,622,624,666,665,667
623,622,624,666,625,667
623,622,625,667
623,622,665,667
623,666,665,667
623,666,625,667
623,622,624,666,665,667,625,917
623,622,624,666,625,917
623,622,625,917
623,622,665,666,625,917
623,622,665,667,625,917
623,666,665,667,625,917
623,666,625,917
624,622,625
624,622,665,666,625
624,622,665,667,625
624,666,665,667,625
624,666,625
624,622,665
624,666,665
624,666
624,622,625,667
624,622,665,667
624,666,665,667
624,666,625,667
624,622,625,917
624,622,665,666,625,917
624,622,665,667,625,917
624,666,665,667,625,917
624,666,625,917
625,622,665
625,666,665
625,667,665
625,666
625,667,665,666
625,667
625,917
631,632
639,640
646,78
646,1233
646,1233,906
646,1233,700
78,646,1233
78,646,1233,906
78,646,1233,700
649,183
649,183,895
649,183,920
183,895
183,920
651,652
653,316,1093
665,666
665,667
665,666,625,917
665,622,625,917
665,667,625,917
666,665,667
666,625,667
666,665,667,625,917
666,625,917
667,625,917
670,671
670,671,621,1184
670,671,621
670,671,1225
671,621,1184
671,621
671,1225
686,478
689,690
691,692
693,694
693,694,221
694,221
703,98
706,707
708,709
708,39,1310
708,39,1310,1072
708,39,1310,1308
709,708,39,1310
709,708,39,1310,1072
709,708,39,1310,1308
716,3,900
716,3,1073
716,3,1274
731,50,842
731,50,1163
731,50,1228
731,50,1364
731,50,1373
765,268,1108
765,268,1144,139,1108
765,268,1144,139,1312,1109,1108
765,268,1144,1109,1108
765,268,1312,139,1108
765,268,1312,1109,1108
765,139,1108
765,139,1144,1109,1108
765,139,1312,1109,1108
765,268,1108,1109
765,268,1144,1109
765,268,1312,1109
765,139,1108,1109
765,139,1144,1109
765,139,1312,1109
765,268,1144
765,268,1312,139,1144
765,268,1312,1109,1144
765,139,1144
765,139,1312,1109,1144
765,268,1312
765,139,1312
790,208,909
790,208,1178
604,156,155,157,464
604,156,155,159,764
604,156,155,161,435
808,804
831,580
837,112
837,392
112,837,392
842,50,1163
842,50,1228
842,50,1364
842,50,1373
844,839
844,845,886,839
844,845
844,839,886
844,845,886
839,844,845
839,886,845
839,886
845,886
847,117
464,157,155,159,764
464,157,155,161,435
852,853
852,853,1275
853,1275
854,855
895,183,920
900,3,1073
900,3,1274
909,208,1178
910,868
910,384,1154
910,384,1154,1005
910,384,1244
910,384,1244,265
868,910,384,1154
868,910,384,1154,1005
868,910,384,1244
868,910,384,1244,265
930,587
932,933
932,934
932,17
932,363
932,628
932,757
932,935
932,791
932,936
933,932,934
933,932,17
933,932,363
933,932,628
933,932,757
933,932,935
933,932,791
933,932,936
934,932,17
934,932,363
934,932,628
934,932,757
934,932,935
934,932,791
934,932,936
17,932,363
17,932,628
17,932,757
17,932,935
17,932,791
17,932,936
363,932,628
363,932,757
363,932,935
363,932,791
363,932,936
628,932,757
628,932,935
628,932,791
628,932,936
757,932,935
757,932,791
757,932,936
935,932,791
935,932,936
791,932,936
972,186
982,486,1179
982,486,1280,197,1179
982,486,484,485,197
982,486,484,485,712,1179,197
982,486,1179,197
982,486,1179,712,485,197
982,486,1280,197
982,486,484,485,712
982,486,1179,712
982,486,1280,197,1179,712
982,486,1280,197,485,712
982,486,1280
982,486,1385
990,566
1000,173
1000,173,1070
173,1070
1015,615
1015,615,1111
615,1111
1034,596
1042,1043
1044,1045
1046,1047
1049,811
1049,618
811,1049,618
1060,1061
1073,3,1274
1074,902
1099,251,1196
1099,251,1236
1108,1109
1108,268,1144
1108,268,1312,139,1144
1108,268,1312,1109,1144
1108,139,1144
1108,139,1312,1109,1144
1108,1109,1144
1108,268,1312
1108,139,1312
1108,1109,1312
1109,1144
1109,1312
1117,1088
1118,805
1121,1112
1121,310,1408
1121,310,1408,1001
1112,1121,310,1408
1112,1121,310,1408,1001
1137,100
1137,1370
100,1137,1370
1139,1055
1144,268,1312
1144,139,1312
1144,1109,1312
1146,1202
1154,1005
1154,384,1244
1154,384,1244,265
1005,1154,384,1244
1005,1154,384,1244,265
1163,50,1228
1163,50,1364
1163,50,1373
1170,1021
1174,114
1179,197
1179,712
1179,197,1280
1179,486,1280
1179,197,1280,486,1385
1179,486,1385
197,1179,712
197,485,712
197,1280
197,1179,712,485,484,486,1385
197,1179,486,1385
197,1280,486,1385
197,485,484,486,1385
197,485,712,1179,486,1385
712,1179,197,1280
712,1179,486,1280
712,485,484,486,1280
712,485,197,1280
712,1179,197,1280,486,1385
712,1179,486,1385
712,485,484,486,1385
712,485,197,1280,486,1385
1184,621
1184,621,671,1225
621,671,1225
1185,1158
1196,251,1236
1198,1199
764,159,155,161,435
1208,679
1211,742
1211,742,1221
742,1221
1215,530
1217,233
1217,27
1217,23,1297
233,1217,27
233,1217,23,1297
27,1217,23,1297
1219,1220
1222,788
1228,50,1364
1228,50,1373
1233,906
1233,700
906,1233,700
1237,817
1237,849
1237,230
1237,1238
817,1237,849
817,1237,230
817,1237,1238
849,1237,230
849,1237,1238
230,1237,1238
1240,483
1240,863
1240,1374
483,1240,863
483,1240,1374
863,1240,1374
1244,265
1246,795
1266,147,481,398,1313
1276,482
1280,486,1385
1281,59
1295,1296
1304,529
1310,1072
1310,1308
1072,1310,1308
1338,1127
1355,307
1361,1083
1364,50,1373
1393,1062
1394,148
1398,548
1400,515
1403,389
1406,798
1408,1001
