6,7
6,8
7,6,8
23,24
23,25
23,26,46,25
23,173,411,45,46,25
23,173,411,412,46,25
23,26
23,173,411,45,46,26
23,173,411,412,46,26
23,25,46,45
23,25,46,412,411,45
23,26,46,45
23,26,46,412,411,45
23,173,411,45
23,173,411,412,46,45
23,25,46
23,26,46
23,173,411,45,46
23,173,411,412,46
23,25,46,45,47
23,25,46,412,411,45,47
23,26,46,45,47
23,26,46,412,411,45,47
23,173,411,45,47
23,173,411,412,46,45,47
23,25,46,45,48
23,25,46,412,411,45,48
23,26,46,45,48
23,26,46,412,411,45,48
23,173,411,45,48
23,173,411,412,46,45,48
23,173
23,25,46,26,158
23,26,158
23,173,411,45,46,26,158
23,173,411,412,46,26,158
23,25,46,26,263
23,26,263
23,173,411,45,46,26,263
23,173,411,412,46,26,263
23,25,46,45,411
23,25,46,412,411
23,26,46,45,411
23,26,46,412,411
23,173,411
23,25,46,412
23,26,46,412
23,173,411,412
23,25,491
23,26,46,25,491
23,173,411,45,46,25,491
23,173,411,412,46,25,491
23,25,492
23,26,46,25,492
23,173,411,45,46,25,492
23,173,411,412,46,25,492
23,25,46,45,411,412,567
23,25,46,412,567
23,26,46,45,411,412,567
23,26,46,412,567
23,173,411,45,46,412,567
23,173,411,412,567
23,25,46,45,411,412,508
23,25,46,412,508
23,26,46,45,411,412,508
23,26,46,412,508
23,173,411,45,46,412,508
23,173,411,412,508
24,23,25
24,23,26,46,25
24,23,173,411,45,46,25
24,23,173,411,412,46,25
24,23,26
24,23,173,411,45,46,26
24,23,173,411,412,46,26
24,23,25,46,45
24,23,25,46,412,411,45
24,23,26,46,45
24,23,26,46,412,411,45
24,23,173,411,45
24,23,173,411,412,46,45
24,23,25,46
24,23,26,46
24,23,173,411,45,46
24,23,173,411,412,46
24,23,25,46,45,47
24,23,25,46,412,411,45,47
24,23,26,46,45,47
24,23,26,46,412,411,45,47
24,23,173,411,45,47
24,23,173,411,412,46,45,47
24,23,25,46,45,48
24,23,25,46,412,411,45,48
24,23,26,46,45,48
24,23,26,46,412,411,45,48
24,23,173,411,45,48
24,23,173,411,412,46,45,48
24,23,173
24,23,25,46,26,158
24,23,26,158
24,23,173,411,45,46,26,158
24,23,173,411,412,46,26,158
24,23,25,46,26,263
24,23,26,263
24,23,173,411,45,46,26,263
24,23,173,411,412,46,26,263
24,23,25,46,45,411
24,23,25,46,412,411
24,23,26,46,45,411
24,23,26,46,412,411
24,23,173,411
24,23,25,46,412
24,23,26,46,412
24,23,173,411,412
24,23,25,491
24,23,26,46,25,491
24,23,173,411,45,46,25,491
24,23,173,411,412,46,25,491
24,23,25,492
24,23,26,46,25,492
24,23,173,411,45,46,25,492
24,23,173,411,412,46,25,492
24,23,25,46,45,411,412,567
24,23,25,46,412,567
24,23,26,46,45,411,412,567
24,23,26,46,412,567
24,23,173,411,45,46,412,567
24,23,173,411,412,567
24,23,25,46,45,411,412,508
24,23,25,46,412,508
24,23,26,46,45,411,412,508
24,23,26,46,412,508
24,23,173,411,45,46,412,508
24,23,173,411,412,508
25,23,26
25,23,173,411,45,46,26
25,23,173,411,412,46,26
25,46,26
25,23,26,46,45
25,23,26,46,412,411,45
25,23,173,411,45
25,23,173,411,412,46,45
25,46,45
25,46,412,411,45
25,46
25,23,26,46,45,47
25,23,26,46,412,411,45,47
25,23,173,411,45,47
25,23,173,411,412,46,45,47
25,46,45,47
25,46,26,23,173,411,45,47
25,46,412,411,45,47
25,23,26,46,45,48
25,23,26,46,412,411,45,48
25,23,173,411,45,48
25,23,173,411,412,46,45,48
25,46,45,48
25,46,26,23,173,411,45,48
25,46,412,411,45,48
25,23,173
25,46,45,411,173
25,46,26,23,173
25,46,412,411,173
25,23,26,158
25,23,173,411,45,46,26,158
25,23,173,411,412,46,26,158
25,46,26,158
25,23,26,263
25,23,173,411,45,46,26,263
25,23,173,411,412,46,26,263
25,46,26,263
25,23,26,46,45,411
25,23,26,46,412,411
25,23,173,411
25,46,45,411
25,46,26,23,173,411
25,46,412,411
25,23,26,46,412
25,23,173,411,412
25,46,412
25,491
25,492
25,23,26,46,45,411,412,567
25,23,26,46,412,567
25,23,173,411,45,46,412,567
25,23,173,411,412,567
25,46,45,411,412,567
25,46,26,23,173,411,412,567
25,46,412,567
25,23,26,46,45,411,412,508
25,23,26,46,412,508
25,23,173,411,45,46,412,508
25,23,173,411,412,508
25,46,45,411,412,508
25,46,26,23,173,411,412,508
25,46,412,508
26,23,173,411,45
26,23,173,411,412,46,45
26,46,45
26,46,412,411,45
26,46
26,23,173,411,45,47
26,23,173,411,412,46,45,47
26,46,45,47
26,46,412,411,45,47
26,23,173,411,45,48
26,23,173,411,412,46,45,48
26,46,45,48
26,46,412,411,45,48
26,23,173
26,46,45,411,173
26,46,412,411,173
26,158
26,263
26,23,173,411
26,46,45,411
26,46,412,411
26,23,173,411,412
26,46,412
26,23,25,491
26,23,173,411,45,46,25,491
26,23,173,411,412,46,25,491
26,46,25,491
26,23,25,492
26,23,173,411,45,46,25,492
26,23,173,411,412,46,25,492
26,46,25,492
26,23,173,411,45,46,412,567
26,23,173,411,412,567
26,46,45,411,412,567
26,46,412,567
26,23,173,411,45,46,412,508
26,23,173,411,412,508
26,46,45,411,412,508
26,46,412,508
34,35
34,35,383
34,35,384
34,35,385
34,35,386,482,385
34,35,386
34,35,385,482
34,35,386,482
34,35,385,482,513
34,35,386,482,513
35,383
35,384
35,385
35,386,482,385
35,386
35,385,482
35,386,482
35,385,482,513
35,386,482,513
36,37
45,46
45,411,412,46
45,47
45,48
45,46,26,23,173
45,46,25,23,173
45,46,412,411,173
45,411,173
45,46,26,158
45,46,25,23,26,158
45,46,412,411,173,23,26,158
45,411,173,23,26,158
45,411,412,46,26,158
45,411,412,46,25,23,26,158
45,46,26,263
45,46,25,23,26,263
45,46,412,411,173,23,26,263
45,411,173,23,26,263
45,411,412,46,26,263
45,411,412,46,25,23,26,263
45,411
45,46,412
45,411,412
45,46,26,23,25,491
45,46,25,491
45,46,412,411,173,23,25,491
45,411,173,23,25,491
45,411,412,46,26,23,25,491
45,411,412,46,25,491
45,46,26,23,25,492
45,46,25,492
45,46,412,411,173,23,25,492
45,411,173,23,25,492
45,411,412,46,26,23,25,492
45,411,412,46,25,492
45,46,412,567
45,411,412,567
45,46,412,508
45,411,412,508
46,45,47
46,26,23,173,411,45,47
46,25,23,173,411,45,47
46,412,411,45,47
46,45,48
46,26,23,173,411,45,48
46,25,23,173,411,45,48
46,412,411,45,48
46,45,411,173
46,26,23,173
46,25,23,173
46,412,411,173
46,26,158
46,26,263
46,45,411
46,26,23,173,411
46,25,23,173,411
46,412,411
46,412
46,25,491
46,25,492
46,45,411,412,567
46,26,23,173,411,412,567
46,25,23,173,411,412,567
46,412,567
46,45,411,412,508
46,26,23,173,411,412,508
46,25,23,173,411,412,508
46,412,508
47,45,48
47,45,46,26,23,173
47,45,46,25,23,173
47,45,46,412,411,173
47,45,411,173
47,45,46,26,158
47,45,46,25,23,26,158
47,45,46,412,411,173,23,26,158
47,45,411,173,23,25,46,26,158
47,45,411,173,23,26,158
47,45,411,412,46,26,158
47,45,411,412,46,25,23,26,158
47,45,46,26,263
47,45,46,25,23,26,263
47,45,46,412,411,173,23,26,263
47,45,411,173,23,25,46,26,263
47,45,411,173,23,26,263
47,45,411,412,46,26,263
47,45,411,412,46,25,23,26,263
47,45,411
47,45,46,412
47,45,411,412
47,45,46,26,23,25,491
47,45,46,25,491
47,45,46,412,411,173,23,25,491
47,45,411,173,23,25,491
47,45,411,173,23,26,46,25,491
47,45,411,412,46,26,23,25,491
47,45,411,412,46,25,491
47,45,46,26,23,25,492
47,45,46,25,492
47,45,46,412,411,173,23,25,492
47,45,411,173,23,25,492
47,45,411,173,23,26,46,25,492
47,45,411,412,46,26,23,25,492
47,45,411,412,46,25,492
47,45,46,26,23,173,411,412,567
47,45,46,25,23,173,411,412,567
47,45,46,412,567
47,45,411,412,567
47,45,46,26,23,173,411,412,508
47,45,46,25,23,173,411,412,508
47,45,46,412,508
47,45,411,412,508
48,45,46,26,23,173
48,45,46,25,23,173
48,45,46,412,411,173
48,45,411,173
48,45,46,26,158
48,45,46,25,23,26,158
48,45,46,412,411,173,23,26,158
48,45,411,173,23,25,46,26,158
48,45,411,173,23,26,158
48,45,411,412,46,26,158
48,45,411,412,46,25,23,26,158
48,45,46,26,263
48,45,46,25,23,26,263
48,45,46,412,411,173,23,26,263
48,45,411,173,23,25,46,26,263
48,45,411,173,23,26,263
48,45,411,412,46,26,263
48,45,411,412,46,25,23,26,263
48,45,411
48,45,46,412
48,45,411,412
48,45,46,26,23,25,491
48,45,46,25,491
48,45,46,412,411,173,23,25,491
48,45,411,173,23,25,491
48,45,411,173,23,26,46,25,491
48,45,411,412,46,26,23,25,491
48,45,411,412,46,25,491
48,45,46,26,23,25,492
48,45,46,25,492
48,45,46,412,411,173,23,25,492
48,45,411,173,23,25,492
48,45,411,173,23,26,46,25,492
48,45,411,412,46,26,23,25,492
48,45,411,412,46,25,492
48,45,46,26,23,173,411,412,567
48,45,46,25,23,173,411,412,567
48,45,46,412,567
48,45,411,412,567
48,45,46,26,23,173,411,412,508
48,45,46,25,23,173,411,412,508
48,45,46,412,508
48,45,411,412,508
68,69
68,69,115
68,69,560
69,115
69,560
70,71
70,71,182
71,182
95,96
95,96,94,107
95,96,107
95,96,94
96,94,107
96,107
96,94
100,101
107,94
115,69,560
129,130
129,130,262,261
129,130,262
130,262,261
130,262
150,151
150,29
150,11
150,152
150,153
150,154
150,63
151,150,29
151,150,11
151,150,152
151,150,153
151,150,154
151,150,63
29,150,11
29,150,152
29,150,153
29,150,154
29,150,63
11,150,152
11,150,153
11,150,154
11,150,63
152,150,153
152,150,154
152,150,63
153,150,154
153,150,63
154,150,63
173,23,25,46,26,158
173,23,26,158
173,411,45,46,26,158
173,411,412,46,26,158
173,23,25,46,26,263
173,23,26,263
173,411,45,46,26,263
173,411,412,46,26,263
173,411
173,23,25,46,412
173,23,26,46,412
173,411,412
173,23,25,491
173,23,26,46,25,491
173,411,45,46,25,491
173,411,412,46,25,491
173,23,25,492
173,23,26,46,25,492
173,411,45,46,25,492
173,411,412,46,25,492
173,23,25,46,412,567
173,23,26,46,412,567
173,411,45,46,412,567
173,411,412,567
173,23,25,46,412,508
173,23,26,46,412,508
173,411,45,46,412,508
173,411,412,508
176,177
176,135
176,5
176,178
176,179
176,179,348
176,177,487
176,135,622
176,178,860
176,5,902
177,176,135
177,176,5
177,176,178
177,176,179
177,176,179,348
177,487
177,176,135,622
177,176,178,860
177,176,5,902
135,176,5
135,176,178
135,176,179
135,176,179,348
135,176,177,487
135,622
135,176,178,860
135,176,5,902
5,176,178
5,176,179
5,176,179,348
5,176,177,487
5,176,135,622
5,176,178,860
5,902
178,176,179
178,176,179,348
178,176,177,487
178,176,135,622
178,860
178,176,5,902
179,348
179,176,177,487
179,176,135,622
179,176,178,860
179,176,5,902
198,199
198,200
198,201
198,202
198,203
198,204
198,199,223
198,204,665
198,199,223,728
199,198,200
199,198,201
199,198,202
199,198,203
199,198,204
199,223
199,198,204,665
199,223,728
200,198,201
200,198,202
200,198,203
200,198,204
200,198,199,223
200,198,204,665
200,198,199,223,728
201,198,202
201,198,203
201,198,204
201,198,199,223
201,198,204,665
201,198,199,223,728
202,198,203
202,198,204
202,198,199,223
202,198,204,665
202,198,199,223,728
203,198,204
203,198,199,223
203,198,204,665
203,198,199,223,728
204,198,199,223
204,665
204,198,199,223,728
223,199,198,204,665
223,728
233,234
233,235,343,234
233,236,343,234
233,342,343,234
233,235
233,236,343,235
233,342,343,235
233,236
233,342,343,236
233,342
233,234,343
233,235,343
233,236,343
233,342,343
233,234,343,676
233,235,343,676
233,236,343,676
233,342,343,676
233,234,343,676,704
233,235,343,676,704
233,236,343,676,704
233,342,343,676,704
233,234,343,676,704,705
233,235,343,676,704,705
233,236,343,676,704,705
233,342,343,676,704,705
233,234,343,676,704,705,301
233,235,343,676,704,705,301
233,236,343,676,704,705,301
233,342,343,676,704,705,301
234,233,235
234,233,236,343,235
234,233,342,343,235
234,343,235
234,233,236
234,233,342,343,236
234,343,236
234,233,342
234,343,342
234,343
234,233,235,343,676
234,233,236,343,676
234,233,342,343,676
234,343,676
234,233,235,343,676,704
234,233,236,343,676,704
234,233,342,343,676,704
234,343,676,704
234,233,235,343,676,704,705
234,233,236,343,676,704,705
234,233,342,343,676,704,705
234,343,676,704,705
234,233,235,343,676,704,705,301
234,233,236,343,676,704,705,301
234,233,342,343,676,704,705,301
234,343,676,704,705,301
235,233,236
235,233,342,343,236
235,343,236
235,233,342
235,343,342
235,343
235,233,236,343,676
235,233,342,343,676
235,343,676
235,233,236,343,676,704
235,233,342,343,676,704
235,343,676,704
235,233,236,343,676,704,705
235,233,342,343,676,704,705
235,343,676,704,705
235,233,236,343,676,704,705,301
235,233,342,343,676,704,705,301
235,343,676,704,705,301
236,233,342
236,343,342
236,343
236,233,342,343,676
236,343,676
236,233,342,343,676,704
236,343,676,704
236,233,342,343,676,704,705
236,343,676,704,705
236,233,342,343,676,704,705,301
236,343,676,704,705,301
240,241
240,241,465,464
240,241,465
241,465,464
241,465
261,262
265,104
277,218
277,218,360
218,360
283,284
313,314
334,335
158,26,263
158,26,23,25,46,45,411
158,26,23,25,46,412,411
158,26,23,173,411
158,26,46,45,411
158,26,46,25,23,173,411
158,26,46,412,411
158,26,23,25,46,412
158,26,23,173,411,412
158,26,46,412
158,26,23,25,491
158,26,23,173,411,45,46,25,491
158,26,23,173,411,412,46,25,491
158,26,46,25,491
158,26,23,25,492
158,26,23,173,411,45,46,25,492
158,26,23,173,411,412,46,25,492
158,26,46,25,492
158,26,23,25,46,45,411,412,567
158,26,23,25,46,412,567
158,26,23,173,411,45,46,412,567
158,26,23,173,411,412,567
158,26,46,45,411,412,567
158,26,46,25,23,173,411,412,567
158,26,46,412,567
158,26,23,25,46,45,411,412,508
158,26,23,25,46,412,508
158,26,23,173,411,45,46,412,508
158,26,23,173,411,412,508
158,26,46,45,411,412,508
158,26,46,25,23,173,411,412,508
158,26,46,412,508
263,26,23,25,46,45,411
263,26,23,25,46,412,411
263,26,23,173,411
263,26,46,45,411
263,26,46,25,23,173,411
263,26,46,412,411
263,26,23,25,46,412
263,26,23,173,411,412
263,26,46,412
263,26,23,25,491
263,26,23,173,411,45,46,25,491
263,26,23,173,411,412,46,25,491
263,26,46,25,491
263,26,23,25,492
263,26,23,173,411,45,46,25,492
263,26,23,173,411,412,46,25,492
263,26,46,25,492
263,26,23,25,46,45,411,412,567
263,26,23,25,46,412,567
263,26,23,173,411,45,46,412,567
263,26,23,173,411,412,567
263,26,46,45,411,412,567
263,26,46,25,23,173,411,412,567
263,26,46,412,567
263,26,23,25,46,45,411,412,508
263,26,23,25,46,412,508
263,26,23,173,411,45,46,412,508
263,26,23,173,411,412,508
263,26,46,45,411,412,508
263,26,46,25,23,173,411,412,508
263,26,46,412,508
340,341
342,343
342,343,676
342,343,676,704
342,343,676,704,705
342,343,676,704,705,301
343,676
343,676,704
343,676,704,705
343,676,704,705,301
348,179,176,177,487
348,179,176,135,622
348,179,176,178,860
348,179,176,5,902
374,375
383,35,384
383,35,385
383,35,386,482,385
383,35,386
383,35,385,482
383,35,386,482
383,35,385,482,513
383,35,386,482,513
384,35,385
384,35,386,482,385
384,35,386
384,35,385,482
384,35,386,482
384,35,385,482,513
384,35,386,482,513
385,35,386
385,482,386
385,482
385,35,386,482,513
385,482,513
386,482
386,482,513
388,389
391,371
395,396
411,412
411,173,23,25,491
411,173,23,26,46,25,491
411,45,46,26,23,25,491
411,45,46,25,491
411,412,46,26,23,25,491
411,412,46,25,491
411,173,23,25,492
411,173,23,26,46,25,492
411,45,46,26,23,25,492
411,45,46,25,492
411,412,46,26,23,25,492
411,412,46,25,492
411,412,567
411,412,508
412,411,173,23,25,491
412,46,26,23,25,491
412,46,25,491
412,411,173,23,25,492
412,46,26,23,25,492
412,46,25,492
412,567
412,508
427,428
427,429
427,270
428,427,429
428,427,270
429,427,270
455,456
464,465
479,480
479,480,591
480,591
482,513
487,177,176,135,622
487,177,176,178,860
487,177,176,5,902
491,25,492
491,25,23,26,46,45,411,412,567
491,25,23,26,46,412,567
491,25,23,173,411,45,46,412,567
491,25,23,173,411,412,567
491,25,46,45,411,412,567
491,25,46,26,23,173,411,412,567
491,25,46,412,567
491,25,23,26,46,45,411,412,508
491,25,23,26,46,412,508
491,25,23,173,411,45,46,412,508
491,25,23,173,411,412,508
491,25,46,45,411,412,508
491,25,46,26,23,173,411,412,508
491,25,46,412,508
492,25,23,26,46,45,411,412,567
492,25,23,26,46,412,567
492,25,23,173,411,45,46,412,567
492,25,23,173,411,412,567
492,25,46,45,411,412,567
492,25,46,26,23,173,411,412,567
492,25,46,412,567
492,25,23,26,46,45,411,412,508
492,25,23,26,46,412,508
492,25,23,173,411,45,46,412,508
492,25,23,173,411,412,508
492,25,46,45,411,412,508
492,25,46,26,23,173,411,412,508
492,25,46,412,508
502,503
502,504
503,502,504
519,520
566,209
567,412,508
596,597
598,599
622,135,176,178,860
622,135,176,5,902
665,204,198,199,223,728
676,704
676,704,705
676,704,705,301
704,705
704,705,301
705,301
714,515
735,394
783,614
794,17
810,438
814,815
859,43
860,178,176,5,902
899,670
927,149
936,568
