6,7
6,7,23
6,7,25,23
6,7,24
6,7,25
7,23
7,25,23
7,24
7,25
16,17
16,237,223,222,70,17
16,237,70,17
16,17,70,222,21,20
16,17,70,237,223,222,21,20
16,237,223,222,21,20
16,237,70,222,21,20
16,17,70,222,21
16,17,70,237,223,222,21
16,237,223,222,21
16,237,70,222,21
16,17,70
16,237,223,222,70
16,237,70
16,17,70,71
16,237,223,222,70,71
16,237,70,71
16,115
16,174
16,17,70,222,21,186
16,17,70,237,223,222,21,186
16,237,223,222,21,186
16,237,70,222,21,186
16,17,70,222,21,191
16,17,70,237,223,222,21,191
16,237,223,222,21,191
16,237,70,222,21,191
16,17,70,222
16,237,223,222
16,237,70,222
16,17,70,222,223
16,17,70,237,223
16,237,223
16,237
16,17,70,222,223,238
16,17,70,237,223,238
16,237,223,238
16,237,70,222,223,238
16,17,70,222,286
16,17,70,237,223,222,286
16,237,223,222,286
16,237,70,222,286
16,17,70,222,286,287
16,17,70,237,223,222,286,287
16,237,223,222,286,287
16,237,70,222,286,287
16,17,70,222,286,254
16,17,70,237,223,222,286,254
16,237,223,222,286,254
16,237,70,222,286,254
16,17,70,222,286,287,275
16,17,70,237,223,222,286,287,275
16,237,223,222,286,287,275
16,237,70,222,286,287,275
16,17,70,222,223,237,309
16,17,70,237,309
16,237,309
16,17,70,313,312
16,237,223,222,70,313,312
16,237,70,313,312
16,17,70,313,312,175
16,237,223,222,70,313,312,175
16,237,70,313,312,175
16,17,70,313
16,237,223,222,70,313
16,237,70,313
17,16,237,223,222,21,20
17,16,237,70,222,21,20
17,70,222,21,20
17,70,237,223,222,21,20
17,16,237,223,222,21
17,16,237,70,222,21
17,70,222,21
17,70,237,223,222,21
17,70
17,16,237,223,222,70,71
17,16,237,70,71
17,70,71
17,16,115
17,70,222,223,237,16,115
17,70,237,16,115
17,16,174
17,70,222,223,237,16,174
17,70,237,16,174
17,16,237,223,222,21,186
17,16,237,70,222,21,186
17,70,222,21,186
17,70,237,223,222,21,186
17,16,237,223,222,21,191
17,16,237,70,222,21,191
17,70,222,21,191
17,70,237,223,222,21,191
17,16,237,223,222
17,16,237,70,222
17,70,222
17,70,237,223,222
17,16,237,223
17,70,222,223
17,70,237,223
17,16,237
17,70,237
17,16,237,223,238
17,16,237,70,222,223,238
17,70,222,223,238
17,70,237,223,238
17,16,237,223,222,286
17,16,237,70,222,286
17,70,222,286
17,70,237,223,222,286
17,16,237,223,222,286,287
17,16,237,70,222,286,287
17,70,222,286,287
17,70,237,223,222,286,287
17,16,237,223,222,286,254
17,16,237,70,222,286,254
17,70,222,286,254
17,70,237,223,222,286,254
17,16,237,223,222,286,287,275
17,16,237,70,222,286,287,275
17,70,222,286,287,275
17,70,237,223,222,286,287,275
17,16,237,309
17,70,222,223,237,309
17,70,237,309
17,16,237,223,222,70,313,312
17,16,237,70,313,312
17,70,313,312
17,16,237,223,222,70,313,312,175
17,16,237,70,313,312,175
17,70,313,312,175
17,16,237,223,222,70,313
17,16,237,70,313
17,70,313
20,21
20,21,222,70
20,21,222,223,237,70
20,21,222,70,71
20,21,222,223,237,70,71
20,21,222,223,237,16,17,70,71
20,21,222,70,237,16,115
20,21,222,70,17,16,115
20,21,222,223,237,70,17,16,115
20,21,222,223,237,16,115
20,21,222,70,237,16,174
20,21,222,70,17,16,174
20,21,222,223,237,70,17,16,174
20,21,222,223,237,16,174
20,21,186
20,21,191
20,21,222
20,21,222,223
20,21,222,70,237
20,21,222,223,237
20,21,222,70,237,223,238
20,21,222,70,17,16,237,223,238
20,21,222,223,238
20,21,222,286
20,21,222,286,287
20,21,222,286,254
20,21,222,286,287,275
20,21,222,70,237,309
20,21,222,70,17,16,237,309
20,21,222,223,237,309
20,21,222,70,313,312
20,21,222,223,237,70,313,312
20,21,222,223,237,16,17,70,313,312
20,21,222,70,313,312,175
20,21,222,223,237,70,313,312,175
20,21,222,223,237,16,17,70,313,312,175
20,21,222,70,313
20,21,222,223,237,70,313
20,21,222,223,237,16,17,70,313
21,222,70
21,222,223,237,70
21,222,70,71
21,222,223,237,70,71
21,222,223,237,16,17,70,71
21,222,70,237,16,115
21,222,70,17,16,115
21,222,223,237,70,17,16,115
21,222,223,237,16,115
21,222,70,237,16,174
21,222,70,17,16,174
21,222,223,237,70,17,16,174
21,222,223,237,16,174
21,186
21,191
21,222
21,222,223
21,222,70,237
21,222,223,237
21,222,70,237,223,238
21,222,70,17,16,237,223,238
21,222,223,238
21,222,286
21,222,286,287
21,222,286,254
21,222,286,287,275
21,222,70,237,309
21,222,70,17,16,237,309
21,222,223,237,309
21,222,70,313,312
21,222,223,237,70,313,312
21,222,223,237,16,17,70,313,312
21,222,70,313,312,175
21,222,223,237,70,313,312,175
21,222,223,237,16,17,70,313,312,175
21,222,70,313
21,222,223,237,70,313
21,222,223,237,16,17,70,313
23,7,24
23,25,7,24
23,25
24,7,25
27,28
27,28,200,199
27,28,200
28,200,199
28,200
31,32
31,32,2
31,168
32,2
32,31,168
33,34
33,34,119
33,34,61
33,34,292
34,119
34,61
34,292
40,41
40,41,46
40,41,325,48,46
40,41,46,47
40,41,325,48,46,47
40,41,46,48
40,41,325,48
40,41,325
40,41,46,48,325,300
40,41,325,300
40,41,46,48,325,258
40,41,325,258
41,46
41,325,48,46
41,46,47
41,325,48,46,47
41,46,48
41,325,48
41,325
41,46,48,325,300
41,325,300
41,46,48,325,258
41,325,258
46,47
46,48
46,41,325
46,48,325
46,41,325,300
46,48,325,300
46,41,325,258
46,48,325,258
47,46,48
47,46,41,325
47,46,48,325
47,46,41,325,300
47,46,48,325,300
47,46,41,325,258
47,46,48,325,258
48,325
48,325,300
48,325,258
49,50
49,120,124,50
49,50,124,120,72
49,120,72
49,50,124,120,72,73
49,120,72,73
49,50,124,120,122,293,107,106
49,120,122,293,107,106
49,50,124,120,122,293,107
49,120,122,293,107
49,50,124,120,122,293,107,106,108
49,120,122,293,107,106,108
49,120
49,50,124,120,121
49,50,124,120,123,121
49,120,121
49,120,123,121
49,50,124,120,122
49,120,122
49,50,124,120,123
49,120,123
49,50,124
49,120,124
49,50,124,120,125
49,120,125
49,50,124,120,43
49,120,43
49,50,124,120,15
49,120,15
49,50,124,120,126
49,120,126
49,50,124,120,85
49,120,85
49,50,124,120,127
49,120,127
49,50,124,120,15,145
49,120,15,145
49,50,124,120,125,184
49,120,125,184
49,50,124,120,125,184,248
49,120,125,184,248
49,50,124,120,125,184,248,44
49,120,125,184,248,44
49,50,124,120,121,251
49,50,124,120,123,121,251
49,120,121,251
49,120,123,121,251
49,50,124,120,122,293
49,120,122,293
49,50,124,120,122,293,203
49,120,122,293,203
49,50,124,120,122,293,107,324
49,120,122,293,107,324
50,49,120,72
50,124,120,72
50,49,120,72,73
50,124,120,72,73
50,49,120,122,293,107,106
50,124,120,122,293,107,106
50,49,120,122,293,107
50,124,120,122,293,107
50,49,120,122,293,107,106,108
50,124,120,122,293,107,106,108
50,49,120
50,124,120
50,49,120,121
50,49,120,123,121
50,124,120,121
50,124,120,123,121
50,49,120,122
50,124,120,122
50,49,120,123
50,124,120,123
50,124
50,49,120,125
50,124,120,125
50,49,120,43
50,124,120,43
50,49,120,15
50,124,120,15
50,49,120,126
50,124,120,126
50,49,120,85
50,124,120,85
50,49,120,127
50,124,120,127
50,49,120,15,145
50,124,120,15,145
50,49,120,125,184
50,124,120,125,184
50,49,120,125,184,248
50,124,120,125,184,248
50,49,120,125,184,248,44
50,124,120,125,184,248,44
50,49,120,121,251
50,49,120,123,121,251
50,124,120,121,251
50,124,120,123,121,251
50,49,120,122,293
50,124,120,122,293
50,49,120,122,293,203
50,124,120,122,293,203
50,49,120,122,293,107,324
50,124,120,122,293,107,324
51,52
51,52,198,83,82
51,52,234,82
51,52,198,83
51,52,234,82,83
51,52,198,68,91
51,52,234,82,83,198,68,91
51,52,198,68
51,52,234,82,83,198,68
51,52,198
51,52,234,82,83,198
51,52,234
51,52,198,68,263
51,52,234,82,83,198,68,263
52,198,83,82
52,234,82
52,198,83
52,234,82,83
52,198,68,91
52,234,82,83,198,68,91
52,198,68
52,234,82,83,198,68
52,198
52,234,82,83,198
52,234
52,198,68,263
52,234,82,83,198,68,263
56,57
56,58,159,57
56,58,241,57
56,58
56,109
56,57,159
56,57,241,58,159
56,58,159
56,57,159,160
56,57,241,58,159,160
56,58,159,160
56,57,159,160,161
56,57,241,58,159,160,161
56,58,159,160,161
56,57,159,58,241,240
56,57,241,240
56,58,241,240
56,57,241
56,58,241
57,56,58
57,159,58
57,241,58
57,56,109
57,159,58,56,109
57,241,58,56,109
57,159
57,241,58,159
57,56,58,159,160
57,159,160
57,241,58,159,160
57,56,58,159,160,161
57,159,160,161
57,241,58,159,160,161
57,56,58,241,240
57,159,58,241,240
57,241,240
57,241
58,56,109
58,159
58,159,160
58,159,160,161
58,241,240
58,241
63,64
63,64,246
64,246
70,71
70,222,223,237,16,115
70,237,16,115
70,17,16,115
70,222,223,237,16,174
70,237,16,174
70,17,16,174
70,222,21,186
70,237,223,222,21,186
70,222,21,191
70,237,223,222,21,191
70,222
70,237,223,222
70,222,223
70,237,223
70,237
70,222,223,238
70,237,223,238
70,222,286
70,237,223,222,286
70,222,286,287
70,237,223,222,286,287
70,222,286,254
70,237,223,222,286,254
70,222,286,287,275
70,237,223,222,286,287,275
70,222,223,237,309
70,237,309
70,313,312
70,313,312,175
70,313
71,70,222,223,237,16,115
71,70,237,16,115
71,70,17,16,115
71,70,222,223,237,16,174
71,70,237,16,174
71,70,17,16,174
71,70,222,21,186
71,70,237,223,222,21,186
71,70,17,16,237,223,222,21,186
71,70,222,21,191
71,70,237,223,222,21,191
71,70,17,16,237,223,222,21,191
71,70,222
71,70,237,223,222
71,70,222,223
71,70,237,223
71,70,17,16,237,223
71,70,237
71,70,222,223,238
71,70,237,223,238
71,70,17,16,237,223,238
71,70,222,286
71,70,237,223,222,286
71,70,17,16,237,223,222,286
71,70,222,286,287
71,70,237,223,222,286,287
71,70,17,16,237,223,222,286,287
71,70,222,286,254
71,70,237,223,222,286,254
71,70,17,16,237,223,222,286,254
71,70,222,286,287,275
71,70,237,223,222,286,287,275
71,70,17,16,237,223,222,286,287,275
71,70,222,223,237,309
71,70,237,309
71,70,17,16,237,309
71,70,313,312
71,70,313,312,175
71,70,313
72,73
72,120,122,293,107,106
72,120,122,293,107
72,120,122,293,107,106,108
72,120
72,120,121
72,120,123,121
72,120,122
72,120,123
72,120,124
72,120,125
72,120,43
72,120,15
72,120,126
72,120,85
72,120,127
72,120,15,145
72,120,125,184
72,120,125,184,248
72,120,125,184,248,44
72,120,121,251
72,120,123,121,251
72,120,122,293
72,120,122,293,203
72,120,122,293,107,324
73,72,120,122,293,107,106
73,72,120,122,293,107
73,72,120,122,293,107,106,108
73,72,120
73,72,120,121
73,72,120,123,121
73,72,120,122
73,72,120,123
73,72,120,124
73,72,120,125
73,72,120,43
73,72,120,15
73,72,120,126
73,72,120,85
73,72,120,127
73,72,120,15,145
73,72,120,125,184
73,72,120,125,184,248
73,72,120,125,184,248,44
73,72,120,121,251
73,72,120,123,121,251
73,72,120,122,293
73,72,120,122,293,203
73,72,120,122,293,107,324
82,83
82,83,198,68,91
82,234,52,198,68,91
82,83,198,68
82,234,52,198,68
82,83,198
82,234,52,198
82,234
82,83,198,68,263
82,234,52,198,68,263
83,198,68,91
83,198,68
83,198
83,82,234
83,198,52,234
83,198,68,263
88,89
88,90
88,90,39
88,89,131
88,89,228
88,89,139
89,88,90
89,88,90,39
89,131
89,228
89,139
90,39
90,88,89,131
90,88,89,228
90,88,89,139
39,90,88,89,131
39,90,88,89,228
39,90,88,89,139
91,68
91,68,198
91,68,198,83,82,234
91,68,198,52,234
91,68,263
68,198
68,198,83,82,234
68,198,52,234
68,263
93,94
98,99
101,102
104,105
104,105,271
104,105,185
104,105,265
105,271
105,185
105,265
106,107
106,108
106,107,293,122,120
106,107,293,122,120,121
106,107,293,122,120,123,121
106,107,293,122
106,107,293,122,120,123
106,107,293,122,120,124
106,107,293,122,120,125
106,107,293,122,120,43
106,107,293,122,120,15
106,107,293,122,120,126
106,107,293,122,120,85
106,107,293,122,120,127
106,107,293,122,120,15,145
106,107,293,122,120,125,184
106,107,293,122,120,125,184,248
106,107,293,122,120,125,184,248,44
106,107,293,122,120,121,251
106,107,293,122,120,123,121,251
106,107,293
106,107,293,203
106,107,324
107,106,108
107,293,122,120
107,293,122,120,121
107,293,122,120,123,121
107,293,122
107,293,122,120,123
107,293,122,120,124
107,293,122,120,125
107,293,122,120,43
107,293,122,120,15
107,293,122,120,126
107,293,122,120,85
107,293,122,120,127
107,293,122,120,15,145
107,293,122,120,125,184
107,293,122,120,125,184,248
107,293,122,120,125,184,248,44
107,293,122,120,121,251
107,293,122,120,123,121,251
107,293
107,293,203
107,324
108,106,107,293,122,120
108,106,107,293,122,120,121
108,106,107,293,122,120,123,121
108,106,107,293,122
108,106,107,293,122,120,123
108,106,107,293,122,120,124
108,106,107,293,122,120,125
108,106,107,293,122,120,43
108,106,107,293,122,120,15
108,106,107,293,122,120,126
108,106,107,293,122,120,85
108,106,107,293,122,120,127
108,106,107,293,122,120,15,145
108,106,107,293,122,120,125,184
108,106,107,293,122,120,125,184,248
108,106,107,293,122,120,125,184,248,44
108,106,107,293,122,120,121,251
108,106,107,293,122,120,123,121,251
108,106,107,293
108,106,107,293,203
108,106,107,324
109,56,57,159
109,56,57,241,58,159
109,56,58,159
109,56,57,159,160
109,56,57,241,58,159,160
109,56,58,159,160
109,56,57,159,160,161
109,56,57,241,58,159,160,161
109,56,58,159,160,161
109,56,57,159,58,241,240
109,56,57,241,240
109,56,58,241,240
109,56,57,241
109,56,58,241
111,112
111,264
111,264,14
112,111,264
112,111,264,14
115,16,174
115,16,17,70,222,21,186
115,16,17,70,237,223,222,21,186
115,16,237,223,222,21,186
115,16,237,70,222,21,186
115,16,17,70,222,21,191
115,16,17,70,237,223,222,21,191
115,16,237,223,222,21,191
115,16,237,70,222,21,191
115,16,17,70,222
115,16,237,223,222
115,16,237,70,222
115,16,17,70,222,223
115,16,17,70,237,223
115,16,237,223
115,16,237
115,16,17,70,222,223,238
115,16,17,70,237,223,238
115,16,237,223,238
115,16,237,70,222,223,238
115,16,17,70,222,286
115,16,17,70,237,223,222,286
115,16,237,223,222,286
115,16,237,70,222,286
115,16,17,70,222,286,287
115,16,17,70,237,223,222,286,287
115,16,237,223,222,286,287
115,16,237,70,222,286,287
115,16,17,70,222,286,254
115,16,17,70,237,223,222,286,254
115,16,237,223,222,286,254
115,16,237,70,222,286,254
115,16,17,70,222,286,287,275
115,16,17,70,237,223,222,286,287,275
115,16,237,223,222,286,287,275
115,16,237,70,222,286,287,275
115,16,17,70,222,223,237,309
115,16,17,70,237,309
115,16,237,309
115,16,17,70,313,312
115,16,237,223,222,70,313,312
115,16,237,70,313,312
115,16,17,70,313,312,175
115,16,237,223,222,70,313,312,175
115,16,237,70,313,312,175
115,16,17,70,313
115,16,237,223,222,70,313
115,16,237,70,313
119,34,61
119,34,292
120,121
120,123,121
120,122
120,123
120,124
120,125
120,43
120,15
120,126
120,85
120,127
120,15,145
120,125,184
120,125,184,248
120,125,184,248,44
120,121,251
120,123,121,251
120,122,293
120,122,293,203
120,122,293,107,324
121,120,122
121,123,120,122
121,123
121,120,124
121,123,120,124
121,120,125
121,123,120,125
121,120,43
121,123,120,43
121,120,15
121,123,120,15
121,120,126
121,123,120,126
121,120,85
121,123,120,85
121,120,127
121,123,120,127
121,120,15,145
121,123,120,15,145
121,120,125,184
121,123,120,125,184
121,120,125,184,248
121,123,120,125,184,248
121,120,125,184,248,44
121,123,120,125,184,248,44
121,251
121,120,122,293
121,123,120,122,293
121,120,122,293,203
121,123,120,122,293,203
121,120,122,293,107,324
121,123,120,122,293,107,324
122,120,123
122,120,124
122,120,125
122,120,43
122,120,15
122,120,126
122,120,85
122,120,127
122,120,15,145
122,120,125,184
122,120,125,184,248
122,120,125,184,248,44
122,120,121,251
122,120,123,121,251
122,293
122,293,203
122,293,107,324
123,120,124
123,120,125
123,120,43
123,120,15
123,120,126
123,120,85
123,120,127
123,120,15,145
123,120,125,184
123,120,125,184,248
123,120,125,184,248,44
123,121,251
123,120,122,293
123,120,122,293,203
123,120,122,293,107,324
124,120,125
124,120,43
124,120,15
124,120,126
124,120,85
124,120,127
124,120,15,145
124,120,125,184
124,120,125,184,248
124,120,125,184,248,44
124,120,121,251
124,120,123,121,251
124,120,122,293
124,120,122,293,203
124,120,122,293,107,324
125,120,43
125,120,15
125,120,126
125,120,85
125,120,127
125,120,15,145
125,184
125,184,248
125,184,248,44
125,120,121,251
125,120,123,121,251
125,120,122,293
125,120,122,293,203
125,120,122,293,107,324
43,120,15
43,120,126
43,120,85
43,120,127
43,120,15,145
43,120,125,184
43,120,125,184,248
43,120,125,184,248,44
43,120,121,251
43,120,123,121,251
43,120,122,293
43,120,122,293,203
43,120,122,293,107,324
15,120,126
15,120,85
15,120,127
15,145
15,120,125,184
15,120,125,184,248
15,120,125,184,248,44
15,120,121,251
15,120,123,121,251
15,120,122,293
15,120,122,293,203
15,120,122,293,107,324
126,120,85
126,120,127
126,120,15,145
126,120,125,184
126,120,125,184,248
126,120,125,184,248,44
126,120,121,251
126,120,123,121,251
126,120,122,293
126,120,122,293,203
126,120,122,293,107,324
85,120,127
85,120,15,145
85,120,125,184
85,120,125,184,248
85,120,125,184,248,44
85,120,121,251
85,120,123,121,251
85,120,122,293
85,120,122,293,203
85,120,122,293,107,324
127,120,15,145
127,120,125,184
127,120,125,184,248
127,120,125,184,248,44
127,120,121,251
127,120,123,121,251
127,120,122,293
127,120,122,293,203
127,120,122,293,107,324
129,130
131,89,228
131,89,139
136,137
136,137,201
137,201
138,76
138,76,195
76,195
142,143
2,32,31,168
145,15,120,125,184
145,15,120,125,184,248
145,15,120,125,184,248,44
145,15,120,121,251
145,15,120,123,121,251
145,15,120,122,293
145,15,120,122,293,203
145,15,120,122,293,107,324
153,154
153,155
153,155,247
153,155,247,177
153,155,247,30
153,155,247,55
153,155,295
153,155,296
154,153,155
154,153,155,247
154,153,155,247,177
154,153,155,247,30
154,153,155,247,55
154,153,155,295
154,153,155,296
155,247
155,247,177
155,247,30
155,247,55
155,295
155,296
159,160
159,160,161
159,57,241,240
159,58,241,240
159,57,241
159,58,241
160,161
160,159,57,56,58,241,240
160,159,57,241,240
160,159,58,241,240
160,159,57,241
160,159,58,241
161,160,159,57,56,58,241,240
161,160,159,57,241,240
161,160,159,58,241,240
161,160,159,57,241
161,160,159,58,241
163,164
172,151
172,244,243
172,244
172,244,74
151,172,244,243
151,172,244
151,172,244,74
174,16,17,70,222,21,186
174,16,17,70,237,223,222,21,186
174,16,237,223,222,21,186
174,16,237,70,222,21,186
174,16,17,70,222,21,191
174,16,17,70,237,223,222,21,191
174,16,237,223,222,21,191
174,16,237,70,222,21,191
174,16,17,70,222
174,16,237,223,222
174,16,237,70,222
174,16,17,70,222,223
174,16,17,70,237,223
174,16,237,223
174,16,237
174,16,17,70,222,223,238
174,16,17,70,237,223,238
174,16,237,223,238
174,16,237,70,222,223,238
174,16,17,70,222,286
174,16,17,70,237,223,222,286
174,16,237,223,222,286
174,16,237,70,222,286
174,16,17,70,222,286,287
174,16,17,70,237,223,222,286,287
174,16,237,223,222,286,287
174,16,237,70,222,286,287
174,16,17,70,222,286,254
174,16,17,70,237,223,222,286,254
174,16,237,223,222,286,254
174,16,237,70,222,286,254
174,16,17,70,222,286,287,275
174,16,17,70,237,223,222,286,287,275
174,16,237,223,222,286,287,275
174,16,237,70,222,286,287,275
174,16,17,70,222,223,237,309
174,16,17,70,237,309
174,16,237,309
174,16,17,70,313,312
174,16,237,223,222,70,313,312
174,16,237,70,313,312
174,16,17,70,313,312,175
174,16,237,223,222,70,313,312,175
174,16,237,70,313,312,175
174,16,17,70,313
174,16,237,223,222,70,313
174,16,237,70,313
181,81
181,81,261
181,81,282
81,261
81,282
184,248
184,248,44
184,125,120,121,251
184,125,120,123,121,251
184,125,120,122,293
184,125,120,122,293,203
184,125,120,122,293,107,324
186,21,191
186,21,222
186,21,222,223
186,21,222,70,237
186,21,222,223,237
186,21,222,70,237,223,238
186,21,222,70,17,16,237,223,238
186,21,222,223,238
186,21,222,286
186,21,222,286,287
186,21,222,286,254
186,21,222,286,287,275
186,21,222,70,237,309
186,21,222,70,17,16,237,309
186,21,222,223,237,309
186,21,222,70,313,312
186,21,222,223,237,70,313,312
186,21,222,223,237,16,17,70,313,312
186,21,222,70,313,312,175
186,21,222,223,237,70,313,312,175
186,21,222,223,237,16,17,70,313,312,175
186,21,222,70,313
186,21,222,223,237,70,313
186,21,222,223,237,16,17,70,313
191,21,222
191,21,222,223
191,21,222,70,237
191,21,222,223,237
191,21,222,70,237,223,238
191,21,222,70,17,16,237,223,238
191,21,222,223,238
191,21,222,286
191,21,222,286,287
191,21,222,286,254
191,21,222,286,287,275
191,21,222,70,237,309
191,21,222,70,17,16,237,309
191,21,222,223,237,309
191,21,222,70,313,312
191,21,222,223,237,70,313,312
191,21,222,223,237,16,17,70,313,312
191,21,222,70,313,312,175
191,21,222,223,237,70,313,312,175
191,21,222,223,237,16,17,70,313,312,175
191,21,222,70,313
191,21,222,223,237,70,313
191,21,222,223,237,16,17,70,313
198,83,82,234
198,52,234
198,68,263
199,200
207,62
222,223
222,70,237
222,223,237
222,70,237,223,238
222,223,238
222,286
222,286,287
222,286,254
222,286,287,275
222,70,237,309
222,70,17,16,237,309
222,223,237,309
222,70,313,312
222,223,237,70,313,312
222,70,313,312,175
222,223,237,70,313,312,175
222,70,313
222,223,237,70,313
223,237
223,238
223,222,286
223,222,286,287
223,222,286,254
223,222,286,287,275
223,237,309
223,222,70,313,312
223,237,70,313,312
223,237,16,17,70,313,312
223,222,70,313,312,175
223,237,70,313,312,175
223,237,16,17,70,313,312,175
223,222,70,313
223,237,70,313
223,237,16,17,70,313
228,89,139
234,82,83,198,68,263
234,52,198,68,263
235,236
237,223,238
237,223,222,286
237,70,222,286
237,223,222,286,287
237,70,222,286,287
237,223,222,286,254
237,70,222,286,254
237,223,222,286,287,275
237,70,222,286,287,275
237,309
237,70,313,312
237,70,313,312,175
237,70,313
238,223,222,286
238,223,237,70,222,286
238,223,237,16,17,70,222,286
238,223,222,286,287
238,223,237,70,222,286,287
238,223,237,16,17,70,222,286,287
238,223,222,286,254
238,223,237,70,222,286,254
238,223,237,16,17,70,222,286,254
238,223,222,286,287,275
238,223,237,70,222,286,287,275
238,223,237,16,17,70,222,286,287,275
238,223,222,70,237,309
238,223,222,70,17,16,237,309
238,223,237,309
238,223,222,70,313,312
238,223,237,70,313,312
238,223,237,16,17,70,313,312
238,223,222,70,313,312,175
238,223,237,70,313,312,175
238,223,237,16,17,70,313,312,175
238,223,222,70,313
238,223,237,70,313
238,223,237,16,17,70,313
240,241
243,244
243,244,74
244,74
247,177
247,30
247,55
247,155,295
247,155,296
177,247,30
177,247,55
177,247,155,295
177,247,155,296
30,247,55
30,247,155,295
30,247,155,296
55,247,155,295
55,247,155,296
248,44
248,184,125,120,121,251
248,184,125,120,123,121,251
248,184,125,120,122,293
248,184,125,120,122,293,203
248,184,125,120,122,293,107,324
44,248,184,125,120,121,251
44,248,184,125,120,123,121,251
44,248,184,125,120,122,293
44,248,184,125,120,122,293,203
44,248,184,125,120,122,293,107,324
250,166
251,121,120,122,293
251,121,123,120,122,293
251,121,120,122,293,203
251,121,123,120,122,293,203
251,121,120,122,293,107,324
251,121,123,120,122,293,107,324
252,18
261,81,282
264,14
271,105,185
271,105,265
185,105,265
286,287
286,254
286,287,275
286,222,70,237,309
286,222,70,17,16,237,309
286,222,223,237,309
286,222,70,313,312
286,222,223,237,70,313,312
286,222,223,237,16,17,70,313,312
286,222,70,313,312,175
286,222,223,237,70,313,312,175
286,222,223,237,16,17,70,313,312,175
286,222,70,313
286,222,223,237,70,313
286,222,223,237,16,17,70,313
287,286,254
287,275
287,286,222,70,237,309
287,286,222,70,17,16,237,309
287,286,222,223,237,309
287,286,222,70,313,312
287,286,222,223,237,70,313,312
287,286,222,223,237,16,17,70,313,312
287,286,222,70,313,312,175
287,286,222,223,237,70,313,312,175
287,286,222,223,237,16,17,70,313,312,175
287,286,222,70,313
287,286,222,223,237,70,313
287,286,222,223,237,16,17,70,313
254,286,287,275
254,286,222,70,237,309
254,286,222,70,17,16,237,309
254,286,222,223,237,309
254,286,222,70,313,312
254,286,222,223,237,70,313,312
254,286,222,223,237,16,17,70,313,312
254,286,222,70,313,312,175
254,286,222,223,237,70,313,312,175
254,286,222,223,237,16,17,70,313,312,175
254,286,222,70,313
254,286,222,223,237,70,313
254,286,222,223,237,16,17,70,313
290,147
293,203
293,107,324
203,293,107,324
295,155,296
275,287,286,222,70,237,309
275,287,286,222,70,17,16,237,309
275,287,286,222,223,237,309
275,287,286,222,70,313,312
275,287,286,222,223,237,70,313,312
275,287,286,222,223,237,16,17,70,313,312
275,287,286,222,70,313,312,175
275,287,286,222,223,237,70,313,312,175
275,287,286,222,223,237,16,17,70,313,312,175
275,287,286,222,70,313
275,287,286,222,223,237,70,313
275,287,286,222,223,237,16,17,70,313
61,34,292
309,237,223,222,70,313,312
309,237,70,313,312
309,237,16,17,70,313,312
309,237,223,222,70,313,312,175
309,237,70,313,312,175
309,237,16,17,70,313,312,175
309,237,223,222,70,313
309,237,70,313
309,237,16,17,70,313
312,175
312,313
175,312,313
325,300
325,258
300,325,258
331,156
331,165
331,192
156,331,165
156,331,192
165,331,192
