8,9
8,9,26
8,9,28,26
8,9,27
8,9,28
9,26
9,28,26
9,27
9,28
19,20
19,262,245,244,80,20
19,262,80,20
19,20,80,244,24,23
19,20,80,262,245,244,24,23
19,262,245,244,24,23
19,262,80,244,24,23
19,20,80,244,24
19,20,80,262,245,244,24
19,262,245,244,24
19,262,80,244,24
19,20,80
19,262,245,244,80
19,262,80
19,20,80,81
19,262,245,244,80,81
19,262,80,81
19,130
19,185
19,20,80,244,24,198
19,20,80,262,245,244,24,198
19,262,245,244,24,198
19,262,80,244,24,198
19,20,80,244,24,208
19,20,80,262,245,244,24,208
19,262,245,244,24,208
19,262,80,244,24,208
19,20,80,244
19,262,245,244
19,262,80,244
19,20,80,244,245
19,20,80,262,245
19,262,245
19,262
19,20,80,244,245,263
19,20,80,262,245,263
19,262,245,263
19,262,80,244,245,263
19,20,80,244,313
19,20,80,262,245,244,313
19,262,245,244,313
19,262,80,244,313
19,20,80,244,313,314
19,20,80,262,245,244,313,314
19,262,245,244,313,314
19,262,80,244,313,314
19,20,80,244,313,281
19,20,80,262,245,244,313,281
19,262,245,244,313,281
19,262,80,244,313,281
19,20,80,244,313,314,301
19,20,80,262,245,244,313,314,301
19,262,245,244,313,314,301
19,262,80,244,313,314,301
19,20,80,244,245,262,340
19,20,80,262,340
19,262,340
19,20,80,345,344
19,262,245,244,80,345,344
19,262,80,345,344
19,20,80,345,344,186
19,262,245,244,80,345,344,186
19,262,80,345,344,186
19,20,80,345
19,262,245,244,80,345
19,262,80,345
20,19,262,245,244,24,23
20,19,262,80,244,24,23
20,80,244,24,23
20,80,262,245,244,24,23
20,19,262,245,244,24
20,19,262,80,244,24
20,80,244,24
20,80,262,245,244,24
20,80
20,19,262,245,244,80,81
20,19,262,80,81
20,80,81
20,19,130
20,80,244,245,262,19,130
20,80,262,19,130
20,19,185
20,80,244,245,262,19,185
20,80,262,19,185
20,19,262,245,244,24,198
20,19,262,80,244,24,198
20,80,244,24,198
20,80,262,245,244,24,198
20,19,262,245,244,24,208
20,19,262,80,244,24,208
20,80,244,24,208
20,80,262,245,244,24,208
20,19,262,245,244
20,19,262,80,244
20,80,244
20,80,262,245,244
20,19,262,245
20,80,244,245
20,80,262,245
20,19,262
20,80,262
20,19,262,245,263
20,19,262,80,244,245,263
20,80,244,245,263
20,80,262,245,263
20,19,262,245,244,313
20,19,262,80,244,313
20,80,244,313
20,80,262,245,244,313
20,19,262,245,244,313,314
20,19,262,80,244,313,314
20,80,244,313,314
20,80,262,245,244,313,314
20,19,262,245,244,313,281
20,19,262,80,244,313,281
20,80,244,313,281
20,80,262,245,244,313,281
20,19,262,245,244,313,314,301
20,19,262,80,244,313,314,301
20,80,244,313,314,301
20,80,262,245,244,313,314,301
20,19,262,340
20,80,244,245,262,340
20,80,262,340
20,19,262,245,244,80,345,344
20,19,262,80,345,344
20,80,345,344
20,19,262,245,244,80,345,344,186
20,19,262,80,345,344,186
20,80,345,344,186
20,19,262,245,244,80,345
20,19,262,80,345
20,80,345
23,24
23,24,244,80
23,24,244,245,262,80
23,24,244,80,81
23,24,244,245,262,80,81
23,24,244,245,262,19,20,80,81
23,24,244,80,262,19,130
23,24,244,80,20,19,130
23,24,244,245,262,80,20,19,130
23,24,244,245,262,19,130
23,24,244,80,262,19,185
23,24,244,80,20,19,185
23,24,244,245,262,80,20,19,185
23,24,244,245,262,19,185
23,24,198
23,24,208
23,24,244
23,24,244,245
23,24,244,80,262
23,24,244,245,262
23,24,244,80,262,245,263
23,24,244,80,20,19,262,245,263
23,24,244,245,263
23,24,244,313
23,24,244,313,314
23,24,244,313,281
23,24,244,313,314,301
23,24,244,80,262,340
23,24,244,80,20,19,262,340
23,24,244,245,262,340
23,24,244,80,345,344
23,24,244,245,262,80,345,344
23,24,244,245,262,19,20,80,345,344
23,24,244,80,345,344,186
23,24,244,245,262,80,345,344,186
23,24,244,245,262,19,20,80,345,344,186
23,24,244,80,345
23,24,244,245,262,80,345
23,24,244,245,262,19,20,80,345
24,244,80
24,244,245,262,80
24,244,80,81
24,244,245,262,80,81
24,244,245,262,19,20,80,81
24,244,80,262,19,130
24,244,80,20,19,130
24,244,245,262,80,20,19,130
24,244,245,262,19,130
24,244,80,262,19,185
24,244,80,20,19,185
24,244,245,262,80,20,19,185
24,244,245,262,19,185
24,198
24,208
24,244
24,244,245
24,244,80,262
24,244,245,262
24,244,80,262,245,263
24,244,80,20,19,262,245,263
24,244,245,263
24,244,313
24,244,313,314
24,244,313,281
24,244,313,314,301
24,244,80,262,340
24,244,80,20,19,262,340
24,244,245,262,340
24,244,80,345,344
24,244,245,262,80,345,344
24,244,245,262,19,20,80,345,344
24,244,80,345,344,186
24,244,245,262,80,345,344,186
24,244,245,262,19,20,80,345,344,186
24,244,80,345
24,244,245,262,80,345
24,244,245,262,19,20,80,345
26,9,27
26,28,9,27
26,28
27,9,28
31,32
31,32,232
31,32,232,272,271
31,32,232,272
32,232
32,232,272,271
32,232,272
33,34
33,34,219,218
33,34,219
34,219,218
34,219
36,37
36,37,3
36,179
37,3
37,36,179
38,39
38,39,133
38,39,73
38,39,319
39,133
39,73
39,319
44,45
44,45,97
44,45,97,98
44,45,97,98,47
44,45,252
44,45,151
45,97
45,97,98
45,97,98,47
45,252
45,151
48,49
48,49,58
48,49,360,60,58
48,49,58,59
48,49,360,60,58,59
48,49,58,60
48,49,360,60
48,49,360
48,49,58,60,360,328
48,49,360,328
48,49,58,60,360,285
48,49,360,285
49,58
49,360,60,58
49,58,59
49,360,60,58,59
49,58,60
49,360,60
49,360
49,58,60,360,328
49,360,328
49,58,60,360,285
49,360,285
53,54
53,54,149
54,149
58,59
58,60
58,49,360
58,60,360
58,49,360,328
58,60,360,328
58,49,360,285
58,60,360,285
59,58,60
59,58,49,360
59,58,60,360
59,58,49,360,328
59,58,60,360,328
59,58,49,360,285
59,58,60,360,285
60,360
60,360,328
60,360,285
61,62
61,134,138,62
61,62,138,134,82
61,134,82
61,62,138,134,82,83
61,134,82,83
61,62,138,134,18,119
61,134,18,119
61,62,138,134,18,119,120
61,134,18,119,120
61,62,138,134,18
61,134,18
61,62,138,134,136,320,122,121
61,134,136,320,122,121
61,62,138,134,136,320,122
61,134,136,320,122
61,62,138,134,136,320,122,121,123
61,134,136,320,122,121,123
61,134
61,62,138,134,135
61,62,138,134,137,135
61,134,135
61,134,137,135
61,62,138,134,136
61,134,136
61,62,138,134,137
61,134,137
61,62,138
61,134,138
61,62,138,134,139
61,134,139
61,62,138,134,52
61,134,52
61,62,138,134,140
61,134,140
61,62,138,134,94
61,134,94
61,62,138,134,141
61,134,141
61,62,138,134,139,193
61,134,139,193
61,62,138,134,139,193,275
61,134,139,193,275
61,62,138,134,139,193,275,55
61,134,139,193,275,55
61,62,138,134,135,278
61,62,138,134,137,135,278
61,134,135,278
61,134,137,135,278
61,62,138,134,136,320
61,134,136,320
61,62,138,134,136,320,221
61,134,136,320,221
61,62,138,134,136,320,122,358
61,134,136,320,122,358
62,61,134,82
62,138,134,82
62,61,134,82,83
62,138,134,82,83
62,61,134,18,119
62,138,134,18,119
62,61,134,18,119,120
62,138,134,18,119,120
62,61,134,18
62,138,134,18
62,61,134,136,320,122,121
62,138,134,136,320,122,121
62,61,134,136,320,122
62,138,134,136,320,122
62,61,134,136,320,122,121,123
62,138,134,136,320,122,121,123
62,61,134
62,138,134
62,61,134,135
62,61,134,137,135
62,138,134,135
62,138,134,137,135
62,61,134,136
62,138,134,136
62,61,134,137
62,138,134,137
62,138
62,61,134,139
62,138,134,139
62,61,134,52
62,138,134,52
62,61,134,140
62,138,134,140
62,61,134,94
62,138,134,94
62,61,134,141
62,138,134,141
62,61,134,139,193
62,138,134,139,193
62,61,134,139,193,275
62,138,134,139,193,275
62,61,134,139,193,275,55
62,138,134,139,193,275,55
62,61,134,135,278
62,61,134,137,135,278
62,138,134,135,278
62,138,134,137,135,278
62,61,134,136,320
62,138,134,136,320
62,61,134,136,320,221
62,138,134,136,320,221
62,61,134,136,320,122,358
62,138,134,136,320,122,358
63,64
63,64,217,92,91
63,64,259,91
63,64,217,92
63,64,259,91,92
63,64,217,78,99
63,64,259,91,92,217,78,99
63,64,217,78
63,64,259,91,92,217,78
63,64,217
63,64,259,91,92,217
63,64,259
63,64,217,78,291
63,64,259,91,92,217,78,291
64,217,92,91
64,259,91
64,217,92
64,259,91,92
64,217,78,99
64,259,91,92,217,78,99
64,217,78
64,259,91,92,217,78
64,217
64,259,91,92,217
64,259
64,217,78,291
64,259,91,92,217,78,291
68,69
68,70,171,69
68,70,268,69
68,70
68,124
68,69,171
68,69,268,70,171
68,70,171
68,69,171,172
68,69,268,70,171,172
68,70,171,172
68,69,171,172,173
68,69,268,70,171,172,173
68,70,171,172,173
68,69,171,70,268,267
68,69,268,267
68,70,268,267
68,69,268
68,70,268
69,68,70
69,171,70
69,268,70
69,68,124
69,171,70,68,124
69,268,70,68,124
69,171
69,268,70,171
69,68,70,171,172
69,171,172
69,268,70,171,172
69,68,70,171,172,173
69,171,172,173
69,268,70,171,172,173
69,68,70,268,267
69,171,70,268,267
69,268,267
69,268
70,68,124
70,171
70,171,172
70,171,172,173
70,268,267
70,268
80,81
80,244,245,262,19,130
80,262,19,130
80,20,19,130
80,244,245,262,19,185
80,262,19,185
80,20,19,185
80,244,24,198
80,262,245,244,24,198
80,244,24,208
80,262,245,244,24,208
80,244
80,262,245,244
80,244,245
80,262,245
80,262
80,244,245,263
80,262,245,263
80,244,313
80,262,245,244,313
80,244,313,314
80,262,245,244,313,314
80,244,313,281
80,262,245,244,313,281
80,244,313,314,301
80,262,245,244,313,314,301
80,244,245,262,340
80,262,340
80,345,344
80,345,344,186
80,345
81,80,244,245,262,19,130
81,80,262,19,130
81,80,20,19,130
81,80,244,245,262,19,185
81,80,262,19,185
81,80,20,19,185
81,80,244,24,198
81,80,262,245,244,24,198
81,80,20,19,262,245,244,24,198
81,80,244,24,208
81,80,262,245,244,24,208
81,80,20,19,262,245,244,24,208
81,80,244
81,80,262,245,244
81,80,244,245
81,80,262,245
81,80,20,19,262,245
81,80,262
81,80,244,245,263
81,80,262,245,263
81,80,20,19,262,245,263
81,80,244,313
81,80,262,245,244,313
81,80,20,19,262,245,244,313
81,80,244,313,314
81,80,262,245,244,313,314
81,80,20,19,262,245,244,313,314
81,80,244,313,281
81,80,262,245,244,313,281
81,80,20,19,262,245,244,313,281
81,80,244,313,314,301
81,80,262,245,244,313,314,301
81,80,20,19,262,245,244,313,314,301
81,80,244,245,262,340
81,80,262,340
81,80,20,19,262,340
81,80,345,344
81,80,345,344,186
81,80,345
82,83
82,134,18,119
82,134,18,119,120
82,134,18
82,134,136,320,122,121
82,134,136,320,122
82,134,136,320,122,121,123
82,134
82,134,135
82,134,137,135
82,134,136
82,134,137
82,134,138
82,134,139
82,134,52
82,134,140
82,134,94
82,134,141
82,134,139,193
82,134,139,193,275
82,134,139,193,275,55
82,134,135,278
82,134,137,135,278
82,134,136,320
82,134,136,320,221
82,134,136,320,122,358
83,82,134,18,119
83,82,134,18,119,120
83,82,134,18
83,82,134,136,320,122,121
83,82,134,136,320,122
83,82,134,136,320,122,121,123
83,82,134
83,82,134,135
83,82,134,137,135
83,82,134,136
83,82,134,137
83,82,134,138
83,82,134,139
83,82,134,52
83,82,134,140
83,82,134,94
83,82,134,141
83,82,134,139,193
83,82,134,139,193,275
83,82,134,139,193,275,55
83,82,134,135,278
83,82,134,137,135,278
83,82,134,136,320
83,82,134,136,320,221
83,82,134,136,320,122,358
91,92
91,92,217,78,99
91,259,64,217,78,99
91,92,217,78
91,259,64,217,78
91,92,217
91,259,64,217
91,259
91,92,217,78,291
91,259,64,217,78,291
92,217,78,99
92,217,78
92,217
92,91,259
92,217,64,259
92,217,78,291
97,98
97,98,47
97,45,252
97,45,151
98,47
98,97,45,252
98,97,45,151
47,98,97,45,252
47,98,97,45,151
99,78
99,78,217
99,78,217,92,91,259
99,78,217,64,259
99,78,291
78,217
78,217,92,91,259
78,217,64,259
78,291
102,103
108,109
110,111
113,114
117,118
117,118,292
117,118,292,46
117,118,292,46,296
117,118,297
117,118,195
118,292
118,292,46
118,292,46,296
118,297
118,195
119,120
119,18
119,18,134,136,320,122,121
119,18,134,136,320,122
119,18,134,136,320,122,121,123
119,18,134
119,18,134,135
119,18,134,137,135
119,18,134,136
119,18,134,137
119,18,134,138
119,18,134,139
119,18,134,52
119,18,134,140
119,18,134,94
119,18,134,141
119,18,134,139,193
119,18,134,139,193,275
119,18,134,139,193,275,55
119,18,134,135,278
119,18,134,137,135,278
119,18,134,136,320
119,18,134,136,320,221
119,18,134,136,320,122,358
120,119,18
120,119,18,134,136,320,122,121
120,119,18,134,136,320,122
120,119,18,134,136,320,122,121,123
120,119,18,134
120,119,18,134,135
120,119,18,134,137,135
120,119,18,134,136
120,119,18,134,137
120,119,18,134,138
120,119,18,134,139
120,119,18,134,52
120,119,18,134,140
120,119,18,134,94
120,119,18,134,141
120,119,18,134,139,193
120,119,18,134,139,193,275
120,119,18,134,139,193,275,55
120,119,18,134,135,278
120,119,18,134,137,135,278
120,119,18,134,136,320
120,119,18,134,136,320,221
120,119,18,134,136,320,122,358
18,134,136,320,122,121
18,134,136,320,122
18,134,136,320,122,121,123
18,134
18,134,135
18,134,137,135
18,134,136
18,134,137
18,134,138
18,134,139
18,134,52
18,134,140
18,134,94
18,134,141
18,134,139,193
18,134,139,193,275
18,134,139,193,275,55
18,134,135,278
18,134,137,135,278
18,134,136,320
18,134,136,320,221
18,134,136,320,122,358
121,122
121,123
121,122,320,136,134
121,122,320,136,134,135
121,122,320,136,134,137,135
121,122,320,136
121,122,320,136,134,137
121,122,320,136,134,138
121,122,320,136,134,139
121,122,320,136,134,52
121,122,320,136,134,140
121,122,320,136,134,94
121,122,320,136,134,141
121,122,320,136,134,139,193
121,122,320,136,134,139,193,275
121,122,320,136,134,139,193,275,55
121,122,320,136,134,135,278
121,122,320,136,134,137,135,278
121,122,320
121,122,320,221
121,122,358
122,121,123
122,320,136,134
122,320,136,134,135
122,320,136,134,137,135
122,320,136
122,320,136,134,137
122,320,136,134,138
122,320,136,134,139
122,320,136,134,52
122,320,136,134,140
122,320,136,134,94
122,320,136,134,141
122,320,136,134,139,193
122,320,136,134,139,193,275
122,320,136,134,139,193,275,55
122,320,136,134,135,278
122,320,136,134,137,135,278
122,320
122,320,221
122,358
123,121,122,320,136,134
123,121,122,320,136,134,135
123,121,122,320,136,134,137,135
123,121,122,320,136
123,121,122,320,136,134,137
123,121,122,320,136,134,138
123,121,122,320,136,134,139
123,121,122,320,136,134,52
123,121,122,320,136,134,140
123,121,122,320,136,134,94
123,121,122,320,136,134,141
123,121,122,320,136,134,139,193
123,121,122,320,136,134,139,193,275
123,121,122,320,136,134,139,193,275,55
123,121,122,320,136,134,135,278
123,121,122,320,136,134,137,135,278
123,121,122,320
123,121,122,320,221
123,121,122,358
124,68,69,171
124,68,69,268,70,171
124,68,70,171
124,68,69,171,172
124,68,69,268,70,171,172
124,68,70,171,172
124,68,69,171,172,173
124,68,69,268,70,171,172,173
124,68,70,171,172,173
124,68,69,171,70,268,267
124,68,69,268,267
124,68,70,268,267
124,68,69,268
124,68,70,268
126,127
126,197
126,197,17
127,126,197
127,126,197,17
130,19,185
130,19,20,80,244,24,198
130,19,20,80,262,245,244,24,198
130,19,262,245,244,24,198
130,19,262,80,244,24,198
130,19,20,80,244,24,208
130,19,20,80,262,245,244,24,208
130,19,262,245,244,24,208
130,19,262,80,244,24,208
130,19,20,80,244
130,19,262,245,244
130,19,262,80,244
130,19,20,80,244,245
130,19,20,80,262,245
130,19,262,245
130,19,262
130,19,20,80,244,245,263
130,19,20,80,262,245,263
130,19,262,245,263
130,19,262,80,244,245,263
130,19,20,80,244,313
130,19,20,80,262,245,244,313
130,19,262,245,244,313
130,19,262,80,244,313
130,19,20,80,244,313,314
130,19,20,80,262,245,244,313,314
130,19,262,245,244,313,314
130,19,262,80,244,313,314
130,19,20,80,244,313,281
130,19,20,80,262,245,244,313,281
130,19,262,245,244,313,281
130,19,262,80,244,313,281
130,19,20,80,244,313,314,301
130,19,20,80,262,245,244,313,314,301
130,19,262,245,244,313,314,301
130,19,262,80,244,313,314,301
130,19,20,80,244,245,262,340
130,19,20,80,262,340
130,19,262,340
130,19,20,80,345,344
130,19,262,245,244,80,345,344
130,19,262,80,345,344
130,19,20,80,345,344,186
130,19,262,245,244,80,345,344,186
130,19,262,80,345,344,186
130,19,20,80,345
130,19,262,245,244,80,345
130,19,262,80,345
133,39,73
133,39,319
134,135
134,137,135
134,136
134,137
134,138
134,139
134,52
134,140
134,94
134,141
134,139,193
134,139,193,275
134,139,193,275,55
134,135,278
134,137,135,278
134,136,320
134,136,320,221
134,136,320,122,358
135,134,136
135,137,134,136
135,137
135,134,138
135,137,134,138
135,134,139
135,137,134,139
135,134,52
135,137,134,52
135,134,140
135,137,134,140
135,134,94
135,137,134,94
135,134,141
135,137,134,141
135,134,139,193
135,137,134,139,193
135,134,139,193,275
135,137,134,139,193,275
135,134,139,193,275,55
135,137,134,139,193,275,55
135,278
135,134,136,320
135,137,134,136,320
135,134,136,320,221
135,137,134,136,320,221
135,134,136,320,122,358
135,137,134,136,320,122,358
136,134,137
136,134,138
136,134,139
136,134,52
136,134,140
136,134,94
136,134,141
136,134,139,193
136,134,139,193,275
136,134,139,193,275,55
136,134,135,278
136,134,137,135,278
136,320
136,320,221
136,320,122,358
137,134,138
137,134,139
137,134,52
137,134,140
137,134,94
137,134,141
137,134,139,193
137,134,139,193,275
137,134,139,193,275,55
137,135,278
137,134,136,320
137,134,136,320,221
137,134,136,320,122,358
138,134,139
138,134,52
138,134,140
138,134,94
138,134,141
138,134,139,193
138,134,139,193,275
138,134,139,193,275,55
138,134,135,278
138,134,137,135,278
138,134,136,320
138,134,136,320,221
138,134,136,320,122,358
139,134,52
139,134,140
139,134,94
139,134,141
139,193
139,193,275
139,193,275,55
139,134,135,278
139,134,137,135,278
139,134,136,320
139,134,136,320,221
139,134,136,320,122,358
52,134,140
52,134,94
52,134,141
52,134,139,193
52,134,139,193,275
52,134,139,193,275,55
52,134,135,278
52,134,137,135,278
52,134,136,320
52,134,136,320,221
52,134,136,320,122,358
140,134,94
140,134,141
140,134,139,193
140,134,139,193,275
140,134,139,193,275,55
140,134,135,278
140,134,137,135,278
140,134,136,320
140,134,136,320,221
140,134,136,320,122,358
94,134,141
94,134,139,193
94,134,139,193,275
94,134,139,193,275,55
94,134,135,278
94,134,137,135,278
94,134,136,320
94,134,136,320,221
94,134,136,320,122,358
141,134,139,193
141,134,139,193,275
141,134,139,193,275,55
141,134,135,278
141,134,137,135,278
141,134,136,320
141,134,136,320,221
141,134,136,320,122,358
150,85
150,85,214
85,214
154,155
156,157
3,37,36,179
165,166
165,167
165,167,322
165,167,323
165,167,335
165,167,335,188
165,167,335,35
165,167,335,67
166,165,167
166,165,167,322
166,165,167,323
166,165,167,335
166,165,167,335,188
166,165,167,335,35
166,165,167,335,67
167,322
167,323
167,335
167,335,188
167,335,35
167,335,67
171,172
171,172,173
171,69,268,267
171,70,268,267
171,69,268
171,70,268
172,173
172,171,69,68,70,268,267
172,171,69,268,267
172,171,70,268,267
172,171,69,268
172,171,70,268
173,172,171,69,68,70,268,267
173,172,171,69,268,267
173,172,171,70,268,267
173,172,171,69,268
173,172,171,70,268
175,158
175,181
175,181,168
175,181,366
175,181,366,211
158,175,181
158,175,181,168
158,175,181,366
158,175,181,366,211
181,168
181,366
181,366,211
168,181,366
168,181,366,211
185,19,20,80,244,24,198
185,19,20,80,262,245,244,24,198
185,19,262,245,244,24,198
185,19,262,80,244,24,198
185,19,20,80,244,24,208
185,19,20,80,262,245,244,24,208
185,19,262,245,244,24,208
185,19,262,80,244,24,208
185,19,20,80,244
185,19,262,245,244
185,19,262,80,244
185,19,20,80,244,245
185,19,20,80,262,245
185,19,262,245
185,19,262
185,19,20,80,244,245,263
185,19,20,80,262,245,263
185,19,262,245,263
185,19,262,80,244,245,263
185,19,20,80,244,313
185,19,20,80,262,245,244,313
185,19,262,245,244,313
185,19,262,80,244,313
185,19,20,80,244,313,314
185,19,20,80,262,245,244,313,314
185,19,262,245,244,313,314
185,19,262,80,244,313,314
185,19,20,80,244,313,281
185,19,20,80,262,245,244,313,281
185,19,262,245,244,313,281
185,19,262,80,244,313,281
185,19,20,80,244,313,314,301
185,19,20,80,262,245,244,313,314,301
185,19,262,245,244,313,314,301
185,19,262,80,244,313,314,301
185,19,20,80,244,245,262,340
185,19,20,80,262,340
185,19,262,340
185,19,20,80,345,344
185,19,262,245,244,80,345,344
185,19,262,80,345,344
185,19,20,80,345,344,186
185,19,262,245,244,80,345,344,186
185,19,262,80,345,344,186
185,19,20,80,345
185,19,262,245,244,80,345
185,19,262,80,345
193,275
193,275,55
193,139,134,135,278
193,139,134,137,135,278
193,139,134,136,320
193,139,134,136,320,221
193,139,134,136,320,122,358
197,17
198,24,208
198,24,244
198,24,244,245
198,24,244,80,262
198,24,244,245,262
198,24,244,80,262,245,263
198,24,244,80,20,19,262,245,263
198,24,244,245,263
198,24,244,313
198,24,244,313,314
198,24,244,313,281
198,24,244,313,314,301
198,24,244,80,262,340
198,24,244,80,20,19,262,340
198,24,244,245,262,340
198,24,244,80,345,344
198,24,244,245,262,80,345,344
198,24,244,245,262,19,20,80,345,344
198,24,244,80,345,344,186
198,24,244,245,262,80,345,344,186
198,24,244,245,262,19,20,80,345,344,186
198,24,244,80,345
198,24,244,245,262,80,345
198,24,244,245,262,19,20,80,345
203,204
203,204,274
204,274
208,24,244
208,24,244,245
208,24,244,80,262
208,24,244,245,262
208,24,244,80,262,245,263
208,24,244,80,20,19,262,245,263
208,24,244,245,263
208,24,244,313
208,24,244,313,314
208,24,244,313,281
208,24,244,313,314,301
208,24,244,80,262,340
208,24,244,80,20,19,262,340
208,24,244,245,262,340
208,24,244,80,345,344
208,24,244,245,262,80,345,344
208,24,244,245,262,19,20,80,345,344
208,24,244,80,345,344,186
208,24,244,245,262,80,345,344,186
208,24,244,245,262,19,20,80,345,344,186
208,24,244,80,345
208,24,244,245,262,80,345
208,24,244,245,262,19,20,80,345
209,210
217,92,91,259
217,64,259
217,78,291
218,219
225,74
232,272,271
232,272
236,237
239,90
239,90,289
239,90,357
90,289
90,357
244,245
244,80,262
244,245,262
244,80,262,245,263
244,245,263
244,313
244,313,314
244,313,281
244,313,314,301
244,80,262,340
244,80,20,19,262,340
244,245,262,340
244,80,345,344
244,245,262,80,345,344
244,80,345,344,186
244,245,262,80,345,344,186
244,80,345
244,245,262,80,345
245,262
245,263
245,244,313
245,244,313,314
245,244,313,281
245,244,313,314,301
245,262,340
245,244,80,345,344
245,262,80,345,344
245,262,19,20,80,345,344
245,244,80,345,344,186
245,262,80,345,344,186
245,262,19,20,80,345,344,186
245,244,80,345
245,262,80,345
245,262,19,20,80,345
247,182
247,57
182,247,57
252,45,151
259,91,92,217,78,291
259,64,217,78,291
260,261
262,245,263
262,245,244,313
262,80,244,313
262,245,244,313,314
262,80,244,313,314
262,245,244,313,281
262,80,244,313,281
262,245,244,313,314,301
262,80,244,313,314,301
262,340
262,80,345,344
262,80,345,344,186
262,80,345
263,245,244,313
263,245,262,80,244,313
263,245,262,19,20,80,244,313
263,245,244,313,314
263,245,262,80,244,313,314
263,245,262,19,20,80,244,313,314
263,245,244,313,281
263,245,262,80,244,313,281
263,245,262,19,20,80,244,313,281
263,245,244,313,314,301
263,245,262,80,244,313,314,301
263,245,262,19,20,80,244,313,314,301
263,245,244,80,262,340
263,245,244,80,20,19,262,340
263,245,262,340
263,245,244,80,345,344
263,245,262,80,345,344
263,245,262,19,20,80,345,344
263,245,244,80,345,344,186
263,245,262,80,345,344,186
263,245,262,19,20,80,345,344,186
263,245,244,80,345
263,245,262,80,345
263,245,262,19,20,80,345
267,268
271,272
275,55
275,193,139,134,135,278
275,193,139,134,137,135,278
275,193,139,134,136,320
275,193,139,134,136,320,221
275,193,139,134,136,320,122,358
55,275,193,139,134,135,278
55,275,193,139,134,137,135,278
55,275,193,139,134,136,320
55,275,193,139,134,136,320,221
55,275,193,139,134,136,320,122,358
277,176
278,135,134,136,320
278,135,137,134,136,320
278,135,134,136,320,221
278,135,137,134,136,320,221
278,135,134,136,320,122,358
278,135,137,134,136,320,122,358
279,21
289,90,357
292,46
292,46,296
292,118,297
292,118,195
46,296
46,292,118,297
46,292,118,195
296,46,292,118,297
296,46,292,118,195
297,118,195
313,314
313,281
313,314,301
313,244,80,262,340
313,244,80,20,19,262,340
313,244,245,262,340
313,244,80,345,344
313,244,245,262,80,345,344
313,244,245,262,19,20,80,345,344
313,244,80,345,344,186
313,244,245,262,80,345,344,186
313,244,245,262,19,20,80,345,344,186
313,244,80,345
313,244,245,262,80,345
313,244,245,262,19,20,80,345
314,313,281
314,301
314,313,244,80,262,340
314,313,244,80,20,19,262,340
314,313,244,245,262,340
314,313,244,80,345,344
314,313,244,245,262,80,345,344
314,313,244,245,262,19,20,80,345,344
314,313,244,80,345,344,186
314,313,244,245,262,80,345,344,186
314,313,244,245,262,19,20,80,345,344,186
314,313,244,80,345
314,313,244,245,262,80,345
314,313,244,245,262,19,20,80,345
281,313,314,301
281,313,244,80,262,340
281,313,244,80,20,19,262,340
281,313,244,245,262,340
281,313,244,80,345,344
281,313,244,245,262,80,345,344
281,313,244,245,262,19,20,80,345,344
281,313,244,80,345,344,186
281,313,244,245,262,80,345,344,186
281,313,244,245,262,19,20,80,345,344,186
281,313,244,80,345
281,313,244,245,262,80,345
281,313,244,245,262,19,20,80,345
317,159
320,221
320,122,358
221,320,122,358
322,167,323
322,167,335
322,167,335,188
322,167,335,35
322,167,335,67
323,167,335
323,167,335,188
323,167,335,35
323,167,335,67
301,314,313,244,80,262,340
301,314,313,244,80,20,19,262,340
301,314,313,244,245,262,340
301,314,313,244,80,345,344
301,314,313,244,245,262,80,345,344
301,314,313,244,245,262,19,20,80,345,344
301,314,313,244,80,345,344,186
301,314,313,244,245,262,80,345,344,186
301,314,313,244,245,262,19,20,80,345,344,186
301,314,313,244,80,345
301,314,313,244,245,262,80,345
301,314,313,244,245,262,19,20,80,345
73,39,319
335,188
335,35
335,67
188,335,35
188,335,67
35,335,67
340,262,245,244,80,345,344
340,262,80,345,344
340,262,19,20,80,345,344
340,262,245,244,80,345,344,186
340,262,80,345,344,186
340,262,19,20,80,345,344,186
340,262,245,244,80,345
340,262,80,345
340,262,19,20,80,345
344,186
344,345
186,344,345
360,328
360,285
328,360,285
366,211
