0 1
2 3
4 5
6 7
8 9
10 11
12 13
14 15
4 16
17 18
19 20
21 22
23 24
25 26
27 28
29 30
31 32
33 5
34 35
36 4
37 38
39 11
40 41
42 43
44 45
46 47
48 49
50 51
52 4
53 54
55 56
57 58
59 2
60 61
62 63
64 65
66 67
68 69
36 17
49 70
71 72
73 74
75 76
17 77
78 11
79 24
80 51
81 51
82 45
69 83
84 85
86 87
9 4
88 20
89 1
90 69
91 5
88 92
93 4
94 95
79 96
97 98
99 7
100 101
88 102
103 104
105 106
107 11
108 98
109 110
111 96
112 113
114 115
116 117
31 24
118 41
119 120
121 122
89 54
17 43
8 4
123 124
125 75
126 127
128 53
129 130
81 99
131 132
100 126
133 134
135 20
136 113
137 53
138 139
140 141
121 4
142 143
105 51
135 144
145 146
147 148
149 150
151 28
152 5
153 80
154 155
156 157
158 159
94 5
85 130
160 56
17 159
161 162
163 88
164 165
166 76
167 99
93 168
169 30
170 43
171 172
173 35
174 11
175 176
63 126
177 178
63 101
179 180
181 69
126 64
182 11
183 184
171 185
111 24
186 4
17 51
187 53
63 188
189 190
81 191
192 98
193 11
31 194
22 195
192 196
197 126
47 12
29 198
199 200
201 11
202 6
203 204
205 206
207 23
66 208
181 53
209 210
135 211
212 186
213 130
4 159
214 43
215 139
76 75
75 216
81 217
218 219
220 221
93 222
223 224
176 225
226 227
123 228
229 59
230 231
232 233
234 120
235 148
43 7
88 135
236 237
238 239
21 240
241 242
104 243
81 244
135 223
17 222
245 246
247 248
186 17
249 250
97 227
251 20
37 232
152 51
137 69
252 200
16 159
253 80
250 254
226 98
135 19
60 255
105 256
257 62
258 259
260 56
261 159
262 263
171 248
264 265
252 110
266 62
81 106
267 185
175 129
26 268
108 1
269 225
270 7
258 271
272 146
273 274
275 49
21 198
17 258
276 5
277 83
126 65
278 279
280 281
81 4
17 282
283 284
59 285
286 83
287 5
288 11
289 290
31 96
17 291
183 292
144 100
63 154
293 294
295 296
297 28
277 54
170 80
298 299
230 67
68 53
180 300
301 302
303 304
2 243
305 4
89 113
306 72
307 172
308 309
310 11
203 311
192 227
33 95
257 229
312 313
278 56
59 314
280 157
315 28
88 285
316 239
144 317
115 318
131 302
286 54
108 113
138 319
320 11
321 322
226 196
97 196
186 222
223 323
66 131
324 87
37 155
325 268
168 4
105 244
156 281
81 326
260 279
42 80
327 178
59 328
329 76
21 169
131 330
331 332
89 83
333 11
334 335
197 101
336 134
337 338
70 41
186 159
235 146
213 225
339 206
340 319
63 197
253 43
210 341
303 342
343 11
126 197
344 210
21 29
84 269
345 74
346 159
183 234
187 69
148 347
60 348
266 59
17 349
299 104
350 76
104 155
351 352
144 102
36 159
108 196
353 354
355 110
36 222
214 80
163 356
64 284
287 357
358 359
236 69
360 110
63 361
362 141
4 52
363 13
59 296
364 365
121 191
105 326
180 366
23 96
60 367
128 69
368 210
369 51
108 227
63 64
263 322
37 283
370 371
