9,10
9,10,73,72
9,10,73
10,73,72
10,73
17,18
17,18,70
17,18,27
17,18,158
17,18,246
18,70
18,27
18,158
18,246
37,38
41,42
41,42,57
41,42,57,78
41,123,61,109
41,123,61
41,123
41,123,61,194,192,191
41,123,61,194,192
41,123,61,194
41,123,61,305
42,57
42,57,78
42,41,123,61,109
42,41,123,61
42,41,123
42,41,123,61,194,192,191
42,41,123,61,194,192
42,41,123,61,194
42,41,123,61,305
45,46
45,46,132
45,46,157
45,46,186
45,46,209
45,46,209,134
45,46,323
46,132
46,157
46,186
46,209
46,209,134
46,323
57,78
57,42,41,123,61,109
57,42,41,123,61
57,42,41,123
57,42,41,123,61,194,192,191
57,42,41,123,61,194,192
57,42,41,123,61,194
57,42,41,123,61,305
58,59
58,59,275
58,59,308
59,275
59,308
70,18,27
70,18,158
70,18,246
27,18,158
27,18,246
72,73
75,76
75,77,104,105,76
75,77,104,105,237,76
75,77,237,76
75,77,237,105,76
75,77
75,76,105,104
75,76,237,77,104
75,76,237,105,104
75,77,104
75,77,237,105,104
75,76,105
75,76,237,105
75,77,104,105
75,77,237,105
75,76,105,104,77,163
75,76,105,237,77,163
75,76,237,77,163
75,76,237,105,104,77,163
75,77,163
75,76,237
75,77,237
75,76,105,104,77,237,11
75,76,105,237,11
75,76,237,11
75,77,104,105,237,11
75,77,237,11
75,76,105,104,77,163,250
75,76,105,237,77,163,250
75,76,237,77,163,250
75,76,237,105,104,77,163,250
75,77,163,250
76,75,77
76,105,104,77
76,105,237,77
76,237,77
76,237,105,104,77
76,75,77,104
76,105,104
76,237,77,104
76,237,105,104
76,105
76,237,105
76,75,77,163
76,105,104,77,163
76,105,237,77,163
76,237,77,163
76,237,105,104,77,163
76,237
76,75,77,237,11
76,105,104,77,237,11
76,105,237,11
76,237,11
76,75,77,163,250
76,105,104,77,163,250
76,105,237,77,163,250
76,237,77,163,250
76,237,105,104,77,163,250
77,104
77,237,105,104
77,75,76,105
77,104,105
77,237,105
77,163
77,237
77,75,76,105,237,11
77,104,105,237,11
77,237,11
77,163,250
78,57,42,41,123,61,109
78,57,42,41,123,61
78,57,42,41,123
78,57,42,41,123,61,194,192,191
78,57,42,41,123,61,194,192
78,57,42,41,123,61,194
78,57,42,41,123,61,305
80,81
80,81,19
81,19
93,94
93,115
93,115,116
94,93,115
94,93,115,116
104,105
104,77,163
104,105,237,77,163
104,77,237
104,105,237
104,77,75,76,237,11
104,77,237,11
104,105,76,237,11
104,105,237,11
104,77,163,250
104,105,237,77,163,250
105,104,77,163
105,76,75,77,163
105,237,77,163
105,237
105,237,11
105,104,77,163,250
105,76,75,77,163,250
105,237,77,163,250
109,61
109,61,123
109,61,194,192,191
109,61,194,192
109,61,194
109,61,305
61,123
61,194,192,191
61,194,192
61,194
61,305
115,116
117,118
123,61,194,192,191
123,61,194,192
123,61,194
123,61,305
124,125
124,125,172
124,125,232
125,172
125,232
132,46,157
132,46,186
132,46,209
132,46,209,134
132,46,323
137,83
137,83,303
83,303
145,146
145,146,299
145,146,299,304
145,146,299,304,271
146,299
146,299,304
146,299,304,271
154,155
157,46,186
157,46,209
157,46,209,134
157,46,323
158,18,246
159,160
163,77,237
163,77,75,76,105,237,11
163,77,75,76,237,11
163,77,104,105,76,237,11
163,77,104,105,237,11
163,77,237,11
163,250
166,167
172,125,232
174,175
174,176
174,177
174,178
175,174,176
175,174,177
175,174,178
176,174,177
176,174,178
177,174,178
180,181
186,46,209
186,46,209,134
186,46,323
189,190
191,192
191,192,194
191,192,194,61,305
192,194
192,194,61,305
193,102
194,61,305
197,198
197,68
197,198,204
198,197,68
198,204
68,197,198,204
200,201
200,224
201,200,224
202,142
209,134
209,46,323
134,209,46,323
213,214
217,218
220,221
220,222,221
220,222
220,113
220,53
221,222
221,220,113
221,222,220,113
221,220,53
221,222,220,53
222,220,113
222,220,53
113,220,53
228,44
231,51
237,11
237,77,163,250
11,237,76,75,77,163,250
11,237,76,105,104,77,163,250
11,237,77,163,250
11,237,105,104,77,163,250
11,237,105,76,75,77,163,250
243,244
248,249
248,249,268
249,268
260,47
264,23
264,241
264,210
23,264,241
23,264,210
241,264,210
270,20
275,59,308
280,251
284,285
284,285,33
284,285,267
285,33
285,267
291,87
291,87,319
291,87,319,141
87,319
87,319,141
299,304
299,304,271
304,271
309,30
33,285,267
319,141
