13,14
34,35
34,35,81
34,35,85
34,35,493
34,35,685
34,35,794
34,35,1071
34,35,1116
34,35,1230
34,35,1239
35,81
35,85
35,493
35,685
35,794
35,1071
35,1116
35,1230
35,1239
49,50
49,51
49,1005
50,49,51
50,49,1005
51,49,1005
55,56
67,68
67,1226
67,1226,434
68,67,1226
68,67,1226,434
69,70
69,71,148,70
69,71,148,72,439,70
69,71,328,70
69,71,439,70
69,71,607,70
69,72,148,70
69,72,148,71,328,70
69,72,148,71,607,70
69,72,439,70
69,72,439,71,328,70
69,72,439,71,607,70
69,71
69,72,148,71
69,72,439,71
69,72
69,70,148
69,70,328,71,148
69,70,328,71,439,72,148
69,70,439,71,148
69,70,439,72,148
69,70,607,71,148
69,70,607,71,439,72,148
69,71,148
69,71,439,72,148
69,72,148
69,70,328
69,70,439,71,328
69,70,607,71,328
69,71,328
69,72,148,70,328
69,72,148,70,607,71,328
69,72,148,71,328
69,72,439,70,328
69,72,439,70,607,71,328
69,72,439,71,328
69,70,439
69,70,607,71,439
69,71,439
69,72,439
69,70,607
69,71,607
69,72,148,70,607
69,72,148,71,607
69,72,439,70,607
69,72,439,71,607
70,69,71
70,69,72,148,71
70,69,72,439,71
70,148,71
70,148,72,439,71
70,328,71
70,439,71
70,607,71
70,69,72
70,148,72
70,328,71,69,72
70,328,71,148,72
70,328,71,439,72
70,439,72
70,607,71,69,72
70,607,71,148,72
70,607,71,439,72
70,148
70,328,71,148
70,328,71,439,72,148
70,439,71,148
70,439,72,148
70,607,71,148
70,607,71,439,72,148
70,328
70,439,71,328
70,607,71,328
70,439
70,607,71,439
70,607
71,69,72
71,148,72
71,439,72
71,148
71,439,72,148
71,328
71,439
71,607
72,148
72,69,70,328
72,69,70,607,71,328
72,69,71,328
72,148,70,328
72,148,70,607,71,328
72,148,71,328
72,439,70,328
72,439,70,607,71,328
72,439,71,328
72,439
72,69,70,607
72,69,71,607
72,148,70,607
72,148,71,607
72,439,70,607
72,439,71,607
81,35,85
81,35,493
81,35,685
81,35,794
81,35,1071
81,35,1116
81,35,1230
81,35,1239
85,35,493
85,35,685
85,35,794
85,35,1071
85,35,1116
85,35,1230
85,35,1239
101,60
103,104
107,108
107,108,900
108,900
115,116
115,570,116
115,570
115,662
115,662,663
115,1187
115,1187,403
115,1187,1188
116,570
116,115,662
116,570,115,662
116,115,662,663
116,570,115,662,663
116,115,1187
116,570,115,1187
116,115,1187,403
116,570,115,1187,403
116,115,1187,1188
116,570,115,1187,1188
118,119
120,37
120,121
120,37,327
37,120,121
37,327
121,120,37,327
122,1196
123,124
123,64
123,64,358,297,296
123,64,358,297
123,64,358
123,64,530
123,64,693
123,64,358,297,1034
123,124,1149
124,123,64
124,123,64,358,297,296
124,123,64,358,297
124,123,64,358
124,123,64,530
124,123,64,693
124,123,64,358,297,1034
124,1149
64,358,297,296
64,358,297
64,358
64,530
64,693
64,358,297,1034
64,123,124,1149
128,129
128,130
128,701,476,942,941,130
128,701,702,942,941,130
128,701,703,942,941,130
128,701,941,130
128,942,941,130
128,701
128,942,941,701
128,942,476,701
128,942,702,701
128,942,703,701
128,130,941,942,476
128,130,941,942,702,701,476
128,130,941,942,703,701,476
128,130,941,701,476
128,701,476
128,701,702,942,476
128,701,703,942,476
128,701,941,942,476
128,942,476
128,130,941,942,702
128,130,941,942,703,701,702
128,130,941,701,702
128,701,702
128,701,703,942,702
128,701,941,942,702
128,942,702
128,130,941,942,703
128,130,941,701,703
128,701,703
128,701,941,942,703
128,942,703
128,130,941
128,701,941
128,942,941
128,942
129,128,130
129,128,701,476,942,941,130
129,128,701,702,942,941,130
129,128,701,703,942,941,130
129,128,701,941,130
129,128,942,941,130
129,128,701
129,128,942,941,701
129,128,942,476,701
129,128,942,702,701
129,128,942,703,701
129,128,130,941,942,476
129,128,130,941,942,702,701,476
129,128,130,941,942,703,701,476
129,128,130,941,701,476
129,128,701,476
129,128,701,702,942,476
129,128,701,703,942,476
129,128,701,941,942,476
129,128,942,476
129,128,130,941,942,702
129,128,130,941,942,703,701,702
129,128,130,941,701,702
129,128,701,702
129,128,701,703,942,702
129,128,701,941,942,702
129,128,942,702
129,128,130,941,942,703
129,128,130,941,701,703
129,128,701,703
129,128,701,941,942,703
129,128,942,703
129,128,130,941
129,128,701,941
129,128,942,941
129,128,942
130,128,701
130,128,942,941,701
130,128,942,476,701
130,128,942,702,701
130,128,942,703,701
130,941,942,476,701
130,941,942,702,701
130,941,942,703,701
130,941,701
130,128,701,476
130,128,701,702,942,476
130,128,701,703,942,476
130,128,942,476
130,941,942,476
130,941,942,702,701,476
130,941,942,703,701,476
130,941,701,476
130,128,701,702
130,128,701,703,942,702
130,128,942,702
130,941,942,702
130,941,942,703,701,702
130,941,701,702
130,128,701,703
130,128,942,703
130,941,942,703
130,941,701,703
130,941
130,128,942
130,941,942
134,135
134,136
134,137
134,138
134,139
134,140
134,137,220
134,139,30
134,135,569
134,136,418
134,138,721
134,140,393
135,134,136
135,134,137
135,134,138
135,134,139
135,134,140
135,134,137,220
135,134,139,30
135,569
135,134,136,418
135,134,138,721
135,134,140,393
136,134,137
136,134,138
136,134,139
136,134,140
136,134,137,220
136,134,139,30
136,134,135,569
136,418
136,134,138,721
136,134,140,393
137,134,138
137,134,139
137,134,140
137,220
137,134,139,30
137,134,135,569
137,134,136,418
137,134,138,721
137,134,140,393
138,134,139
138,134,140
138,134,137,220
138,134,139,30
138,134,135,569
138,134,136,418
138,721
138,134,140,393
139,134,140
139,134,137,220
139,30
139,134,135,569
139,134,136,418
139,134,138,721
139,134,140,393
140,134,137,220
140,134,139,30
140,134,135,569
140,134,136,418
140,134,138,721
140,393
148,70,328
148,70,439,71,328
148,70,607,71,328
148,71,328
148,72,439,70,328
148,72,439,70,607,71,328
148,72,439,71,328
148,70,439
148,70,607,71,439
148,71,439
148,72,439
148,70,607
148,71,607
148,72,439,70,607
148,72,439,71,607
176,177
176,503,204,202
176,503,916,204,202
176,503,204,202,203
176,503,916,204,202,203
176,503,204
176,503,916,204
176,503,204,202,205
176,503,916,204,202,205
176,503,204,916,226
176,503,916,226
176,503,204,916,226,227
176,503,916,226,227
176,503
176,503,916
177,176,503,204,202
177,176,503,916,204,202
177,176,503,204,202,203
177,176,503,916,204,202,203
177,176,503,204
177,176,503,916,204
177,176,503,204,202,205
177,176,503,916,204,202,205
177,176,503,204,916,226
177,176,503,916,226
177,176,503,204,916,226,227
177,176,503,916,226,227
177,176,503
177,176,503,916
179,180
184,185
184,185,461
185,461
192,193
192,194
192,194,567
192,194,1106
192,194,472
193,192,194
193,192,194,567
193,192,194,1106
193,192,194,472
194,567
194,1106
194,472
202,203
202,204
202,205
202,204,503,916,226
202,204,916,226
202,204,503,916,226,227
202,204,916,226,227
202,204,503
202,204,916,503
202,204,916
203,202,204
203,202,205
203,202,204,503,916,226
203,202,204,916,226
203,202,204,503,916,226,227
203,202,204,916,226,227
203,202,204,503
203,202,204,916,503
203,202,204,916
204,202,205
204,503,916,226
204,916,226
204,503,916,226,227
204,916,226,227
204,503
204,916,503
204,916
205,202,204,503,916,226
205,202,204,916,226
205,202,204,503,916,226,227
205,202,204,916,226,227
205,202,204,503
205,202,204,916,503
205,202,204,916
217,218
217,218,520
218,520
220,137,134,139,30
220,137,134,135,569
220,137,134,136,418
220,137,134,138,721
220,137,134,140,393
226,227
226,916,503
226,916
227,226,916,503
227,226,916
231,232
238,239
246,247
246,248
247,246,248
257,258
257,258,348
257,258,705
258,348
258,705
30,139,134,135,569
30,139,134,136,418
30,139,134,138,721
30,139,134,140,393
286,287
286,288
287,286,288
291,292
296,297
296,297,358
296,297,358,64,530
296,297,358,64,693
296,297,1034
296,297,358,64,123,124,1149
297,358
297,358,64,530
297,358,64,693
297,1034
297,358,64,123,124,1149
305,117
310,149
310,149,780
149,780
328,70,439
328,70,607,71,439
328,71,439
328,70,607
328,71,607
329,330
329,330,993,854
329,330,993,854,855
329,330,466
329,330,993
330,993,854
330,993,854,855
330,466
330,993
338,339
342,343
342,343,927
343,927
345,346
348,258,705
354,355
354,24
354,355,522
354,355,522,523
354,355,589
354,355,589,372
354,355,865
354,355,865,822
354,355,1065
354,355,1065,950
354,355,1128
354,355,1128,240
355,354,24
355,522
355,522,523
355,589
355,589,372
355,865
355,865,822
355,1065
355,1065,950
355,1128
355,1128,240
24,354,355,522
24,354,355,522,523
24,354,355,589
24,354,355,589,372
24,354,355,865
24,354,355,865,822
24,354,355,1065
24,354,355,1065,950
24,354,355,1128
24,354,355,1128,240
358,64,530
358,64,693
358,297,1034
358,64,123,124,1149
374,375
392,340
424,425
424,385
425,424,385
428,429
428,429,955
428,1261
429,955
429,428,1261
439,70,607
439,71,607
447,448
447,449,1082,170,448
447,449,1082,666,448
447,449,1167,170,1082,666,448
447,449,1167,170,448
447,449
447,450
447,451
447,452
447,453
447,448,170,1082,449,608
447,448,170,1167,449,608
447,448,666,1082,170,1167,449,608
447,448,666,1082,449,608
447,449,608
447,448,170,1082
447,448,170,1167,449,1082
447,448,666,1082
447,449,1082
447,449,1167,170,1082
447,448,170
447,448,666,1082,170
447,449,1082,170
447,449,1082,666,448,170
447,449,1167,170
447,448,666
447,449,1082,666
447,449,1167,170,1082,666
447,449,1167,170,448,666
447,448,170,1167
447,448,666,1082,170,1167
447,448,666,1082,449,1167
447,449,1167
447,448,170,1082,449,1251
447,448,170,1167,449,1251
447,448,666,1082,170,1167,449,1251
447,448,666,1082,449,1251
447,449,1251
448,447,449
448,170,1082,449
448,170,1167,449
448,666,1082,170,1167,449
448,666,1082,449
448,447,450
448,170,1082,449,447,450
448,170,1167,449,447,450
448,666,1082,170,1167,449,447,450
448,666,1082,449,447,450
448,447,451
448,170,1082,449,447,451
448,170,1167,449,447,451
448,666,1082,170,1167,449,447,451
448,666,1082,449,447,451
448,447,452
448,170,1082,449,447,452
448,170,1167,449,447,452
448,666,1082,170,1167,449,447,452
448,666,1082,449,447,452
448,447,453
448,170,1082,449,447,453
448,170,1167,449,447,453
448,666,1082,170,1167,449,447,453
448,666,1082,449,447,453
448,447,449,608
448,170,1082,449,608
448,170,1167,449,608
448,666,1082,170,1167,449,608
448,666,1082,449,608
448,447,449,1082
448,170,1082
448,170,1167,449,1082
448,666,1082
448,170
448,666,1082,170
448,666
448,447,449,1167
448,170,1167
448,666,1082,170,1167
448,666,1082,449,1167
448,447,449,1251
448,170,1082,449,1251
448,170,1167,449,1251
448,666,1082,170,1167,449,1251
448,666,1082,449,1251
449,447,450
449,447,451
449,447,452
449,447,453
449,608
449,1082
449,1167,170,1082
449,447,448,170
449,1082,170
449,1082,666,448,170
449,1167,170
449,447,448,666
449,1082,666
449,1167,170,1082,666
449,1167,170,448,666
449,1167
449,1251
450,447,451
450,447,452
450,447,453
450,447,448,170,1082,449,608
450,447,448,170,1167,449,608
450,447,448,666,1082,170,1167,449,608
450,447,448,666,1082,449,608
450,447,449,608
450,447,448,170,1082
450,447,448,170,1167,449,1082
450,447,448,666,1082
450,447,449,1082
450,447,449,1167,170,1082
450,447,448,170
450,447,448,666,1082,170
450,447,449,1082,170
450,447,449,1082,666,448,170
450,447,449,1167,170
450,447,448,666
450,447,449,1082,666
450,447,449,1167,170,1082,666
450,447,449,1167,170,448,666
450,447,448,170,1167
450,447,448,666,1082,170,1167
450,447,448,666,1082,449,1167
450,447,449,1167
450,447,448,170,1082,449,1251
450,447,448,170,1167,449,1251
450,447,448,666,1082,170,1167,449,1251
450,447,448,666,1082,449,1251
450,447,449,1251
451,447,452
451,447,453
451,447,448,170,1082,449,608
451,447,448,170,1167,449,608
451,447,448,666,1082,170,1167,449,608
451,447,448,666,1082,449,608
451,447,449,608
451,447,448,170,1082
451,447,448,170,1167,449,1082
451,447,448,666,1082
451,447,449,1082
451,447,449,1167,170,1082
451,447,448,170
451,447,448,666,1082,170
451,447,449,1082,170
451,447,449,1082,666,448,170
451,447,449,1167,170
451,447,448,666
451,447,449,1082,666
451,447,449,1167,170,1082,666
451,447,449,1167,170,448,666
451,447,448,170,1167
451,447,448,666,1082,170,1167
451,447,448,666,1082,449,1167
451,447,449,1167
451,447,448,170,1082,449,1251
451,447,448,170,1167,449,1251
451,447,448,666,1082,170,1167,449,1251
451,447,448,666,1082,449,1251
451,447,449,1251
452,447,453
452,447,448,170,1082,449,608
452,447,448,170,1167,449,608
452,447,448,666,1082,170,1167,449,608
452,447,448,666,1082,449,608
452,447,449,608
452,447,448,170,1082
452,447,448,170,1167,449,1082
452,447,448,666,1082
452,447,449,1082
452,447,449,1167,170,1082
452,447,448,170
452,447,448,666,1082,170
452,447,449,1082,170
452,447,449,1082,666,448,170
452,447,449,1167,170
452,447,448,666
452,447,449,1082,666
452,447,449,1167,170,1082,666
452,447,449,1167,170,448,666
452,447,448,170,1167
452,447,448,666,1082,170,1167
452,447,448,666,1082,449,1167
452,447,449,1167
452,447,448,170,1082,449,1251
452,447,448,170,1167,449,1251
452,447,448,666,1082,170,1167,449,1251
452,447,448,666,1082,449,1251
452,447,449,1251
453,447,448,170,1082,449,608
453,447,448,170,1167,449,608
453,447,448,666,1082,170,1167,449,608
453,447,448,666,1082,449,608
453,447,449,608
453,447,448,170,1082
453,447,448,170,1167,449,1082
453,447,448,666,1082
453,447,449,1082
453,447,449,1167,170,1082
453,447,448,170
453,447,448,666,1082,170
453,447,449,1082,170
453,447,449,1082,666,448,170
453,447,449,1167,170
453,447,448,666
453,447,449,1082,666
453,447,449,1167,170,1082,666
453,447,449,1167,170,448,666
453,447,448,170,1167
453,447,448,666,1082,170,1167
453,447,448,666,1082,449,1167
453,447,449,1167
453,447,448,170,1082,449,1251
453,447,448,170,1167,449,1251
453,447,448,666,1082,170,1167,449,1251
453,447,448,666,1082,449,1251
453,447,449,1251
473,474
473,475
474,473,475
484,485
493,35,685
493,35,794
493,35,1071
493,35,1116
493,35,1230
493,35,1239
501,502
503,916
508,509
510,891
522,523
522,355,589
522,355,589,372
522,355,865
522,355,865,822
522,355,1065
522,355,1065,950
522,355,1128
522,355,1128,240
523,522,355,589
523,522,355,589,372
523,522,355,865
523,522,355,865,822
523,522,355,1065
523,522,355,1065,950
523,522,355,1128
523,522,355,1128,240
530,64,693
530,64,358,297,1034
530,64,123,124,1149
531,209
532,533
532,533,547
532,533,547,617
533,547
533,547,617
534,535
534,535,605
535,605
537,513
541,52
547,617
548,549
548,549,553
548,549,571
548,549,852
549,553
549,571
549,852
550,551
550,551,698
551,698
553,549,571
553,549,852
567,194,1106
567,194,472
570,115,662
570,115,662,663
570,115,1187
570,115,1187,403
570,115,1187,1188
571,549,852
582,583
582,584
582,5
582,585
582,12
582,196
582,586
582,208
582,587
583,582,584
583,582,5
583,582,585
583,582,12
583,582,196
583,582,586
583,582,208
583,582,587
584,582,5
584,582,585
584,582,12
584,582,196
584,582,586
584,582,208
584,582,587
5,582,585
5,582,12
5,582,196
5,582,586
5,582,208
5,582,587
585,582,12
585,582,196
585,582,586
585,582,208
585,582,587
12,582,196
12,582,586
12,582,208
12,582,587
196,582,586
196,582,208
196,582,587
586,582,208
586,582,587
208,582,587
589,372
589,355,865
589,355,865,822
589,355,1065
589,355,1065,950
589,355,1128
589,355,1128,240
372,589,355,865
372,589,355,865,822
372,589,355,1065
372,589,355,1065,950
372,589,355,1128
372,589,355,1128,240
606,58
606,1118
606,1118,863
606,1118,655
58,606,1118
58,606,1118,863
58,606,1118,655
608,449,1082
608,449,1167,170,1082
608,449,447,448,170
608,449,447,448,666,1082,170
608,449,1082,170
608,449,1082,666,448,170
608,449,1167,170
608,449,447,448,666
608,449,1082,666
608,449,1167,170,1082,666
608,449,1167,170,448,666
608,449,1167
608,449,1251
634,388
634,903,902
634,903
388,634,903,902
388,634,903
662,663
662,115,1187
662,115,1187,403
662,115,1187,1188
663,662,115,1187
663,662,115,1187,403
663,662,115,1187,1188
672,363
673,674
673,674,920
673,674,1068
673,674,1184
674,920
674,1068
674,1184
685,35,794
685,35,1071
685,35,1116
685,35,1230
685,35,1239
693,64,358,297,1034
693,64,123,124,1149
695,696
695,697
696,695,697
701,476
701,702,942,476
701,703,942,476
701,941,942,476
701,702
701,703,942,702
701,941,942,702
701,703
701,941,942,703
701,941
701,476,942
701,702,942
701,703,942
701,128,942
701,941,942
476,701,702
476,701,703,942,702
476,701,941,942,702
476,942,702
476,701,703
476,701,941,942,703
476,942,703
476,701,941
476,942,941
476,942
702,701,703
702,701,941,942,703
702,942,703
702,701,941
702,942,941
702,942
703,701,941
703,942,941
703,942
709,710
709,710,1086
709,710,335
710,1086
710,335
718,719
726,22
726,22,1064
22,1064
569,135,134,136,418
569,135,134,138,721
569,135,134,140,393
759,755
761,762
781,384
794,35,1071
794,35,1116
794,35,1230
794,35,1239
418,136,134,138,721
418,136,134,140,393
802,803
802,803,1159
803,1159
854,855
854,993,330,466
854,993
855,854,993,330,466
855,854,993
865,822
865,355,1065
865,355,1065,950
865,355,1128
865,355,1128,240
822,865,355,1065
822,865,355,1065,950
822,865,355,1128
822,865,355,1128,240
879,765
888,889
902,903
920,674,1068
920,674,1184
924,158
938,62
941,942
956,579
956,579,1032
579,1032
957,958
972,564
980,981
983,984
466,330,993
1034,297,358,64,123,124,1149
1037,756
1047,300
955,429,428,1261
1057,991
1061,467
1065,950
1065,355,1128
1065,355,1128,240
950,1065,355,1128
950,1065,355,1128,240
1068,674,1184
1071,35,1116
1071,35,1230
1071,35,1239
1076,963
1080,95
1082,170
1082,666
1082,170,1167
1082,449,1167
1082,170,1167,449,1251
1082,449,1251
170,1082,666
170,448,666
170,1167
170,1082,666,448,447,449,1251
170,1082,449,1251
170,1167,449,1251
170,448,447,449,1251
170,448,666,1082,449,1251
666,1082,170,1167
666,1082,449,1167
666,448,447,449,1167
666,448,170,1167
666,1082,170,1167,449,1251
666,1082,449,1251
666,448,447,449,1251
666,448,170,1167,449,1251
1083,692
1086,710,335
1089,1066
721,138,134,140,393
1101,639
1103,492
1106,194,472
1116,35,1230
1116,35,1239
1118,863
1118,655
863,1118,655
1123,446
1123,815
1123,1240
446,1123,815
446,1123,1240
815,1123,1240
1128,240
1136,1137
1162,445
1167,449,1251
1168,42
1176,1177
1187,403
1187,1188
403,1187,1188
1223,277
1226,434
1229,1011
1230,35,1239
1258,126
1260,1088
1263,512
1264,480
1266,356
1274,749
1290,1095
