[60, 2]
[95, 4, 14, 160]
[4, 14]
[15, 160]
[82, 185]
[91, 112]
[136, 213, 214]
[244, 217, 60, 2, 231]
[64, 189, 127, 65, 66]
[164, 90]
[126, 76, 208]
[167, 4, 14]
[169, 41]
[172, 173]
[91, 1]
[253, 60, 2, 231]
[207, 140]
[85, 254]
[122, 4, 5]
[274, 275]
[245, 256]
[167, 4, 160]
[244, 63, 64, 127, 128]
[70, 84]
[253, 63, 64, 189, 127, 128]
[83, 43]
[130, 131]
[100, 127, 189]
[54, 55]
[180, 160]
[217, 60, 2, 3]
[117, 118]
[164, 90, 270]
[253, 63, 64, 127, 65]
[284, 285, 104, 231]
[63, 64, 155, 156]
[204, 180]
[89, 50, 233]
[8, 4, 5]
[63, 64, 127, 65, 66]
[63, 64, 189, 127, 65, 269]
[64, 189, 127, 128]
[38, 39]
[263, 57]
[262, 84]
[334, 335]
[46, 47]
[201, 202, 323]
[253, 63, 64, 127, 66]
[272, 5]
[64, 189, 101]
[64, 101]
[136, 17, 18]
[129, 70, 84]
[122, 123]
[63, 64, 127, 65, 269]
[164, 90, 94]
[171, 11]
[194, 6, 7]
[90, 136, 17, 18]
[247, 264]
[69, 70]
[90, 270]
[167, 4]
[143, 144]
[285, 104, 231]
[64, 344]
[224, 225]
[272, 340]
[129, 54, 55]
[284, 285, 104]
[167, 4, 14, 160]
[244, 63, 64]
[146, 147]
[284, 285, 104, 156]
[302, 11]
[63, 64, 65, 269]
[74, 75]
[206, 41, 7]
[290, 4, 53]
[167, 4, 5]
[64, 127, 189]
[313, 314]
[64, 127]
[100, 127, 65, 269]
[291, 73]
[136, 145, 299]
[58, 59]
[64, 189, 127]
[91, 84]
[29, 5]
[253, 60]
[60, 2, 3]
[244, 63, 64, 182]
[136, 203]
[204, 180, 160]
[82, 4, 53]
[253, 60, 310]
[93, 5]
[91, 55]
[63, 64, 155]
[21, 22]
[178, 222]
[244, 63, 64, 189, 127, 128]
[254, 215]
[181, 70, 84]
[122, 4, 160]
[244, 217, 60, 2]
[285, 104]
[253, 63, 64, 189, 127]
[237, 241]
[32, 15, 245, 256]
[201, 202]
[2, 3]
[172, 173, 215]
[180, 15, 245, 256]
[9, 4, 14]
[64, 65, 66]
[173, 215]
[95, 167, 4, 53]
[87, 88]
[181, 54, 55]
[154, 81, 49]
[204, 180, 15, 41, 7]
[258, 259]
[80, 22]
[145, 100, 127]
[311, 77, 76]
[169, 41, 7]
[136, 145, 100, 127, 189, 101]
[19, 228]
[180, 15, 160]
[141, 142]
[90, 136, 145, 100, 127, 128]
[42, 43]
[32, 212]
[63, 64, 189]
[164, 90, 136, 145, 100, 127, 189]
[217, 60, 310]
[114, 300]
[63, 64, 127, 189, 101]
[15, 276]
[95, 167]
[253, 63, 64, 127, 189]
[170, 31]
[67, 132, 133]
[82, 99]
[126, 76, 77]
[253, 63, 64, 189, 101]
[271, 84]
[164, 90, 136, 145, 299]
[32, 15, 245, 246]
[99, 7]
[292, 11]
[148, 149]
[40, 81]
[224, 70]
[90, 136, 145, 100, 127, 65]
[238, 18]
[164, 90, 136, 145, 100, 127, 65, 269]
[63, 64, 65]
[303, 304]
[60, 310]
[67, 68]
[82, 4, 14, 160]
[253, 63, 64, 189, 127, 66]
[132, 133]
[333, 77, 76, 208]
[164, 90, 136, 145, 100, 127, 189, 101]
[65, 66]
[90, 136, 145, 100]
[82, 4]
[279, 280]
[63, 64]
[166, 99]
[180, 15, 267]
[191, 192]
[95, 4, 160]
[122, 185]
[82, 307]
[306, 88]
[100, 127, 65]
[27, 98]
[244, 63, 64, 189, 127, 65]
[178, 278]
[204, 180, 15, 16]
[297, 24]
[77, 76]
[283, 24]
[253, 63, 64, 127, 189, 101]
[111, 112]
[277, 39, 326]
[204, 180, 15, 332]
[138, 70]
[61, 331]
[253, 63, 64, 189, 127, 65]
[204, 180, 4]
[333, 77, 76]
[195, 196]
[15, 41]
[247, 57]
[195, 293]
[19, 168, 26]
[206, 81]
[213, 214]
[127, 65, 269]
[157, 158]
[268, 269]
[115, 116]
[253, 63, 64, 189, 127, 65, 269]
[145, 100, 127, 66]
[183, 184]
[82, 209]
[176, 70, 84]
[67, 132, 287]
[105, 243]
[64, 155, 156]
[64, 189]
[103, 104, 231]
[180, 15, 41]
[15, 78]
[315, 11]
[46, 47, 71, 37]
[222, 121]
[244, 217, 60, 282]
[244, 217, 60, 270]
[136, 145, 100, 127, 66]
[244, 217, 60]
[122, 4, 14, 160]
[229, 230]
[290, 4, 14]
[136, 213, 305]
[113, 114, 300]
[177, 11]
[103, 104]
[180, 15, 245]
[10, 11]
[127, 189]
[122, 4]
[240, 41, 7]
[145, 100, 127, 65, 66]
[244, 63, 64, 155, 156]
[253, 63, 64, 127, 65, 269]
[178, 179]
[290, 4]
[47, 71]
[145, 100, 127, 65]
[33, 268, 269]
[119, 37]
[136, 145, 100, 127, 65]
[85, 86, 131]
[284, 285]
[105, 232]
[132, 287]
[53, 4, 5]
[253, 63, 64, 155, 156]
[180, 15, 78]
[76, 208]
[32, 15, 41, 7]
[33, 34]
[164, 90, 136, 18]
[25, 26]
[180, 15, 245, 246]
[172, 130]
[204, 180, 4, 160]
[100, 127, 66]
[0, 1]
[180, 15, 41, 7]
[165, 77, 76]
[204, 180, 15, 212]
[205, 215]
[174, 175]
[164, 90, 136, 17, 18]
[64, 155]
[204, 180, 15, 245, 246]
[181, 70]
[164, 90, 136, 145, 100, 127, 65, 66]
[23, 24]
[90, 94]
[103, 104, 156]
[136, 145, 100, 127, 189]
[341, 342]
[100, 127, 128]
[180, 4, 14]
[32, 15, 245]
[223, 149]
[32, 4, 5]
[8, 9, 4, 14]
[294, 295]
[199, 21]
[204, 180, 15, 267]
[30, 31]
[316, 317]
[136, 145, 100, 127, 65, 66]
[239, 192]
[32, 4]
[61, 242]
[32, 15, 78]
[164, 90, 136, 145, 100]
[180, 4, 5]
[8, 4]
[71, 37]
[319, 320]
[29, 97]
[63, 64, 182]
[180, 15, 276]
[189, 127, 65, 66]
[126, 76]
[90, 136, 145, 100, 127, 189]
[35, 11]
[180, 15, 49]
[50, 233]
[80, 98]
[325, 11]
[63, 64, 189, 127, 66]
[100, 127, 65, 66]
[253, 63, 64, 65, 269]
[176, 70]
[244, 217, 60, 296]
[25, 190]
[204, 180, 15, 245, 256]
[44, 45, 309]
[95, 212]
[244, 217, 60, 2, 3]
[85, 86]
[32, 15, 41]
[126, 77]
[322, 301]
[77, 76, 208]
[50, 51]
[286, 287]
[127, 65, 66]
[8, 4, 160]
[32, 15, 332]
[19, 190]
[223, 147]
[90, 136, 145, 102]
[63, 64, 189, 127, 65]
[262, 55]
[9, 4]
[204, 180, 15, 245]
[96, 5]
[120, 121]
[172, 130, 131]
[164, 90, 136, 145, 102]
[14, 160]
[40, 41]
[253, 63, 64, 182]
[9, 4, 5]
[145, 100, 127, 128]
[81, 49]
[32, 15, 212]
[260, 47]
[19, 25, 26]
[180, 15]
[244, 63]
[53, 4]
[64, 127, 65, 66]
[244, 63, 64, 189, 127, 65, 66]
[236, 237]
[64, 65]
[8, 9]
[236, 237, 241]
[113, 114]
[90, 136, 145, 100, 127, 65, 269]
[240, 41]
[152, 24]
[27, 22]
[53, 4, 160]
[338, 109]
[82, 99, 7]
[122, 4, 53]
[154, 81]
[100, 127]
[72, 73]
[165, 77, 76, 208]
[180, 15, 16]
[290, 4, 5]
[48, 49]
[56, 57]
[180, 212]
[253, 63, 64, 189, 127, 65, 66]
[253, 60, 2]
[180, 4, 160]
[168, 26]
[180, 4, 14, 160]
[197, 198]
[345, 142]
[15, 41, 7]
[327, 202, 323]
[15, 49]
[346, 347]
[86, 131]
[124, 216]
[60, 2, 231]
[105, 106]
[206, 41]
[155, 156]
[82, 49]
[136, 145, 100, 127]
[138, 54]
[47, 71, 37]
[321, 198]
[4, 160]
[4, 14, 160]
[136, 18]
[61, 348]
[327, 202]
[217, 60, 2]
[8, 9, 4, 160]
[53, 4, 14]
[193, 11]
[257, 147]
[95, 4]
[213, 305]
[32, 15, 267]
[164, 90, 136, 145, 100, 101]
[166, 99, 7]
[169, 81, 49]
[95, 167, 4, 160]
[204, 180, 4, 14, 160]
[253, 63, 64, 65]
[249, 250, 304]
[39, 326]
[64, 182]
[206, 81, 49]
[244, 63, 64, 101]
[45, 309]
[32, 15, 16]
[136, 17]
[311, 77, 76, 208]
[33, 220, 221]
[159, 160]
[8, 4, 14]
[92, 70]
[136, 145]
[32, 4, 14, 160]
[82, 4, 5]
[76, 77]
[164, 90, 136, 203]
[38, 39, 326]
[90, 136, 203]
[69, 54, 55]
[20, 188]
[253, 63, 64, 127, 128]
[27, 187]
[134, 135]
[19, 25]
[204, 180, 15, 276]
[220, 221]
[136, 145, 100, 101]
[95, 4, 53]
[253, 63, 64, 155]
[261, 5]
[218, 219]
[164, 90, 136, 17]
[180, 15, 332]
[15, 16]
[273, 11]
[199, 21, 22]
[244, 63, 64, 127, 189, 101]
[244, 63, 64, 127]
[110, 98]
[150, 151]
[104, 156]
[60, 296]
[32, 4, 14]
[64, 189, 127, 66]
[92, 70, 84]
[12, 13]
[253, 60, 282]
[32, 4, 160]
[189, 127, 65, 269]
[253, 60, 270]
[95, 167, 4, 5]
[8, 4, 14, 160]
[350, 49]
[180, 15, 212]
[126, 77, 76]
[164, 90, 136, 213]
[244, 63, 64, 127, 66]
[281, 282]
[176, 54]
[288, 289]
[85, 254, 215]
[239, 109]
[64, 127, 65]
[217, 60, 296]
[181, 54]
[224, 70, 84]
[65, 269]
[139, 301]
[64, 189, 127, 65]
[244, 63, 64, 344]
[145, 102]
[90, 136]
[32, 15, 49]
[248, 160]
[64, 127, 128]
[226, 227]
[126, 77, 76, 208]
[265, 266]
[41, 7]
[351, 352]
[63, 64, 127, 189]
[164, 90, 136, 145, 100, 127, 66]
[36, 37]
[52, 39, 326]
[157, 266]
[202, 323]
[244, 63, 64, 189, 101]
[253, 63, 64, 189]
[164, 90, 18]
[204, 180, 212]
[100, 101]
[19, 20]
[64, 127, 66]
[60, 270]
[90, 136, 145, 299]
[277, 39]
[60, 282]
[149, 330]
[244, 63, 64, 65, 66]
[104, 231]
[63, 64, 189, 127, 128]
[318, 135]
[90, 102]
[253, 60, 2, 3]
[265, 158]
[90, 136, 213, 214]
[164, 339]
[67, 132]
[164, 90, 136, 145, 100, 127, 65]
[8, 9, 4, 53]
[204, 180, 4, 14]
[217, 60, 282]
[129, 54]
[217, 60, 270]
[253, 60, 296]
[108, 109]
[32, 15, 276]
[82, 4, 160]
[138, 70, 84]
[244, 63, 64, 189, 127]
[82, 106]
[204, 180, 15, 49]
[244, 63, 64, 189, 127, 66]
[124, 125]
[90, 136, 145, 100, 127, 65, 66]
[210, 211]
[4, 53]
[89, 50, 51]
[63, 64, 189, 127]
[194, 6]
[244, 63, 64, 127, 189]
[250, 304]
[8, 9, 4]
[19, 25, 190]
[90, 18]
[122, 4, 14]
[9, 4, 160]
[52, 39]
[169, 81]
[40, 41, 7]
[240, 81]
[145, 100, 127, 189, 101]
[8, 9, 4, 5]
[90, 136, 145, 100, 127, 66]
[167, 4, 53]
[105, 307]
[32, 160]
[164, 90, 136, 213, 214]
[9, 4, 14, 160]
[244, 217, 60, 310]
[178, 222, 121]
[32, 15, 160]
[53, 4, 14, 160]
[90, 136, 17]
[234, 235]
[15, 245, 246]
[161, 57]
[253, 63, 64, 65, 66]
[63, 64, 189, 101]
[61, 62]
[138, 54, 55]
[244, 63, 64, 65, 269]
[153, 49]
[244, 63, 64, 127, 65, 269]
[253, 63]
[336, 337]
[105, 49]
[251, 252]
[329, 160]
[127, 66]
[89, 50]
[244, 63, 64, 65]
[290, 4, 14, 160]
[349, 202]
[8, 9, 4, 14, 160]
[189, 127, 65]
[298, 227]
[15, 267]
[90, 136, 18]
[189, 101]
[90, 136, 145, 100, 127, 189, 101]
[145, 100, 127, 189]
[107, 11]
[253, 63, 64, 127, 65, 66]
[136, 213]
[249, 250]
[2, 231]
[63, 64, 189, 127, 65, 66]
[244, 63, 64, 127, 65]
[8, 4, 53]
[90, 136, 145]
[63, 64, 127, 65]
[162, 163]
[263, 264]
[204, 180, 15, 160]
[69, 54]
[244, 217]
[244, 63, 64, 189]
[27, 28]
[15, 245, 256]
[253, 63, 64]
[176, 54, 55]
[33, 220]
[139, 140]
[6, 7]
[136, 145, 100, 127, 128]
[218, 68]
[255, 7]
[308, 175]
[33, 268]
[260, 47, 71, 37]
[311, 77]
[290, 4, 160]
[63, 64, 127, 66]
[260, 47, 71]
[164, 90, 136, 145]
[136, 145, 102]
[17, 18]
[145, 100, 127, 65, 269]
[240, 81, 49]
[15, 245]
[145, 100, 101]
[189, 127]
[145, 100]
[180, 4, 53]
[186, 11]
[333, 77]
[67, 200]
[9, 4, 53]
[95, 167, 4]
[189, 127, 128]
[217, 60, 2, 231]
[204, 180, 4, 5]
[253, 63, 64, 127]
[21, 98]
[136, 145, 100, 127, 65, 269]
[204, 180, 4, 53]
[285, 104, 156]
[164, 90, 136, 145, 100, 127, 128]
[164, 90, 136, 145, 100, 127]
[244, 63, 64, 127, 65, 66]
[199, 21, 98]
[204, 180, 15]
[205, 131]
[63, 64, 65, 66]
[110, 22]
[82, 4, 14]
[244, 63, 64, 155]
[223, 149, 330]
[19, 168]
[63, 64, 127]
[95, 4, 14]
[127, 128]
[46, 47, 71]
[69, 70, 84]
[90, 136, 213, 305]
[63, 64, 127, 128]
[79, 11]
[90, 136, 213]
[180, 4]
[63, 64, 344]
[244, 63, 64, 189, 127, 65, 269]
[136, 145, 100]
[32, 4, 53]
[15, 332]
[90, 136, 145, 100, 127]
[96, 97]
[328, 75]
[32, 15]
[40, 81, 49]
[145, 299]
[164, 90, 102]
[67, 132, 312]
[271, 55]
[33, 156]
[100, 127, 189, 101]
[217, 60]
[64, 127, 65, 269]
[82, 232]
[343, 109]
[44, 45]
[95, 167, 4, 14]
[253, 63, 64, 101]
[4, 5]
[64, 65, 269]
[204, 180, 15, 78]
[63, 64, 101]
[349, 202, 323]
[127, 65]
[164, 90, 136, 213, 305]
[189, 127, 66]
[245, 246]
[15, 212]
[165, 77]
[153, 5]
[64, 127, 189, 101]
[95, 167, 4, 14, 160]
[132, 312]
[253, 63, 64, 344]
[137, 112]
[95, 4, 5]
[288, 324]
[19, 20, 188]
[129, 70]
[64, 189, 127, 65, 269]
[148, 149, 330]
[127, 189, 101]
[204, 180, 15, 41]
[90, 136, 145, 100, 101]
[164, 90, 136]
