2,3
2,3,48
2,3,125
2,3,402
2,3,510
2,3,735
2,3,1382
3,48
3,125
3,402
3,510
3,735
3,1382
4,5
4,6
4,959,67,66
4,959,67
4,959
4,959,960
4,959,275
4,959,961
4,959,962
5,4,6
5,4,959,67,66
5,4,959,67
5,4,959
5,4,959,960
5,4,959,275
5,4,959,961
5,4,959,962
6,4,959,67,66
6,4,959,67
6,4,959
6,4,959,960
6,4,959,275
6,4,959,961
6,4,959,962
24,25
24,25,281
24,25,409
24,25,890
24,25,894
24,25,1267
24,25,1432
24,25,1472
24,25,1546
24,25,1549
25,281
25,409
25,890
25,894
25,1267
25,1432
25,1472
25,1546
25,1549
36,37
39,40
48,3,125
48,3,402
48,3,510
48,3,735
48,3,1382
57,58
57,59
57,60
57,61
57,58,1092
58,57,59
58,57,60
58,57,61
58,1092
59,57,60
59,57,61
59,57,58,1092
60,57,61
60,57,58,1092
61,57,58,1092
66,67
66,67,959
66,67,959,960
66,67,959,275
66,67,959,961
66,67,959,962
67,959
67,959,960
67,959,275
67,959,961
67,959,962
75,76
78,79
78,1184,1094,795,1049,1083,79
78,1083,79
78,79,672,153
78,1184,1094,795,1049,1083,79,672,153
78,1083,79,672,153
78,79,672
78,1184,1094,795,1049,1083,79,672
78,1083,79,672
78,79,1083,1049
78,1184,1094,795,1049
78,1083,1049
78,79,1083,1049,889
78,1184,1094,795,1049,889
78,1083,1049,889
78,79,1083,1049,795
78,1184,1094,795
78,1083,1049,795
78,79,1083,1049,795,1094,1054
78,1184,1094,1054
78,1083,1049,795,1094,1054
78,79,1083,1049,795,1094,1054,925
78,1184,1094,1054,925
78,1083,1049,795,1094,1054,925
78,1184,1094,795,1049,1083
78,1083
78,79,1083,1049,795,1094
78,1184,1094
78,1083,1049,795,1094
78,1184
78,79,1083,1049,795,1094,1184,248
78,1184,248
78,1083,1049,795,1094,1184,248
79,672,153
79,672
79,78,1184,1094,795,1049
79,1083,1049
79,78,1184,1094,795,1049,889
79,1083,78,1184,1094,795,1049,889
79,1083,1049,889
79,78,1184,1094,795
79,1083,78,1184,1094,795
79,1083,1049,795
79,78,1184,1094,1054
79,1083,78,1184,1094,1054
79,1083,1049,795,1094,1054
79,78,1184,1094,1054,925
79,1083,78,1184,1094,1054,925
79,1083,1049,795,1094,1054,925
79,1083
79,78,1184,1094
79,1083,78,1184,1094
79,1083,1049,795,1094
79,78,1184
79,1083,78,1184
79,1083,1049,795,1094,1184
79,78,1184,248
79,1083,78,1184,248
79,1083,1049,795,1094,1184,248
84,85
84,1215
84,1215,1050
85,84,1215
85,84,1215,1050
86,87
86,87,1461
86,87,1466,1465
86,87,1466,1465,193
86,87,1466
87,1461
87,1466,1465
87,1466,1465,193
87,1466
105,743
112,113
112,918
112,918,919
112,918,920
112,918,921
112,918,922
112,918,923
112,918,922,861
112,918,919,325
112,918,920,240
112,918,921,439
112,918,923,215
113,112,918
113,112,918,919
113,112,918,920
113,112,918,921
113,112,918,922
113,112,918,923
113,112,918,922,861
113,112,918,919,325
113,112,918,920,240
113,112,918,921,439
113,112,918,923,215
125,3,402
125,3,510
125,3,735
125,3,1382
128,129
128,129,654
128,129,1219
129,654
129,1219
132,133
132,134
132,133,1468
133,132,134
133,1468
134,132,133,1468
138,139
138,139,252
138,139,252,253
138,139,731
138,139,913
138,139,913,914
138,139,913,914,1021
138,139,252,253,1106
138,139,252,253,1520
139,252
139,252,253
139,731
139,913
139,913,914
139,913,914,1021
139,252,253,1106
139,252,253,1520
153,672
153,672,79,78,1184,1094,795,1049
153,672,79,78,1083,1049
153,672,79,1083,1049
153,672,79,78,1184,1094,795,1049,889
153,672,79,78,1083,1049,889
153,672,79,1083,78,1184,1094,795,1049,889
153,672,79,1083,1049,889
153,672,79,78,1184,1094,795
153,672,79,78,1083,1049,795
153,672,79,1083,78,1184,1094,795
153,672,79,1083,1049,795
153,672,79,78,1184,1094,1054
153,672,79,78,1083,1049,795,1094,1054
153,672,79,1083,78,1184,1094,1054
153,672,79,1083,1049,795,1094,1054
153,672,79,78,1184,1094,1054,925
153,672,79,78,1083,1049,795,1094,1054,925
153,672,79,1083,78,1184,1094,1054,925
153,672,79,1083,1049,795,1094,1054,925
153,672,79,1083
153,672,79,78,1184,1094
153,672,79,78,1083,1049,795,1094
153,672,79,1083,78,1184,1094
153,672,79,1083,1049,795,1094
153,672,79,78,1184
153,672,79,1083,78,1184
153,672,79,1083,1049,795,1094,1184
153,672,79,78,1184,248
153,672,79,78,1083,1049,795,1094,1184,248
153,672,79,1083,78,1184,248
153,672,79,1083,1049,795,1094,1184,248
166,167
180,181
180,182
180,183
180,184
180,185
180,1479
180,1479,1251
180,1479,1274
180,1479,966
180,1479,1480
181,180,182
181,180,183
181,180,184
181,180,185
181,180,1479
181,180,1479,1251
181,180,1479,1274
181,180,1479,966
181,180,1479,1480
182,180,183
182,180,184
182,180,185
182,180,1479
182,180,1479,1251
182,180,1479,1274
182,180,1479,966
182,180,1479,1480
183,180,184
183,180,185
183,180,1479
183,180,1479,1251
183,180,1479,1274
183,180,1479,966
183,180,1479,1480
184,180,185
184,180,1479
184,180,1479,1251
184,180,1479,1274
184,180,1479,966
184,180,1479,1480
185,180,1479
185,180,1479,1251
185,180,1479,1274
185,180,1479,966
185,180,1479,1480
201,202
213,214
225,226
234,235
243,244
243,245
244,243,245
252,253
252,139,731
252,139,913
252,139,913,914
252,139,913,914,1021
252,253,1106
252,253,1520
253,252,139,731
253,252,139,913
253,252,139,913,914
253,252,139,913,914,1021
253,1106
253,1520
256,257
256,258,742,97,257
256,258,742,97,1443,400,257
256,258,1443,97,257
256,258,1443,400,257
256,258
256,259
256,260
256,261
256,262
256,257,97,742
256,257,97,1443,258,742
256,257,400,1443,97,742
256,257,400,1443,258,742
256,258,742
256,258,1443,97,742
256,257,97
256,257,400,1443,97
256,258,742,97
256,258,1443,97
256,258,1443,400,257,97
256,257,97,742,258,818
256,257,97,1443,258,818
256,257,400,1443,97,742,258,818
256,257,400,1443,258,818
256,258,818
256,257,400
256,258,742,97,257,400
256,258,742,97,1443,400
256,258,1443,400
256,257,97,1443
256,257,400,1443
256,258,1443
256,257,97,742,258,1554
256,257,97,1443,258,1554
256,257,400,1443,97,742,258,1554
256,257,400,1443,258,1554
256,258,1554
257,256,258
257,97,742,258
257,97,1443,258
257,400,1443,97,742,258
257,400,1443,258
257,256,259
257,97,742,258,256,259
257,97,1443,258,256,259
257,400,1443,97,742,258,256,259
257,400,1443,258,256,259
257,256,260
257,97,742,258,256,260
257,97,1443,258,256,260
257,400,1443,97,742,258,256,260
257,400,1443,258,256,260
257,256,261
257,97,742,258,256,261
257,97,1443,258,256,261
257,400,1443,97,742,258,256,261
257,400,1443,258,256,261
257,256,262
257,97,742,258,256,262
257,97,1443,258,256,262
257,400,1443,97,742,258,256,262
257,400,1443,258,256,262
257,256,258,742
257,97,742
257,97,1443,258,742
257,400,1443,97,742
257,400,1443,258,742
257,97
257,400,1443,97
257,256,258,818
257,97,742,258,818
257,97,1443,258,818
257,400,1443,97,742,258,818
257,400,1443,258,818
257,400
257,256,258,1443
257,97,1443
257,400,1443
257,256,258,1554
257,97,742,258,1554
257,97,1443,258,1554
257,400,1443,97,742,258,1554
257,400,1443,258,1554
258,256,259
258,256,260
258,256,261
258,256,262
258,742
258,1443,97,742
258,256,257,97
258,742,97
258,1443,97
258,1443,400,257,97
258,818
258,256,257,400
258,742,97,257,400
258,742,97,1443,400
258,1443,400
258,1443
258,1554
259,256,260
259,256,261
259,256,262
259,256,257,97,742
259,256,257,97,1443,258,742
259,256,257,400,1443,97,742
259,256,257,400,1443,258,742
259,256,258,742
259,256,258,1443,97,742
259,256,257,97
259,256,257,400,1443,97
259,256,258,742,97
259,256,258,1443,97
259,256,258,1443,400,257,97
259,256,257,97,742,258,818
259,256,257,97,1443,258,818
259,256,257,400,1443,97,742,258,818
259,256,257,400,1443,258,818
259,256,258,818
259,256,257,400
259,256,258,742,97,257,400
259,256,258,742,97,1443,400
259,256,258,1443,400
259,256,257,97,1443
259,256,257,400,1443
259,256,258,1443
259,256,257,97,742,258,1554
259,256,257,97,1443,258,1554
259,256,257,400,1443,97,742,258,1554
259,256,257,400,1443,258,1554
259,256,258,1554
260,256,261
260,256,262
260,256,257,97,742
260,256,257,97,1443,258,742
260,256,257,400,1443,97,742
260,256,257,400,1443,258,742
260,256,258,742
260,256,258,1443,97,742
260,256,257,97
260,256,257,400,1443,97
260,256,258,742,97
260,256,258,1443,97
260,256,258,1443,400,257,97
260,256,257,97,742,258,818
260,256,257,97,1443,258,818
260,256,257,400,1443,97,742,258,818
260,256,257,400,1443,258,818
260,256,258,818
260,256,257,400
260,256,258,742,97,257,400
260,256,258,742,97,1443,400
260,256,258,1443,400
260,256,257,97,1443
260,256,257,400,1443
260,256,258,1443
260,256,257,97,742,258,1554
260,256,257,97,1443,258,1554
260,256,257,400,1443,97,742,258,1554
260,256,257,400,1443,258,1554
260,256,258,1554
261,256,262
261,256,257,97,742
261,256,257,97,1443,258,742
261,256,257,400,1443,97,742
261,256,257,400,1443,258,742
261,256,258,742
261,256,258,1443,97,742
261,256,257,97
261,256,257,400,1443,97
261,256,258,742,97
261,256,258,1443,97
261,256,258,1443,400,257,97
261,256,257,97,742,258,818
261,256,257,97,1443,258,818
261,256,257,400,1443,97,742,258,818
261,256,257,400,1443,258,818
261,256,258,818
261,256,257,400
261,256,258,742,97,257,400
261,256,258,742,97,1443,400
261,256,258,1443,400
261,256,257,97,1443
261,256,257,400,1443
261,256,258,1443
261,256,257,97,742,258,1554
261,256,257,97,1443,258,1554
261,256,257,400,1443,97,742,258,1554
261,256,257,400,1443,258,1554
261,256,258,1554
262,256,257,97,742
262,256,257,97,1443,258,742
262,256,257,400,1443,97,742
262,256,257,400,1443,258,742
262,256,258,742
262,256,258,1443,97,742
262,256,257,97
262,256,257,400,1443,97
262,256,258,742,97
262,256,258,1443,97
262,256,258,1443,400,257,97
262,256,257,97,742,258,818
262,256,257,97,1443,258,818
262,256,257,400,1443,97,742,258,818
262,256,257,400,1443,258,818
262,256,258,818
262,256,257,400
262,256,258,742,97,257,400
262,256,258,742,97,1443,400
262,256,258,1443,400
262,256,257,97,1443
262,256,257,400,1443
262,256,258,1443
262,256,257,97,742,258,1554
262,256,257,97,1443,258,1554
262,256,257,400,1443,97,742,258,1554
262,256,257,400,1443,258,1554
262,256,258,1554
272,273
272,1358
273,272,1358
279,160
281,25,409
281,25,890
281,25,894
281,25,1267
281,25,1432
281,25,1472
281,25,1546
281,25,1549
282,283
282,283,373
282,283,424
282,283,536
282,283,713
282,283,1211,714,713
282,283,713,714
282,283,1211,714
282,283,713,714,1211,1210
282,283,1211,1210
282,283,713,714,1211,1210,186
282,283,1211,1210,186
282,283,1211
282,283,1302
283,373
283,424
283,536
283,713
283,1211,714,713
283,713,714
283,1211,714
283,713,714,1211,1210
283,1211,1210
283,713,714,1211,1210,186
283,1211,1210,186
283,1211
283,1302
289,541
298,299
308,309
308,309,383
308,1128
309,383
309,308,1128
318,285
330,331
330,331,636
330,331,688
330,331,712
330,331,977
331,636
331,688
331,712
331,977
334,335
334,197
334,335,718
334,335,718,122
334,335,1047
334,335,1047,857
334,335,1120
334,335,1120,1121
334,335,1296
334,335,1296,1280
334,335,1426
334,335,1426,1342
335,334,197
335,718
335,718,122
335,1047
335,1047,857
335,1120
335,1120,1121
335,1296
335,1296,1280
335,1426
335,1426,1342
197,334,335,718
197,334,335,718,122
197,334,335,1047
197,334,335,1047,857
197,334,335,1120
197,334,335,1120,1121
197,334,335,1296
197,334,335,1296,1280
197,334,335,1426
197,334,335,1426,1342
338,12
338,339,368,12
338,340,368,12
338,341,369,367,368,12
338,341,368,12
338,367,368,12
338,339
338,340,368,339
338,341,369,367,368,339
338,341,368,339
338,367,368,339
338,340
338,341,369,367,368,340
338,341,368,340
338,367,368,340
338,341
338,367,368,341
338,367,369,341
338,367
338,12,368
338,339,368
338,340,368
338,341,369,367,368
338,341,368
338,367,368
338,12,368,367,369
338,12,368,341,369
338,339,368,367,369
338,339,368,341,369
338,340,368,367,369
338,340,368,341,369
338,341,369
338,367,369
338,12,368,367,369,341,791
338,12,368,341,791
338,339,368,367,369,341,791
338,339,368,341,791
338,340,368,367,369,341,791
338,340,368,341,791
338,341,791
338,367,368,341,791
338,367,369,341,791
12,338,339
12,338,340,368,339
12,338,341,369,367,368,339
12,338,341,368,339
12,338,367,368,339
12,368,339
12,338,340
12,338,341,369,367,368,340
12,338,341,368,340
12,338,367,368,340
12,368,340
12,338,341
12,338,367,368,341
12,338,367,369,341
12,368,367,369,341
12,368,341
12,338,367
12,368,367
12,368
12,338,339,368,367,369
12,338,339,368,341,369
12,338,340,368,367,369
12,338,340,368,341,369
12,338,341,369
12,338,367,369
12,368,367,369
12,368,341,369
12,338,339,368,367,369,341,791
12,338,339,368,341,791
12,338,340,368,367,369,341,791
12,338,340,368,341,791
12,338,341,791
12,338,367,368,341,791
12,338,367,369,341,791
12,368,367,369,341,791
12,368,341,791
339,338,340
339,338,341,369,367,368,340
339,338,341,368,340
339,338,367,368,340
339,368,340
339,338,341
339,338,367,368,341
339,338,367,369,341
339,368,367,369,341
339,368,341
339,338,367
339,368,367
339,368
339,338,340,368,367,369
339,338,340,368,341,369
339,338,341,369
339,338,367,369
339,368,367,369
339,368,341,369
339,338,340,368,367,369,341,791
339,338,340,368,341,791
339,338,341,791
339,338,367,368,341,791
339,338,367,369,341,791
339,368,367,369,341,791
339,368,341,791
340,338,341
340,338,367,368,341
340,338,367,369,341
340,368,367,369,341
340,368,341
340,338,367
340,368,367
340,368
340,338,341,369
340,338,367,369
340,368,367,369
340,368,341,369
340,338,341,791
340,338,367,368,341,791
340,338,367,369,341,791
340,368,367,369,341,791
340,368,341,791
341,338,367
341,369,367
341,368,367
341,369,367,368
341,368
341,369
341,791
344,345
344,346
344,345,317
345,344,346
345,317
346,344,345,317
362,363
362,364,1008,363
362,364
362,363,1008,364,430
362,364,430
362,363,1008,364,631
362,364,631
362,363,1008
362,364,1008
363,362,364
363,1008,364
363,362,364,430
363,1008,364,430
363,362,364,631
363,1008,364,631
363,1008
364,430
364,631
364,1008
367,368
367,369
367,368,341,791
367,338,341,791
367,369,341,791
368,367,369
368,341,369
368,367,369,341,791
368,341,791
369,341,791
373,283,424
373,283,536
373,283,713
373,283,1211,714,713
373,283,713,714
373,283,1211,714
373,283,713,714,1211,1210
373,283,1211,1210
373,283,713,714,1211,1210,186
373,283,1211,1210,186
373,283,1211
373,283,1302
383,309,308,1128
389,390
394,395
394,1564
395,394,1564
396,397
396,398
396,397,858
396,397,1146,858
396,397,1146
396,397,1519
396,397,1519,617
396,397,1519,1518
397,396,398
397,858
397,1146,858
397,1146
397,1519
397,1519,617
397,1519,1518
398,396,397,858
398,396,397,1146,858
398,396,397,1146
398,396,397,1519
398,396,397,1519,617
398,396,397,1519,1518
402,3,510
402,3,735
402,3,1382
409,25,890
409,25,894
409,25,1267
409,25,1432
409,25,1472
409,25,1546
409,25,1549
424,283,536
424,283,713
424,283,1211,714,713
424,283,713,714
424,283,1211,714
424,283,713,714,1211,1210
424,283,1211,1210
424,283,713,714,1211,1210,186
424,283,1211,1210,186
424,283,1211
424,283,1302
430,364,631
430,364,1008
437,438
437,438,1060
437,438,1265
438,1060
438,1265
441,442
441,115,660,442
441,115,660,661,758,442
441,115,660,661,1396,442
441,115,758,442
441,115,758,661,1396,442
441,115,983,442
441,115,1396,442
441,115
441,442,660
441,442,758,115,660
441,442,758,115,1396,661,660
441,442,758,661,660
441,442,983,115,660
441,442,983,115,758,661,660
441,442,983,115,1396,661,660
441,442,1396,115,660
441,442,1396,661,660
441,115,660
441,115,758,661,660
441,115,1396,661,660
441,442,660,661
441,442,758,661
441,442,983,115,660,661
441,442,983,115,758,661
441,442,983,115,1396,661
441,442,1396,661
441,115,660,661
441,115,758,661
441,115,1396,661
441,442,758
441,442,983,115,758
441,442,983,115,1396,661,758
441,442,1396,115,758
441,442,1396,661,758
441,115,758
441,115,1396,661,758
441,442,983
441,442,1396,115,983
441,115,983
441,442,1396
441,115,1396
442,441,115
442,660,115
442,660,661,758,115
442,660,661,1396,115
442,758,115
442,758,661,1396,115
442,983,115
442,1396,115
442,660
442,758,115,660
442,758,115,1396,661,660
442,758,661,660
442,983,115,660
442,983,115,758,661,660
442,983,115,1396,661,660
442,1396,115,660
442,1396,661,660
442,441,115,660,661
442,441,115,758,661
442,441,115,1396,661
442,660,661
442,758,661
442,983,115,660,661
442,983,115,758,661
442,983,115,1396,661
442,1396,661
442,758
442,983,115,758
442,983,115,1396,661,758
442,1396,115,758
442,1396,661,758
442,983
442,1396,115,983
442,1396
115,660
115,758,661,660
115,1396,661,660
115,660,661
115,758,661
115,1396,661
115,758
115,1396,661,758
115,983
115,1396
453,100
453,100,517
453,100,680
453,100,952
100,517
100,680
100,952
463,460
476,305
482,483
482,483,1501
483,1501
498,278
498,198
278,498,198
500,479
500,501,1269,479
500,501
500,479,1269
500,501,1269
479,500,501
479,1269,501
479,1269
501,1269
510,3,735
510,3,1382
517,100,680
517,100,952
521,522
521,522,1162
521,522,1293
522,1162
522,1293
527,313
528,529
528,530
528,531
528,168
528,532
528,431
528,533
528,534
528,535
529,528,530
529,528,531
529,528,168
529,528,532
529,528,431
529,528,533
529,528,534
529,528,535
530,528,531
530,528,168
530,528,532
530,528,431
530,528,533
530,528,534
530,528,535
531,528,168
531,528,532
531,528,431
531,528,533
531,528,534
531,528,535
168,528,532
168,528,431
168,528,533
168,528,534
168,528,535
532,528,431
532,528,533
532,528,534
532,528,535
431,528,533
431,528,534
431,528,535
533,528,534
533,528,535
534,528,535
536,283,713
536,283,1211,714,713
536,283,713,714
536,283,1211,714
536,283,713,714,1211,1210
536,283,1211,1210
536,283,713,714,1211,1210,186
536,283,1211,1210,186
536,283,1211
536,283,1302
562,297
569,82
569,82,1380
82,1380
570,571
577,89
577,89,1143
89,1143
578,579
578,579,1017
579,1017
581,582
581,1187
582,581,1187
585,586
587,588
587,588,669
587,1087
587,588,1526
587,588,1526,429
587,588,1526,1051
588,669
588,587,1087
588,1526
588,1526,429
588,1526,1051
596,597
598,599
602,466
602,603
466,602,603
620,512
621,622
621,622,825
621,622,872
622,825
622,872
636,331,688
636,331,712
636,331,977
645,642
645,646
645,646,1006
645,646,1569
645,646,1569,1339
642,645,646
642,645,646,1006
642,645,646,1569
642,645,646,1569,1339
646,1006
646,1569
646,1569,1339
656,657
656,805
657,656,805
660,661
660,442,758
660,442,983,115,758
660,442,983,115,1396,661,758
660,442,1396,115,758
660,442,1396,661,758
660,115,758
660,115,1396,661,758
660,661,758
660,442,983
660,442,1396,115,983
660,115,983
660,661,758,442,983
660,661,758,115,983
660,661,1396,442,983
660,661,1396,115,983
660,442,1396
660,115,1396
660,661,1396
661,758
661,660,442,983
661,660,115,983
661,758,442,983
661,758,115,983
661,1396,442,983
661,1396,115,983
661,1396
669,588,587,1087
669,588,1526
669,588,1526,429
669,588,1526,1051
672,79,78,1184,1094,795,1049
672,79,78,1083,1049
672,79,1083,1049
672,79,78,1184,1094,795,1049,889
672,79,78,1083,1049,889
672,79,1083,78,1184,1094,795,1049,889
672,79,1083,1049,889
672,79,78,1184,1094,795
672,79,78,1083,1049,795
672,79,1083,78,1184,1094,795
672,79,1083,1049,795
672,79,78,1184,1094,1054
672,79,78,1083,1049,795,1094,1054
672,79,1083,78,1184,1094,1054
672,79,1083,1049,795,1094,1054
672,79,78,1184,1094,1054,925
672,79,78,1083,1049,795,1094,1054,925
672,79,1083,78,1184,1094,1054,925
672,79,1083,1049,795,1094,1054,925
672,79,1083
672,79,78,1184,1094
672,79,78,1083,1049,795,1094
672,79,1083,78,1184,1094
672,79,1083,1049,795,1094
672,79,78,1184
672,79,1083,78,1184
672,79,1083,1049,795,1094,1184
672,79,78,1184,248
672,79,78,1083,1049,795,1094,1184,248
672,79,1083,78,1184,248
672,79,1083,1049,795,1094,1184,248
677,678
680,100,952
688,331,712
688,331,977
689,690
694,695
694,695,782
695,782
710,372
712,331,977
713,714
713,283,1211,1210
713,714,1211,1210
713,283,1211,1210,186
713,714,1211,1210,186
713,283,1211
713,714,1211
713,283,1302
713,714,1211,283,1302
714,1211,1210
714,1211,1210,186
714,1211
714,713,283,1302
714,1211,283,1302
715,716
718,122
718,335,1047
718,335,1047,857
718,335,1120
718,335,1120,1121
718,335,1296
718,335,1296,1280
718,335,1426
718,335,1426,1342
122,718,335,1047
122,718,335,1047,857
122,718,335,1120
122,718,335,1120,1121
122,718,335,1296
122,718,335,1296,1280
122,718,335,1426
122,718,335,1426,1342
725,726
731,139,913
731,139,913,914
731,139,913,914,1021
731,139,252,253,1106
731,139,252,253,1520
735,3,1382
738,254
742,97
742,258,818
742,97,1443,258,818
742,258,256,257,400
742,258,1443,400
742,97,257,400
742,97,1443,400
742,258,1443
742,97,1443
742,258,1554
742,97,1443,258,1554
97,742,258,818
97,257,256,258,818
97,257,400,1443,258,818
97,1443,400,257,256,258,818
97,1443,258,818
97,257,400
97,1443,400
97,1443
97,742,258,1554
97,257,256,258,1554
97,257,400,1443,258,1554
97,1443,400,257,256,258,1554
97,1443,258,1554
753,754
758,442,983
758,442,1396,115,983
758,115,983
758,661,1396,442,983
758,661,1396,115,983
758,442,1396
758,115,1396
758,661,1396
796,145
631,364,1008
817,611
818,258,256,257,400
818,258,742,97,257,400
818,258,742,97,1443,400
818,258,1443,400
818,258,1443
818,258,1554
820,821
823,177
826,457
400,1443
400,257,256,258,1554
400,257,97,742,258,1554
400,1443,97,742,258,1554
400,1443,258,1554
842,843
844,845
844,255
844,706
844,706,1464
844,706,1464,969
844,706,1464,17
844,706,1507
845,844,255
845,844,706
845,844,706,1464
845,844,706,1464,969
845,844,706,1464,17
845,844,706,1507
255,844,706
255,844,706,1464
255,844,706,1464,969
255,844,706,1464,17
255,844,706,1507
706,1464
706,1464,969
706,1464,17
706,1507
850,851
858,1146
858,397,1519
858,1146,397,1519
858,397,1519,617
858,1146,397,1519,617
858,397,1519,1518
858,1146,397,1519,1518
825,622,872
884,885
890,25,894
890,25,1267
890,25,1432
890,25,1472
890,25,1546
890,25,1549
892,893
894,25,1267
894,25,1432
894,25,1472
894,25,1546
894,25,1549
909,408
909,408,1033
408,1033
910,911
910,380
910,835
910,912
911,910,380
911,910,835
911,910,912
380,910,835
380,910,912
835,910,912
913,914
913,914,1021
913,139,252,253,1106
913,139,252,253,1520
914,1021
914,913,139,252,253,1106
914,913,139,252,253,1520
918,919
918,920
918,921
918,922
918,923
918,922,861
918,919,325
918,920,240
918,921,439
918,923,215
919,918,920
919,918,921
919,918,922
919,918,923
919,918,922,861
919,325
919,918,920,240
919,918,921,439
919,918,923,215
920,918,921
920,918,922
920,918,923
920,918,922,861
920,918,919,325
920,240
920,918,921,439
920,918,923,215
921,918,922
921,918,923
921,918,922,861
921,918,919,325
921,918,920,240
921,439
921,918,923,215
922,918,923
922,861
922,918,919,325
922,918,920,240
922,918,921,439
922,918,923,215
923,918,922,861
923,918,919,325
923,918,920,240
923,918,921,439
923,215
949,356
955,956
959,960
959,275
959,961
959,962
960,959,275
960,959,961
960,959,962
275,959,961
275,959,962
961,959,962
964,187
983,442,1396
983,115,1396
986,207
986,207,1253
207,1253
987,988
987,300
988,987,300
861,922,918,919,325
861,922,918,920,240
861,922,918,921,439
861,922,918,923,215
1006,646,1569
1006,646,1569,1339
1009,1010
1009,307
1010,1009,307
1011,1012
1021,914,913,139,252,253,1106
1021,914,913,139,252,253,1520
1023,609
1041,1042
1041,1042,1329
1042,1329
1043,337
654,129,1219
1047,857
1047,335,1120
1047,335,1120,1121
1047,335,1296
1047,335,1296,1280
1047,335,1426
1047,335,1426,1342
857,1047,335,1120
857,1047,335,1120,1121
857,1047,335,1296
857,1047,335,1296,1280
857,1047,335,1426
857,1047,335,1426,1342
1049,889
1049,795
1049,795,1094,1054
1049,1083,79,78,1184,1094,1054
1049,1083,78,1184,1094,1054
1049,795,1094,1054,925
1049,1083,79,78,1184,1094,1054,925
1049,1083,78,1184,1094,1054,925
1049,1083
1049,795,1094
1049,1083,79,78,1184,1094
1049,1083,78,1184,1094
1049,795,1094,1184
1049,1083,79,78,1184
1049,1083,78,1184
1049,795,1094,1184,248
1049,1083,79,78,1184,248
1049,1083,78,1184,248
889,1049,795
889,1049,1083,78,1184,1094,795
889,1049,795,1094,1054
889,1049,1083,79,78,1184,1094,1054
889,1049,1083,78,1184,1094,1054
889,1049,795,1094,1054,925
889,1049,1083,79,78,1184,1094,1054,925
889,1049,1083,78,1184,1094,1054,925
889,1049,1083
889,1049,795,1094
889,1049,1083,79,78,1184,1094
889,1049,1083,78,1184,1094
889,1049,795,1094,1184
889,1049,1083,79,78,1184
889,1049,1083,78,1184
889,1049,795,1094,1184,248
889,1049,1083,79,78,1184,248
889,1049,1083,78,1184,248
795,1049,1083,79,78,1184,1094,1054
795,1049,1083,78,1184,1094,1054
795,1094,1054
795,1049,1083,79,78,1184,1094,1054,925
795,1049,1083,78,1184,1094,1054,925
795,1094,1054,925
795,1049,1083
795,1094,1184,78,1083
795,1094
795,1049,1083,79,78,1184
795,1049,1083,78,1184
795,1094,1184
795,1049,1083,79,78,1184,248
795,1049,1083,78,1184,248
795,1094,1184,248
1054,925
1054,1094,795,1049,1083
1054,1094,1184,78,1083
1054,1094
1054,1094,1184
1054,1094,795,1049,1083,79,78,1184,248
1054,1094,795,1049,1083,78,1184,248
1054,1094,1184,248
925,1054,1094,795,1049,1083
925,1054,1094,1184,78,1083
925,1054,1094
925,1054,1094,1184
925,1054,1094,795,1049,1083,79,78,1184,248
925,1054,1094,795,1049,1083,78,1184,248
925,1054,1094,1184,248
1060,438,1265
1071,1029
1071,1029,1492
1029,1492
1083,78,1184,1094
1083,1049,795,1094
1083,78,1184
1083,1049,795,1094,1184
1083,78,1184,248
1083,1049,795,1094,1184,248
1087,587,588,1526
1087,587,588,1526,429
1087,587,588,1526,1051
1094,1184
1094,1184,248
1096,572
1096,572,1180
572,1180
1098,649
1106,253,1520
1107,294
1111,401
1120,1121
1120,335,1296
1120,335,1296,1280
1120,335,1426
1120,335,1426,1342
1121,1120,335,1296
1121,1120,335,1296,1280
1121,1120,335,1426
1121,1120,335,1426,1342
1130,290
1146,397,1519
1146,397,1519,617
1146,397,1519,1518
1157,667
1161,879
1161,1477
1161,1477,1295
1161,1477,1191
879,1161,1477
879,1161,1477,1295
879,1161,1477,1191
1162,522,1293
1168,1169
1184,248
1185,1186
1194,1195
1210,186
1210,1211
1210,1211,283,1302
1210,1211,714,713,283,1302
186,1210,1211
186,1210,1211,283,1302
186,1210,1211,714,713,283,1302
1211,283,1302
1215,1050
1217,1218
1217,1218,336,1447
1217,1218,336
1217,1218,1470
1218,336,1447
1218,336
1218,1470
325,919,918,920,240
325,919,918,921,439
325,919,918,923,215
1262,897
1262,179
897,1262,179
1263,1264
1263,568
1264,1263,568
1267,25,1432
1267,25,1472
1267,25,1546
1267,25,1549
1271,899
240,920,918,921,439
240,920,918,923,215
1276,659
1296,1280
1296,335,1426
1296,335,1426,1342
1280,1296,335,1426
1280,1296,335,1426,1342
1325,936
1348,1150
1348,1150,1397
1150,1397
1349,793
1363,320
1367,650
1374,1375
1402,461
1418,606
1426,1342
1432,25,1472
1432,25,1546
1432,25,1549
1438,583
1443,258,1554
1447,336
1447,336,1218,1470
336,1218,1470
1448,1429
1454,1281
439,921,918,923,215
1460,1182
1461,87,1466,1465
1461,87,1466,1465,193
1461,87,1466
1462,1104
1464,969
1464,17
1464,706,1507
969,1464,17
969,1464,706,1507
17,1464,706,1507
1465,193
1465,1466
193,1465,1466
1467,452
1472,25,1546
1472,25,1549
1477,1295
1477,1191
1295,1477,1191
1479,1251
1479,1274
1479,966
1479,1480
1251,1479,1274
1251,1479,966
1251,1479,1480
1274,1479,966
1274,1479,1480
966,1479,1480
1482,1079
1482,490
1482,1550
1079,1482,490
1079,1482,1550
490,1482,1550
1486,1245
1502,30
1515,1103
1519,617
1519,1518
617,1519,1518
1526,429
1526,1051
429,1526,1051
1532,767
1533,1409
1544,628
1546,25,1549
1548,779
1559,915
1565,1114
1569,1339
