0 1
2 3
4 5
6 7
8 9
10 11
12 13
4 14
15 16
17 18
19 20
21 22
23 24
25 26
27 28
29 5
30 31
32 4
33 34
35 11
36 37
38 39
40 41
42 43
44 45
46 47
48 49
50 4
51 52
53 54
55 56
57 2
58 59
60 61
62 63
64 65
32 15
45 66
67 68
69 70
71 72
15 73
74 11
75 22
76 47
77 47
78 41
79 80
81 82
83 84
85 48
9 4
86 18
87 1
88 5
86 89
90 4
91 92
75 93
94 7
95 96
86 97
98 99
100 101
102 11
103 104
105 93
106 107
108 109
27 22
110 37
111 112
113 114
87 52
15 39
8 4
115 116
117 71
118 119
120 51
121 122
77 94
123 124
95 118
125 126
127 18
128 107
129 130
131 132
113 4
133 134
100 47
127 135
136 137
138 139
140 141
142 24
143 5
144 76
145 146
147 148
149 150
91 5
82 122
151 54
15 150
152 153
154 86
155 72
156 94
90 157
158 26
159 39
160 31
161 11
162 163
61 118
164 165
61 96
118 62
166 11
105 22
167 4
15 47
168 51
61 169
170 171
77 172
173 11
27 174
20 175
176 118
25 177
178 179
180 11
181 6
182 183
184 185
186 21
64 187
188 189
127 190
191 167
192 122
4 150
193 39
194 130
72 71
71 195
77 196
197 198
90 199
200 201
163 202
115 203
204 57
205 206
207 208
209 112
210 139
39 7
86 127
211 212
19 213
214 215
99 216
77 217
127 200
48 218
15 199
219 220
167 15
221 222
223 18
33 207
143 47
224 179
14 150
225 76
222 226
127 17
58 227
100 228
229 60
230 231
232 150
233 234
235 236
224 104
237 60
77 101
162 121
238 202
239 7
230 240
241 137
242 243
244 45
19 177
15 230
245 5
246 80
118 63
247 248
77 4
15 249
250 251
57 252
253 80
254 5
255 11
256 257
27 93
15 258
117 72
135 95
61 145
259 260
261 262
263 24
246 52
159 76
264 265
205 65
266 267
268 269
2 216
270 4
87 107
271 68
272 11
182 273
29 92
229 204
274 275
57 276
247 148
277 24
86 252
278 212
135 279
109 280
123 267
253 52
129 281
282 11
283 284
167 199
200 285
64 123
286 84
33 146
157 4
100 217
147 248
77 287
38 76
288 165
43 289
57 290
291 72
19 158
123 292
293 294
87 80
295 11
296 297
176 96
298 126
299 300
66 37
167 150
210 137
192 202
301 185
302 281
61 176
225 39
189 303
268 304
305 11
118 176
306 189
19 25
307 308
81 238
309 70
310 150
168 79
139 311
58 312
237 57
15 313
265 99
314 72
99 146
315 316
135 97
32 150
317 318
319 104
32 199
193 76
154 320
62 251
254 321
322 323
324 104
61 325
326 132
4 50
57 262
327 328
113 172
100 287
21 93
58 329
120 79
330 189
331 47
61 62
234 284
33 250
332 333
