7,8
7,8,53,52
7,8,53
8,53,52
8,53
15,16
19,20
19,20,23
19,20,24
19,20,106
19,20,167
20,23
20,24
20,106
20,167
23,20,24
23,20,106
23,20,167
24,20,106
24,20,167
28,29
31,32
38,39
38,39,188
38,39,213
39,188
39,213
40,41
46,47
46,138,139,183,27,48
46,138,139,183,48
46,138,139,183,27
46,138,139,183,27,48,49
46,138,139,183,48,49
46,47,64
46,138
46,138,139
46,138,139,183
46,138,139,183,58
46,138,139,183,184,58
46,138,139,183,184
46,47,193
47,46,138,139,183,27,48
47,46,138,139,183,48
47,46,138,139,183,27
47,46,138,139,183,27,48,49
47,46,138,139,183,48,49
47,64
47,46,138
47,46,138,139
47,46,138,139,183
47,46,138,139,183,58
47,46,138,139,183,184,58
47,46,138,139,183,184
47,193
48,27
48,183,27
48,49
48,27,183,139,138,46,47,64
48,183,139,138,46,47,64
48,27,183,139,138
48,183,139,138
48,27,183,139
48,183,139
48,183
48,27,183,58
48,27,183,184,58
48,183,58
48,183,184,58
48,27,183,184
48,183,184
48,27,183,139,138,46,47,193
48,183,139,138,46,47,193
27,48,49
27,183,48,49
27,183,139,138,46,47,64
27,183,139,138
27,183,139
27,183
27,183,58
27,183,184,58
27,183,184
27,183,139,138,46,47,193
49,48,27,183,139,138,46,47,64
49,48,183,139,138,46,47,64
49,48,27,183,139,138
49,48,183,139,138
49,48,27,183,139
49,48,183,139
49,48,183
49,48,27,183,58
49,48,27,183,184,58
49,48,183,58
49,48,183,184,58
49,48,27,183,184
49,48,183,184
49,48,27,183,139,138,46,47,193
49,48,183,139,138,46,47,193
52,53
55,56
55,57,74,75,56
55,57,74,75,161,56
55,57,161,56
55,57,161,75,56
55,57
55,56,75,74
55,56,161,57,74
55,56,161,75,74
55,57,74
55,57,161,75,74
55,56,75
55,56,161,75
55,57,74,75
55,57,161,75
55,56,75,74,57,113
55,56,75,161,57,113
55,56,161,57,113
55,56,161,75,74,57,113
55,57,113
55,56,161
55,57,161
55,56,75,74,57,161,9
55,56,75,161,9
55,56,161,9
55,57,74,75,161,9
55,57,161,9
55,56,75,74,57,113,176
55,56,75,161,57,113,176
55,56,161,57,113,176
55,56,161,75,74,57,113,176
55,57,113,176
56,55,57
56,75,74,57
56,75,161,57
56,161,57
56,161,75,74,57
56,55,57,74
56,75,74
56,161,57,74
56,161,75,74
56,75
56,161,75
56,55,57,113
56,75,74,57,113
56,75,161,57,113
56,161,57,113
56,161,75,74,57,113
56,161
56,55,57,161,9
56,75,74,57,161,9
56,75,161,9
56,161,9
56,55,57,113,176
56,75,74,57,113,176
56,75,161,57,113,176
56,161,57,113,176
56,161,75,74,57,113,176
57,74
57,161,75,74
57,55,56,75
57,74,75
57,161,75
57,113
57,161
57,55,56,75,161,9
57,74,75,161,9
57,161,9
57,113,176
64,47,46,138
64,47,46,138,139
64,47,46,138,139,183
64,47,46,138,139,183,58
64,47,46,138,139,183,184,58
64,47,46,138,139,183,184
64,47,193
68,69
68,80
68,80,81
69,68,80
69,68,80,81
74,75
74,57,113
74,75,161,57,113
74,57,161
74,75,161
74,57,55,56,161,9
74,57,161,9
74,75,56,161,9
74,75,161,9
74,57,113,176
74,75,161,57,113,176
75,74,57,113
75,56,55,57,113
75,161,57,113
75,161
75,161,9
75,74,57,113,176
75,56,55,57,113,176
75,161,57,113,176
76,77
76,77,135,107,154,156,162,164,99,98
76,77,135,107,154,156,162,164,99
76,77,135
76,77,135,107
76,77,135,107,152
76,77,135,107,154
76,77,135,107,154,155
76,77,135,107,154,156
76,77,135,107,154,157
76,77,135,107,154,158
76,77,135,159
76,77,135,107,154,156,162
76,77,135,107,154,156,162,163
76,77,135,107,154,156,162,164
76,77,135,107,166
76,77,135,212
77,135,107,154,156,162,164,99,98
77,135,107,154,156,162,164,99
77,135
77,135,107
77,135,107,152
77,135,107,154
77,135,107,154,155
77,135,107,154,156
77,135,107,154,157
77,135,107,154,158
77,135,159
77,135,107,154,156,162
77,135,107,154,156,162,163
77,135,107,154,156,162,164
77,135,107,166
77,135,212
80,81
95,96
95,96,208
95,96,208,210
95,96,208,210,211
96,208
96,208,210
96,208,210,211
98,99
98,99,164,162,156,154,107,135
98,99,164,162,156,154,107
98,99,164,162,156,154,107,152
98,99,164,162,156,154
98,99,164,162,156,154,155
98,99,164,162,156
98,99,164,162,156,154,157
98,99,164,162,156,154,158
98,99,164,162,156,154,107,135,159
98,99,164,162
98,99,164,162,163
98,99,164
98,99,164,162,156,154,107,166
98,99,164,162,156,154,107,135,212
99,164,162,156,154,107,135
99,164,162,156,154,107
99,164,162,156,154,107,152
99,164,162,156,154
99,164,162,156,154,155
99,164,162,156
99,164,162,156,154,157
99,164,162,156,154,158
99,164,162,156,154,107,135,159
99,164,162
99,164,162,163
99,164
99,164,162,156,154,107,166
99,164,162,156,154,107,135,212
102,103
102,88
102,88,105
102,88,109
102,88,131
102,88,132
102,88,181
102,88,230
103,102,88
103,102,88,105
103,102,88,109
103,102,88,131
103,102,88,132
103,102,88,181
103,102,88,230
88,105
88,109
88,131
88,132
88,181
88,230
105,88,109
105,88,131
105,88,132
105,88,181
105,88,230
106,20,167
109,88,131
109,88,132
109,88,181
109,88,230
113,57,161
113,57,55,56,75,161,9
113,57,55,56,161,9
113,57,74,75,56,161,9
113,57,74,75,161,9
113,57,161,9
113,176
122,123
122,124
122,125
122,126
123,122,124
123,122,125
123,122,126
124,122,125
124,122,126
125,122,126
131,88,132
131,88,181
131,88,230
132,88,181
132,88,230
135,107
135,107,152
135,107,154
135,107,154,155
135,107,154,156
135,107,154,157
135,107,154,158
135,159
135,107,154,156,162
135,107,154,156,162,163
135,107,154,156,162,164
135,107,166
135,212
107,152
107,154
107,154,155
107,154,156
107,154,157
107,154,158
107,135,159
107,154,156,162
107,154,156,162,163
107,154,156,162,164
107,166
107,135,212
138,139
138,139,183
138,139,183,58
138,139,183,184,58
138,139,183,184
138,46,47,193
139,183
139,183,58
139,183,184,58
139,183,184
139,138,46,47,193
140,91
146,147
146,148
146,149
146,35
147,146,148
147,146,149
147,146,35
148,146,149
148,146,35
149,146,35
152,107,154
152,107,154,155
152,107,154,156
152,107,154,157
152,107,154,158
152,107,135,159
152,107,154,156,162
152,107,154,156,162,163
152,107,154,156,162,164
152,107,166
152,107,135,212
154,155
154,156
154,157
154,158
154,107,135,159
154,156,162
154,156,162,163
154,156,162,164
154,107,166
154,107,135,212
155,154,156
155,154,157
155,154,158
155,154,107,135,159
155,154,156,162
155,154,156,162,163
155,154,156,162,164
155,154,107,166
155,154,107,135,212
156,154,157
156,154,158
156,154,107,135,159
156,162
156,162,163
156,162,164
156,154,107,166
156,154,107,135,212
157,154,158
157,154,107,135,159
157,154,156,162
157,154,156,162,163
157,154,156,162,164
157,154,107,166
157,154,107,135,212
158,154,107,135,159
158,154,156,162
158,154,156,162,163
158,154,156,162,164
158,154,107,166
158,154,107,135,212
159,135,107,154,156,162
159,135,107,154,156,162,163
159,135,107,154,156,162,164
159,135,107,166
159,135,212
161,9
161,57,113,176
9,161,56,55,57,113,176
9,161,56,75,74,57,113,176
9,161,57,113,176
9,161,75,74,57,113,176
9,161,75,56,55,57,113,176
162,163
162,164
162,156,154,107,166
162,156,154,107,135,212
163,162,164
163,162,156,154,107,166
163,162,156,154,107,135,212
164,162,156,154,107,166
164,162,156,154,107,135,212
166,107,135,212
172,173
172,173,185
173,185
181,88,230
183,58
183,184,58
183,184
183,139,138,46,47,193
58,184
58,183,139,138,46,47,193
58,184,183,139,138,46,47,193
184,183,139,138,46,47,193
188,39,213
192,177
201,202
208,210
208,210,211
210,211
216,112
220,63
220,63,223
63,223
