6,7
6,8
7,6,8
25,26
25,27
25,28,49,27
25,184,440,48,49,27
25,184,440,441,49,27
25,28
25,184,440,48,49,28
25,184,440,441,49,28
25,27,49,48
25,27,49,441,440,48
25,28,49,48
25,28,49,441,440,48
25,184,440,48
25,184,440,441,49,48
25,27,49
25,28,49
25,184,440,48,49
25,184,440,441,49
25,27,49,48,50
25,27,49,441,440,48,50
25,28,49,48,50
25,28,49,441,440,48,50
25,184,440,48,50
25,184,440,441,49,48,50
25,27,49,48,51
25,27,49,441,440,48,51
25,28,49,48,51
25,28,49,441,440,48,51
25,184,440,48,51
25,184,440,441,49,48,51
25,184
25,27,49,28,168
25,28,168
25,184,440,48,49,28,168
25,184,440,441,49,28,168
25,27,49,28,281
25,28,281
25,184,440,48,49,28,281
25,184,440,441,49,28,281
25,27,49,48,440
25,27,49,441,440
25,28,49,48,440
25,28,49,441,440
25,184,440
25,27,49,441
25,28,49,441
25,184,440,441
25,27,529
25,28,49,27,529
25,184,440,48,49,27,529
25,184,440,441,49,27,529
25,27,530
25,28,49,27,530
25,184,440,48,49,27,530
25,184,440,441,49,27,530
25,27,49,48,440,441,609
25,27,49,441,609
25,28,49,48,440,441,609
25,28,49,441,609
25,184,440,48,49,441,609
25,184,440,441,609
25,27,49,48,440,441,546
25,27,49,441,546
25,28,49,48,440,441,546
25,28,49,441,546
25,184,440,48,49,441,546
25,184,440,441,546
26,25,27
26,25,28,49,27
26,25,184,440,48,49,27
26,25,184,440,441,49,27
26,25,28
26,25,184,440,48,49,28
26,25,184,440,441,49,28
26,25,27,49,48
26,25,27,49,441,440,48
26,25,28,49,48
26,25,28,49,441,440,48
26,25,184,440,48
26,25,184,440,441,49,48
26,25,27,49
26,25,28,49
26,25,184,440,48,49
26,25,184,440,441,49
26,25,27,49,48,50
26,25,27,49,441,440,48,50
26,25,28,49,48,50
26,25,28,49,441,440,48,50
26,25,184,440,48,50
26,25,184,440,441,49,48,50
26,25,27,49,48,51
26,25,27,49,441,440,48,51
26,25,28,49,48,51
26,25,28,49,441,440,48,51
26,25,184,440,48,51
26,25,184,440,441,49,48,51
26,25,184
26,25,27,49,28,168
26,25,28,168
26,25,184,440,48,49,28,168
26,25,184,440,441,49,28,168
26,25,27,49,28,281
26,25,28,281
26,25,184,440,48,49,28,281
26,25,184,440,441,49,28,281
26,25,27,49,48,440
26,25,27,49,441,440
26,25,28,49,48,440
26,25,28,49,441,440
26,25,184,440
26,25,27,49,441
26,25,28,49,441
26,25,184,440,441
26,25,27,529
26,25,28,49,27,529
26,25,184,440,48,49,27,529
26,25,184,440,441,49,27,529
26,25,27,530
26,25,28,49,27,530
26,25,184,440,48,49,27,530
26,25,184,440,441,49,27,530
26,25,27,49,48,440,441,609
26,25,27,49,441,609
26,25,28,49,48,440,441,609
26,25,28,49,441,609
26,25,184,440,48,49,441,609
26,25,184,440,441,609
26,25,27,49,48,440,441,546
26,25,27,49,441,546
26,25,28,49,48,440,441,546
26,25,28,49,441,546
26,25,184,440,48,49,441,546
26,25,184,440,441,546
27,25,28
27,25,184,440,48,49,28
27,25,184,440,441,49,28
27,49,28
27,25,28,49,48
27,25,28,49,441,440,48
27,25,184,440,48
27,25,184,440,441,49,48
27,49,48
27,49,441,440,48
27,49
27,25,28,49,48,50
27,25,28,49,441,440,48,50
27,25,184,440,48,50
27,25,184,440,441,49,48,50
27,49,48,50
27,49,28,25,184,440,48,50
27,49,441,440,48,50
27,25,28,49,48,51
27,25,28,49,441,440,48,51
27,25,184,440,48,51
27,25,184,440,441,49,48,51
27,49,48,51
27,49,28,25,184,440,48,51
27,49,441,440,48,51
27,25,184
27,49,48,440,184
27,49,28,25,184
27,49,441,440,184
27,25,28,168
27,25,184,440,48,49,28,168
27,25,184,440,441,49,28,168
27,49,28,168
27,25,28,281
27,25,184,440,48,49,28,281
27,25,184,440,441,49,28,281
27,49,28,281
27,25,28,49,48,440
27,25,28,49,441,440
27,25,184,440
27,49,48,440
27,49,28,25,184,440
27,49,441,440
27,25,28,49,441
27,25,184,440,441
27,49,441
27,529
27,530
27,25,28,49,48,440,441,609
27,25,28,49,441,609
27,25,184,440,48,49,441,609
27,25,184,440,441,609
27,49,48,440,441,609
27,49,28,25,184,440,441,609
27,49,441,609
27,25,28,49,48,440,441,546
27,25,28,49,441,546
27,25,184,440,48,49,441,546
27,25,184,440,441,546
27,49,48,440,441,546
27,49,28,25,184,440,441,546
27,49,441,546
28,25,184,440,48
28,25,184,440,441,49,48
28,49,48
28,49,441,440,48
28,49
28,25,184,440,48,50
28,25,184,440,441,49,48,50
28,49,48,50
28,49,441,440,48,50
28,25,184,440,48,51
28,25,184,440,441,49,48,51
28,49,48,51
28,49,441,440,48,51
28,25,184
28,49,48,440,184
28,49,441,440,184
28,168
28,281
28,25,184,440
28,49,48,440
28,49,441,440
28,25,184,440,441
28,49,441
28,25,27,529
28,25,184,440,48,49,27,529
28,25,184,440,441,49,27,529
28,49,27,529
28,25,27,530
28,25,184,440,48,49,27,530
28,25,184,440,441,49,27,530
28,49,27,530
28,25,184,440,48,49,441,609
28,25,184,440,441,609
28,49,48,440,441,609
28,49,441,609
28,25,184,440,48,49,441,546
28,25,184,440,441,546
28,49,48,440,441,546
28,49,441,546
36,37
36,37,412
36,37,413
36,37,414
36,37,415,517,414
36,37,415
36,37,414,517
36,37,415,517
36,37,414,517,551
36,37,415,517,551
37,412
37,413
37,414
37,415,517,414
37,415
37,414,517
37,415,517
37,414,517,551
37,415,517,551
38,39
48,49
48,440,441,49
48,50
48,51
48,49,28,25,184
48,49,27,25,184
48,49,441,440,184
48,440,184
48,49,28,168
48,49,27,25,28,168
48,49,441,440,184,25,28,168
48,440,184,25,28,168
48,440,441,49,28,168
48,440,441,49,27,25,28,168
48,49,28,281
48,49,27,25,28,281
48,49,441,440,184,25,28,281
48,440,184,25,28,281
48,440,441,49,28,281
48,440,441,49,27,25,28,281
48,440
48,49,441
48,440,441
48,49,28,25,27,529
48,49,27,529
48,49,441,440,184,25,27,529
48,440,184,25,27,529
48,440,441,49,28,25,27,529
48,440,441,49,27,529
48,49,28,25,27,530
48,49,27,530
48,49,441,440,184,25,27,530
48,440,184,25,27,530
48,440,441,49,28,25,27,530
48,440,441,49,27,530
48,49,441,609
48,440,441,609
48,49,441,546
48,440,441,546
49,48,50
49,28,25,184,440,48,50
49,27,25,184,440,48,50
49,441,440,48,50
49,48,51
49,28,25,184,440,48,51
49,27,25,184,440,48,51
49,441,440,48,51
49,48,440,184
49,28,25,184
49,27,25,184
49,441,440,184
49,28,168
49,28,281
49,48,440
49,28,25,184,440
49,27,25,184,440
49,441,440
49,441
49,27,529
49,27,530
49,48,440,441,609
49,28,25,184,440,441,609
49,27,25,184,440,441,609
49,441,609
49,48,440,441,546
49,28,25,184,440,441,546
49,27,25,184,440,441,546
49,441,546
50,48,51
50,48,49,28,25,184
50,48,49,27,25,184
50,48,49,441,440,184
50,48,440,184
50,48,49,28,168
50,48,49,27,25,28,168
50,48,49,441,440,184,25,28,168
50,48,440,184,25,27,49,28,168
50,48,440,184,25,28,168
50,48,440,441,49,28,168
50,48,440,441,49,27,25,28,168
50,48,49,28,281
50,48,49,27,25,28,281
50,48,49,441,440,184,25,28,281
50,48,440,184,25,27,49,28,281
50,48,440,184,25,28,281
50,48,440,441,49,28,281
50,48,440,441,49,27,25,28,281
50,48,440
50,48,49,441
50,48,440,441
50,48,49,28,25,27,529
50,48,49,27,529
50,48,49,441,440,184,25,27,529
50,48,440,184,25,27,529
50,48,440,184,25,28,49,27,529
50,48,440,441,49,28,25,27,529
50,48,440,441,49,27,529
50,48,49,28,25,27,530
50,48,49,27,530
50,48,49,441,440,184,25,27,530
50,48,440,184,25,27,530
50,48,440,184,25,28,49,27,530
50,48,440,441,49,28,25,27,530
50,48,440,441,49,27,530
50,48,49,28,25,184,440,441,609
50,48,49,27,25,184,440,441,609
50,48,49,441,609
50,48,440,441,609
50,48,49,28,25,184,440,441,546
50,48,49,27,25,184,440,441,546
50,48,49,441,546
50,48,440,441,546
51,48,49,28,25,184
51,48,49,27,25,184
51,48,49,441,440,184
51,48,440,184
51,48,49,28,168
51,48,49,27,25,28,168
51,48,49,441,440,184,25,28,168
51,48,440,184,25,27,49,28,168
51,48,440,184,25,28,168
51,48,440,441,49,28,168
51,48,440,441,49,27,25,28,168
51,48,49,28,281
51,48,49,27,25,28,281
51,48,49,441,440,184,25,28,281
51,48,440,184,25,27,49,28,281
51,48,440,184,25,28,281
51,48,440,441,49,28,281
51,48,440,441,49,27,25,28,281
51,48,440
51,48,49,441
51,48,440,441
51,48,49,28,25,27,529
51,48,49,27,529
51,48,49,441,440,184,25,27,529
51,48,440,184,25,27,529
51,48,440,184,25,28,49,27,529
51,48,440,441,49,28,25,27,529
51,48,440,441,49,27,529
51,48,49,28,25,27,530
51,48,49,27,530
51,48,49,441,440,184,25,27,530
51,48,440,184,25,27,530
51,48,440,184,25,28,49,27,530
51,48,440,441,49,28,25,27,530
51,48,440,441,49,27,530
51,48,49,28,25,184,440,441,609
51,48,49,27,25,184,440,441,609
51,48,49,441,609
51,48,440,441,609
51,48,49,28,25,184,440,441,546
51,48,49,27,25,184,440,441,546
51,48,49,441,546
51,48,440,441,546
72,73
72,73,122
72,73,603
73,122
73,603
74,75
74,75,193
75,193
102,103
102,103,100,114
102,103,114
102,103,100
103,100,114
103,114
103,100
107,108
114,100
122,73,603
137,138
137,138,280,279
137,138,280
138,280,279
138,280
160,161
160,31
160,11
160,162
160,163
160,164
160,67
161,160,31
161,160,11
161,160,162
161,160,163
161,160,164
161,160,67
31,160,11
31,160,162
31,160,163
31,160,164
31,160,67
11,160,162
11,160,163
11,160,164
11,160,67
162,160,163
162,160,164
162,160,67
163,160,164
163,160,67
164,160,67
184,25,27,49,28,168
184,25,28,168
184,440,48,49,28,168
184,440,441,49,28,168
184,25,27,49,28,281
184,25,28,281
184,440,48,49,28,281
184,440,441,49,28,281
184,440
184,25,27,49,441
184,25,28,49,441
184,440,441
184,25,27,529
184,25,28,49,27,529
184,440,48,49,27,529
184,440,441,49,27,529
184,25,27,530
184,25,28,49,27,530
184,440,48,49,27,530
184,440,441,49,27,530
184,25,27,49,441,609
184,25,28,49,441,609
184,440,48,49,441,609
184,440,441,609
184,25,27,49,441,546
184,25,28,49,441,546
184,440,48,49,441,546
184,440,441,546
187,188
187,143,669,130,523,188
187,5,966,130,523,188
187,189,918,130,523,188
187,190,375,130,523,188
187,143
187,5,966,130,669,143
187,189,918,130,669,143
187,190,375,130,669,143
187,5
187,189,918,130,966,5
187,190,375,130,966,5
187,189
187,190,375,130,918,189
187,190
187,188,523,130,375
187,143,669,130,375
187,5,966,130,375
187,189,918,130,375
187,190,375
187,188,523,130
187,143,669,130
187,5,966,130
187,189,918,130
187,190,375,130
187,188,523
187,143,669,130,523
187,5,966,130,523
187,189,918,130,523
187,190,375,130,523
187,188,523,130,669
187,143,669
187,5,966,130,669
187,189,918,130,669
187,190,375,130,669
187,188,523,130,918
187,143,669,130,918
187,5,966,130,918
187,189,918
187,190,375,130,918
187,188,523,130,966
187,143,669,130,966
187,5,966
187,189,918,130,966
187,190,375,130,966
188,187,143
188,187,5,966,130,669,143
188,187,189,918,130,669,143
188,187,190,375,130,669,143
188,523,130,375,190,187,143
188,523,130,669,143
188,523,130,918,189,187,143
188,523,130,966,5,187,143
188,187,5
188,187,189,918,130,966,5
188,187,190,375,130,966,5
188,523,130,375,190,187,5
188,523,130,669,143,187,5
188,523,130,918,189,187,5
188,523,130,966,5
188,187,189
188,187,190,375,130,918,189
188,523,130,375,190,187,189
188,523,130,669,143,187,189
188,523,130,918,189
188,523,130,966,5,187,189
188,187,190
188,523,130,375,190
188,523,130,669,143,187,190
188,523,130,918,189,187,190
188,523,130,966,5,187,190
188,187,143,669,130,375
188,187,5,966,130,375
188,187,189,918,130,375
188,187,190,375
188,523,130,375
188,523,130,669,143,187,190,375
188,523,130,918,189,187,190,375
188,523,130,966,5,187,190,375
188,187,143,669,130
188,187,5,966,130
188,187,189,918,130
188,187,190,375,130
188,523,130
188,523
188,187,143,669
188,187,5,966,130,669
188,187,189,918,130,669
188,187,190,375,130,669
188,523,130,669
188,523,130,918,189,187,143,669
188,523,130,966,5,187,143,669
188,187,143,669,130,918
188,187,5,966,130,918
188,187,189,918
188,187,190,375,130,918
188,523,130,918
188,523,130,966,5,187,189,918
188,187,143,669,130,966
188,187,5,966
188,187,189,918,130,966
188,187,190,375,130,966
188,523,130,966
143,187,5
143,187,189,918,130,966,5
143,187,190,375,130,966,5
143,669,130,375,190,187,5
143,669,130,918,189,187,5
143,669,130,966,5
143,187,189
143,187,190,375,130,918,189
143,669,130,375,190,187,189
143,669,130,918,189
143,669,130,966,5,187,189
143,187,190
143,669,130,375,190
143,669,130,918,189,187,190
143,669,130,966,5,187,190
143,187,188,523,130,375
143,187,5,966,130,375
143,187,189,918,130,375
143,187,190,375
143,669,130,375
143,669,130,918,189,187,190,375
143,669,130,966,5,187,190,375
143,187,188,523,130
143,187,5,966,130
143,187,189,918,130
143,187,190,375,130
143,669,130
143,187,188,523
143,187,5,966,130,523
143,187,189,918,130,523
143,187,190,375,130,523
143,669,130,523
143,669
143,187,188,523,130,918
143,187,5,966,130,918
143,187,189,918
143,187,190,375,130,918
143,669,130,918
143,669,130,966,5,187,189,918
143,187,188,523,130,966
143,187,5,966
143,187,189,918,130,966
143,187,190,375,130,966
143,669,130,966
5,187,189
5,187,190,375,130,918,189
5,966,130,375,190,187,189
5,966,130,918,189
5,187,190
5,966,130,375,190
5,966,130,918,189,187,190
5,187,188,523,130,375
5,187,143,669,130,375
5,187,189,918,130,375
5,187,190,375
5,966,130,375
5,966,130,918,189,187,190,375
5,187,188,523,130
5,187,143,669,130
5,187,189,918,130
5,187,190,375,130
5,966,130
5,187,188,523
5,187,143,669,130,523
5,187,189,918,130,523
5,187,190,375,130,523
5,966,130,523
5,187,188,523,130,669
5,187,143,669
5,187,189,918,130,669
5,187,190,375,130,669
5,966,130,669
5,187,188,523,130,918
5,187,143,669,130,918
5,187,189,918
5,187,190,375,130,918
5,966,130,918
5,966
189,187,190
189,918,130,375,190
189,187,188,523,130,375
189,187,143,669,130,375
189,187,5,966,130,375
189,187,190,375
189,918,130,375
189,187,188,523,130
189,187,143,669,130
189,187,5,966,130
189,187,190,375,130
189,918,130
189,187,188,523
189,187,143,669,130,523
189,187,5,966,130,523
189,187,190,375,130,523
189,918,130,523
189,187,188,523,130,669
189,187,143,669
189,187,5,966,130,669
189,187,190,375,130,669
189,918,130,669
189,918
189,187,188,523,130,966
189,187,143,669,130,966
189,187,5,966
189,187,190,375,130,966
189,918,130,966
190,375
190,187,188,523,130
190,187,143,669,130
190,187,5,966,130
190,187,189,918,130
190,375,130
190,187,188,523
190,187,143,669,130,523
190,187,5,966,130,523
190,187,189,918,130,523
190,375,130,523
190,187,188,523,130,669
190,187,143,669
190,187,5,966,130,669
190,187,189,918,130,669
190,375,130,669
190,187,188,523,130,918
190,187,143,669,130,918
190,187,5,966,130,918
190,187,189,918
190,375,130,918
190,187,188,523,130,966
190,187,143,669,130,966
190,187,5,966
190,187,189,918,130,966
190,375,130,966
209,210
209,211
209,212
209,213
209,214
209,215
209,210,235
209,215,714
209,210,235,778
210,209,211
210,209,212
210,209,213
210,209,214
210,209,215
210,235
210,209,215,714
210,235,778
211,209,212
211,209,213
211,209,214
211,209,215
211,209,210,235
211,209,215,714
211,209,210,235,778
212,209,213
212,209,214
212,209,215
212,209,210,235
212,209,215,714
212,209,210,235,778
213,209,214
213,209,215
213,209,210,235
213,209,215,714
213,209,210,235,778
214,209,215
214,209,210,235
214,209,215,714
214,209,210,235,778
215,209,210,235
215,714
215,209,210,235,778
235,210,209,215,714
235,778
246,247
246,248,370,247
246,249,370,247
246,369,370,247
246,248
246,249,370,248
246,369,370,248
246,249
246,369,370,249
246,369
246,247,370
246,248,370
246,249,370
246,369,370
246,247,370,725
246,248,370,725
246,249,370,725
246,369,370,725
246,247,370,725,754
246,248,370,725,754
246,249,370,725,754
246,369,370,725,754
246,247,370,725,754,755
246,248,370,725,754,755
246,249,370,725,754,755
246,369,370,725,754,755
246,247,370,725,754,755,322
246,248,370,725,754,755,322
246,249,370,725,754,755,322
246,369,370,725,754,755,322
247,246,248
247,246,249,370,248
247,246,369,370,248
247,370,248
247,246,249
247,246,369,370,249
247,370,249
247,246,369
247,370,369
247,370
247,246,248,370,725
247,246,249,370,725
247,246,369,370,725
247,370,725
247,246,248,370,725,754
247,246,249,370,725,754
247,246,369,370,725,754
247,370,725,754
247,246,248,370,725,754,755
247,246,249,370,725,754,755
247,246,369,370,725,754,755
247,370,725,754,755
247,246,248,370,725,754,755,322
247,246,249,370,725,754,755,322
247,246,369,370,725,754,755,322
247,370,725,754,755,322
248,246,249
248,246,369,370,249
248,370,249
248,246,369
248,370,369
248,370
248,246,249,370,725
248,246,369,370,725
248,370,725
248,246,249,370,725,754
248,246,369,370,725,754
248,370,725,754
248,246,249,370,725,754,755
248,246,369,370,725,754,755
248,370,725,754,755
248,246,249,370,725,754,755,322
248,246,369,370,725,754,755,322
248,370,725,754,755,322
249,246,369
249,370,369
249,370
249,246,369,370,725
249,370,725
249,246,369,370,725,754
249,370,725,754
249,246,369,370,725,754,755
249,370,725,754,755
249,246,369,370,725,754,755,322
249,370,725,754,755,322
253,254
253,254,498,497
253,254,498
254,498,497
254,498
260,261
260,262,380,261
260,262,481,261
260,262,894,261
260,262,943,261
260,262
260,261,380
260,261,481,262,380
260,261,894,262,380
260,261,943,262,380
260,262,380
260,261,481
260,261,894,262,481
260,261,943,262,481
260,262,481
260,261,894
260,261,943,262,894
260,262,894
260,261,943
260,262,943
261,260,262
261,380,262
261,481,262
261,894,262
261,943,262
261,380
261,481,262,380
261,894,262,380
261,943,262,380
261,481
261,894,262,481
261,943,262,481
261,894
261,943,262,894
261,943
262,380
262,481
262,894
262,943
279,280
283,111
296,230
296,230,389
230,389
302,303
336,337
360,361
168,28,281
168,28,25,27,49,48,440
168,28,25,27,49,441,440
168,28,25,184,440
168,28,49,48,440
168,28,49,27,25,184,440
168,28,49,441,440
168,28,25,27,49,441
168,28,25,184,440,441
168,28,49,441
168,28,25,27,529
168,28,25,184,440,48,49,27,529
168,28,25,184,440,441,49,27,529
168,28,49,27,529
168,28,25,27,530
168,28,25,184,440,48,49,27,530
168,28,25,184,440,441,49,27,530
168,28,49,27,530
168,28,25,27,49,48,440,441,609
168,28,25,27,49,441,609
168,28,25,184,440,48,49,441,609
168,28,25,184,440,441,609
168,28,49,48,440,441,609
168,28,49,27,25,184,440,441,609
168,28,49,441,609
168,28,25,27,49,48,440,441,546
168,28,25,27,49,441,546
168,28,25,184,440,48,49,441,546
168,28,25,184,440,441,546
168,28,49,48,440,441,546
168,28,49,27,25,184,440,441,546
168,28,49,441,546
281,28,25,27,49,48,440
281,28,25,27,49,441,440
281,28,25,184,440
281,28,49,48,440
281,28,49,27,25,184,440
281,28,49,441,440
281,28,25,27,49,441
281,28,25,184,440,441
281,28,49,441
281,28,25,27,529
281,28,25,184,440,48,49,27,529
281,28,25,184,440,441,49,27,529
281,28,49,27,529
281,28,25,27,530
281,28,25,184,440,48,49,27,530
281,28,25,184,440,441,49,27,530
281,28,49,27,530
281,28,25,27,49,48,440,441,609
281,28,25,27,49,441,609
281,28,25,184,440,48,49,441,609
281,28,25,184,440,441,609
281,28,49,48,440,441,609
281,28,49,27,25,184,440,441,609
281,28,49,441,609
281,28,25,27,49,48,440,441,546
281,28,25,27,49,441,546
281,28,25,184,440,48,49,441,546
281,28,25,184,440,441,546
281,28,49,48,440,441,546
281,28,49,27,25,184,440,441,546
281,28,49,441,546
367,368
369,370
369,370,725
369,370,725,754
369,370,725,754,755
369,370,725,754,755,322
370,725
370,725,754
370,725,754,755
370,725,754,755,322
375,130
375,190,187,188,523
375,190,187,143,669,130,523
375,190,187,5,966,130,523
375,190,187,189,918,130,523
375,130,523
375,130,669,143,187,188,523
375,130,918,189,187,188,523
375,130,966,5,187,188,523
375,190,187,188,523,130,669
375,190,187,143,669
375,190,187,5,966,130,669
375,190,187,189,918,130,669
375,130,669
375,130,918,189,187,143,669
375,130,966,5,187,143,669
375,190,187,188,523,130,918
375,190,187,143,669,130,918
375,190,187,5,966,130,918
375,190,187,189,918
375,130,918
375,130,966,5,187,189,918
375,190,187,188,523,130,966
375,190,187,143,669,130,966
375,190,187,5,966
375,190,187,189,918,130,966
375,130,966
130,523
130,669
130,918
130,966
380,261,481
380,261,894,262,481
380,261,943,262,481
380,262,481
380,261,894
380,261,943,262,894
380,262,894
380,261,943
380,262,943
403,404
412,37,413
412,37,414
412,37,415,517,414
412,37,415
412,37,414,517
412,37,415,517
412,37,414,517,551
412,37,415,517,551
413,37,414
413,37,415,517,414
413,37,415
413,37,414,517
413,37,415,517
413,37,414,517,551
413,37,415,517,551
414,37,415
414,517,415
414,517
414,37,415,517,551
414,517,551
415,517
415,517,551
417,418
420,400
424,425
440,441
440,184,25,27,529
440,184,25,28,49,27,529
440,48,49,28,25,27,529
440,48,49,27,529
440,441,49,28,25,27,529
440,441,49,27,529
440,184,25,27,530
440,184,25,28,49,27,530
440,48,49,28,25,27,530
440,48,49,27,530
440,441,49,28,25,27,530
440,441,49,27,530
440,441,609
440,441,546
441,440,184,25,27,529
441,49,28,25,27,529
441,49,27,529
441,440,184,25,27,530
441,49,28,25,27,530
441,49,27,530
441,609
441,546
456,457
456,458
456,288
457,456,458
457,456,288
458,456,288
481,261,894
481,261,943,262,894
481,262,894
481,261,943
481,262,943
487,488
497,498
514,515
514,515,635
515,635
517,551
523,188,187,143,669
523,188,187,5,966,130,669
523,188,187,189,918,130,669
523,130,669
523,130,918,189,187,143,669
523,130,966,5,187,143,669
523,188,187,143,669,130,918
523,188,187,5,966,130,918
523,188,187,189,918
523,130,918
523,130,966,5,187,189,918
523,188,187,143,669,130,966
523,188,187,5,966
523,188,187,189,918,130,966
523,130,966
525,526
529,27,530
529,27,25,28,49,48,440,441,609
529,27,25,28,49,441,609
529,27,25,184,440,48,49,441,609
529,27,25,184,440,441,609
529,27,49,48,440,441,609
529,27,49,28,25,184,440,441,609
529,27,49,441,609
529,27,25,28,49,48,440,441,546
529,27,25,28,49,441,546
529,27,25,184,440,48,49,441,546
529,27,25,184,440,441,546
529,27,49,48,440,441,546
529,27,49,28,25,184,440,441,546
529,27,49,441,546
530,27,25,28,49,48,440,441,609
530,27,25,28,49,441,609
530,27,25,184,440,48,49,441,609
530,27,25,184,440,441,609
530,27,49,48,440,441,609
530,27,49,28,25,184,440,441,609
530,27,49,441,609
530,27,25,28,49,48,440,441,546
530,27,25,28,49,441,546
530,27,25,184,440,48,49,441,546
530,27,25,184,440,441,546
530,27,49,48,440,441,546
530,27,49,28,25,184,440,441,546
530,27,49,441,546
540,541
540,542
541,540,542
557,558
609,441,546
642,643
644,645
669,143,187,5,966,130,918
669,143,187,189,918
669,130,918
669,130,966,5,187,189,918
669,143,187,5,966
669,143,187,189,918,130,966
669,130,966
714,215,209,210,235,778
725,754
725,754,755
725,754,755,322
754,755
754,755,322
755,322
764,553
785,423
837,661
850,18
866,468
870,871
894,261,943
894,262,943
917,46
918,189,187,5,966
918,130,966
963,719
993,159
1002,610
