11,12
33,34
33,34,83
33,34,87
33,34,485
33,34,672
33,34,781
33,34,1066
33,34,1111
33,34,1231
33,34,1239
34,83
34,87
34,485
34,672
34,781
34,1066
34,1111
34,1231
34,1239
46,47
46,48
46,996
47,46,48
47,46,996
48,46,996
53,54
53,54,1258
54,1258
57,58
71,72
71,73,154,72
71,73,154,74,437,72
71,73,322,72
71,73,437,72
71,73,593,72
71,74,154,72
71,74,154,73,322,72
71,74,154,73,593,72
71,74,437,72
71,74,437,73,322,72
71,74,437,73,593,72
71,73
71,74,154,73
71,74,437,73
71,74
71,72,154
71,72,322,73,154
71,72,322,73,437,74,154
71,72,437,73,154
71,72,437,74,154
71,72,593,73,154
71,72,593,73,437,74,154
71,73,154
71,73,437,74,154
71,74,154
71,72,322
71,72,437,73,322
71,72,593,73,322
71,73,322
71,74,154,72,322
71,74,154,72,593,73,322
71,74,154,73,322
71,74,437,72,322
71,74,437,72,593,73,322
71,74,437,73,322
71,72,437
71,72,593,73,437
71,73,437
71,74,437
71,72,593
71,73,593
71,74,154,72,593
71,74,154,73,593
71,74,437,72,593
71,74,437,73,593
72,71,73
72,71,74,154,73
72,71,74,437,73
72,154,73
72,154,74,437,73
72,322,73
72,437,73
72,593,73
72,71,74
72,154,74
72,322,73,71,74
72,322,73,154,74
72,322,73,437,74
72,437,74
72,593,73,71,74
72,593,73,154,74
72,593,73,437,74
72,154
72,322,73,154
72,322,73,437,74,154
72,437,73,154
72,437,74,154
72,593,73,154
72,593,73,437,74,154
72,322
72,437,73,322
72,593,73,322
72,437
72,593,73,437
72,593
73,71,74
73,154,74
73,437,74
73,154
73,437,74,154
73,322
73,437
73,593
74,154
74,71,72,322
74,71,72,593,73,322
74,71,73,322
74,154,72,322
74,154,72,593,73,322
74,154,73,322
74,437,72,322
74,437,72,593,73,322
74,437,73,322
74,437
74,71,72,593
74,71,73,593
74,154,72,593
74,154,73,593
74,437,72,593
74,437,73,593
83,34,87
83,34,485
83,34,672
83,34,781
83,34,1066
83,34,1111
83,34,1231
83,34,1239
87,34,485
87,34,672
87,34,781
87,34,1066
87,34,1111
87,34,1231
87,34,1239
108,62
111,112
114,115
114,115,893
115,893
125,126
125,557,126
125,557
125,650
125,650,651
125,1183
125,1183,401
125,1183,1184
126,557
126,125,650
126,557,125,650
126,125,650,651
126,557,125,650,651
126,125,1183
126,557,125,1183
126,125,1183,401
126,557,125,1183,401
126,125,1183,1184
126,557,125,1183,1184
128,129
130,36
130,131
130,36,321
36,130,131
36,321
131,130,36,321
132,133
132,134
132,134,267
132,133,300
132,134,441
132,134,441,354
132,134,441,354,487
132,134,1149
132,134,441,354,1186
133,132,134
133,132,134,267
133,300
133,132,134,441
133,132,134,441,354
133,132,134,441,354,487
133,132,134,1149
133,132,134,441,354,1186
134,267
134,132,133,300
134,441
134,441,354
134,441,354,487
134,1149
134,441,354,1186
138,139
138,140
138,141
138,142
138,143
138,144
138,141,221
138,143,29
138,139,556
138,140,415
138,142,706
138,144,389
139,138,140
139,138,141
139,138,142
139,138,143
139,138,144
139,138,141,221
139,138,143,29
139,556
139,138,140,415
139,138,142,706
139,138,144,389
140,138,141
140,138,142
140,138,143
140,138,144
140,138,141,221
140,138,143,29
140,138,139,556
140,415
140,138,142,706
140,138,144,389
141,138,142
141,138,143
141,138,144
141,221
141,138,143,29
141,138,139,556
141,138,140,415
141,138,142,706
141,138,144,389
142,138,143
142,138,144
142,138,141,221
142,138,143,29
142,138,139,556
142,138,140,415
142,706
142,138,144,389
143,138,144
143,138,141,221
143,29
143,138,139,556
143,138,140,415
143,138,142,706
143,138,144,389
144,138,141,221
144,138,143,29
144,138,139,556
144,138,140,415
144,138,142,706
144,389
154,72,322
154,72,437,73,322
154,72,593,73,322
154,73,322
154,74,437,72,322
154,74,437,72,593,73,322
154,74,437,73,322
154,72,437
154,72,593,73,437
154,73,437
154,74,437
154,72,593
154,73,593
154,74,437,72,593
154,74,437,73,593
171,172
178,179
178,496,206,204
178,496,909,206,204
178,496,206,204,205
178,496,909,206,204,205
178,496,206
178,496,909,206
178,496,206,204,207
178,496,909,206,204,207
178,496,206,909,225
178,496,909,225
178,496,206,909,225,226
178,496,909,225,226
178,496
178,496,909
179,178,496,206,204
179,178,496,909,206,204
179,178,496,206,204,205
179,178,496,909,206,204,205
179,178,496,206
179,178,496,909,206
179,178,496,206,204,207
179,178,496,909,206,204,207
179,178,496,206,909,225
179,178,496,909,225
179,178,496,206,909,225,226
179,178,496,909,225,226
179,178,496
179,178,496,909
181,182
196,197
196,198
196,198,469
196,198,469,470
196,198,900
197,196,198
197,196,198,469
197,196,198,469,470
197,196,198,900
198,469
198,469,470
198,900
204,205
204,206
204,207
204,206,496,909,225
204,206,909,225
204,206,496,909,225,226
204,206,909,225,226
204,206,496
204,206,909,496
204,206,909
205,204,206
205,204,207
205,204,206,496,909,225
205,204,206,909,225
205,204,206,496,909,225,226
205,204,206,909,225,226
205,204,206,496
205,204,206,909,496
205,204,206,909
206,204,207
206,496,909,225
206,909,225
206,496,909,225,226
206,909,225,226
206,496
206,909,496
206,909
207,204,206,496,909,225
207,204,206,909,225
207,204,206,496,909,225,226
207,204,206,909,225,226
207,204,206,496
207,204,206,909,496
207,204,206,909
210,122
210,973
210,973,974
122,210,973
122,210,973,974
219,220
219,220,513
220,513
221,141,138,143,29
221,141,138,139,556
221,141,138,140,415
221,141,138,142,706
221,141,138,144,389
225,226
225,909,496
225,909
226,225,909,496
226,225,909
238,239
242,243
242,244
243,242,244
252,253
252,253,344
252,253,690
253,344
253,690
267,134,132,133,300
267,134,441
267,134,441,354
267,134,441,354,487
267,134,1149
267,134,441,354,1186
29,143,138,139,556
29,143,138,140,415
29,143,138,142,706
29,143,138,144,389
283,284
283,285
284,283,285
287,288
297,127
300,133,132,134,441
300,133,132,134,441,354
300,133,132,134,441,354,487
300,133,132,134,1149
300,133,132,134,441,354,1186
301,155
301,155,767
155,767
322,72,437
322,72,593,73,437
322,73,437
322,72,593
322,73,593
323,324
323,324,983,836
323,324,983,836,837
323,324,463
323,324,983
324,983,836
324,983,836,837
324,463
324,983
338,339
338,339,918
339,918
341,342
344,253,690
349,350
349,23
349,350,514
349,350,514,515
349,350,570
349,350,570,367
349,350,847
349,350,847,808
349,350,1059
349,350,1059,940
349,350,1121
349,350,1121,237
350,349,23
350,514
350,514,515
350,570
350,570,367
350,847
350,847,808
350,1059
350,1059,940
350,1121
350,1121,237
23,349,350,514
23,349,350,514,515
23,349,350,570
23,349,350,570,367
23,349,350,847
23,349,350,847,808
23,349,350,1059
23,349,350,1059,940
23,349,350,1121
23,349,350,1121,237
369,370
388,334
423,424
423,382
424,423,382
426,427
426,427,946
426,1264
427,946
427,426,1264
437,72,593
437,73,593
441,354
441,354,487
441,134,1149
441,354,1186
354,487
354,441,134,1149
354,1186
444,445
444,446,1080,173,445
444,446,1080,654,445
444,446,1162,173,1080,654,445
444,446,1162,173,445
444,446
444,447
444,448
444,449
444,450
444,445,173,1080,446,877
444,445,173,1162,446,877
444,445,654,1080,173,1162,446,877
444,445,654,1080,446,877
444,446,877
444,445,173,1080
444,445,173,1162,446,1080
444,445,654,1080
444,446,1080
444,446,1162,173,1080
444,445,173
444,445,654,1080,173
444,446,1080,173
444,446,1080,654,445,173
444,446,1162,173
444,445,654
444,446,1080,654
444,446,1162,173,1080,654
444,446,1162,173,445,654
444,445,173,1162
444,445,654,1080,173,1162
444,445,654,1080,446,1162
444,446,1162
444,445,173,1080,446,1252
444,445,173,1162,446,1252
444,445,654,1080,173,1162,446,1252
444,445,654,1080,446,1252
444,446,1252
445,444,446
445,173,1080,446
445,173,1162,446
445,654,1080,173,1162,446
445,654,1080,446
445,444,447
445,173,1080,446,444,447
445,173,1162,446,444,447
445,654,1080,173,1162,446,444,447
445,654,1080,446,444,447
445,444,448
445,173,1080,446,444,448
445,173,1162,446,444,448
445,654,1080,173,1162,446,444,448
445,654,1080,446,444,448
445,444,449
445,173,1080,446,444,449
445,173,1162,446,444,449
445,654,1080,173,1162,446,444,449
445,654,1080,446,444,449
445,444,450
445,173,1080,446,444,450
445,173,1162,446,444,450
445,654,1080,173,1162,446,444,450
445,654,1080,446,444,450
445,444,446,877
445,173,1080,446,877
445,173,1162,446,877
445,654,1080,173,1162,446,877
445,654,1080,446,877
445,444,446,1080
445,173,1080
445,173,1162,446,1080
445,654,1080
445,173
445,654,1080,173
445,654
445,444,446,1162
445,173,1162
445,654,1080,173,1162
445,654,1080,446,1162
445,444,446,1252
445,173,1080,446,1252
445,173,1162,446,1252
445,654,1080,173,1162,446,1252
445,654,1080,446,1252
446,444,447
446,444,448
446,444,449
446,444,450
446,877
446,1080
446,1162,173,1080
446,444,445,173
446,1080,173
446,1080,654,445,173
446,1162,173
446,444,445,654
446,1080,654
446,1162,173,1080,654
446,1162,173,445,654
446,1162
446,1252
447,444,448
447,444,449
447,444,450
447,444,445,173,1080,446,877
447,444,445,173,1162,446,877
447,444,445,654,1080,173,1162,446,877
447,444,445,654,1080,446,877
447,444,446,877
447,444,445,173,1080
447,444,445,173,1162,446,1080
447,444,445,654,1080
447,444,446,1080
447,444,446,1162,173,1080
447,444,445,173
447,444,445,654,1080,173
447,444,446,1080,173
447,444,446,1080,654,445,173
447,444,446,1162,173
447,444,445,654
447,444,446,1080,654
447,444,446,1162,173,1080,654
447,444,446,1162,173,445,654
447,444,445,173,1162
447,444,445,654,1080,173,1162
447,444,445,654,1080,446,1162
447,444,446,1162
447,444,445,173,1080,446,1252
447,444,445,173,1162,446,1252
447,444,445,654,1080,173,1162,446,1252
447,444,445,654,1080,446,1252
447,444,446,1252
448,444,449
448,444,450
448,444,445,173,1080,446,877
448,444,445,173,1162,446,877
448,444,445,654,1080,173,1162,446,877
448,444,445,654,1080,446,877
448,444,446,877
448,444,445,173,1080
448,444,445,173,1162,446,1080
448,444,445,654,1080
448,444,446,1080
448,444,446,1162,173,1080
448,444,445,173
448,444,445,654,1080,173
448,444,446,1080,173
448,444,446,1080,654,445,173
448,444,446,1162,173
448,444,445,654
448,444,446,1080,654
448,444,446,1162,173,1080,654
448,444,446,1162,173,445,654
448,444,445,173,1162
448,444,445,654,1080,173,1162
448,444,445,654,1080,446,1162
448,444,446,1162
448,444,445,173,1080,446,1252
448,444,445,173,1162,446,1252
448,444,445,654,1080,173,1162,446,1252
448,444,445,654,1080,446,1252
448,444,446,1252
449,444,450
449,444,445,173,1080,446,877
449,444,445,173,1162,446,877
449,444,445,654,1080,173,1162,446,877
449,444,445,654,1080,446,877
449,444,446,877
449,444,445,173,1080
449,444,445,173,1162,446,1080
449,444,445,654,1080
449,444,446,1080
449,444,446,1162,173,1080
449,444,445,173
449,444,445,654,1080,173
449,444,446,1080,173
449,444,446,1080,654,445,173
449,444,446,1162,173
449,444,445,654
449,444,446,1080,654
449,444,446,1162,173,1080,654
449,444,446,1162,173,445,654
449,444,445,173,1162
449,444,445,654,1080,173,1162
449,444,445,654,1080,446,1162
449,444,446,1162
449,444,445,173,1080,446,1252
449,444,445,173,1162,446,1252
449,444,445,654,1080,173,1162,446,1252
449,444,445,654,1080,446,1252
449,444,446,1252
450,444,445,173,1080,446,877
450,444,445,173,1162,446,877
450,444,445,654,1080,173,1162,446,877
450,444,445,654,1080,446,877
450,444,446,877
450,444,445,173,1080
450,444,445,173,1162,446,1080
450,444,445,654,1080
450,444,446,1080
450,444,446,1162,173,1080
450,444,445,173
450,444,445,654,1080,173
450,444,446,1080,173
450,444,446,1080,654,445,173
450,444,446,1162,173
450,444,445,654
450,444,446,1080,654
450,444,446,1162,173,1080,654
450,444,446,1162,173,445,654
450,444,445,173,1162
450,444,445,654,1080,173,1162
450,444,445,654,1080,446,1162
450,444,446,1162
450,444,445,173,1080,446,1252
450,444,445,173,1162,446,1252
450,444,445,654,1080,173,1162,446,1252
450,444,445,654,1080,446,1252
450,444,446,1252
469,470
469,198,900
470,469,198,900
477,478
485,34,672
485,34,781
485,34,1066
485,34,1111
485,34,1231
485,34,1239
487,354,441,134,1149
487,354,1186
494,495
496,909
500,501
502,880
514,515
514,350,570
514,350,570,367
514,350,847
514,350,847,808
514,350,1059
514,350,1059,940
514,350,1121
514,350,1121,237
515,514,350,570
515,514,350,570,367
515,514,350,847
515,514,350,847,808
515,514,350,1059
515,514,350,1059,940
515,514,350,1121
515,514,350,1121,237
523,209
524,525
524,525,537
524,525,537,603
525,537
525,537,603
526,527
526,527,589
527,589
528,505
532,49
537,603
538,539
538,539,543
538,539,558
538,539,834
539,543
539,558
539,834
541,542
541,542,686
542,686
543,539,558
543,539,834
557,125,650
557,125,650,651
557,125,1183
557,125,1183,401
557,125,1183,1184
558,539,834
570,367
570,350,847
570,350,847,808
570,350,1059
570,350,1059,940
570,350,1121
570,350,1121,237
367,570,350,847
367,570,350,847,808
367,570,350,1059
367,570,350,1059,940
367,570,350,1121
367,570,350,1121,237
572,8
572,573,610,8
572,574,610,8
572,575,610,8
572,575,611,609,610,8
572,609,610,8
572,573
572,574,610,573
572,575,610,573
572,575,611,609,610,573
572,609,610,573
572,574
572,575,610,574
572,575,611,609,610,574
572,609,610,574
572,575
572,609,610,575
572,609,611,575
572,609
572,8,610
572,573,610
572,574,610
572,575,610
572,575,611,609,610
572,609,610
572,8,610,609,611
572,8,610,575,611
572,573,610,609,611
572,573,610,575,611
572,574,610,609,611
572,574,610,575,611
572,575,611
572,609,611
572,8,610,609,611,575,853
572,8,610,575,853
572,573,610,609,611,575,853
572,573,610,575,853
572,574,610,609,611,575,853
572,574,610,575,853
572,575,853
572,609,610,575,853
572,609,611,575,853
8,572,573
8,572,574,610,573
8,572,575,610,573
8,572,575,611,609,610,573
8,572,609,610,573
8,610,573
8,572,574
8,572,575,610,574
8,572,575,611,609,610,574
8,572,609,610,574
8,610,574
8,572,575
8,572,609,610,575
8,572,609,611,575
8,610,609,611,575
8,610,575
8,572,609
8,610,609
8,610
8,572,573,610,609,611
8,572,573,610,575,611
8,572,574,610,609,611
8,572,574,610,575,611
8,572,575,611
8,572,609,611
8,610,609,611
8,610,575,611
8,572,573,610,609,611,575,853
8,572,573,610,575,853
8,572,574,610,609,611,575,853
8,572,574,610,575,853
8,572,575,853
8,572,609,610,575,853
8,572,609,611,575,853
8,610,609,611,575,853
8,610,575,853
573,572,574
573,572,575,610,574
573,572,575,611,609,610,574
573,572,609,610,574
573,610,574
573,572,575
573,572,609,610,575
573,572,609,611,575
573,610,609,611,575
573,610,575
573,572,609
573,610,609
573,610
573,572,574,610,609,611
573,572,574,610,575,611
573,572,575,611
573,572,609,611
573,610,609,611
573,610,575,611
573,572,574,610,609,611,575,853
573,572,574,610,575,853
573,572,575,853
573,572,609,610,575,853
573,572,609,611,575,853
573,610,609,611,575,853
573,610,575,853
574,572,575
574,572,609,610,575
574,572,609,611,575
574,610,609,611,575
574,610,575
574,572,609
574,610,609
574,610
574,572,575,611
574,572,609,611
574,610,609,611
574,610,575,611
574,572,575,853
574,572,609,610,575,853
574,572,609,611,575,853
574,610,609,611,575,853
574,610,575,853
575,572,609
575,610,609
575,611,609
575,610
575,611,609,610
575,611
575,853
590,60
590,1114
590,1114,844
590,1114,645
60,590,1114
60,590,1114,844
60,590,1114,645
595,596
606,607
609,610
609,611
609,610,575,853
609,572,575,853
609,611,575,853
610,609,611
610,575,611
610,609,611,575,853
610,575,853
611,575,853
621,385
621,895,894
621,895
385,621,895,894
385,621,895
637,638
650,651
650,125,1183
650,125,1183,401
650,125,1183,1184
651,650,125,1183
651,650,125,1183,401
651,650,125,1183,1184
661,360
662,663
662,663,911
662,663,1064
662,663,1181
663,911
663,1064
663,1181
672,34,781
672,34,1066
672,34,1111
672,34,1231
672,34,1239
683,684
683,685
684,683,685
696,697
696,697,1085
696,697,329
697,1085
697,329
556,139,138,140,415
556,139,138,142,706
556,139,138,144,389
745,742
768,383
781,34,1066
781,34,1111
781,34,1231
781,34,1239
784,101
415,140,138,142,706
415,140,138,144,389
787,788
787,788,1156
788,1156
789,790
836,837
836,983,324,463
836,983
837,836,983,324,463
837,836,983
847,808
847,350,1059
847,350,1059,940
847,350,1121
847,350,1121,237
808,847,350,1059
808,847,350,1059,940
808,847,350,1121
808,847,350,1121,237
862,547
865,866
865,867
865,13
865,330
865,578
865,702
865,868
865,730
865,869
866,865,867
866,865,13
866,865,330
866,865,578
866,865,702
866,865,868
866,865,730
866,865,869
867,865,13
867,865,330
867,865,578
867,865,702
867,865,868
867,865,730
867,865,869
13,865,330
13,865,578
13,865,702
13,865,868
13,865,730
13,865,869
330,865,578
330,865,702
330,865,868
330,865,730
330,865,869
578,865,702
578,865,868
578,865,730
578,865,869
702,865,868
702,865,730
702,865,869
868,865,730
868,865,869
730,865,869
875,876
877,446,1080
877,446,1162,173,1080
877,446,444,445,173
877,446,444,445,654,1080,173
877,446,1080,173
877,446,1080,654,445,173
877,446,1162,173
877,446,444,445,654
877,446,1080,654
877,446,1162,173,1080,654
877,446,1162,173,445,654
877,446,1162
877,446,1252
894,895
911,663,1064
911,663,1181
914,163
929,63
945,566
945,566,1026
566,1026
963,551
967,968
970,971
973,974
975,750
975,567
750,975,567
463,324,983
1025,20
1025,20,1056
20,1056
1030,743
946,427,426,1264
1047,981
1050,1096
1052,464
1059,940
1059,350,1121
1059,350,1121,237
940,1059,350,1121
940,1059,350,1121,237
1064,663,1181
1066,34,1111
1066,34,1231
1066,34,1239
1071,951
1077,97
1080,173
1080,654
1080,173,1162
1080,446,1162
1080,173,1162,446,1252
1080,446,1252
173,1080,654
173,445,654
173,1162
173,1080,654,445,444,446,1252
173,1080,446,1252
173,1162,446,1252
173,445,444,446,1252
173,445,654,1080,446,1252
654,1080,173,1162
654,1080,446,1162
654,445,444,446,1162
654,445,173,1162
654,1080,173,1162,446,1252
654,1080,446,1252
654,445,444,446,1252
654,445,173,1162,446,1252
1082,681
1085,697,329
1088,1061
706,142,138,144,389
1101,624
1103,484
1111,34,1231
1111,34,1239
1114,844
1114,645
844,1114,645
1119,443
1119,803
1119,1240
443,1119,803
443,1119,1240
803,1119,1240
1121,237
1134,1135
1149,134,441,354,1186
1158,442
1162,446,1252
1163,40
1175,1176
1183,401
1183,1184
401,1183,1184
1223,277
1230,1002
1231,34,1239
1260,135
1263,1087
1266,504
1267,474
1271,352
1277,735
1293,1094
