12,13
33,34
33,34,81
33,34,84
33,34,482
33,34,672
33,34,775
33,34,1052
33,34,1095
33,34,1210
33,34,1219
34,81
34,84
34,482
34,672
34,775
34,1052
34,1095
34,1210
34,1219
47,48
47,49
47,986
48,47,49
48,47,986
49,47,986
53,54
66,67
66,1205
66,1205,426
67,66,1205
67,66,1205,426
68,69
68,70,149,69
68,70,149,71,430,69
68,70,324,69
68,70,430,69
68,70,596,69
68,71,149,69
68,71,149,70,324,69
68,71,149,70,596,69
68,71,430,69
68,71,430,70,324,69
68,71,430,70,596,69
68,70
68,71,149,70
68,71,430,70
68,71
68,69,149
68,69,324,70,149
68,69,324,70,430,71,149
68,69,430,70,149
68,69,430,71,149
68,69,596,70,149
68,69,596,70,430,71,149
68,70,149
68,70,430,71,149
68,71,149
68,69,324
68,69,430,70,324
68,69,596,70,324
68,70,324
68,71,149,69,324
68,71,149,69,596,70,324
68,71,149,70,324
68,71,430,69,324
68,71,430,69,596,70,324
68,71,430,70,324
68,69,430
68,69,596,70,430
68,70,430
68,71,430
68,69,596
68,70,596
68,71,149,69,596
68,71,149,70,596
68,71,430,69,596
68,71,430,70,596
69,68,70
69,68,71,149,70
69,68,71,430,70
69,149,70
69,149,71,430,70
69,324,70
69,430,70
69,596,70
69,68,71
69,149,71
69,324,70,68,71
69,324,70,149,71
69,324,70,430,71
69,430,71
69,596,70,68,71
69,596,70,149,71
69,596,70,430,71
69,149
69,324,70,149
69,324,70,430,71,149
69,430,70,149
69,430,71,149
69,596,70,149
69,596,70,430,71,149
69,324
69,430,70,324
69,596,70,324
69,430
69,596,70,430
69,596
70,68,71
70,149,71
70,430,71
70,149
70,430,71,149
70,324
70,430
70,596
71,149
71,68,69,324
71,68,69,596,70,324
71,68,70,324
71,149,69,324
71,149,69,596,70,324
71,149,70,324
71,430,69,324
71,430,69,596,70,324
71,430,70,324
71,430
71,68,69,596
71,68,70,596
71,149,69,596
71,149,70,596
71,430,69,596
71,430,70,596
81,34,84
81,34,482
81,34,672
81,34,775
81,34,1052
81,34,1095
81,34,1210
81,34,1219
84,34,482
84,34,672
84,34,775
84,34,1052
84,34,1095
84,34,1210
84,34,1219
99,58
101,102
105,106
105,106,884
106,884
114,115
114,559,115
114,559
114,651
114,651,652
114,1166
114,1166,399
114,1166,1167
115,559
115,114,651
115,559,114,651
115,114,651,652
115,559,114,651,652
115,114,1166
115,559,114,1166
115,114,1166,399
115,559,114,1166,399
115,114,1166,1167
115,559,114,1166,1167
117,118
119,36
119,120
119,36,323
36,119,120
36,323
120,119,36,323
121,1175
122,123
122,63
122,63,354,294,293
122,63,354,294
122,63,354
122,63,517
122,63,679
122,63,354,294,1015
122,123,1128
123,122,63
123,122,63,354,294,293
123,122,63,354,294
123,122,63,354
123,122,63,517
123,122,63,679
123,122,63,354,294,1015
123,1128
63,354,294,293
63,354,294
63,354
63,517
63,679
63,354,294,1015
63,122,123,1128
127,128
127,129
127,687,466,923,922,129
127,687,688,923,922,129
127,687,689,923,922,129
127,687,922,129
127,923,922,129
127,687
127,923,922,687
127,923,466,687
127,923,688,687
127,923,689,687
127,129,922,923,466
127,129,922,923,688,687,466
127,129,922,923,689,687,466
127,129,922,687,466
127,687,466
127,687,688,923,466
127,687,689,923,466
127,687,922,923,466
127,923,466
127,129,922,923,688
127,129,922,923,689,687,688
127,129,922,687,688
127,687,688
127,687,689,923,688
127,687,922,923,688
127,923,688
127,129,922,923,689
127,129,922,687,689
127,687,689
127,687,922,923,689
127,923,689
127,129,922
127,687,922
127,923,922
127,923
128,127,129
128,127,687,466,923,922,129
128,127,687,688,923,922,129
128,127,687,689,923,922,129
128,127,687,922,129
128,127,923,922,129
128,127,687
128,127,923,922,687
128,127,923,466,687
128,127,923,688,687
128,127,923,689,687
128,127,129,922,923,466
128,127,129,922,923,688,687,466
128,127,129,922,923,689,687,466
128,127,129,922,687,466
128,127,687,466
128,127,687,688,923,466
128,127,687,689,923,466
128,127,687,922,923,466
128,127,923,466
128,127,129,922,923,688
128,127,129,922,923,689,687,688
128,127,129,922,687,688
128,127,687,688
128,127,687,689,923,688
128,127,687,922,923,688
128,127,923,688
128,127,129,922,923,689
128,127,129,922,687,689
128,127,687,689
128,127,687,922,923,689
128,127,923,689
128,127,129,922
128,127,687,922
128,127,923,922
128,127,923
129,127,687
129,127,923,922,687
129,127,923,466,687
129,127,923,688,687
129,127,923,689,687
129,922,923,466,687
129,922,923,688,687
129,922,923,689,687
129,922,687
129,127,687,466
129,127,687,688,923,466
129,127,687,689,923,466
129,127,923,466
129,922,923,466
129,922,923,688,687,466
129,922,923,689,687,466
129,922,687,466
129,127,687,688
129,127,687,689,923,688
129,127,923,688
129,922,923,688
129,922,923,689,687,688
129,922,687,688
129,127,687,689
129,127,923,689
129,922,923,689
129,922,687,689
129,922
129,127,923
129,922,923
133,134
133,135
133,136
133,137
133,138
133,139
133,136,219
133,138,30
133,134,558
133,135,412
133,137,707
133,139,388
134,133,135
134,133,136
134,133,137
134,133,138
134,133,139
134,133,136,219
134,133,138,30
134,558
134,133,135,412
134,133,137,707
134,133,139,388
135,133,136
135,133,137
135,133,138
135,133,139
135,133,136,219
135,133,138,30
135,133,134,558
135,412
135,133,137,707
135,133,139,388
136,133,137
136,133,138
136,133,139
136,219
136,133,138,30
136,133,134,558
136,133,135,412
136,133,137,707
136,133,139,388
137,133,138
137,133,139
137,133,136,219
137,133,138,30
137,133,134,558
137,133,135,412
137,707
137,133,139,388
138,133,139
138,133,136,219
138,30
138,133,134,558
138,133,135,412
138,133,137,707
138,133,139,388
139,133,136,219
139,133,138,30
139,133,134,558
139,133,135,412
139,133,137,707
139,388
145,146
149,69,324
149,69,430,70,324
149,69,596,70,324
149,70,324
149,71,430,69,324
149,71,430,69,596,70,324
149,71,430,70,324
149,69,430
149,69,596,70,430
149,70,430
149,71,430
149,69,596
149,70,596
149,71,430,69,596
149,71,430,70,596
177,178
177,491,202,200
177,491,900,202,200
177,491,202,200,201
177,491,900,202,200,201
177,491,202
177,491,900,202
177,491,202,200,203
177,491,900,202,200,203
177,491,202,900,225
177,491,900,225
177,491,202,900,225,226
177,491,900,225,226
177,491
177,491,900
178,177,491,202,200
178,177,491,900,202,200
178,177,491,202,200,201
178,177,491,900,202,200,201
178,177,491,202
178,177,491,900,202
178,177,491,202,200,203
178,177,491,900,202,200,203
178,177,491,202,900,225
178,177,491,900,225
178,177,491,202,900,225,226
178,177,491,900,225,226
178,177,491
178,177,491,900
180,181
200,201
200,202
200,203
200,202,491,900,225
200,202,900,225
200,202,491,900,225,226
200,202,900,225,226
200,202,491
200,202,900,491
200,202,900
201,200,202
201,200,203
201,200,202,491,900,225
201,200,202,900,225
201,200,202,491,900,225,226
201,200,202,900,225,226
201,200,202,491
201,200,202,900,491
201,200,202,900
202,200,203
202,491,900,225
202,900,225
202,491,900,225,226
202,900,225,226
202,491
202,900,491
202,900
203,200,202,491,900,225
203,200,202,900,225
203,200,202,491,900,225,226
203,200,202,900,225,226
203,200,202,491
203,200,202,900,491
203,200,202,900
216,217
216,217,507
217,507
219,136,133,138,30
219,136,133,134,558
219,136,133,135,412
219,136,133,137,707
219,136,133,139,388
225,226
225,900,491
225,900
226,225,900,491
226,225,900
231,232
238,239
245,246
245,246,437
245,246,1063,171,438,437
245,246,1063,655,438,437
245,246,1146,171,1063,655,438,437
245,246,1146,171,438,437
245,246,437,438
245,246,1063,171,438
245,246,1063,655,438
245,246,1146,171,1063,655,438
245,246,1146,171,438
245,246,437,439
245,246,1063,171,438,437,439
245,246,1063,655,438,437,439
245,246,1146,171,1063,655,438,437,439
245,246,1146,171,438,437,439
245,246,437,440
245,246,1063,171,438,437,440
245,246,1063,655,438,437,440
245,246,1146,171,1063,655,438,437,440
245,246,1146,171,438,437,440
245,246,437,441
245,246,1063,171,438,437,441
245,246,1063,655,438,437,441
245,246,1146,171,1063,655,438,437,441
245,246,1146,171,438,437,441
245,246,437,442
245,246,1063,171,438,437,442
245,246,1063,655,438,437,442
245,246,1146,171,1063,655,438,437,442
245,246,1146,171,438,437,442
245,246,1063
245,246,1146,171,1063
245,246,437,438,171
245,246,437,438,655,1063,171
245,246,1063,171
245,246,1063,655,438,171
245,246,1146,171
245,246,437,438,655
245,246,1063,655
245,246,1146,171,1063,655
245,246,1146,171,438,655
245,246,1146
245,246,1230
246,437
246,1063,171,438,437
246,1063,655,438,437
246,1146,171,1063,655,438,437
246,1146,171,438,437
246,437,438
246,1063,171,438
246,1063,655,438
246,1146,171,1063,655,438
246,1146,171,438
246,437,439
246,1063,171,438,437,439
246,1063,655,438,437,439
246,1146,171,1063,655,438,437,439
246,1146,171,438,437,439
246,437,440
246,1063,171,438,437,440
246,1063,655,438,437,440
246,1146,171,1063,655,438,437,440
246,1146,171,438,437,440
246,437,441
246,1063,171,438,437,441
246,1063,655,438,437,441
246,1146,171,1063,655,438,437,441
246,1146,171,438,437,441
246,437,442
246,1063,171,438,437,442
246,1063,655,438,437,442
246,1146,171,1063,655,438,437,442
246,1146,171,438,437,442
246,1063
246,1146,171,1063
246,437,438,171
246,437,438,655,1063,171
246,1063,171
246,1063,655,438,171
246,1146,171
246,437,438,655
246,1063,655
246,1146,171,1063,655
246,1146,171,438,655
246,1146
246,1230
248,249
248,250
249,248,250
30,138,133,134,558
30,138,133,135,412
30,138,133,137,707
30,138,133,139,388
284,285
284,286
285,284,286
289,290
293,294
293,294,354
293,294,354,63,517
293,294,354,63,679
293,294,1015
293,294,354,63,122,123,1128
294,354
294,354,63,517
294,354,63,679
294,1015
294,354,63,122,123,1128
302,116
306,150
306,150,761
150,761
324,69,430
324,69,596,70,430
324,70,430
324,69,596
324,70,596
325,326
325,326,973,837
325,326,973,837,838
325,326,457
325,326,973
326,973,837
326,973,837,838
326,457
326,973
337,338
342,343
350,351
350,24
350,351,508
350,351,508,509
350,351,578
350,351,578,366
350,351,848
350,351,848,804
350,351,1046
350,351,1046,931
350,351,1107
350,351,1107,240
351,350,24
351,508
351,508,509
351,578
351,578,366
351,848
351,848,804
351,1046
351,1046,931
351,1107
351,1107,240
24,350,351,508
24,350,351,508,509
24,350,351,578
24,350,351,578,366
24,350,351,848
24,350,351,848,804
24,350,351,1046
24,350,351,1046,931
24,350,351,1107
24,350,351,1107,240
354,63,517
354,63,679
354,294,1015
354,63,122,123,1128
368,369
387,339
418,419
418,380
419,418,380
430,69,596
430,70,596
437,438
437,439
437,440
437,441
437,442
437,438,171,1063
437,438,171,1146,246,1063
437,438,655,1063
437,246,1063
437,246,1146,171,1063
437,438,171
437,438,655,1063,171
437,246,1063,171
437,246,1146,171
437,438,655
437,246,1063,655
437,246,1146,171,1063,655
437,246,1146,171,438,655
437,438,171,1146
437,438,655,1063,171,1146
437,438,655,1063,246,1146
437,246,1146
437,438,171,1063,246,1230
437,438,171,1146,246,1230
437,438,655,1063,171,1146,246,1230
437,438,655,1063,246,1230
437,246,1230
438,437,439
438,437,440
438,437,441
438,437,442
438,437,246,1063
438,171,1063
438,171,1146,246,1063
438,655,1063
438,171
438,655,1063,171
438,655
438,437,246,1146
438,171,1146
438,655,1063,171,1146
438,655,1063,246,1146
438,437,246,1230
438,171,1063,246,1230
438,171,1146,246,1230
438,655,1063,171,1146,246,1230
438,655,1063,246,1230
439,437,440
439,437,441
439,437,442
439,437,438,171,1063
439,437,438,171,1146,246,1063
439,437,438,655,1063
439,437,246,1063
439,437,246,1146,171,1063
439,437,438,171
439,437,438,655,1063,171
439,437,246,1063,171
439,437,246,1063,655,438,171
439,437,246,1146,171
439,437,438,655
439,437,246,1063,655
439,437,246,1146,171,1063,655
439,437,246,1146,171,438,655
439,437,438,171,1146
439,437,438,655,1063,171,1146
439,437,438,655,1063,246,1146
439,437,246,1146
439,437,438,171,1063,246,1230
439,437,438,171,1146,246,1230
439,437,438,655,1063,171,1146,246,1230
439,437,438,655,1063,246,1230
439,437,246,1230
440,437,441
440,437,442
440,437,438,171,1063
440,437,438,171,1146,246,1063
440,437,438,655,1063
440,437,246,1063
440,437,246,1146,171,1063
440,437,438,171
440,437,438,655,1063,171
440,437,246,1063,171
440,437,246,1063,655,438,171
440,437,246,1146,171
440,437,438,655
440,437,246,1063,655
440,437,246,1146,171,1063,655
440,437,246,1146,171,438,655
440,437,438,171,1146
440,437,438,655,1063,171,1146
440,437,438,655,1063,246,1146
440,437,246,1146
440,437,438,171,1063,246,1230
440,437,438,171,1146,246,1230
440,437,438,655,1063,171,1146,246,1230
440,437,438,655,1063,246,1230
440,437,246,1230
441,437,442
441,437,438,171,1063
441,437,438,171,1146,246,1063
441,437,438,655,1063
441,437,246,1063
441,437,246,1146,171,1063
441,437,438,171
441,437,438,655,1063,171
441,437,246,1063,171
441,437,246,1063,655,438,171
441,437,246,1146,171
441,437,438,655
441,437,246,1063,655
441,437,246,1146,171,1063,655
441,437,246,1146,171,438,655
441,437,438,171,1146
441,437,438,655,1063,171,1146
441,437,438,655,1063,246,1146
441,437,246,1146
441,437,438,171,1063,246,1230
441,437,438,171,1146,246,1230
441,437,438,655,1063,171,1146,246,1230
441,437,438,655,1063,246,1230
441,437,246,1230
442,437,438,171,1063
442,437,438,171,1146,246,1063
442,437,438,655,1063
442,437,246,1063
442,437,246,1146,171,1063
442,437,438,171
442,437,438,655,1063,171
442,437,246,1063,171
442,437,246,1063,655,438,171
442,437,246,1146,171
442,437,438,655
442,437,246,1063,655
442,437,246,1146,171,1063,655
442,437,246,1146,171,438,655
442,437,438,171,1146
442,437,438,655,1063,171,1146
442,437,438,655,1063,246,1146
442,437,246,1146
442,437,438,171,1063,246,1230
442,437,438,171,1146,246,1230
442,437,438,655,1063,171,1146,246,1230
442,437,438,655,1063,246,1230
442,437,246,1230
450,451
463,464
463,465
464,463,465
474,475
482,34,672
482,34,775
482,34,1052
482,34,1095
482,34,1210
482,34,1219
489,490
491,900
496,497
498,875
508,509
508,351,578
508,351,578,366
508,351,848
508,351,848,804
508,351,1046
508,351,1046,931
508,351,1107
508,351,1107,240
509,508,351,578
509,508,351,578,366
509,508,351,848
509,508,351,848,804
509,508,351,1046
509,508,351,1046,931
509,508,351,1107
509,508,351,1107,240
517,63,679
517,63,354,294,1015
517,63,122,123,1128
518,207
519,520
519,520,536
519,520,536,605
520,536
520,536,605
521,522
521,522,594
522,594
524,501
529,50
536,605
537,538
537,538,542
537,538,560
537,538,834
538,542
538,560
538,834
539,540
539,540,684
540,684
542,538,560
542,538,834
559,114,651
559,114,651,652
559,114,1166
559,114,1166,399
559,114,1166,1167
560,538,834
571,572
571,573
571,5
571,574
571,11
571,194
571,575
571,206
571,576
572,571,573
572,571,5
572,571,574
572,571,11
572,571,194
572,571,575
572,571,206
572,571,576
573,571,5
573,571,574
573,571,11
573,571,194
573,571,575
573,571,206
573,571,576
5,571,574
5,571,11
5,571,194
5,571,575
5,571,206
5,571,576
574,571,11
574,571,194
574,571,575
574,571,206
574,571,576
11,571,194
11,571,575
11,571,206
11,571,576
194,571,575
194,571,206
194,571,576
575,571,206
575,571,576
206,571,576
578,366
578,351,848
578,351,848,804
578,351,1046
578,351,1046,931
578,351,1107
578,351,1107,240
366,578,351,848
366,578,351,848,804
366,578,351,1046
366,578,351,1046,931
366,578,351,1107
366,578,351,1107,240
595,56
595,1097
595,1097,846
595,1097,643
56,595,1097
56,595,1097,846
56,595,1097,643
622,384
622,887,886
622,887
384,622,887,886
384,622,887
651,652
651,114,1166
651,114,1166,399
651,114,1166,1167
652,651,114,1166
652,651,114,1166,399
652,651,114,1166,1167
661,358
662,663
662,663,904
662,663,1049
662,663,1162
663,904
663,1049
663,1162
672,34,775
672,34,1052
672,34,1095
672,34,1210
672,34,1219
679,63,354,294,1015
679,63,122,123,1128
681,682
681,683
682,681,683
687,466
687,688,923,466
687,689,923,466
687,922,923,466
687,688
687,689,923,688
687,922,923,688
687,689
687,922,923,689
687,922
687,466,923
687,688,923
687,689,923
687,127,923
687,922,923
466,687,688
466,687,689,923,688
466,687,922,923,688
466,923,688
466,687,689
466,687,922,923,689
466,923,689
466,687,922
466,923,922
466,923
688,687,689
688,687,922,923,689
688,923,689
688,687,922
688,923,922
688,923
689,687,922
689,923,922
689,923
694,695
694,695,1067
694,695,332
695,1067
695,332
703,704
558,134,133,135,412
558,134,133,137,707
558,134,133,139,388
741,738
743,744
762,379
775,34,1052
775,34,1095
775,34,1210
775,34,1219
412,135,133,137,707
412,135,133,139,388
784,785
784,785,1138
785,1138
837,838
837,973,326,457
837,973
838,837,973,326,457
838,837,973
848,804
848,351,1046
848,351,1046,931
848,351,1107
848,351,1107,240
804,848,351,1046
804,848,351,1046,931
804,848,351,1107
804,848,351,1107,240
863,747
871,872
873,22
873,22,1045
22,1045
886,887
904,663,1049
904,663,1162
908,160
919,61
922,923
937,568
937,568,1013
568,1013
951,553
959,960
962,963
457,326,973
1015,294,354,63,122,123,1128
1018,739
1027,298
1028,936
1028,1242
936,1028,1242
1038,970
1042,458
1046,931
1046,351,1107
1046,351,1107,240
931,1046,351,1107
931,1046,351,1107,240
1049,663,1162
1052,34,1095
1052,34,1210
1052,34,1219
1057,942
1061,92
1063,171
1063,655
1063,171,1146
1063,246,1146
1063,171,1146,246,1230
1063,246,1230
171,1063,655
171,438,655
171,1146
171,1063,655,438,437,246,1230
171,1063,246,1230
171,1146,246,1230
171,438,437,246,1230
171,438,655,1063,246,1230
655,1063,171,1146
655,1063,246,1146
655,438,437,246,1146
655,438,171,1146
655,1063,171,1146,246,1230
655,1063,246,1230
655,438,437,246,1230
655,438,171,1146,246,1230
1064,678
1067,695,332
1070,1047
707,137,133,139,388
1082,627
1084,481
1095,34,1210
1095,34,1219
1097,846
1097,643
846,1097,643
1102,436
1102,797
1102,1220
436,1102,797
436,1102,1220
797,1102,1220
1107,240
1115,1116
1141,435
1146,246,1230
1147,40
1155,1156
1166,399
1166,1167
399,1166,1167
1203,275
1205,426
1209,992
1210,34,1219
1238,125
1240,1069
1245,500
1246,470
1248,352
1256,732
1272,1076
