0 1
2 3
4 5
6 7
8 9
10 11
12 13
14 15
16 17
18 19
20 21
22 23
24 25
26 27
28 29
30 31
32 33
34 35
36 37
38 39
18 40
29 41
42 33
0 43
40 44
45 46
47 48
31 49
50 51
52 53
54 55
14 42
56 19
57 58
59 18
36 60
61 62
63 64
65 66
67 27
68 69
70 44
71 72
73 74
75 76
77 78
79 80
81 82
12 83
84 39
16 85
86 18
87 88
89 90
91 92
93 6
94 95
61 96
97 21
65 98
99 100
78 101
102 103
104 105
106 82
107 108
59 29
82 109
110 111
112 113
114 115
0 116
29 65
117 19
118 103
29 119
120 27
121 48
46 39
122 123
12 18
12 39
29 124
125 76
126 127
128 129
130 131
93 132
133 19
115 16
25 18
134 27
135 136
54 137
138 33
29 139
140 19
138 141
142 18
143 144
145 146
147 148
101 149
121 137
150 151
152 21
148 153
154 155
156 46
138 157
158 159
160 108
161 10
2 162
63 83
163 164
165 166
6 11
167 27
168 18
169 111
170 171
172 137
173 27
174 175
176 177
178 179
54 48
56 146
180 69
93 181
2 144
182 183
29 74
122 184
24 18
185 162
118 186
90 187
143 162
12 152
188 189
138 132
148 118
190 191
192 193
147 194
14 33
195 175
179 196
188 164
197 27
198 199
182 18
200 201
63 39
14 147
28 202
15 203
204 100
107 188
205 206
207 208
38 19
209 46
149 210
211 131
212 184
213 44
145 19
36 210
214 18
129 187
215 88
63 13
212 123
12 216
73 46
217 218
219 220
80 221
93 222
223 138
0 224
188 225
226 227
228 27
229 152
142 214
224 51
230 231
156 74
232 153
233 191
234 235
236 58
237 27
109 69
89 238
239 115
101 118
240 220
101 153
28 44
241 100
118 102
242 95
243 244
52 245
246 27
101 232
45 74
247 248
172 48
165 249
250 27
118 232
28 18
29 39
251 247
0 50
252 253
101 254
128 94
255 256
12 257
258 113
259 27
54 260
261 44
43 262
232 118
206 263
50 116
264 265
61 266
267 27
77 93
268 20
159 10
10 210
269 270
176 271
272 244
273 47
107 274
147 157
275 247
59 44
14 276
277 278
279 28
242 187
280 171
18 44
281 74
59 202
282 171
281 46
223 283
102 127
12 284
133 285
286 287
288 289
142 202
282 265
290 171
101 291
292 293
18 86
15 294
238 95
93 155
295 296
182 257
63 216
47 137
61 297
298 93
299 247
160 300
301 39
101 102
185 3
72 199
37 302
36 126
241 206
74 21
138 14
303 193
