15,16
15,184,5,20,21,16
15,184,5,150,389,20,21,16
15,184,5,389,20,21,16
15,16,21,20
15,184,5,20
15,184,5,150,389,20
15,184,5,389,20
15,16,21,20,5
15,16,21,20,389,5
15,16,21,20,389,150,5
15,184,5
15,16,21
15,184,5,20,21
15,184,5,150,389,20,21
15,184,5,389,20,21
15,16,21,20,5,150
15,16,21,20,389,150
15,184,5,150
15,184,5,389,150
15,16,21,20,5,184,183
15,16,21,20,389,5,184,183
15,16,21,20,389,150,5,184,183
15,184,183
15,184
15,16,21,20,5,184,198,197
15,16,21,20,389,5,184,198,197
15,16,21,20,389,150,5,184,198,197
15,184,198,197
15,16,21,20,5,184,198
15,16,21,20,389,5,184,198
15,16,21,20,389,150,5,184,198
15,184,198
15,16,21,20,5,184,293
15,16,21,20,389,5,184,293
15,16,21,20,389,150,5,184,293
15,184,293
15,16,21,20,5,184,198,197,342
15,16,21,20,389,5,184,198,197,342
15,16,21,20,389,150,5,184,198,197,342
15,184,198,197,342
15,16,21,20,5,184,198,197,342,169
15,16,21,20,389,5,184,198,197,342,169
15,16,21,20,389,150,5,184,198,197,342,169
15,184,198,197,342,169
15,16,21,20,389
15,184,5,389
15,16,21,20,5,150,389,26
15,16,21,20,5,389,26
15,16,21,20,389,26
15,184,5,20,389,26
15,184,5,150,389,26
15,184,5,389,26
15,16,21,20,5,150,389,231
15,16,21,20,5,389,231
15,16,21,20,389,231
15,184,5,20,389,231
15,184,5,150,389,231
15,184,5,389,231
16,15,184,5,20
16,15,184,5,150,389,20
16,15,184,5,389,20
16,21,20
16,15,184,5
16,21,20,5
16,21,20,389,5
16,21,20,389,150,5
16,21
16,15,184,5,150
16,15,184,5,389,150
16,21,20,5,150
16,21,20,389,150
16,15,184,183
16,21,20,5,184,183
16,21,20,389,5,184,183
16,21,20,389,150,5,184,183
16,15,184
16,21,20,5,184
16,21,20,389,5,184
16,21,20,389,150,5,184
16,15,184,198,197
16,21,20,5,184,198,197
16,21,20,389,5,184,198,197
16,21,20,389,150,5,184,198,197
16,15,184,198
16,21,20,5,184,198
16,21,20,389,5,184,198
16,21,20,389,150,5,184,198
16,15,184,293
16,21,20,5,184,293
16,21,20,389,5,184,293
16,21,20,389,150,5,184,293
16,15,184,198,197,342
16,21,20,5,184,198,197,342
16,21,20,389,5,184,198,197,342
16,21,20,389,150,5,184,198,197,342
16,15,184,198,197,342,169
16,21,20,5,184,198,197,342,169
16,21,20,389,5,184,198,197,342,169
16,21,20,389,150,5,184,198,197,342,169
16,15,184,5,389
16,21,20,389
16,15,184,5,20,389,26
16,15,184,5,150,389,26
16,15,184,5,389,26
16,21,20,5,150,389,26
16,21,20,5,389,26
16,21,20,389,26
16,15,184,5,20,389,231
16,15,184,5,150,389,231
16,15,184,5,389,231
16,21,20,5,150,389,231
16,21,20,5,389,231
16,21,20,389,231
17,18
20,5
20,389,5
20,389,150,5
20,21
20,5,150
20,21,16,15,184,5,150
20,389,150
20,5,184,183
20,21,16,15,184,183
20,389,5,184,183
20,389,150,5,184,183
20,5,184
20,21,16,15,184
20,389,5,184
20,389,150,5,184
20,5,184,198,197
20,21,16,15,184,198,197
20,389,5,184,198,197
20,389,150,5,184,198,197
20,5,184,198
20,21,16,15,184,198
20,389,5,184,198
20,389,150,5,184,198
20,5,184,293
20,21,16,15,184,293
20,389,5,184,293
20,389,150,5,184,293
20,5,184,198,197,342
20,21,16,15,184,198,197,342
20,389,5,184,198,197,342
20,389,150,5,184,198,197,342
20,5,184,198,197,342,169
20,21,16,15,184,198,197,342,169
20,389,5,184,198,197,342,169
20,389,150,5,184,198,197,342,169
20,389
20,5,150,389,26
20,5,389,26
20,21,16,15,184,5,150,389,26
20,21,16,15,184,5,389,26
20,389,26
20,5,150,389,231
20,5,389,231
20,21,16,15,184,5,150,389,231
20,21,16,15,184,5,389,231
20,389,231
5,20,21
5,150,389,20,21
5,184,15,16,21
5,389,20,21
5,150
5,389,150
5,184,183
5,184
5,184,198,197
5,184,198
5,184,293
5,184,198,197,342
5,184,198,197,342,169
5,389
5,150,389,26
5,389,26
5,150,389,231
5,389,231
21,20,5,150
21,20,389,150
21,16,15,184,5,150
21,16,15,184,5,389,150
21,20,5,184,183
21,20,389,5,184,183
21,20,389,150,5,184,183
21,16,15,184,183
21,20,5,184
21,20,389,5,184
21,20,389,150,5,184
21,16,15,184
21,20,5,184,198,197
21,20,389,5,184,198,197
21,20,389,150,5,184,198,197
21,16,15,184,198,197
21,20,5,184,198
21,20,389,5,184,198
21,20,389,150,5,184,198
21,16,15,184,198
21,20,5,184,293
21,20,389,5,184,293
21,20,389,150,5,184,293
21,16,15,184,293
21,20,5,184,198,197,342
21,20,389,5,184,198,197,342
21,20,389,150,5,184,198,197,342
21,16,15,184,198,197,342
21,20,5,184,198,197,342,169
21,20,389,5,184,198,197,342,169
21,20,389,150,5,184,198,197,342,169
21,16,15,184,198,197,342,169
21,20,389
21,16,15,184,5,389
21,20,5,150,389,26
21,20,5,389,26
21,20,389,26
21,16,15,184,5,150,389,26
21,16,15,184,5,389,26
21,20,5,150,389,231
21,20,5,389,231
21,20,389,231
21,16,15,184,5,150,389,231
21,16,15,184,5,389,231
29,30
43,44
43,44,156,161
43,44,161
43,44,156
43,44,240
44,156,161
44,161
44,156
44,240
49,50
49,50,105
49,50,126
49,50,126,127
49,50,275
49,50,373
49,50,381
50,105
50,126
50,126,127
50,275
50,373
50,381
52,53
55,56
55,57
55,57,36,77
55,57,167,166,353,352,36,77
55,57,36
55,57,167,166,353,352,36
55,57,36,352,353,166
55,57,167,166
55,57,167
55,57,36,352,353,166,167,304
55,57,167,304
55,57,36,333
55,57,167,166,353,352,36,333
55,57,36,352
55,57,167,166,353,352
55,57,36,352,353
55,57,167,166,353
55,57,372
55,57,372,384
55,57,36,352,353,166,167,407
55,57,167,407
56,55,57
56,55,57,36,77
56,55,57,167,166,353,352,36,77
56,55,57,36
56,55,57,167,166,353,352,36
56,55,57,36,352,353,166
56,55,57,167,166
56,55,57,167
56,55,57,36,352,353,166,167,304
56,55,57,167,304
56,55,57,36,333
56,55,57,167,166,353,352,36,333
56,55,57,36,352
56,55,57,167,166,353,352
56,55,57,36,352,353
56,55,57,167,166,353
56,55,57,372
56,55,57,372,384
56,55,57,36,352,353,166,167,407
56,55,57,167,407
57,36,77
57,167,166,353,352,36,77
57,36
57,167,166,353,352,36
57,36,352,353,166
57,167,166
57,167
57,36,352,353,166,167,304
57,167,304
57,36,333
57,167,166,353,352,36,333
57,36,352
57,167,166,353,352
57,36,352,353
57,167,166,353
57,372
57,372,384
57,36,352,353,166,167,407
57,167,407
62,25
77,36
77,36,352,353,166
77,36,57,167,166
77,36,352,353,166,167
77,36,57,167
77,36,352,353,166,167,304
77,36,57,167,304
77,36,333
77,36,352
77,36,352,353
77,36,57,167,166,353
77,36,352,353,166,167,57,372
77,36,57,372
77,36,352,353,166,167,57,372,384
77,36,57,372,384
77,36,352,353,166,167,407
77,36,57,167,407
36,352,353,166
36,57,167,166
36,352,353,166,167
36,57,167
36,352,353,166,167,304
36,57,167,304
36,333
36,352
36,352,353
36,57,167,166,353
36,352,353,166,167,57,372
36,57,372
36,352,353,166,167,57,372,384
36,57,372,384
36,352,353,166,167,407
36,57,167,407
84,75
85,86
85,87,178,88,86
85,87,203,86
85,88,178,87,203,86
85,88,86
85,87
85,88,178,87
85,88,86,203,87
85,10
85,88
85,86,203,87,178
85,86,88,178
85,87,178
85,88,178
85,86,203
85,87,203
85,88,178,87,203
85,88,86,203
85,86,203,87,319,318
85,86,88,178,87,319,318
85,87,319,318
85,88,178,87,319,318
85,88,86,203,87,319,318
85,86,203,87,319
85,86,88,178,87,319
85,87,319
85,88,178,87,319
85,88,86,203,87,319
86,85,87
86,203,87
86,88,85,87
86,88,178,87
86,85,10
86,203,87,85,10
86,203,87,178,88,85,10
86,88,85,10
86,88,178,87,85,10
86,203,87,178,88
86,88
86,85,87,178
86,203,87,178
86,88,178
86,203
86,85,87,319,318
86,203,87,319,318
86,88,85,87,319,318
86,88,178,87,319,318
86,85,87,319
86,203,87,319
86,88,85,87,319
86,88,178,87,319
87,85,10
87,178,88,85,10
87,203,86,88,85,10
87,85,88
87,178,88
87,203,86,88
87,178
87,203
87,319,318
87,319
10,85,88
10,85,86,203,87,178
10,85,86,88,178
10,85,87,178
10,85,88,178
10,85,86,203
10,85,87,203
10,85,88,178,87,203
10,85,88,86,203
10,85,86,203,87,319,318
10,85,86,88,178,87,319,318
10,85,87,319,318
10,85,88,178,87,319,318
10,85,88,86,203,87,319,318
10,85,86,203,87,319
10,85,86,88,178,87,319
10,85,87,319
10,85,88,178,87,319
10,85,88,86,203,87,319
88,178
88,85,87,203
88,178,87,203
88,86,203
88,85,87,319,318
88,178,87,319,318
88,86,203,87,319,318
88,85,87,319
88,178,87,319
88,86,203,87,319
98,99
105,50,126
105,50,126,127
105,50,275
105,50,373
105,50,381
117,118
117,118,367
117,118,406
118,367
118,406
120,121
126,127
126,50,275
126,50,373
126,50,381
127,126,50,275
127,126,50,373
127,126,50,381
131,132
134,135
134,135,157
134,135,252
135,157
135,252
139,140
139,9
139,140,401
140,139,9
140,401
9,139,140,401
142,143
142,173
143,142,173
146,147
146,147,273,272
146,147,273
147,273,272
147,273
148,149
148,193
149,148,193
150,5,20,21,16,15,184,183
150,5,184,183
150,389,5,184,183
150,389,20,21,16,15,184,183
150,5,184
150,389,5,184
150,389,20,21,16,15,184
150,5,20,21,16,15,184,198,197
150,5,184,198,197
150,389,5,184,198,197
150,389,20,21,16,15,184,198,197
150,5,20,21,16,15,184,198
150,5,184,198
150,389,5,184,198
150,389,20,21,16,15,184,198
150,5,20,21,16,15,184,293
150,5,184,293
150,389,5,184,293
150,389,20,21,16,15,184,293
150,5,20,21,16,15,184,198,197,342
150,5,184,198,197,342
150,389,5,184,198,197,342
150,389,20,21,16,15,184,198,197,342
150,5,20,21,16,15,184,198,197,342,169
150,5,184,198,197,342,169
150,389,5,184,198,197,342,169
150,389,20,21,16,15,184,198,197,342,169
150,389
150,389,26
150,389,231
152,153
157,135,252
158,159
158,159,338
158,159,443
159,338
159,443
161,156
161,156,44,240
161,44,240
156,44,240
162,163
166,167
166,167,304
166,167,57,36,333
166,353,352,36,333
166,167,57,36,352
166,353,352
166,353
166,167,57,372
166,353,352,36,57,372
166,167,57,372,384
166,353,352,36,57,372,384
166,167,407
167,304
167,166,353,352,36,333
167,57,36,333
167,166,353,352
167,57,36,352
167,166,353
167,57,36,352,353
167,57,372
167,57,372,384
167,407
178,87,203
178,88,85,86,203
178,88,86,203
178,87,319,318
178,88,85,86,203,87,319,318
178,88,86,203,87,319,318
178,87,319
178,88,85,86,203,87,319
178,88,86,203,87,319
183,184
183,184,198,197
183,184,198
183,184,293
183,184,198,197,342
183,184,198,197,342,169
183,184,5,389
183,184,15,16,21,20,389
183,184,5,20,389,26
183,184,5,150,389,26
183,184,5,389,26
183,184,15,16,21,20,5,150,389,26
183,184,15,16,21,20,5,389,26
183,184,15,16,21,20,389,26
183,184,5,20,389,231
183,184,5,150,389,231
183,184,5,389,231
183,184,15,16,21,20,5,150,389,231
183,184,15,16,21,20,5,389,231
183,184,15,16,21,20,389,231
184,198,197
184,198
184,293
184,198,197,342
184,198,197,342,169
184,5,389
184,15,16,21,20,389
184,5,20,389,26
184,5,150,389,26
184,5,389,26
184,15,16,21,20,389,26
184,5,20,389,231
184,5,150,389,231
184,5,389,231
184,15,16,21,20,389,231
185,176
186,187
186,46
186,82
186,188
187,186,46
187,186,82
187,186,188
46,186,82
46,186,188
82,186,188
189,190
195,196
197,198
197,198,184,293
197,342
197,342,169
197,198,184,5,389
197,198,184,15,16,21,20,389
197,198,184,5,20,389,26
197,198,184,5,150,389,26
197,198,184,5,389,26
197,198,184,15,16,21,20,5,150,389,26
197,198,184,15,16,21,20,5,389,26
197,198,184,15,16,21,20,389,26
197,198,184,5,20,389,231
197,198,184,5,150,389,231
197,198,184,5,389,231
197,198,184,15,16,21,20,5,150,389,231
197,198,184,15,16,21,20,5,389,231
197,198,184,15,16,21,20,389,231
198,184,293
198,197,342
198,197,342,169
198,184,5,389
198,184,15,16,21,20,389
198,184,5,20,389,26
198,184,5,150,389,26
198,184,5,389,26
198,184,15,16,21,20,5,150,389,26
198,184,15,16,21,20,5,389,26
198,184,15,16,21,20,389,26
198,184,5,20,389,231
198,184,5,150,389,231
198,184,5,389,231
198,184,15,16,21,20,5,150,389,231
198,184,15,16,21,20,5,389,231
198,184,15,16,21,20,389,231
203,87,319,318
203,87,319
211,212
211,325,212
211,325
211,212,325,326
211,212,325,327,326
211,325,326
211,325,327,326
211,212,325,232
211,325,232
211,212,325,327
211,325,327
212,325
212,325,326
212,325,327,326
212,325,232
212,325,327
220,106
228,97
235,236
235,237
235,297
235,355
235,421
236,235,237
236,235,297
236,235,355
236,235,421
237,235,297
237,235,355
237,235,421
239,33
239,261
33,239,261
248,249
248,336
249,248,336
269,270
269,270,320
270,320
272,273
275,50,373
275,50,381
288,289
290,291
290,266
290,291,296
291,290,266
291,296
266,290,291,296
297,235,355
297,235,421
299,300
304,167,166,353,352,36,333
304,167,57,36,333
304,167,166,353,352
304,167,57,36,352
304,167,166,353
304,167,57,36,352,353
304,167,166,353,352,36,57,372
304,167,57,372
304,167,166,353,352,36,57,372,384
304,167,57,372,384
304,167,407
311,312
311,313
311,314
311,145
312,311,313
312,311,314
312,311,145
313,311,314
313,311,145
314,311,145
318,319
324,226
324,277
226,324,277
325,326
325,327,326
325,232
325,327
326,325,232
326,327,325,232
326,327
232,325,327
331,332
333,36,352
333,36,352,353
333,36,57,167,166,353
333,36,352,353,166,167,57,372
333,36,57,372
333,36,352,353,166,167,57,372,384
333,36,57,372,384
333,36,352,353,166,167,407
333,36,57,167,407
293,184,198,197,342
293,184,198,197,342,169
293,184,5,389
293,184,15,16,21,20,389
293,184,5,20,389,26
293,184,5,150,389,26
293,184,5,389,26
293,184,15,16,21,20,5,150,389,26
293,184,15,16,21,20,5,389,26
293,184,15,16,21,20,389,26
293,184,5,20,389,231
293,184,5,150,389,231
293,184,5,389,231
293,184,15,16,21,20,5,150,389,231
293,184,15,16,21,20,5,389,231
293,184,15,16,21,20,389,231
338,159,443
342,169
342,197,198,184,5,389
342,197,198,184,15,16,21,20,389
342,197,198,184,5,20,389,26
342,197,198,184,5,150,389,26
342,197,198,184,5,389,26
342,197,198,184,15,16,21,20,5,150,389,26
342,197,198,184,15,16,21,20,5,389,26
342,197,198,184,15,16,21,20,389,26
342,197,198,184,5,20,389,231
342,197,198,184,5,150,389,231
342,197,198,184,5,389,231
342,197,198,184,15,16,21,20,5,150,389,231
342,197,198,184,15,16,21,20,5,389,231
342,197,198,184,15,16,21,20,389,231
169,342,197,198,184,5,389
169,342,197,198,184,15,16,21,20,389
169,342,197,198,184,5,20,389,26
169,342,197,198,184,5,150,389,26
169,342,197,198,184,5,389,26
169,342,197,198,184,15,16,21,20,5,150,389,26
169,342,197,198,184,15,16,21,20,5,389,26
169,342,197,198,184,15,16,21,20,389,26
169,342,197,198,184,5,20,389,231
169,342,197,198,184,5,150,389,231
169,342,197,198,184,5,389,231
169,342,197,198,184,15,16,21,20,5,150,389,231
169,342,197,198,184,15,16,21,20,5,389,231
169,342,197,198,184,15,16,21,20,389,231
347,93
352,353
352,353,166,167,57,372
352,36,57,372
352,353,166,167,57,372,384
352,36,57,372,384
352,353,166,167,407
352,36,57,167,407
353,352,36,57,372
353,166,167,57,372
353,352,36,57,372,384
353,166,167,57,372,384
353,352,36,57,167,407
353,166,167,407
354,41
355,235,421
361,73
367,118,406
369,328
372,384
372,57,36,352,353,166,167,407
372,57,167,407
373,50,381
380,276
384,372,57,36,352,353,166,167,407
384,372,57,167,407
388,357
389,26
389,231
26,389,231
390,112
416,45
427,428
427,428,32
427,428,418
428,32
428,418
435,223
32,428,418
