14,15
14,174,4,19,20,15
14,174,4,142,378,19,20,15
14,174,4,378,19,20,15
14,15,20,19
14,174,4,19
14,174,4,142,378,19
14,174,4,378,19
14,15,20,19,4
14,15,20,19,378,4
14,15,20,19,378,142,4
14,174,4
14,15,20
14,174,4,19,20
14,174,4,142,378,19,20
14,174,4,378,19,20
14,15,20,19,4,142
14,15,20,19,378,142
14,174,4,142
14,174,4,378,142
14,15,20,19,4,174,173
14,15,20,19,378,4,174,173
14,15,20,19,378,142,4,174,173
14,174,173
14,174
14,15,20,19,4,174,189,188
14,15,20,19,378,4,174,189,188
14,15,20,19,378,142,4,174,189,188
14,174,189,188
14,15,20,19,4,174,189
14,15,20,19,378,4,174,189
14,15,20,19,378,142,4,174,189
14,174,189
14,15,20,19,4,174,279
14,15,20,19,378,4,174,279
14,15,20,19,378,142,4,174,279
14,174,279
14,15,20,19,4,174,189,188,331
14,15,20,19,378,4,174,189,188,331
14,15,20,19,378,142,4,174,189,188,331
14,174,189,188,331
14,15,20,19,4,174,189,188,331,158
14,15,20,19,378,4,174,189,188,331,158
14,15,20,19,378,142,4,174,189,188,331,158
14,174,189,188,331,158
14,15,20,19,378
14,174,4,378
14,15,20,19,4,142,378,25
14,15,20,19,4,378,25
14,15,20,19,378,25
14,174,4,19,378,25
14,174,4,142,378,25
14,174,4,378,25
14,15,20,19,4,142,378,222
14,15,20,19,4,378,222
14,15,20,19,378,222
14,174,4,19,378,222
14,174,4,142,378,222
14,174,4,378,222
15,14,174,4,19
15,14,174,4,142,378,19
15,14,174,4,378,19
15,20,19
15,14,174,4
15,20,19,4
15,20,19,378,4
15,20,19,378,142,4
15,20
15,14,174,4,142
15,14,174,4,378,142
15,20,19,4,142
15,20,19,378,142
15,14,174,173
15,20,19,4,174,173
15,20,19,378,4,174,173
15,20,19,378,142,4,174,173
15,14,174
15,20,19,4,174
15,20,19,378,4,174
15,20,19,378,142,4,174
15,14,174,189,188
15,20,19,4,174,189,188
15,20,19,378,4,174,189,188
15,20,19,378,142,4,174,189,188
15,14,174,189
15,20,19,4,174,189
15,20,19,378,4,174,189
15,20,19,378,142,4,174,189
15,14,174,279
15,20,19,4,174,279
15,20,19,378,4,174,279
15,20,19,378,142,4,174,279
15,14,174,189,188,331
15,20,19,4,174,189,188,331
15,20,19,378,4,174,189,188,331
15,20,19,378,142,4,174,189,188,331
15,14,174,189,188,331,158
15,20,19,4,174,189,188,331,158
15,20,19,378,4,174,189,188,331,158
15,20,19,378,142,4,174,189,188,331,158
15,14,174,4,378
15,20,19,378
15,14,174,4,19,378,25
15,14,174,4,142,378,25
15,14,174,4,378,25
15,20,19,4,142,378,25
15,20,19,4,378,25
15,20,19,378,25
15,14,174,4,19,378,222
15,14,174,4,142,378,222
15,14,174,4,378,222
15,20,19,4,142,378,222
15,20,19,4,378,222
15,20,19,378,222
16,17
19,4
19,378,4
19,378,142,4
19,20
19,4,142
19,20,15,14,174,4,142
19,378,142
19,4,174,173
19,20,15,14,174,173
19,378,4,174,173
19,378,142,4,174,173
19,4,174
19,20,15,14,174
19,378,4,174
19,378,142,4,174
19,4,174,189,188
19,20,15,14,174,189,188
19,378,4,174,189,188
19,378,142,4,174,189,188
19,4,174,189
19,20,15,14,174,189
19,378,4,174,189
19,378,142,4,174,189
19,4,174,279
19,20,15,14,174,279
19,378,4,174,279
19,378,142,4,174,279
19,4,174,189,188,331
19,20,15,14,174,189,188,331
19,378,4,174,189,188,331
19,378,142,4,174,189,188,331
19,4,174,189,188,331,158
19,20,15,14,174,189,188,331,158
19,378,4,174,189,188,331,158
19,378,142,4,174,189,188,331,158
19,378
19,4,142,378,25
19,4,378,25
19,20,15,14,174,4,142,378,25
19,20,15,14,174,4,378,25
19,378,25
19,4,142,378,222
19,4,378,222
19,20,15,14,174,4,142,378,222
19,20,15,14,174,4,378,222
19,378,222
4,19,20
4,142,378,19,20
4,174,14,15,20
4,378,19,20
4,142
4,378,142
4,174,173
4,174
4,174,189,188
4,174,189
4,174,279
4,174,189,188,331
4,174,189,188,331,158
4,378
4,142,378,25
4,378,25
4,142,378,222
4,378,222
20,19,4,142
20,19,378,142
20,15,14,174,4,142
20,15,14,174,4,378,142
20,19,4,174,173
20,19,378,4,174,173
20,19,378,142,4,174,173
20,15,14,174,173
20,19,4,174
20,19,378,4,174
20,19,378,142,4,174
20,15,14,174
20,19,4,174,189,188
20,19,378,4,174,189,188
20,19,378,142,4,174,189,188
20,15,14,174,189,188
20,19,4,174,189
20,19,378,4,174,189
20,19,378,142,4,174,189
20,15,14,174,189
20,19,4,174,279
20,19,378,4,174,279
20,19,378,142,4,174,279
20,15,14,174,279
20,19,4,174,189,188,331
20,19,378,4,174,189,188,331
20,19,378,142,4,174,189,188,331
20,15,14,174,189,188,331
20,19,4,174,189,188,331,158
20,19,378,4,174,189,188,331,158
20,19,378,142,4,174,189,188,331,158
20,15,14,174,189,188,331,158
20,19,378
20,15,14,174,4,378
20,19,4,142,378,25
20,19,4,378,25
20,19,378,25
20,15,14,174,4,142,378,25
20,15,14,174,4,378,25
20,19,4,142,378,222
20,19,4,378,222
20,19,378,222
20,15,14,174,4,142,378,222
20,15,14,174,4,378,222
28,29
40,41
40,41,146,150
40,41,150
40,41,146
40,41,230
41,146,150
41,150
41,146
41,230
46,47
46,47,97
46,47,119
46,47,119,120
46,47,264
46,47,365
46,47,370
47,97
47,119
47,119,120
47,264
47,365
47,370
49,50
56,24
69,33
69,33,343,344,155
69,33,221,156,155
69,33,343,344,155,156
69,33,221,156
69,33,343,344,155,156,221,219
69,33,221,219
69,33,343,344,155,156,221,219,220
69,33,221,219,220
69,33,343,344,155,156,221
69,33,221
69,33,343,344,155,156,292
69,33,221,156,292
69,33,322
69,33,343
69,33,343,344
69,33,221,156,155,344
69,33,343,344,155,156,221,364
69,33,221,364
69,33,343,344,155,156,221,364,373
69,33,221,364,373
69,33,343,344,155,156,397
69,33,221,156,397
33,343,344,155
33,221,156,155
33,343,344,155,156
33,221,156
33,343,344,155,156,221,219
33,221,219
33,343,344,155,156,221,219,220
33,221,219,220
33,343,344,155,156,221
33,221
33,343,344,155,156,292
33,221,156,292
33,322
33,343
33,343,344
33,221,156,155,344
33,343,344,155,156,221,364
33,221,364
33,343,344,155,156,221,364,373
33,221,364,373
33,343,344,155,156,397
33,221,156,397
75,67
76,77
76,78,165,79,77
76,78,194,77
76,79,165,78,194,77
76,79,77
76,78
76,79,165,78
76,79,77,194,78
76,9
76,79
76,77,194,78,165
76,77,79,165
76,78,165
76,79,165
76,77,194
76,78,194
76,79,165,78,194
76,79,77,194
76,77,194,78,307,306
76,77,79,165,78,307,306
76,78,307,306
76,79,165,78,307,306
76,79,77,194,78,307,306
76,77,194,78,307
76,77,79,165,78,307
76,78,307
76,79,165,78,307
76,79,77,194,78,307
77,76,78
77,194,78
77,79,76,78
77,79,165,78
77,76,9
77,194,78,76,9
77,194,78,165,79,76,9
77,79,76,9
77,79,165,78,76,9
77,194,78,165,79
77,79
77,76,78,165
77,194,78,165
77,79,165
77,194
77,76,78,307,306
77,194,78,307,306
77,79,76,78,307,306
77,79,165,78,307,306
77,76,78,307
77,194,78,307
77,79,76,78,307
77,79,165,78,307
78,76,9
78,165,79,76,9
78,194,77,79,76,9
78,76,79
78,165,79
78,194,77,79
78,165
78,194
78,307,306
78,307
9,76,79
9,76,77,194,78,165
9,76,77,79,165
9,76,78,165
9,76,79,165
9,76,77,194
9,76,78,194
9,76,79,165,78,194
9,76,79,77,194
9,76,77,194,78,307,306
9,76,77,79,165,78,307,306
9,76,78,307,306
9,76,79,165,78,307,306
9,76,79,77,194,78,307,306
9,76,77,194,78,307
9,76,77,79,165,78,307
9,76,78,307
9,76,79,165,78,307
9,76,79,77,194,78,307
79,165
79,76,78,194
79,165,78,194
79,77,194
79,76,78,307,306
79,165,78,307,306
79,77,194,78,307,306
79,76,78,307
79,165,78,307
79,77,194,78,307
91,92
97,47,119
97,47,119,120
97,47,264
97,47,365
97,47,370
108,109
108,109,358
108,109,396
109,358
109,396
113,114
119,120
119,47,264
119,47,365
119,47,370
120,119,47,264
120,119,47,365
120,119,47,370
124,125
127,128
127,128,181
127,128,243
128,181
128,243
131,132
131,8
131,132,391
132,131,8
132,391
8,131,132,391
134,135
134,162
135,134,162
138,139
138,139,263,262
138,139,263
139,263,262
139,263
140,141
140,183
141,140,183
142,4,19,20,15,14,174,173
142,4,174,173
142,378,4,174,173
142,378,19,20,15,14,174,173
142,4,174
142,378,4,174
142,378,19,20,15,14,174
142,4,19,20,15,14,174,189,188
142,4,174,189,188
142,378,4,174,189,188
142,378,19,20,15,14,174,189,188
142,4,19,20,15,14,174,189
142,4,174,189
142,378,4,174,189
142,378,19,20,15,14,174,189
142,4,19,20,15,14,174,279
142,4,174,279
142,378,4,174,279
142,378,19,20,15,14,174,279
142,4,19,20,15,14,174,189,188,331
142,4,174,189,188,331
142,378,4,174,189,188,331
142,378,19,20,15,14,174,189,188,331
142,4,19,20,15,14,174,189,188,331,158
142,4,174,189,188,331,158
142,378,4,174,189,188,331,158
142,378,19,20,15,14,174,189,188,331,158
142,378
142,378,25
142,378,222
147,148
147,148,326
147,148,437
148,326
148,437
150,146
150,146,41,230
150,41,230
146,41,230
151,152
155,156
155,156,221,219
155,344,343,33,221,219
155,156,221,219,220
155,344,343,33,221,219,220
155,156,221
155,344,343,33,221
155,156,292
155,344,343,33,221,156,292
155,156,221,33,322
155,344,343,33,322
155,156,221,33,343
155,344,343
155,344
155,156,221,364
155,344,343,33,221,364
155,156,221,364,373
155,344,343,33,221,364,373
155,156,397
155,344,343,33,221,156,397
156,221,219
156,221,219,220
156,221
156,292
156,155,344,343,33,322
156,221,33,322
156,155,344,343
156,221,33,343
156,155,344
156,221,33,343,344
156,221,364
156,221,364,373
156,397
165,78,194
165,79,76,77,194
165,79,77,194
165,78,307,306
165,79,76,77,194,78,307,306
165,79,77,194,78,307,306
165,78,307
165,79,76,77,194,78,307
165,79,77,194,78,307
173,174
173,174,189,188
173,174,189
173,174,279
173,174,189,188,331
173,174,189,188,331,158
173,174,4,378
173,174,14,15,20,19,378
173,174,4,19,378,25
173,174,4,142,378,25
173,174,4,378,25
173,174,14,15,20,19,4,142,378,25
173,174,14,15,20,19,4,378,25
173,174,14,15,20,19,378,25
173,174,4,19,378,222
173,174,4,142,378,222
173,174,4,378,222
173,174,14,15,20,19,4,142,378,222
173,174,14,15,20,19,4,378,222
173,174,14,15,20,19,378,222
174,189,188
174,189
174,279
174,189,188,331
174,189,188,331,158
174,4,378
174,14,15,20,19,378
174,4,19,378,25
174,4,142,378,25
174,4,378,25
174,14,15,20,19,378,25
174,4,19,378,222
174,4,142,378,222
174,4,378,222
174,14,15,20,19,378,222
176,177
176,43
176,74
176,178
177,176,43
177,176,74
177,176,178
43,176,74
43,176,178
74,176,178
179,180
181,128,243
186,187
188,189
188,189,174,279
188,331
188,331,158
188,189,174,4,378
188,189,174,14,15,20,19,378
188,189,174,4,19,378,25
188,189,174,4,142,378,25
188,189,174,4,378,25
188,189,174,14,15,20,19,4,142,378,25
188,189,174,14,15,20,19,4,378,25
188,189,174,14,15,20,19,378,25
188,189,174,4,19,378,222
188,189,174,4,142,378,222
188,189,174,4,378,222
188,189,174,14,15,20,19,4,142,378,222
188,189,174,14,15,20,19,4,378,222
188,189,174,14,15,20,19,378,222
189,174,279
189,188,331
189,188,331,158
189,174,4,378
189,174,14,15,20,19,378
189,174,4,19,378,25
189,174,4,142,378,25
189,174,4,378,25
189,174,14,15,20,19,4,142,378,25
189,174,14,15,20,19,4,378,25
189,174,14,15,20,19,378,25
189,174,4,19,378,222
189,174,4,142,378,222
189,174,4,378,222
189,174,14,15,20,19,4,142,378,222
189,174,14,15,20,19,4,378,222
189,174,14,15,20,19,378,222
194,78,307,306
194,78,307
201,202
201,314,202
201,314
201,202,314,315
201,202,314,316,315
201,314,315
201,314,316,315
201,202,314,223
201,314,223
201,202,314,316
201,314,316
202,314
202,314,315
202,314,316,315
202,314,223
202,314,316
209,98
217,90
219,220
219,221
219,221,33,343,344,155,156,292
219,221,156,292
219,221,33,322
219,221,156,155,344,343,33,322
219,221,33,343
219,221,156,155,344,343
219,221,33,343,344
219,221,156,155,344
219,221,364
219,221,364,373
219,221,33,343,344,155,156,397
219,221,156,397
220,219,221
220,219,221,33,343,344,155,156,292
220,219,221,156,292
220,219,221,33,322
220,219,221,156,155,344,343,33,322
220,219,221,33,343
220,219,221,156,155,344,343
220,219,221,33,343,344
220,219,221,156,155,344
220,219,221,364
220,219,221,364,373
220,219,221,33,343,344,155,156,397
220,219,221,156,397
221,156,292
221,33,322
221,156,155,344,343,33,322
221,33,343
221,156,155,344,343
221,33,343,344
221,156,155,344
221,364
221,364,373
221,156,397
226,227
226,228
226,284
226,346
226,414
227,226,228
227,226,284
227,226,346
227,226,414
228,226,284
228,226,346
228,226,414
229,32
229,251
32,229,251
238,239
238,324
239,238,324
259,260
259,260,308
260,308
262,263
264,47,365
264,47,370
274,275
276,277
276,256
276,277,283
277,276,256
277,283
256,276,277,283
284,226,346
284,226,414
287,288
292,156,155,344,343,33,322
292,156,221,33,322
292,156,155,344,343
292,156,221,33,343
292,156,155,344
292,156,221,33,343,344
292,156,155,344,343,33,221,364
292,156,221,364
292,156,155,344,343,33,221,364,373
292,156,221,364,373
292,156,397
299,300
299,301
299,302
299,137
300,299,301
300,299,302
300,299,137
301,299,302
301,299,137
302,299,137
306,307
313,215
313,266
215,313,266
314,315
314,316,315
314,223
314,316
315,314,223
315,316,314,223
315,316
223,314,316
320,321
322,33,343
322,33,343,344
322,33,221,156,155,344
322,33,343,344,155,156,221,364
322,33,221,364
322,33,343,344,155,156,221,364,373
322,33,221,364,373
322,33,343,344,155,156,397
322,33,221,156,397
279,174,189,188,331
279,174,189,188,331,158
279,174,4,378
279,174,14,15,20,19,378
279,174,4,19,378,25
279,174,4,142,378,25
279,174,4,378,25
279,174,14,15,20,19,4,142,378,25
279,174,14,15,20,19,4,378,25
279,174,14,15,20,19,378,25
279,174,4,19,378,222
279,174,4,142,378,222
279,174,4,378,222
279,174,14,15,20,19,4,142,378,222
279,174,14,15,20,19,4,378,222
279,174,14,15,20,19,378,222
326,148,437
331,158
331,188,189,174,4,378
331,188,189,174,14,15,20,19,378
331,188,189,174,4,19,378,25
331,188,189,174,4,142,378,25
331,188,189,174,4,378,25
331,188,189,174,14,15,20,19,4,142,378,25
331,188,189,174,14,15,20,19,4,378,25
331,188,189,174,14,15,20,19,378,25
331,188,189,174,4,19,378,222
331,188,189,174,4,142,378,222
331,188,189,174,4,378,222
331,188,189,174,14,15,20,19,4,142,378,222
331,188,189,174,14,15,20,19,4,378,222
331,188,189,174,14,15,20,19,378,222
158,331,188,189,174,4,378
158,331,188,189,174,14,15,20,19,378
158,331,188,189,174,4,19,378,25
158,331,188,189,174,4,142,378,25
158,331,188,189,174,4,378,25
158,331,188,189,174,14,15,20,19,4,142,378,25
158,331,188,189,174,14,15,20,19,4,378,25
158,331,188,189,174,14,15,20,19,378,25
158,331,188,189,174,4,19,378,222
158,331,188,189,174,4,142,378,222
158,331,188,189,174,4,378,222
158,331,188,189,174,14,15,20,19,4,142,378,222
158,331,188,189,174,14,15,20,19,4,378,222
158,331,188,189,174,14,15,20,19,378,222
338,85
343,344
343,344,155,156,221,364
343,33,221,364
343,344,155,156,221,364,373
343,33,221,364,373
343,344,155,156,397
343,33,221,156,397
344,343,33,221,364
344,155,156,221,364
344,343,33,221,364,373
344,155,156,221,364,373
344,343,33,221,156,397
344,155,156,397
345,38
346,226,414
352,65
358,109,396
360,317
364,373
364,221,33,343,344,155,156,397
364,221,156,397
365,47,370
369,265
373,364,221,33,343,344,155,156,397
373,364,221,156,397
377,348
378,25
378,222
25,378,222
379,103
408,42
418,419
421,422
421,422,31
421,422,411
422,31
422,411
429,212
31,422,411
