19,20
19,248,6,25,26,20
19,248,6,207,543,25,26,20
19,248,6,543,25,26,20
19,20,26,25
19,248,6,25
19,248,6,207,543,25
19,248,6,543,25
19,20,26,25,6
19,20,26,25,543,6
19,20,26,25,543,207,6
19,248,6
19,20,26
19,248,6,25,26
19,248,6,207,543,25,26
19,248,6,543,25,26
19,20,26,25,6,207
19,20,26,25,543,207
19,248,6,207
19,248,6,543,207
19,20,26,25,6,248,247
19,20,26,25,543,6,248,247
19,20,26,25,543,207,6,248,247
19,248,247
19,248
19,20,26,25,6,248,270,269
19,20,26,25,543,6,248,270,269
19,20,26,25,543,207,6,248,270,269
19,248,270,269
19,20,26,25,6,248,270
19,20,26,25,543,6,248,270
19,20,26,25,543,207,6,248,270
19,248,270
19,20,26,25,6,248,397
19,20,26,25,543,6,248,397
19,20,26,25,543,207,6,248,397
19,248,397
19,20,26,25,6,248,270,269,478
19,20,26,25,543,6,248,270,269,478
19,20,26,25,543,207,6,248,270,269,478
19,248,270,269,478
19,20,26,25,6,248,270,269,478,226
19,20,26,25,543,6,248,270,269,478,226
19,20,26,25,543,207,6,248,270,269,478,226
19,248,270,269,478,226
19,20,26,25,543
19,248,6,543
19,20,26,25,6,207,543,34
19,20,26,25,6,543,34
19,20,26,25,543,34
19,248,6,25,543,34
19,248,6,207,543,34
19,248,6,543,34
19,20,26,25,6,207,543,321
19,20,26,25,6,543,321
19,20,26,25,543,321
19,248,6,25,543,321
19,248,6,207,543,321
19,248,6,543,321
20,19,248,6,25
20,19,248,6,207,543,25
20,19,248,6,543,25
20,26,25
20,19,248,6
20,26,25,6
20,26,25,543,6
20,26,25,543,207,6
20,26
20,19,248,6,207
20,19,248,6,543,207
20,26,25,6,207
20,26,25,543,207
20,19,248,247
20,26,25,6,248,247
20,26,25,543,6,248,247
20,26,25,543,207,6,248,247
20,19,248
20,26,25,6,248
20,26,25,543,6,248
20,26,25,543,207,6,248
20,19,248,270,269
20,26,25,6,248,270,269
20,26,25,543,6,248,270,269
20,26,25,543,207,6,248,270,269
20,19,248,270
20,26,25,6,248,270
20,26,25,543,6,248,270
20,26,25,543,207,6,248,270
20,19,248,397
20,26,25,6,248,397
20,26,25,543,6,248,397
20,26,25,543,207,6,248,397
20,19,248,270,269,478
20,26,25,6,248,270,269,478
20,26,25,543,6,248,270,269,478
20,26,25,543,207,6,248,270,269,478
20,19,248,270,269,478,226
20,26,25,6,248,270,269,478,226
20,26,25,543,6,248,270,269,478,226
20,26,25,543,207,6,248,270,269,478,226
20,19,248,6,543
20,26,25,543
20,19,248,6,25,543,34
20,19,248,6,207,543,34
20,19,248,6,543,34
20,26,25,6,207,543,34
20,26,25,6,543,34
20,26,25,543,34
20,19,248,6,25,543,321
20,19,248,6,207,543,321
20,19,248,6,543,321
20,26,25,6,207,543,321
20,26,25,6,543,321
20,26,25,543,321
22,23
25,6
25,543,6
25,543,207,6
25,26
25,6,207
25,26,20,19,248,6,207
25,543,207
25,6,248,247
25,26,20,19,248,247
25,543,6,248,247
25,543,207,6,248,247
25,6,248
25,26,20,19,248
25,543,6,248
25,543,207,6,248
25,6,248,270,269
25,26,20,19,248,270,269
25,543,6,248,270,269
25,543,207,6,248,270,269
25,6,248,270
25,26,20,19,248,270
25,543,6,248,270
25,543,207,6,248,270
25,6,248,397
25,26,20,19,248,397
25,543,6,248,397
25,543,207,6,248,397
25,6,248,270,269,478
25,26,20,19,248,270,269,478
25,543,6,248,270,269,478
25,543,207,6,248,270,269,478
25,6,248,270,269,478,226
25,26,20,19,248,270,269,478,226
25,543,6,248,270,269,478,226
25,543,207,6,248,270,269,478,226
25,543
25,6,207,543,34
25,6,543,34
25,26,20,19,248,6,207,543,34
25,26,20,19,248,6,543,34
25,543,34
25,6,207,543,321
25,6,543,321
25,26,20,19,248,6,207,543,321
25,26,20,19,248,6,543,321
25,543,321
6,25,26
6,207,543,25,26
6,248,19,20,26
6,543,25,26
6,207
6,543,207
6,248,247
6,248
6,248,270,269
6,248,270
6,248,397
6,248,270,269,478
6,248,270,269,478,226
6,543
6,207,543,34
6,543,34
6,207,543,321
6,543,321
26,25,6,207
26,25,543,207
26,20,19,248,6,207
26,20,19,248,6,543,207
26,25,6,248,247
26,25,543,6,248,247
26,25,543,207,6,248,247
26,20,19,248,247
26,25,6,248
26,25,543,6,248
26,25,543,207,6,248
26,20,19,248
26,25,6,248,270,269
26,25,543,6,248,270,269
26,25,543,207,6,248,270,269
26,20,19,248,270,269
26,25,6,248,270
26,25,543,6,248,270
26,25,543,207,6,248,270
26,20,19,248,270
26,25,6,248,397
26,25,543,6,248,397
26,25,543,207,6,248,397
26,20,19,248,397
26,25,6,248,270,269,478
26,25,543,6,248,270,269,478
26,25,543,207,6,248,270,269,478
26,20,19,248,270,269,478
26,25,6,248,270,269,478,226
26,25,543,6,248,270,269,478,226
26,25,543,207,6,248,270,269,478,226
26,20,19,248,270,269,478,226
26,25,543
26,20,19,248,6,543
26,25,6,207,543,34
26,25,6,543,34
26,25,543,34
26,20,19,248,6,207,543,34
26,20,19,248,6,543,34
26,25,6,207,543,321
26,25,6,543,321
26,25,543,321
26,20,19,248,6,207,543,321
26,20,19,248,6,543,321
28,29
39,40
57,58
57,58,212,216
57,58,216
57,58,212
57,58,333
58,212,216
58,216
58,212
58,333
63,64
63,64,146
63,64,595,146
63,64,175
63,64,175,176
63,64,528
63,64,533
63,64,595
64,146
64,595,146
64,175
64,175,176
64,528
64,533
64,595
67,68
75,32
96,44
96,44,492,493,330,275,152,151
96,44,152,151
96,44,492,493,330,275,152
96,44,152
96,44,492,493,330,275
96,44,152,275
96,44,492,493,330,275,316
96,44,152,275,316
96,44,492,493,330
96,44,152,275,330
96,44,461
96,44,492
96,44,492,493
96,44,152,275,330,493
96,44,492,493,330,275,152,527
96,44,152,527
96,44,492,493,330,275,152,527,539
96,44,152,527,539
44,492,493,330,275,152,151
44,152,151
44,492,493,330,275,152
44,152
44,492,493,330,275
44,152,275
44,492,493,330,275,316
44,152,275,316
44,492,493,330
44,152,275,330
44,461
44,492
44,492,493
44,152,275,330,493
44,492,493,330,275,152,527
44,152,527
44,492,493,330,275,152,527,539
44,152,527,539
107,94
108,109
108,110,237,111,109
108,110,280,109
108,111,237,110,280,109
108,111,109
108,110
108,111,237,110
108,111,109,280,110
108,12
108,111
108,109,280,110,237
108,109,111,237
108,110,237
108,111,237
108,109,280
108,110,280
108,111,237,110,280
108,111,109,280
108,109,280,110,438,437
108,109,111,237,110,438,437
108,110,438,437
108,111,237,110,438,437
108,111,109,280,110,438,437
108,109,280,110,438
108,109,111,237,110,438
108,110,438
108,111,237,110,438
108,111,109,280,110,438
109,108,110
109,280,110
109,111,108,110
109,111,237,110
109,108,12
109,280,110,108,12
109,280,110,237,111,108,12
109,111,108,12
109,111,237,110,108,12
109,280,110,237,111
109,111
109,108,110,237
109,280,110,237
109,111,237
109,280
109,108,110,438,437
109,280,110,438,437
109,111,108,110,438,437
109,111,237,110,438,437
109,108,110,438
109,280,110,438
109,111,108,110,438
109,111,237,110,438
110,108,12
110,237,111,108,12
110,280,109,111,108,12
110,108,111
110,237,111
110,280,109,111
110,237
110,280
110,438,437
110,438
12,108,111
12,108,109,280,110,237
12,108,109,111,237
12,108,110,237
12,108,111,237
12,108,109,280
12,108,110,280
12,108,111,237,110,280
12,108,111,109,280
12,108,109,280,110,438,437
12,108,109,111,237,110,438,437
12,108,110,438,437
12,108,111,237,110,438,437
12,108,111,109,280,110,438,437
12,108,109,280,110,438
12,108,109,111,237,110,438
12,108,110,438
12,108,111,237,110,438
12,108,111,109,280,110,438
111,237
111,108,110,280
111,237,110,280
111,109,280
111,108,110,438,437
111,237,110,438,437
111,109,280,110,438,437
111,108,110,438
111,237,110,438
111,109,280,110,438
117,118
117,583,320,183,182
117,583,182
117,583,320,183
117,583,182,183
117,583,320
117,583
117,583,490
117,583,36
118,117,583,320,183,182
118,117,583,182
118,117,583,320,183
118,117,583,182,183
118,117,583,320
118,117,583
118,117,583,490
118,117,583,36
123,124
123,125
123,126
123,127
123,38
124,123,125
124,123,126
124,123,127
124,123,38
125,123,126
125,123,127
125,123,38
126,123,127
126,123,38
127,123,38
132,133
132,133,353
132,133,521
132,133,88
133,353
133,521
133,88
143,144
146,64,175
146,595,64,175
146,64,175,176
146,595,64,175,176
146,64,528
146,595,64,528
146,64,533
146,595,64,533
146,595
148,149
148,150
148,614
149,148,150
149,148,614
150,148,614
151,152
151,152,275
151,152,275,316
151,152,44,492,493,330,275,316
151,152,275,330
151,152,44,492,493,330
151,152,275,330,493,492,44,461
151,152,44,461
151,152,275,330,493,492
151,152,44,492
151,152,275,330,493
151,152,44,492,493
151,152,527
151,152,527,539
152,275
152,275,316
152,44,492,493,330,275,316
152,275,330
152,44,492,493,330
152,275,330,493,492,44,461
152,44,461
152,275,330,493,492
152,44,492
152,275,330,493
152,44,492,493
152,527
152,527,539
167,168
167,168,519
167,168,569
168,519
168,569
169,170
175,176
175,64,528
175,64,533
175,64,595
176,175,64,528
176,175,64,533
176,175,64,595
180,181
182,183
182,583,320,183
182,183,320
182,583,320
182,583
182,183,320,583,490
182,583,490
182,183,320,583,36
182,583,36
183,320
183,182,583
183,320,583
183,182,583,490
183,320,583,490
183,182,583,36
183,320,583,36
185,186
185,186,263
185,186,347
186,263
186,347
191,192
191,192,463
192,463
193,194
193,11
193,194,561
194,193,11
194,561
11,193,194,561
198,199
198,231
199,198,231
203,204
203,204,375,374
203,204,375
204,375,374
204,375
205,206
205,265
206,205,265
207,6,25,26,20,19,248,247
207,6,248,247
207,543,6,248,247
207,543,25,26,20,19,248,247
207,6,248
207,543,6,248
207,543,25,26,20,19,248
207,6,25,26,20,19,248,270,269
207,6,248,270,269
207,543,6,248,270,269
207,543,25,26,20,19,248,270,269
207,6,25,26,20,19,248,270
207,6,248,270
207,543,6,248,270
207,543,25,26,20,19,248,270
207,6,25,26,20,19,248,397
207,6,248,397
207,543,6,248,397
207,543,25,26,20,19,248,397
207,6,25,26,20,19,248,270,269,478
207,6,248,270,269,478
207,543,6,248,270,269,478
207,543,25,26,20,19,248,270,269,478
207,6,25,26,20,19,248,270,269,478,226
207,6,248,270,269,478,226
207,543,6,248,270,269,478,226
207,543,25,26,20,19,248,270,269,478,226
207,543
207,543,34
207,543,321
213,214
213,214,469
213,214,623
214,469
214,623
216,212
216,212,58,333
216,58,333
212,58,333
217,218
219,220
219,220,257
219,220,258
220,257
220,258
237,110,280
237,111,108,109,280
237,111,109,280
237,110,438,437
237,111,108,109,280,110,438,437
237,111,109,280,110,438,437
237,110,438
237,111,108,109,280,110,438
237,111,109,280,110,438
242,47
247,248
247,248,270,269
247,248,270
247,248,397
247,248,270,269,478
247,248,270,269,478,226
247,248,6,543
247,248,19,20,26,25,543
247,248,6,25,543,34
247,248,6,207,543,34
247,248,6,543,34
247,248,19,20,26,25,6,207,543,34
247,248,19,20,26,25,6,543,34
247,248,19,20,26,25,543,34
247,248,6,25,543,321
247,248,6,207,543,321
247,248,6,543,321
247,248,19,20,26,25,6,207,543,321
247,248,19,20,26,25,6,543,321
247,248,19,20,26,25,543,321
248,270,269
248,270
248,397
248,270,269,478
248,270,269,478,226
248,6,543
248,19,20,26,25,543
248,6,25,543,34
248,6,207,543,34
248,6,543,34
248,19,20,26,25,543,34
248,6,25,543,321
248,6,207,543,321
248,6,543,321
248,19,20,26,25,543,321
249,236
254,255
257,220,258
263,186,347
267,268
269,270
269,270,248,397
269,478
269,478,226
269,270,248,6,543
269,270,248,19,20,26,25,543
269,270,248,6,25,543,34
269,270,248,6,207,543,34
269,270,248,6,543,34
269,270,248,19,20,26,25,6,207,543,34
269,270,248,19,20,26,25,6,543,34
269,270,248,19,20,26,25,543,34
269,270,248,6,25,543,321
269,270,248,6,207,543,321
269,270,248,6,543,321
269,270,248,19,20,26,25,6,207,543,321
269,270,248,19,20,26,25,6,543,321
269,270,248,19,20,26,25,543,321
270,248,397
270,269,478
270,269,478,226
270,248,6,543
270,248,19,20,26,25,543
270,248,6,25,543,34
270,248,6,207,543,34
270,248,6,543,34
270,248,19,20,26,25,6,207,543,34
270,248,19,20,26,25,6,543,34
270,248,19,20,26,25,543,34
270,248,6,25,543,321
270,248,6,207,543,321
270,248,6,543,321
270,248,19,20,26,25,6,207,543,321
270,248,19,20,26,25,6,543,321
270,248,19,20,26,25,543,321
275,316
275,330
275,152,44,461
275,330,493,492,44,461
275,152,44,492
275,330,493,492
275,152,44,492,493
275,330,493
275,152,527
275,152,527,539
280,110,438,437
280,110,438
292,293
292,447,293
292,447
292,293,447,448
292,293,447,449,448
292,447,448
292,447,449,448
292,293,447,323
292,447,323
292,293,447,449
292,447,449
293,447
293,447,448
293,447,449,448
293,447,323
293,447,449
300,147
302,303
302,304
302,305
303,302,304
303,302,305
304,302,305
315,129
316,275,330
316,275,152,44,461
316,275,330,493,492,44,461
316,275,152,44,492
316,275,330,493,492
316,275,152,44,492,493
316,275,330,493
316,275,152,527
316,275,330,493,492,44,152,527
316,275,152,527,539
316,275,330,493,492,44,152,527,539
320,583
320,583,490
320,583,36
327,328
327,329
327,405
327,497
327,588
328,327,329
328,327,405
328,327,497
328,327,588
329,327,405
329,327,497
329,327,588
330,275,152,44,461
330,493,492,44,461
330,275,152,44,492
330,493,492
330,493
330,275,152,527
330,493,492,44,152,527
330,275,152,527,539
330,493,492,44,152,527,539
332,43
332,358
43,332,358
343,344
343,466
344,343,466
370,371
370,371,439
371,439
374,375
392,393
394,395
394,365
394,395,404
395,394,365
395,404
365,394,395,404
405,327,497
405,327,588
413,414
413,414,14
413,414,464
414,14
414,464
417,87
14,414,464
425,426
425,427
425,428
425,201
426,425,427
426,425,428
426,425,201
427,425,428
427,425,201
428,425,201
437,438
441,442
441,443,473,442
441,443
441,442,473
441,443,473
442,441,443
442,473,443
442,473
443,473
446,310
447,448
447,449,448
447,323
447,449
448,447,323
448,449,447,323
448,449
323,447,449
459,460
461,44,492
461,44,492,493
461,44,152,275,330,493
461,44,492,493,330,275,152,527
461,44,152,527
461,44,492,493,330,275,152,527,539
461,44,152,527,539
397,248,270,269,478
397,248,270,269,478,226
397,248,6,543
397,248,19,20,26,25,543
397,248,6,25,543,34
397,248,6,207,543,34
397,248,6,543,34
397,248,19,20,26,25,6,207,543,34
397,248,19,20,26,25,6,543,34
397,248,19,20,26,25,543,34
397,248,6,25,543,321
397,248,6,207,543,321
397,248,6,543,321
397,248,19,20,26,25,6,207,543,321
397,248,19,20,26,25,6,543,321
397,248,19,20,26,25,543,321
469,214,623
478,226
478,269,270,248,6,543
478,269,270,248,19,20,26,25,543
478,269,270,248,6,25,543,34
478,269,270,248,6,207,543,34
478,269,270,248,6,543,34
478,269,270,248,19,20,26,25,6,207,543,34
478,269,270,248,19,20,26,25,6,543,34
478,269,270,248,19,20,26,25,543,34
478,269,270,248,6,25,543,321
478,269,270,248,6,207,543,321
478,269,270,248,6,543,321
478,269,270,248,19,20,26,25,6,207,543,321
478,269,270,248,19,20,26,25,6,543,321
478,269,270,248,19,20,26,25,543,321
226,478,269,270,248,6,543
226,478,269,270,248,19,20,26,25,543
226,478,269,270,248,6,25,543,34
226,478,269,270,248,6,207,543,34
226,478,269,270,248,6,543,34
226,478,269,270,248,19,20,26,25,6,207,543,34
226,478,269,270,248,19,20,26,25,6,543,34
226,478,269,270,248,19,20,26,25,543,34
226,478,269,270,248,6,25,543,321
226,478,269,270,248,6,207,543,321
226,478,269,270,248,6,543,321
226,478,269,270,248,19,20,26,25,6,207,543,321
226,478,269,270,248,19,20,26,25,6,543,321
226,478,269,270,248,19,20,26,25,543,321
481,482
486,119
492,493
492,493,330,275,152,527
492,44,152,527
492,493,330,275,152,527,539
492,44,152,527,539
493,492,44,152,527
493,330,275,152,527
493,492,44,152,527,539
493,330,275,152,527,539
495,53
497,327,588
503,89
512,256
512,256,552
256,552
519,168,569
522,453
527,539
528,64,533
528,64,595
532,376
533,64,595
542,499
543,34
543,321
34,543,321
566,211
580,59
583,490
583,36
490,583,36
600,601
600,601,42
600,601,584
601,42
601,584
611,307
353,133,521
353,133,88
521,133,88
42,601,584
