27,28
27,29,254,28
27,29,599,30,650,28
27,29,633,28
27,29,650,28
27,30,599,29,254,28
27,30,599,29,633,28
27,30,650,28
27,30,650,29,254,28
27,30,650,29,633,28
27,29
27,30,599,29
27,30,650,29
27,30
27,64
27,28,254
27,28,633,29,254
27,28,650,30,599,29,254
27,28,650,29,254
27,29,254
27,30,599,29,254
27,30,599,29,633,28,254
27,30,650,28,254
27,30,650,28,633,29,254
27,30,650,29,254
27,466
27,28,254,29,599
27,28,633,29,599
27,28,633,29,650,30,599
27,28,650,30,599
27,28,650,29,599
27,29,599
27,29,650,30,599
27,30,599
27,28,633
27,28,650,29,633
27,29,633
27,30,599,29,633
27,30,650,28,633
27,30,650,29,633
27,28,650
27,29,650
27,30,650
28,27,29
28,27,30,599,29
28,27,30,650,29
28,254,29
28,633,29
28,650,30,599,29
28,650,29
28,27,30
28,254,29,27,30
28,254,29,599,30
28,254,29,650,30
28,633,29,27,30
28,633,29,599,30
28,633,29,650,30
28,650,30
28,27,64
28,254,29,27,64
28,254,29,599,30,27,64
28,254,29,650,30,27,64
28,633,29,27,64
28,633,29,599,30,27,64
28,633,29,650,30,27,64
28,650,30,27,64
28,650,30,599,29,27,64
28,650,29,27,64
28,254
28,633,29,254
28,650,30,599,29,254
28,650,29,254
28,27,466
28,254,29,27,466
28,254,29,599,30,27,466
28,254,29,650,30,27,466
28,633,29,27,466
28,633,29,599,30,27,466
28,633,29,650,30,27,466
28,650,30,27,466
28,650,30,599,29,27,466
28,650,29,27,466
28,27,29,599
28,27,30,599
28,254,29,599
28,633,29,599
28,633,29,650,30,599
28,650,30,599
28,650,29,599
28,633
28,650,29,633
28,650
29,27,30
29,599,30
29,650,30
29,27,64
29,599,30,27,64
29,650,30,27,64
29,254
29,27,466
29,599,30,27,466
29,650,30,27,466
29,599
29,650,30,599
29,633
29,650
30,27,64
30,27,28,254
30,27,28,633,29,254
30,27,29,254
30,599,29,254
30,599,29,633,28,254
30,650,28,254
30,650,28,633,29,254
30,650,29,254
30,27,466
30,599
30,27,28,633
30,27,29,633
30,599,29,633
30,650,28,633
30,650,29,633
30,650
31,6
48,49
48,659,49
48,136
48,327
48,659
48,702
49,48,136
49,659,48,136
49,48,327
49,659,48,327
49,659
49,48,702
49,659,48,702
51,52
51,52,600
51,52,683
51,52,826
52,600
52,683
52,826
55,56
55,24,158,159,56
55,24
55,56,159,158
55,24,158
55,56,159
55,24,158,159
55,56,159,89
55,24,158,159,89
55,56,159,165
55,24,158,159,165
55,56,159,166
55,24,158,159,166
56,55,24
56,159,158,24
56,55,24,158
56,159,158
56,159
56,55,24,158,159,89
56,159,89
56,55,24,158,159,165
56,159,165
56,55,24,158,159,166
56,159,166
24,158
24,55,56,159
24,158,159
24,55,56,159,89
24,158,159,89
24,55,56,159,165
24,158,159,165
24,55,56,159,166
24,158,159,166
64,27,28,254
64,27,28,633,29,254
64,27,28,650,30,599,29,254
64,27,28,650,29,254
64,27,29,254
64,27,30,599,29,254
64,27,30,599,29,633,28,254
64,27,30,650,28,254
64,27,30,650,28,633,29,254
64,27,30,650,29,254
64,27,466
64,27,28,254,29,599
64,27,28,633,29,599
64,27,28,633,29,650,30,599
64,27,28,650,30,599
64,27,28,650,29,599
64,27,29,599
64,27,29,650,30,599
64,27,30,599
64,27,28,633
64,27,28,650,29,633
64,27,29,633
64,27,30,599,29,633
64,27,30,650,28,633
64,27,30,650,29,633
64,27,28,650
64,27,29,650
64,27,30,650
70,71
70,72,243,71
70,72,243,73,713,71
70,72,243,74,713,71
70,72,713,71
70,73,243,71
70,73,243,74,713,71
70,73,713,71
70,74,243,71
70,74,713,71
70,72
70,73,243,74,713,72
70,73,243,72
70,73,713,72
70,74,243,72
70,74,713,72
70,73
70,74,243,73
70,74,713,73
70,74
70,75
70,76,245,75
70,76
70,75,245
70,76,245
70,71,243
70,71,713,72,243
70,71,713,73,243
70,71,713,74,243
70,72,243
70,72,713,73,243
70,72,713,74,243
70,73,243
70,73,713,74,243
70,74,243
70,71,713
70,72,713
70,73,713
70,74,713
71,70,72
71,70,73,243,74,713,72
71,70,73,243,72
71,70,73,713,72
71,70,74,243,72
71,70,74,713,72
71,243,73,713,72
71,243,74,713,72
71,243,72
71,713,72
71,70,73
71,70,74,243,73
71,70,74,713,73
71,243,73
71,243,74,713,73
71,713,73
71,70,74
71,243,74
71,713,74
71,70,75
71,70,76,245,75
71,243,73,70,75
71,243,73,70,76,245,75
71,243,73,713,72,70,75
71,243,73,713,72,70,76,245,75
71,243,73,713,74,70,75
71,243,73,713,74,70,76,245,75
71,243,74,70,75
71,243,74,70,76,245,75
71,243,74,713,72,70,75
71,243,74,713,72,70,76,245,75
71,243,72,70,75
71,243,72,70,76,245,75
71,713,72,70,75
71,713,72,70,76,245,75
71,713,73,70,75
71,713,73,70,76,245,75
71,713,74,70,75
71,713,74,70,76,245,75
71,70,76
71,243,73,70,76
71,243,73,713,72,70,76
71,243,73,713,74,70,76
71,243,74,70,76
71,243,74,713,72,70,76
71,243,72,70,76
71,713,72,70,76
71,713,73,70,76
71,713,74,70,76
71,70,75,245
71,70,76,245
71,243,73,70,75,245
71,243,73,70,76,245
71,243,73,713,72,70,75,245
71,243,73,713,72,70,76,245
71,243,73,713,74,70,75,245
71,243,73,713,74,70,76,245
71,243,74,70,75,245
71,243,74,70,76,245
71,243,74,713,72,70,75,245
71,243,74,713,72,70,76,245
71,243,72,70,75,245
71,243,72,70,76,245
71,713,72,70,75,245
71,713,72,70,76,245
71,713,73,70,75,245
71,713,73,70,76,245
71,713,74,70,75,245
71,713,74,70,76,245
71,243
71,713,72,243
71,713,73,243
71,713,74,243
71,713
72,70,73
72,70,74,243,73
72,70,74,713,73
72,243,73
72,243,74,713,73
72,713,73
72,70,74
72,243,74
72,713,74
72,70,75
72,70,76,245,75
72,243,73,70,75
72,243,73,70,76,245,75
72,243,73,713,74,70,75
72,243,73,713,74,70,76,245,75
72,243,74,70,75
72,243,74,70,76,245,75
72,713,73,70,75
72,713,73,70,76,245,75
72,713,74,70,75
72,713,74,70,76,245,75
72,70,76
72,243,73,70,76
72,243,73,713,74,70,76
72,243,74,70,76
72,713,73,70,76
72,713,74,70,76
72,70,75,245
72,70,76,245
72,243,73,70,75,245
72,243,73,70,76,245
72,243,73,713,74,70,75,245
72,243,73,713,74,70,76,245
72,243,74,70,75,245
72,243,74,70,76,245
72,713,73,70,75,245
72,713,73,70,76,245
72,713,74,70,75,245
72,713,74,70,76,245
72,243
72,713,73,243
72,713,74,243
72,713
73,70,74
73,243,74
73,713,74
73,70,75
73,70,76,245,75
73,243,74,70,75
73,243,74,70,76,245,75
73,713,74,70,75
73,713,74,70,76,245,75
73,70,76
73,243,74,70,76
73,713,74,70,76
73,70,75,245
73,70,76,245
73,243,74,70,75,245
73,243,74,70,76,245
73,713,74,70,75,245
73,713,74,70,76,245
73,243
73,713,74,243
73,713
74,70,75
74,70,76,245,75
74,70,76
74,70,75,245
74,70,76,245
74,243
74,713
75,70,76
75,245,76
75,245
75,70,71,243
75,70,71,713,72,243
75,70,71,713,73,243
75,70,71,713,74,243
75,70,72,243
75,70,72,713,73,243
75,70,72,713,74,243
75,70,73,243
75,70,73,713,74,243
75,70,74,243
75,245,76,70,71,243
75,245,76,70,71,713,72,243
75,245,76,70,71,713,73,243
75,245,76,70,71,713,74,243
75,245,76,70,72,243
75,245,76,70,72,713,73,243
75,245,76,70,72,713,74,243
75,245,76,70,73,243
75,245,76,70,73,713,74,243
75,245,76,70,74,243
75,70,71,713
75,70,72,713
75,70,73,713
75,70,74,713
75,245,76,70,71,713
75,245,76,70,72,713
75,245,76,70,73,713
75,245,76,70,74,713
76,245
76,70,71,243
76,70,71,713,72,243
76,70,71,713,73,243
76,70,71,713,74,243
76,70,72,243
76,70,72,713,73,243
76,70,72,713,74,243
76,70,73,243
76,70,73,713,74,243
76,70,74,243
76,70,71,713
76,70,72,713
76,70,73,713
76,70,74,713
86,87
86,87,723
87,723
92,93
95,96
95,96,147
95,96,147,148
95,96,147,148,345
96,147
96,147,148
96,147,148,345
108,18
115,116
119,120
121,122
121,637,122
121,637
122,637
136,48,327
136,48,659
136,48,702
140,141
140,45
140,142
141,140,45
141,140,142
45,140,142
147,148
147,148,345
148,345
149,150
158,159
158,159,89
158,159,165
158,159,166
159,89
159,165
159,166
160,100
160,319
160,319,318
100,160,319
100,160,319,318
89,159,165
89,159,166
165,159,166
172,173
172,292,293,452,710,444,443,225,224
172,292,293,452,710,444,443,156,807,225,224
172,292,293,452,710,444,443,445,807,225,224
172,292,293,452,710,444,807,225,224
172,292,293,452,710,445,443,225,224
172,292,293,452,710,445,443,156,807,225,224
172,292,293,452,710,445,807,225,224
172,478,293,452,710,444,443,225,224
172,478,293,452,710,444,443,156,807,225,224
172,478,293,452,710,444,443,445,807,225,224
172,478,293,452,710,444,807,225,224
172,478,293,452,710,445,443,225,224
172,478,293,452,710,445,443,156,807,225,224
172,478,293,452,710,445,807,225,224
172,710,444,443,225,224
172,710,444,443,156,807,225,224
172,710,444,443,445,807,225,224
172,710,444,807,225,224
172,710,445,443,225,224
172,710,445,443,156,807,225,224
172,710,445,807,225,224
172,292,293,452,710,444,443,225
172,292,293,452,710,444,443,156,807,225
172,292,293,452,710,444,443,445,807,225
172,292,293,452,710,444,807,225
172,292,293,452,710,445,443,225
172,292,293,452,710,445,443,156,807,225
172,292,293,452,710,445,807,225
172,478,293,452,710,444,443,225
172,478,293,452,710,444,443,156,807,225
172,478,293,452,710,444,443,445,807,225
172,478,293,452,710,444,807,225
172,478,293,452,710,445,443,225
172,478,293,452,710,445,443,156,807,225
172,478,293,452,710,445,807,225
172,710,444,443,225
172,710,444,443,156,807,225
172,710,444,443,445,807,225
172,710,444,807,225
172,710,445,443,225
172,710,445,443,156,807,225
172,710,445,807,225
172,252
172,292
172,478,293,292
172,710,452,293,292
172,292,293
172,478,293
172,710,452,293
172,292,293,452,710,444,443,225,395
172,292,293,452,710,444,443,156,807,225,395
172,292,293,452,710,444,443,445,807,225,395
172,292,293,452,710,444,807,225,395
172,292,293,452,710,445,443,225,395
172,292,293,452,710,445,443,156,807,225,395
172,292,293,452,710,445,807,225,395
172,478,293,452,710,444,443,225,395
172,478,293,452,710,444,443,156,807,225,395
172,478,293,452,710,444,443,445,807,225,395
172,478,293,452,710,444,807,225,395
172,478,293,452,710,445,443,225,395
172,478,293,452,710,445,443,156,807,225,395
172,478,293,452,710,445,807,225,395
172,710,444,443,225,395
172,710,444,443,156,807,225,395
172,710,444,443,445,807,225,395
172,710,444,807,225,395
172,710,445,443,225,395
172,710,445,443,156,807,225,395
172,710,445,807,225,395
172,292,293,452,710,444,443
172,292,293,452,710,444,807,225,443
172,292,293,452,710,444,807,156,443
172,292,293,452,710,444,807,445,443
172,292,293,452,710,445,443
172,292,293,452,710,445,807,225,443
172,292,293,452,710,445,807,156,443
172,478,293,452,710,444,443
172,478,293,452,710,444,807,225,443
172,478,293,452,710,444,807,156,443
172,478,293,452,710,444,807,445,443
172,478,293,452,710,445,443
172,478,293,452,710,445,807,225,443
172,478,293,452,710,445,807,156,443
172,710,444,443
172,710,444,807,225,443
172,710,444,807,156,443
172,710,444,807,445,443
172,710,445,443
172,710,445,807,225,443
172,710,445,807,156,443
172,292,293,452,710,444,443,156
172,292,293,452,710,444,443,445,807,156
172,292,293,452,710,444,807,156
172,292,293,452,710,445,443,156
172,292,293,452,710,445,807,156
172,478,293,452,710,444,443,156
172,478,293,452,710,444,443,445,807,156
172,478,293,452,710,444,807,156
172,478,293,452,710,445,443,156
172,478,293,452,710,445,807,156
172,710,444,443,156
172,710,444,443,445,807,156
172,710,444,807,156
172,710,445,443,156
172,710,445,807,156
172,292,293,452,710,444
172,292,293,452,710,445,443,444
172,292,293,452,710,445,807,444
172,478,293,452,710,444
172,478,293,452,710,445,443,444
172,478,293,452,710,445,807,444
172,710,444
172,710,445,443,444
172,710,445,807,444
172,292,293,452,710,445
172,478,293,452,710,445
172,710,445
172,292,293,452,710,444,443,225,463
172,292,293,452,710,444,443,156,807,225,463
172,292,293,452,710,444,443,445,807,225,463
172,292,293,452,710,444,807,225,463
172,292,293,452,710,445,443,225,463
172,292,293,452,710,445,443,156,807,225,463
172,292,293,452,710,445,807,225,463
172,478,293,452,710,444,443,225,463
172,478,293,452,710,444,443,156,807,225,463
172,478,293,452,710,444,443,445,807,225,463
172,478,293,452,710,444,807,225,463
172,478,293,452,710,445,443,225,463
172,478,293,452,710,445,443,156,807,225,463
172,478,293,452,710,445,807,225,463
172,710,444,443,225,463
172,710,444,443,156,807,225,463
172,710,444,443,445,807,225,463
172,710,444,807,225,463
172,710,445,443,225,463
172,710,445,443,156,807,225,463
172,710,445,807,225,463
172,478
172,710,452,293,478
172,292,293,529
172,478,293,529
172,710,452,293,529
172,292,293,452,617
172,478,293,452,617
172,710,452,617
172,292,293,452
172,478,293,452
172,710,452
172,710
172,292,293,452,710,444,443,225,783
172,292,293,452,710,444,443,156,807,225,783
172,292,293,452,710,444,443,445,807,225,783
172,292,293,452,710,444,807,225,783
172,292,293,452,710,445,443,225,783
172,292,293,452,710,445,443,156,807,225,783
172,292,293,452,710,445,807,225,783
172,478,293,452,710,444,443,225,783
172,478,293,452,710,444,443,156,807,225,783
172,478,293,452,710,444,443,445,807,225,783
172,478,293,452,710,444,807,225,783
172,478,293,452,710,445,443,225,783
172,478,293,452,710,445,443,156,807,225,783
172,478,293,452,710,445,807,225,783
172,710,444,443,225,783
172,710,444,443,156,807,225,783
172,710,444,443,445,807,225,783
172,710,444,807,225,783
172,710,445,443,225,783
172,710,445,443,156,807,225,783
172,710,445,807,225,783
172,292,293,452,710,444,807
172,292,293,452,710,445,807
172,478,293,452,710,444,807
172,478,293,452,710,445,807
172,710,444,807
172,710,445,807
173,172,292,293,452,710,444,443,225,224
173,172,292,293,452,710,444,443,156,807,225,224
173,172,292,293,452,710,444,443,445,807,225,224
173,172,292,293,452,710,444,807,225,224
173,172,292,293,452,710,445,443,225,224
173,172,292,293,452,710,445,443,156,807,225,224
173,172,292,293,452,710,445,807,225,224
173,172,478,293,452,710,444,443,225,224
173,172,478,293,452,710,444,443,156,807,225,224
173,172,478,293,452,710,444,443,445,807,225,224
173,172,478,293,452,710,444,807,225,224
173,172,478,293,452,710,445,443,225,224
173,172,478,293,452,710,445,443,156,807,225,224
173,172,478,293,452,710,445,807,225,224
173,172,710,444,443,225,224
173,172,710,444,443,156,807,225,224
173,172,710,444,443,445,807,225,224
173,172,710,444,807,225,224
173,172,710,445,443,225,224
173,172,710,445,443,156,807,225,224
173,172,710,445,807,225,224
173,172,292,293,452,710,444,443,225
173,172,292,293,452,710,444,443,156,807,225
173,172,292,293,452,710,444,443,445,807,225
173,172,292,293,452,710,444,807,225
173,172,292,293,452,710,445,443,225
173,172,292,293,452,710,445,443,156,807,225
173,172,292,293,452,710,445,807,225
173,172,478,293,452,710,444,443,225
173,172,478,293,452,710,444,443,156,807,225
173,172,478,293,452,710,444,443,445,807,225
173,172,478,293,452,710,444,807,225
173,172,478,293,452,710,445,443,225
173,172,478,293,452,710,445,443,156,807,225
173,172,478,293,452,710,445,807,225
173,172,710,444,443,225
173,172,710,444,443,156,807,225
173,172,710,444,443,445,807,225
173,172,710,444,807,225
173,172,710,445,443,225
173,172,710,445,443,156,807,225
173,172,710,445,807,225
173,172,252
173,172,292
173,172,478,293,292
173,172,710,452,293,292
173,172,292,293
173,172,478,293
173,172,710,452,293
173,172,292,293,452,710,444,443,225,395
173,172,292,293,452,710,444,443,156,807,225,395
173,172,292,293,452,710,444,443,445,807,225,395
173,172,292,293,452,710,444,807,225,395
173,172,292,293,452,710,445,443,225,395
173,172,292,293,452,710,445,443,156,807,225,395
173,172,292,293,452,710,445,807,225,395
173,172,478,293,452,710,444,443,225,395
173,172,478,293,452,710,444,443,156,807,225,395
173,172,478,293,452,710,444,443,445,807,225,395
173,172,478,293,452,710,444,807,225,395
173,172,478,293,452,710,445,443,225,395
173,172,478,293,452,710,445,443,156,807,225,395
173,172,478,293,452,710,445,807,225,395
173,172,710,444,443,225,395
173,172,710,444,443,156,807,225,395
173,172,710,444,443,445,807,225,395
173,172,710,444,807,225,395
173,172,710,445,443,225,395
173,172,710,445,443,156,807,225,395
173,172,710,445,807,225,395
173,172,292,293,452,710,444,443
173,172,292,293,452,710,444,807,225,443
173,172,292,293,452,710,444,807,156,443
173,172,292,293,452,710,444,807,445,443
173,172,292,293,452,710,445,443
173,172,292,293,452,710,445,807,225,443
173,172,292,293,452,710,445,807,156,443
173,172,478,293,452,710,444,443
173,172,478,293,452,710,444,807,225,443
173,172,478,293,452,710,444,807,156,443
173,172,478,293,452,710,444,807,445,443
173,172,478,293,452,710,445,443
173,172,478,293,452,710,445,807,225,443
173,172,478,293,452,710,445,807,156,443
173,172,710,444,443
173,172,710,444,807,225,443
173,172,710,444,807,156,443
173,172,710,444,807,445,443
173,172,710,445,443
173,172,710,445,807,225,443
173,172,710,445,807,156,443
173,172,292,293,452,710,444,443,156
173,172,292,293,452,710,444,443,445,807,156
173,172,292,293,452,710,444,807,156
173,172,292,293,452,710,445,443,156
173,172,292,293,452,710,445,807,156
173,172,478,293,452,710,444,443,156
173,172,478,293,452,710,444,443,445,807,156
173,172,478,293,452,710,444,807,156
173,172,478,293,452,710,445,443,156
173,172,478,293,452,710,445,807,156
173,172,710,444,443,156
173,172,710,444,443,445,807,156
173,172,710,444,807,156
173,172,710,445,443,156
173,172,710,445,807,156
173,172,292,293,452,710,444
173,172,292,293,452,710,445,443,444
173,172,292,293,452,710,445,807,444
173,172,478,293,452,710,444
173,172,478,293,452,710,445,443,444
173,172,478,293,452,710,445,807,444
173,172,710,444
173,172,710,445,443,444
173,172,710,445,807,444
173,172,292,293,452,710,445
173,172,478,293,452,710,445
173,172,710,445
173,172,292,293,452,710,444,443,225,463
173,172,292,293,452,710,444,443,156,807,225,463
173,172,292,293,452,710,444,443,445,807,225,463
173,172,292,293,452,710,444,807,225,463
173,172,292,293,452,710,445,443,225,463
173,172,292,293,452,710,445,443,156,807,225,463
173,172,292,293,452,710,445,807,225,463
173,172,478,293,452,710,444,443,225,463
173,172,478,293,452,710,444,443,156,807,225,463
173,172,478,293,452,710,444,443,445,807,225,463
173,172,478,293,452,710,444,807,225,463
173,172,478,293,452,710,445,443,225,463
173,172,478,293,452,710,445,443,156,807,225,463
173,172,478,293,452,710,445,807,225,463
173,172,710,444,443,225,463
173,172,710,444,443,156,807,225,463
173,172,710,444,443,445,807,225,463
173,172,710,444,807,225,463
173,172,710,445,443,225,463
173,172,710,445,443,156,807,225,463
173,172,710,445,807,225,463
173,172,478
173,172,710,452,293,478
173,172,292,293,529
173,172,478,293,529
173,172,710,452,293,529
173,172,292,293,452,617
173,172,478,293,452,617
173,172,710,452,617
173,172,292,293,452
173,172,478,293,452
173,172,710,452
173,172,710
173,172,292,293,452,710,444,443,225,783
173,172,292,293,452,710,444,443,156,807,225,783
173,172,292,293,452,710,444,443,445,807,225,783
173,172,292,293,452,710,444,807,225,783
173,172,292,293,452,710,445,443,225,783
173,172,292,293,452,710,445,443,156,807,225,783
173,172,292,293,452,710,445,807,225,783
173,172,478,293,452,710,444,443,225,783
173,172,478,293,452,710,444,443,156,807,225,783
173,172,478,293,452,710,444,443,445,807,225,783
173,172,478,293,452,710,444,807,225,783
173,172,478,293,452,710,445,443,225,783
173,172,478,293,452,710,445,443,156,807,225,783
173,172,478,293,452,710,445,807,225,783
173,172,710,444,443,225,783
173,172,710,444,443,156,807,225,783
173,172,710,444,443,445,807,225,783
173,172,710,444,807,225,783
173,172,710,445,443,225,783
173,172,710,445,443,156,807,225,783
173,172,710,445,807,225,783
173,172,292,293,452,710,444,807
173,172,292,293,452,710,445,807
173,172,478,293,452,710,444,807
173,172,478,293,452,710,445,807
173,172,710,444,807
173,172,710,445,807
186,187
186,188
186,573
186,592
187,186,188
187,186,573
187,186,592
188,186,573
188,186,592
195,196
195,196,314
195,196,314,315
196,314
196,314,315
204,205
214,215
224,225
224,225,443,156,807,444,710,172,252
224,225,443,156,807,444,710,452,293,292,172,252
224,225,443,156,807,444,710,452,293,478,172,252
224,225,443,156,807,445,710,172,252
224,225,443,156,807,445,710,452,293,292,172,252
224,225,443,156,807,445,710,452,293,478,172,252
224,225,443,444,710,172,252
224,225,443,444,710,452,293,292,172,252
224,225,443,444,710,452,293,478,172,252
224,225,443,444,807,445,710,172,252
224,225,443,444,807,445,710,452,293,292,172,252
224,225,443,444,807,445,710,452,293,478,172,252
224,225,443,445,710,172,252
224,225,443,445,710,452,293,292,172,252
224,225,443,445,710,452,293,478,172,252
224,225,807,444,710,172,252
224,225,807,444,710,452,293,292,172,252
224,225,807,444,710,452,293,478,172,252
224,225,807,445,710,172,252
224,225,807,445,710,452,293,292,172,252
224,225,807,445,710,452,293,478,172,252
224,225,443,156,807,444,710,172,292
224,225,443,156,807,444,710,172,478,293,292
224,225,443,156,807,444,710,452,293,292
224,225,443,156,807,444,710,452,293,478,172,292
224,225,443,156,807,445,710,172,292
224,225,443,156,807,445,710,172,478,293,292
224,225,443,156,807,445,710,452,293,292
224,225,443,156,807,445,710,452,293,478,172,292
224,225,443,444,710,172,292
224,225,443,444,710,172,478,293,292
224,225,443,444,710,452,293,292
224,225,443,444,710,452,293,478,172,292
224,225,443,444,807,445,710,172,292
224,225,443,444,807,445,710,172,478,293,292
224,225,443,444,807,445,710,452,293,292
224,225,443,444,807,445,710,452,293,478,172,292
224,225,443,445,710,172,292
224,225,443,445,710,172,478,293,292
224,225,443,445,710,452,293,292
224,225,443,445,710,452,293,478,172,292
224,225,807,444,710,172,292
224,225,807,444,710,172,478,293,292
224,225,807,444,710,452,293,292
224,225,807,444,710,452,293,478,172,292
224,225,807,445,710,172,292
224,225,807,445,710,172,478,293,292
224,225,807,445,710,452,293,292
224,225,807,445,710,452,293,478,172,292
224,225,443,156,807,444,710,172,292,293
224,225,443,156,807,444,710,172,478,293
224,225,443,156,807,444,710,452,293
224,225,443,156,807,445,710,172,292,293
224,225,443,156,807,445,710,172,478,293
224,225,443,156,807,445,710,452,293
224,225,443,444,710,172,292,293
224,225,443,444,710,172,478,293
224,225,443,444,710,452,293
224,225,443,444,807,445,710,172,292,293
224,225,443,444,807,445,710,172,478,293
224,225,443,444,807,445,710,452,293
224,225,443,445,710,172,292,293
224,225,443,445,710,172,478,293
224,225,443,445,710,452,293
224,225,807,444,710,172,292,293
224,225,807,444,710,172,478,293
224,225,807,444,710,452,293
224,225,807,445,710,172,292,293
224,225,807,445,710,172,478,293
224,225,807,445,710,452,293
224,225,395
224,225,443
224,225,807,156,443
224,225,807,444,443
224,225,807,444,710,445,443
224,225,807,445,443
224,225,443,156
224,225,443,444,710,445,807,156
224,225,443,444,807,156
224,225,443,445,807,156
224,225,807,156
224,225,443,444
224,225,443,445,710,444
224,225,443,445,807,444
224,225,807,444
224,225,807,445,710,444
224,225,443,445
224,225,807,445
224,225,463
224,225,443,156,807,444,710,172,478
224,225,443,156,807,444,710,452,293,478
224,225,443,156,807,445,710,172,478
224,225,443,156,807,445,710,452,293,478
224,225,443,444,710,172,478
224,225,443,444,710,452,293,478
224,225,443,444,807,445,710,172,478
224,225,443,444,807,445,710,452,293,478
224,225,443,445,710,172,478
224,225,443,445,710,452,293,478
224,225,807,444,710,172,478
224,225,807,444,710,452,293,478
224,225,807,445,710,172,478
224,225,807,445,710,452,293,478
224,225,443,156,807,444,710,172,292,293,529
224,225,443,156,807,444,710,172,478,293,529
224,225,443,156,807,444,710,452,293,529
224,225,443,156,807,445,710,172,292,293,529
224,225,443,156,807,445,710,172,478,293,529
224,225,443,156,807,445,710,452,293,529
224,225,443,444,710,172,292,293,529
224,225,443,444,710,172,478,293,529
224,225,443,444,710,452,293,529
224,225,443,444,807,445,710,172,292,293,529
224,225,443,444,807,445,710,172,478,293,529
224,225,443,444,807,445,710,452,293,529
224,225,443,445,710,172,292,293,529
224,225,443,445,710,172,478,293,529
224,225,443,445,710,452,293,529
224,225,807,444,710,172,292,293,529
224,225,807,444,710,172,478,293,529
224,225,807,444,710,452,293,529
224,225,807,445,710,172,292,293,529
224,225,807,445,710,172,478,293,529
224,225,807,445,710,452,293,529
224,225,443,156,807,444,710,172,292,293,452,617
224,225,443,156,807,444,710,172,478,293,452,617
224,225,443,156,807,444,710,452,617
224,225,443,156,807,445,710,172,292,293,452,617
224,225,443,156,807,445,710,172,478,293,452,617
224,225,443,156,807,445,710,452,617
224,225,443,444,710,172,292,293,452,617
224,225,443,444,710,172,478,293,452,617
224,225,443,444,710,452,617
224,225,443,444,807,445,710,172,292,293,452,617
224,225,443,444,807,445,710,172,478,293,452,617
224,225,443,444,807,445,710,452,617
224,225,443,445,710,172,292,293,452,617
224,225,443,445,710,172,478,293,452,617
224,225,443,445,710,452,617
224,225,807,444,710,172,292,293,452,617
224,225,807,444,710,172,478,293,452,617
224,225,807,444,710,452,617
224,225,807,445,710,172,292,293,452,617
224,225,807,445,710,172,478,293,452,617
224,225,807,445,710,452,617
224,225,443,156,807,444,710,452
224,225,443,156,807,445,710,452
224,225,443,444,710,452
224,225,443,444,807,445,710,452
224,225,443,445,710,452
224,225,807,444,710,452
224,225,807,445,710,452
224,225,443,156,807,444,710
224,225,443,156,807,445,710
224,225,443,444,710
224,225,443,445,710
224,225,807,444,710
224,225,807,445,710
224,225,783
224,225,807
225,443,156,807,444,710,172,252
225,443,156,807,444,710,452,293,292,172,252
225,443,156,807,444,710,452,293,478,172,252
225,443,156,807,445,710,172,252
225,443,156,807,445,710,452,293,292,172,252
225,443,156,807,445,710,452,293,478,172,252
225,443,444,710,172,252
225,443,444,710,452,293,292,172,252
225,443,444,710,452,293,478,172,252
225,443,444,807,445,710,172,252
225,443,444,807,445,710,452,293,292,172,252
225,443,444,807,445,710,452,293,478,172,252
225,443,445,710,172,252
225,443,445,710,452,293,292,172,252
225,443,445,710,452,293,478,172,252
225,807,444,710,172,252
225,807,444,710,452,293,292,172,252
225,807,444,710,452,293,478,172,252
225,807,445,710,172,252
225,807,445,710,452,293,292,172,252
225,807,445,710,452,293,478,172,252
225,443,156,807,444,710,172,292
225,443,156,807,444,710,172,478,293,292
225,443,156,807,444,710,452,293,292
225,443,156,807,444,710,452,293,478,172,292
225,443,156,807,445,710,172,292
225,443,156,807,445,710,172,478,293,292
225,443,156,807,445,710,452,293,292
225,443,156,807,445,710,452,293,478,172,292
225,443,444,710,172,292
225,443,444,710,172,478,293,292
225,443,444,710,452,293,292
225,443,444,710,452,293,478,172,292
225,443,444,807,445,710,172,292
225,443,444,807,445,710,172,478,293,292
225,443,444,807,445,710,452,293,292
225,443,444,807,445,710,452,293,478,172,292
225,443,445,710,172,292
225,443,445,710,172,478,293,292
225,443,445,710,452,293,292
225,443,445,710,452,293,478,172,292
225,807,444,710,172,292
225,807,444,710,172,478,293,292
225,807,444,710,452,293,292
225,807,444,710,452,293,478,172,292
225,807,445,710,172,292
225,807,445,710,172,478,293,292
225,807,445,710,452,293,292
225,807,445,710,452,293,478,172,292
225,443,156,807,444,710,172,292,293
225,443,156,807,444,710,172,478,293
225,443,156,807,444,710,452,293
225,443,156,807,445,710,172,292,293
225,443,156,807,445,710,172,478,293
225,443,156,807,445,710,452,293
225,443,444,710,172,292,293
225,443,444,710,172,478,293
225,443,444,710,452,293
225,443,444,807,445,710,172,292,293
225,443,444,807,445,710,172,478,293
225,443,444,807,445,710,452,293
225,443,445,710,172,292,293
225,443,445,710,172,478,293
225,443,445,710,452,293
225,807,444,710,172,292,293
225,807,444,710,172,478,293
225,807,444,710,452,293
225,807,445,710,172,292,293
225,807,445,710,172,478,293
225,807,445,710,452,293
225,395
225,443
225,807,156,443
225,807,444,443
225,807,444,710,445,443
225,807,445,443
225,443,156
225,443,444,710,445,807,156
225,443,444,807,156
225,443,445,807,156
225,807,156
225,443,444
225,443,445,710,444
225,443,445,807,444
225,807,444
225,807,445,710,444
225,443,445
225,807,445
225,463
225,443,156,807,444,710,172,478
225,443,156,807,444,710,452,293,478
225,443,156,807,445,710,172,478
225,443,156,807,445,710,452,293,478
225,443,444,710,172,478
225,443,444,710,452,293,478
225,443,444,807,445,710,172,478
225,443,444,807,445,710,452,293,478
225,443,445,710,172,478
225,443,445,710,452,293,478
225,807,444,710,172,478
225,807,444,710,452,293,478
225,807,445,710,172,478
225,807,445,710,452,293,478
225,443,156,807,444,710,172,292,293,529
225,443,156,807,444,710,172,478,293,529
225,443,156,807,444,710,452,293,529
225,443,156,807,445,710,172,292,293,529
225,443,156,807,445,710,172,478,293,529
225,443,156,807,445,710,452,293,529
225,443,444,710,172,292,293,529
225,443,444,710,172,478,293,529
225,443,444,710,452,293,529
225,443,444,807,445,710,172,292,293,529
225,443,444,807,445,710,172,478,293,529
225,443,444,807,445,710,452,293,529
225,443,445,710,172,292,293,529
225,443,445,710,172,478,293,529
225,443,445,710,452,293,529
225,807,444,710,172,292,293,529
225,807,444,710,172,478,293,529
225,807,444,710,452,293,529
225,807,445,710,172,292,293,529
225,807,445,710,172,478,293,529
225,807,445,710,452,293,529
225,443,156,807,444,710,172,292,293,452,617
225,443,156,807,444,710,172,478,293,452,617
225,443,156,807,444,710,452,617
225,443,156,807,445,710,172,292,293,452,617
225,443,156,807,445,710,172,478,293,452,617
225,443,156,807,445,710,452,617
225,443,444,710,172,292,293,452,617
225,443,444,710,172,478,293,452,617
225,443,444,710,452,617
225,443,444,807,445,710,172,292,293,452,617
225,443,444,807,445,710,172,478,293,452,617
225,443,444,807,445,710,452,617
225,443,445,710,172,292,293,452,617
225,443,445,710,172,478,293,452,617
225,443,445,710,452,617
225,807,444,710,172,292,293,452,617
225,807,444,710,172,478,293,452,617
225,807,444,710,452,617
225,807,445,710,172,292,293,452,617
225,807,445,710,172,478,293,452,617
225,807,445,710,452,617
225,443,156,807,444,710,452
225,443,156,807,445,710,452
225,443,444,710,452
225,443,444,807,445,710,452
225,443,445,710,452
225,807,444,710,452
225,807,445,710,452
225,443,156,807,444,710
225,443,156,807,445,710
225,443,444,710
225,443,445,710
225,807,444,710
225,807,445,710
225,783
225,807
235,236
245,76,70,71,243
245,76,70,71,713,72,243
245,76,70,71,713,73,243
245,76,70,71,713,74,243
245,76,70,72,243
245,76,70,72,713,73,243
245,76,70,72,713,74,243
245,76,70,73,243
245,76,70,73,713,74,243
245,76,70,74,243
245,75,70,71,243
245,75,70,71,713,72,243
245,75,70,71,713,73,243
245,75,70,71,713,74,243
245,75,70,72,243
245,75,70,72,713,73,243
245,75,70,72,713,74,243
245,75,70,73,243
245,75,70,73,713,74,243
245,75,70,74,243
245,76,70,71,713
245,76,70,72,713
245,76,70,73,713
245,76,70,74,713
245,75,70,71,713
245,75,70,72,713
245,75,70,73,713
245,75,70,74,713
250,251
252,172,292
252,172,478,293,292
252,172,710,452,293,292
252,172,292,293
252,172,478,293
252,172,710,452,293
252,172,292,293,452,710,444,443,225,395
252,172,292,293,452,710,444,443,156,807,225,395
252,172,292,293,452,710,444,443,445,807,225,395
252,172,292,293,452,710,444,807,225,395
252,172,292,293,452,710,445,443,225,395
252,172,292,293,452,710,445,443,156,807,225,395
252,172,292,293,452,710,445,807,225,395
252,172,478,293,452,710,444,443,225,395
252,172,478,293,452,710,444,443,156,807,225,395
252,172,478,293,452,710,444,443,445,807,225,395
252,172,478,293,452,710,444,807,225,395
252,172,478,293,452,710,445,443,225,395
252,172,478,293,452,710,445,443,156,807,225,395
252,172,478,293,452,710,445,807,225,395
252,172,710,444,443,225,395
252,172,710,444,443,156,807,225,395
252,172,710,444,443,445,807,225,395
252,172,710,444,807,225,395
252,172,710,445,443,225,395
252,172,710,445,443,156,807,225,395
252,172,710,445,807,225,395
252,172,292,293,452,710,444,443
252,172,292,293,452,710,444,807,225,443
252,172,292,293,452,710,444,807,156,443
252,172,292,293,452,710,444,807,445,443
252,172,292,293,452,710,445,443
252,172,292,293,452,710,445,807,225,443
252,172,292,293,452,710,445,807,156,443
252,172,478,293,452,710,444,443
252,172,478,293,452,710,444,807,225,443
252,172,478,293,452,710,444,807,156,443
252,172,478,293,452,710,444,807,445,443
252,172,478,293,452,710,445,443
252,172,478,293,452,710,445,807,225,443
252,172,478,293,452,710,445,807,156,443
252,172,710,444,443
252,172,710,444,807,225,443
252,172,710,444,807,156,443
252,172,710,444,807,445,443
252,172,710,445,443
252,172,710,445,807,225,443
252,172,710,445,807,156,443
252,172,292,293,452,710,444,443,156
252,172,292,293,452,710,444,443,445,807,156
252,172,292,293,452,710,444,807,156
252,172,292,293,452,710,445,443,156
252,172,292,293,452,710,445,807,156
252,172,478,293,452,710,444,443,156
252,172,478,293,452,710,444,443,445,807,156
252,172,478,293,452,710,444,807,156
252,172,478,293,452,710,445,443,156
252,172,478,293,452,710,445,807,156
252,172,710,444,443,156
252,172,710,444,443,445,807,156
252,172,710,444,807,156
252,172,710,445,443,156
252,172,710,445,807,156
252,172,292,293,452,710,444
252,172,292,293,452,710,445,443,444
252,172,292,293,452,710,445,807,444
252,172,478,293,452,710,444
252,172,478,293,452,710,445,443,444
252,172,478,293,452,710,445,807,444
252,172,710,444
252,172,710,445,443,444
252,172,710,445,807,444
252,172,292,293,452,710,445
252,172,478,293,452,710,445
252,172,710,445
252,172,292,293,452,710,444,443,225,463
252,172,292,293,452,710,444,443,156,807,225,463
252,172,292,293,452,710,444,443,445,807,225,463
252,172,292,293,452,710,444,807,225,463
252,172,292,293,452,710,445,443,225,463
252,172,292,293,452,710,445,443,156,807,225,463
252,172,292,293,452,710,445,807,225,463
252,172,478,293,452,710,444,443,225,463
252,172,478,293,452,710,444,443,156,807,225,463
252,172,478,293,452,710,444,443,445,807,225,463
252,172,478,293,452,710,444,807,225,463
252,172,478,293,452,710,445,443,225,463
252,172,478,293,452,710,445,443,156,807,225,463
252,172,478,293,452,710,445,807,225,463
252,172,710,444,443,225,463
252,172,710,444,443,156,807,225,463
252,172,710,444,443,445,807,225,463
252,172,710,444,807,225,463
252,172,710,445,443,225,463
252,172,710,445,443,156,807,225,463
252,172,710,445,807,225,463
252,172,478
252,172,710,452,293,478
252,172,292,293,529
252,172,478,293,529
252,172,710,452,293,529
252,172,292,293,452,617
252,172,478,293,452,617
252,172,710,452,617
252,172,292,293,452
252,172,478,293,452
252,172,710,452
252,172,710
252,172,292,293,452,710,444,443,225,783
252,172,292,293,452,710,444,443,156,807,225,783
252,172,292,293,452,710,444,443,445,807,225,783
252,172,292,293,452,710,444,807,225,783
252,172,292,293,452,710,445,443,225,783
252,172,292,293,452,710,445,443,156,807,225,783
252,172,292,293,452,710,445,807,225,783
252,172,478,293,452,710,444,443,225,783
252,172,478,293,452,710,444,443,156,807,225,783
252,172,478,293,452,710,444,443,445,807,225,783
252,172,478,293,452,710,444,807,225,783
252,172,478,293,452,710,445,443,225,783
252,172,478,293,452,710,445,443,156,807,225,783
252,172,478,293,452,710,445,807,225,783
252,172,710,444,443,225,783
252,172,710,444,443,156,807,225,783
252,172,710,444,443,445,807,225,783
252,172,710,444,807,225,783
252,172,710,445,443,225,783
252,172,710,445,443,156,807,225,783
252,172,710,445,807,225,783
252,172,292,293,452,710,444,807
252,172,292,293,452,710,445,807
252,172,478,293,452,710,444,807
252,172,478,293,452,710,445,807
252,172,710,444,807
252,172,710,445,807
254,28,27,466
254,28,633,29,27,466
254,28,633,29,599,30,27,466
254,28,633,29,650,30,27,466
254,28,650,30,27,466
254,28,650,30,599,29,27,466
254,28,650,29,27,466
254,29,27,466
254,29,599,30,27,466
254,29,650,30,27,466
254,28,27,30,599
254,28,633,29,599
254,28,633,29,650,30,599
254,28,650,30,599
254,28,650,29,599
254,29,599
254,29,650,30,599
254,28,633
254,28,650,29,633
254,29,633
254,28,650
254,29,650
257,258
257,134,651,258
257,134,690,258
257,134
257,258,651
257,258,690,134,651
257,134,651
257,258,690
257,134,690
258,257,134
258,651,134
258,690,134
258,651
258,690,134,651
258,690
134,651
134,690
261,262
243,71,713
243,73,713
243,74,713
243,72,713
265,266
265,266,806
266,806
281,268
285,198
292,293
292,293,478,172,710,444,443,225,395
292,293,478,172,710,444,443,156,807,225,395
292,293,478,172,710,444,443,445,807,225,395
292,293,478,172,710,444,807,225,395
292,293,478,172,710,445,443,225,395
292,293,478,172,710,445,443,156,807,225,395
292,293,478,172,710,445,807,225,395
292,293,452,710,444,443,225,395
292,293,452,710,444,443,156,807,225,395
292,293,452,710,444,443,445,807,225,395
292,293,452,710,444,807,225,395
292,293,452,710,445,443,225,395
292,293,452,710,445,443,156,807,225,395
292,293,452,710,445,807,225,395
292,172,478,293,452,710,444,443,225,395
292,172,478,293,452,710,444,443,156,807,225,395
292,172,478,293,452,710,444,443,445,807,225,395
292,172,478,293,452,710,444,807,225,395
292,172,478,293,452,710,445,443,225,395
292,172,478,293,452,710,445,443,156,807,225,395
292,172,478,293,452,710,445,807,225,395
292,172,710,444,443,225,395
292,172,710,444,443,156,807,225,395
292,172,710,444,443,445,807,225,395
292,172,710,444,807,225,395
292,172,710,445,443,225,395
292,172,710,445,443,156,807,225,395
292,172,710,445,807,225,395
292,293,478,172,710,444,443
292,293,478,172,710,444,807,225,443
292,293,478,172,710,444,807,156,443
292,293,478,172,710,444,807,445,443
292,293,478,172,710,445,443
292,293,478,172,710,445,807,225,443
292,293,478,172,710,445,807,156,443
292,293,452,710,444,443
292,293,452,710,444,807,225,443
292,293,452,710,444,807,156,443
292,293,452,710,444,807,445,443
292,293,452,710,445,443
292,293,452,710,445,807,225,443
292,293,452,710,445,807,156,443
292,172,478,293,452,710,444,443
292,172,478,293,452,710,444,807,225,443
292,172,478,293,452,710,444,807,156,443
292,172,478,293,452,710,444,807,445,443
292,172,478,293,452,710,445,443
292,172,478,293,452,710,445,807,225,443
292,172,478,293,452,710,445,807,156,443
292,172,710,444,443
292,172,710,444,807,225,443
292,172,710,444,807,156,443
292,172,710,444,807,445,443
292,172,710,445,443
292,172,710,445,807,225,443
292,172,710,445,807,156,443
292,293,478,172,710,444,443,156
292,293,478,172,710,444,443,445,807,156
292,293,478,172,710,444,807,156
292,293,478,172,710,445,443,156
292,293,478,172,710,445,807,156
292,293,452,710,444,443,156
292,293,452,710,444,443,445,807,156
292,293,452,710,444,807,156
292,293,452,710,445,443,156
292,293,452,710,445,807,156
292,172,478,293,452,710,444,443,156
292,172,478,293,452,710,444,443,445,807,156
292,172,478,293,452,710,444,807,156
292,172,478,293,452,710,445,443,156
292,172,478,293,452,710,445,807,156
292,172,710,444,443,156
292,172,710,444,443,445,807,156
292,172,710,444,807,156
292,172,710,445,443,156
292,172,710,445,807,156
292,293,478,172,710,444
292,293,478,172,710,445,443,444
292,293,478,172,710,445,807,444
292,293,452,710,444
292,293,452,710,445,443,444
292,293,452,710,445,807,444
292,172,478,293,452,710,444
292,172,478,293,452,710,445,443,444
292,172,478,293,452,710,445,807,444
292,172,710,444
292,172,710,445,443,444
292,172,710,445,807,444
292,293,478,172,710,445
292,293,452,710,445
292,172,478,293,452,710,445
292,172,710,445
292,293,478,172,710,444,443,225,463
292,293,478,172,710,444,443,156,807,225,463
292,293,478,172,710,444,443,445,807,225,463
292,293,478,172,710,444,807,225,463
292,293,478,172,710,445,443,225,463
292,293,478,172,710,445,443,156,807,225,463
292,293,478,172,710,445,807,225,463
292,293,452,710,444,443,225,463
292,293,452,710,444,443,156,807,225,463
292,293,452,710,444,443,445,807,225,463
292,293,452,710,444,807,225,463
292,293,452,710,445,443,225,463
292,293,452,710,445,443,156,807,225,463
292,293,452,710,445,807,225,463
292,172,478,293,452,710,444,443,225,463
292,172,478,293,452,710,444,443,156,807,225,463
292,172,478,293,452,710,444,443,445,807,225,463
292,172,478,293,452,710,444,807,225,463
292,172,478,293,452,710,445,443,225,463
292,172,478,293,452,710,445,443,156,807,225,463
292,172,478,293,452,710,445,807,225,463
292,172,710,444,443,225,463
292,172,710,444,443,156,807,225,463
292,172,710,444,443,445,807,225,463
292,172,710,444,807,225,463
292,172,710,445,443,225,463
292,172,710,445,443,156,807,225,463
292,172,710,445,807,225,463
292,293,478
292,293,452,710,172,478
292,172,478
292,293,529
292,172,478,293,529
292,172,710,452,293,529
292,293,478,172,710,452,617
292,293,452,617
292,172,478,293,452,617
292,172,710,452,617
292,293,452
292,172,478,293,452
292,172,710,452
292,293,478,172,710
292,293,452,710
292,172,710
292,293,478,172,710,444,443,225,783
292,293,478,172,710,444,443,156,807,225,783
292,293,478,172,710,444,443,445,807,225,783
292,293,478,172,710,444,807,225,783
292,293,478,172,710,445,443,225,783
292,293,478,172,710,445,443,156,807,225,783
292,293,478,172,710,445,807,225,783
292,293,452,710,444,443,225,783
292,293,452,710,444,443,156,807,225,783
292,293,452,710,444,443,445,807,225,783
292,293,452,710,444,807,225,783
292,293,452,710,445,443,225,783
292,293,452,710,445,443,156,807,225,783
292,293,452,710,445,807,225,783
292,172,478,293,452,710,444,443,225,783
292,172,478,293,452,710,444,443,156,807,225,783
292,172,478,293,452,710,444,443,445,807,225,783
292,172,478,293,452,710,444,807,225,783
292,172,478,293,452,710,445,443,225,783
292,172,478,293,452,710,445,443,156,807,225,783
292,172,478,293,452,710,445,807,225,783
292,172,710,444,443,225,783
292,172,710,444,443,156,807,225,783
292,172,710,444,443,445,807,225,783
292,172,710,444,807,225,783
292,172,710,445,443,225,783
292,172,710,445,443,156,807,225,783
292,172,710,445,807,225,783
292,293,478,172,710,444,807
292,293,478,172,710,445,807
292,293,452,710,444,807
292,293,452,710,445,807
292,172,478,293,452,710,444,807
292,172,478,293,452,710,445,807
292,172,710,444,807
292,172,710,445,807
293,292,172,710,444,443,225,395
293,292,172,710,444,443,156,807,225,395
293,292,172,710,444,443,445,807,225,395
293,292,172,710,444,807,225,395
293,292,172,710,445,443,225,395
293,292,172,710,445,443,156,807,225,395
293,292,172,710,445,807,225,395
293,478,172,710,444,443,225,395
293,478,172,710,444,443,156,807,225,395
293,478,172,710,444,443,445,807,225,395
293,478,172,710,444,807,225,395
293,478,172,710,445,443,225,395
293,478,172,710,445,443,156,807,225,395
293,478,172,710,445,807,225,395
293,452,710,444,443,225,395
293,452,710,444,443,156,807,225,395
293,452,710,444,443,445,807,225,395
293,452,710,444,807,225,395
293,452,710,445,443,225,395
293,452,710,445,443,156,807,225,395
293,452,710,445,807,225,395
293,292,172,710,444,443
293,292,172,710,444,807,225,443
293,292,172,710,444,807,156,443
293,292,172,710,444,807,445,443
293,292,172,710,445,443
293,292,172,710,445,807,225,443
293,292,172,710,445,807,156,443
293,478,172,710,444,443
293,478,172,710,444,807,225,443
293,478,172,710,444,807,156,443
293,478,172,710,444,807,445,443
293,478,172,710,445,443
293,478,172,710,445,807,225,443
293,478,172,710,445,807,156,443
293,452,710,444,443
293,452,710,444,807,225,443
293,452,710,444,807,156,443
293,452,710,444,807,445,443
293,452,710,445,443
293,452,710,445,807,225,443
293,452,710,445,807,156,443
293,292,172,710,444,443,156
293,292,172,710,444,443,445,807,156
293,292,172,710,444,807,156
293,292,172,710,445,443,156
293,292,172,710,445,807,156
293,478,172,710,444,443,156
293,478,172,710,444,443,445,807,156
293,478,172,710,444,807,156
293,478,172,710,445,443,156
293,478,172,710,445,807,156
293,452,710,444,443,156
293,452,710,444,443,445,807,156
293,452,710,444,807,156
293,452,710,445,443,156
293,452,710,445,807,156
293,292,172,710,444
293,292,172,710,445,443,444
293,292,172,710,445,807,444
293,478,172,710,444
293,478,172,710,445,443,444
293,478,172,710,445,807,444
293,452,710,444
293,452,710,445,443,444
293,452,710,445,807,444
293,292,172,710,445
293,478,172,710,445
293,452,710,445
293,292,172,710,444,443,225,463
293,292,172,710,444,443,156,807,225,463
293,292,172,710,444,443,445,807,225,463
293,292,172,710,444,807,225,463
293,292,172,710,445,443,225,463
293,292,172,710,445,443,156,807,225,463
293,292,172,710,445,807,225,463
293,478,172,710,444,443,225,463
293,478,172,710,444,443,156,807,225,463
293,478,172,710,444,443,445,807,225,463
293,478,172,710,444,807,225,463
293,478,172,710,445,443,225,463
293,478,172,710,445,443,156,807,225,463
293,478,172,710,445,807,225,463
293,452,710,444,443,225,463
293,452,710,444,443,156,807,225,463
293,452,710,444,443,445,807,225,463
293,452,710,444,807,225,463
293,452,710,445,443,225,463
293,452,710,445,443,156,807,225,463
293,452,710,445,807,225,463
293,478
293,529
293,292,172,710,452,617
293,478,172,710,452,617
293,452,617
293,452
293,292,172,710
293,478,172,710
293,452,710
293,292,172,710,444,443,225,783
293,292,172,710,444,443,156,807,225,783
293,292,172,710,444,443,445,807,225,783
293,292,172,710,444,807,225,783
293,292,172,710,445,443,225,783
293,292,172,710,445,443,156,807,225,783
293,292,172,710,445,807,225,783
293,478,172,710,444,443,225,783
293,478,172,710,444,443,156,807,225,783
293,478,172,710,444,443,445,807,225,783
293,478,172,710,444,807,225,783
293,478,172,710,445,443,225,783
293,478,172,710,445,443,156,807,225,783
293,478,172,710,445,807,225,783
293,452,710,444,443,225,783
293,452,710,444,443,156,807,225,783
293,452,710,444,443,445,807,225,783
293,452,710,444,807,225,783
293,452,710,445,443,225,783
293,452,710,445,443,156,807,225,783
293,452,710,445,807,225,783
293,292,172,710,444,807
293,292,172,710,445,807
293,478,172,710,444,807
293,478,172,710,445,807
293,452,710,444,807
293,452,710,445,807
307,377
314,315
319,318
327,48,659
327,48,702
334,335
334,335,687,686
334,335,687
334,335,687,607
335,687,686
335,687
335,687,607
338,54
338,54,431
338,54,662
54,431
54,662
373,374
379,380
379,380,640
379,380,829
380,640
380,829
395,225,443
395,225,807,156,443
395,225,807,444,443
395,225,807,444,710,445,443
395,225,807,445,443
395,225,443,156
395,225,443,444,710,445,807,156
395,225,443,444,807,156
395,225,443,445,807,156
395,225,807,156
395,225,443,444
395,225,443,445,710,444
395,225,443,445,807,444
395,225,807,444
395,225,807,445,710,444
395,225,443,445
395,225,807,445
395,225,463
395,225,443,156,807,444,710,172,478
395,225,443,156,807,444,710,452,293,478
395,225,443,156,807,445,710,172,478
395,225,443,156,807,445,710,452,293,478
395,225,443,444,710,172,478
395,225,443,444,710,452,293,478
395,225,443,444,807,445,710,172,478
395,225,443,444,807,445,710,452,293,478
395,225,443,445,710,172,478
395,225,443,445,710,452,293,478
395,225,807,444,710,172,478
395,225,807,444,710,452,293,478
395,225,807,445,710,172,478
395,225,807,445,710,452,293,478
395,225,443,156,807,444,710,172,292,293,529
395,225,443,156,807,444,710,172,478,293,529
395,225,443,156,807,444,710,452,293,529
395,225,443,156,807,445,710,172,292,293,529
395,225,443,156,807,445,710,172,478,293,529
395,225,443,156,807,445,710,452,293,529
395,225,443,444,710,172,292,293,529
395,225,443,444,710,172,478,293,529
395,225,443,444,710,452,293,529
395,225,443,444,807,445,710,172,292,293,529
395,225,443,444,807,445,710,172,478,293,529
395,225,443,444,807,445,710,452,293,529
395,225,443,445,710,172,292,293,529
395,225,443,445,710,172,478,293,529
395,225,443,445,710,452,293,529
395,225,807,444,710,172,292,293,529
395,225,807,444,710,172,478,293,529
395,225,807,444,710,452,293,529
395,225,807,445,710,172,292,293,529
395,225,807,445,710,172,478,293,529
395,225,807,445,710,452,293,529
395,225,443,156,807,444,710,172,292,293,452,617
395,225,443,156,807,444,710,172,478,293,452,617
395,225,443,156,807,444,710,452,617
395,225,443,156,807,445,710,172,292,293,452,617
395,225,443,156,807,445,710,172,478,293,452,617
395,225,443,156,807,445,710,452,617
395,225,443,444,710,172,292,293,452,617
395,225,443,444,710,172,478,293,452,617
395,225,443,444,710,452,617
395,225,443,444,807,445,710,172,292,293,452,617
395,225,443,444,807,445,710,172,478,293,452,617
395,225,443,444,807,445,710,452,617
395,225,443,445,710,172,292,293,452,617
395,225,443,445,710,172,478,293,452,617
395,225,443,445,710,452,617
395,225,807,444,710,172,292,293,452,617
395,225,807,444,710,172,478,293,452,617
395,225,807,444,710,452,617
395,225,807,445,710,172,292,293,452,617
395,225,807,445,710,172,478,293,452,617
395,225,807,445,710,452,617
395,225,443,156,807,444,710,452
395,225,443,156,807,445,710,452
395,225,443,444,710,452
395,225,443,444,807,445,710,452
395,225,443,445,710,452
395,225,807,444,710,452
395,225,807,445,710,452
395,225,443,156,807,444,710
395,225,443,156,807,445,710
395,225,443,444,710
395,225,443,445,710
395,225,807,444,710
395,225,807,445,710
395,225,783
395,225,807
399,400
399,400,844
400,844
403,404
403,392
403,405
404,403,392
404,403,405
392,403,405
417,127
427,277
427,277,792
277,792
431,54,662
438,439
443,156
443,444,710,445,807,156
443,444,807,156
443,445,807,156
443,444
443,445,710,444
443,445,807,444
443,445
443,225,463
443,156,807,225,463
443,444,710,445,807,225,463
443,444,807,225,463
443,445,807,225,463
443,225,807,444,710,172,478
443,225,807,444,710,452,293,478
443,225,807,445,710,172,478
443,225,807,445,710,452,293,478
443,156,807,444,710,172,478
443,156,807,444,710,452,293,478
443,156,807,445,710,172,478
443,156,807,445,710,452,293,478
443,444,710,172,478
443,444,710,452,293,478
443,444,807,445,710,172,478
443,444,807,445,710,452,293,478
443,445,710,172,478
443,445,710,452,293,478
443,225,807,444,710,172,292,293,529
443,225,807,444,710,172,478,293,529
443,225,807,444,710,452,293,529
443,225,807,445,710,172,292,293,529
443,225,807,445,710,172,478,293,529
443,225,807,445,710,452,293,529
443,156,807,444,710,172,292,293,529
443,156,807,444,710,172,478,293,529
443,156,807,444,710,452,293,529
443,156,807,445,710,172,292,293,529
443,156,807,445,710,172,478,293,529
443,156,807,445,710,452,293,529
443,444,710,172,292,293,529
443,444,710,172,478,293,529
443,444,710,452,293,529
443,444,807,445,710,172,292,293,529
443,444,807,445,710,172,478,293,529
443,444,807,445,710,452,293,529
443,445,710,172,292,293,529
443,445,710,172,478,293,529
443,445,710,452,293,529
443,225,807,444,710,172,292,293,452,617
443,225,807,444,710,172,478,293,452,617
443,225,807,444,710,452,617
443,225,807,445,710,172,292,293,452,617
443,225,807,445,710,172,478,293,452,617
443,225,807,445,710,452,617
443,156,807,444,710,172,292,293,452,617
443,156,807,444,710,172,478,293,452,617
443,156,807,444,710,452,617
443,156,807,445,710,172,292,293,452,617
443,156,807,445,710,172,478,293,452,617
443,156,807,445,710,452,617
443,444,710,172,292,293,452,617
443,444,710,172,478,293,452,617
443,444,710,452,617
443,444,807,445,710,172,292,293,452,617
443,444,807,445,710,172,478,293,452,617
443,444,807,445,710,452,617
443,445,710,172,292,293,452,617
443,445,710,172,478,293,452,617
443,445,710,452,617
443,225,807,444,710,452
443,225,807,445,710,452
443,156,807,444,710,452
443,156,807,445,710,452
443,444,710,452
443,444,807,445,710,452
443,445,710,452
443,225,807,444,710
443,225,807,445,710
443,156,807,444,710
443,156,807,445,710
443,444,710
443,444,807,445,710
443,445,710
443,225,783
443,156,807,225,783
443,444,710,445,807,225,783
443,444,807,225,783
443,445,807,225,783
443,225,807
443,156,807
443,444,807
443,445,807
156,443,444
156,443,445,710,444
156,443,445,807,444
156,807,444
156,807,445,710,444
156,443,445
156,807,445
156,443,225,463
156,443,444,710,445,807,225,463
156,443,444,807,225,463
156,443,445,807,225,463
156,807,225,463
156,443,444,710,172,478
156,443,444,710,452,293,478
156,443,444,807,445,710,172,478
156,443,444,807,445,710,452,293,478
156,443,445,710,172,478
156,443,445,710,452,293,478
156,807,444,710,172,478
156,807,444,710,452,293,478
156,807,445,710,172,478
156,807,445,710,452,293,478
156,443,444,710,172,292,293,529
156,443,444,710,172,478,293,529
156,443,444,710,452,293,529
156,443,444,807,445,710,172,292,293,529
156,443,444,807,445,710,172,478,293,529
156,443,444,807,445,710,452,293,529
156,443,445,710,172,292,293,529
156,443,445,710,172,478,293,529
156,443,445,710,452,293,529
156,807,444,710,172,292,293,529
156,807,444,710,172,478,293,529
156,807,444,710,452,293,529
156,807,445,710,172,292,293,529
156,807,445,710,172,478,293,529
156,807,445,710,452,293,529
156,443,444,710,172,292,293,452,617
156,443,444,710,172,478,293,452,617
156,443,444,710,452,617
156,443,444,807,445,710,172,292,293,452,617
156,443,444,807,445,710,172,478,293,452,617
156,443,444,807,445,710,452,617
156,443,445,710,172,292,293,452,617
156,443,445,710,172,478,293,452,617
156,443,445,710,452,617
156,807,444,710,172,292,293,452,617
156,807,444,710,172,478,293,452,617
156,807,444,710,452,617
156,807,445,710,172,292,293,452,617
156,807,445,710,172,478,293,452,617
156,807,445,710,452,617
156,443,444,710,452
156,443,444,807,445,710,452
156,443,445,710,452
156,807,444,710,452
156,807,445,710,452
156,443,444,710
156,443,445,710
156,807,444,710
156,807,445,710
156,443,225,783
156,443,444,710,445,807,225,783
156,443,444,807,225,783
156,443,445,807,225,783
156,807,225,783
156,807
444,443,445
444,710,445
444,807,445
444,443,225,463
444,443,445,807,225,463
444,710,445,443,225,463
444,710,445,807,225,463
444,807,225,463
444,443,445,710,172,478
444,443,445,710,452,293,478
444,710,172,478
444,710,452,293,478
444,807,445,710,172,478
444,807,445,710,452,293,478
444,443,445,710,172,292,293,529
444,443,445,710,172,478,293,529
444,443,445,710,452,293,529
444,710,172,292,293,529
444,710,172,478,293,529
444,710,452,293,529
444,807,445,710,172,292,293,529
444,807,445,710,172,478,293,529
444,807,445,710,452,293,529
444,443,445,710,172,292,293,452,617
444,443,445,710,172,478,293,452,617
444,443,445,710,452,617
444,710,172,292,293,452,617
444,710,172,478,293,452,617
444,710,452,617
444,807,445,710,172,292,293,452,617
444,807,445,710,172,478,293,452,617
444,807,445,710,452,617
444,443,445,710,452
444,710,452
444,807,445,710,452
444,710
444,807,445,710
444,443,225,783
444,443,445,807,225,783
444,710,445,443,225,783
444,710,445,807,225,783
444,807,225,783
444,807
445,443,225,463
445,807,225,463
445,710,172,478
445,710,452,293,478
445,710,172,292,293,529
445,710,172,478,293,529
445,710,452,293,529
445,710,172,292,293,452,617
445,710,172,478,293,452,617
445,710,452,617
445,710,452
445,710
445,443,225,783
445,807,225,783
445,807
456,457
463,225,443,156,807,444,710,172,478
463,225,443,156,807,444,710,452,293,478
463,225,443,156,807,445,710,172,478
463,225,443,156,807,445,710,452,293,478
463,225,443,444,710,172,478
463,225,443,444,710,452,293,478
463,225,443,444,807,445,710,172,478
463,225,443,444,807,445,710,452,293,478
463,225,443,445,710,172,478
463,225,443,445,710,452,293,478
463,225,807,444,710,172,478
463,225,807,444,710,452,293,478
463,225,807,445,710,172,478
463,225,807,445,710,452,293,478
463,225,443,156,807,444,710,172,292,293,529
463,225,443,156,807,444,710,172,478,293,529
463,225,443,156,807,444,710,452,293,529
463,225,443,156,807,445,710,172,292,293,529
463,225,443,156,807,445,710,172,478,293,529
463,225,443,156,807,445,710,452,293,529
463,225,443,444,710,172,292,293,529
463,225,443,444,710,172,478,293,529
463,225,443,444,710,452,293,529
463,225,443,444,807,445,710,172,292,293,529
463,225,443,444,807,445,710,172,478,293,529
463,225,443,444,807,445,710,452,293,529
463,225,443,445,710,172,292,293,529
463,225,443,445,710,172,478,293,529
463,225,443,445,710,452,293,529
463,225,807,444,710,172,292,293,529
463,225,807,444,710,172,478,293,529
463,225,807,444,710,452,293,529
463,225,807,445,710,172,292,293,529
463,225,807,445,710,172,478,293,529
463,225,807,445,710,452,293,529
463,225,443,156,807,444,710,172,292,293,452,617
463,225,443,156,807,444,710,172,478,293,452,617
463,225,443,156,807,444,710,452,617
463,225,443,156,807,445,710,172,292,293,452,617
463,225,443,156,807,445,710,172,478,293,452,617
463,225,443,156,807,445,710,452,617
463,225,443,444,710,172,292,293,452,617
463,225,443,444,710,172,478,293,452,617
463,225,443,444,710,452,617
463,225,443,444,807,445,710,172,292,293,452,617
463,225,443,444,807,445,710,172,478,293,452,617
463,225,443,444,807,445,710,452,617
463,225,443,445,710,172,292,293,452,617
463,225,443,445,710,172,478,293,452,617
463,225,443,445,710,452,617
463,225,807,444,710,172,292,293,452,617
463,225,807,444,710,172,478,293,452,617
463,225,807,444,710,452,617
463,225,807,445,710,172,292,293,452,617
463,225,807,445,710,172,478,293,452,617
463,225,807,445,710,452,617
463,225,443,156,807,444,710,452
463,225,443,156,807,445,710,452
463,225,443,444,710,452
463,225,443,444,807,445,710,452
463,225,443,445,710,452
463,225,807,444,710,452
463,225,807,445,710,452
463,225,443,156,807,444,710
463,225,443,156,807,445,710
463,225,443,444,710
463,225,443,445,710
463,225,807,444,710
463,225,807,445,710
463,225,783
463,225,807
466,27,28,254,29,599
466,27,28,633,29,599
466,27,28,633,29,650,30,599
466,27,28,650,30,599
466,27,28,650,29,599
466,27,29,599
466,27,29,650,30,599
466,27,30,599
466,27,28,633
466,27,28,650,29,633
466,27,29,633
466,27,30,599,29,633
466,27,30,650,28,633
466,27,30,650,29,633
466,27,28,650
466,27,29,650
466,27,30,650
478,172,710,452,293,529
478,293,529
478,172,710,452,617
478,293,452,617
478,172,710,452
478,293,452
478,172,710
478,293,452,710
478,172,710,444,443,225,783
478,172,710,444,443,156,807,225,783
478,172,710,444,443,445,807,225,783
478,172,710,444,807,225,783
478,172,710,445,443,225,783
478,172,710,445,443,156,807,225,783
478,172,710,445,807,225,783
478,293,452,710,444,443,225,783
478,293,452,710,444,443,156,807,225,783
478,293,452,710,444,443,445,807,225,783
478,293,452,710,444,807,225,783
478,293,452,710,445,443,225,783
478,293,452,710,445,443,156,807,225,783
478,293,452,710,445,807,225,783
478,172,710,444,807
478,172,710,445,807
478,293,452,710,444,807
478,293,452,710,445,807
504,126
518,519
518,520,776,519
518,520
518,519,776
518,520,776
519,518,520
519,776,520
519,776
520,776
529,293,292,172,710,452,617
529,293,478,172,710,452,617
529,293,452,617
529,293,452
529,293,292,172,710
529,293,478,172,710
529,293,452,710
529,293,292,172,710,444,443,225,783
529,293,292,172,710,444,443,156,807,225,783
529,293,292,172,710,444,443,445,807,225,783
529,293,292,172,710,444,807,225,783
529,293,292,172,710,445,443,225,783
529,293,292,172,710,445,443,156,807,225,783
529,293,292,172,710,445,807,225,783
529,293,478,172,710,444,443,225,783
529,293,478,172,710,444,443,156,807,225,783
529,293,478,172,710,444,443,445,807,225,783
529,293,478,172,710,444,807,225,783
529,293,478,172,710,445,443,225,783
529,293,478,172,710,445,443,156,807,225,783
529,293,478,172,710,445,807,225,783
529,293,452,710,444,443,225,783
529,293,452,710,444,443,156,807,225,783
529,293,452,710,444,443,445,807,225,783
529,293,452,710,444,807,225,783
529,293,452,710,445,443,225,783
529,293,452,710,445,443,156,807,225,783
529,293,452,710,445,807,225,783
529,293,292,172,710,444,807
529,293,292,172,710,445,807
529,293,478,172,710,444,807
529,293,478,172,710,445,807
529,293,452,710,444,807
529,293,452,710,445,807
544,324
573,186,592
579,580
579,580,655
580,655
593,432
599,29,633
599,29,650,28,633
599,30,27,28,633
599,30,650,28,633
599,30,650,29,633
599,29,650
599,30,650
600,52,683
600,52,826
613,151
617,452
617,452,710
617,452,710,444,443,225,783
617,452,710,444,443,156,807,225,783
617,452,710,444,443,445,807,225,783
617,452,710,444,807,225,783
617,452,710,445,443,225,783
617,452,710,445,443,156,807,225,783
617,452,710,445,807,225,783
617,452,293,292,172,710,444,443,225,783
617,452,293,292,172,710,444,443,156,807,225,783
617,452,293,292,172,710,444,443,445,807,225,783
617,452,293,292,172,710,444,807,225,783
617,452,293,292,172,710,445,443,225,783
617,452,293,292,172,710,445,443,156,807,225,783
617,452,293,292,172,710,445,807,225,783
617,452,293,478,172,710,444,443,225,783
617,452,293,478,172,710,444,443,156,807,225,783
617,452,293,478,172,710,444,443,445,807,225,783
617,452,293,478,172,710,444,807,225,783
617,452,293,478,172,710,445,443,225,783
617,452,293,478,172,710,445,443,156,807,225,783
617,452,293,478,172,710,445,807,225,783
617,452,710,444,807
617,452,710,445,807
617,452,293,292,172,710,444,807
617,452,293,292,172,710,445,807
617,452,293,478,172,710,444,807
617,452,293,478,172,710,445,807
452,710
452,710,444,443,225,783
452,710,444,443,156,807,225,783
452,710,444,443,445,807,225,783
452,710,444,807,225,783
452,710,445,443,225,783
452,710,445,443,156,807,225,783
452,710,445,807,225,783
452,710,444,807
452,710,445,807
633,29,650
633,28,650
640,380,829
651,258,690
651,134,690
654,582
654,582,861
582,861
657,658
657,489
657,264
658,657,489
658,657,264
489,657,264
659,48,702
667,668
667,37
667,175
668,667,37
668,667,175
37,667,175
683,52,826
686,687
686,687,607
687,607
692,693
710,444,443,225,783
710,444,443,156,807,225,783
710,444,807,225,783
710,445,443,225,783
710,445,443,156,807,225,783
710,445,807,225,783
710,444,807
710,445,807
716,269
777,778
783,225,807
814,636
818,707
