6,7
6,7,22
6,7,24,22
6,7,23
6,7,24
7,22
7,24,22
7,23
7,24
15,16
15,210,197,196,67,16
15,210,67,16
15,16,67,196,20,19
15,16,67,210,197,196,20,19
15,210,197,196,20,19
15,210,67,196,20,19
15,16,67,196,20
15,16,67,210,197,196,20
15,210,197,196,20
15,210,67,196,20
15,16,67
15,210,197,196,67
15,210,67
15,16,67,68
15,210,197,196,67,68
15,210,67,68
15,107
15,153
15,16,67,196,20,165
15,16,67,210,197,196,20,165
15,210,197,196,20,165
15,210,67,196,20,165
15,16,67,196,20,170
15,16,67,210,197,196,20,170
15,210,197,196,20,170
15,210,67,196,20,170
15,16,67,196
15,210,197,196
15,210,67,196
15,16,67,196,197
15,16,67,210,197
15,210,197
15,210
15,16,67,196,197,211
15,16,67,210,197,211
15,210,197,211
15,210,67,196,197,211
15,16,67,196,252
15,16,67,210,197,196,252
15,210,197,196,252
15,210,67,196,252
15,16,67,196,252,253
15,16,67,210,197,196,252,253
15,210,197,196,252,253
15,210,67,196,252,253
15,16,67,196,252,223
15,16,67,210,197,196,252,223
15,210,197,196,252,223
15,210,67,196,252,223
15,16,67,196,252,253,241
15,16,67,210,197,196,252,253,241
15,210,197,196,252,253,241
15,210,67,196,252,253,241
15,16,67,196,197,210,273
15,16,67,210,273
15,210,273
15,16,67,279,277
15,210,197,196,67,279,277
15,210,67,279,277
15,16,67,279,277,154
15,210,197,196,67,279,277,154
15,210,67,279,277,154
15,16,67,279
15,210,197,196,67,279
15,210,67,279
16,15,210,197,196,20,19
16,15,210,67,196,20,19
16,67,196,20,19
16,67,210,197,196,20,19
16,15,210,197,196,20
16,15,210,67,196,20
16,67,196,20
16,67,210,197,196,20
16,67
16,15,210,197,196,67,68
16,15,210,67,68
16,67,68
16,15,107
16,67,196,197,210,15,107
16,67,210,15,107
16,15,153
16,67,196,197,210,15,153
16,67,210,15,153
16,15,210,197,196,20,165
16,15,210,67,196,20,165
16,67,196,20,165
16,67,210,197,196,20,165
16,15,210,197,196,20,170
16,15,210,67,196,20,170
16,67,196,20,170
16,67,210,197,196,20,170
16,15,210,197,196
16,15,210,67,196
16,67,196
16,67,210,197,196
16,15,210,197
16,67,196,197
16,67,210,197
16,15,210
16,67,210
16,15,210,197,211
16,15,210,67,196,197,211
16,67,196,197,211
16,67,210,197,211
16,15,210,197,196,252
16,15,210,67,196,252
16,67,196,252
16,67,210,197,196,252
16,15,210,197,196,252,253
16,15,210,67,196,252,253
16,67,196,252,253
16,67,210,197,196,252,253
16,15,210,197,196,252,223
16,15,210,67,196,252,223
16,67,196,252,223
16,67,210,197,196,252,223
16,15,210,197,196,252,253,241
16,15,210,67,196,252,253,241
16,67,196,252,253,241
16,67,210,197,196,252,253,241
16,15,210,273
16,67,196,197,210,273
16,67,210,273
16,15,210,197,196,67,279,277
16,15,210,67,279,277
16,67,279,277
16,15,210,197,196,67,279,277,154
16,15,210,67,279,277,154
16,67,279,277,154
16,15,210,197,196,67,279
16,15,210,67,279
16,67,279
19,20
19,20,196,67
19,20,196,197,210,67
19,20,196,67,68
19,20,196,197,210,67,68
19,20,196,197,210,15,16,67,68
19,20,196,67,210,15,107
19,20,196,67,16,15,107
19,20,196,197,210,67,16,15,107
19,20,196,197,210,15,107
19,20,196,67,210,15,153
19,20,196,67,16,15,153
19,20,196,197,210,67,16,15,153
19,20,196,197,210,15,153
19,20,165
19,20,170
19,20,196
19,20,196,197
19,20,196,67,210
19,20,196,197,210
19,20,196,67,210,197,211
19,20,196,67,16,15,210,197,211
19,20,196,197,211
19,20,196,252
19,20,196,252,253
19,20,196,252,223
19,20,196,252,253,241
19,20,196,67,210,273
19,20,196,67,16,15,210,273
19,20,196,197,210,273
19,20,196,67,279,277
19,20,196,197,210,67,279,277
19,20,196,197,210,15,16,67,279,277
19,20,196,67,279,277,154
19,20,196,197,210,67,279,277,154
19,20,196,197,210,15,16,67,279,277,154
19,20,196,67,279
19,20,196,197,210,67,279
19,20,196,197,210,15,16,67,279
20,196,67
20,196,197,210,67
20,196,67,68
20,196,197,210,67,68
20,196,197,210,15,16,67,68
20,196,67,210,15,107
20,196,67,16,15,107
20,196,197,210,67,16,15,107
20,196,197,210,15,107
20,196,67,210,15,153
20,196,67,16,15,153
20,196,197,210,67,16,15,153
20,196,197,210,15,153
20,165
20,170
20,196
20,196,197
20,196,67,210
20,196,197,210
20,196,67,210,197,211
20,196,67,16,15,210,197,211
20,196,197,211
20,196,252
20,196,252,253
20,196,252,223
20,196,252,253,241
20,196,67,210,273
20,196,67,16,15,210,273
20,196,197,210,273
20,196,67,279,277
20,196,197,210,67,279,277
20,196,197,210,15,16,67,279,277
20,196,67,279,277,154
20,196,197,210,67,279,277,154
20,196,197,210,15,16,67,279,277,154
20,196,67,279
20,196,197,210,67,279
20,196,197,210,15,16,67,279
22,7,23
22,24,7,23
22,24
23,7,24
26,27
26,27,178,177
26,27,178
27,178,177
27,178
29,30
29,30,2
29,286
30,2
30,29,286
31,32
31,32,110
31,32,59
31,32,257
32,110
32,59
32,257
37,38
37,38,43
37,38,291,45,43
37,38,43,44
37,38,291,45,43,44
37,38,43,45
37,38,291,45
37,38,291
37,38,43,45,291,265
37,38,291,265
37,38,43,45,291,226
37,38,291,226
38,43
38,291,45,43
38,43,44
38,291,45,43,44
38,43,45
38,291,45
38,291
38,43,45,291,265
38,291,265
38,43,45,291,226
38,291,226
43,44
43,45
43,38,291
43,45,291
43,38,291,265
43,45,291,265
43,38,291,226
43,45,291,226
44,43,45
44,43,38,291
44,43,45,291
44,43,38,291,265
44,43,45,291,265
44,43,38,291,226
44,43,45,291,226
45,291
45,291,265
45,291,226
46,47
46,111,69
46,111,69,70
46,111,14,102
46,111,14
46,111
46,111,112
46,111,113,112
46,111,113
46,111,114
46,111,115
46,111,40
46,111,116
46,111,81
46,111,117
46,111,115,161
46,111,112,113,220
46,111,113,220
46,111,115,161,217
47,46,111,69
47,46,111,69,70
47,46,111,14,102
47,46,111,14
47,46,111
47,46,111,112
47,46,111,113,112
47,46,111,113
47,46,111,114
47,46,111,115
47,46,111,40
47,46,111,116
47,46,111,81
47,46,111,117
47,46,111,115,161
47,46,111,112,113,220
47,46,111,113,220
47,46,111,115,161,217
48,49
48,49,176,79,78
48,49,209,78
48,49,176,79
48,49,209,78,79
48,49,176
48,49,209,78,79,176
48,49,209
49,176,79,78
49,209,78
49,176,79
49,209,78,79
49,176
49,209,78,79,176
49,209
54,55
54,56,143,55
54,56,214,55
54,56
54,100
54,55,143
54,55,214,56,143
54,56,143
54,55,143,144
54,55,214,56,143,144
54,56,143,144
54,55,143,144,145
54,55,214,56,143,144,145
54,56,143,144,145
54,55,143,56,214,213
54,55,214,213
54,56,214,213
54,55,214
54,56,214
55,54,56
55,143,56
55,214,56
55,54,100
55,143,56,54,100
55,214,56,54,100
55,143
55,214,56,143
55,54,56,143,144
55,143,144
55,214,56,143,144
55,54,56,143,144,145
55,143,144,145
55,214,56,143,144,145
55,54,56,214,213
55,143,56,214,213
55,214,213
55,214
56,54,100
56,143
56,143,144
56,143,144,145
56,214,213
56,214
60,61
60,61,103
60,61,230
61,103
61,230
67,68
67,196,197,210,15,107
67,210,15,107
67,16,15,107
67,196,197,210,15,153
67,210,15,153
67,16,15,153
67,196,20,165
67,210,197,196,20,165
67,196,20,170
67,210,197,196,20,170
67,196
67,210,197,196
67,196,197
67,210,197
67,210
67,196,197,211
67,210,197,211
67,196,252
67,210,197,196,252
67,196,252,253
67,210,197,196,252,253
67,196,252,223
67,210,197,196,252,223
67,196,252,253,241
67,210,197,196,252,253,241
67,196,197,210,273
67,210,273
67,279,277
67,279,277,154
67,279
68,67,196,197,210,15,107
68,67,210,15,107
68,67,16,15,107
68,67,196,197,210,15,153
68,67,210,15,153
68,67,16,15,153
68,67,196,20,165
68,67,210,197,196,20,165
68,67,16,15,210,197,196,20,165
68,67,196,20,170
68,67,210,197,196,20,170
68,67,16,15,210,197,196,20,170
68,67,196
68,67,210,197,196
68,67,196,197
68,67,210,197
68,67,16,15,210,197
68,67,210
68,67,196,197,211
68,67,210,197,211
68,67,16,15,210,197,211
68,67,196,252
68,67,210,197,196,252
68,67,16,15,210,197,196,252
68,67,196,252,253
68,67,210,197,196,252,253
68,67,16,15,210,197,196,252,253
68,67,196,252,223
68,67,210,197,196,252,223
68,67,16,15,210,197,196,252,223
68,67,196,252,253,241
68,67,210,197,196,252,253,241
68,67,16,15,210,197,196,252,253,241
68,67,196,197,210,273
68,67,210,273
68,67,16,15,210,273
68,67,279,277
68,67,279,277,154
68,67,279
69,70
69,111,14,102
69,111,14
69,111
69,111,112
69,111,113,112
69,111,113
69,111,114
69,111,115
69,111,40
69,111,116
69,111,81
69,111,117
69,111,115,161
69,111,112,113,220
69,111,113,220
69,111,115,161,217
70,69,111,14,102
70,69,111,14
70,69,111
70,69,111,112
70,69,111,113,112
70,69,111,113
70,69,111,114
70,69,111,115
70,69,111,40
70,69,111,116
70,69,111,81
70,69,111,117
70,69,111,115,161
70,69,111,112,113,220
70,69,111,113,220
70,69,111,115,161,217
78,79
78,79,176
78,209,49,176
78,209
79,176
79,78,209
79,176,49,209
84,85
84,86
84,86,36
84,85,159
84,85,203
84,85,126
85,84,86
85,84,86,36
85,159
85,203
85,126
86,36
86,84,85,159
86,84,85,203
86,84,85,126
36,86,84,85,159
36,86,84,85,203
36,86,84,85,126
92,93
96,97
96,97,236
96,97,164
96,97,232
97,236
97,164
97,232
98,99
100,54,55,143
100,54,55,214,56,143
100,54,56,143
100,54,55,143,144
100,54,55,214,56,143,144
100,54,56,143,144
100,54,55,143,144,145
100,54,55,214,56,143,144,145
100,54,56,143,144,145
100,54,55,143,56,214,213
100,54,55,214,213
100,54,56,214,213
100,54,55,214
100,54,56,214
102,14
102,14,111
102,14,111,112
102,14,111,113,112
102,14,111,113
102,14,111,114
102,14,111,115
102,14,111,40
102,14,111,116
102,14,111,81
102,14,111,117
102,14,111,115,161
102,14,111,112,113,220
102,14,111,113,220
102,14,111,115,161,217
14,111
14,111,112
14,111,113,112
14,111,113
14,111,114
14,111,115
14,111,40
14,111,116
14,111,81
14,111,117
14,111,115,161
14,111,112,113,220
14,111,113,220
14,111,115,161,217
103,61,230
104,105
104,248
104,248,13
105,104,248
105,104,248,13
107,15,153
107,15,16,67,196,20,165
107,15,16,67,210,197,196,20,165
107,15,210,197,196,20,165
107,15,210,67,196,20,165
107,15,16,67,196,20,170
107,15,16,67,210,197,196,20,170
107,15,210,197,196,20,170
107,15,210,67,196,20,170
107,15,16,67,196
107,15,210,197,196
107,15,210,67,196
107,15,16,67,196,197
107,15,16,67,210,197
107,15,210,197
107,15,210
107,15,16,67,196,197,211
107,15,16,67,210,197,211
107,15,210,197,211
107,15,210,67,196,197,211
107,15,16,67,196,252
107,15,16,67,210,197,196,252
107,15,210,197,196,252
107,15,210,67,196,252
107,15,16,67,196,252,253
107,15,16,67,210,197,196,252,253
107,15,210,197,196,252,253
107,15,210,67,196,252,253
107,15,16,67,196,252,223
107,15,16,67,210,197,196,252,223
107,15,210,197,196,252,223
107,15,210,67,196,252,223
107,15,16,67,196,252,253,241
107,15,16,67,210,197,196,252,253,241
107,15,210,197,196,252,253,241
107,15,210,67,196,252,253,241
107,15,16,67,196,197,210,273
107,15,16,67,210,273
107,15,210,273
107,15,16,67,279,277
107,15,210,197,196,67,279,277
107,15,210,67,279,277
107,15,16,67,279,277,154
107,15,210,197,196,67,279,277,154
107,15,210,67,279,277,154
107,15,16,67,279
107,15,210,197,196,67,279
107,15,210,67,279
110,32,59
110,32,257
111,112
111,113,112
111,113
111,114
111,115
111,40
111,116
111,81
111,117
111,115,161
111,112,113,220
111,113,220
111,115,161,217
112,113
112,111,114
112,113,111,114
112,111,115
112,113,111,115
112,111,40
112,113,111,40
112,111,116
112,113,111,116
112,111,81
112,113,111,81
112,111,117
112,113,111,117
112,111,115,161
112,113,111,115,161
112,113,220
112,111,115,161,217
112,113,111,115,161,217
113,111,114
113,111,115
113,111,40
113,111,116
113,111,81
113,111,117
113,111,115,161
113,220
113,111,115,161,217
114,111,115
114,111,40
114,111,116
114,111,81
114,111,117
114,111,115,161
114,111,112,113,220
114,111,113,220
114,111,115,161,217
115,111,40
115,111,116
115,111,81
115,111,117
115,161
115,111,112,113,220
115,111,113,220
115,161,217
40,111,116
40,111,81
40,111,117
40,111,115,161
40,111,112,113,220
40,111,113,220
40,111,115,161,217
116,111,81
116,111,117
116,111,115,161
116,111,112,113,220
116,111,113,220
116,111,115,161,217
81,111,117
81,111,115,161
81,111,112,113,220
81,111,113,220
81,111,115,161,217
117,111,115,161
117,111,112,113,220
117,111,113,220
117,111,115,161,217
123,124
123,124,293
124,293
125,72
125,72,173
72,173
2,30,29,286
137,138
137,139
137,139,218
137,139,218,156
137,139,218,28
137,139,218,52
137,139,260
137,139,261
138,137,139
138,137,139,218
138,137,139,218,156
138,137,139,218,28
138,137,139,218,52
138,137,139,260
138,137,139,261
139,218
139,218,156
139,218,28
139,218,52
139,260
139,261
143,144
143,144,145
143,55,214,213
143,56,214,213
143,55,214
143,56,214
144,145
144,143,55,54,56,214,213
144,143,55,214,213
144,143,56,214,213
144,143,55,214
144,143,56,214
145,144,143,55,54,56,214,213
145,144,143,55,214,213
145,144,143,56,214,213
145,144,143,55,214
145,144,143,56,214
153,15,16,67,196,20,165
153,15,16,67,210,197,196,20,165
153,15,210,197,196,20,165
153,15,210,67,196,20,165
153,15,16,67,196,20,170
153,15,16,67,210,197,196,20,170
153,15,210,197,196,20,170
153,15,210,67,196,20,170
153,15,16,67,196
153,15,210,197,196
153,15,210,67,196
153,15,16,67,196,197
153,15,16,67,210,197
153,15,210,197
153,15,210
153,15,16,67,196,197,211
153,15,16,67,210,197,211
153,15,210,197,211
153,15,210,67,196,197,211
153,15,16,67,196,252
153,15,16,67,210,197,196,252
153,15,210,197,196,252
153,15,210,67,196,252
153,15,16,67,196,252,253
153,15,16,67,210,197,196,252,253
153,15,210,197,196,252,253
153,15,210,67,196,252,253
153,15,16,67,196,252,223
153,15,16,67,210,197,196,252,223
153,15,210,197,196,252,223
153,15,210,67,196,252,223
153,15,16,67,196,252,253,241
153,15,16,67,210,197,196,252,253,241
153,15,210,197,196,252,253,241
153,15,210,67,196,252,253,241
153,15,16,67,196,197,210,273
153,15,16,67,210,273
153,15,210,273
153,15,16,67,279,277
153,15,210,197,196,67,279,277
153,15,210,67,279,277
153,15,16,67,279,277,154
153,15,210,197,196,67,279,277,154
153,15,210,67,279,277,154
153,15,16,67,279
153,15,210,197,196,67,279
153,15,210,67,279
159,85,203
159,85,126
161,115,111,112,113,220
161,115,111,113,220
161,217
162,163
165,20,170
165,20,196
165,20,196,197
165,20,196,67,210
165,20,196,197,210
165,20,196,67,210,197,211
165,20,196,67,16,15,210,197,211
165,20,196,197,211
165,20,196,252
165,20,196,252,253
165,20,196,252,223
165,20,196,252,253,241
165,20,196,67,210,273
165,20,196,67,16,15,210,273
165,20,196,197,210,273
165,20,196,67,279,277
165,20,196,197,210,67,279,277
165,20,196,197,210,15,16,67,279,277
165,20,196,67,279,277,154
165,20,196,197,210,67,279,277,154
165,20,196,197,210,15,16,67,279,277,154
165,20,196,67,279
165,20,196,197,210,67,279
165,20,196,197,210,15,16,67,279
170,20,196
170,20,196,197
170,20,196,67,210
170,20,196,197,210
170,20,196,67,210,197,211
170,20,196,67,16,15,210,197,211
170,20,196,197,211
170,20,196,252
170,20,196,252,253
170,20,196,252,223
170,20,196,252,253,241
170,20,196,67,210,273
170,20,196,67,16,15,210,273
170,20,196,197,210,273
170,20,196,67,279,277
170,20,196,197,210,67,279,277
170,20,196,197,210,15,16,67,279,277
170,20,196,67,279,277,154
170,20,196,197,210,67,279,277,154
170,20,196,197,210,15,16,67,279,277,154
170,20,196,67,279
170,20,196,197,210,67,279
170,20,196,197,210,15,16,67,279
176,79,78,209
176,49,209
177,178
181,62
196,197
196,67,210
196,197,210
196,67,210,197,211
196,197,211
196,252
196,252,253
196,252,223
196,252,253,241
196,67,210,273
196,67,16,15,210,273
196,197,210,273
196,67,279,277
196,197,210,67,279,277
196,67,279,277,154
196,197,210,67,279,277,154
196,67,279
196,197,210,67,279
197,210
197,211
197,196,252
197,196,252,253
197,196,252,223
197,196,252,253,241
197,210,273
197,196,67,279,277
197,210,67,279,277
197,210,15,16,67,279,277
197,196,67,279,277,154
197,210,67,279,277,154
197,210,15,16,67,279,277,154
197,196,67,279
197,210,67,279
197,210,15,16,67,279
198,199
198,199,216
199,216
203,85,126
210,197,211
210,197,196,252
210,67,196,252
210,197,196,252,253
210,67,196,252,253
210,197,196,252,223
210,67,196,252,223
210,197,196,252,253,241
210,67,196,252,253,241
210,273
210,67,279,277
210,67,279,277,154
210,67,279
211,197,196,252
211,197,210,67,196,252
211,197,210,15,16,67,196,252
211,197,196,252,253
211,197,210,67,196,252,253
211,197,210,15,16,67,196,252,253
211,197,196,252,223
211,197,210,67,196,252,223
211,197,210,15,16,67,196,252,223
211,197,196,252,253,241
211,197,210,67,196,252,253,241
211,197,210,15,16,67,196,252,253,241
211,197,196,67,210,273
211,197,196,67,16,15,210,273
211,197,210,273
211,197,196,67,279,277
211,197,210,67,279,277
211,197,210,15,16,67,279,277
211,197,196,67,279,277,154
211,197,210,67,279,277,154
211,197,210,15,16,67,279,277,154
211,197,196,67,279
211,197,210,67,279
211,197,210,15,16,67,279
213,214
218,156
218,28
218,52
218,139,260
218,139,261
156,218,28
156,218,52
156,218,139,260
156,218,139,261
28,218,52
28,218,139,260
28,218,139,261
52,218,139,260
52,218,139,261
219,148
220,113,111,115,161,217
220,113,112,111,115,161,217
221,17
236,97,164
236,97,232
164,97,232
248,13
252,253
252,223
252,253,241
252,196,67,210,273
252,196,67,16,15,210,273
252,196,197,210,273
252,196,67,279,277
252,196,197,210,67,279,277
252,196,197,210,15,16,67,279,277
252,196,67,279,277,154
252,196,197,210,67,279,277,154
252,196,197,210,15,16,67,279,277,154
252,196,67,279
252,196,197,210,67,279
252,196,197,210,15,16,67,279
253,252,223
253,241
253,252,196,67,210,273
253,252,196,67,16,15,210,273
253,252,196,197,210,273
253,252,196,67,279,277
253,252,196,197,210,67,279,277
253,252,196,197,210,15,16,67,279,277
253,252,196,67,279,277,154
253,252,196,197,210,67,279,277,154
253,252,196,197,210,15,16,67,279,277,154
253,252,196,67,279
253,252,196,197,210,67,279
253,252,196,197,210,15,16,67,279
223,252,253,241
223,252,196,67,210,273
223,252,196,67,16,15,210,273
223,252,196,197,210,273
223,252,196,67,279,277
223,252,196,197,210,67,279,277
223,252,196,197,210,15,16,67,279,277
223,252,196,67,279,277,154
223,252,196,197,210,67,279,277,154
223,252,196,197,210,15,16,67,279,277,154
223,252,196,67,279
223,252,196,197,210,67,279
223,252,196,197,210,15,16,67,279
260,139,261
241,253,252,196,67,210,273
241,253,252,196,67,16,15,210,273
241,253,252,196,197,210,273
241,253,252,196,67,279,277
241,253,252,196,197,210,67,279,277
241,253,252,196,197,210,15,16,67,279,277
241,253,252,196,67,279,277,154
241,253,252,196,197,210,67,279,277,154
241,253,252,196,197,210,15,16,67,279,277,154
241,253,252,196,67,279
241,253,252,196,197,210,67,279
241,253,252,196,197,210,15,16,67,279
59,32,257
273,210,197,196,67,279,277
273,210,67,279,277
273,210,15,16,67,279,277
273,210,197,196,67,279,277,154
273,210,67,279,277,154
273,210,15,16,67,279,277,154
273,210,197,196,67,279
273,210,67,279
273,210,15,16,67,279
277,154
277,279
154,277,279
291,265
291,226
265,291,226
298,140
298,147
298,171
140,298,147
140,298,171
147,298,171
