2,3
2,3,48
2,3,129
2,3,404
2,3,509
2,3,738
2,3,1386
3,48
3,129
3,404
3,509
3,738
3,1386
24,25
24,25,287
24,25,411
24,25,894
24,25,898
24,25,1270
24,25,1438
24,25,1478
24,25,1553
24,25,1556
25,287
25,411
25,894
25,898
25,1270
25,1438
25,1478
25,1553
25,1556
36,37
36,37,62,61
36,37,62,155,63,61
36,37,62,64,61
36,37,62,66,61
36,37,62,63,61
36,37,62
36,37,62,155,63
36,37,62,64,61,63
36,37,62,66,61,63
36,37,62,63
36,37,62,155,63,61,64
36,37,62,64
36,37,62,66,61,64
36,37,62,61,65
36,37,62,155,63,61,65
36,37,62,64,61,65
36,37,62,66,61,65
36,37,62,63,61,65
36,37,62,155,63,61,66
36,37,62,66
36,37,62,155
36,37,62,568
36,37,62,1266,1265,568
36,37,62,1040
36,37,62,568,1265
36,37,62,1266,1265
36,37,62,1266
36,37,62,61,63,73
36,37,62,155,63,73
36,37,62,64,61,63,73
36,37,62,66,61,63,73
36,37,62,63,73
37,62,61
37,62,155,63,61
37,62,64,61
37,62,66,61
37,62,63,61
37,62
37,62,155,63
37,62,64,61,63
37,62,66,61,63
37,62,63
37,62,155,63,61,64
37,62,64
37,62,66,61,64
37,62,61,65
37,62,155,63,61,65
37,62,64,61,65
37,62,66,61,65
37,62,63,61,65
37,62,155,63,61,66
37,62,66
37,62,155
37,62,568
37,62,1266,1265,568
37,62,1040
37,62,568,1265
37,62,1266,1265
37,62,1266
37,62,61,63,73
37,62,155,63,73
37,62,64,61,63,73
37,62,66,61,63,73
37,62,63,73
39,40
48,3,129
48,3,404
48,3,509
48,3,738
48,3,1386
54,55
54,56
54,56,1251
54,56,1085
55,54,56
55,54,56,1251
55,54,56,1085
56,1251
56,1085
61,62
61,63,155,62
61,63,62
61,64,62
61,66,62
61,63
61,64,62,155,63
61,64,62,63
61,66,62,155,63
61,66,62,63
61,64
61,66,62,64
61,65
61,66
61,62,155
61,63,155
61,64,62,155
61,66,62,155
61,62,568
61,62,1266,1265,568
61,63,155,62,568
61,63,155,62,1266,1265,568
61,63,62,568
61,63,62,1266,1265,568
61,64,62,568
61,64,62,1266,1265,568
61,66,62,568
61,66,62,1266,1265,568
61,62,1040
61,63,155,62,1040
61,63,62,1040
61,64,62,1040
61,66,62,1040
61,62,568,1265
61,62,1266,1265
61,63,155,62,568,1265
61,63,155,62,1266,1265
61,63,62,568,1265
61,63,62,1266,1265
61,64,62,568,1265
61,64,62,1266,1265
61,66,62,568,1265
61,66,62,1266,1265
61,62,1266
61,63,155,62,1266
61,63,62,1266
61,64,62,1266
61,66,62,1266
61,62,155,63,73
61,62,63,73
61,63,73
61,64,62,155,63,73
61,64,62,63,73
61,66,62,155,63,73
61,66,62,63,73
62,155,63
62,63
62,64
62,61,65
62,155,63,61,65
62,64,61,65
62,66,61,65
62,63,61,65
62,66
62,155
62,568
62,1266,1265,568
62,1040
62,568,1265
62,1266,1265
62,1266
62,155,63,73
62,63,73
63,61,64
63,61,66,62,64
63,155,62,64
63,155,62,66,61,64
63,62,64
63,61,65
63,155,62,64,61,65
63,155,62,66,61,65
63,62,64,61,65
63,62,66,61,65
63,61,66
63,155,62,66
63,62,66
63,155
63,61,64,62,568
63,61,64,62,1266,1265,568
63,61,66,62,568
63,61,66,62,1266,1265,568
63,155,62,568
63,155,62,1266,1265,568
63,62,568
63,62,1266,1265,568
63,61,64,62,1040
63,61,66,62,1040
63,155,62,1040
63,62,1040
63,61,64,62,568,1265
63,61,64,62,1266,1265
63,61,66,62,568,1265
63,61,66,62,1266,1265
63,155,62,568,1265
63,155,62,1266,1265
63,62,568,1265
63,62,1266,1265
63,61,64,62,1266
63,61,66,62,1266
63,155,62,1266
63,62,1266
63,73
64,61,65
64,62,66,61,65
64,61,66
64,62,66
64,61,63,155
64,61,66,62,155
64,62,155
64,61,63,155,62,568
64,61,63,155,62,1266,1265,568
64,61,66,62,568
64,61,66,62,1266,1265,568
64,62,568
64,62,1266,1265,568
64,61,63,155,62,1040
64,61,66,62,1040
64,62,1040
64,61,63,155,62,568,1265
64,61,63,155,62,1266,1265
64,61,66,62,568,1265
64,61,66,62,1266,1265
64,62,568,1265
64,62,1266,1265
64,61,63,155,62,1266
64,61,66,62,1266
64,62,1266
64,61,63,73
64,61,66,62,155,63,73
64,61,66,62,63,73
64,62,155,63,73
64,62,63,73
65,61,66
65,61,62,155
65,61,63,155
65,61,64,62,155
65,61,66,62,155
65,61,62,568
65,61,62,1266,1265,568
65,61,63,155,62,568
65,61,63,155,62,1266,1265,568
65,61,63,62,568
65,61,63,62,1266,1265,568
65,61,64,62,568
65,61,64,62,1266,1265,568
65,61,66,62,568
65,61,66,62,1266,1265,568
65,61,62,1040
65,61,63,155,62,1040
65,61,63,62,1040
65,61,64,62,1040
65,61,66,62,1040
65,61,62,568,1265
65,61,62,1266,1265
65,61,63,155,62,568,1265
65,61,63,155,62,1266,1265
65,61,63,62,568,1265
65,61,63,62,1266,1265
65,61,64,62,568,1265
65,61,64,62,1266,1265
65,61,66,62,568,1265
65,61,66,62,1266,1265
65,61,62,1266
65,61,63,155,62,1266
65,61,63,62,1266
65,61,64,62,1266
65,61,66,62,1266
65,61,62,155,63,73
65,61,62,63,73
65,61,63,73
65,61,64,62,155,63,73
65,61,64,62,63,73
65,61,66,62,155,63,73
65,61,66,62,63,73
66,61,63,155
66,62,155
66,61,63,155,62,568
66,61,63,155,62,1266,1265,568
66,62,568
66,62,1266,1265,568
66,61,63,155,62,1040
66,62,1040
66,61,63,155,62,568,1265
66,61,63,155,62,1266,1265
66,62,568,1265
66,62,1266,1265
66,61,63,155,62,1266
66,62,1266
66,61,63,73
66,62,155,63,73
66,62,63,73
81,82
84,85
84,1188,1099,794,1049,1089,85
84,1089,85
84,85,675,161
84,1188,1099,794,1049,1089,85,675,161
84,1089,85,675,161
84,85,675
84,1188,1099,794,1049,1089,85,675
84,1089,85,675
84,85,1089,1049
84,1188,1099,794,1049
84,1089,1049
84,85,1089,1049,893
84,1188,1099,794,1049,893
84,1089,1049,893
84,85,1089,1049,794
84,1188,1099,794
84,1089,1049,794
84,85,1089,1049,794,1099,1055
84,1188,1099,1055
84,1089,1049,794,1099,1055
84,85,1089,1049,794,1099,1055,930
84,1188,1099,1055,930
84,1089,1049,794,1099,1055,930
84,1188,1099,794,1049,1089
84,1089
84,85,1089,1049,794,1099
84,1188,1099
84,1089,1049,794,1099
84,1188
84,85,1089,1049,794,1099,1188,257
84,1188,257
84,1089,1049,794,1099,1188,257
85,675,161
85,675
85,84,1188,1099,794,1049
85,1089,1049
85,84,1188,1099,794,1049,893
85,1089,84,1188,1099,794,1049,893
85,1089,1049,893
85,84,1188,1099,794
85,1089,84,1188,1099,794
85,1089,1049,794
85,84,1188,1099,1055
85,1089,84,1188,1099,1055
85,1089,1049,794,1099,1055
85,84,1188,1099,1055,930
85,1089,84,1188,1099,1055,930
85,1089,1049,794,1099,1055,930
85,1089
85,84,1188,1099
85,1089,84,1188,1099
85,1089,1049,794,1099
85,84,1188
85,1089,84,1188
85,1089,1049,794,1099,1188
85,84,1188,257
85,1089,84,1188,257
85,1089,1049,794,1099,1188,257
89,90
92,93
92,1218
92,1218,1050
93,92,1218
93,92,1218,1050
94,95
94,95,1467
94,95,1472,1471
94,95,1472,1471,201
94,95,1472
95,1467
95,1472,1471
95,1472,1471,201
95,1472
112,745
119,120
119,923
119,923,924
119,923,925
119,923,926
119,923,927
119,923,928
119,923,927,864
119,923,924,330
119,923,925,248
119,923,926,438
119,923,928,224
120,119,923
120,119,923,924
120,119,923,925
120,119,923,926
120,119,923,927
120,119,923,928
120,119,923,927,864
120,119,923,924,330
120,119,923,925,248
120,119,923,926,438
120,119,923,928,224
129,3,404
129,3,509
129,3,738
129,3,1386
130,131
130,131,339,1453
130,131,339
130,131,1476
131,339,1453
131,339
131,1476
136,137
136,138
136,137,1474
137,136,138
137,1474
138,136,137,1474
142,143
142,143,261
142,143,261,262
142,143,734
142,143,918
142,143,918,919
142,143,918,919,1022
142,143,261,262,1111
142,143,261,262,1526
143,261
143,261,262
143,734
143,918
143,918,919
143,918,919,1022
143,261,262,1111
143,261,262,1526
155,62,568
155,62,1266,1265,568
155,62,1040
155,62,568,1265
155,62,1266,1265
155,62,1266
155,63,73
161,675
161,675,85,84,1188,1099,794,1049
161,675,85,84,1089,1049
161,675,85,1089,1049
161,675,85,84,1188,1099,794,1049,893
161,675,85,84,1089,1049,893
161,675,85,1089,84,1188,1099,794,1049,893
161,675,85,1089,1049,893
161,675,85,84,1188,1099,794
161,675,85,84,1089,1049,794
161,675,85,1089,84,1188,1099,794
161,675,85,1089,1049,794
161,675,85,84,1188,1099,1055
161,675,85,84,1089,1049,794,1099,1055
161,675,85,1089,84,1188,1099,1055
161,675,85,1089,1049,794,1099,1055
161,675,85,84,1188,1099,1055,930
161,675,85,84,1089,1049,794,1099,1055,930
161,675,85,1089,84,1188,1099,1055,930
161,675,85,1089,1049,794,1099,1055,930
161,675,85,1089
161,675,85,84,1188,1099
161,675,85,84,1089,1049,794,1099
161,675,85,1089,84,1188,1099
161,675,85,1089,1049,794,1099
161,675,85,84,1188
161,675,85,1089,84,1188
161,675,85,1089,1049,794,1099,1188
161,675,85,84,1188,257
161,675,85,84,1089,1049,794,1099,1188,257
161,675,85,1089,84,1188,257
161,675,85,1089,1049,794,1099,1188,257
174,175
188,189
188,190
188,191
188,192
188,193
188,1485
188,1485,1253
188,1485,1276
188,1485,968
188,1485,1486
189,188,190
189,188,191
189,188,192
189,188,193
189,188,1485
189,188,1485,1253
189,188,1485,1276
189,188,1485,968
189,188,1485,1486
190,188,191
190,188,192
190,188,193
190,188,1485
190,188,1485,1253
190,188,1485,1276
190,188,1485,968
190,188,1485,1486
191,188,192
191,188,193
191,188,1485
191,188,1485,1253
191,188,1485,1276
191,188,1485,968
191,188,1485,1486
192,188,193
192,188,1485
192,188,1485,1253
192,188,1485,1276
192,188,1485,968
192,188,1485,1486
193,188,1485
193,188,1485,1253
193,188,1485,1276
193,188,1485,968
193,188,1485,1486
209,210
222,223
233,234
242,243
251,252
251,253
252,251,253
261,262
261,143,734
261,143,918
261,143,918,919
261,143,918,919,1022
261,262,1111
261,262,1526
262,261,143,734
262,261,143,918
262,261,143,918,919
262,261,143,918,919,1022
262,1111
262,1526
265,266
265,267,744,104,266
265,267,744,104,1449,402,266
265,267,1449,104,266
265,267,1449,402,266
265,267
265,268
265,269
265,270
265,271
265,266,104,744
265,266,104,1449,267,744
265,266,402,1449,104,744
265,266,402,1449,267,744
265,267,744
265,267,1449,104,744
265,266,104
265,266,402,1449,104
265,267,744,104
265,267,1449,104
265,267,1449,402,266,104
265,266,104,744,267,825
265,266,104,1449,267,825
265,266,402,1449,104,744,267,825
265,266,402,1449,267,825
265,267,825
265,266,402
265,267,744,104,266,402
265,267,744,104,1449,402
265,267,1449,402
265,266,104,1449
265,266,402,1449
265,267,1449
265,266,104,744,267,1561
265,266,104,1449,267,1561
265,266,402,1449,104,744,267,1561
265,266,402,1449,267,1561
265,267,1561
266,265,267
266,104,744,267
266,104,1449,267
266,402,1449,104,744,267
266,402,1449,267
266,265,268
266,104,744,267,265,268
266,104,1449,267,265,268
266,402,1449,104,744,267,265,268
266,402,1449,267,265,268
266,265,269
266,104,744,267,265,269
266,104,1449,267,265,269
266,402,1449,104,744,267,265,269
266,402,1449,267,265,269
266,265,270
266,104,744,267,265,270
266,104,1449,267,265,270
266,402,1449,104,744,267,265,270
266,402,1449,267,265,270
266,265,271
266,104,744,267,265,271
266,104,1449,267,265,271
266,402,1449,104,744,267,265,271
266,402,1449,267,265,271
266,265,267,744
266,104,744
266,104,1449,267,744
266,402,1449,104,744
266,402,1449,267,744
266,104
266,402,1449,104
266,265,267,825
266,104,744,267,825
266,104,1449,267,825
266,402,1449,104,744,267,825
266,402,1449,267,825
266,402
266,265,267,1449
266,104,1449
266,402,1449
266,265,267,1561
266,104,744,267,1561
266,104,1449,267,1561
266,402,1449,104,744,267,1561
266,402,1449,267,1561
267,265,268
267,265,269
267,265,270
267,265,271
267,744
267,1449,104,744
267,265,266,104
267,744,104
267,1449,104
267,1449,402,266,104
267,825
267,265,266,402
267,744,104,266,402
267,744,104,1449,402
267,1449,402
267,1449
267,1561
268,265,269
268,265,270
268,265,271
268,265,266,104,744
268,265,266,104,1449,267,744
268,265,266,402,1449,104,744
268,265,266,402,1449,267,744
268,265,267,744
268,265,267,1449,104,744
268,265,266,104
268,265,266,402,1449,104
268,265,267,744,104
268,265,267,1449,104
268,265,267,1449,402,266,104
268,265,266,104,744,267,825
268,265,266,104,1449,267,825
268,265,266,402,1449,104,744,267,825
268,265,266,402,1449,267,825
268,265,267,825
268,265,266,402
268,265,267,744,104,266,402
268,265,267,744,104,1449,402
268,265,267,1449,402
268,265,266,104,1449
268,265,266,402,1449
268,265,267,1449
268,265,266,104,744,267,1561
268,265,266,104,1449,267,1561
268,265,266,402,1449,104,744,267,1561
268,265,266,402,1449,267,1561
268,265,267,1561
269,265,270
269,265,271
269,265,266,104,744
269,265,266,104,1449,267,744
269,265,266,402,1449,104,744
269,265,266,402,1449,267,744
269,265,267,744
269,265,267,1449,104,744
269,265,266,104
269,265,266,402,1449,104
269,265,267,744,104
269,265,267,1449,104
269,265,267,1449,402,266,104
269,265,266,104,744,267,825
269,265,266,104,1449,267,825
269,265,266,402,1449,104,744,267,825
269,265,266,402,1449,267,825
269,265,267,825
269,265,266,402
269,265,267,744,104,266,402
269,265,267,744,104,1449,402
269,265,267,1449,402
269,265,266,104,1449
269,265,266,402,1449
269,265,267,1449
269,265,266,104,744,267,1561
269,265,266,104,1449,267,1561
269,265,266,402,1449,104,744,267,1561
269,265,266,402,1449,267,1561
269,265,267,1561
270,265,271
270,265,266,104,744
270,265,266,104,1449,267,744
270,265,266,402,1449,104,744
270,265,266,402,1449,267,744
270,265,267,744
270,265,267,1449,104,744
270,265,266,104
270,265,266,402,1449,104
270,265,267,744,104
270,265,267,1449,104
270,265,267,1449,402,266,104
270,265,266,104,744,267,825
270,265,266,104,1449,267,825
270,265,266,402,1449,104,744,267,825
270,265,266,402,1449,267,825
270,265,267,825
270,265,266,402
270,265,267,744,104,266,402
270,265,267,744,104,1449,402
270,265,267,1449,402
270,265,266,104,1449
270,265,266,402,1449
270,265,267,1449
270,265,266,104,744,267,1561
270,265,266,104,1449,267,1561
270,265,266,402,1449,104,744,267,1561
270,265,266,402,1449,267,1561
270,265,267,1561
271,265,266,104,744
271,265,266,104,1449,267,744
271,265,266,402,1449,104,744
271,265,266,402,1449,267,744
271,265,267,744
271,265,267,1449,104,744
271,265,266,104
271,265,266,402,1449,104
271,265,267,744,104
271,265,267,1449,104
271,265,267,1449,402,266,104
271,265,266,104,744,267,825
271,265,266,104,1449,267,825
271,265,266,402,1449,104,744,267,825
271,265,266,402,1449,267,825
271,265,267,825
271,265,266,402
271,265,267,744,104,266,402
271,265,267,744,104,1449,402
271,265,267,1449,402
271,265,266,104,1449
271,265,266,402,1449
271,265,267,1449
271,265,266,104,744,267,1561
271,265,266,104,1449,267,1561
271,265,266,402,1449,104,744,267,1561
271,265,266,402,1449,267,1561
271,265,267,1561
285,168
287,25,411
287,25,894
287,25,898
287,25,1270
287,25,1438
287,25,1478
287,25,1553
287,25,1556
292,541
302,303
313,314
313,314,384
313,1133
313,1133,561
314,384
314,313,1133
314,313,1133,561
323,289
335,336
335,336,637
335,336,691
335,336,716
335,336,979
336,637
336,691
336,716
336,979
337,338
337,205
337,338,720
337,338,720,127
337,338,1047
337,338,1047,860
337,338,1125
337,338,1125,1126
337,338,1299
337,338,1299,1283
337,338,1432
337,338,1432,1345
338,337,205
338,720
338,720,127
338,1047
338,1047,860
338,1125
338,1125,1126
338,1299
338,1299,1283
338,1432
338,1432,1345
205,337,338,720
205,337,338,720,127
205,337,338,1047
205,337,338,1047,860
205,337,338,1125
205,337,338,1125,1126
205,337,338,1299
205,337,338,1299,1283
205,337,338,1432
205,337,338,1432,1345
341,10
341,342,369,10
341,343,369,10
341,344,370,368,369,10
341,344,369,10
341,368,369,10
341,342
341,343,369,342
341,344,370,368,369,342
341,344,369,342
341,368,369,342
341,343
341,344,370,368,369,343
341,344,369,343
341,368,369,343
341,344
341,368,369,344
341,368,370,344
341,368
341,10,369
341,342,369
341,343,369
341,344,370,368,369
341,344,369
341,368,369
341,10,369,368,370
341,10,369,344,370
341,342,369,368,370
341,342,369,344,370
341,343,369,368,370
341,343,369,344,370
341,344,370
341,368,370
341,10,369,368,370,344,790
341,10,369,344,790
341,342,369,368,370,344,790
341,342,369,344,790
341,343,369,368,370,344,790
341,343,369,344,790
341,344,790
341,368,369,344,790
341,368,370,344,790
10,341,342
10,341,343,369,342
10,341,344,370,368,369,342
10,341,344,369,342
10,341,368,369,342
10,369,342
10,341,343
10,341,344,370,368,369,343
10,341,344,369,343
10,341,368,369,343
10,369,343
10,341,344
10,341,368,369,344
10,341,368,370,344
10,369,368,370,344
10,369,344
10,341,368
10,369,368
10,369
10,341,342,369,368,370
10,341,342,369,344,370
10,341,343,369,368,370
10,341,343,369,344,370
10,341,344,370
10,341,368,370
10,369,368,370
10,369,344,370
10,341,342,369,368,370,344,790
10,341,342,369,344,790
10,341,343,369,368,370,344,790
10,341,343,369,344,790
10,341,344,790
10,341,368,369,344,790
10,341,368,370,344,790
10,369,368,370,344,790
10,369,344,790
342,341,343
342,341,344,370,368,369,343
342,341,344,369,343
342,341,368,369,343
342,369,343
342,341,344
342,341,368,369,344
342,341,368,370,344
342,369,368,370,344
342,369,344
342,341,368
342,369,368
342,369
342,341,343,369,368,370
342,341,343,369,344,370
342,341,344,370
342,341,368,370
342,369,368,370
342,369,344,370
342,341,343,369,368,370,344,790
342,341,343,369,344,790
342,341,344,790
342,341,368,369,344,790
342,341,368,370,344,790
342,369,368,370,344,790
342,369,344,790
343,341,344
343,341,368,369,344
343,341,368,370,344
343,369,368,370,344
343,369,344
343,341,368
343,369,368
343,369
343,341,344,370
343,341,368,370
343,369,368,370
343,369,344,370
343,341,344,790
343,341,368,369,344,790
343,341,368,370,344,790
343,369,368,370,344,790
343,369,344,790
344,341,368
344,370,368
344,369,368
344,370,368,369
344,369
344,370
344,790
347,348
347,349
347,348,322
348,347,349
348,322
349,347,348,322
363,364
363,365,1009,364
363,365
363,364,1009,365,429
363,365,429
363,364,1009,365,632
363,365,632
363,364,1009
363,365,1009
364,363,365
364,1009,365
364,363,365,429
364,1009,365,429
364,363,365,632
364,1009,365,632
364,1009
365,429
365,632
365,1009
368,369
368,370
368,369,344,790
368,341,344,790
368,370,344,790
369,368,370
369,344,370
369,368,370,344,790
369,344,790
370,344,790
384,314,313,1133
384,314,313,1133,561
390,391
395,396
395,1571
395,1571,215
396,395,1571
396,395,1571,215
397,398
397,399
397,398,861
397,398,1151,861
397,398,1151
397,398,1525
397,398,1525,617
397,398,1525,1524
398,397,399
398,861
398,1151,861
398,1151
398,1525
398,1525,617
398,1525,1524
399,397,398,861
399,397,398,1151,861
399,397,398,1151
399,397,398,1525
399,397,398,1525,617
399,397,398,1525,1524
404,3,509
404,3,738
404,3,1386
411,25,894
411,25,898
411,25,1270
411,25,1438
411,25,1478
411,25,1553
411,25,1556
429,365,632
429,365,1009
436,437
436,437,1062
436,437,1267
437,1062
437,1267
440,441
440,121,662,441
440,121,662,663,759,441
440,121,662,663,1401,441
440,121,759,441
440,121,759,663,1401,441
440,121,985,441
440,121,1401,441
440,121
440,441,662
440,441,759,121,662
440,441,759,121,1401,663,662
440,441,759,663,662
440,441,985,121,662
440,441,985,121,759,663,662
440,441,985,121,1401,663,662
440,441,1401,121,662
440,441,1401,663,662
440,121,662
440,121,759,663,662
440,121,1401,663,662
440,441,662,663
440,441,759,663
440,441,985,121,662,663
440,441,985,121,759,663
440,441,985,121,1401,663
440,441,1401,663
440,121,662,663
440,121,759,663
440,121,1401,663
440,441,759
440,441,985,121,759
440,441,985,121,1401,663,759
440,441,1401,121,759
440,441,1401,663,759
440,121,759
440,121,1401,663,759
440,441,985
440,441,1401,121,985
440,121,985
440,441,1401
440,121,1401
441,440,121
441,662,121
441,662,663,759,121
441,662,663,1401,121
441,759,121
441,759,663,1401,121
441,985,121
441,1401,121
441,662
441,759,121,662
441,759,121,1401,663,662
441,759,663,662
441,985,121,662
441,985,121,759,663,662
441,985,121,1401,663,662
441,1401,121,662
441,1401,663,662
441,440,121,662,663
441,440,121,759,663
441,440,121,1401,663
441,662,663
441,759,663
441,985,121,662,663
441,985,121,759,663
441,985,121,1401,663
441,1401,663
441,759
441,985,121,759
441,985,121,1401,663,759
441,1401,121,759
441,1401,663,759
441,985
441,1401,121,985
441,1401
121,662
121,759,663,662
121,1401,663,662
121,662,663
121,759,663
121,1401,663
121,759
121,1401,663,759
121,985
121,1401
453,107
453,107,516
453,107,683
453,107,956
107,516
107,683
107,956
463,460
475,310
481,482
481,482,1507
482,1507
498,284
498,206
284,498,206
500,478
500,501,1272,478
500,501
500,478,1272
500,501,1272
478,500,501
478,1272,501
478,1272
501,1272
509,3,738
509,3,1386
516,107,683
516,107,956
520,521
520,521,1169
520,521,1296
521,1169
521,1296
526,318
527,528
527,529
527,530
527,176
527,531
527,430
527,532
527,533
527,534
528,527,529
528,527,530
528,527,176
528,527,531
528,527,430
528,527,532
528,527,533
528,527,534
529,527,530
529,527,176
529,527,531
529,527,430
529,527,532
529,527,533
529,527,534
530,527,176
530,527,531
530,527,430
530,527,532
530,527,533
530,527,534
176,527,531
176,527,430
176,527,532
176,527,533
176,527,534
531,527,430
531,527,532
531,527,533
531,527,534
430,527,532
430,527,533
430,527,534
532,527,533
532,527,534
533,527,534
535,536
535,536,723
535,536,850
535,536,1227,1228,1215,1214
535,536,1215,1214
535,536,1227,1228,1215,1214,194
535,536,1215,1214,194
535,536,1227,1228,1215
535,536,1215
535,536,1227
535,536,1227,1228
535,536,1215,1228
535,536,1284
535,536,1305
536,723
536,850
536,1227,1228,1215,1214
536,1215,1214
536,1227,1228,1215,1214,194
536,1215,1214,194
536,1227,1228,1215
536,1215
536,1227
536,1227,1228
536,1215,1228
536,1284
536,1305
563,301
568,62,1040
568,1265,1266,62,1040
568,1265
568,62,1266
568,1265,1266
568,62,61,63,73
568,62,155,63,73
568,62,64,61,63,73
568,62,66,61,63,73
568,62,63,73
568,1265,1266,62,61,63,73
568,1265,1266,62,155,63,73
568,1265,1266,62,64,61,63,73
568,1265,1266,62,66,61,63,73
568,1265,1266,62,63,73
569,88
569,88,1383
88,1383
570,571
578,97
578,97,1147
97,1147
579,580
579,580,1018
580,1018
582,583
582,1191
583,582,1191
586,587
588,589
588,589,672
588,1093
588,589,1532
588,589,1532,428
588,589,1532,1051
589,672
589,588,1093
589,1532
589,1532,428
589,1532,1051
597,598
599,600
603,466
603,604
466,603,604
620,511
621,622
621,622,827
621,622,876
622,827
622,876
637,336,691
637,336,716
637,336,979
646,643
646,647
646,647,1007
643,646,647
643,646,647,1007
647,1007
657,658
657,807
658,657,807
662,663
662,441,759
662,441,985,121,759
662,441,985,121,1401,663,759
662,441,1401,121,759
662,441,1401,663,759
662,121,759
662,121,1401,663,759
662,663,759
662,441,985
662,441,1401,121,985
662,121,985
662,663,759,441,985
662,663,759,121,985
662,663,1401,441,985
662,663,1401,121,985
662,441,1401
662,121,1401
662,663,1401
663,759
663,662,441,985
663,662,121,985
663,759,441,985
663,759,121,985
663,1401,441,985
663,1401,121,985
663,1401
672,589,588,1093
672,589,1532
672,589,1532,428
672,589,1532,1051
675,85,84,1188,1099,794,1049
675,85,84,1089,1049
675,85,1089,1049
675,85,84,1188,1099,794,1049,893
675,85,84,1089,1049,893
675,85,1089,84,1188,1099,794,1049,893
675,85,1089,1049,893
675,85,84,1188,1099,794
675,85,84,1089,1049,794
675,85,1089,84,1188,1099,794
675,85,1089,1049,794
675,85,84,1188,1099,1055
675,85,84,1089,1049,794,1099,1055
675,85,1089,84,1188,1099,1055
675,85,1089,1049,794,1099,1055
675,85,84,1188,1099,1055,930
675,85,84,1089,1049,794,1099,1055,930
675,85,1089,84,1188,1099,1055,930
675,85,1089,1049,794,1099,1055,930
675,85,1089
675,85,84,1188,1099
675,85,84,1089,1049,794,1099
675,85,1089,84,1188,1099
675,85,1089,1049,794,1099
675,85,84,1188
675,85,1089,84,1188
675,85,1089,1049,794,1099,1188
675,85,84,1188,257
675,85,84,1089,1049,794,1099,1188,257
675,85,1089,84,1188,257
675,85,1089,1049,794,1099,1188,257
680,681
683,107,956
691,336,716
691,336,979
692,693
697,698
697,698,781
698,781
714,374
716,336,979
717,718
720,127
720,338,1047
720,338,1047,860
720,338,1125
720,338,1125,1126
720,338,1299
720,338,1299,1283
720,338,1432
720,338,1432,1345
127,720,338,1047
127,720,338,1047,860
127,720,338,1125
127,720,338,1125,1126
127,720,338,1299
127,720,338,1299,1283
127,720,338,1432
127,720,338,1432,1345
723,536,850
723,536,1227,1228,1215,1214
723,536,1215,1214
723,536,1227,1228,1215,1214,194
723,536,1215,1214,194
723,536,1227,1228,1215
723,536,1215
723,536,1227
723,536,1227,1228
723,536,1215,1228
723,536,1284
723,536,1305
728,729
734,143,918
734,143,918,919
734,143,918,919,1022
734,143,261,262,1111
734,143,261,262,1526
738,3,1386
740,263
742,299
742,299,880
742,299,914
742,299,1072
742,299,1534
299,880
299,914
299,1072
299,1534
744,104
744,267,825
744,104,1449,267,825
744,267,265,266,402
744,267,1449,402
744,104,266,402
744,104,1449,402
744,267,1449
744,104,1449
744,267,1561
744,104,1449,267,1561
104,744,267,825
104,266,265,267,825
104,266,402,1449,267,825
104,1449,402,266,265,267,825
104,1449,267,825
104,266,402
104,1449,402
104,1449
104,744,267,1561
104,266,265,267,1561
104,266,402,1449,267,1561
104,1449,402,266,265,267,1561
104,1449,267,1561
754,755
759,441,985
759,441,1401,121,985
759,121,985
759,663,1401,441,985
759,663,1401,121,985
759,441,1401
759,121,1401
759,663,1401
795,149
632,365,1009
819,611
821,822
824,185
825,267,265,266,402
825,267,744,104,266,402
825,267,744,104,1449,402
825,267,1449,402
825,267,1449
825,267,1561
828,457
402,1449
402,266,265,267,1561
402,266,104,744,267,1561
402,1449,104,744,267,1561
402,1449,267,1561
844,845
846,847
846,264
846,710
846,710,1470
846,710,1470,971
846,710,1470,16
846,710,1513
847,846,264
847,846,710
847,846,710,1470
847,846,710,1470,971
847,846,710,1470,16
847,846,710,1513
264,846,710
264,846,710,1470
264,846,710,1470,971
264,846,710,1470,16
264,846,710,1513
710,1470
710,1470,971
710,1470,16
710,1513
850,536,1227,1228,1215,1214
850,536,1215,1214
850,536,1227,1228,1215,1214,194
850,536,1215,1214,194
850,536,1227,1228,1215
850,536,1215
850,536,1227
850,536,1227,1228
850,536,1215,1228
850,536,1284
850,536,1305
853,854
861,1151
861,398,1525
861,1151,398,1525
861,398,1525,617
861,1151,398,1525,617
861,398,1525,1524
861,1151,398,1525,1524
827,622,876
880,299,914
880,299,1072
880,299,1534
894,25,898
894,25,1270
894,25,1438
894,25,1478
894,25,1553
894,25,1556
896,897
898,25,1270
898,25,1438
898,25,1478
898,25,1553
898,25,1556
913,410
913,410,1034
410,1034
914,299,1072
914,299,1534
915,916
915,381
915,837
915,917
916,915,381
916,915,837
916,915,917
381,915,837
381,915,917
837,915,917
918,919
918,919,1022
918,143,261,262,1111
918,143,261,262,1526
919,1022
919,918,143,261,262,1111
919,918,143,261,262,1526
923,924
923,925
923,926
923,927
923,928
923,927,864
923,924,330
923,925,248
923,926,438
923,928,224
924,923,925
924,923,926
924,923,927
924,923,928
924,923,927,864
924,330
924,923,925,248
924,923,926,438
924,923,928,224
925,923,926
925,923,927
925,923,928
925,923,927,864
925,923,924,330
925,248
925,923,926,438
925,923,928,224
926,923,927
926,923,928
926,923,927,864
926,923,924,330
926,923,925,248
926,438
926,923,928,224
927,923,928
927,864
927,923,924,330
927,923,925,248
927,923,926,438
927,923,928,224
928,923,927,864
928,923,924,330
928,923,925,248
928,923,926,438
928,224
953,358
959,960
964,195
965,281
965,966
281,965,966
985,441,1401
985,121,1401
988,216
988,216,1255
216,1255
989,990
989,304
990,989,304
864,927,923,924,330
864,927,923,925,248
864,927,923,926,438
864,927,923,928,224
1010,1011
1010,312
1011,1010,312
1012,1013
1022,919,918,143,261,262,1111
1022,919,918,143,261,262,1526
1024,610
1040,62,568,1265
1040,62,1266,1265
1040,62,1266
1040,62,61,63,73
1040,62,155,63,73
1040,62,64,61,63,73
1040,62,66,61,63,73
1040,62,63,73
1043,340
1047,860
1047,338,1125
1047,338,1125,1126
1047,338,1299
1047,338,1299,1283
1047,338,1432
1047,338,1432,1345
860,1047,338,1125
860,1047,338,1125,1126
860,1047,338,1299
860,1047,338,1299,1283
860,1047,338,1432
860,1047,338,1432,1345
1049,893
1049,794
1049,794,1099,1055
1049,1089,85,84,1188,1099,1055
1049,1089,84,1188,1099,1055
1049,794,1099,1055,930
1049,1089,85,84,1188,1099,1055,930
1049,1089,84,1188,1099,1055,930
1049,1089
1049,794,1099
1049,1089,85,84,1188,1099
1049,1089,84,1188,1099
1049,794,1099,1188
1049,1089,85,84,1188
1049,1089,84,1188
1049,794,1099,1188,257
1049,1089,85,84,1188,257
1049,1089,84,1188,257
893,1049,794
893,1049,1089,84,1188,1099,794
893,1049,794,1099,1055
893,1049,1089,85,84,1188,1099,1055
893,1049,1089,84,1188,1099,1055
893,1049,794,1099,1055,930
893,1049,1089,85,84,1188,1099,1055,930
893,1049,1089,84,1188,1099,1055,930
893,1049,1089
893,1049,794,1099
893,1049,1089,85,84,1188,1099
893,1049,1089,84,1188,1099
893,1049,794,1099,1188
893,1049,1089,85,84,1188
893,1049,1089,84,1188
893,1049,794,1099,1188,257
893,1049,1089,85,84,1188,257
893,1049,1089,84,1188,257
794,1049,1089,85,84,1188,1099,1055
794,1049,1089,84,1188,1099,1055
794,1099,1055
794,1049,1089,85,84,1188,1099,1055,930
794,1049,1089,84,1188,1099,1055,930
794,1099,1055,930
794,1049,1089
794,1099,1188,84,1089
794,1099
794,1049,1089,85,84,1188
794,1049,1089,84,1188
794,1099,1188
794,1049,1089,85,84,1188,257
794,1049,1089,84,1188,257
794,1099,1188,257
1055,930
1055,1099,794,1049,1089
1055,1099,1188,84,1089
1055,1099
1055,1099,1188
1055,1099,794,1049,1089,85,84,1188,257
1055,1099,794,1049,1089,84,1188,257
1055,1099,1188,257
930,1055,1099,794,1049,1089
930,1055,1099,1188,84,1089
930,1055,1099
930,1055,1099,1188
930,1055,1099,794,1049,1089,85,84,1188,257
930,1055,1099,794,1049,1089,84,1188,257
930,1055,1099,1188,257
1062,437,1267
1069,1070
1069,1377
1070,1069,1377
1072,299,1534
1076,1030
1076,1030,1498
1030,1498
1089,84,1188,1099
1089,1049,794,1099
1089,84,1188
1089,1049,794,1099,1188
1089,84,1188,257
1089,1049,794,1099,1188,257
1093,588,589,1532
1093,588,589,1532,428
1093,588,589,1532,1051
1099,1188
1099,1188,257
1101,572
1101,572,1184
572,1184
1103,650
1111,262,1526
1112,297
1116,403
1125,1126
1125,338,1299
1125,338,1299,1283
1125,338,1432
1125,338,1432,1345
1126,1125,338,1299
1126,1125,338,1299,1283
1126,1125,338,1432
1126,1125,338,1432,1345
1133,561
1135,293
1151,398,1525
1151,398,1525,617
1151,398,1525,1524
1164,670
1168,883
1168,1483
1168,1483,1298
1168,1483,1195
883,1168,1483
883,1168,1483,1298
883,1168,1483,1195
1169,521,1296
1172,1173
1188,257
1189,1190
1197,1198
1214,194
1214,1215
1214,1215,536,1227
1214,1215,1228,1227
1214,1215,1228
1214,1215,536,1284
1214,1215,1228,1227,536,1284
1214,1215,536,1305
1214,1215,1228,1227,536,1305
194,1214,1215
194,1214,1215,536,1227
194,1214,1215,1228,1227
194,1214,1215,1228
194,1214,1215,536,1284
194,1214,1215,1228,1227,536,1284
194,1214,1215,536,1305
194,1214,1215,1228,1227,536,1305
1215,536,1227
1215,1228,1227
1215,1228
1215,536,1284
1215,1228,1227,536,1284
1215,536,1305
1215,1228,1227,536,1305
1218,1050
1227,1228
1227,536,1284
1227,536,1305
1228,1227,536,1284
1228,1215,536,1284
1228,1227,536,1305
1228,1215,536,1305
330,924,923,925,248
330,924,923,926,438
330,924,923,928,224
1264,901
1264,187
901,1264,187
1265,1266
1265,1266,62,61,63,73
1265,1266,62,155,63,73
1265,1266,62,64,61,63,73
1265,1266,62,66,61,63,73
1265,1266,62,63,73
1265,568,62,61,63,73
1265,568,62,155,63,73
1265,568,62,64,61,63,73
1265,568,62,66,61,63,73
1265,568,62,63,73
1266,62,61,63,73
1266,62,155,63,73
1266,62,64,61,63,73
1266,62,66,61,63,73
1266,62,63,73
1270,25,1438
1270,25,1478
1270,25,1553
1270,25,1556
1274,903
248,925,923,926,438
248,925,923,928,224
1278,661
1284,536,1305
1299,1283
1299,338,1432
1299,338,1432,1345
1283,1299,338,1432
1283,1299,338,1432,1345
1328,941
1351,1156
1351,1156,1402
1156,1402
1352,792
1251,56,1085
1365,325
1369,651
1408,461
1425,607
1432,1345
1438,25,1478
1438,25,1553
1438,25,1556
1444,584
1449,267,1561
1453,339
1453,339,131,1476
339,131,1476
1454,1435
438,926,923,928,224
1466,1186
1467,95,1472,1471
1467,95,1472,1471,201
1467,95,1472
1468,1109
1470,971
1470,16
1470,710,1513
971,1470,16
971,1470,710,1513
16,1470,710,1513
1471,201
1471,1472
201,1471,1472
1473,452
1478,25,1553
1478,25,1556
1483,1298
1483,1195
1298,1483,1195
1485,1253
1485,1276
1485,968
1485,1486
1253,1485,1276
1253,1485,968
1253,1485,1486
1276,1485,968
1276,1485,1486
968,1485,1486
1488,1084
1488,490
1488,1557
1084,1488,490
1084,1488,1557
490,1488,1557
1492,1246
1508,30
1521,1108
1525,617
1525,1524
617,1525,1524
1532,428
1532,1051
428,1532,1051
1538,767
1539,1417
1551,629
1553,25,1556
1555,778
1566,920
1571,215
1572,1119
1576,1341
