4,5
4,5,93
4,5,576
4,5,969
5,93
5,576
5,969
29,30
29,30,291
29,30,531
29,30,614
29,30,614,194
30,291
30,531
30,614
30,614,194
31,32
31,32,456
31,32,768
31,32,1002
32,456
32,768
32,1002
34,35
34,35,871,502,501
34,35,1079,502,501
34,35,871,502
34,35,1079,502
34,35,871,502,549
34,35,1079,502,549
34,35,871
34,35,1079,502,871
34,35,949
34,35,1005
34,35,1079
35,871,502,501
35,1079,502,501
35,871,502
35,1079,502
35,871,502,549
35,1079,502,549
35,871
35,1079,502,871
35,949
35,1005
35,1079
37,38
37,39,342,38
37,39,794,40,861,38
37,39,835,38
37,39,861,38
37,40,794,39,342,38
37,40,794,39,835,38
37,40,861,38
37,40,861,39,342,38
37,40,861,39,835,38
37,39
37,40,794,39
37,40,861,39
37,40
37,88
37,38,342
37,38,835,39,342
37,38,861,40,794,39,342
37,38,861,39,342
37,39,342
37,40,794,39,342
37,40,794,39,835,38,342
37,40,861,38,342
37,40,861,38,835,39,342
37,40,861,39,342
37,635
37,38,342,39,794
37,38,835,39,794
37,38,835,39,861,40,794
37,38,861,40,794
37,38,861,39,794
37,39,794
37,39,861,40,794
37,40,794
37,38,835
37,38,861,39,835
37,39,835
37,40,794,39,835
37,40,861,38,835
37,40,861,39,835
37,38,861
37,39,861
37,40,861
38,37,39
38,37,40,794,39
38,37,40,861,39
38,342,39
38,835,39
38,861,40,794,39
38,861,39
38,37,40
38,342,39,37,40
38,342,39,794,40
38,342,39,861,40
38,835,39,37,40
38,835,39,794,40
38,835,39,861,40
38,861,40
38,37,88
38,342,39,37,88
38,342,39,794,40,37,88
38,342,39,861,40,37,88
38,835,39,37,88
38,835,39,794,40,37,88
38,835,39,861,40,37,88
38,861,40,37,88
38,861,40,794,39,37,88
38,861,39,37,88
38,342
38,835,39,342
38,861,40,794,39,342
38,861,39,342
38,37,635
38,342,39,37,635
38,342,39,794,40,37,635
38,342,39,861,40,37,635
38,835,39,37,635
38,835,39,794,40,37,635
38,835,39,861,40,37,635
38,861,40,37,635
38,861,40,794,39,37,635
38,861,39,37,635
38,37,39,794
38,37,40,794
38,342,39,794
38,835,39,794
38,835,39,861,40,794
38,861,40,794
38,861,39,794
38,835
38,861,39,835
38,861
39,37,40
39,794,40
39,861,40
39,37,88
39,794,40,37,88
39,861,40,37,88
39,342
39,37,635
39,794,40,37,635
39,861,40,37,635
39,794
39,861,40,794
39,835
39,861
40,37,88
40,37,38,342
40,37,38,835,39,342
40,37,39,342
40,794,39,342
40,794,39,835,38,342
40,861,38,342
40,861,38,835,39,342
40,861,39,342
40,37,635
40,794
40,37,38,835
40,37,39,835
40,794,39,835
40,861,38,835
40,861,39,835
40,861
42,43
42,44
43,42,44
45,46
45,46,226
45,46,666,15,243
45,46,1130,666,15,243
45,46,666,15
45,46,1130,666,15
45,46,226,321,244
45,46,261
45,46,226,321
45,46,666
45,46,1130,666
45,46,666,743
45,46,1130,666,743
45,46,666,755
45,46,1130,666,755
45,46,666,905
45,46,1130,666,905
45,46,1130
46,226
46,666,15,243
46,1130,666,15,243
46,666,15
46,1130,666,15
46,226,321,244
46,261
46,226,321
46,666
46,1130,666
46,666,743
46,1130,666,743
46,666,755
46,1130,666,755
46,666,905
46,1130,666,905
46,1130
47,48
53,54
53,54,58
53,54,304,59,58
53,54,545,59,58
53,54,720,59,58
53,54,1100,59,58
53,54,58,59
53,54,304,59
53,54,545,59
53,54,720,59
53,54,1100,59
53,54,58,59,115
53,54,304,59,115
53,54,545,59,115
53,54,720,59,115
53,54,1100,59,115
53,54,304
53,54,545,59,304
53,54,720,59,304
53,54,1100,59,304
53,54,430,329
53,54,430,431,329
53,54,430,329,330
53,54,430,431,329,330
53,54,430
53,54,430,431
53,54,58,59,513
53,54,304,59,513
53,54,545,59,513
53,54,720,59,513
53,54,1100,59,513
53,54,545
53,54,720,59,545
53,54,1100,59,545
53,54,58,59,577
53,54,304,59,577
53,54,545,59,577
53,54,720,59,577
53,54,1100,59,577
53,54,58,59,616
53,54,304,59,616
53,54,545,59,616
53,54,720,59,616
53,54,1100,59,616
53,54,720
53,54,1100,59,720
53,54,58,59,884
53,54,304,59,884
53,54,545,59,884
53,54,720,59,884
53,54,1100,59,884
53,54,58,59,960
53,54,304,59,960
53,54,545,59,960
53,54,720,59,960
53,54,1100,59,960
53,54,1100
54,58
54,304,59,58
54,545,59,58
54,720,59,58
54,1100,59,58
54,58,59
54,304,59
54,545,59
54,720,59
54,1100,59
54,58,59,115
54,304,59,115
54,545,59,115
54,720,59,115
54,1100,59,115
54,304
54,545,59,304
54,720,59,304
54,1100,59,304
54,430,329
54,430,431,329
54,430,329,330
54,430,431,329,330
54,430
54,430,431
54,58,59,513
54,304,59,513
54,545,59,513
54,720,59,513
54,1100,59,513
54,545
54,720,59,545
54,1100,59,545
54,58,59,577
54,304,59,577
54,545,59,577
54,720,59,577
54,1100,59,577
54,58,59,616
54,304,59,616
54,545,59,616
54,720,59,616
54,1100,59,616
54,720
54,1100,59,720
54,58,59,884
54,304,59,884
54,545,59,884
54,720,59,884
54,1100,59,884
54,58,59,960
54,304,59,960
54,545,59,960
54,720,59,960
54,1100,59,960
54,1100
58,59
58,54,304,59,115
58,54,545,59,115
58,54,720,59,115
58,54,1100,59,115
58,59,115
58,54,304
58,54,545,59,304
58,54,720,59,304
58,54,1100,59,304
58,59,304
58,54,430,329
58,54,430,431,329
58,59,304,54,430,329
58,59,304,54,430,431,329
58,59,545,54,430,329
58,59,545,54,430,431,329
58,59,720,54,430,329
58,59,720,54,430,431,329
58,59,1100,54,430,329
58,59,1100,54,430,431,329
58,54,430,329,330
58,54,430,431,329,330
58,59,304,54,430,329,330
58,59,304,54,430,431,329,330
58,59,545,54,430,329,330
58,59,545,54,430,431,329,330
58,59,720,54,430,329,330
58,59,720,54,430,431,329,330
58,59,1100,54,430,329,330
58,59,1100,54,430,431,329,330
58,54,430
58,59,304,54,430
58,59,545,54,430
58,59,720,54,430
58,59,1100,54,430
58,54,430,431
58,59,304,54,430,431
58,59,545,54,430,431
58,59,720,54,430,431
58,59,1100,54,430,431
58,54,304,59,513
58,54,545,59,513
58,54,720,59,513
58,54,1100,59,513
58,59,513
58,54,545
58,54,720,59,545
58,54,1100,59,545
58,59,545
58,54,304,59,577
58,54,545,59,577
58,54,720,59,577
58,54,1100,59,577
58,59,577
58,54,304,59,616
58,54,545,59,616
58,54,720,59,616
58,54,1100,59,616
58,59,616
58,54,720
58,54,1100,59,720
58,59,720
58,54,304,59,884
58,54,545,59,884
58,54,720,59,884
58,54,1100,59,884
58,59,884
58,54,304,59,960
58,54,545,59,960
58,54,720,59,960
58,54,1100,59,960
58,59,960
58,54,1100
58,59,1100
59,115
59,304
59,58,54,430,329
59,58,54,430,431,329
59,304,54,430,329
59,304,54,430,431,329
59,545,54,430,329
59,545,54,430,431,329
59,720,54,430,329
59,720,54,430,431,329
59,1100,54,430,329
59,1100,54,430,431,329
59,58,54,430,329,330
59,58,54,430,431,329,330
59,304,54,430,329,330
59,304,54,430,431,329,330
59,545,54,430,329,330
59,545,54,430,431,329,330
59,720,54,430,329,330
59,720,54,430,431,329,330
59,1100,54,430,329,330
59,1100,54,430,431,329,330
59,58,54,430
59,304,54,430
59,545,54,430
59,720,54,430
59,1100,54,430
59,58,54,430,431
59,304,54,430,431
59,545,54,430,431
59,720,54,430,431
59,1100,54,430,431
59,513
59,545
59,577
59,616
59,720
59,884
59,960
59,1100
67,68
67,874,68
67,174
67,874
67,924
68,67,174
68,874,67,174
68,874
68,67,924
68,874,67,924
70,71
70,71,295
70,71,313
70,71,638
70,71,803
70,71,818
71,295
71,313
71,638
71,803
71,818
76,26
76,26,199
76,26,199,200
76,26,199,200,107
76,26,199,200,212
76,26,199,200,213
26,199
26,199,200
26,199,200,107
26,199,200,212
26,199,200,213
88,37,38,342
88,37,38,835,39,342
88,37,38,861,40,794,39,342
88,37,38,861,39,342
88,37,39,342
88,37,40,794,39,342
88,37,40,794,39,835,38,342
88,37,40,861,38,342
88,37,40,861,38,835,39,342
88,37,40,861,39,342
88,37,635
88,37,38,342,39,794
88,37,38,835,39,794
88,37,38,835,39,861,40,794
88,37,38,861,40,794
88,37,38,861,39,794
88,37,39,794
88,37,39,861,40,794
88,37,40,794
88,37,38,835
88,37,38,861,39,835
88,37,39,835
88,37,40,794,39,835
88,37,40,861,38,835
88,37,40,861,39,835
88,37,38,861
88,37,39,861
88,37,40,861
93,5,576
93,5,969
106,21
108,109
108,109,203,204,485,1136,1135,178,177
108,109,203,204,573,177
108,109,203,204,179,177
108,109,548,204,485,1136,1135,178,177
108,109,548,204,573,177
108,109,548,204,179,177
108,109,573,177
108,109,573,204,485,1136,1135,178,177
108,109,573,204,179,177
108,109,179,177
108,109,179,204,485,1136,1135,178,177
108,109,1135,178,177
108,109,1135,1136,485,204,573,177
108,109,1135,1136,485,204,179,177
108,109,1136,1135,178,177
108,109,1136,485,204,573,177
108,109,1136,485,204,179,177
108,109,203,204,485,1136,1135,178
108,109,203,204,573,177,178
108,109,203,204,179,177,178
108,109,548,204,485,1136,1135,178
108,109,548,204,573,177,178
108,109,548,204,179,177,178
108,109,573,177,178
108,109,573,177,179,204,485,1136,1135,178
108,109,573,204,485,1136,1135,178
108,109,573,204,179,177,178
108,109,179,177,178
108,109,179,204,485,1136,1135,178
108,109,1135,178
108,109,1136,1135,178
108,109,1136,485,204,573,177,178
108,109,1136,485,204,179,177,178
108,109,203,204,485,1136,1135,178,177,179
108,109,203,204,573,177,179
108,109,203,204,179
108,109,548,204,485,1136,1135,178,177,179
108,109,548,204,573,177,179
108,109,548,204,179
108,109,573,177,179
108,109,573,204,179
108,109,179
108,109,1135,178,177,179
108,109,1135,178,177,573,204,179
108,109,1135,1136,485,204,573,177,179
108,109,1135,1136,485,204,179
108,109,1136,1135,178,177,179
108,109,1136,1135,178,177,573,204,179
108,109,1136,485,204,573,177,179
108,109,1136,485,204,179
108,109,203
108,109,548,204,203
108,109,573,177,178,1135,1136,485,204,203
108,109,573,204,203
108,109,1135,178,177,179,204,203
108,109,1135,178,177,573,204,203
108,109,1135,1136,485,204,203
108,109,1136,1135,178,177,179,204,203
108,109,1136,1135,178,177,573,204,203
108,109,1136,485,204,203
108,109,203,204
108,109,548,204
108,109,573,204
108,109,179,204
108,109,1135,178,177,179,204
108,109,1135,178,177,573,204
108,109,1135,1136,485,204
108,109,1136,1135,178,177,179,204
108,109,1136,1135,178,177,573,204
108,109,1136,485,204
108,109,203,204,485
108,109,548,204,485
108,109,548,204,573,177,178,1135,1136,485
108,109,573,177,178,1135,1136,485
108,109,573,177,179,204,485
108,109,573,204,485
108,109,179,177,178,1135,1136,485
108,109,179,204,485
108,109,1135,178,177,179,204,485
108,109,1135,178,177,573,204,485
108,109,1135,1136,485
108,109,1136,485
108,109,548
108,109,573,204,548
108,109,1135,178,177,179,204,548
108,109,1135,178,177,573,204,548
108,109,1135,1136,485,204,548
108,109,1136,1135,178,177,179,204,548
108,109,1136,1135,178,177,573,204,548
108,109,1136,485,204,548
108,109,573
108,109,1135,178,177,573
108,109,1135,1136,485,204,573
108,109,1136,1135,178,177,573
108,109,1136,485,204,573
108,109,1135
108,109,1136,1135
108,109,1136
109,203,204,485,1136,1135,178,177
109,203,204,573,177
109,203,204,179,177
109,548,204,485,1136,1135,178,177
109,548,204,573,177
109,548,204,179,177
109,573,177
109,573,204,485,1136,1135,178,177
109,573,204,179,177
109,179,177
109,179,204,485,1136,1135,178,177
109,1135,178,177
109,1135,1136,485,204,573,177
109,1135,1136,485,204,179,177
109,1136,1135,178,177
109,1136,485,204,573,177
109,1136,485,204,179,177
109,203,204,485,1136,1135,178
109,203,204,573,177,178
109,203,204,179,177,178
109,548,204,485,1136,1135,178
109,548,204,573,177,178
109,548,204,179,177,178
109,573,177,178
109,573,177,179,204,485,1136,1135,178
109,573,204,485,1136,1135,178
109,573,204,179,177,178
109,179,177,178
109,179,204,485,1136,1135,178
109,1135,178
109,1136,1135,178
109,1136,485,204,573,177,178
109,1136,485,204,179,177,178
109,203,204,485,1136,1135,178,177,179
109,203,204,573,177,179
109,203,204,179
109,548,204,485,1136,1135,178,177,179
109,548,204,573,177,179
109,548,204,179
109,573,177,179
109,573,204,179
109,179
109,1135,178,177,179
109,1135,178,177,573,204,179
109,1135,1136,485,204,573,177,179
109,1135,1136,485,204,179
109,1136,1135,178,177,179
109,1136,1135,178,177,573,204,179
109,1136,485,204,573,177,179
109,1136,485,204,179
109,203
109,548,204,203
109,573,177,178,1135,1136,485,204,203
109,573,204,203
109,1135,178,177,179,204,203
109,1135,178,177,573,204,203
109,1135,1136,485,204,203
109,1136,1135,178,177,179,204,203
109,1136,1135,178,177,573,204,203
109,1136,485,204,203
109,203,204
109,548,204
109,573,204
109,179,204
109,1135,178,177,179,204
109,1135,178,177,573,204
109,1135,1136,485,204
109,1136,1135,178,177,179,204
109,1136,1135,178,177,573,204
109,1136,485,204
109,203,204,485
109,548,204,485
109,548,204,573,177,178,1135,1136,485
109,573,177,178,1135,1136,485
109,573,177,179,204,485
109,573,204,485
109,179,177,178,1135,1136,485
109,179,204,485
109,1135,178,177,179,204,485
109,1135,178,177,573,204,485
109,1135,1136,485
109,1136,485
109,548
109,573,204,548
109,1135,178,177,179,204,548
109,1135,178,177,573,204,548
109,1135,1136,485,204,548
109,1136,1135,178,177,179,204,548
109,1136,1135,178,177,573,204,548
109,1136,485,204,548
109,573
109,1135,178,177,573
109,1135,1136,485,204,573
109,1136,1135,178,177,573
109,1136,485,204,573
109,1135
109,1136,1135
109,1136
115,59,304
115,59,545,54,304
115,59,720,54,304
115,59,1100,54,304
115,59,58,54,430,329
115,59,58,54,430,431,329
115,59,304,54,430,329
115,59,304,54,430,431,329
115,59,545,54,430,329
115,59,545,54,430,431,329
115,59,720,54,430,329
115,59,720,54,430,431,329
115,59,1100,54,430,329
115,59,1100,54,430,431,329
115,59,58,54,430,329,330
115,59,58,54,430,431,329,330
115,59,304,54,430,329,330
115,59,304,54,430,431,329,330
115,59,545,54,430,329,330
115,59,545,54,430,431,329,330
115,59,720,54,430,329,330
115,59,720,54,430,431,329,330
115,59,1100,54,430,329,330
115,59,1100,54,430,431,329,330
115,59,58,54,430
115,59,304,54,430
115,59,545,54,430
115,59,720,54,430
115,59,1100,54,430
115,59,58,54,430,431
115,59,304,54,430,431
115,59,545,54,430,431
115,59,720,54,430,431
115,59,1100,54,430,431
115,59,513
115,59,545
115,59,720,54,545
115,59,1100,54,545
115,59,577
115,59,616
115,59,720
115,59,1100,54,720
115,59,884
115,59,960
115,59,1100
117,118
117,118,134
117,118,175
117,118,269
117,118,317
117,118,352
117,118,407
117,118,414
117,118,442
117,118,544
117,118,782
117,118,1036
117,118,1066
117,118,1077
117,118,1090
117,118,1092
118,134
118,175
118,269
118,317
118,352
118,407
118,414
118,442
118,544
118,782
118,1036
118,1066
118,1077
118,1090
118,1092
122,123
122,125,123
122,124
122,125
122,123,125,154
122,125,154
123,122,124
123,125,122,124
123,125
123,125,154
124,122,125
124,122,123,125,154
124,122,125,154
125,154
134,118,175
134,118,269
134,118,317
134,118,352
134,118,407
134,118,414
134,118,442
134,118,544
134,118,782
134,118,1036
134,118,1066
134,118,1077
134,118,1090
134,118,1092
152,153
164,165
167,168
167,1096,168
167,1096,881,168
167,169
167,168,881
167,1096,881
167,168,881,882
167,168,1096,881,882
167,1096,881,882
167,168,881,378
167,168,1096,881,378
167,1096,881,378
167,168,881,611
167,168,1096,881,611
167,1096,881,611
167,1096
168,167,169
168,881,1096,167,169
168,1096,167,169
168,881
168,1096,881
168,881,882
168,1096,881,882
168,881,378
168,1096,881,378
168,881,611
168,1096,881,611
168,1096
169,167,168,881
169,167,1096,881
169,167,168,881,882
169,167,168,1096,881,882
169,167,1096,881,882
169,167,168,881,378
169,167,168,1096,881,378
169,167,1096,881,378
169,167,168,881,611
169,167,168,1096,881,611
169,167,1096,881,611
169,167,1096
174,67,874
174,67,924
175,118,269
175,118,317
175,118,352
175,118,407
175,118,414
175,118,442
175,118,544
175,118,782
175,118,1036
175,118,1066
175,118,1077
175,118,1090
175,118,1092
177,178
177,179,204,485,1136,1135,178
177,573,204,485,1136,1135,178
177,179
177,573,204,179
177,178,1135,109,203
177,178,1135,109,548,204,203
177,178,1135,1136,109,203
177,178,1135,1136,109,548,204,203
177,178,1135,1136,485,204,203
177,178,1135,1136,485,204,548,109,203
177,179,109,203
177,179,109,548,204,203
177,179,109,1135,1136,485,204,203
177,179,109,1136,485,204,203
177,179,204,203
177,573,109,203
177,573,109,548,204,203
177,573,109,1135,1136,485,204,203
177,573,109,1136,485,204,203
177,573,204,203
177,178,1135,109,203,204
177,178,1135,109,548,204
177,178,1135,109,1136,485,204
177,178,1135,1136,109,203,204
177,178,1135,1136,109,548,204
177,178,1135,1136,485,204
177,179,204
177,573,204
177,178,1135,109,203,204,485
177,178,1135,109,548,204,485
177,178,1135,109,1136,485
177,178,1135,1136,485
177,179,109,203,204,485
177,179,109,548,204,485
177,179,109,1135,1136,485
177,179,109,1136,485
177,179,204,485
177,179,204,548,109,1135,1136,485
177,179,204,548,109,1136,485
177,573,109,203,204,485
177,573,109,548,204,485
177,573,109,1135,1136,485
177,573,109,1136,485
177,573,204,485
177,573,204,548,109,1135,1136,485
177,573,204,548,109,1136,485
177,178,1135,109,548
177,178,1135,1136,109,548
177,178,1135,1136,485,204,548
177,179,109,548
177,179,204,548
177,573,109,548
177,573,204,548
177,573
177,178,1135
177,179,109,1135
177,179,109,1136,1135
177,179,204,203,109,1135
177,179,204,203,109,1136,1135
177,179,204,485,1136,1135
177,179,204,548,109,1135
177,179,204,548,109,1136,1135
177,179,204,573,109,1135
177,179,204,573,109,1136,1135
177,573,109,1135
177,573,109,1136,1135
177,573,204,203,109,1135
177,573,204,203,109,1136,1135
177,573,204,485,1136,1135
177,573,204,548,109,1135
177,573,204,548,109,1136,1135
177,178,1135,1136
177,179,109,1136
177,179,204,203,109,1136
177,179,204,485,1136
177,179,204,548,109,1136
177,179,204,573,109,1136
177,573,109,1136
177,573,204,203,109,1136
177,573,204,485,1136
177,573,204,548,109,1136
178,177,179
178,177,573,109,203,204,179
178,177,573,109,548,204,179
178,177,573,109,179
178,177,573,109,1136,485,204,179
178,177,573,204,179
178,1135,109,203,204,573,177,179
178,1135,109,203,204,179
178,1135,109,548,204,573,177,179
178,1135,109,548,204,179
178,1135,109,573,177,179
178,1135,109,573,204,179
178,1135,109,179
178,1135,1136,109,203,204,573,177,179
178,1135,1136,109,203,204,179
178,1135,1136,109,548,204,573,177,179
178,1135,1136,109,548,204,179
178,1135,1136,109,573,177,179
178,1135,1136,109,573,204,179
178,1135,1136,109,179
178,1135,1136,485,204,203,109,573,177,179
178,1135,1136,485,204,203,109,179
178,1135,1136,485,204,548,109,573,177,179
178,1135,1136,485,204,548,109,179
178,1135,1136,485,204,573,177,179
178,1135,1136,485,204,573,109,179
178,1135,1136,485,204,179
178,177,179,109,203
178,177,179,109,548,204,203
178,177,179,109,1136,485,204,203
178,177,179,204,203
178,177,573,109,203
178,177,573,109,548,204,203
178,177,573,109,1136,485,204,203
178,177,573,204,203
178,1135,109,203
178,1135,109,548,204,203
178,1135,109,573,204,203
178,1135,1136,109,203
178,1135,1136,109,548,204,203
178,1135,1136,109,573,204,203
178,1135,1136,485,204,203
178,1135,1136,485,204,548,109,203
178,1135,1136,485,204,573,109,203
178,177,179,204
178,177,573,204
178,1135,109,203,204
178,1135,109,548,204
178,1135,109,573,204
178,1135,109,179,204
178,1135,109,1136,485,204
178,1135,1136,109,203,204
178,1135,1136,109,548,204
178,1135,1136,109,573,204
178,1135,1136,109,179,204
178,1135,1136,485,204
178,177,179,109,203,204,485
178,177,179,109,548,204,485
178,177,179,109,573,204,485
178,177,179,109,1136,485
178,177,179,204,485
178,177,179,204,548,109,1136,485
178,177,573,109,203,204,485
178,177,573,109,548,204,485
178,177,573,109,1136,485
178,177,573,204,485
178,177,573,204,548,109,1136,485
178,1135,109,203,204,485
178,1135,109,548,204,485
178,1135,109,573,177,179,204,485
178,1135,109,573,204,485
178,1135,109,179,204,485
178,1135,109,1136,485
178,1135,1136,485
178,177,179,109,548
178,177,179,204,548
178,177,573,109,548
178,177,573,204,548
178,1135,109,548
178,1135,109,573,204,548
178,1135,1136,109,548
178,1135,1136,109,573,204,548
178,1135,1136,485,204,548
178,1135,1136,485,204,573,109,548
178,177,573
178,1135,109,573
178,1135,1136,109,573
178,1135,1136,485,204,573
178,1135
178,177,179,109,1136
178,177,179,204,203,109,1136
178,177,179,204,485,1136
178,177,179,204,548,109,1136
178,177,179,204,573,109,1136
178,177,573,109,1136
178,177,573,204,203,109,1136
178,177,573,204,485,1136
178,177,573,204,548,109,1136
178,1135,1136
179,177,178,1135,109,203
179,177,178,1135,109,548,204,203
179,177,178,1135,1136,109,203
179,177,178,1135,1136,109,548,204,203
179,177,178,1135,1136,485,204,203
179,177,178,1135,1136,485,204,548,109,203
179,177,573,109,203
179,177,573,109,548,204,203
179,177,573,109,1135,1136,485,204,203
179,177,573,109,1136,485,204,203
179,177,573,204,203
179,109,203
179,109,548,204,203
179,109,573,204,203
179,109,1135,1136,485,204,203
179,109,1136,485,204,203
179,204,203
179,204
179,177,178,1135,109,203,204,485
179,177,178,1135,109,548,204,485
179,177,178,1135,1136,485
179,177,573,109,203,204,485
179,177,573,109,548,204,485
179,177,573,109,1135,1136,485
179,177,573,109,1136,485
179,177,573,204,485
179,177,573,204,548,109,1135,1136,485
179,177,573,204,548,109,1136,485
179,109,203,204,485
179,109,548,204,485
179,109,573,177,178,1135,1136,485
179,109,573,204,485
179,109,1135,1136,485
179,109,1136,485
179,204,485
179,204,548,109,1135,1136,485
179,204,548,109,1136,485
179,204,573,109,1135,1136,485
179,204,573,109,1136,485
179,177,178,1135,109,548
179,177,178,1135,1136,109,548
179,177,178,1135,1136,485,204,548
179,177,573,109,548
179,177,573,204,548
179,109,548
179,109,573,204,548
179,204,548
179,177,573
179,109,573
179,204,573
179,177,178,1135
179,177,573,109,1135
179,177,573,109,1136,1135
179,177,573,204,203,109,1135
179,177,573,204,203,109,1136,1135
179,177,573,204,485,1136,1135
179,177,573,204,548,109,1135
179,177,573,204,548,109,1136,1135
179,109,1135
179,109,1136,1135
179,204,203,109,1135
179,204,203,109,1136,1135
179,204,485,1136,1135
179,204,548,109,1135
179,204,548,109,1136,1135
179,204,573,177,178,1135
179,204,573,109,1135
179,204,573,109,1136,1135
179,177,178,1135,1136
179,177,573,109,1136
179,177,573,204,203,109,1136
179,177,573,204,485,1136
179,177,573,204,548,109,1136
179,109,1136
179,204,203,109,1136
179,204,485,1136
179,204,548,109,1136
179,204,573,177,178,1135,1136
179,204,573,109,1136
188,189
188,190,561,562,189
188,190,561,280,189
188,190
188,189,562,561,280
188,189,280
188,190,561,562,189,280
188,190,561,280
188,189,492
188,190,561,562,189,492
188,190,561,280,189,492
188,189,562,561
188,189,280,561
188,190,561
188,189,562
188,190,561,562
189,188,190
189,562,561,190
189,280,561,190
189,562,561,280
189,280
189,492
189,188,190,561
189,562,561
189,280,561
189,562
190,188,189,280
190,561,562,189,280
190,561,280
190,188,189,492
190,561,562,189,492
190,561,280,189,492
190,561
190,188,189,562
190,561,562
199,200
199,200,107
199,200,212
199,200,213
200,107
200,212
200,213
203,204
203,109,548,204,485
203,109,548,204,573,177,178,1135,1136,485
203,109,573,177,178,1135,1136,485
203,109,573,204,485
203,109,179,177,178,1135,1136,485
203,109,1135,178,177,573,204,485
203,109,1135,1136,485
203,109,1136,485
203,204,485
203,204,548,109,1135,1136,485
203,204,548,109,1136,485
203,204,573,177,178,1135,1136,485
203,204,573,109,1135,1136,485
203,204,573,109,1136,485
203,109,548
203,109,573,204,548
203,109,1135,178,177,573,204,548
203,109,1136,1135,178,177,573,204,548
203,204,548
203,109,573
203,109,1135,178,177,573
203,109,1136,1135,178,177,573
203,204,573
203,109,1135
203,109,1136,1135
203,204,485,1136,1135
203,204,548,109,1135
203,204,548,109,1136,1135
203,204,573,177,178,1135
203,204,573,109,1135
203,204,573,109,1136,1135
203,204,179,177,178,1135
203,109,1136
203,204,485,1136
203,204,548,109,1136
203,204,573,177,178,1135,1136
203,204,573,109,1136
203,204,179,177,178,1135,1136
204,485
204,548
204,573
204,203,109,1135
204,203,109,1136,1135
204,485,1136,1135
204,548,109,1135
204,548,109,1136,1135
204,573,177,178,1135
204,573,109,1135
204,573,109,1136,1135
204,179,177,178,1135
204,179,109,1135
204,179,109,1136,1135
204,203,109,1136
204,485,1136
204,548,109,1136
204,573,177,178,1135,1136
204,573,109,1136
204,179,177,178,1135,1136
204,179,109,1136
207,208
107,200,212
107,200,213
212,200,213
214,215
214,216
215,214,216
221,222
221,656
221,656,657
221,656,657,620
222,221,656
222,221,656,657
222,221,656,657,620
226,46,666,15,243
226,46,1130,666,15,243
226,46,666,15
226,46,1130,666,15
226,321,244
226,46,261
226,321
226,46,666
226,46,1130,666
226,46,666,743
226,46,1130,666,743
226,46,666,755
226,46,1130,666,755
226,46,666,905
226,46,1130,666,905
226,46,1130
243,15
243,15,666,46,226,321,244
243,15,666,1130,46,226,321,244
243,15,666,46,261
243,15,666,1130,46,261
243,15,666,46,226,321
243,15,666,1130,46,226,321
243,15,666
243,15,666,743
243,15,666,755
243,15,666,905
243,15,666,1130
15,666,46,226,321,244
15,666,1130,46,226,321,244
15,666,46,261
15,666,1130,46,261
15,666,46,226,321
15,666,1130,46,226,321
15,666
15,666,743
15,666,755
15,666,905
15,666,1130
244,321,226,46,261
244,321
244,321,226,46,666
244,321,226,46,1130,666
244,321,226,46,666,743
244,321,226,46,1130,666,743
244,321,226,46,666,755
244,321,226,46,1130,666,755
244,321,226,46,666,905
244,321,226,46,1130,666,905
244,321,226,46,1130
261,46,226,321
261,46,666
261,46,1130,666
261,46,666,743
261,46,1130,666,743
261,46,666,755
261,46,1130,666,755
261,46,666,905
261,46,1130,666,905
261,46,1130
267,268
267,268,702,1019,555,554,391
267,268,702,1019,555,857,586,557,554,391
267,268,702,1019,555,556,554,391
267,268,702,1019,857,555,554,391
267,268,702,1019,857,555,556,554,391
267,268,702,1019,857,586,557,554,391
267,268,702,1019,586,557,554,391
267,268,702,1019,586,857,555,554,391
267,268,702,1019,586,857,555,556,554,391
267,268,702,586,557,554,391
267,268,702,586,857,555,554,391
267,268,702,586,857,555,556,554,391
267,268,702,586,1019,555,554,391
267,268,702,586,1019,555,556,554,391
267,268,1019,555,554,391
267,268,1019,555,857,586,557,554,391
267,268,1019,555,556,554,391
267,268,1019,857,555,554,391
267,268,1019,857,555,556,554,391
267,268,1019,857,586,557,554,391
267,268,1019,586,557,554,391
267,268,1019,586,857,555,554,391
267,268,1019,586,857,555,556,554,391
267,268,702,1019,555,554,391,392
267,268,702,1019,555,857,586,557,554,391,392
267,268,702,1019,555,556,554,391,392
267,268,702,1019,857,555,554,391,392
267,268,702,1019,857,555,556,554,391,392
267,268,702,1019,857,586,557,554,391,392
267,268,702,1019,586,557,554,391,392
267,268,702,1019,586,857,555,554,391,392
267,268,702,1019,586,857,555,556,554,391,392
267,268,702,586,557,554,391,392
267,268,702,586,857,555,554,391,392
267,268,702,586,857,555,556,554,391,392
267,268,702,586,1019,555,554,391,392
267,268,702,586,1019,555,556,554,391,392
267,268,1019,555,554,391,392
267,268,1019,555,857,586,557,554,391,392
267,268,1019,555,556,554,391,392
267,268,1019,857,555,554,391,392
267,268,1019,857,555,556,554,391,392
267,268,1019,857,586,557,554,391,392
267,268,1019,586,557,554,391,392
267,268,1019,586,857,555,554,391,392
267,268,1019,586,857,555,556,554,391,392
267,268,702,1019,555,554
267,268,702,1019,555,857,586,557,554
267,268,702,1019,555,556,554
267,268,702,1019,857,555,554
267,268,702,1019,857,555,556,554
267,268,702,1019,857,586,557,554
267,268,702,1019,586,557,554
267,268,702,1019,586,857,555,554
267,268,702,1019,586,857,555,556,554
267,268,702,586,557,554
267,268,702,586,857,555,554
267,268,702,586,857,555,556,554
267,268,702,586,1019,555,554
267,268,702,586,1019,555,556,554
267,268,1019,555,554
267,268,1019,555,857,586,557,554
267,268,1019,555,556,554
267,268,1019,857,555,554
267,268,1019,857,555,556,554
267,268,1019,857,586,557,554
267,268,1019,586,557,554
267,268,1019,586,857,555,554
267,268,1019,586,857,555,556,554
267,268,702,1019,555
267,268,702,1019,857,555
267,268,702,1019,857,586,557,554,556,555
267,268,702,1019,586,557,554,555
267,268,702,1019,586,557,554,556,555
267,268,702,1019,586,857,555
267,268,702,586,557,554,555
267,268,702,586,557,554,556,555
267,268,702,586,857,555
267,268,702,586,1019,555
267,268,1019,555
267,268,1019,857,555
267,268,1019,857,586,557,554,556,555
267,268,1019,586,557,554,555
267,268,1019,586,557,554,556,555
267,268,1019,586,857,555
267,268,702,1019,555,556
267,268,702,1019,857,555,556
267,268,702,1019,857,586,557,554,556
267,268,702,1019,586,557,554,556
267,268,702,1019,586,857,555,556
267,268,702,586,557,554,556
267,268,702,586,857,555,556
267,268,702,586,1019,555,556
267,268,1019,555,556
267,268,1019,857,555,556
267,268,1019,857,586,557,554,556
267,268,1019,586,557,554,556
267,268,1019,586,857,555,556
267,268,702,1019,555,554,557
267,268,702,1019,555,857,586,557
267,268,702,1019,555,556,554,557
267,268,702,1019,857,555,554,557
267,268,702,1019,857,555,556,554,557
267,268,702,1019,857,586,557
267,268,702,1019,586,557
267,268,702,586,557
267,268,702,586,857,555,554,557
267,268,702,586,857,555,556,554,557
267,268,1019,555,554,557
267,268,1019,555,857,586,557
267,268,1019,555,556,554,557
267,268,1019,857,555,554,557
267,268,1019,857,555,556,554,557
267,268,1019,857,586,557
267,268,1019,586,557
267,268,702,1019,857,586
267,268,702,1019,586
267,268,702,586
267,268,1019,857,586
267,268,1019,586
267,268,702,1019,555,554,557,587
267,268,702,1019,555,857,586,557,587
267,268,702,1019,555,556,554,557,587
267,268,702,1019,857,555,554,557,587
267,268,702,1019,857,555,556,554,557,587
267,268,702,1019,857,586,557,587
267,268,702,1019,586,557,587
267,268,702,1019,586,857,555,554,557,587
267,268,702,1019,586,857,555,556,554,557,587
267,268,702,586,557,587
267,268,702,586,857,555,554,557,587
267,268,702,586,857,555,556,554,557,587
267,268,702,586,1019,555,554,557,587
267,268,702,586,1019,555,556,554,557,587
267,268,1019,555,554,557,587
267,268,1019,555,857,586,557,587
267,268,1019,555,556,554,557,587
267,268,1019,857,555,554,557,587
267,268,1019,857,555,556,554,557,587
267,268,1019,857,586,557,587
267,268,1019,586,557,587
267,268,1019,586,857,555,554,557,587
267,268,1019,586,857,555,556,554,557,587
267,268,702
267,268,1019,702
267,268,702,1019,857
267,268,702,586,857
267,268,1019,857
267,268,1019
267,268,702,1019,555,554,557,586,897
267,268,702,1019,555,857,586,897
267,268,702,1019,555,556,554,557,586,897
267,268,702,1019,857,555,554,557,586,897
267,268,702,1019,857,555,556,554,557,586,897
267,268,702,1019,857,586,897
267,268,702,1019,586,897
267,268,702,586,897
267,268,1019,555,554,557,586,897
267,268,1019,555,857,586,897
267,268,1019,555,556,554,557,586,897
267,268,1019,857,555,554,557,586,897
267,268,1019,857,555,556,554,557,586,897
267,268,1019,857,586,897
267,268,1019,586,897
267,268,702,1019,555,554,557,586,120
267,268,702,1019,555,857,586,120
267,268,702,1019,555,556,554,557,586,120
267,268,702,1019,857,555,554,557,586,120
267,268,702,1019,857,555,556,554,557,586,120
267,268,702,1019,857,586,120
267,268,702,1019,586,120
267,268,702,586,120
267,268,1019,555,554,557,586,120
267,268,1019,555,857,586,120
267,268,1019,555,556,554,557,586,120
267,268,1019,857,555,554,557,586,120
267,268,1019,857,555,556,554,557,586,120
267,268,1019,857,586,120
267,268,1019,586,120
268,702,1019,555,554,391
268,702,1019,555,857,586,557,554,391
268,702,1019,555,556,554,391
268,702,1019,857,555,554,391
268,702,1019,857,555,556,554,391
268,702,1019,857,586,557,554,391
268,702,1019,586,557,554,391
268,702,1019,586,857,555,554,391
268,702,1019,586,857,555,556,554,391
268,702,586,557,554,391
268,702,586,857,555,554,391
268,702,586,857,555,556,554,391
268,702,586,1019,555,554,391
268,702,586,1019,555,556,554,391
268,1019,555,554,391
268,1019,555,857,586,557,554,391
268,1019,555,556,554,391
268,1019,857,555,554,391
268,1019,857,555,556,554,391
268,1019,857,586,557,554,391
268,1019,586,557,554,391
268,1019,586,857,555,554,391
268,1019,586,857,555,556,554,391
268,702,1019,555,554,391,392
268,702,1019,555,857,586,557,554,391,392
268,702,1019,555,556,554,391,392
268,702,1019,857,555,554,391,392
268,702,1019,857,555,556,554,391,392
268,702,1019,857,586,557,554,391,392
268,702,1019,586,557,554,391,392
268,702,1019,586,857,555,554,391,392
268,702,1019,586,857,555,556,554,391,392
268,702,586,557,554,391,392
268,702,586,857,555,554,391,392
268,702,586,857,555,556,554,391,392
268,702,586,1019,555,554,391,392
268,702,586,1019,555,556,554,391,392
268,1019,555,554,391,392
268,1019,555,857,586,557,554,391,392
268,1019,555,556,554,391,392
268,1019,857,555,554,391,392
268,1019,857,555,556,554,391,392
268,1019,857,586,557,554,391,392
268,1019,586,557,554,391,392
268,1019,586,857,555,554,391,392
268,1019,586,857,555,556,554,391,392
268,702,1019,555,554
268,702,1019,555,857,586,557,554
268,702,1019,555,556,554
268,702,1019,857,555,554
268,702,1019,857,555,556,554
268,702,1019,857,586,557,554
268,702,1019,586,557,554
268,702,1019,586,857,555,554
268,702,1019,586,857,555,556,554
268,702,586,557,554
268,702,586,857,555,554
268,702,586,857,555,556,554
268,702,586,1019,555,554
268,702,586,1019,555,556,554
268,1019,555,554
268,1019,555,857,586,557,554
268,1019,555,556,554
268,1019,857,555,554
268,1019,857,555,556,554
268,1019,857,586,557,554
268,1019,586,557,554
268,1019,586,857,555,554
268,1019,586,857,555,556,554
268,702,1019,555
268,702,1019,857,555
268,702,1019,857,586,557,554,556,555
268,702,1019,586,557,554,555
268,702,1019,586,557,554,556,555
268,702,1019,586,857,555
268,702,586,557,554,555
268,702,586,557,554,556,555
268,702,586,857,555
268,702,586,1019,555
268,1019,555
268,1019,857,555
268,1019,857,586,557,554,556,555
268,1019,586,557,554,555
268,1019,586,557,554,556,555
268,1019,586,857,555
268,702,1019,555,556
268,702,1019,857,555,556
268,702,1019,857,586,557,554,556
268,702,1019,586,557,554,556
268,702,1019,586,857,555,556
268,702,586,557,554,556
268,702,586,857,555,556
268,702,586,1019,555,556
268,1019,555,556
268,1019,857,555,556
268,1019,857,586,557,554,556
268,1019,586,557,554,556
268,1019,586,857,555,556
268,702,1019,555,554,557
268,702,1019,555,857,586,557
268,702,1019,555,556,554,557
268,702,1019,857,555,554,557
268,702,1019,857,555,556,554,557
268,702,1019,857,586,557
268,702,1019,586,557
268,702,586,557
268,702,586,857,555,554,557
268,702,586,857,555,556,554,557
268,1019,555,554,557
268,1019,555,857,586,557
268,1019,555,556,554,557
268,1019,857,555,554,557
268,1019,857,555,556,554,557
268,1019,857,586,557
268,1019,586,557
268,702,1019,857,586
268,702,1019,586
268,702,586
268,1019,857,586
268,1019,586
268,702,1019,555,554,557,587
268,702,1019,555,857,586,557,587
268,702,1019,555,556,554,557,587
268,702,1019,857,555,554,557,587
268,702,1019,857,555,556,554,557,587
268,702,1019,857,586,557,587
268,702,1019,586,557,587
268,702,1019,586,857,555,554,557,587
268,702,1019,586,857,555,556,554,557,587
268,702,586,557,587
268,702,586,857,555,554,557,587
268,702,586,857,555,556,554,557,587
268,702,586,1019,555,554,557,587
268,702,586,1019,555,556,554,557,587
268,1019,555,554,557,587
268,1019,555,857,586,557,587
268,1019,555,556,554,557,587
268,1019,857,555,554,557,587
268,1019,857,555,556,554,557,587
268,1019,857,586,557,587
268,1019,586,557,587
268,1019,586,857,555,554,557,587
268,1019,586,857,555,556,554,557,587
268,702
268,1019,702
268,702,1019,857
268,702,586,857
268,1019,857
268,1019
268,702,1019,555,554,557,586,897
268,702,1019,555,857,586,897
268,702,1019,555,556,554,557,586,897
268,702,1019,857,555,554,557,586,897
268,702,1019,857,555,556,554,557,586,897
268,702,1019,857,586,897
268,702,1019,586,897
268,702,586,897
268,1019,555,554,557,586,897
268,1019,555,857,586,897
268,1019,555,556,554,557,586,897
268,1019,857,555,554,557,586,897
268,1019,857,555,556,554,557,586,897
268,1019,857,586,897
268,1019,586,897
268,702,1019,555,554,557,586,120
268,702,1019,555,857,586,120
268,702,1019,555,556,554,557,586,120
268,702,1019,857,555,554,557,586,120
268,702,1019,857,555,556,554,557,586,120
268,702,1019,857,586,120
268,702,1019,586,120
268,702,586,120
268,1019,555,554,557,586,120
268,1019,555,857,586,120
268,1019,555,556,554,557,586,120
268,1019,857,555,554,557,586,120
268,1019,857,555,556,554,557,586,120
268,1019,857,586,120
268,1019,586,120
269,118,317
269,118,352
269,118,407
269,118,414
269,118,442
269,118,544
269,118,782
269,118,1036
269,118,1066
269,118,1077
269,118,1090
269,118,1092
274,246
274,160,410,246
274,160,890,246
274,160
274,246,410
274,246,890,160,410
274,160,410
274,246,890
274,160,890
246,274,160
246,410,160
246,890,160
246,410
246,890,160,410
246,890
160,410
160,890
280,561,562,189,492
280,189,492
280,561
280,561,562
280,189,562
282,283
291,30,531
291,30,614
291,30,614,194
295,71,313
295,71,638
295,71,803
295,71,818
300,301
304,59,545,54,430,329
304,59,545,54,430,431,329
304,59,720,54,430,329
304,59,720,54,430,431,329
304,59,1100,54,430,329
304,59,1100,54,430,431,329
304,54,430,329
304,54,430,431,329
304,59,545,54,430,329,330
304,59,545,54,430,431,329,330
304,59,720,54,430,329,330
304,59,720,54,430,431,329,330
304,59,1100,54,430,329,330
304,59,1100,54,430,431,329,330
304,54,430,329,330
304,54,430,431,329,330
304,59,545,54,430
304,59,720,54,430
304,59,1100,54,430
304,54,430
304,59,545,54,430,431
304,59,720,54,430,431
304,59,1100,54,430,431
304,54,430,431
304,59,513
304,54,545,59,513
304,54,720,59,513
304,54,1100,59,513
304,59,545
304,59,720,54,545
304,59,1100,54,545
304,54,545
304,59,577
304,54,545,59,577
304,54,720,59,577
304,54,1100,59,577
304,59,616
304,54,545,59,616
304,54,720,59,616
304,54,1100,59,616
304,59,720
304,59,1100,54,720
304,54,720
304,59,884
304,54,545,59,884
304,54,720,59,884
304,54,1100,59,884
304,59,960
304,54,545,59,960
304,54,720,59,960
304,54,1100,59,960
304,59,1100
304,54,1100
311,312
311,1032,892,312
311,312,892,1032,541
311,1032,541
311,312,892,1032,541,542
311,1032,541,542
311,312,892
311,1032,892
311,312,892,526
311,1032,892,526
311,312,892,686
311,1032,892,686
311,1032
311,312,892,1032,846
311,1032,846
312,311,1032,541
312,892,1032,541
312,311,1032,541,542
312,892,1032,541,542
312,892
312,311,1032,892,526
312,892,526
312,311,1032,892,686
312,892,686
312,311,1032
312,892,1032
312,311,1032,846
312,892,1032,846
313,71,638
313,71,803
313,71,818
315,316
315,316,899
316,899
317,118,352
317,118,407
317,118,414
317,118,442
317,118,544
317,118,782
317,118,1036
317,118,1066
317,118,1077
317,118,1090
317,118,1092
321,226,46,666
321,226,46,1130,666
321,226,46,666,743
321,226,46,1130,666,743
321,226,46,666,755
321,226,46,1130,666,755
321,226,46,666,905
321,226,46,1130,666,905
321,226,46,1130
329,330
329,430
329,431,430
329,431
329,430,54,58,59,513
329,430,54,304,59,513
329,430,54,545,59,513
329,430,54,720,59,513
329,430,54,1100,59,513
329,431,430,54,58,59,513
329,431,430,54,304,59,513
329,431,430,54,545,59,513
329,431,430,54,720,59,513
329,431,430,54,1100,59,513
329,430,54,545
329,430,54,720,59,545
329,430,54,1100,59,545
329,431,430,54,545
329,431,430,54,720,59,545
329,431,430,54,1100,59,545
329,430,54,58,59,577
329,430,54,304,59,577
329,430,54,545,59,577
329,430,54,720,59,577
329,430,54,1100,59,577
329,431,430,54,58,59,577
329,431,430,54,304,59,577
329,431,430,54,545,59,577
329,431,430,54,720,59,577
329,431,430,54,1100,59,577
329,430,54,58,59,616
329,430,54,304,59,616
329,430,54,545,59,616
329,430,54,720,59,616
329,430,54,1100,59,616
329,431,430,54,58,59,616
329,431,430,54,304,59,616
329,431,430,54,545,59,616
329,431,430,54,720,59,616
329,431,430,54,1100,59,616
329,430,54,720
329,430,54,1100,59,720
329,431,430,54,720
329,431,430,54,1100,59,720
329,430,54,58,59,884
329,430,54,304,59,884
329,430,54,545,59,884
329,430,54,720,59,884
329,430,54,1100,59,884
329,431,430,54,58,59,884
329,431,430,54,304,59,884
329,431,430,54,545,59,884
329,431,430,54,720,59,884
329,431,430,54,1100,59,884
329,430,54,58,59,960
329,430,54,304,59,960
329,430,54,545,59,960
329,430,54,720,59,960
329,430,54,1100,59,960
329,431,430,54,58,59,960
329,431,430,54,304,59,960
329,431,430,54,545,59,960
329,431,430,54,720,59,960
329,431,430,54,1100,59,960
329,430,54,1100
329,431,430,54,1100
330,329,430
330,329,431,430
330,329,431
330,329,430,54,58,59,513
330,329,430,54,304,59,513
330,329,430,54,545,59,513
330,329,430,54,720,59,513
330,329,430,54,1100,59,513
330,329,431,430,54,58,59,513
330,329,431,430,54,304,59,513
330,329,431,430,54,545,59,513
330,329,431,430,54,720,59,513
330,329,431,430,54,1100,59,513
330,329,430,54,545
330,329,430,54,720,59,545
330,329,430,54,1100,59,545
330,329,431,430,54,545
330,329,431,430,54,720,59,545
330,329,431,430,54,1100,59,545
330,329,430,54,58,59,577
330,329,430,54,304,59,577
330,329,430,54,545,59,577
330,329,430,54,720,59,577
330,329,430,54,1100,59,577
330,329,431,430,54,58,59,577
330,329,431,430,54,304,59,577
330,329,431,430,54,545,59,577
330,329,431,430,54,720,59,577
330,329,431,430,54,1100,59,577
330,329,430,54,58,59,616
330,329,430,54,304,59,616
330,329,430,54,545,59,616
330,329,430,54,720,59,616
330,329,430,54,1100,59,616
330,329,431,430,54,58,59,616
330,329,431,430,54,304,59,616
330,329,431,430,54,545,59,616
330,329,431,430,54,720,59,616
330,329,431,430,54,1100,59,616
330,329,430,54,720
330,329,430,54,1100,59,720
330,329,431,430,54,720
330,329,431,430,54,1100,59,720
330,329,430,54,58,59,884
330,329,430,54,304,59,884
330,329,430,54,545,59,884
330,329,430,54,720,59,884
330,329,430,54,1100,59,884
330,329,431,430,54,58,59,884
330,329,431,430,54,304,59,884
330,329,431,430,54,545,59,884
330,329,431,430,54,720,59,884
330,329,431,430,54,1100,59,884
330,329,430,54,58,59,960
330,329,430,54,304,59,960
330,329,430,54,545,59,960
330,329,430,54,720,59,960
330,329,430,54,1100,59,960
330,329,431,430,54,58,59,960
330,329,431,430,54,304,59,960
330,329,431,430,54,545,59,960
330,329,431,430,54,720,59,960
330,329,431,430,54,1100,59,960
330,329,430,54,1100
330,329,431,430,54,1100
337,338
342,38,37,635
342,38,835,39,37,635
342,38,835,39,794,40,37,635
342,38,835,39,861,40,37,635
342,38,861,40,37,635
342,38,861,40,794,39,37,635
342,38,861,39,37,635
342,39,37,635
342,39,794,40,37,635
342,39,861,40,37,635
342,38,37,40,794
342,38,835,39,794
342,38,835,39,861,40,794
342,38,861,40,794
342,38,861,39,794
342,39,794
342,39,861,40,794
342,38,835
342,38,861,39,835
342,39,835
342,38,861
342,39,861
352,118,407
352,118,414
352,118,442
352,118,544
352,118,782
352,118,1036
352,118,1066
352,118,1077
352,118,1090
352,118,1092
367,357
371,256
388,389
388,1068,389
388,1068
388,389,1108
388,1068,389,1108
389,1068
389,1108
391,392
391,554
391,554,555
391,554,556,555
391,554,557,586,702,268,1019,555
391,554,557,586,702,1019,555
391,554,557,586,702,1019,857,555
391,554,557,586,857,555
391,554,557,586,857,1019,555
391,554,557,586,1019,555
391,554,556
391,554,557,586,702,268,1019,555,556
391,554,557,586,702,268,1019,857,555,556
391,554,557,586,702,1019,555,556
391,554,557,586,702,1019,857,555,556
391,554,557,586,857,555,556
391,554,557,586,857,1019,555,556
391,554,557,586,1019,555,556
391,554,557
391,554,555,857,1019,702,586
391,554,555,857,1019,586
391,554,555,857,586
391,554,555,1019,702,586
391,554,555,1019,586
391,554,556,555,857,1019,702,586
391,554,556,555,857,1019,586
391,554,556,555,857,586
391,554,556,555,1019,702,586
391,554,556,555,1019,586
391,554,557,586
391,554,555,857,1019,702,586,557,587
391,554,555,857,1019,268,702,586,557,587
391,554,555,857,1019,586,557,587
391,554,555,857,586,557,587
391,554,555,1019,702,586,557,587
391,554,555,1019,268,702,586,557,587
391,554,555,1019,586,557,587
391,554,556,555,857,1019,702,586,557,587
391,554,556,555,857,1019,268,702,586,557,587
391,554,556,555,857,1019,586,557,587
391,554,556,555,857,586,557,587
391,554,556,555,1019,702,586,557,587
391,554,556,555,1019,268,702,586,557,587
391,554,556,555,1019,586,557,587
391,554,557,587
391,554,555,857,1019,702
391,554,555,857,586,702
391,554,555,1019,702
391,554,556,555,857,1019,702
391,554,556,555,857,586,702
391,554,556,555,1019,702
391,554,557,586,702
391,554,557,586,857,1019,702
391,554,557,586,1019,702
391,554,555,857
391,554,555,1019,857
391,554,556,555,857
391,554,556,555,1019,857
391,554,557,586,857
391,554,557,586,1019,857
391,554,555,1019
391,554,556,555,1019
391,554,557,586,1019
391,554,555,857,1019,702,586,897
391,554,555,857,1019,268,702,586,897
391,554,555,857,1019,586,897
391,554,555,857,586,897
391,554,555,1019,702,586,897
391,554,555,1019,268,702,586,897
391,554,555,1019,586,897
391,554,556,555,857,1019,702,586,897
391,554,556,555,857,1019,268,702,586,897
391,554,556,555,857,1019,586,897
391,554,556,555,857,586,897
391,554,556,555,1019,702,586,897
391,554,556,555,1019,268,702,586,897
391,554,556,555,1019,586,897
391,554,557,586,897
391,554,555,857,1019,702,586,120
391,554,555,857,1019,268,702,586,120
391,554,555,857,1019,586,120
391,554,555,857,586,120
391,554,555,1019,702,586,120
391,554,555,1019,268,702,586,120
391,554,555,1019,586,120
391,554,556,555,857,1019,702,586,120
391,554,556,555,857,1019,268,702,586,120
391,554,556,555,857,1019,586,120
391,554,556,555,857,586,120
391,554,556,555,1019,702,586,120
391,554,556,555,1019,268,702,586,120
391,554,556,555,1019,586,120
391,554,557,586,120
392,391,554
392,391,554,555
392,391,554,556,555
392,391,554,557,586,702,268,1019,555
392,391,554,557,586,702,1019,555
392,391,554,557,586,702,1019,857,555
392,391,554,557,586,857,555
392,391,554,557,586,857,1019,555
392,391,554,557,586,1019,555
392,391,554,556
392,391,554,557,586,702,268,1019,555,556
392,391,554,557,586,702,268,1019,857,555,556
392,391,554,557,586,702,1019,555,556
392,391,554,557,586,702,1019,857,555,556
392,391,554,557,586,857,555,556
392,391,554,557,586,857,1019,555,556
392,391,554,557,586,1019,555,556
392,391,554,557
392,391,554,555,857,1019,702,586
392,391,554,555,857,1019,586
392,391,554,555,857,586
392,391,554,555,1019,702,586
392,391,554,555,1019,586
392,391,554,556,555,857,1019,702,586
392,391,554,556,555,857,1019,586
392,391,554,556,555,857,586
392,391,554,556,555,1019,702,586
392,391,554,556,555,1019,586
392,391,554,557,586
392,391,554,555,857,1019,702,586,557,587
392,391,554,555,857,1019,268,702,586,557,587
392,391,554,555,857,1019,586,557,587
392,391,554,555,857,586,557,587
392,391,554,555,1019,702,586,557,587
392,391,554,555,1019,268,702,586,557,587
392,391,554,555,1019,586,557,587
392,391,554,556,555,857,1019,702,586,557,587
392,391,554,556,555,857,1019,268,702,586,557,587
392,391,554,556,555,857,1019,586,557,587
392,391,554,556,555,857,586,557,587
392,391,554,556,555,1019,702,586,557,587
392,391,554,556,555,1019,268,702,586,557,587
392,391,554,556,555,1019,586,557,587
392,391,554,557,587
392,391,554,555,857,1019,702
392,391,554,555,857,586,702
392,391,554,555,1019,702
392,391,554,556,555,857,1019,702
392,391,554,556,555,857,586,702
392,391,554,556,555,1019,702
392,391,554,557,586,702
392,391,554,557,586,857,1019,702
392,391,554,557,586,1019,702
392,391,554,555,857
392,391,554,555,1019,857
392,391,554,556,555,857
392,391,554,556,555,1019,857
392,391,554,557,586,857
392,391,554,557,586,1019,857
392,391,554,555,1019
392,391,554,556,555,1019
392,391,554,557,586,1019
392,391,554,555,857,1019,702,586,897
392,391,554,555,857,1019,268,702,586,897
392,391,554,555,857,1019,586,897
392,391,554,555,857,586,897
392,391,554,555,1019,702,586,897
392,391,554,555,1019,268,702,586,897
392,391,554,555,1019,586,897
392,391,554,556,555,857,1019,702,586,897
392,391,554,556,555,857,1019,268,702,586,897
392,391,554,556,555,857,1019,586,897
392,391,554,556,555,857,586,897
392,391,554,556,555,1019,702,586,897
392,391,554,556,555,1019,268,702,586,897
392,391,554,556,555,1019,586,897
392,391,554,557,586,897
392,391,554,555,857,1019,702,586,120
392,391,554,555,857,1019,268,702,586,120
392,391,554,555,857,1019,586,120
392,391,554,555,857,586,120
392,391,554,555,1019,702,586,120
392,391,554,555,1019,268,702,586,120
392,391,554,555,1019,586,120
392,391,554,556,555,857,1019,702,586,120
392,391,554,556,555,857,1019,268,702,586,120
392,391,554,556,555,857,1019,586,120
392,391,554,556,555,857,586,120
392,391,554,556,555,1019,702,586,120
392,391,554,556,555,1019,268,702,586,120
392,391,554,556,555,1019,586,120
392,391,554,557,586,120
400,401
400,401,919
400,401,1062
401,919
401,1062
407,118,414
407,118,442
407,118,544
407,118,782
407,118,1036
407,118,1066
407,118,1077
407,118,1090
407,118,1092
410,246,890
410,160,890
414,118,442
414,118,544
414,118,782
414,118,1036
414,118,1066
414,118,1077
414,118,1090
414,118,1092
420,421
430,431
430,54,58,59,513
430,54,304,59,513
430,54,545,59,513
430,54,720,59,513
430,54,1100,59,513
430,54,545
430,54,720,59,545
430,54,1100,59,545
430,54,58,59,577
430,54,304,59,577
430,54,545,59,577
430,54,720,59,577
430,54,1100,59,577
430,54,58,59,616
430,54,304,59,616
430,54,545,59,616
430,54,720,59,616
430,54,1100,59,616
430,54,720
430,54,1100,59,720
430,54,58,59,884
430,54,304,59,884
430,54,545,59,884
430,54,720,59,884
430,54,1100,59,884
430,54,58,59,960
430,54,304,59,960
430,54,545,59,960
430,54,720,59,960
430,54,1100,59,960
430,54,1100
431,430,54,58,59,513
431,430,54,304,59,513
431,430,54,545,59,513
431,430,54,720,59,513
431,430,54,1100,59,513
431,430,54,545
431,430,54,720,59,545
431,430,54,1100,59,545
431,430,54,58,59,577
431,430,54,304,59,577
431,430,54,545,59,577
431,430,54,720,59,577
431,430,54,1100,59,577
431,430,54,58,59,616
431,430,54,304,59,616
431,430,54,545,59,616
431,430,54,720,59,616
431,430,54,1100,59,616
431,430,54,720
431,430,54,1100,59,720
431,430,54,58,59,884
431,430,54,304,59,884
431,430,54,545,59,884
431,430,54,720,59,884
431,430,54,1100,59,884
431,430,54,58,59,960
431,430,54,304,59,960
431,430,54,545,59,960
431,430,54,720,59,960
431,430,54,1100,59,960
431,430,54,1100
442,118,544
442,118,782
442,118,1036
442,118,1066
442,118,1077
442,118,1090
442,118,1092
454,455
454,455,911,910
454,455,911
454,455,911,805
455,911,910
455,911
455,911,805
456,32,768
456,32,1002
460,73
460,73,599
460,73,876
73,599
73,876
464,465
464,444
465,464,444
478,479
485,204,548
485,204,573,177,178,1135,109,548
485,204,573,109,548
485,1136,1135,109,548
485,1136,1135,109,573,204,548
485,1136,1135,178,177,179,109,548
485,1136,1135,178,177,573,109,548
485,1136,1135,178,177,573,204,548
485,1136,109,548
485,1136,109,573,204,548
485,204,573
485,1136,1135,109,573
485,1136,1135,178,177,573
485,1136,109,573
485,204,203,109,1135
485,204,548,109,1135
485,204,573,177,178,1135
485,204,573,177,179,109,1135
485,204,573,109,1135
485,204,179,177,178,1135
485,204,179,109,1135
485,1136,1135
485,1136
492,189,188,190,561
492,189,562,561
492,189,280,561
492,189,562
500,95
501,502
501,502,549
501,502,871
501,502,1079,35,871
501,502,871,35,949
501,502,1079,35,949
501,502,871,35,1005
501,502,1079,35,1005
501,502,1079
502,549
502,871
502,871,35,949
502,1079,35,949
502,871,35,1005
502,1079,35,1005
502,1079
513,59,545
513,59,720,54,545
513,59,1100,54,545
513,59,577
513,59,616
513,59,720
513,59,1100,54,720
513,59,884
513,59,960
513,59,1100
531,30,614
531,30,614,194
541,542
541,1032,892
541,1032,311,312,892,526
541,1032,892,526
541,1032,311,312,892,686
541,1032,892,686
541,1032
541,1032,846
542,541,1032,892
542,541,1032,311,312,892,526
542,541,1032,892,526
542,541,1032,311,312,892,686
542,541,1032,892,686
542,541,1032
542,541,1032,846
544,118,782
544,118,1036
544,118,1066
544,118,1077
544,118,1090
544,118,1092
545,54,720,59,577
545,54,1100,59,577
545,59,577
545,54,720,59,616
545,54,1100,59,616
545,59,616
545,54,720
545,54,1100,59,720
545,59,720
545,54,720,59,884
545,54,1100,59,884
545,59,884
545,54,720,59,960
545,54,1100,59,960
545,59,960
545,54,1100
545,59,1100
548,109,573
548,109,1135,178,177,573
548,109,1136,1135,178,177,573
548,204,573
548,109,1135
548,109,1136,1135
548,204,485,1136,1135
548,204,573,177,178,1135
548,204,573,109,1135
548,204,573,109,1136,1135
548,204,179,177,178,1135
548,109,1136
548,204,485,1136
548,204,573,177,178,1135,1136
548,204,573,109,1136
548,204,179,177,178,1135,1136
549,502,871
549,502,1079,35,871
549,502,871,35,949
549,502,1079,35,949
549,502,871,35,1005
549,502,1079,35,1005
549,502,1079
550,363
550,363,1052
363,1052
551,552
551,552,637
551,552,840
551,552,883
551,552,883,1020
551,552,883,1021,1020
551,552,883,1021
551,552,883,1020,1021,642
551,552,883,1021,642
552,637
552,840
552,883
552,883,1020
552,883,1021,1020
552,883,1021
552,883,1020,1021,642
552,883,1021,642
554,555
554,556,555
554,557,586,702,1019,555
554,557,586,702,1019,857,555
554,557,586,857,555
554,557,586,857,1019,555
554,557,586,1019,555
554,556
554,557,586,702,1019,555,556
554,557,586,702,1019,857,555,556
554,557,586,857,555,556
554,557,586,857,1019,555,556
554,557,586,1019,555,556
554,557
554,555,857,1019,702,586
554,555,857,1019,586
554,555,857,586
554,555,1019,702,586
554,555,1019,586
554,556,555,857,1019,702,586
554,556,555,857,1019,586
554,556,555,857,586
554,556,555,1019,702,586
554,556,555,1019,586
554,557,586
554,555,857,1019,702,586,557,587
554,555,857,1019,586,557,587
554,555,857,586,557,587
554,555,1019,702,586,557,587
554,555,1019,586,557,587
554,556,555,857,1019,702,586,557,587
554,556,555,857,1019,586,557,587
554,556,555,857,586,557,587
554,556,555,1019,702,586,557,587
554,556,555,1019,586,557,587
554,557,587
554,555,857,1019,702
554,555,857,586,702
554,555,1019,702
554,556,555,857,1019,702
554,556,555,857,586,702
554,556,555,1019,702
554,557,586,702
554,557,586,857,1019,702
554,557,586,1019,702
554,555,857
554,555,1019,857
554,556,555,857
554,556,555,1019,857
554,557,586,857
554,557,586,1019,857
554,555,1019
554,556,555,1019
554,557,586,1019
554,555,857,1019,702,586,897
554,555,857,1019,268,702,586,897
554,555,857,1019,586,897
554,555,857,586,897
554,555,1019,702,586,897
554,555,1019,268,702,586,897
554,555,1019,586,897
554,556,555,857,1019,702,586,897
554,556,555,857,1019,268,702,586,897
554,556,555,857,1019,586,897
554,556,555,857,586,897
554,556,555,1019,702,586,897
554,556,555,1019,268,702,586,897
554,556,555,1019,586,897
554,557,586,897
554,555,857,1019,702,586,120
554,555,857,1019,268,702,586,120
554,555,857,1019,586,120
554,555,857,586,120
554,555,1019,702,586,120
554,555,1019,268,702,586,120
554,555,1019,586,120
554,556,555,857,1019,702,586,120
554,556,555,857,1019,268,702,586,120
554,556,555,857,1019,586,120
554,556,555,857,586,120
554,556,555,1019,702,586,120
554,556,555,1019,268,702,586,120
554,556,555,1019,586,120
554,557,586,120
555,556
555,554,557
555,857,1019,702,586,557
555,857,1019,586,557
555,857,586,557
555,1019,702,586,557
555,1019,268,702,586,557
555,1019,586,557
555,556,554,557
555,554,557,586
555,857,1019,702,586
555,857,1019,586
555,857,586
555,1019,702,586
555,1019,586
555,556,554,557,586
555,554,557,587
555,857,1019,702,586,557,587
555,857,1019,586,557,587
555,857,586,557,587
555,1019,702,586,557,587
555,1019,268,702,586,557,587
555,1019,586,557,587
555,556,554,557,587
555,554,557,586,702
555,857,1019,702
555,857,586,702
555,1019,702
555,556,554,557,586,702
555,857
555,1019,857
555,1019
555,554,557,586,897
555,857,1019,702,586,897
555,857,1019,586,897
555,857,586,897
555,1019,702,586,897
555,1019,268,702,586,897
555,1019,586,897
555,556,554,557,586,897
555,554,557,586,120
555,857,1019,702,586,120
555,857,1019,586,120
555,857,586,120
555,1019,702,586,120
555,1019,268,702,586,120
555,1019,586,120
555,556,554,557,586,120
556,554,557
556,555,857,1019,702,586,557
556,555,857,1019,268,702,586,557
556,555,857,1019,586,557
556,555,857,586,557
556,555,1019,702,586,557
556,555,1019,268,702,586,557
556,555,1019,586,557
556,554,557,586
556,555,857,1019,702,586
556,555,857,1019,586
556,555,857,586
556,555,1019,702,586
556,555,1019,586
556,554,557,587
556,555,857,1019,702,586,557,587
556,555,857,1019,268,702,586,557,587
556,555,857,1019,586,557,587
556,555,857,586,557,587
556,555,1019,702,586,557,587
556,555,1019,268,702,586,557,587
556,555,1019,586,557,587
556,554,557,586,702
556,554,557,586,857,1019,702
556,554,557,586,1019,702
556,555,857,1019,702
556,555,857,586,702
556,555,1019,702
556,554,557,586,857
556,554,557,586,1019,857
556,555,857
556,555,1019,857
556,554,557,586,1019
556,555,1019
556,554,557,586,897
556,555,857,1019,702,586,897
556,555,857,1019,268,702,586,897
556,555,857,1019,586,897
556,555,857,586,897
556,555,1019,702,586,897
556,555,1019,268,702,586,897
556,555,1019,586,897
556,554,557,586,120
556,555,857,1019,702,586,120
556,555,857,1019,268,702,586,120
556,555,857,1019,586,120
556,555,857,586,120
556,555,1019,702,586,120
556,555,1019,268,702,586,120
556,555,1019,586,120
557,586
557,587
557,554,555,857,1019,702
557,554,555,857,586,702
557,554,555,1019,702
557,554,556,555,857,1019,702
557,554,556,555,857,586,702
557,554,556,555,1019,702
557,586,702
557,586,857,1019,702
557,586,1019,702
557,554,555,857
557,554,555,1019,857
557,554,556,555,857
557,554,556,555,1019,857
557,586,857
557,586,1019,857
557,554,555,1019
557,554,556,555,1019
557,586,1019
557,554,555,857,1019,702,586,897
557,554,555,857,1019,586,897
557,554,555,857,586,897
557,554,555,1019,702,586,897
557,554,555,1019,586,897
557,554,556,555,857,1019,702,586,897
557,554,556,555,857,1019,586,897
557,554,556,555,857,586,897
557,554,556,555,1019,702,586,897
557,554,556,555,1019,586,897
557,586,897
557,554,555,857,1019,702,586,120
557,554,555,857,1019,586,120
557,554,555,857,586,120
557,554,555,1019,702,586,120
557,554,555,1019,586,120
557,554,556,555,857,1019,702,586,120
557,554,556,555,857,1019,586,120
557,554,556,555,857,586,120
557,554,556,555,1019,702,586,120
557,554,556,555,1019,586,120
557,586,120
561,562
570,571
572,506
573,177,178,1135
573,109,1135
573,109,1136,1135
573,204,485,1136,1135
573,177,178,1135,1136
573,109,1136
573,204,485,1136
576,5,969
577,59,616
577,59,720
577,59,1100,54,720
577,59,884
577,59,960
577,59,1100
586,557,587
586,702
586,857,1019,702
586,1019,702
586,857
586,1019,857
586,1019
586,897
586,120
587,557,554,555,857,1019,702
587,557,554,555,857,586,702
587,557,554,555,1019,702
587,557,554,556,555,857,1019,702
587,557,554,556,555,857,586,702
587,557,554,556,555,1019,702
587,557,586,702
587,557,586,857,1019,702
587,557,586,1019,702
587,557,554,555,857
587,557,554,555,1019,857
587,557,554,556,555,857
587,557,554,556,555,1019,857
587,557,586,857
587,557,586,1019,857
587,557,554,555,1019
587,557,554,556,555,1019
587,557,586,1019
587,557,554,555,857,1019,702,586,897
587,557,554,555,857,1019,268,702,586,897
587,557,554,555,857,1019,586,897
587,557,554,555,857,586,897
587,557,554,555,1019,702,586,897
587,557,554,555,1019,268,702,586,897
587,557,554,555,1019,586,897
587,557,554,556,555,857,1019,702,586,897
587,557,554,556,555,857,1019,268,702,586,897
587,557,554,556,555,857,1019,586,897
587,557,554,556,555,857,586,897
587,557,554,556,555,1019,702,586,897
587,557,554,556,555,1019,268,702,586,897
587,557,554,556,555,1019,586,897
587,557,586,897
587,557,554,555,857,1019,702,586,120
587,557,554,555,857,1019,268,702,586,120
587,557,554,555,857,1019,586,120
587,557,554,555,857,586,120
587,557,554,555,1019,702,586,120
587,557,554,555,1019,268,702,586,120
587,557,554,555,1019,586,120
587,557,554,556,555,857,1019,702,586,120
587,557,554,556,555,857,1019,268,702,586,120
587,557,554,556,555,857,1019,586,120
587,557,554,556,555,857,586,120
587,557,554,556,555,1019,702,586,120
587,557,554,556,555,1019,268,702,586,120
587,557,554,556,555,1019,586,120
587,557,586,120
599,73,876
608,609
614,194
616,59,720
616,59,1100,54,720
616,59,884
616,59,960
616,59,1100
628,85
635,37,38,342,39,794
635,37,38,835,39,794
635,37,38,835,39,861,40,794
635,37,38,861,40,794
635,37,38,861,39,794
635,37,39,794
635,37,39,861,40,794
635,37,40,794
635,37,38,835
635,37,38,861,39,835
635,37,39,835
635,37,40,794,39,835
635,37,40,861,38,835
635,37,40,861,39,835
635,37,38,861
635,37,39,861
635,37,40,861
637,552,840
637,552,883
637,552,883,1020
637,552,883,1021,1020
637,552,883,1021
637,552,883,1020,1021,642
637,552,883,1021,642
638,71,803
638,71,818
656,657
656,657,620
657,620
666,743
666,755
666,905
666,1130
720,59,884
720,54,1100,59,884
720,59,960
720,54,1100,59,960
720,59,1100
720,54,1100
702,1019,857
702,586,857
702,1019
702,1019,857,586,897
702,1019,586,897
702,586,897
702,1019,857,586,120
702,1019,586,120
702,586,120
743,666,755
743,666,905
743,666,1130
747,144
752,753
755,666,905
755,666,1130
766,334
766,129,844,334
766,767,844,334
766,129
766,767,844,129
766,767
766,334,844
766,129,844
766,767,844
334,766,129
334,766,767,844,129
334,844,129
334,766,767
334,844,767
334,844
129,766,767
129,844,767
129,844
767,844
768,32,1002
770,771
782,118,1036
782,118,1066
782,118,1077
782,118,1090
782,118,1092
785,600
794,39,835
794,39,861,38,835
794,40,37,38,835
794,40,861,38,835
794,40,861,39,835
794,39,861
794,40,861
803,71,818
815,816
815,956
816,815,956
835,39,861
835,38,861
839,379
840,552,883
840,552,883,1020
840,552,883,1021,1020
840,552,883,1021
840,552,883,1020,1021,642
840,552,883,1021,642
857,1019
857,1019,586,897
857,586,897
857,1019,586,120
857,586,120
871,502,1079,35,949
871,35,949
871,502,1079,35,1005
871,35,1005
871,502,1079
871,35,1079
874,67,924
881,882
881,378
881,611
881,1096
882,881,378
882,881,611
882,881,1096
378,881,611
378,881,1096
611,881,1096
883,1020
883,1021,1020
883,1021
883,1020,1021,642
883,1021,642
884,59,960
884,59,1100
885,886
885,50
885,231
886,885,50
886,885,231
50,885,231
892,526
892,686
892,1032
892,1032,846
526,892,686
526,892,1032
526,892,312,311,1032,846
526,892,1032,846
686,892,1032
686,892,312,311,1032,846
686,892,1032,846
901,902
905,666,1130
910,911
910,911,805
911,805
919,401,1062
929,809
929,229,1078,809
929,229
929,809,1078
929,229,1078
809,929,229
809,1078,229
809,1078
229,1078
940,941
940,528
941,940,528
949,35,1005
949,35,1079
960,59,1100
1001,446
1005,35,1079
1019,586,897
1019,586,120
1020,1021
1020,1021,642
1021,642
1028,1029
1032,846
1036,118,1066
1036,118,1077
1036,118,1090
1036,118,1092
1066,118,1077
1066,118,1090
1066,118,1092
1068,389,1108
897,586,120
1072,258
1077,118,1090
1077,118,1092
1090,118,1092
1127,278
1135,1136
