2,3
2,3,48
2,3,130
2,3,404
2,3,512
2,3,742
2,3,1387
3,48
3,130
3,404
3,512
3,742
3,1387
24,25
24,25,287
24,25,411
24,25,895
24,25,899
24,25,1273
24,25,1438
24,25,1478
24,25,1557
24,25,1560
25,287
25,411
25,895
25,899
25,1273
25,1438
25,1478
25,1557
25,1560
36,37
36,37,62,61
36,37,62,154,63,61
36,37,62,64,61
36,37,62,66,61
36,37,62,63,61
36,37,62
36,37,62,154,63
36,37,62,64,61,63
36,37,62,66,61,63
36,37,62,63
36,37,62,154,63,61,64
36,37,62,64
36,37,62,66,61,64
36,37,62,61,65
36,37,62,154,63,61,65
36,37,62,64,61,65
36,37,62,66,61,65
36,37,62,63,61,65
36,37,62,154,63,61,66
36,37,62,66
36,37,62,154
36,37,62,574
36,37,62,1270,1269,574
36,37,62,1044
36,37,62,574,1269
36,37,62,1270,1269
36,37,62,1270
36,37,62,61,63,72
36,37,62,154,63,72
36,37,62,64,61,63,72
36,37,62,66,61,63,72
36,37,62,63,72
37,62,61
37,62,154,63,61
37,62,64,61
37,62,66,61
37,62,63,61
37,62
37,62,154,63
37,62,64,61,63
37,62,66,61,63
37,62,63
37,62,154,63,61,64
37,62,64
37,62,66,61,64
37,62,61,65
37,62,154,63,61,65
37,62,64,61,65
37,62,66,61,65
37,62,63,61,65
37,62,154,63,61,66
37,62,66
37,62,154
37,62,574
37,62,1270,1269,574
37,62,1044
37,62,574,1269
37,62,1270,1269
37,62,1270
37,62,61,63,72
37,62,154,63,72
37,62,64,61,63,72
37,62,66,61,63,72
37,62,63,72
39,40
48,3,130
48,3,404
48,3,512
48,3,742
48,3,1387
54,55
54,56
54,56,1256
54,56,1090
55,54,56
55,54,56,1256
55,54,56,1090
56,1256
56,1090
61,62
61,63,154,62
61,63,62
61,64,62
61,66,62
61,63
61,64,62,154,63
61,64,62,63
61,66,62,154,63
61,66,62,63
61,64
61,66,62,64
61,65
61,66
61,62,154
61,63,154
61,64,62,154
61,66,62,154
61,62,574
61,62,1270,1269,574
61,63,154,62,574
61,63,154,62,1270,1269,574
61,63,62,574
61,63,62,1270,1269,574
61,64,62,574
61,64,62,1270,1269,574
61,66,62,574
61,66,62,1270,1269,574
61,62,1044
61,63,154,62,1044
61,63,62,1044
61,64,62,1044
61,66,62,1044
61,62,574,1269
61,62,1270,1269
61,63,154,62,574,1269
61,63,154,62,1270,1269
61,63,62,574,1269
61,63,62,1270,1269
61,64,62,574,1269
61,64,62,1270,1269
61,66,62,574,1269
61,66,62,1270,1269
61,62,1270
61,63,154,62,1270
61,63,62,1270
61,64,62,1270
61,66,62,1270
61,62,154,63,72
61,62,63,72
61,63,72
61,64,62,154,63,72
61,64,62,63,72
61,66,62,154,63,72
61,66,62,63,72
62,154,63
62,63
62,64
62,61,65
62,154,63,61,65
62,64,61,65
62,66,61,65
62,63,61,65
62,66
62,154
62,574
62,1270,1269,574
62,1044
62,574,1269
62,1270,1269
62,1270
62,154,63,72
62,63,72
63,61,64
63,61,66,62,64
63,154,62,64
63,154,62,66,61,64
63,62,64
63,61,65
63,154,62,64,61,65
63,154,62,66,61,65
63,62,64,61,65
63,62,66,61,65
63,61,66
63,154,62,66
63,62,66
63,154
63,61,64,62,574
63,61,64,62,1270,1269,574
63,61,66,62,574
63,61,66,62,1270,1269,574
63,154,62,574
63,154,62,1270,1269,574
63,62,574
63,62,1270,1269,574
63,61,64,62,1044
63,61,66,62,1044
63,154,62,1044
63,62,1044
63,61,64,62,574,1269
63,61,64,62,1270,1269
63,61,66,62,574,1269
63,61,66,62,1270,1269
63,154,62,574,1269
63,154,62,1270,1269
63,62,574,1269
63,62,1270,1269
63,61,64,62,1270
63,61,66,62,1270
63,154,62,1270
63,62,1270
63,72
64,61,65
64,62,66,61,65
64,61,66
64,62,66
64,61,63,154
64,61,66,62,154
64,62,154
64,61,63,154,62,574
64,61,63,154,62,1270,1269,574
64,61,66,62,574
64,61,66,62,1270,1269,574
64,62,574
64,62,1270,1269,574
64,61,63,154,62,1044
64,61,66,62,1044
64,62,1044
64,61,63,154,62,574,1269
64,61,63,154,62,1270,1269
64,61,66,62,574,1269
64,61,66,62,1270,1269
64,62,574,1269
64,62,1270,1269
64,61,63,154,62,1270
64,61,66,62,1270
64,62,1270
64,61,63,72
64,61,66,62,154,63,72
64,61,66,62,63,72
64,62,154,63,72
64,62,63,72
65,61,66
65,61,62,154
65,61,63,154
65,61,64,62,154
65,61,66,62,154
65,61,62,574
65,61,62,1270,1269,574
65,61,63,154,62,574
65,61,63,154,62,1270,1269,574
65,61,63,62,574
65,61,63,62,1270,1269,574
65,61,64,62,574
65,61,64,62,1270,1269,574
65,61,66,62,574
65,61,66,62,1270,1269,574
65,61,62,1044
65,61,63,154,62,1044
65,61,63,62,1044
65,61,64,62,1044
65,61,66,62,1044
65,61,62,574,1269
65,61,62,1270,1269
65,61,63,154,62,574,1269
65,61,63,154,62,1270,1269
65,61,63,62,574,1269
65,61,63,62,1270,1269
65,61,64,62,574,1269
65,61,64,62,1270,1269
65,61,66,62,574,1269
65,61,66,62,1270,1269
65,61,62,1270
65,61,63,154,62,1270
65,61,63,62,1270
65,61,64,62,1270
65,61,66,62,1270
65,61,62,154,63,72
65,61,62,63,72
65,61,63,72
65,61,64,62,154,63,72
65,61,64,62,63,72
65,61,66,62,154,63,72
65,61,66,62,63,72
66,61,63,154
66,62,154
66,61,63,154,62,574
66,61,63,154,62,1270,1269,574
66,62,574
66,62,1270,1269,574
66,61,63,154,62,1044
66,62,1044
66,61,63,154,62,574,1269
66,61,63,154,62,1270,1269
66,62,574,1269
66,62,1270,1269
66,61,63,154,62,1270
66,62,1270
66,61,63,72
66,62,154,63,72
66,62,63,72
77,78
77,79,1220,78
77,79
77,78,540
77,79,1220,78,540
77,78,1220,1219
77,79,1220,1219
77,78,1220,1219,193
77,79,1220,1219,193
77,78,1220
77,79,1220
77,78,1231
77,79,1220,78,1231
77,78,1308
77,79,1220,78,1308
77,78,1509
77,79,1220,78,1509
77,78,1510
77,79,1220,78,1510
78,77,79
78,1220,79
78,540
78,77,79,1220,1219
78,1220,1219
78,77,79,1220,1219,193
78,1220,1219,193
78,1220
78,1231
78,1308
78,1509
78,1510
79,77,78,540
79,1220,78,540
79,1220,1219
79,1220,1219,193
79,1220
79,77,78,1231
79,1220,78,1231
79,77,78,1308
79,1220,78,1308
79,77,78,1509
79,1220,78,1509
79,77,78,1510
79,1220,78,1510
83,84
86,87
86,1192,1104,800,1054,1094,87
86,1094,87
86,87,681,159
86,1192,1104,800,1054,1094,87,681,159
86,1094,87,681,159
86,87,681
86,1192,1104,800,1054,1094,87,681
86,1094,87,681
86,87,1094,1054
86,1192,1104,800,1054
86,1094,1054
86,87,1094,1054,894
86,1192,1104,800,1054,894
86,1094,1054,894
86,87,1094,1054,800
86,1192,1104,800
86,1094,1054,800
86,87,1094,1054,800,1104,1060
86,1192,1104,1060
86,1094,1054,800,1104,1060
86,87,1094,1054,800,1104,1060,931
86,1192,1104,1060,931
86,1094,1054,800,1104,1060,931
86,1192,1104,800,1054,1094
86,1094
86,87,1094,1054,800,1104
86,1192,1104
86,1094,1054,800,1104
86,1192
86,87,1094,1054,800,1104,1192,257
86,1192,257
86,1094,1054,800,1104,1192,257
87,681,159
87,681
87,86,1192,1104,800,1054
87,1094,1054
87,86,1192,1104,800,1054,894
87,1094,86,1192,1104,800,1054,894
87,1094,1054,894
87,86,1192,1104,800
87,1094,86,1192,1104,800
87,1094,1054,800
87,86,1192,1104,1060
87,1094,86,1192,1104,1060
87,1094,1054,800,1104,1060
87,86,1192,1104,1060,931
87,1094,86,1192,1104,1060,931
87,1094,1054,800,1104,1060,931
87,1094
87,86,1192,1104
87,1094,86,1192,1104
87,1094,1054,800,1104
87,86,1192
87,1094,86,1192
87,1094,1054,800,1104,1192
87,86,1192,257
87,1094,86,1192,257
87,1094,1054,800,1104,1192,257
92,93
92,1223
92,1223,1055
93,92,1223
93,92,1223,1055
94,95
94,95,1467
94,95,1472,1471
94,95,1472,1471,201
94,95,1472
95,1467
95,1472,1471
95,1472,1471,201
95,1472
112,749
119,120
119,924
119,924,925
119,924,926
119,924,927
119,924,928
119,924,929
119,924,928,867
119,924,925,329
119,924,926,249
119,924,927,439
119,924,929,223
120,119,924
120,119,924,925
120,119,924,926
120,119,924,927
120,119,924,928
120,119,924,929
120,119,924,928,867
120,119,924,925,329
120,119,924,926,249
120,119,924,927,439
120,119,924,929,223
130,3,404
130,3,512
130,3,742
130,3,1387
135,136
135,137
135,136,1474
136,135,137
136,1474
137,135,136,1474
141,142
141,142,261
141,142,261,262
141,142,738
141,142,919
141,142,919,920
141,142,919,920,1025
141,142,261,262,1116
141,142,261,262,1530
142,261
142,261,262
142,738
142,919
142,919,920
142,919,920,1025
142,261,262,1116
142,261,262,1530
154,62,574
154,62,1270,1269,574
154,62,1044
154,62,574,1269
154,62,1270,1269
154,62,1270
154,63,72
159,681
159,681,87,86,1192,1104,800,1054
159,681,87,86,1094,1054
159,681,87,1094,1054
159,681,87,86,1192,1104,800,1054,894
159,681,87,86,1094,1054,894
159,681,87,1094,86,1192,1104,800,1054,894
159,681,87,1094,1054,894
159,681,87,86,1192,1104,800
159,681,87,86,1094,1054,800
159,681,87,1094,86,1192,1104,800
159,681,87,1094,1054,800
159,681,87,86,1192,1104,1060
159,681,87,86,1094,1054,800,1104,1060
159,681,87,1094,86,1192,1104,1060
159,681,87,1094,1054,800,1104,1060
159,681,87,86,1192,1104,1060,931
159,681,87,86,1094,1054,800,1104,1060,931
159,681,87,1094,86,1192,1104,1060,931
159,681,87,1094,1054,800,1104,1060,931
159,681,87,1094
159,681,87,86,1192,1104
159,681,87,86,1094,1054,800,1104
159,681,87,1094,86,1192,1104
159,681,87,1094,1054,800,1104
159,681,87,86,1192
159,681,87,1094,86,1192
159,681,87,1094,1054,800,1104,1192
159,681,87,86,1192,257
159,681,87,86,1094,1054,800,1104,1192,257
159,681,87,1094,86,1192,257
159,681,87,1094,1054,800,1104,1192,257
173,174
187,188
187,189
187,190
187,191
187,192
187,1485
187,1485,1258
187,1485,1279
187,1485,969
187,1485,1486
188,187,189
188,187,190
188,187,191
188,187,192
188,187,1485
188,187,1485,1258
188,187,1485,1279
188,187,1485,969
188,187,1485,1486
189,187,190
189,187,191
189,187,192
189,187,1485
189,187,1485,1258
189,187,1485,1279
189,187,1485,969
189,187,1485,1486
190,187,191
190,187,192
190,187,1485
190,187,1485,1258
190,187,1485,1279
190,187,1485,969
190,187,1485,1486
191,187,192
191,187,1485
191,187,1485,1258
191,187,1485,1279
191,187,1485,969
191,187,1485,1486
192,187,1485
192,187,1485,1258
192,187,1485,1279
192,187,1485,969
192,187,1485,1486
208,209
221,222
232,233
237,238
237,238,338,1454
237,238,338
237,238,1476
238,338,1454
238,338
238,1476
243,244
252,253
252,254
253,252,254
261,262
261,142,738
261,142,919
261,142,919,920
261,142,919,920,1025
261,262,1116
261,262,1530
262,261,142,738
262,261,142,919
262,261,142,919,920
262,261,142,919,920,1025
262,1116
262,1530
265,266
265,267,748,104,266
265,267,748,104,1450,402,266
265,267,1450,104,266
265,267,1450,402,266
265,267
265,268
265,269
265,270
265,271
265,266,104,748
265,266,104,1450,267,748
265,266,402,1450,104,748
265,266,402,1450,267,748
265,267,748
265,267,1450,104,748
265,266,104
265,266,402,1450,104
265,267,748,104
265,267,1450,104
265,267,1450,402,266,104
265,266,402
265,267,748,104,266,402
265,267,748,104,1450,402
265,267,1450,402
265,266,104,1450
265,266,402,1450
265,267,1450
265,266,104,748,267,1497
265,266,104,1450,267,1497
265,266,402,1450,104,748,267,1497
265,266,402,1450,267,1497
265,267,1497
265,266,104,748,267,1565
265,266,104,1450,267,1565
265,266,402,1450,104,748,267,1565
265,266,402,1450,267,1565
265,267,1565
266,265,267
266,104,748,267
266,104,1450,267
266,402,1450,104,748,267
266,402,1450,267
266,265,268
266,104,748,267,265,268
266,104,1450,267,265,268
266,402,1450,104,748,267,265,268
266,402,1450,267,265,268
266,265,269
266,104,748,267,265,269
266,104,1450,267,265,269
266,402,1450,104,748,267,265,269
266,402,1450,267,265,269
266,265,270
266,104,748,267,265,270
266,104,1450,267,265,270
266,402,1450,104,748,267,265,270
266,402,1450,267,265,270
266,265,271
266,104,748,267,265,271
266,104,1450,267,265,271
266,402,1450,104,748,267,265,271
266,402,1450,267,265,271
266,265,267,748
266,104,748
266,104,1450,267,748
266,402,1450,104,748
266,402,1450,267,748
266,104
266,402,1450,104
266,402
266,265,267,1450
266,104,1450
266,402,1450
266,265,267,1497
266,104,748,267,1497
266,104,1450,267,1497
266,402,1450,104,748,267,1497
266,402,1450,267,1497
266,265,267,1565
266,104,748,267,1565
266,104,1450,267,1565
266,402,1450,104,748,267,1565
266,402,1450,267,1565
267,265,268
267,265,269
267,265,270
267,265,271
267,748
267,1450,104,748
267,265,266,104
267,748,104
267,1450,104
267,1450,402,266,104
267,265,266,402
267,748,104,266,402
267,748,104,1450,402
267,1450,402
267,1450
267,1497
267,1565
268,265,269
268,265,270
268,265,271
268,265,266,104,748
268,265,266,104,1450,267,748
268,265,266,402,1450,104,748
268,265,266,402,1450,267,748
268,265,267,748
268,265,267,1450,104,748
268,265,266,104
268,265,266,402,1450,104
268,265,267,748,104
268,265,267,1450,104
268,265,267,1450,402,266,104
268,265,266,402
268,265,267,748,104,266,402
268,265,267,748,104,1450,402
268,265,267,1450,402
268,265,266,104,1450
268,265,266,402,1450
268,265,267,1450
268,265,266,104,748,267,1497
268,265,266,104,1450,267,1497
268,265,266,402,1450,104,748,267,1497
268,265,266,402,1450,267,1497
268,265,267,1497
268,265,266,104,748,267,1565
268,265,266,104,1450,267,1565
268,265,266,402,1450,104,748,267,1565
268,265,266,402,1450,267,1565
268,265,267,1565
269,265,270
269,265,271
269,265,266,104,748
269,265,266,104,1450,267,748
269,265,266,402,1450,104,748
269,265,266,402,1450,267,748
269,265,267,748
269,265,267,1450,104,748
269,265,266,104
269,265,266,402,1450,104
269,265,267,748,104
269,265,267,1450,104
269,265,267,1450,402,266,104
269,265,266,402
269,265,267,748,104,266,402
269,265,267,748,104,1450,402
269,265,267,1450,402
269,265,266,104,1450
269,265,266,402,1450
269,265,267,1450
269,265,266,104,748,267,1497
269,265,266,104,1450,267,1497
269,265,266,402,1450,104,748,267,1497
269,265,266,402,1450,267,1497
269,265,267,1497
269,265,266,104,748,267,1565
269,265,266,104,1450,267,1565
269,265,266,402,1450,104,748,267,1565
269,265,266,402,1450,267,1565
269,265,267,1565
270,265,271
270,265,266,104,748
270,265,266,104,1450,267,748
270,265,266,402,1450,104,748
270,265,266,402,1450,267,748
270,265,267,748
270,265,267,1450,104,748
270,265,266,104
270,265,266,402,1450,104
270,265,267,748,104
270,265,267,1450,104
270,265,267,1450,402,266,104
270,265,266,402
270,265,267,748,104,266,402
270,265,267,748,104,1450,402
270,265,267,1450,402
270,265,266,104,1450
270,265,266,402,1450
270,265,267,1450
270,265,266,104,748,267,1497
270,265,266,104,1450,267,1497
270,265,266,402,1450,104,748,267,1497
270,265,266,402,1450,267,1497
270,265,267,1497
270,265,266,104,748,267,1565
270,265,266,104,1450,267,1565
270,265,266,402,1450,104,748,267,1565
270,265,266,402,1450,267,1565
270,265,267,1565
271,265,266,104,748
271,265,266,104,1450,267,748
271,265,266,402,1450,104,748
271,265,266,402,1450,267,748
271,265,267,748
271,265,267,1450,104,748
271,265,266,104
271,265,266,402,1450,104
271,265,267,748,104
271,265,267,1450,104
271,265,267,1450,402,266,104
271,265,266,402
271,265,267,748,104,266,402
271,265,267,748,104,1450,402
271,265,267,1450,402
271,265,266,104,1450
271,265,266,402,1450
271,265,267,1450
271,265,266,104,748,267,1497
271,265,266,104,1450,267,1497
271,265,266,402,1450,104,748,267,1497
271,265,266,402,1450,267,1497
271,265,267,1497
271,265,266,104,748,267,1565
271,265,266,104,1450,267,1565
271,265,266,402,1450,104,748,267,1565
271,265,266,402,1450,267,1565
271,265,267,1565
285,167
287,25,411
287,25,895
287,25,899
287,25,1273
287,25,1438
287,25,1478
287,25,1557
287,25,1560
292,545
302,303
312,313
312,313,384
312,1139
312,1139,566
313,384
313,312,1139
313,312,1139,566
322,289
334,335
334,335,644
334,335,696
334,335,721
334,335,980
335,644
335,696
335,721
335,980
336,337
336,205
336,337,725
336,337,725,128
336,337,1052
336,337,1052,863
336,337,1131
336,337,1131,1132
336,337,1302
336,337,1302,1286
336,337,1432
336,337,1432,1348
337,336,205
337,725
337,725,128
337,1052
337,1052,863
337,1131
337,1131,1132
337,1302
337,1302,1286
337,1432
337,1432,1348
205,336,337,725
205,336,337,725,128
205,336,337,1052
205,336,337,1052,863
205,336,337,1131
205,336,337,1131,1132
205,336,337,1302
205,336,337,1302,1286
205,336,337,1432
205,336,337,1432,1348
340,9
340,341,370,9
340,342,370,9
340,343,371,369,370,9
340,343,370,9
340,369,370,9
340,341
340,342,370,341
340,343,371,369,370,341
340,343,370,341
340,369,370,341
340,342
340,343,371,369,370,342
340,343,370,342
340,369,370,342
340,343
340,369,370,343
340,369,371,343
340,369
340,9,370
340,341,370
340,342,370
340,343,371,369,370
340,343,370
340,369,370
340,9,370,369,371
340,9,370,343,371
340,341,370,369,371
340,341,370,343,371
340,342,370,369,371
340,342,370,343,371
340,343,371
340,369,371
340,9,370,369,371,343,796
340,9,370,343,796
340,341,370,369,371,343,796
340,341,370,343,796
340,342,370,369,371,343,796
340,342,370,343,796
340,343,796
340,369,370,343,796
340,369,371,343,796
9,340,341
9,340,342,370,341
9,340,343,371,369,370,341
9,340,343,370,341
9,340,369,370,341
9,370,341
9,340,342
9,340,343,371,369,370,342
9,340,343,370,342
9,340,369,370,342
9,370,342
9,340,343
9,340,369,370,343
9,340,369,371,343
9,370,369,371,343
9,370,343
9,340,369
9,370,369
9,370
9,340,341,370,369,371
9,340,341,370,343,371
9,340,342,370,369,371
9,340,342,370,343,371
9,340,343,371
9,340,369,371
9,370,369,371
9,370,343,371
9,340,341,370,369,371,343,796
9,340,341,370,343,796
9,340,342,370,369,371,343,796
9,340,342,370,343,796
9,340,343,796
9,340,369,370,343,796
9,340,369,371,343,796
9,370,369,371,343,796
9,370,343,796
341,340,342
341,340,343,371,369,370,342
341,340,343,370,342
341,340,369,370,342
341,370,342
341,340,343
341,340,369,370,343
341,340,369,371,343
341,370,369,371,343
341,370,343
341,340,369
341,370,369
341,370
341,340,342,370,369,371
341,340,342,370,343,371
341,340,343,371
341,340,369,371
341,370,369,371
341,370,343,371
341,340,342,370,369,371,343,796
341,340,342,370,343,796
341,340,343,796
341,340,369,370,343,796
341,340,369,371,343,796
341,370,369,371,343,796
341,370,343,796
342,340,343
342,340,369,370,343
342,340,369,371,343
342,370,369,371,343
342,370,343
342,340,369
342,370,369
342,370
342,340,343,371
342,340,369,371
342,370,369,371
342,370,343,371
342,340,343,796
342,340,369,370,343,796
342,340,369,371,343,796
342,370,369,371,343,796
342,370,343,796
343,340,369
343,371,369
343,370,369
343,371,369,370
343,370
343,371
343,796
346,347
346,348
346,347,321
347,346,348
347,321
348,346,347,321
363,364
363,365,1011,364
363,365
363,364,1011,365,430
363,365,430
363,364,1011,365,639
363,365,639
363,364,1011
363,365,1011
364,363,365
364,1011,365
364,363,365,430
364,1011,365,430
364,363,365,639
364,1011,365,639
364,1011
365,430
365,639
365,1011
369,370
369,371
369,370,343,796
369,340,343,796
369,371,343,796
370,369,371
370,343,371
370,369,371,343,796
370,343,796
371,343,796
384,313,312,1139
384,313,312,1139,566
390,391
395,396
395,1575
395,1575,214
396,395,1575
396,395,1575,214
397,398
397,399
397,398,864
397,398,1154,864
397,398,1154
397,398,1529
397,398,1529,624
397,398,1529,1528
398,397,399
398,864
398,1154,864
398,1154
398,1529
398,1529,624
398,1529,1528
399,397,398,864
399,397,398,1154,864
399,397,398,1154
399,397,398,1529
399,397,398,1529,624
399,397,398,1529,1528
404,3,512
404,3,742
404,3,1387
411,25,895
411,25,899
411,25,1273
411,25,1438
411,25,1478
411,25,1557
411,25,1560
430,365,639
430,365,1011
437,438
437,438,1066
437,438,1271
438,1066
438,1271
441,442
441,122,668,442
441,122,668,669,763,442
441,122,668,669,1403,442
441,122,763,442
441,122,763,669,1403,442
441,122,986,442
441,122,1403,442
441,122
441,442,668
441,442,763,122,668
441,442,763,122,1403,669,668
441,442,763,669,668
441,442,986,122,668
441,442,986,122,763,669,668
441,442,986,122,1403,669,668
441,442,1403,122,668
441,442,1403,669,668
441,122,668
441,122,763,669,668
441,122,1403,669,668
441,442,668,669
441,442,763,669
441,442,986,122,668,669
441,442,986,122,763,669
441,442,986,122,1403,669
441,442,1403,669
441,122,668,669
441,122,763,669
441,122,1403,669
441,442,763
441,442,986,122,763
441,442,986,122,1403,669,763
441,442,1403,122,763
441,442,1403,669,763
441,122,763
441,122,1403,669,763
441,442,986
441,442,1403,122,986
441,122,986
441,442,1403
441,122,1403
442,441,122
442,668,122
442,668,669,763,122
442,668,669,1403,122
442,763,122
442,763,669,1403,122
442,986,122
442,1403,122
442,668
442,763,122,668
442,763,122,1403,669,668
442,763,669,668
442,986,122,668
442,986,122,763,669,668
442,986,122,1403,669,668
442,1403,122,668
442,1403,669,668
442,441,122,668,669
442,441,122,763,669
442,441,122,1403,669
442,668,669
442,763,669
442,986,122,668,669
442,986,122,763,669
442,986,122,1403,669
442,1403,669
442,763
442,986,122,763
442,986,122,1403,669,763
442,1403,122,763
442,1403,669,763
442,986
442,1403,122,986
442,1403
122,668
122,763,669,668
122,1403,669,668
122,668,669
122,763,669
122,1403,669
122,763
122,1403,669,763
122,986
122,1403
453,107
453,107,521
453,107,689
453,107,957
107,521
107,689
107,957
463,460
475,309
482,483
482,483,1508
483,1508
500,284
500,206
284,500,206
503,478
503,504,1275,478
503,504
503,478,1275
503,504,1275
478,503,504
478,1275,504
478,1275
504,1275
512,3,742
512,3,1387
521,107,689
521,107,957
525,526
525,526,1173
525,526,1299
526,1173
526,1299
531,317
532,533
532,534
532,535
532,175
532,536
532,431
532,537
532,538
532,539
533,532,534
533,532,535
533,532,175
533,532,536
533,532,431
533,532,537
533,532,538
533,532,539
534,532,535
534,532,175
534,532,536
534,532,431
534,532,537
534,532,538
534,532,539
535,532,175
535,532,536
535,532,431
535,532,537
535,532,538
535,532,539
175,532,536
175,532,431
175,532,537
175,532,538
175,532,539
536,532,431
536,532,537
536,532,538
536,532,539
431,532,537
431,532,538
431,532,539
537,532,538
537,532,539
538,532,539
540,78,77,79,1220,1219
540,78,1220,1219
540,78,77,79,1220,1219,193
540,78,1220,1219,193
540,78,1220
540,78,1231
540,78,1308
540,78,1509
540,78,1510
568,301
574,62,1044
574,1269,1270,62,1044
574,1269
574,62,1270
574,1269,1270
574,62,61,63,72
574,62,154,63,72
574,62,64,61,63,72
574,62,66,61,63,72
574,62,63,72
574,1269,1270,62,61,63,72
574,1269,1270,62,154,63,72
574,1269,1270,62,64,61,63,72
574,1269,1270,62,66,61,63,72
574,1269,1270,62,63,72
575,90
575,90,1384
90,1384
576,577
584,97
584,97,1151
97,1151
585,586
585,586,1021
586,1021
588,589
588,1195
589,588,1195
592,593
594,595
594,595,678
594,1098
594,595,1536
594,595,1536,429
594,595,1536,1056
595,678
595,594,1098
595,1536
595,1536,429
595,1536,1056
603,604
605,606
610,466
610,611
466,610,611
627,514
628,629
628,629,830
628,629,879
629,830
629,879
644,335,696
644,335,721
644,335,980
653,650
653,654
653,654,1009
650,653,654
650,653,654,1009
654,1009
664,665
664,811
665,664,811
668,669
668,442,763
668,442,986,122,763
668,442,986,122,1403,669,763
668,442,1403,122,763
668,442,1403,669,763
668,122,763
668,122,1403,669,763
668,669,763
668,442,986
668,442,1403,122,986
668,122,986
668,669,763,442,986
668,669,763,122,986
668,669,1403,442,986
668,669,1403,122,986
668,442,1403
668,122,1403
668,669,1403
669,763
669,668,442,986
669,668,122,986
669,763,442,986
669,763,122,986
669,1403,442,986
669,1403,122,986
669,1403
678,595,594,1098
678,595,1536
678,595,1536,429
678,595,1536,1056
681,87,86,1192,1104,800,1054
681,87,86,1094,1054
681,87,1094,1054
681,87,86,1192,1104,800,1054,894
681,87,86,1094,1054,894
681,87,1094,86,1192,1104,800,1054,894
681,87,1094,1054,894
681,87,86,1192,1104,800
681,87,86,1094,1054,800
681,87,1094,86,1192,1104,800
681,87,1094,1054,800
681,87,86,1192,1104,1060
681,87,86,1094,1054,800,1104,1060
681,87,1094,86,1192,1104,1060
681,87,1094,1054,800,1104,1060
681,87,86,1192,1104,1060,931
681,87,86,1094,1054,800,1104,1060,931
681,87,1094,86,1192,1104,1060,931
681,87,1094,1054,800,1104,1060,931
681,87,1094
681,87,86,1192,1104
681,87,86,1094,1054,800,1104
681,87,1094,86,1192,1104
681,87,1094,1054,800,1104
681,87,86,1192
681,87,1094,86,1192
681,87,1094,1054,800,1104,1192
681,87,86,1192,257
681,87,86,1094,1054,800,1104,1192,257
681,87,1094,86,1192,257
681,87,1094,1054,800,1104,1192,257
686,687
689,107,957
696,335,721
696,335,980
697,698
702,703
702,703,787
703,787
719,374
721,335,980
722,723
725,128
725,337,1052
725,337,1052,863
725,337,1131
725,337,1131,1132
725,337,1302
725,337,1302,1286
725,337,1432
725,337,1432,1348
128,725,337,1052
128,725,337,1052,863
128,725,337,1131
128,725,337,1131,1132
128,725,337,1302
128,725,337,1302,1286
128,725,337,1432
128,725,337,1432,1348
732,733
738,142,919
738,142,919,920
738,142,919,920,1025
738,142,261,262,1116
738,142,261,262,1530
742,3,1387
744,263
746,299
746,299,883
746,299,915
746,299,1077
746,299,1538
299,883
299,915
299,1077
299,1538
748,104
748,267,265,266,402
748,267,1450,402
748,104,266,402
748,104,1450,402
748,267,1450
748,104,1450
748,267,1497
748,104,1450,267,1497
748,267,1565
748,104,1450,267,1565
104,266,402
104,1450,402
104,1450
104,748,267,1497
104,266,265,267,1497
104,266,402,1450,267,1497
104,1450,402,266,265,267,1497
104,1450,267,1497
104,748,267,1565
104,266,265,267,1565
104,266,402,1450,267,1565
104,1450,402,266,265,267,1565
104,1450,267,1565
758,759
763,442,986
763,442,1403,122,986
763,122,986
763,669,1403,442,986
763,669,1403,122,986
763,442,1403
763,122,1403
763,669,1403
801,148
639,365,1011
823,618
825,826
828,184
831,457
402,1450
402,266,265,267,1497
402,266,104,748,267,1497
402,1450,104,748,267,1497
402,1450,267,1497
402,266,265,267,1565
402,266,104,748,267,1565
402,1450,104,748,267,1565
402,1450,267,1565
848,849
850,851
850,264
850,715
850,715,1470
850,715,1470,972
850,715,1470,15
850,715,1516
851,850,264
851,850,715
851,850,715,1470
851,850,715,1470,972
851,850,715,1470,15
851,850,715,1516
264,850,715
264,850,715,1470
264,850,715,1470,972
264,850,715,1470,15
264,850,715,1516
715,1470
715,1470,972
715,1470,15
715,1516
856,857
864,1154
864,398,1529
864,1154,398,1529
864,398,1529,624
864,1154,398,1529,624
864,398,1529,1528
864,1154,398,1529,1528
830,629,879
883,299,915
883,299,1077
883,299,1538
895,25,899
895,25,1273
895,25,1438
895,25,1478
895,25,1557
895,25,1560
897,898
899,25,1273
899,25,1438
899,25,1478
899,25,1557
899,25,1560
914,410
914,410,1037
410,1037
915,299,1077
915,299,1538
916,917
916,381
916,841
916,918
917,916,381
917,916,841
917,916,918
381,916,841
381,916,918
841,916,918
919,920
919,920,1025
919,142,261,262,1116
919,142,261,262,1530
920,1025
920,919,142,261,262,1116
920,919,142,261,262,1530
924,925
924,926
924,927
924,928
924,929
924,928,867
924,925,329
924,926,249
924,927,439
924,929,223
925,924,926
925,924,927
925,924,928
925,924,929
925,924,928,867
925,329
925,924,926,249
925,924,927,439
925,924,929,223
926,924,927
926,924,928
926,924,929
926,924,928,867
926,924,925,329
926,249
926,924,927,439
926,924,929,223
927,924,928
927,924,929
927,924,928,867
927,924,925,329
927,924,926,249
927,439
927,924,929,223
928,924,929
928,867
928,924,925,329
928,924,926,249
928,924,927,439
928,924,929,223
929,924,928,867
929,924,925,329
929,924,926,249
929,924,927,439
929,223
954,358
960,961
965,194
966,281
966,967
281,966,967
986,442,1403
986,122,1403
989,215
989,215,1260
215,1260
990,991
990,304
991,990,304
867,928,924,925,329
867,928,924,926,249
867,928,924,927,439
867,928,924,929,223
1012,1013
1012,311
1013,1012,311
1014,1015
1025,920,919,142,261,262,1116
1025,920,919,142,261,262,1530
1027,617
1044,62,574,1269
1044,62,1270,1269
1044,62,1270
1044,62,61,63,72
1044,62,154,63,72
1044,62,64,61,63,72
1044,62,66,61,63,72
1044,62,63,72
1048,339
1052,863
1052,337,1131
1052,337,1131,1132
1052,337,1302
1052,337,1302,1286
1052,337,1432
1052,337,1432,1348
863,1052,337,1131
863,1052,337,1131,1132
863,1052,337,1302
863,1052,337,1302,1286
863,1052,337,1432
863,1052,337,1432,1348
1054,894
1054,800
1054,800,1104,1060
1054,1094,87,86,1192,1104,1060
1054,1094,86,1192,1104,1060
1054,800,1104,1060,931
1054,1094,87,86,1192,1104,1060,931
1054,1094,86,1192,1104,1060,931
1054,1094
1054,800,1104
1054,1094,87,86,1192,1104
1054,1094,86,1192,1104
1054,800,1104,1192
1054,1094,87,86,1192
1054,1094,86,1192
1054,800,1104,1192,257
1054,1094,87,86,1192,257
1054,1094,86,1192,257
894,1054,800
894,1054,1094,86,1192,1104,800
894,1054,800,1104,1060
894,1054,1094,87,86,1192,1104,1060
894,1054,1094,86,1192,1104,1060
894,1054,800,1104,1060,931
894,1054,1094,87,86,1192,1104,1060,931
894,1054,1094,86,1192,1104,1060,931
894,1054,1094
894,1054,800,1104
894,1054,1094,87,86,1192,1104
894,1054,1094,86,1192,1104
894,1054,800,1104,1192
894,1054,1094,87,86,1192
894,1054,1094,86,1192
894,1054,800,1104,1192,257
894,1054,1094,87,86,1192,257
894,1054,1094,86,1192,257
800,1054,1094,87,86,1192,1104,1060
800,1054,1094,86,1192,1104,1060
800,1104,1060
800,1054,1094,87,86,1192,1104,1060,931
800,1054,1094,86,1192,1104,1060,931
800,1104,1060,931
800,1054,1094
800,1104,1192,86,1094
800,1104
800,1054,1094,87,86,1192
800,1054,1094,86,1192
800,1104,1192
800,1054,1094,87,86,1192,257
800,1054,1094,86,1192,257
800,1104,1192,257
1060,931
1060,1104,800,1054,1094
1060,1104,1192,86,1094
1060,1104
1060,1104,1192
1060,1104,800,1054,1094,87,86,1192,257
1060,1104,800,1054,1094,86,1192,257
1060,1104,1192,257
931,1060,1104,800,1054,1094
931,1060,1104,1192,86,1094
931,1060,1104
931,1060,1104,1192
931,1060,1104,800,1054,1094,87,86,1192,257
931,1060,1104,800,1054,1094,86,1192,257
931,1060,1104,1192,257
1066,438,1271
1074,1075
1074,1379
1075,1074,1379
1077,299,1538
1081,1033
1081,1033,1499
1033,1499
1094,86,1192,1104
1094,1054,800,1104
1094,86,1192
1094,1054,800,1104,1192
1094,86,1192,257
1094,1054,800,1104,1192,257
1098,594,595,1536
1098,594,595,1536,429
1098,594,595,1536,1056
1104,1192
1104,1192,257
1106,578
1106,578,1188
578,1188
1108,657
1116,262,1530
1117,297
1121,403
1131,1132
1131,337,1302
1131,337,1302,1286
1131,337,1432
1131,337,1432,1348
1132,1131,337,1302
1132,1131,337,1302,1286
1132,1131,337,1432
1132,1131,337,1432,1348
1139,566
1141,293
1154,398,1529
1154,398,1529,624
1154,398,1529,1528
1168,676
1172,886
1172,1483
1172,1483,1301
1172,1483,1201
886,1172,1483
886,1172,1483,1301
886,1172,1483,1201
1173,526,1299
1176,1177
1192,257
1193,1194
1197,1198
1203,1204
1219,193
1219,1220
1219,1220,78,1231
1219,1220,79,77,78,1231
1219,1220,78,1308
1219,1220,79,77,78,1308
1219,1220,78,1509
1219,1220,79,77,78,1509
1219,1220,78,1510
1219,1220,79,77,78,1510
193,1219,1220
193,1219,1220,78,1231
193,1219,1220,79,77,78,1231
193,1219,1220,78,1308
193,1219,1220,79,77,78,1308
193,1219,1220,78,1509
193,1219,1220,79,77,78,1509
193,1219,1220,78,1510
193,1219,1220,79,77,78,1510
1220,78,1231
1220,78,1308
1220,78,1509
1220,78,1510
1223,1055
1231,78,1308
1231,78,1509
1231,78,1510
329,925,924,926,249
329,925,924,927,439
329,925,924,929,223
1268,902
1268,186
902,1268,186
1269,1270
1269,1270,62,61,63,72
1269,1270,62,154,63,72
1269,1270,62,64,61,63,72
1269,1270,62,66,61,63,72
1269,1270,62,63,72
1269,574,62,61,63,72
1269,574,62,154,63,72
1269,574,62,64,61,63,72
1269,574,62,66,61,63,72
1269,574,62,63,72
1270,62,61,63,72
1270,62,154,63,72
1270,62,64,61,63,72
1270,62,66,61,63,72
1270,62,63,72
1273,25,1438
1273,25,1478
1273,25,1557
1273,25,1560
1277,904
249,926,924,927,439
249,926,924,929,223
1281,667
1302,1286
1302,337,1432
1302,337,1432,1348
1286,1302,337,1432
1286,1302,337,1432,1348
1308,78,1509
1308,78,1510
1331,942
1355,1159
1355,1159,1405
1159,1405
1356,798
1256,56,1090
1368,324
1372,658
1410,461
1425,614
1432,1348
1438,25,1478
1438,25,1557
1438,25,1560
1444,590
1450,267,1497
1450,267,1565
1454,338
1454,338,238,1476
338,238,1476
1455,1435
439,927,924,929,223
1466,1190
1467,95,1472,1471
1467,95,1472,1471,201
1467,95,1472
1468,1114
1470,972
1470,15
1470,715,1516
972,1470,15
972,1470,715,1516
15,1470,715,1516
1471,201
1471,1472
201,1471,1472
1473,452
1478,25,1557
1478,25,1560
1483,1301
1483,1201
1301,1483,1201
1485,1258
1485,1279
1485,969
1485,1486
1258,1485,1279
1258,1485,969
1258,1485,1486
1279,1485,969
1279,1485,1486
969,1485,1486
1488,1089
1488,490
1488,1561
1089,1488,490
1089,1488,1561
490,1488,1561
1492,1251
1497,267,1565
1509,78,1510
1511,30
1525,1113
1529,624
1529,1528
624,1529,1528
1536,429
1536,1056
429,1536,1056
1542,772
1543,1417
1555,635
1557,25,1560
1559,784
1570,921
1575,214
1576,1125
1580,1344
