8,9
19,20
19,221,6,24,25,20
19,221,6,184,494,24,25,20
19,221,6,494,24,25,20
19,20,25,24
19,221,6,24
19,221,6,184,494,24
19,221,6,494,24
19,20,25,24,6
19,20,25,24,494,6
19,20,25,24,494,184,6
19,221,6
19,20,25
19,221,6,24,25
19,221,6,184,494,24,25
19,221,6,494,24,25
19,20,25,24,6,184
19,20,25,24,494,184
19,221,6,184
19,221,6,494,184
19,20,25,24,6,221,220
19,20,25,24,494,6,221,220
19,20,25,24,494,184,6,221,220
19,221,220
19,221
19,20,25,24,6,221,242,241
19,20,25,24,494,6,221,242,241
19,20,25,24,494,184,6,221,242,241
19,221,242,241
19,20,25,24,6,221,242
19,20,25,24,494,6,221,242
19,20,25,24,494,184,6,221,242
19,221,242
19,20,25,24,6,221,364
19,20,25,24,494,6,221,364
19,20,25,24,494,184,6,221,364
19,221,364
19,20,25,24,6,221,242,241,432
19,20,25,24,494,6,221,242,241,432
19,20,25,24,494,184,6,221,242,241,432
19,221,242,241,432
19,20,25,24,6,221,242,241,432,201
19,20,25,24,494,6,221,242,241,432,201
19,20,25,24,494,184,6,221,242,241,432,201
19,221,242,241,432,201
19,20,25,24,494
19,221,6,494
19,20,25,24,6,184,494,30
19,20,25,24,6,494,30
19,20,25,24,494,30
19,221,6,24,494,30
19,221,6,184,494,30
19,221,6,494,30
19,20,25,24,6,184,494,294
19,20,25,24,6,494,294
19,20,25,24,494,294
19,221,6,24,494,294
19,221,6,184,494,294
19,221,6,494,294
20,19,221,6,24
20,19,221,6,184,494,24
20,19,221,6,494,24
20,25,24
20,19,221,6
20,25,24,6
20,25,24,494,6
20,25,24,494,184,6
20,25
20,19,221,6,184
20,19,221,6,494,184
20,25,24,6,184
20,25,24,494,184
20,19,221,220
20,25,24,6,221,220
20,25,24,494,6,221,220
20,25,24,494,184,6,221,220
20,19,221
20,25,24,6,221
20,25,24,494,6,221
20,25,24,494,184,6,221
20,19,221,242,241
20,25,24,6,221,242,241
20,25,24,494,6,221,242,241
20,25,24,494,184,6,221,242,241
20,19,221,242
20,25,24,6,221,242
20,25,24,494,6,221,242
20,25,24,494,184,6,221,242
20,19,221,364
20,25,24,6,221,364
20,25,24,494,6,221,364
20,25,24,494,184,6,221,364
20,19,221,242,241,432
20,25,24,6,221,242,241,432
20,25,24,494,6,221,242,241,432
20,25,24,494,184,6,221,242,241,432
20,19,221,242,241,432,201
20,25,24,6,221,242,241,432,201
20,25,24,494,6,221,242,241,432,201
20,25,24,494,184,6,221,242,241,432,201
20,19,221,6,494
20,25,24,494
20,19,221,6,24,494,30
20,19,221,6,184,494,30
20,19,221,6,494,30
20,25,24,6,184,494,30
20,25,24,6,494,30
20,25,24,494,30
20,19,221,6,24,494,294
20,19,221,6,184,494,294
20,19,221,6,494,294
20,25,24,6,184,494,294
20,25,24,6,494,294
20,25,24,494,294
21,22
24,6
24,494,6
24,494,184,6
24,25
24,6,184
24,25,20,19,221,6,184
24,494,184
24,6,221,220
24,25,20,19,221,220
24,494,6,221,220
24,494,184,6,221,220
24,6,221
24,25,20,19,221
24,494,6,221
24,494,184,6,221
24,6,221,242,241
24,25,20,19,221,242,241
24,494,6,221,242,241
24,494,184,6,221,242,241
24,6,221,242
24,25,20,19,221,242
24,494,6,221,242
24,494,184,6,221,242
24,6,221,364
24,25,20,19,221,364
24,494,6,221,364
24,494,184,6,221,364
24,6,221,242,241,432
24,25,20,19,221,242,241,432
24,494,6,221,242,241,432
24,494,184,6,221,242,241,432
24,6,221,242,241,432,201
24,25,20,19,221,242,241,432,201
24,494,6,221,242,241,432,201
24,494,184,6,221,242,241,432,201
24,494
24,6,184,494,30
24,6,494,30
24,25,20,19,221,6,184,494,30
24,25,20,19,221,6,494,30
24,494,30
24,6,184,494,294
24,6,494,294
24,25,20,19,221,6,184,494,294
24,25,20,19,221,6,494,294
24,494,294
6,24,25
6,184,494,24,25
6,221,19,20,25
6,494,24,25
6,184
6,494,184
6,221,220
6,221
6,221,242,241
6,221,242
6,221,364
6,221,242,241,432
6,221,242,241,432,201
6,494
6,184,494,30
6,494,30
6,184,494,294
6,494,294
25,24,6,184
25,24,494,184
25,20,19,221,6,184
25,20,19,221,6,494,184
25,24,6,221,220
25,24,494,6,221,220
25,24,494,184,6,221,220
25,20,19,221,220
25,24,6,221
25,24,494,6,221
25,24,494,184,6,221
25,20,19,221
25,24,6,221,242,241
25,24,494,6,221,242,241
25,24,494,184,6,221,242,241
25,20,19,221,242,241
25,24,6,221,242
25,24,494,6,221,242
25,24,494,184,6,221,242
25,20,19,221,242
25,24,6,221,364
25,24,494,6,221,364
25,24,494,184,6,221,364
25,20,19,221,364
25,24,6,221,242,241,432
25,24,494,6,221,242,241,432
25,24,494,184,6,221,242,241,432
25,20,19,221,242,241,432
25,24,6,221,242,241,432,201
25,24,494,6,221,242,241,432,201
25,24,494,184,6,221,242,241,432,201
25,20,19,221,242,241,432,201
25,24,494
25,20,19,221,6,494
25,24,6,184,494,30
25,24,6,494,30
25,24,494,30
25,20,19,221,6,184,494,30
25,20,19,221,6,494,30
25,24,6,184,494,294
25,24,6,494,294
25,24,494,294
25,20,19,221,6,184,494,294
25,20,19,221,6,494,294
36,37
50,51
50,51,189,193
50,51,193
50,51,189
50,51,305
51,189,193
51,193
51,189
51,305
55,56
55,56,129
55,56,150
55,56,150,151
55,56,345
55,56,478
55,56,483
56,129
56,150
56,150,151
56,345
56,478
56,483
59,60
66,28
84,40
84,40,443,444,302,248
84,40,249,248
84,40,443,444,302,248,249
84,40,249
84,40,443,444,302,248,288
84,40,249,248,288
84,40,443,444,302
84,40,249,248,302
84,40,443,444,302,248,249,332
84,40,249,332
84,40,421
84,40,443
84,40,443,444
84,40,249,248,302,444
84,40,443,444,302,248,249,477
84,40,249,477
84,40,443,444,302,248,249,477,490
84,40,249,477,490
40,443,444,302,248
40,249,248
40,443,444,302,248,249
40,249
40,443,444,302,248,288
40,249,248,288
40,443,444,302
40,249,248,302
40,443,444,302,248,249,332
40,249,332
40,421
40,443
40,443,444
40,249,248,302,444
40,443,444,302,248,249,477
40,249,477
40,443,444,302,248,249,477,490
40,249,477,490
92,82
93,94
93,95,211,96,94
93,95,254,94
93,96,211,95,254,94
93,96,94
93,95
93,96,211,95
93,96,94,254,95
93,14
93,96
93,94,254,95,211
93,94,96,211
93,95,211
93,96,211
93,94,254
93,95,254
93,96,211,95,254
93,96,94,254
93,94,254,95,400,399
93,94,96,211,95,400,399
93,95,400,399
93,96,211,95,400,399
93,96,94,254,95,400,399
93,94,254,95,400
93,94,96,211,95,400
93,95,400
93,96,211,95,400
93,96,94,254,95,400
94,93,95
94,254,95
94,96,93,95
94,96,211,95
94,93,14
94,254,95,93,14
94,254,95,211,96,93,14
94,96,93,14
94,96,211,95,93,14
94,254,95,211,96
94,96
94,93,95,211
94,254,95,211
94,96,211
94,254
94,93,95,400,399
94,254,95,400,399
94,96,93,95,400,399
94,96,211,95,400,399
94,93,95,400
94,254,95,400
94,96,93,95,400
94,96,211,95,400
95,93,14
95,211,96,93,14
95,254,94,96,93,14
95,93,96
95,211,96
95,254,94,96
95,211
95,254
95,400,399
95,400
14,93,96
14,93,94,254,95,211
14,93,94,96,211
14,93,95,211
14,93,96,211
14,93,94,254
14,93,95,254
14,93,96,211,95,254
14,93,96,94,254
14,93,94,254,95,400,399
14,93,94,96,211,95,400,399
14,93,95,400,399
14,93,96,211,95,400,399
14,93,96,94,254,95,400,399
14,93,94,254,95,400
14,93,94,96,211,95,400
14,93,95,400
14,93,96,211,95,400
14,93,96,94,254,95,400
96,211
96,93,95,254
96,211,95,254
96,94,254
96,93,95,400,399
96,211,95,400,399
96,94,254,95,400,399
96,93,95,400
96,211,95,400
96,94,254,95,400
101,102
101,535,292,160,159
101,535,159
101,535,292,160
101,535,159,160
101,535,292
101,535
101,535,441
101,535,33
102,101,535,292,160,159
102,101,535,159
102,101,535,292,160
102,101,535,159,160
102,101,535,292
102,101,535
102,101,535,441
102,101,535,33
106,107
106,108
106,109
106,110
106,35
107,106,108
107,106,109
107,106,110
107,106,35
108,106,109
108,106,110
108,106,35
109,106,110
109,106,35
110,106,35
115,116
126,127
129,56,150
129,56,150,151
129,56,345
129,56,478
129,56,483
143,144
143,144,469
143,144,521
144,469
144,521
145,146
150,151
150,56,345
150,56,478
150,56,483
151,150,56,345
151,150,56,478
151,150,56,483
156,157
159,160
159,535,292,160
159,160,292
159,535,292
159,535
159,160,292,535,441
159,535,441
159,160,292,535,33
159,535,33
160,292
160,159,535
160,292,535
160,159,535,441
160,292,535,441
160,159,535,33
160,292,535,33
162,163
162,163,318
162,163,513
163,318
163,513
167,168
167,168,423
168,423
170,171
170,13
170,171,512
171,170,13
171,512
13,170,171,512
175,176
175,206
176,175,206
180,181
180,181,344,343
180,181,344
181,344,343
181,344
182,183
182,237
183,182,237
184,6,24,25,20,19,221,220
184,6,221,220
184,494,6,221,220
184,494,24,25,20,19,221,220
184,6,221
184,494,6,221
184,494,24,25,20,19,221
184,6,24,25,20,19,221,242,241
184,6,221,242,241
184,494,6,221,242,241
184,494,24,25,20,19,221,242,241
184,6,24,25,20,19,221,242
184,6,221,242
184,494,6,221,242
184,494,24,25,20,19,221,242
184,6,24,25,20,19,221,364
184,6,221,364
184,494,6,221,364
184,494,24,25,20,19,221,364
184,6,24,25,20,19,221,242,241,432
184,6,221,242,241,432
184,494,6,221,242,241,432
184,494,24,25,20,19,221,242,241,432
184,6,24,25,20,19,221,242,241,432,201
184,6,221,242,241,432,201
184,494,6,221,242,241,432,201
184,494,24,25,20,19,221,242,241,432,201
184,494
184,494,30
184,494,294
190,191
190,191,429
190,191,573
191,429
191,573
193,189
193,189,51,305
193,51,305
189,51,305
194,195
196,197
196,197,231
196,197,233
197,231
197,233
211,95,254
211,96,93,94,254
211,96,94,254
211,95,400,399
211,96,93,94,254,95,400,399
211,96,94,254,95,400,399
211,95,400
211,96,93,94,254,95,400
211,96,94,254,95,400
215,43
220,221
220,221,242,241
220,221,242
220,221,364
220,221,242,241,432
220,221,242,241,432,201
220,221,6,494
220,221,19,20,25,24,494
220,221,6,24,494,30
220,221,6,184,494,30
220,221,6,494,30
220,221,19,20,25,24,6,184,494,30
220,221,19,20,25,24,6,494,30
220,221,19,20,25,24,494,30
220,221,6,24,494,294
220,221,6,184,494,294
220,221,6,494,294
220,221,19,20,25,24,6,184,494,294
220,221,19,20,25,24,6,494,294
220,221,19,20,25,24,494,294
221,242,241
221,242
221,364
221,242,241,432
221,242,241,432,201
221,6,494
221,19,20,25,24,494
221,6,24,494,30
221,6,184,494,30
221,6,494,30
221,19,20,25,24,494,30
221,6,24,494,294
221,6,184,494,294
221,6,494,294
221,19,20,25,24,494,294
222,210
228,229
231,197,233
239,240
241,242
241,242,221,364
241,432
241,432,201
241,242,221,6,494
241,242,221,19,20,25,24,494
241,242,221,6,24,494,30
241,242,221,6,184,494,30
241,242,221,6,494,30
241,242,221,19,20,25,24,6,184,494,30
241,242,221,19,20,25,24,6,494,30
241,242,221,19,20,25,24,494,30
241,242,221,6,24,494,294
241,242,221,6,184,494,294
241,242,221,6,494,294
241,242,221,19,20,25,24,6,184,494,294
241,242,221,19,20,25,24,6,494,294
241,242,221,19,20,25,24,494,294
242,221,364
242,241,432
242,241,432,201
242,221,6,494
242,221,19,20,25,24,494
242,221,6,24,494,30
242,221,6,184,494,30
242,221,6,494,30
242,221,19,20,25,24,6,184,494,30
242,221,19,20,25,24,6,494,30
242,221,19,20,25,24,494,30
242,221,6,24,494,294
242,221,6,184,494,294
242,221,6,494,294
242,221,19,20,25,24,6,184,494,294
242,221,19,20,25,24,6,494,294
242,221,19,20,25,24,494,294
248,249
248,288
248,302
248,249,332
248,249,40,421
248,302,444,443,40,421
248,249,40,443
248,302,444,443
248,249,40,443,444
248,302,444
248,249,477
248,249,477,490
249,248,288
249,40,443,444,302,248,288
249,248,302
249,40,443,444,302
249,332
249,248,302,444,443,40,421
249,40,421
249,248,302,444,443
249,40,443
249,248,302,444
249,40,443,444
249,477
249,477,490
254,95,400,399
254,95,400
263,264
263,406,264
263,406
263,264,406,407
263,264,406,408,407
263,406,407
263,406,408,407
263,264,406,296
263,406,296
263,264,406,408
263,406,408
264,406
264,406,407
264,406,408,407
264,406,296
264,406,408
271,130
274,275
274,276
274,277
275,274,276
275,274,277
276,274,277
287,113
288,248,302
288,248,249,332
288,248,302,444,443,40,249,332
288,248,249,40,421
288,248,302,444,443,40,421
288,248,249,40,443
288,248,302,444,443
288,248,249,40,443,444
288,248,302,444
288,248,249,477
288,248,302,444,443,40,249,477
288,248,249,477,490
288,248,302,444,443,40,249,477,490
292,535
292,535,441
292,535,33
299,300
299,301
299,372
299,447
299,539
300,299,301
300,299,372
300,299,447
300,299,539
301,299,372
301,299,447
301,299,539
302,248,249,332
302,444,443,40,249,332
302,248,249,40,421
302,444,443,40,421
302,248,249,40,443
302,444,443
302,444
302,248,249,477
302,444,443,40,249,477
302,248,249,477,490
302,444,443,40,249,477,490
304,39
304,326
39,304,326
314,315
314,425
315,314,425
332,249,248,302,444,443,40,421
332,249,40,421
332,249,248,302,444,443
332,249,40,443
332,249,248,302,444
332,249,40,443,444
332,249,477
332,249,477,490
339,340
339,340,401
340,401
343,344
345,56,478
345,56,483
358,359
360,361
360,334
360,361,371
361,360,334
361,371
334,360,361,371
372,299,447
372,299,539
374,375
382,78
388,389
388,390
388,391
388,178
389,388,390
389,388,391
389,388,178
390,388,391
390,388,178
391,388,178
399,400
405,282
406,407
406,408,407
406,296
406,408
407,406,296
407,408,406,296
407,408
296,406,408
419,420
421,40,443
421,40,443,444
421,40,249,248,302,444
421,40,443,444,302,248,249,477
421,40,249,477
421,40,443,444,302,248,249,477,490
421,40,249,477,490
364,221,242,241,432
364,221,242,241,432,201
364,221,6,494
364,221,19,20,25,24,494
364,221,6,24,494,30
364,221,6,184,494,30
364,221,6,494,30
364,221,19,20,25,24,6,184,494,30
364,221,19,20,25,24,6,494,30
364,221,19,20,25,24,494,30
364,221,6,24,494,294
364,221,6,184,494,294
364,221,6,494,294
364,221,19,20,25,24,6,184,494,294
364,221,19,20,25,24,6,494,294
364,221,19,20,25,24,494,294
318,163,513
429,191,573
432,201
432,241,242,221,6,494
432,241,242,221,19,20,25,24,494
432,241,242,221,6,24,494,30
432,241,242,221,6,184,494,30
432,241,242,221,6,494,30
432,241,242,221,19,20,25,24,6,184,494,30
432,241,242,221,19,20,25,24,6,494,30
432,241,242,221,19,20,25,24,494,30
432,241,242,221,6,24,494,294
432,241,242,221,6,184,494,294
432,241,242,221,6,494,294
432,241,242,221,19,20,25,24,6,184,494,294
432,241,242,221,19,20,25,24,6,494,294
432,241,242,221,19,20,25,24,494,294
201,432,241,242,221,6,494
201,432,241,242,221,19,20,25,24,494
201,432,241,242,221,6,24,494,30
201,432,241,242,221,6,184,494,30
201,432,241,242,221,6,494,30
201,432,241,242,221,19,20,25,24,6,184,494,30
201,432,241,242,221,19,20,25,24,6,494,30
201,432,241,242,221,19,20,25,24,494,30
201,432,241,242,221,6,24,494,294
201,432,241,242,221,6,184,494,294
201,432,241,242,221,6,494,294
201,432,241,242,221,19,20,25,24,6,184,494,294
201,432,241,242,221,19,20,25,24,6,494,294
201,432,241,242,221,19,20,25,24,494,294
437,103
443,444
443,444,302,248,249,477
443,40,249,477
443,444,302,248,249,477,490
443,40,249,477,490
444,443,40,249,477
444,302,248,249,477
444,443,40,249,477,490
444,302,248,249,477,490
445,47
447,299,539
453,79
461,230
461,230,504
230,504
469,144,521
471,413
477,490
478,56,483
482,346
493,449
494,30
494,294
30,494,294
495,135
517,188
533,52
535,441
535,33
441,535,33
550,551
550,551,38
550,551,536
551,38
551,536
560,279
38,551,536
