6,7
6,7,55,54
6,7,55
7,55,54
7,55
14,15
18,19
18,19,22
18,19,23
18,19,112
18,19,176
19,22
19,23
19,112
19,176
22,19,23
22,19,112
22,19,176
23,19,112
23,19,176
27,28
32,33
41,42
41,42,195
41,42,217
42,195
42,217
43,44
49,50
49,146,147,188,26,51
49,146,147,188,51
49,146,147,188,26
49,146,147,188,26,51,52
49,146,147,188,51,52
49,50,67
49,146
49,146,147
49,146,147,188
49,146,147,188,60
49,146,147,188,189,60
49,146,147,188,189
49,50,200
49,146,147,150
50,49,146,147,188,26,51
50,49,146,147,188,51
50,49,146,147,188,26
50,49,146,147,188,26,51,52
50,49,146,147,188,51,52
50,67
50,49,146
50,49,146,147
50,49,146,147,188
50,49,146,147,188,60
50,49,146,147,188,189,60
50,49,146,147,188,189
50,200
50,49,146,147,150
51,26
51,188,26
51,52
51,26,188,147,146,49,50,67
51,188,147,146,49,50,67
51,26,188,147,146
51,188,147,146
51,26,188,147
51,188,147
51,188
51,26,188,60
51,26,188,189,60
51,188,60
51,188,189,60
51,26,188,189
51,188,189
51,26,188,147,146,49,50,200
51,188,147,146,49,50,200
51,26,188,147,150
51,188,147,150
26,51,52
26,188,51,52
26,188,147,146,49,50,67
26,188,147,146
26,188,147
26,188
26,188,60
26,188,189,60
26,188,189
26,188,147,146,49,50,200
26,188,147,150
52,51,26,188,147,146,49,50,67
52,51,188,147,146,49,50,67
52,51,26,188,147,146
52,51,188,147,146
52,51,26,188,147
52,51,188,147
52,51,188
52,51,26,188,60
52,51,26,188,189,60
52,51,188,60
52,51,188,189,60
52,51,26,188,189
52,51,188,189
52,51,26,188,147,146,49,50,200
52,51,188,147,146,49,50,200
52,51,26,188,147,150
52,51,188,147,150
54,55
57,58
57,59,78,79,58
57,59,78,79,172,58
57,59,172,58
57,59,172,79,58
57,59
57,58,79,78
57,58,172,59,78
57,58,172,79,78
57,59,78
57,59,172,79,78
57,58,79
57,58,172,79
57,59,78,79
57,59,172,79
57,58,79,78,59,120
57,58,79,172,59,120
57,58,172,59,120
57,58,172,79,78,59,120
57,59,120
57,58,172
57,59,172
57,58,79,78,59,172,8
57,58,79,172,8
57,58,172,8
57,59,78,79,172,8
57,59,172,8
57,58,79,78,59,120,181
57,58,79,172,59,120,181
57,58,172,59,120,181
57,58,172,79,78,59,120,181
57,59,120,181
58,57,59
58,79,78,59
58,79,172,59
58,172,59
58,172,79,78,59
58,57,59,78
58,79,78
58,172,59,78
58,172,79,78
58,79
58,172,79
58,57,59,120
58,79,78,59,120
58,79,172,59,120
58,172,59,120
58,172,79,78,59,120
58,172
58,57,59,172,8
58,79,78,59,172,8
58,79,172,8
58,172,8
58,57,59,120,181
58,79,78,59,120,181
58,79,172,59,120,181
58,172,59,120,181
58,172,79,78,59,120,181
59,78
59,172,79,78
59,57,58,79
59,78,79
59,172,79
59,120
59,172
59,57,58,79,172,8
59,78,79,172,8
59,172,8
59,120,181
67,50,49,146
67,50,49,146,147
67,50,49,146,147,188
67,50,49,146,147,188,60
67,50,49,146,147,188,189,60
67,50,49,146,147,188,189
67,50,200
67,50,49,146,147,150
71,72
71,86
71,86,87
72,71,86
72,71,86,87
78,79
78,59,120
78,79,172,59,120
78,59,172
78,79,172
78,59,57,58,172,8
78,59,172,8
78,79,58,172,8
78,79,172,8
78,59,120,181
78,79,172,59,120,181
79,78,59,120
79,58,57,59,120
79,172,59,120
79,172
79,172,8
79,78,59,120,181
79,58,57,59,120,181
79,172,59,120,181
84,85
86,87
91,92
91,92,101,100
91,92,101
91,92,101,113
91,92,101,113,156
91,92,101,113,161
91,92,101,113,163
91,92,101,113,163,164
91,92,101,113,163,165
91,92,101,113,163,166
91,92,101,113,163,167
91,92,101,113,163,165,173,175,119,169
91,92,101,113,163,165,173,175,154,169
91,92,101,113,163,165,173,175,119
91,92,101,113,163,165,173,175,154,169,119
91,92,101,113,163,165,173,175,154
91,92,101,170
91,92,101,113,163,165,173
91,92,101,113,163,165,173,174
91,92,101,113,163,165,173,175
92,101,100
92,101
92,101,113
92,101,113,156
92,101,113,161
92,101,113,163
92,101,113,163,164
92,101,113,163,165
92,101,113,163,166
92,101,113,163,167
92,101,113,163,165,173,175,119,169
92,101,113,163,165,173,175,154,169
92,101,113,163,165,173,175,119
92,101,113,163,165,173,175,154,169,119
92,101,113,163,165,173,175,154
92,101,170
92,101,113,163,165,173
92,101,113,163,165,173,174
92,101,113,163,165,173,175
100,101
100,101,113
100,101,113,156
100,101,113,161
100,101,113,163
100,101,113,163,164
100,101,113,163,165
100,101,113,163,166
100,101,113,163,167
100,101,113,163,165,173,175,119,169
100,101,113,163,165,173,175,154,169
100,101,113,163,165,173,175,119
100,101,113,163,165,173,175,154,169,119
100,101,113,163,165,173,175,154
100,101,170
100,101,113,163,165,173
100,101,113,163,165,173,174
100,101,113,163,165,173,175
101,113
101,113,156
101,113,161
101,113,163
101,113,163,164
101,113,163,165
101,113,163,166
101,113,163,167
101,113,163,165,173,175,119,169
101,113,163,165,173,175,154,169
101,113,163,165,173,175,119
101,113,163,165,173,175,154,169,119
101,113,163,165,173,175,154
101,170
101,113,163,165,173
101,113,163,165,173,174
101,113,163,165,173,175
102,103
102,103,213
102,103,213,215
102,103,213,215,216
103,213
103,213,215
103,213,215,216
108,109
108,93
108,93,111
108,93,115
108,93,138
108,93,139
108,93,186
108,93,231
109,108,93
109,108,93,111
109,108,93,115
109,108,93,138
109,108,93,139
109,108,93,186
109,108,93,231
93,111
93,115
93,138
93,139
93,186
93,231
111,93,115
111,93,138
111,93,139
111,93,186
111,93,231
112,19,176
115,93,138
115,93,139
115,93,186
115,93,231
120,59,172
120,59,57,58,79,172,8
120,59,57,58,172,8
120,59,78,79,58,172,8
120,59,78,79,172,8
120,59,172,8
120,181
129,130
129,131
129,132
129,133
130,129,131
130,129,132
130,129,133
131,129,132
131,129,133
132,129,133
138,93,139
138,93,186
138,93,231
139,93,186
139,93,231
143,66
143,66,226
66,226
113,156
113,161
113,163
113,163,164
113,163,165
113,163,166
113,163,167
113,163,165,173,175,119,169
113,163,165,173,175,154,169
113,163,165,173,175,119
113,163,165,173,175,154,169,119
113,163,165,173,175,154
113,101,170
113,163,165,173
113,163,165,173,174
113,163,165,173,175
146,147
146,147,188
146,147,188,60
146,147,188,189,60
146,147,188,189
146,49,50,200
146,147,150
147,188
147,188,60
147,188,189,60
147,188,189
147,146,49,50,200
147,150
148,97
156,113,161
156,113,163
156,113,163,164
156,113,163,165
156,113,163,166
156,113,163,167
156,113,163,165,173,175,119,169
156,113,163,165,173,175,154,169
156,113,163,165,173,175,119
156,113,163,165,173,175,154,169,119
156,113,163,165,173,175,154
156,113,101,170
156,113,163,165,173
156,113,163,165,173,174
156,113,163,165,173,175
157,158
157,159
157,83
157,36
158,157,159
158,157,83
158,157,36
159,157,83
159,157,36
83,157,36
161,113,163
161,113,163,164
161,113,163,165
161,113,163,166
161,113,163,167
161,113,163,165,173,175,119,169
161,113,163,165,173,175,154,169
161,113,163,165,173,175,119
161,113,163,165,173,175,154,169,119
161,113,163,165,173,175,154
161,113,101,170
161,113,163,165,173
161,113,163,165,173,174
161,113,163,165,173,175
163,164
163,165
163,166
163,167
163,165,173,175,119,169
163,165,173,175,154,169
163,165,173,175,119
163,165,173,175,154,169,119
163,165,173,175,154
163,113,101,170
163,165,173
163,165,173,174
163,165,173,175
164,163,165
164,163,166
164,163,167
164,163,165,173,175,119,169
164,163,165,173,175,154,169
164,163,165,173,175,119
164,163,165,173,175,154,169,119
164,163,165,173,175,154
164,163,113,101,170
164,163,165,173
164,163,165,173,174
164,163,165,173,175
165,163,166
165,163,167
165,173,175,119,169
165,173,175,154,169
165,173,175,119
165,173,175,154,169,119
165,173,175,154
165,163,113,101,170
165,173
165,173,174
165,173,175
166,163,167
166,163,165,173,175,119,169
166,163,165,173,175,154,169
166,163,165,173,175,119
166,163,165,173,175,154,169,119
166,163,165,173,175,154
166,163,113,101,170
166,163,165,173
166,163,165,173,174
166,163,165,173,175
167,163,165,173,175,119,169
167,163,165,173,175,154,169
167,163,165,173,175,119
167,163,165,173,175,154,169,119
167,163,165,173,175,154
167,163,113,101,170
167,163,165,173
167,163,165,173,174
167,163,165,173,175
169,119
169,154,175,119
169,154
169,119,175,173,165,163,113,101,170
169,154,175,173,165,163,113,101,170
169,119,175,173
169,154,175,173
169,119,175,173,174
169,154,175,173,174
169,119,175
169,154,175
119,169,154
119,175,154
119,169,154,175,173,165,163,113,101,170
119,175,173,165,163,113,101,170
119,169,154,175,173
119,175,173
119,169,154,175,173,174
119,175,173,174
119,175
154,175,173,165,163,113,101,170
154,175,173
154,175,173,174
154,175
170,101,113,163,165,173
170,101,113,163,165,173,174
170,101,113,163,165,173,175
172,8
172,59,120,181
8,172,58,57,59,120,181
8,172,58,79,78,59,120,181
8,172,59,120,181
8,172,79,78,59,120,181
8,172,79,58,57,59,120,181
173,174
173,175
174,173,175
179,180
179,180,190
180,190
186,93,231
188,60
188,189,60
188,189
188,147,146,49,50,200
188,147,150
60,189
60,188,147,146,49,50,200
60,189,188,147,146,49,50,200
60,188,147,150
60,189,188,147,150
189,188,147,146,49,50,200
189,188,147,150
195,42,217
199,182
213,215
213,215,216
215,216
220,118
200,50,49,146,147,150
