[26, 18]
[163, 164, 10]
[14, 151]
[72, 29]
[64, 65]
[151, 152]
[285, 256]
[239, 240]
[8, 9]
[276, 29]
[97, 159]
[142, 145]
[142, 14]
[12, 18]
[12, 266]
[20, 70]
[248, 119]
[20, 143]
[168, 169]
[59, 19]
[80, 81]
[215, 216]
[48, 49]
[64, 100]
[250, 214]
[251, 195]
[57, 269]
[147, 148]
[60, 61]
[204, 180]
[196, 52]
[197, 198]
[300, 176]
[224, 92]
[97, 136]
[137, 295]
[47, 40]
[261, 262]
[126, 192]
[105, 106]
[228, 229]
[146, 18]
[46, 47]
[70, 71]
[199, 200]
[250, 104]
[75, 45]
[62, 18]
[207, 208]
[209, 210]
[53, 120]
[151, 162]
[78, 79]
[146, 223, 18]
[30, 45]
[260, 256]
[308, 256]
[151, 203]
[30, 21]
[220, 135]
[289, 30]
[105, 301]
[190, 18]
[305, 306]
[97, 231]
[179, 180]
[12, 156]
[252, 253]
[68, 69]
[118, 119]
[66, 67]
[114, 115]
[287, 288]
[16, 89]
[111, 284]
[134, 135]
[125, 49]
[126, 127]
[69, 105]
[70, 102]
[259, 29]
[14, 286]
[268, 29]
[256, 257]
[181, 281]
[241, 122]
[190, 191]
[237, 29]
[312, 202]
[296, 297]
[142, 34]
[193, 3]
[26, 27, 18]
[20, 123]
[124, 29]
[273, 274]
[110, 86]
[235, 236]
[249, 229]
[62, 20]
[172, 29]
[18, 45]
[12, 13]
[82, 97]
[144, 19]
[39, 40]
[241, 157]
[201, 202]
[2, 3]
[122, 194]
[173, 18]
[64, 307]
[105, 263]
[298, 299]
[291, 47]
[15, 304]
[88, 40]
[181, 182]
[97, 189]
[226, 227]
[310, 40]
[190, 266]
[161, 79]
[174, 115]
[232, 293]
[156, 23]
[166, 10]
[108, 109]
[20, 277]
[106, 131]
[116, 117]
[238, 156]
[105, 241]
[16, 17]
[146, 21]
[2, 148]
[57, 58]
[218, 47]
[251, 99]
[152, 157]
[302, 303]
[193, 167]
[279, 280]
[55, 254]
[73, 74]
[121, 19]
[292, 176]
[20, 42]
[149, 19]
[170, 171]
[246, 29]
[111, 112]
[283, 48]
[105, 157]
[142, 162]
[122, 106]
[178, 29]
[53, 54]
[187, 188]
[213, 214]
[55, 56]
[66, 13]
[292, 274]
[291, 79]
[12, 294]
[105, 122]
[101, 23]
[39, 19]
[221, 192]
[103, 104]
[0, 53]
[10, 11]
[197, 234]
[20, 40]
[68, 186, 97]
[243, 244]
[264, 265]
[122, 107]
[217, 52]
[51, 52]
[64, 275]
[35, 36]
[48, 141]
[139, 140]
[37, 219]
[6, 7]
[161, 47]
[33, 34]
[30, 18]
[152, 122]
[158, 159]
[12, 225]
[57, 49]
[212, 104]
[154, 155]
[0, 1]
[62, 45]
[106, 107]
[14, 34]
[62, 21]
[242, 200]
[267, 117]
[147, 167]
[270, 45]
[138, 29]
[37, 63]
[282, 253]
[125, 141]
[14, 15]
[6, 11]
[177, 49]
[129, 81]
[18, 19]
[278, 22, 23]
[160, 52]
[97, 6]
[222, 45]
[232, 142]
[82, 69]
[2, 167]
[20, 45]
[79, 23]
[95, 96]
[255, 29]
[111, 197]
[20, 21]
[15, 211]
[214, 272]
[290, 176]
[46, 79]
[175, 176]
[30, 20]
[206, 29]
[177, 141]
[170, 258]
[66, 225]
[165, 309]
[78, 47]
[85, 86]
[137, 19]
[28, 29]
[197, 169]
[66, 40]
[4, 5]
[0, 120]
[12, 40]
[59, 150]
[12, 87]
[149, 150]
[221, 127]
[20, 79]
[245, 61]
[142, 136]
[122, 241]
[185, 74]
[24, 25]
[66, 87]
[10, 219]
[57, 141]
[165, 112]
[91, 92]
[119, 16]
[20, 128]
