6,7
6,7,24
6,7,26,24
6,7,25
6,7,26
7,24
7,26,24
7,25
7,26
15,16
15,162,16
15,16,116,110,48
15,162,16,116,110,48
15,16,116,110,48,49
15,162,16,116,110,48,49
15,16,116,110,69
15,162,16,116,110,69
15,16,116,110,69,70
15,162,16,116,110,69,70
15,16,116,110
15,162,16,116,110
15,16,116,110,111
15,16,116,110,112,111
15,162,16,116,110,111
15,162,16,116,110,112,111
15,16,116,110,112
15,162,16,116,110,112
15,16,116,110,113
15,162,16,116,110,113
15,16,116,110,114
15,162,16,116,110,114
15,16,116,110,42
15,162,16,116,110,42
15,16,116,110,115
15,162,16,116,110,115
15,16,116,110,20
15,162,16,116,110,20
15,16,116
15,162,16,116
15,16,116,110,117
15,162,16,116,110,117
15,16,153
15,162,16,153
15,16,116,110,114,161
15,162,16,116,110,114,161
15,162
15,16,116,110,111,112,220
15,16,116,110,112,220
15,162,16,116,110,111,112,220
15,162,16,116,110,112,220
15,16,116,110,114,161,218
15,162,16,116,110,114,161,218
16,116,110,48
16,116,110,48,49
16,116,110,69
16,116,110,69,70
16,116,110
16,116,110,111
16,116,110,112,111
16,116,110,112
16,116,110,113
16,116,110,114
16,116,110,42
16,116,110,115
16,116,110,20
16,116
16,116,110,117
16,153
16,116,110,114,161
16,162
16,116,110,111,112,220
16,116,110,112,220
16,116,110,114,161,218
17,18
17,208,195,194,67,18
17,208,67,18
17,18,67,194,22,21
17,18,67,208,195,194,22,21
17,208,195,194,22,21
17,208,67,194,22,21
17,18,67,194,22
17,18,67,208,195,194,22
17,208,195,194,22
17,208,67,194,22
17,18,67
17,208,195,194,67
17,208,67
17,18,67,68
17,208,195,194,67,68
17,208,67,68
17,105
17,154
17,18,67,194,22,165
17,18,67,208,195,194,22,165
17,208,195,194,22,165
17,208,67,194,22,165
17,18,67,194,22,168
17,18,67,208,195,194,22,168
17,208,195,194,22,168
17,208,67,194,22,168
17,18,67,194
17,208,195,194
17,208,67,194
17,18,67,194,195
17,18,67,208,195
17,208,195
17,208
17,18,67,194,195,209
17,18,67,208,195,209
17,208,195,209
17,208,67,194,195,209
17,18,67,194,256
17,18,67,208,195,194,256
17,208,195,194,256
17,208,67,194,256
17,18,67,194,256,257
17,18,67,208,195,194,256,257
17,208,195,194,256,257
17,208,67,194,256,257
17,18,67,194,256,223
17,18,67,208,195,194,256,223
17,208,195,194,256,223
17,208,67,194,256,223
17,18,67,194,256,257,245
17,18,67,208,195,194,256,257,245
17,208,195,194,256,257,245
17,208,67,194,256,257,245
17,18,67,194,195,208,278
17,18,67,208,278
17,208,278
17,18,67,282,281
17,208,195,194,67,282,281
17,208,67,282,281
17,18,67,282,281,155
17,208,195,194,67,282,281,155
17,208,67,282,281,155
17,18,67,282
17,208,195,194,67,282
17,208,67,282
18,17,208,195,194,22,21
18,17,208,67,194,22,21
18,67,194,22,21
18,67,208,195,194,22,21
18,17,208,195,194,22
18,17,208,67,194,22
18,67,194,22
18,67,208,195,194,22
18,67
18,17,208,195,194,67,68
18,17,208,67,68
18,67,68
18,17,105
18,67,194,195,208,17,105
18,67,208,17,105
18,17,154
18,67,194,195,208,17,154
18,67,208,17,154
18,17,208,195,194,22,165
18,17,208,67,194,22,165
18,67,194,22,165
18,67,208,195,194,22,165
18,17,208,195,194,22,168
18,17,208,67,194,22,168
18,67,194,22,168
18,67,208,195,194,22,168
18,17,208,195,194
18,17,208,67,194
18,67,194
18,67,208,195,194
18,17,208,195
18,67,194,195
18,67,208,195
18,17,208
18,67,208
18,17,208,195,209
18,17,208,67,194,195,209
18,67,194,195,209
18,67,208,195,209
18,17,208,195,194,256
18,17,208,67,194,256
18,67,194,256
18,67,208,195,194,256
18,17,208,195,194,256,257
18,17,208,67,194,256,257
18,67,194,256,257
18,67,208,195,194,256,257
18,17,208,195,194,256,223
18,17,208,67,194,256,223
18,67,194,256,223
18,67,208,195,194,256,223
18,17,208,195,194,256,257,245
18,17,208,67,194,256,257,245
18,67,194,256,257,245
18,67,208,195,194,256,257,245
18,17,208,278
18,67,194,195,208,278
18,67,208,278
18,17,208,195,194,67,282,281
18,17,208,67,282,281
18,67,282,281
18,17,208,195,194,67,282,281,155
18,17,208,67,282,281,155
18,67,282,281,155
18,17,208,195,194,67,282
18,17,208,67,282
18,67,282
21,22
21,22,194,67
21,22,194,195,208,67
21,22,194,67,68
21,22,194,195,208,67,68
21,22,194,195,208,17,18,67,68
21,22,194,67,208,17,105
21,22,194,67,18,17,105
21,22,194,195,208,67,18,17,105
21,22,194,195,208,17,105
21,22,194,67,208,17,154
21,22,194,67,18,17,154
21,22,194,195,208,67,18,17,154
21,22,194,195,208,17,154
21,22,165
21,22,168
21,22,194
21,22,194,195
21,22,194,67,208
21,22,194,195,208
21,22,194,67,208,195,209
21,22,194,67,18,17,208,195,209
21,22,194,195,209
21,22,194,256
21,22,194,256,257
21,22,194,256,223
21,22,194,256,257,245
21,22,194,67,208,278
21,22,194,67,18,17,208,278
21,22,194,195,208,278
21,22,194,67,282,281
21,22,194,195,208,67,282,281
21,22,194,195,208,17,18,67,282,281
21,22,194,67,282,281,155
21,22,194,195,208,67,282,281,155
21,22,194,195,208,17,18,67,282,281,155
21,22,194,67,282
21,22,194,195,208,67,282
21,22,194,195,208,17,18,67,282
22,194,67
22,194,195,208,67
22,194,67,68
22,194,195,208,67,68
22,194,195,208,17,18,67,68
22,194,67,208,17,105
22,194,67,18,17,105
22,194,195,208,67,18,17,105
22,194,195,208,17,105
22,194,67,208,17,154
22,194,67,18,17,154
22,194,195,208,67,18,17,154
22,194,195,208,17,154
22,165
22,168
22,194
22,194,195
22,194,67,208
22,194,195,208
22,194,67,208,195,209
22,194,67,18,17,208,195,209
22,194,195,209
22,194,256
22,194,256,257
22,194,256,223
22,194,256,257,245
22,194,67,208,278
22,194,67,18,17,208,278
22,194,195,208,278
22,194,67,282,281
22,194,195,208,67,282,281
22,194,195,208,17,18,67,282,281
22,194,67,282,281,155
22,194,195,208,67,282,281,155
22,194,195,208,17,18,67,282,281,155
22,194,67,282
22,194,195,208,67,282
22,194,195,208,17,18,67,282
24,7,25
24,26,7,25
24,26
25,7,26
28,29
28,29,177,176
28,29,177
29,177,176
29,177
31,32
31,43
31,32,2
32,31,43
32,2
33,34
33,34,109
33,34,61
33,34,262
34,109
34,61
34,262
39,40
39,40,45
39,40,292,47,45
39,40,45,46
39,40,292,47,45,46
39,40,45,47
39,40,292,47
39,40,292
39,40,45,47,292,271
39,40,292,271
39,40,45,47,292,228
39,40,292,228
40,45
40,292,47,45
40,45,46
40,292,47,45,46
40,45,47
40,292,47
40,292
40,45,47,292,271
40,292,271
40,45,47,292,228
40,292,228
43,31,32,2
45,46
45,47
45,40,292
45,47,292
45,40,292,271
45,47,292,271
45,40,292,228
45,47,292,228
46,45,47
46,45,40,292
46,45,47,292
46,45,40,292,271
46,45,47,292,271
46,45,40,292,228
46,45,47,292,228
47,292
47,292,271
47,292,228
48,49
48,110,69
48,110,69,70
48,110
48,110,111
48,110,112,111
48,110,112
48,110,113
48,110,114
48,110,42
48,110,115
48,110,20
48,110,116
48,110,117
48,110,116,16,153
48,110,114,161
48,110,116,16,162
48,110,111,112,220
48,110,112,220
48,110,114,161,218
49,48,110,69
49,48,110,69,70
49,48,110
49,48,110,111
49,48,110,112,111
49,48,110,112
49,48,110,113
49,48,110,114
49,48,110,42
49,48,110,115
49,48,110,20
49,48,110,116
49,48,110,117
49,48,110,116,16,153
49,48,110,114,161
49,48,110,116,16,162
49,48,110,111,112,220
49,48,110,112,220
49,48,110,114,161,218
50,51
50,51,175,79,78
50,51,206,78
50,51,175,79
50,51,206,78,79
50,51,175
50,51,206,78,79,175
50,51,206
51,175,79,78
51,206,78
51,175,79
51,206,78,79
51,175
51,206,78,79,175
51,206
56,57
56,58,142,57
56,58,213,57
56,58
56,101
56,57,142
56,57,213,58,142
56,58,142
56,57,142,144
56,57,213,58,142,144
56,58,142,144
56,57,142,144,145
56,57,213,58,142,144,145
56,58,142,144,145
56,57,142,58,213,212
56,57,213,212
56,58,213,212
56,57,213
56,58,213
57,56,58
57,142,58
57,213,58
57,56,101
57,142,58,56,101
57,213,58,56,101
57,142
57,213,58,142
57,56,58,142,144
57,142,144
57,213,58,142,144
57,56,58,142,144,145
57,142,144,145
57,213,58,142,144,145
57,56,58,213,212
57,142,58,213,212
57,213,212
57,213
58,56,101
58,142
58,142,144
58,142,144,145
58,213,212
58,213
67,68
67,194,195,208,17,105
67,208,17,105
67,18,17,105
67,194,195,208,17,154
67,208,17,154
67,18,17,154
67,194,22,165
67,208,195,194,22,165
67,194,22,168
67,208,195,194,22,168
67,194
67,208,195,194
67,194,195
67,208,195
67,208
67,194,195,209
67,208,195,209
67,194,256
67,208,195,194,256
67,194,256,257
67,208,195,194,256,257
67,194,256,223
67,208,195,194,256,223
67,194,256,257,245
67,208,195,194,256,257,245
67,194,195,208,278
67,208,278
67,282,281
67,282,281,155
67,282
68,67,194,195,208,17,105
68,67,208,17,105
68,67,18,17,105
68,67,194,195,208,17,154
68,67,208,17,154
68,67,18,17,154
68,67,194,22,165
68,67,208,195,194,22,165
68,67,18,17,208,195,194,22,165
68,67,194,22,168
68,67,208,195,194,22,168
68,67,18,17,208,195,194,22,168
68,67,194
68,67,208,195,194
68,67,194,195
68,67,208,195
68,67,18,17,208,195
68,67,208
68,67,194,195,209
68,67,208,195,209
68,67,18,17,208,195,209
68,67,194,256
68,67,208,195,194,256
68,67,18,17,208,195,194,256
68,67,194,256,257
68,67,208,195,194,256,257
68,67,18,17,208,195,194,256,257
68,67,194,256,223
68,67,208,195,194,256,223
68,67,18,17,208,195,194,256,223
68,67,194,256,257,245
68,67,208,195,194,256,257,245
68,67,18,17,208,195,194,256,257,245
68,67,194,195,208,278
68,67,208,278
68,67,18,17,208,278
68,67,282,281
68,67,282,281,155
68,67,282
69,70
69,110
69,110,111
69,110,112,111
69,110,112
69,110,113
69,110,114
69,110,42
69,110,115
69,110,20
69,110,116
69,110,117
69,110,116,16,153
69,110,114,161
69,110,116,16,162
69,110,111,112,220
69,110,112,220
69,110,114,161,218
70,69,110
70,69,110,111
70,69,110,112,111
70,69,110,112
70,69,110,113
70,69,110,114
70,69,110,42
70,69,110,115
70,69,110,20
70,69,110,116
70,69,110,117
70,69,110,116,16,153
70,69,110,114,161
70,69,110,116,16,162
70,69,110,111,112,220
70,69,110,112,220
70,69,110,114,161,218
78,79
78,79,175
78,206,51,175
78,206
79,175
79,78,206
79,175,51,206
83,84
83,85
83,85,38
83,84,137
83,84,199
83,84,126
84,83,85
84,83,85,38
84,137
84,199
84,126
85,38
85,83,84,137
85,83,84,199
85,83,84,126
38,85,83,84,137
38,85,83,84,199
38,85,83,84,126
90,91
90,14
90,91,103
91,90,14
91,103
14,90,91,103
93,94
97,98
97,98,241
97,98,163
97,98,236
98,241
98,163
98,236
99,100
101,56,57,142
101,56,57,213,58,142
101,56,58,142
101,56,57,142,144
101,56,57,213,58,142,144
101,56,58,142,144
101,56,57,142,144,145
101,56,57,213,58,142,144,145
101,56,58,142,144,145
101,56,57,142,58,213,212
101,56,57,213,212
101,56,58,213,212
101,56,57,213
101,56,58,213
105,17,154
105,17,18,67,194,22,165
105,17,18,67,208,195,194,22,165
105,17,208,195,194,22,165
105,17,208,67,194,22,165
105,17,18,67,194,22,168
105,17,18,67,208,195,194,22,168
105,17,208,195,194,22,168
105,17,208,67,194,22,168
105,17,18,67,194
105,17,208,195,194
105,17,208,67,194
105,17,18,67,194,195
105,17,18,67,208,195
105,17,208,195
105,17,208
105,17,18,67,194,195,209
105,17,18,67,208,195,209
105,17,208,195,209
105,17,208,67,194,195,209
105,17,18,67,194,256
105,17,18,67,208,195,194,256
105,17,208,195,194,256
105,17,208,67,194,256
105,17,18,67,194,256,257
105,17,18,67,208,195,194,256,257
105,17,208,195,194,256,257
105,17,208,67,194,256,257
105,17,18,67,194,256,223
105,17,18,67,208,195,194,256,223
105,17,208,195,194,256,223
105,17,208,67,194,256,223
105,17,18,67,194,256,257,245
105,17,18,67,208,195,194,256,257,245
105,17,208,195,194,256,257,245
105,17,208,67,194,256,257,245
105,17,18,67,194,195,208,278
105,17,18,67,208,278
105,17,208,278
105,17,18,67,282,281
105,17,208,195,194,67,282,281
105,17,208,67,282,281
105,17,18,67,282,281,155
105,17,208,195,194,67,282,281,155
105,17,208,67,282,281,155
105,17,18,67,282
105,17,208,195,194,67,282
105,17,208,67,282
109,34,61
109,34,262
110,111
110,112,111
110,112
110,113
110,114
110,42
110,115
110,20
110,116
110,117
110,116,16,153
110,114,161
110,116,16,162
110,111,112,220
110,112,220
110,114,161,218
111,112
111,110,113
111,112,110,113
111,110,114
111,112,110,114
111,110,42
111,112,110,42
111,110,115
111,112,110,115
111,110,20
111,112,110,20
111,110,116
111,112,110,116
111,110,117
111,112,110,117
111,110,116,16,153
111,112,110,116,16,153
111,110,114,161
111,112,110,114,161
111,110,116,16,162
111,112,110,116,16,162
111,112,220
111,110,114,161,218
111,112,110,114,161,218
112,110,113
112,110,114
112,110,42
112,110,115
112,110,20
112,110,116
112,110,117
112,110,116,16,153
112,110,114,161
112,110,116,16,162
112,220
112,110,114,161,218
113,110,114
113,110,42
113,110,115
113,110,20
113,110,116
113,110,117
113,110,116,16,153
113,110,114,161
113,110,116,16,162
113,110,111,112,220
113,110,112,220
113,110,114,161,218
114,110,42
114,110,115
114,110,20
114,110,116
114,110,117
114,110,116,16,153
114,161
114,110,116,16,162
114,110,111,112,220
114,110,112,220
114,161,218
42,110,115
42,110,20
42,110,116
42,110,117
42,110,116,16,153
42,110,114,161
42,110,116,16,162
42,110,111,112,220
42,110,112,220
42,110,114,161,218
115,110,20
115,110,116
115,110,117
115,110,116,16,153
115,110,114,161
115,110,116,16,162
115,110,111,112,220
115,110,112,220
115,110,114,161,218
20,110,116
20,110,117
20,110,116,16,153
20,110,114,161
20,110,116,16,162
20,110,111,112,220
20,110,112,220
20,110,114,161,218
116,110,117
116,16,153
116,110,114,161
116,16,162
116,110,111,112,220
116,110,112,220
116,110,114,161,218
117,110,116,16,153
117,110,114,161
117,110,116,16,162
117,110,111,112,220
117,110,112,220
117,110,114,161,218
123,124
123,124,235
124,235
125,72
125,72,171
72,171
134,135
134,136
134,136,200
134,136,200,157
134,136,200,30
134,136,200,54
134,136,265
134,136,266
135,134,136
135,134,136,200
135,134,136,200,157
135,134,136,200,30
135,134,136,200,54
135,134,136,265
135,134,136,266
136,200
136,200,157
136,200,30
136,200,54
136,265
136,266
137,84,199
137,84,126
142,144
142,144,145
142,57,213,212
142,58,213,212
142,57,213
142,58,213
144,145
144,142,57,56,58,213,212
144,142,57,213,212
144,142,58,213,212
144,142,57,213
144,142,58,213
145,144,142,57,56,58,213,212
145,144,142,57,213,212
145,144,142,58,213,212
145,144,142,57,213
145,144,142,58,213
153,16,116,110,114,161
153,16,162
153,16,116,110,111,112,220
153,16,116,110,112,220
153,16,116,110,114,161,218
154,17,18,67,194,22,165
154,17,18,67,208,195,194,22,165
154,17,208,195,194,22,165
154,17,208,67,194,22,165
154,17,18,67,194,22,168
154,17,18,67,208,195,194,22,168
154,17,208,195,194,22,168
154,17,208,67,194,22,168
154,17,18,67,194
154,17,208,195,194
154,17,208,67,194
154,17,18,67,194,195
154,17,18,67,208,195
154,17,208,195
154,17,208
154,17,18,67,194,195,209
154,17,18,67,208,195,209
154,17,208,195,209
154,17,208,67,194,195,209
154,17,18,67,194,256
154,17,18,67,208,195,194,256
154,17,208,195,194,256
154,17,208,67,194,256
154,17,18,67,194,256,257
154,17,18,67,208,195,194,256,257
154,17,208,195,194,256,257
154,17,208,67,194,256,257
154,17,18,67,194,256,223
154,17,18,67,208,195,194,256,223
154,17,208,195,194,256,223
154,17,208,67,194,256,223
154,17,18,67,194,256,257,245
154,17,18,67,208,195,194,256,257,245
154,17,208,195,194,256,257,245
154,17,208,67,194,256,257,245
154,17,18,67,194,195,208,278
154,17,18,67,208,278
154,17,208,278
154,17,18,67,282,281
154,17,208,195,194,67,282,281
154,17,208,67,282,281
154,17,18,67,282,281,155
154,17,208,195,194,67,282,281,155
154,17,208,67,282,281,155
154,17,18,67,282
154,17,208,195,194,67,282
154,17,208,67,282
161,114,110,116,16,162
161,114,110,111,112,220
161,114,110,112,220
161,218
162,16,116,110,111,112,220
162,16,116,110,112,220
162,16,116,110,114,161,218
165,22,168
165,22,194
165,22,194,195
165,22,194,67,208
165,22,194,195,208
165,22,194,67,208,195,209
165,22,194,67,18,17,208,195,209
165,22,194,195,209
165,22,194,256
165,22,194,256,257
165,22,194,256,223
165,22,194,256,257,245
165,22,194,67,208,278
165,22,194,67,18,17,208,278
165,22,194,195,208,278
165,22,194,67,282,281
165,22,194,195,208,67,282,281
165,22,194,195,208,17,18,67,282,281
165,22,194,67,282,281,155
165,22,194,195,208,67,282,281,155
165,22,194,195,208,17,18,67,282,281,155
165,22,194,67,282
165,22,194,195,208,67,282
165,22,194,195,208,17,18,67,282
168,22,194
168,22,194,195
168,22,194,67,208
168,22,194,195,208
168,22,194,67,208,195,209
168,22,194,67,18,17,208,195,209
168,22,194,195,209
168,22,194,256
168,22,194,256,257
168,22,194,256,223
168,22,194,256,257,245
168,22,194,67,208,278
168,22,194,67,18,17,208,278
168,22,194,195,208,278
168,22,194,67,282,281
168,22,194,195,208,67,282,281
168,22,194,195,208,17,18,67,282,281
168,22,194,67,282,281,155
168,22,194,195,208,67,282,281,155
168,22,194,195,208,17,18,67,282,281,155
168,22,194,67,282
168,22,194,195,208,67,282
168,22,194,195,208,17,18,67,282
175,79,78,206
175,51,206
176,177
181,62
194,195
194,67,208
194,195,208
194,67,208,195,209
194,195,209
194,256
194,256,257
194,256,223
194,256,257,245
194,67,208,278
194,67,18,17,208,278
194,195,208,278
194,67,282,281
194,195,208,67,282,281
194,67,282,281,155
194,195,208,67,282,281,155
194,67,282
194,195,208,67,282
195,208
195,209
195,194,256
195,194,256,257
195,194,256,223
195,194,256,257,245
195,208,278
195,194,67,282,281
195,208,67,282,281
195,208,17,18,67,282,281
195,194,67,282,281,155
195,208,67,282,281,155
195,208,17,18,67,282,281,155
195,194,67,282
195,208,67,282
195,208,17,18,67,282
199,84,126
200,157
200,30
200,54
200,136,265
200,136,266
157,200,30
157,200,54
157,200,136,265
157,200,136,266
30,200,54
30,200,136,265
30,200,136,266
54,200,136,265
54,200,136,266
207,77
207,77,233
207,77,240
77,233
77,240
208,195,209
208,195,194,256
208,67,194,256
208,195,194,256,257
208,67,194,256,257
208,195,194,256,223
208,67,194,256,223
208,195,194,256,257,245
208,67,194,256,257,245
208,278
208,67,282,281
208,67,282,281,155
208,67,282
209,195,194,256
209,195,208,67,194,256
209,195,208,17,18,67,194,256
209,195,194,256,257
209,195,208,67,194,256,257
209,195,208,17,18,67,194,256,257
209,195,194,256,223
209,195,208,67,194,256,223
209,195,208,17,18,67,194,256,223
209,195,194,256,257,245
209,195,208,67,194,256,257,245
209,195,208,17,18,67,194,256,257,245
209,195,194,67,208,278
209,195,194,67,18,17,208,278
209,195,208,278
209,195,194,67,282,281
209,195,208,67,282,281
209,195,208,17,18,67,282,281
209,195,194,67,282,281,155
209,195,208,67,282,281,155
209,195,208,17,18,67,282,281,155
209,195,194,67,282
209,195,208,67,282
209,195,208,17,18,67,282
212,213
219,148
220,112,110,114,161,218
220,112,111,110,114,161,218
221,19
225,226
225,226,216
226,216
233,77,240
241,98,163
241,98,236
163,98,236
250,217
256,257
256,223
256,257,245
256,194,67,208,278
256,194,67,18,17,208,278
256,194,195,208,278
256,194,67,282,281
256,194,195,208,67,282,281
256,194,195,208,17,18,67,282,281
256,194,67,282,281,155
256,194,195,208,67,282,281,155
256,194,195,208,17,18,67,282,281,155
256,194,67,282
256,194,195,208,67,282
256,194,195,208,17,18,67,282
257,256,223
257,245
257,256,194,67,208,278
257,256,194,67,18,17,208,278
257,256,194,195,208,278
257,256,194,67,282,281
257,256,194,195,208,67,282,281
257,256,194,195,208,17,18,67,282,281
257,256,194,67,282,281,155
257,256,194,195,208,67,282,281,155
257,256,194,195,208,17,18,67,282,281,155
257,256,194,67,282
257,256,194,195,208,67,282
257,256,194,195,208,17,18,67,282
223,256,257,245
223,256,194,67,208,278
223,256,194,67,18,17,208,278
223,256,194,195,208,278
223,256,194,67,282,281
223,256,194,195,208,67,282,281
223,256,194,195,208,17,18,67,282,281
223,256,194,67,282,281,155
223,256,194,195,208,67,282,281,155
223,256,194,195,208,17,18,67,282,281,155
223,256,194,67,282
223,256,194,195,208,67,282
223,256,194,195,208,17,18,67,282
265,136,266
245,257,256,194,67,208,278
245,257,256,194,67,18,17,208,278
245,257,256,194,195,208,278
245,257,256,194,67,282,281
245,257,256,194,195,208,67,282,281
245,257,256,194,195,208,17,18,67,282,281
245,257,256,194,67,282,281,155
245,257,256,194,195,208,67,282,281,155
245,257,256,194,195,208,17,18,67,282,281,155
245,257,256,194,67,282
245,257,256,194,195,208,67,282
245,257,256,194,195,208,17,18,67,282
61,34,262
278,208,195,194,67,282,281
278,208,67,282,281
278,208,17,18,67,282,281
278,208,195,194,67,282,281,155
278,208,67,282,281,155
278,208,17,18,67,282,281,155
278,208,195,194,67,282
278,208,67,282
278,208,17,18,67,282
281,155
281,282
155,281,282
292,271
292,228
271,292,228
298,138
298,147
298,169
138,298,147
138,298,169
147,298,169
