[2012, 574]
[1508, 1959]
[1998, 297, 298, 39]
[1301, 550]
[842, 605]
[465, 466]
[359, 173]
[1496, 797]
[1259, 817]
[1059, 566]
[760, 245]
[2316, 1419]
[835, 2625]
[648, 649]
[1132, 550]
[54, 55]
[776, 1812]
[812, 2]
[837, 2112]
[1029, 1575]
[1516, 1867]
[1305, 1360]
[95, 150]
[2615, 2218]
[110, 401]
[1455, 296]
[2376, 1415]
[486, 550]
[158, 162]
[475, 1092]
[98, 81]
[42, 23]
[1683, 719]
[1840, 1669]
[1376, 983]
[887, 1290]
[1750, 605]
[567, 449]
[271, 1708]
[197, 1686]
[2157, 2158]
[1586, 381]
[542, 18]
[1102, 461]
[48, 80]
[1372, 81]
[822, 149]
[1355, 940]
[42, 24]
[76, 291]
[180, 1068]
[1199, 1200]
[1558, 1892]
[529, 2135]
[1192, 2104]
[2047, 665]
[365, 800]
[1883, 1066]
[185, 707]
[1683, 717]
[2067, 2295]
[738, 362]
[46, 1810]
[597, 537]
[860, 1092]
[2233, 2234]
[732, 733]
[702, 53]
[29, 352]
[33, 795]
[426, 1275]
[1025, 1232]
[2120, 2121]
[460, 461]
[203, 204]
[768, 18]
[1393, 1212]
[771, 2022]
[1512, 2066]
[1683, 718]
[1306, 376]
[1628, 1425]
[1204, 133]
[273, 898]
[2340, 2341]
[613, 119]
[916, 28]
[412, 413]
[282, 283]
[2547, 74]
[140, 141]
[1309, 1133]
[1683, 716]
[554, 555]
[2044, 2045]
[1772, 1368]
[1011, 583]
[1095, 1861]
[365, 1117]
[363, 796]
[340, 341]
[881, 1814]
[1127, 618]
[273, 456]
[207, 222]
[744, 209]
[203, 209]
[242, 1255]
[56, 17]
[2233, 1165]
[2353, 71]
[1444, 389, 96]
[876, 1294]
[1025, 2257]
[1555, 481]
[1391, 2442]
[881, 1946]
[1516, 436]
[1437, 289]
[978, 473]
[1230, 1682]
[835, 2447]
[433, 2441]
[405, 87]
[1135, 80]
[1428, 331]
[723, 245]
[536, 2104]
[1296, 1427]
[444, 905]
[80, 518]
[427, 226]
[1040, 1993]
[887, 1298]
[734, 57]
[2661, 2070]
[884, 1246]
[533, 953]
[1621, 18]
[208, 209]
[1135, 81]
[244, 176]
[1789, 18]
[231, 815]
[1249, 524]
[1230, 472]
[1556, 16]
[418, 2383]
[1150, 430]
[1764, 1765]
[1049, 85]
[81, 2]
[837, 618]
[1431, 1732]
[1728, 1075]
[225, 360]
[52, 98]
[2455, 1496]
[2071, 209]
[1635, 96]
[2062, 70]
[617, 618]
[81, 1]
[2249, 2250]
[333, 132]
[2003, 2004]
[1550, 484]
[570, 2331]
[858, 859, 1062]
[2168, 2151]
[946, 947]
[584, 645]
[1029, 2201]
[1000, 1886]
[2062, 71]
[1964, 632]
[13, 14]
[1785, 956]
[1556, 18]
[2484, 2485]
[570, 2330]
[319, 320]
[1018, 28]
[351, 141]
[167, 168]
[177, 287]
[95, 96]
[1015, 956]
[724, 2613]
[1586, 2596]
[1226, 1373]
[626, 627]
[852, 1369]
[435, 1833]
[135, 940]
[2342, 318]
[199, 797]
[1539, 1721]
[991, 22]
[444, 245]
[1123, 43]
[2179, 696]
[31, 18]
[1578, 1402]
[2440, 979]
[1242, 1233]
[638, 2657]
[860, 745]
[108, 585]
[1902, 1903]
[1658, 57]
[729, 22]
[1042, 782]
[613, 376]
[703, 80]
[2353, 70]
[1891, 1892]
[1819, 566]
[835, 2016]
[652, 653]
[440, 101]
[380, 381]
[2353, 67]
[1673, 1564, 168]
[228, 1489]
[1177, 57]
[310, 2271]
[223, 2538]
[97, 245]
[431, 18]
[1578, 1405]
[783, 1686]
[75, 174]
[486, 1452]
[203, 57]
[1234, 1235, 215]
[2620, 209]
[1477, 2111]
[948, 1239]
[127, 747]
[84, 85]
[1578, 1406]
[1578, 1407]
[2153, 1534]
[1556, 345]
[700, 235]
[181, 1495]
[140, 457]
[657, 658]
[2540, 2541]
[97, 110]
[1724, 81]
[76, 77]
[23, 117]
[862, 711]
[2043, 789]
[2092, 22]
[390, 81]
[393, 394]
[90, 469]
[400, 456]
[76, 469]
[104, 2391]
[131, 132]
[273, 274]
[810, 542]
[444, 80]
[997, 335]
[928, 1296]
[2062, 67]
[641, 57]
[378, 53]
[104, 2390]
[626, 141]
[1052, 281]
[290, 98]
[545, 546]
[727, 53]
[108, 1936]
[212, 2228]
[104, 264]
[444, 81]
[273, 1330]
[185, 401]
[478, 711]
[265, 266]
[1381, 969]
[1676, 152]
[365, 2458]
[675, 2048]
[2039, 2040]
[492, 39]
[1793, 847]
[508, 600]
[1372, 401]
[2120, 2427]
[30, 270]
[367, 368]
[1314, 875]
[225, 226]
[1409, 96]
[2068, 580]
[575, 152]
[765, 415]
[121, 80]
[207, 843]
[811, 847]
[440, 1657]
[338, 1682]
[619, 57]
[902, 2281]
[63, 149]
[1974, 1975]
[1029, 2472]
[1706, 706]
[784, 722]
[359, 226]
[2398, 2399]
[1874, 2110]
[1335, 785]
[2033, 2034]
[58, 2336]
[153, 154]
[2058, 1062]
[1784, 709]
[2170, 360]
[1292, 300]
[590, 132]
[427, 849]
[977, 711]
[1539, 1540]
[135, 1575]
[1586, 747]
[927, 2066]
[454, 107]
[2254, 1410]
[90, 592]
[2275, 117]
[932, 57]
[314, 1314]
[968, 969]
[2302, 419]
[95, 1096]
[1619, 360]
[755, 604]
[732, 742]
[805, 30]
[644, 584]
[58, 469]
[386, 711]
[1230, 2260]
[1386, 789]
[939, 109]
[734, 345]
[911, 376]
[445, 401]
[1006, 898]
[1397, 335]
[192, 388]
[1659, 7]
[199, 363]
[1422, 173]
[1146, 81]
[97, 195]
[405, 1864]
[986, 987]
[455, 785]
[1824, 1858]
[2136, 2137]
[569, 239]
[671, 18]
[916, 376]
[17, 320]
[642, 362]
[127, 128]
[1565, 1566]
[790, 335]
[491, 409]
[1301, 387]
[1113, 307]
[848, 30]
[74, 115]
[597, 173]
[1206, 196]
[1879, 558]
[726, 209]
[454, 411]
[2475, 1311, 1312, 39]
[590, 53]
[400, 898]
[897, 18]
[40, 395]
[0, 132]
[1156, 1884]
[1733, 1080]
[447, 209]
[15, 345]
[5, 6]
[1515, 330]
[412, 683]
[1230, 339]
[852, 551]
[704, 1968]
[1873, 32]
[1013, 117]
[862, 1066]
[1176, 200]
[1558, 430]
[1018, 376]
[763, 53]
[833, 1147]
[1278, 1279]
[1437, 777]
[190, 479]
[363, 364]
[1923, 1924]
[1340, 1439]
[1238, 362]
[860, 861]
[2117, 647]
[344, 16]
[2099, 2100]
[74, 98]
[704, 2379]
[2468, 869]
[1391, 1053]
[734, 209]
[108, 2642]
[1514, 28]
[353, 688]
[783, 2021]
[1615, 1616]
[2073, 1370]
[1182, 580]
[384, 385]
[2017, 696]
[432, 2201]
[349, 350]
[342, 149]
[830, 200]
[1291, 517]
[46, 47]
[578, 1180]
[62, 63]
[326, 2013]
[781, 147]
[1376, 401]
[919, 920]
[1166, 473]
[2659, 1756]
[1468, 481]
[1254, 1341]
[933, 934]
[474, 17]
[2553, 2217]
[493, 951]
[2024, 296]
[760, 122]
[944, 81]
[478, 479]
[966, 574]
[771, 772]
[186, 147]
[1247, 566]
[262, 1889]
[2270, 2412]
[1376, 668]
[1157, 821]
[412, 555]
[704, 1486]
[33, 1100]
[780, 847]
[706, 57]
[919, 1732]
[2285, 550]
[1752, 209]
[62, 149]
[1072, 1073]
[486, 387]
[1669, 387]
[1412, 2174]
[177, 2361]
[1116, 67]
[86, 2262]
[2470, 1843]
[727, 122]
[46, 1627]
[865, 866]
[2524, 1330]
[1220, 957]
[1587, 2506]
[578, 555]
[454, 245]
[48, 336]
[2222, 2223]
[896, 81]
[1260, 1210]
[1482, 69]
[225, 173]
[837, 1364]
[352, 1572]
[968, 237]
[657, 6]
[177, 1957]
[514, 515]
[1260, 376]
[1063, 1064]
[242, 243]
[2467, 554]
[314, 69]
[90, 930]
[661, 401]
[704, 1179]
[1113, 2027]
[1522, 969]
[2259, 1122]
[235, 595]
[214, 2456]
[2611, 2612]
[1207, 1208]
[400, 274]
[312, 408]
[442, 443]
[1811, 335]
[58, 800]
[93, 1344]
[1713, 1714]
[221, 222]
[2388, 1525]
[1477, 1478]
[97, 411]
[1118, 22]
[97, 2]
[1445, 2371]
[531, 532]
[54, 147]
[1686, 875]
[110, 81]
[1728, 1729]
[108, 469]
[2537, 2350]
[310, 1850]
[2571, 2572]
[656, 96]
[386, 1756]
[497, 330]
[536, 537]
[2643, 35]
[1455, 1210]
[1681, 438]
[2508, 1507, 1508]
[1280, 969]
[1301, 1452]
[564, 173]
[342, 935]
[931, 6]
[40, 2023]
[338, 1876]
[396, 823]
[2025, 472]
[1037, 680]
[329, 551]
[701, 411]
[2265, 2266]
[1521, 2258]
[697, 300]
[684, 1221]
[977, 479]
[439, 2152]
[638, 2534]
[15, 953]
[131, 53]
[2557, 2558]
[1314, 566]
[615, 1965]
[324, 689]
[95, 149]
[2011, 316]
[769, 2569]
[2181, 2182]
[90, 2010]
[638, 1771]
[2141, 2142]
[1757, 473]
[1230, 1541]
[185, 2]
[991, 37]
[230, 462]
[606, 594]
[236, 825]
[35, 2059]
[531, 539]
[486, 1302]
[1399, 1400]
[993, 2339]
[331, 332]
[2178, 300]
[641, 731]
[1869, 266]
[1355, 645]
[1202, 229]
[1676, 1092]
[315, 316]
[2455, 2552]
[723, 122]
[5, 117]
[2049, 2050]
[95, 1818]
[135, 1639]
[852, 1246]
[1381, 473]
[48, 2094]
[1986, 494]
[1294, 1821]
[2064, 413]
[15, 823]
[454, 53]
[111, 762]
[426, 245]
[924, 2164]
[656, 1619]
[80, 81]
[756, 797]
[977, 1756]
[1033, 3]
[228, 870]
[269, 956]
[761, 473]
[2494, 2495]
[2480, 1756]
[2448, 2449]
[1347, 1686]
[278, 279]
[926, 195]
[1693, 1694]
[1425, 1939]
[899, 900]
[368, 1662]
[407, 266]
[185, 107]
[97, 230]
[1033, 559, 4]
[365, 2599]
[561, 313]
[329, 1519]
[1640, 542]
[185, 1]
[2468, 2375]
[578, 915]
[467, 415]
[518, 1]
[1306, 1210]
[1294, 1295]
[1280, 473]
[185, 411]
[1254, 1647]
[1270, 2433]
[1701, 1702]
[564, 537]
[197, 923]
[1007, 18]
[1539, 2001]
[1757, 335]
[1888, 1128]
[549, 550]
[1847, 1212]
[860, 903]
[212, 1896]
[884, 259]
[2564, 2565, 2287, 39]
[878, 276]
[1556, 350]
[414, 522]
[1201, 237]
[1488, 1489]
[520, 147]
[830, 283]
[726, 345]
[1516, 589]
[1103, 1104]
[365, 469]
[439, 577]
[386, 479]
[1069, 1111]
[486, 1133]
[1085, 2263]
[1415, 1416]
[125, 845]
[626, 1946]
[1222, 200]
[1230, 1231]
[2275, 6]
[2507, 1239]
[643, 200]
[578, 2434]
[176, 1]
[233, 2002]
[58, 1276]
[1002, 200]
[97, 53]
[326, 470]
[790, 473]
[1230, 149]
[78, 430]
[416, 870]
[76, 216]
[435, 972]
[860, 2635]
[1081, 270]
[148, 1231]
[1381, 825]
[176, 2]
[1157, 1132]
[15, 209]
[894, 2205]
[547, 1228]
[1248, 487]
[498, 1274]
[1951, 1405]
[185, 496]
[1029, 45]
[1043, 283]
[44, 1030]
[803, 804]
[25, 323]
[1910, 114]
[640, 376]
[2214, 22]
[684, 2060]
[2429, 300]
[820, 821]
[1951, 1406]
[892, 1776]
[1869, 313]
[2645, 1251]
[400, 316]
[1057, 792]
[896, 74]
[140, 30]
[710, 711]
[1460, 1528]
[1667, 1402]
[807, 6]
[223, 2542]
[775, 195]
[108, 291]
[146, 1128]
[535, 18]
[1196, 1684]
[1124, 1111]
[884, 1711]
[1951, 1407]
[1357, 195]
[245, 323]
[1475, 1801]
[310, 311]
[1667, 1406]
[1667, 1405]
[127, 57]
[444, 98]
[1987, 456]
[467, 18]
[74, 122]
[1479, 1444]
[444, 305]
[1160, 863]
[2147, 2148]
[86, 1236]
[1397, 2007]
[1693, 2586]
[2626, 283]
[231, 775]
[541, 956]
[2471, 1591, 1483, 39]
[1109, 1110]
[104, 868]
[17, 18]
[414, 55]
[407, 313]
[46, 2338]
[1309, 1302]
[11, 778]
[286, 1862]
[919, 1699]
[228, 2563]
[640, 57]
[588, 371]
[223, 2236]
[250, 1358]
[1201, 362]
[1739, 1742]
[769, 1197]
[1116, 70]
[575, 1092]
[988, 821]
[255, 98]
[25, 1692]
[781, 55]
[1956, 580]
[2123, 824, 482, 39]
[536, 173]
[891, 1524]
[1951, 1402]
[1501, 339]
[1437, 6]
[108, 1003]
[1116, 71]
[588, 2332]
[1739, 1740]
[2372, 2373]
[2161, 2162]
[1305, 1049]
[467, 1665]
[1227, 200]
[1360, 1361]
[489, 519]
[122, 449]
[2490, 300]
[970, 18]
[1051, 1052]
[1270, 1851]
[1254, 957]
[416, 2087]
[435, 1670]
[319, 18]
[2618, 2619]
[540, 383]
[578, 256]
[250, 1489]
[604, 605]
[510, 28]
[1551, 1590]
[631, 1212]
[1979, 1980]
[620, 621]
[25, 1421, 0]
[2074, 847]
[768, 32]
[33, 179]
[2213, 1580]
[2102, 797]
[950, 511]
[440, 1094, 1062]
[575, 476]
[2069, 2070]
[91, 92]
[884, 1053]
[1745, 595]
[1383, 1265]
[996, 632]
[106, 80]
[409, 410]
[1919, 80]
[1283, 80]
[876, 85]
[48, 892]
[1220, 1255]
[1786, 1787]
[1656, 153]
[1307, 1535]
[533, 534]
[179, 979]
[2303, 283]
[271, 1241]
[236, 969]
[363, 1034]
[199, 200]
[228, 85]
[2165, 67]
[1353, 1354]
[641, 747]
[252, 18]
[1383, 1263]
[262, 421]
[1676, 1677]
[1136, 1137]
[74, 392]
[1570, 1571]
[106, 245]
[58, 1204]
[804, 1727]
[1531, 1982]
[991, 1111]
[1635, 374]
[146, 147]
[179, 180]
[1753, 24]
[2224, 970]
[2431, 2432]
[2396, 195]
[2245, 2246]
[1541, 1032]
[81, 305]
[418, 419]
[993, 200]
[2664, 711]
[1986, 2082, 24]
[970, 57]
[716, 70]
[315, 456]
[1678, 448]
[712, 473]
[1387, 623]
[244, 80]
[304, 176]
[997, 969]
[188, 189]
[288, 777]
[74, 132]
[638, 639]
[365, 1882]
[2301, 279]
[53, 98]
[2039, 2640]
[1375, 360]
[244, 81]
[1025, 2321]
[131, 80]
[469, 2116]
[1904, 1716]
[351, 1447]
[233, 628]
[2499, 2500]
[1347, 68]
[42, 43]
[2107, 1831]
[277, 107]
[629, 630]
[299, 300]
[1522, 825]
[763, 80]
[107, 449]
[1042, 984]
[1042, 415]
[275, 532]
[2343, 711]
[48, 325]
[2079, 2080]
[52, 411]
[326, 644]
[181, 2098]
[455, 722]
[135, 263]
[763, 81]
[25, 445]
[1503, 613]
[504, 1084]
[5, 1396]
[642, 335]
[695, 696]
[458, 806]
[1036, 1037]
[365, 59]
[97, 797]
[648, 797]
[322, 449]
[1418, 1419]
[1362, 2403]
[1238, 618]
[586, 587]
[527, 528]
[1916, 1080]
[317, 465]
[2396, 2397]
[1914, 335]
[121, 98]
[2562, 2070]
[450, 451]
[262, 600]
[704, 2568]
[0, 323]
[673, 1915]
[111, 1233]
[177, 1155]
[86, 2606]
[1659, 493]
[228, 596]
[860, 811]
[2128, 2129]
[1251, 881]
[365, 2208]
[372, 116]
[1167, 1168]
[1455, 28]
[1871, 1187]
[1485, 67]
[273, 785]
[160, 799]
[1659, 494]
[304, 53]
[938, 245]
[728, 847]
[2438, 2207]
[1460, 1461]
[1015, 270]
[716, 71]
[188, 2662]
[2052, 187]
[1243, 1244]
[1857, 24]
[529, 530]
[1217, 81]
[1057, 1058]
[1531, 1672]
[1372, 462]
[564, 2104]
[972, 1593]
[2214, 2215]
[2283, 2509]
[483, 2360]
[1734, 39]
[192, 193]
[561, 266]
[169, 57]
[1431, 2511]
[322, 445]
[701, 53]
[1778, 70]
[121, 132]
[227, 122]
[158, 149]
[1523, 18]
[177, 178]
[407, 408]
[1477, 2575]
[2614, 428]
[1953, 633, 38, 39]
[1778, 71]
[151, 307]
[2315, 2250]
[315, 898]
[1093, 55]
[644, 645]
[1095, 96]
[80, 1]
[1042, 672]
[286, 287]
[97, 81]
[191, 821]
[433, 434]
[1158, 484]
[670, 1866]
[76, 624]
[90, 2351]
[80, 2]
[333, 245]
[446, 18]
[104, 105]
[781, 1128]
[1220, 243]
[796, 649]
[1759, 376]
[97, 80]
[2149, 849]
[1344, 519]
[416, 2344]
[137, 313]
[926, 519]
[80, 983]
[135, 319]
[669, 1]
[1845, 1846]
[1029, 319]
[1484, 1485]
[575, 2460]
[357, 2651]
[338, 339]
[1297, 649]
[76, 1340]
[72, 73]
[8, 1396]
[962, 266]
[95, 2278]
[1225, 1226]
[958, 959]
[656, 374]
[326, 509]
[1917, 934]
[686, 687]
[938, 107]
[426, 122]
[1185, 67]
[726, 350]
[597, 2104]
[435, 436]
[442, 388]
[807, 1602]
[999, 226]
[490, 491]
[435, 1812]
[244, 245]
[255, 80]
[250, 2567]
[779, 266]
[1683, 1383]
[2452, 2453]
[1201, 335]
[68, 69]
[118, 119]
[1002, 2038]
[2018, 2019]
[245, 668]
[1417, 341]
[748, 335]
[1029, 759]
[411, 449]
[1097, 28]
[445, 81]
[122, 2]
[295, 511]
[2212, 632]
[1948, 1949]
[2226, 283]
[108, 216]
[977, 387]
[1029, 1030]
[181, 2589]
[319, 1622]
[476, 847]
[1479, 656]
[248, 1184]
[1914, 1166]
[347, 503]
[827, 1410]
[1592, 1716]
[290, 245]
[315, 1239]
[185, 1153]
[95, 656]
[493, 23]
[1193, 1534]
[25, 392]
[707, 496]
[567, 122]
[1888, 85]
[441, 751]
[772, 229]
[493, 24]
[245, 401]
[2251, 98]
[2044, 2545]
[470, 1889]
[122, 1]
[2327, 2328]
[344, 747]
[757, 71]
[122, 323]
[1143, 245]
[2628, 1266]
[1961, 187]
[1127, 335]
[1794, 18]
[1921, 283]
[1069, 37]
[424, 122]
[397, 128]
[357, 358]
[779, 313]
[275, 539]
[344, 128]
[1365, 940]
[573, 574]
[1576, 381]
[1118, 632]
[757, 70]
[833, 2326]
[891, 215]
[27, 376]
[887, 888]
[1359, 580]
[411, 81]
[474, 1487]
[158, 1231]
[238, 239]
[1189, 341]
[996, 1212]
[684, 685]
[23, 6]
[1101, 98]
[400, 785]
[110, 2]
[176, 322]
[221, 843]
[1335, 456]
[475, 476]
[1042, 187]
[111, 1408]
[137, 266]
[967, 22]
[833, 976]
[1125, 2337]
[1842, 1843]
[27, 28]
[1163, 2451]
[2197, 1481]
[704, 2130]
[110, 1]
[962, 313]
[540, 969]
[826, 195]
[1342, 1343]
[207, 605]
[1169, 1573]
[338, 1048]
[386, 821]
[1587, 1588]
[578, 1922]
[458, 459]
[353, 354]
[744, 350]
[1062, 2063]
[1819, 1820]
[197, 1580]
[693, 694]
[1706, 940]
[1113, 415]
[329, 1940]
[191, 479]
[276, 867]
[1222, 1223]
[1586, 1995]
[2423, 3]
[60, 2253]
[137, 138]
[805, 352]
[1496, 1121]
[1522, 473]
[1025, 1870]
[2366, 2367]
[5, 24]
[1017, 376]
[447, 448]
[1422, 2528]
[1538, 659]
[90, 1204]
[231, 745]
[1562, 119]
[923, 1734]
[135, 136]
[1364, 618]
[161, 162]
[246, 247]
[669, 401]
[326, 508]
[835, 2078]
[2108, 1249]
[1445, 1446]
[1634, 1062]
[822, 173]
[205, 141]
[642, 473]
[1712, 1423]
[1594, 1595]
[85, 18]
[2212, 1212]
[185, 98]
[108, 1340]
[669, 2]
[1637, 1244]
[619, 119]
[203, 2173]
[726, 18]
[440, 1224, 1062]
[509, 421]
[1608, 797]
[1052, 1997]
[1914, 473]
[680, 566]
[203, 128]
[185, 81]
[273, 404]
[461, 1541]
[253, 254]
[495, 305]
[1018, 296]
[228, 2284]
[2203, 2204]
[435, 1773]
[2600, 501]
[2401, 566]
[1942, 1943]
[1783, 542]
[1927, 1001, 79]
[1123, 1633]
[185, 80]
[1093, 187]
[724, 725]
[1735, 1122]
[2521, 355]
[684, 2481]
[1838, 296]
[1217, 230]
[837, 473]
[1006, 456]
[765, 18]
[1230, 1303]
[927, 1512]
[625, 296]
[766, 767]
[1113, 376]
[454, 132]
[1485, 71]
[644, 706]
[1768, 55]
[494, 24]
[231, 2042]
[81, 449]
[25, 305]
[475, 152]
[250, 85]
[504, 505]
[86, 2244]
[807, 959]
[1485, 70]
[424, 392]
[342, 256]
[90, 910]
[1545, 797]
[146, 1020]
[1477, 1544]
[1722, 1723]
[190, 191]
[29, 68]
[483, 484]
[1029, 1520]
[833, 2593]
[2143, 1865]
[1291, 403]
[21, 22]
[172, 2104]
[591, 24]
[1981, 1532]
[680, 1734]
[520, 55]
[2634, 1819]
[129, 376]
[1211, 18]
[1029, 330]
[95, 1444]
[1220, 1264]
[1249, 1746]
[326, 327]
[1230, 1876]
[1239, 785]
[248, 249]
[181, 1614]
[1425, 2546]
[1121, 2116]
[1281, 1282, 160]
[76, 2075]
[1584, 1585]
[444, 411]
[954, 1572]
[48, 2118]
[108, 1204]
[250, 1546]
[1261, 1262]
[1513, 789]
[48, 1795]
[1107, 2006]
[1572, 566]
[1533, 32]
[850, 851]
[452, 453]
[781, 782]
[58, 343]
[108, 59]
[1836, 819]
[818, 819]
[2631, 1461]
[2044, 2057]
[63, 1231]
[2319, 1739]
[551, 1711]
[284, 1073]
[612, 296]
[104, 1691]
[263, 940]
[1412, 921]
[536, 952]
[265, 313]
[833, 1390]
[848, 511]
[547, 2313]
[217, 218]
[1207, 1668]
[0, 445]
[169, 320]
[938, 122]
[2505, 1150]
[1475, 2446]
[1665, 580]
[277, 98]
[76, 59]
[998, 691]
[1185, 70]
[414, 187]
[1484, 70]
[2165, 70]
[671, 320]
[58, 291]
[378, 245]
[446, 28]
[333, 122]
[1185, 71]
[2122, 1233]
[1053, 330]
[472, 558]
[123, 124]
[1002, 1581]
[107, 323]
[62, 256]
[401, 609]
[986, 1219]
[1484, 71]
[2165, 71]
[284, 285]
[1031, 542]
[227, 245]
[58, 1703]
[1169, 1747]
[661, 81]
[1047, 1048]
[954, 492]
[1815, 1816, 2193, 39]
[2270, 941]
[1840, 711]
[951, 8]
[950, 30]
[48, 1229]
[106, 107]
[651, 213]
[1366, 1662]
[997, 473]
[832, 1055]
[135, 759]
[1006, 274]
[326, 1625]
[860, 1198]
[634, 635]
[322, 323]
[738, 618]
[1424, 1933]
[365, 2525]
[622, 28]
[172, 149]
[2410, 2411]
[338, 472]
[1758, 1664]
[168, 492]
[15, 57]
[1195, 542]
[95, 477]
[382, 335]
[495, 122]
[521, 57]
[620, 913]
[169, 1622]
[2036, 2037]
[1372, 323]
[1762, 1821]
[177, 1450]
[2428, 283]
[1686, 69]
[175, 176]
[52, 80]
[636, 637]
[2154, 847]
[9, 792]
[598, 599]
[871, 872]
[954, 1314]
[415, 1105]
[2647, 1151]
[416, 417]
[435, 1517]
[50, 51]
[334, 473]
[52, 81]
[121, 122]
[980, 981]
[1856, 543, 544, 39]
[2342, 1924]
[712, 335]
[2156, 714]
[2616, 799]
[1706, 1707]
[2590, 360]
[1779, 1419]
[293, 2056]
[245, 518]
[854, 855]
[90, 425]
[978, 335]
[1267, 1268]
[121, 245]
[720, 2359]
[1123, 7]
[1806, 457]
[1460, 2526]
[199, 2610]
[329, 497]
[1031, 1352]
[508, 509]
[924, 1955]
[780, 18]
[579, 1020]
[1081, 956]
[1759, 28]
[1324, 1325]
[684, 2655]
[2407, 2207]
[76, 585]
[1910, 1911]
[427, 2487]
[720, 721]
[312, 1378]
[835, 836]
[472, 553]
[9, 10]
[1793, 18]
[80, 401]
[1431, 1432]
[1925, 294]
[2294, 2549]
[852, 497]
[2548, 902]
[1222, 797]
[1971, 1972]
[1266, 132]
[269, 270]
[1484, 67]
[500, 501]
[1659, 1633]
[290, 107]
[1822, 430]
[588, 749]
[414, 415]
[2604, 2617]
[1307, 465]
[716, 67]
[90, 59]
[761, 362]
[889, 890]
[1296, 1780]
[578, 360]
[76, 321]
[843, 605]
[1743, 1744, 1854, 39]
[2548, 2577]
[2180, 404]
[1000, 449]
[1516, 1670]
[597, 256]
[1855, 969]
[42, 7]
[1488, 2311]
[74, 323]
[194, 195]
[2199, 169]
[927, 928]
[615, 616]
[95, 1619]
[924, 2051]
[865, 1474]
[2497, 585]
[91, 823]
[90, 1279]
[108, 1817]
[390, 668]
[2555, 408]
[2240, 2241]
[1189, 1190]
[889, 1050]
[244, 122]
[253, 2314]
[889, 2608]
[409, 1277]
[326, 1751]
[2389, 3]
[1337, 209]
[3, 235]
[365, 2046]
[390, 401]
[2580, 283]
[288, 289]
[97, 74]
[19, 173]
[783, 69]
[122, 518]
[1338, 241]
[1662, 847]
[763, 496]
[805, 650]
[871, 1305]
[445, 323]
[1678, 380]
[2052, 415]
[19, 20]
[518, 668]
[1000, 1795]
[233, 2026]
[1620, 768]
[185, 305]
[670, 226]
[547, 1990]
[1093, 415]
[2036, 2641]
[765, 1665]
[1586, 209]
[1012, 1013]
[516, 403]
[135, 328]
[427, 173]
[1973, 71]
[1412, 2195]
[15, 350]
[2402, 481]
[161, 20]
[439, 992]
[1741, 200]
[252, 204]
[567, 245]
[581, 1511]
[1586, 953]
[81, 1491]
[92, 2014]
[1079, 1080]
[1356, 969]
[860, 1545]
[1182, 1020]
[1250, 1105]
[202, 3]
[252, 1481]
[567, 1491]
[948, 456]
[2627, 1705]
[185, 122]
[858, 101]
[2206, 2207]
[680, 875]
[1863, 1840]
[439, 2445]
[2031, 1335]
[223, 1451]
[48, 449]
[1422, 1777]
[1698, 539]
[230, 1]
[290, 80]
[1183, 200]
[748, 473]
[334, 655]
[205, 921]
[108, 2486]
[198, 680]
[914, 18]
[230, 401]
[1973, 70]
[95, 952]
[255, 245]
[1435, 1461]
[692, 200]
[1245, 900]
[1125, 1126]
[942, 943]
[230, 2]
[765, 187]
[1186, 1187]
[816, 817]
[40, 41, 196]
[1249, 82, 83]
[426, 132]
[454, 449]
[720, 1945]
[776, 1867]
[1008, 98]
[860, 1542]
[1285, 452]
[1347, 1447]
[1006, 316]
[907, 200]
[97, 519]
[541, 270]
[924, 2404]
[58, 216]
[2122, 1408]
[414, 672]
[416, 1613]
[230, 81]
[359, 360]
[593, 607]
[908, 909]
[760, 2]
[1502, 797]
[42, 5]
[1516, 2305]
[1044, 1045]
[1113, 861]
[429, 1430]
[889, 1056]
[873, 605]
[194, 906]
[33, 2272]
[375, 296]
[1601, 1602]
[64, 990]
[440, 858]
[304, 2]
[76, 147]
[1974, 1410]
[411, 323]
[1824, 1825]
[1592, 22]
[502, 503]
[458, 1154]
[1630, 1631]
[1628, 1629]
[2000, 1159]
[442, 193]
[581, 1510]
[579, 580]
[887, 2459]
[1893, 696]
[258, 1711]
[151, 152]
[1974, 96]
[1516, 1517]
[1082, 517]
[1266, 80]
[1308, 2436]
[367, 811]
[1239, 316]
[185, 392]
[412, 1887]
[833, 2560]
[606, 607]
[416, 2419]
[154, 2169]
[334, 335]
[706, 136]
[2003, 2041]
[1768, 187]
[833, 1496]
[1437, 117]
[271, 1398]
[776, 436]
[78, 79]
[52, 305]
[2430, 1405]
[1748, 1419]
[1931, 553]
[2349, 2350]
[441, 1062]
[640, 213]
[1803, 3]
[868, 869]
[308, 309]
[277, 80]
[1806, 141]
[1757, 618]
[1781, 413]
[400, 722]
[245, 81]
[2430, 1406]
[547, 1252]
[148, 1643]
[739, 2077]
[92, 209]
[3, 4]
[1384, 1715]
[1981, 1672]
[739, 740]
[2343, 821]
[634, 1336]
[2091, 1924]
[1240, 1174]
[748, 618]
[1821, 32]
[2322, 1088]
[783, 956]
[1551, 1552]
[2079, 4]
[734, 747]
[2238, 829]
[1874, 1875]
[108, 1108]
[2493, 1756]
[25, 1464, 103]
[578, 762]
[1931, 558]
[342, 226]
[954, 875]
[351, 1686]
[1161, 2422]
[1052, 1935]
[673, 1802]
[125, 126]
[677, 1830]
[88, 330]
[95, 1541]
[365, 1204]
[1196, 841]
[1391, 258]
[106, 132]
[1254, 243]
[2296, 558]
[228, 1273]
[680, 681]
[347, 1190]
[701, 139]
[810, 811]
[897, 57]
[2430, 1402]
[2140, 1212]
[1048, 553]
[1121, 1122]
[1060, 2385]
[1475, 1476]
[564, 149]
[1382, 606]
[402, 517]
[636, 2503]
[352, 69]
[871, 1360]
[1106, 618]
[769, 2292]
[185, 132]
[993, 797]
[186, 55]
[333, 176]
[225, 935]
[76, 425]
[146, 522]
[654, 655]
[1076, 1077]
[1260, 28]
[839, 267, 268, 39]
[2032, 75]
[2012, 667]
[293, 294]
[1148, 1149]
[1678, 209]
[1132, 1302]
[677, 979]
[847, 57]
[837, 838]
[701, 445]
[2426, 638]
[622, 296]
[564, 1231]
[324, 1114]
[2218, 2629]
[124, 583]
[1085, 114]
[1383, 717]
[2408, 5]
[315, 785]
[540, 335]
[1774, 30]
[90, 1350]
[622, 1210]
[390, 323]
[1031, 772]
[1981, 1982]
[636, 519]
[1884, 1092]
[271, 1086]
[1307, 318]
[1557, 1558]
[1383, 718]
[1649, 1650]
[128, 953]
[439, 2054]
[1191, 408]
[1920, 632]
[378, 122]
[2296, 553]
[1297, 797]
[2502, 67]
[738, 2007]
[1166, 618]
[97, 1955]
[228, 485]
[433, 546]
[1075, 67]
[520, 187]
[1202, 872]
[1383, 719]
[2414, 1669]
[2430, 1407]
[783, 167]
[458, 1991]
[1002, 363]
[214, 215]
[396, 397]
[244, 392]
[95, 1231]
[248, 2365]
[160, 773]
[15, 747]
[17, 847]
[76, 1898]
[383, 237]
[84, 319]
[582, 1825]
[359, 741]
[1272, 915]
[62, 1231]
[1521, 1814]
[412, 1140]
[1767, 374]
[765, 468]
[554, 461]
[1040, 2530]
[2320, 285]
[53, 245]
[1254, 1264]
[1377, 132]
[1226, 1289]
[1031, 2022]
[2028, 279]
[846, 847]
[277, 122]
[242, 1341]
[1598, 374]
[1501, 1876]
[242, 957]
[727, 176]
[391, 122]
[1944, 934]
[146, 2076]
[219, 1551]
[74, 2]
[2440, 1068]
[1403, 1404]
[1576, 534]
[236, 237]
[626, 1912]
[796, 797]
[1095, 1818]
[932, 18]
[2623, 932]
[2469, 1062]
[400, 1330]
[703, 107]
[2498, 558]
[1992, 1716]
[233, 1932]
[466, 791]
[1973, 67]
[48, 49]
[56, 57]
[52, 122]
[597, 1231]
[885, 886]
[638, 1989]
[567, 53]
[361, 825]
[833, 1985]
[954, 257]
[228, 229]
[805, 511]
[185, 445]
[54, 187]
[641, 16]
[108, 853]
[2343, 479]
[142, 143]
[158, 1651]
[675, 2395]
[223, 224]
[2604, 2605]
[427, 754]
[1161, 2374]
[2529, 198]
[911, 28]
[317, 318]
[1097, 1304]
[1286, 555]
[1052, 2513]
[422, 872]
[879, 655]
[202, 85]
[711, 550]
[161, 149]
[1556, 57]
[1277, 1423]
[2515, 867]
[498, 1351]
[48, 2188]
[372, 1396]
[1644, 1645]
[2543, 2544]
[1148, 1092]
[15, 16]
[1102, 555]
[533, 381]
[1391, 64]
[52, 2061]
[2498, 553]
[669, 462]
[833, 2306]
[1319, 1062]
[965, 1600]
[1621, 57]
[7, 8]
[199, 2510]
[1388, 1389]
[108, 1719]
[165, 166]
[185, 449]
[342, 173]
[1013, 2059]
[1113, 18]
[1324, 1796]
[493, 494]
[351, 352]
[93, 94]
[788, 789]
[1008, 80]
[613, 296]
[52, 53]
[1006, 722]
[495, 53]
[271, 1624]
[1446, 256]
[1141, 1142]
[776, 2305]
[108, 109]
[1608, 649]
[1674, 926]
[391, 392]
[1230, 112]
[116, 117]
[1359, 1020]
[640, 296]
[1805, 1403]
[613, 28]
[928, 1427]
[19, 149]
[868, 1208]
[1536, 1537]
[35, 6]
[386, 1790]
[734, 128]
[1969, 1327]
[433, 2183]
[203, 18]
[1811, 618]
[761, 618]
[2322, 2323]
[1207, 2267]
[1238, 335]
[1582, 1583]
[914, 28]
[894, 1165]
[121, 107]
[804, 2290]
[1107, 687]
[480, 481]
[446, 119]
[250, 1567]
[2053, 67]
[74, 462]
[1516, 1773]
[968, 618]
[1438, 229]
[382, 383]
[1514, 376]
[1835, 438]
[231, 2192]
[467, 468]
[458, 1918]
[2444, 200]
[454, 2]
[372, 24]
[361, 473]
[411, 2]
[1048, 558]
[0, 53]
[638, 1374]
[203, 16]
[2163, 374]
[784, 898]
[2243, 283]
[531, 276]
[720, 2583]
[40, 1666]
[197, 1037]
[2570, 1822]
[365, 366]
[1455, 376]
[344, 57]
[1793, 320]
[48, 305]
[2499, 2527]
[454, 1]
[411, 1]
[445, 449]
[416, 1954]
[871, 1049]
[938, 80]
[508, 645]
[977, 1066]
[825, 618]
[761, 617]
[373, 374]
[223, 180]
[852, 330]
[1042, 1128]
[1781, 555]
[2334, 85]
[822, 1231]
[1143, 132]
[681, 39]
[1260, 296]
[1526, 1527]
[17, 1622]
[127, 345]
[205, 68]
[702, 122]
[1000, 305]
[1306, 296]
[1460, 1800]
[319, 845]
[1320, 1321]
[1158, 1159]
[17, 1092]
[25, 81]
[359, 1231]
[475, 231]
[175, 53]
[1829, 200]
[489, 195]
[351, 30]
[2139, 59]
[271, 272]
[25, 245]
[76, 1010]
[1296, 2066]
[860, 169]
[1556, 128]
[1774, 457]
[25, 80]
[1838, 28]
[1057, 303]
[9, 1058]
[58, 425]
[905, 103]
[686, 2006]
[1484, 1116]
[1429, 1430]
[460, 555]
[2531, 647]
[319, 847]
[221, 605]
[76, 2035]
[936, 30]
[1347, 352]
[2452, 2566]
[781, 984]
[111, 1865]
[262, 263]
[76, 377]
[469, 133]
[822, 2127]
[954, 566]
[684, 1755]
[416, 2409]
[1659, 43]
[781, 415]
[95, 1861]
[444, 348]
[549, 821]
[393, 216]
[233, 1322]
[588, 892]
[954, 1247]
[2363, 2364]
[2420, 2421]
[1612, 1303]
[1052, 1926]
[2597, 283]
[860, 2199]
[1774, 141]
[1360, 542]
[860, 775]
[1869, 963]
[698, 699]
[1019, 1020]
[1479, 256]
[277, 245]
[520, 415]
[245, 1376]
[154, 355]
[2488, 2489]
[1841, 79]
[641, 823]
[2502, 70]
[908, 1409]
[431, 1105]
[378, 80]
[1914, 362]
[1479, 1231]
[29, 1686]
[1060, 1061]
[1855, 237]
[86, 87]
[172, 1231]
[641, 953]
[63, 173]
[113, 2263]
[90, 2189]
[677, 678]
[540, 473]
[1516, 1833]
[707, 411]
[1254, 1255]
[1304, 28]
[361, 335]
[1002, 1213]
[659, 1614]
[871, 1065]
[1505, 1506]
[2551, 553]
[176, 80]
[2052, 55]
[393, 786]
[659, 182]
[2502, 71]
[405, 406]
[58, 366]
[231, 1176]
[1988, 1989]
[133, 134]
[1433, 1434]
[106, 122]
[250, 2020]
[1087, 1088]
[228, 955]
[1383, 1257]
[804, 725]
[1367, 134]
[1531, 1532]
[62, 20]
[552, 558]
[1609, 1610]
[201, 202]
[2194, 2001]
[1689, 319]
[1025, 1026]
[1956, 1020]
[1013, 6]
[666, 574]
[25, 411]
[2166, 2637]
[744, 679]
[306, 152]
[1383, 1258]
[1357, 636]
[874, 360]
[1986, 7]
[258, 259]
[724, 2055]
[939, 1411]
[1132, 1133]
[1192, 173]
[781, 672]
[2132, 709]
[2184, 2185]
[104, 1014]
[25, 107]
[1791, 1792]
[1725, 1726]
[458, 1561]
[1206, 2289]
[2551, 558]
[1095, 656]
[237, 473]
[163, 164, 960]
[1326, 1327]
[148, 149]
[1028, 69]
[1424, 1425]
[1832, 1419]
[2309, 1190]
[912, 913]
[2294, 318]
[1270, 1271]
[1356, 237]
[86, 1504]
[1422, 1804]
[2109, 1967]
[353, 2364]
[350, 381]
[1207, 1426]
[735, 736]
[1658, 350]
[2386, 2005, 257]
[431, 57]
[342, 360]
[2624, 558]
[111, 112]
[1320, 2293]
[292, 85]
[414, 1128]
[641, 209]
[1806, 30]
[774, 2638]
[1355, 421]
[76, 1204]
[90, 1470]
[860, 2192]
[33, 2522]
[2124, 2125]
[1049, 1878]
[701, 2061]
[803, 2288]
[646, 647]
[803, 2591]
[1501, 112]
[1317, 1318]
[2067, 102]
[662, 663]
[781, 187]
[860, 1176]
[365, 2065]
[97, 323]
[1266, 98]
[2085, 1413, 1414, 39]
[1910, 504]
[258, 432]
[48, 371]
[219, 2304]
[966, 667]
[186, 187]
[783, 352]
[33, 34]
[447, 380]
[828, 829]
[508, 470]
[365, 2415]
[1603, 1604]
[1910, 505]
[290, 122]
[552, 553]
[873, 222]
[774, 453]
[2516, 1946]
[315, 404]
[219, 220]
[225, 1231]
[880, 881]
[1007, 57]
[64, 1940]
[701, 763]
[1138, 1139]
[2479, 194]
[1422, 578]
[2242, 200]
[176, 81]
[1377, 122]
[2291, 1315]
[108, 377]
[790, 618]
[1697, 335]
[329, 330]
[391, 245]
[372, 8]
[2083, 2084]
[2340, 2554]
[1193, 1367]
[242, 2221]
[206, 207]
[1409, 1410]
[1384, 2575]
[603, 466]
[776, 1670]
[435, 589]
[1367, 1368]
[172, 256]
[1173, 1174]
[1465, 1466]
[547, 1269]
[104, 2523]
[320, 57]
[110, 323]
[324, 2594]
[76, 1339]
[570, 608]
[2131, 239]
[2254, 374]
[43, 117]
[1408, 741]
[1018, 1210]
[2210, 2211]
[1222, 1618]
[944, 132]
[619, 18]
[2624, 553]
[185, 323]
[257, 39]
[2053, 70]
[578, 472]
[812, 132]
[1029, 85]
[1533, 18]
[225, 256]
[52, 905]
[2514, 22]
[659, 660]
[757, 67]
[728, 32]
[350, 2014]
[76, 2660]
[2053, 71]
[365, 425]
[547, 1754]
[723, 176]
[879, 36]
[440, 441]
[1586, 534]
[1619, 2009]
[846, 32]
[911, 296]
[33, 1623]
[924, 1978]
[597, 149]
[1697, 825]
[1071, 376]
[2216, 2217]
[1598, 1599]
[342, 1231]
[1391, 852]
[889, 1646]
[516, 517]
[2024, 119]
[1101, 245]
[1075, 70]
[440, 2370, 1062]
[124, 1215]
[327, 421]
[1101, 80]
[498, 499]
[48, 737]
[116, 6]
[127, 16]
[286, 929]
[2190, 2191]
[1075, 71]
[2317, 1606]
[661, 1]
[185, 763]
[720, 1929]
[245, 983]
[1335, 1239]
[510, 119]
[2068, 1020]
[422, 423]
[1502, 649]
[304, 411]
[1759, 296]
[416, 2482]
[430, 1563]
[1453, 1454]
[2247, 2225]
[1387, 376]
[1762, 1763]
[110, 462]
[125, 1469]
[331, 1828]
[584, 1889]
[365, 1175]
[412, 1463]
[734, 16]
[1778, 67]
[2347, 1407]
[393, 291]
[97, 98]
[511, 956]
[467, 55]
[11, 12]
[250, 229]
[914, 213]
[512, 200]
[108, 425]
[769, 770]
[176, 245]
[312, 313]
[977, 1669]
[350, 747]
[1603, 2096]
[1868, 1756]
[186, 415]
[1025, 2186]
[763, 122]
[275, 285]
[1657, 1062]
[153, 101]
[1161, 1162]
[842, 222]
[365, 1703]
[2199, 1092]
[43, 6]
[520, 672]
[827, 96]
[561, 408]
[242, 1647]
[852, 1940]
[1964, 22]
[2122, 1865]
[1019, 580]
[1272, 1653]
[914, 296]
[1207, 2584]
[703, 245]
[2126, 2225]
[351, 650]
[197, 352]
[1577, 283]
[1515, 1711]
[1885, 1739]
[924, 1970]
[359, 256]
[2602, 1327]
[90, 2418]
[2346, 1195]
[1767, 419]
[491, 941]
[626, 2312]
[921, 30]
[542, 57]
[474, 57]
[2347, 1406]
[702, 245]
[48, 1153]
[1696, 1697]
[873, 843]
[2579, 1580]
[1457, 1048]
[1181, 797]
[833, 2578]
[805, 1686]
[1494, 797]
[2347, 1405]
[1071, 119]
[1521, 2517]
[333, 53]
[889, 657]
[68, 352]
[2414, 711]
[312, 266]
[2176, 2177]
[400, 404]
[2598, 909]
[1040, 2491]
[333, 1275]
[865, 285]
[241, 1700]
[244, 1005]
[54, 415]
[225, 741]
[1435, 2248]
[840, 841]
[661, 2]
[194, 1549]
[273, 722]
[375, 1210]
[122, 401]
[1768, 415]
[377, 759]
[74, 53]
[2539, 2204]
[369, 370]
[2658, 1848, 960]
[327, 600]
[390, 518]
[444, 53]
[250, 2029]
[730, 731]
[1293, 594]
[53, 81]
[1445, 555]
[2424, 789]
[342, 2300]
[1704, 1705]
[1433, 1731]
[1301, 487]
[111, 1876]
[2463, 821]
[1193, 1194]
[1127, 473]
[2347, 1402]
[1095, 1096]
[2105, 2297]
[1913, 900]
[185, 322]
[1446, 555]
[2097, 1315]
[972, 1517]
[198, 69]
[186, 672]
[713, 714]
[467, 147]
[978, 618]
[76, 1020]
[1283, 348]
[2496, 24]
[132, 348]
[309, 1489]
[1937, 1122]
[135, 126]
[230, 323]
[1391, 1392]
[760, 1153]
[444, 445]
[1272, 2323]
[758, 759]
[762, 360]
[172, 173]
[455, 898]
[962, 963]
[304, 132]
[402, 403]
[1789, 32]
[701, 905]
[397, 350]
[716, 717]
[690, 691]
[315, 1949]
[1307, 603]
[1220, 1341]
[331, 1190]
[581, 764]
[1063, 2368]
[564, 256]
[458, 1661]
[2630, 57]
[1509, 376]
[936, 141]
[44, 1110]
[58, 130]
[1095, 952]
[805, 141]
[1132, 1452]
[776, 1833]
[1314, 680]
[2355, 2356]
[1553, 1061]
[55, 187]
[661, 323]
[738, 473]
[622, 623]
[1000, 371]
[977, 1790]
[1370, 2090]
[329, 1246]
[1074, 22]
[2155, 1756]
[351, 511]
[386, 1066]
[380, 534]
[640, 18]
[486, 487]
[66, 67]
[306, 57]
[1448, 1102]
[25, 401]
[1098, 1099]
[175, 122]
[129, 296]
[901, 1684]
[2465, 2466]
[1078, 310]
[513, 24]
[52, 763]
[727, 245]
[842, 843]
[551, 1940]
[997, 618]
[570, 572]
[1438, 2022]
[860, 542]
[1101, 53]
[1401, 1407]
[258, 551]
[74, 81]
[401, 2]
[470, 471]
[1394, 1440]
[822, 256]
[1401, 1406]
[1028, 954]
[259, 1369]
[2032, 176]
[538, 539]
[776, 589]
[29, 30]
[391, 107]
[148, 20]
[664, 665]
[726, 57]
[1640, 845]
[779, 408]
[382, 362]
[1195, 2126]
[716, 719]
[1301, 1133]
[353, 1766, 240, 241]
[1209, 24]
[1029, 497]
[72, 120]
[48, 107]
[250, 251]
[9, 303]
[527, 2405]
[1211, 1622]
[1979, 22]
[146, 672]
[2261, 85]
[1559, 709]
[479, 1066]
[833, 1826]
[2435, 1048]
[570, 571]
[826, 1680]
[467, 187]
[1315, 1316]
[716, 718]
[1040, 1798]
[454, 81]
[293, 715]
[2294, 1308]
[1287, 1288]
[324, 2382]
[761, 335]
[1391, 2200]
[1501, 472]
[2145, 2146]
[578, 1653]
[1988, 2534]
[88, 1246]
[604, 222]
[365, 291]
[386, 387]
[1384, 1385]
[157, 158]
[1376, 1]
[758, 1203]
[1811, 237]
[338, 112]
[1042, 1020]
[29, 511]
[1844, 934]
[74, 80]
[1029, 1110]
[327, 1889]
[340, 452]
[547, 2650]
[146, 55]
[2229, 2077]
[390, 2]
[1697, 473]
[1785, 270]
[2406, 1828]
[1095, 1444]
[1620, 1371]
[177, 929]
[2139, 1368]
[2307, 341]
[340, 453]
[97, 445]
[390, 1]
[0, 107]
[2081, 300]
[2276, 2277]
[830, 363]
[0, 1]
[951, 24]
[2255, 2256]
[1280, 825]
[133, 1368]
[1029, 672]
[1204, 1122]
[379, 126]
[1080, 789]
[262, 645]
[1202, 1203]
[310, 2603]
[429, 430]
[491, 1423]
[1157, 1066]
[619, 296]
[0, 2]
[576, 515]
[2115, 67]
[90, 216]
[2633, 1403]
[327, 584]
[680, 39]
[716, 1263]
[1152, 457]
[1218, 1219]
[64, 1711]
[538, 532]
[92, 534]
[904, 96]
[252, 57]
[1630, 941]
[433, 213]
[286, 1145]
[146, 415]
[2357, 580]
[2519, 2520]
[921, 511]
[2018, 1335]
[612, 376]
[707, 445]
[99, 100]
[271, 1284]
[1192, 537]
[137, 408]
[495, 81]
[43, 24]
[1621, 1622]
[970, 1622]
[1514, 1210]
[716, 1265]
[659, 2072]
[701, 98]
[1082, 403]
[474, 319]
[1847, 1111]
[262, 2159]
[62, 173]
[11, 746]
[1016, 1017]
[1475, 1899]
[2648, 1262]
[113, 114]
[673, 674]
[1576, 953]
[2122, 1619]
[148, 1048]
[1220, 1647]
[1831, 1532]
[446, 57]
[641, 345]
[2369, 358]
[478, 821]
[1822, 1151]
[346, 347]
[807, 117]
[656, 67]
[427, 428]
[155, 156]
[1920, 22]
[85, 57]
[2556, 2474, 331]
[1375, 1967]
[365, 216]
[1042, 147]
[525, 526, 937, 39]
[422, 1313]
[495, 496]
[1304, 296]
[326, 2308]
[1307, 2473]
[862, 821]
[1460, 2095]
[0, 245]
[780, 320]
[1759, 1210]
[702, 80]
[909, 2254]
[673, 1597]
[1053, 1369]
[1906, 1907]
[194, 519]
[1509, 1210]
[1847, 37]
[262, 1134]
[2588, 1315]
[1301, 1302]
[615, 975]
[1994, 1446]
[1097, 296]
[1150, 1151]
[863, 2535]
[275, 276]
[1626, 421]
[411, 401]
[882, 883]
[1523, 57]
[1379, 1380]
[2126, 319]
[2285, 821]
[199, 2400]
[310, 2384]
[769, 1472]
[1169, 1170]
[1052, 2667]
[63, 256]
[233, 234]
[1173, 460]
[536, 256]
[25, 707]
[547, 548]
[1029, 845]
[936, 457]
[2273, 2274]
[2140, 22]
[2, 2061]
[1873, 18]
[1652, 360]
[1011, 1215]
[1383, 71]
[231, 1545]
[1230, 1048]
[1308, 318]
[88, 89]
[1890, 623]
[414, 2076]
[623, 612]
[25, 1153]
[181, 182]
[1000, 1]
[454, 1153]
[615, 1490]
[2587, 759]
[1435, 1436]
[1309, 387]
[1372, 2]
[629, 2348]
[36, 37]
[2340, 2636]
[1553, 1554]
[76, 1560]
[1412, 2335]
[1383, 70]
[448, 953]
[704, 1897]
[245, 449]
[1372, 1]
[48, 1]
[656, 817]
[833, 2413]
[773, 774]
[227, 2]
[375, 376]
[2483, 1946]
[1515, 1369]
[730, 345]
[1106, 335]
[2380, 2381]
[32, 57]
[612, 119]
[131, 245]
[177, 1996]
[66, 70]
[361, 362]
[1060, 2354]
[185, 53]
[993, 2450]
[2109, 2300]
[170, 171]
[2134, 1423]
[337, 291]
[2518, 1371]
[2254, 96]
[816, 1410]
[317, 603]
[1962, 1963]
[2044, 2144]
[989, 195]
[1462, 452]
[1823, 1716]
[1261, 1641]
[560, 195]
[1401, 1402]
[673, 1208]
[344, 345]
[104, 2378]
[304, 139]
[80, 323]
[1541, 20]
[1040, 1837]
[1152, 141]
[148, 162]
[1222, 2646]
[654, 1124]
[1129, 1130, 1956]
[656, 150]
[1438, 772]
[1656, 1657]
[455, 456]
[1040, 1041]
[540, 618]
[673, 1205]
[90, 1730]
[993, 994]
[1401, 1405]
[1665, 1020]
[1095, 1619]
[2239, 429]
[383, 825]
[66, 71]
[146, 187]
[703, 122]
[1782, 1184]
[1718, 442]
[2582, 1080]
[135, 1469]
[977, 821]
[2310, 2228]
[1782, 249]
[427, 1408]
[870, 1569]
[1737, 1738]
[2268, 2269]
[496, 0]
[327, 940]
[2218, 1137]
[228, 995]
[58, 1117]
[1025, 1216]
[444, 1720, 103]
[1335, 1600]
[1938, 532]
[442, 10]
[893, 894]
[458, 1188]
[125, 328]
[666, 667]
[350, 534]
[176, 107]
[2454, 1933]
[581, 582]
[914, 376]
[769, 2362]
[1967, 827]
[165, 1617]
[44, 45]
[729, 1111]
[2198, 2059]
[1391, 884]
[784, 785]
[2134, 941]
[712, 618]
[76, 2581]
[1781, 578]
[720, 1054]
[675, 676]
[1006, 785]
[3, 2138]
[860, 232]
[131, 1275]
[19, 256]
[9, 443]
[773, 341]
[176, 401]
[2574, 1405]
[783, 1813]
[92, 2663]
[2550, 1165]
[144, 1092]
[924, 1115]
[1422, 558]
[432, 57]
[457, 39]
[1335, 2461]
[88, 432]
[860, 2042]
[997, 383]
[35, 117]
[2007, 997]
[108, 1685]
[329, 1369]
[129, 28]
[359, 935]
[304, 80]
[1879, 553]
[573, 667]
[203, 345]
[2463, 711]
[1712, 941]
[669, 81]
[99, 1569]
[701, 122]
[1277, 941]
[414, 147]
[175, 132]
[33, 1473]
[407, 2592]
[1307, 1308]
[1123, 493]
[208, 128]
[342, 1865]
[304, 81]
[1660, 22]
[81, 401]
[813, 814]
[128, 679]
[324, 1853]
[458, 2437]
[1207, 2160]
[304, 122]
[365, 1679]
[265, 408]
[833, 1178]
[1460, 1717]
[1218, 987]
[2150, 2151]
[1201, 618]
[2477, 916]
[1366, 1092]
[489, 2133]
[2574, 1402]
[2396, 519]
[682, 0]
[74, 75]
[765, 147]
[58, 59]
[2283, 22]
[2115, 71]
[401, 81]
[295, 30]
[1286, 461]
[7, 24]
[701, 81]
[2621, 2622]
[1364, 473]
[1237, 1075]
[416, 2559]
[1994, 563]
[1494, 649]
[1189, 1462]
[329, 1543]
[1123, 494]
[2550, 2234]
[19, 1231]
[617, 473]
[701, 80]
[593, 594]
[1163, 1164]
[945, 330]
[1884, 368]
[640, 28]
[830, 797]
[1357, 2119]
[771, 229]
[1587, 1061]
[708, 709]
[135, 85]
[1217, 323]
[2345, 756]
[2574, 1407]
[509, 940]
[521, 18]
[1930, 187]
[2573, 1508]
[439, 294]
[1459, 1092]
[1550, 1534]
[101, 102]
[1049, 1065]
[960, 961]
[327, 263]
[1966, 1080]
[671, 847]
[518, 74]
[90, 291]
[58, 2501]
[2574, 1406]
[273, 316]
[1042, 55]
[1124, 632]
[562, 563]
[756, 649]
[427, 256]
[76, 1009]
[656, 70]
[1353, 1934]
[262, 940]
[1052, 2227]
[2105, 2106]
[889, 2656]
[1443, 1444]
[1446, 173]
[80, 749]
[84, 2225]
[964, 965]
[901, 902]
[1872, 1407]
[76, 109]
[702, 2]
[306, 307]
[760, 107]
[787, 78]
[656, 71]
[52, 445]
[2025, 360]
[1093, 147]
[578, 2536]
[1769, 1770]
[1113, 152]
[1671, 1532]
[716, 1258]
[52, 139]
[1333, 1334]
[826, 2607]
[1035, 632]
[921, 1686]
[1035, 1212]
[845, 1092]
[716, 1257]
[242, 1264]
[212, 213]
[2576, 200]
[798, 799]
[1391, 2015]
[1960, 24]
[1521, 1295]
[931, 117]
[729, 37]
[1471, 18]
[1512, 1427]
[703, 305]
[1516, 1812]
[23, 24]
[743, 519]
[25, 2]
[1149, 1662]
[0, 401]
[48, 1886]
[662, 1289]
[661, 462]
[567, 944]
[1834, 913]
[231, 232]
[161, 1231]
[1749, 119]
[75, 2088]
[547, 2358]
[277, 132]
[90, 2252]
[2476, 167]
[25, 1]
[1422, 553]
[244, 53]
[455, 274]
[2086, 593]
[165, 2338]
[578, 1777]
[835, 2652]
[1344, 195]
[1342, 716]
[1783, 811]
[322, 411]
[518, 749]
[701, 305]
[638, 1797]
[488, 489]
[1479, 149]
[2653, 24]
[148, 1651]
[286, 2464]
[435, 1867]
[1331, 1332, 1046, 39]
[1523, 1622]
[135, 845]
[2128, 1462]
[344, 209]
[301, 213]
[529, 869]
[625, 119]
[250, 1596]
[588, 1]
[1127, 362]
[1674, 1675]
[631, 632]
[924, 925]
[74, 411]
[2532, 2533]
[334, 618]
[392, 753]
[2032, 80]
[967, 1212]
[315, 722]
[60, 61]
[1370, 1371]
[197, 198]
[629, 2202]
[620, 2329]
[1106, 473]
[1438, 2093]
[25, 26, 103]
[74, 107]
[1562, 28]
[2109, 908]
[80, 449]
[2595, 974]
[304, 305]
[832, 4]
[0, 81]
[108, 2393]
[1208, 2375]
[68, 1247]
[1633, 24]
[1831, 1982]
[225, 149]
[2282, 2050]
[1807, 1808]
[329, 1711]
[97, 122]
[830, 1214]
[159, 160]
[812, 80]
[1480, 1481]
[27, 296]
[612, 28]
[914, 57]
[1855, 618]
[1069, 632]
[999, 1866]
[1362, 1363]
[427, 741]
[1156, 811]
[108, 750]
[812, 245]
[108, 1901]
[175, 80]
[31, 32]
[713, 1251]
[542, 320]
[776, 1773]
[398, 399]
[1306, 28]
[250, 2666]
[765, 55]
[97, 752, 81]
[2247, 85]
[127, 209]
[1027, 419]
[1475, 1648]
[495, 707]
[108, 1900]
[1251, 1489]
[445, 1]
[970, 971, 57]
[470, 645]
[1831, 1672]
[1894, 1895]
[1750, 1952]
[900, 515]
[1749, 376]
[135, 1520]
[1144, 22]
[60, 1004]
[76, 1003]
[1112, 553]
[445, 2]
[1852, 1251]
[2357, 1020]
[457, 30]
[1017, 296]
[835, 2352]
[169, 18]
[1272, 553]
[830, 2416]
[535, 32]
[1658, 18]
[1397, 383]
[642, 618]
[1422, 256]
[1671, 1672]
[426, 176]
[203, 350]
[245, 1]
[1049, 2311]
[876, 1456]
[60, 1131]
[212, 2237]
[262, 584]
[1983, 1984]
[172, 537]
[707, 81]
[2166, 2167]
[1656, 858]
[124, 1775, 1011]
[1112, 558]
[2230, 200]
[1393, 22]
[536, 1096]
[1008, 53]
[1356, 618]
[1299, 1300]
[641, 350]
[531, 285]
[1689, 811]
[884, 64]
[245, 2299]
[604, 843]
[42, 494]
[2644, 1680]
[1002, 797]
[1040, 1849]
[11, 1999]
[1106, 655]
[1388, 1485]
[1119, 1690]
[1838, 376]
[1914, 618]
[2115, 70]
[644, 1626]
[1467, 196]
[1119, 1120]
[669, 323]
[122, 81]
[922, 923]
[324, 180]
[245, 2]
[74, 496]
[1095, 150]
[1809, 283]
[495, 356, 103]
[359, 149]
[60, 1928]
[1670, 1593]
[1090, 1091]
[454, 401]
[2209, 1407]
[1340, 109]
[4, 2286]
[2264, 1811]
[816, 1116]
[228, 2103]
[1377, 81]
[727, 80]
[1272, 558]
[440, 1611, 1062]
[2639, 24]
[1169, 2231]
[704, 705]
[444, 2061]
[921, 352]
[391, 80]
[949, 894]
[1394, 1395]
[108, 624]
[350, 679]
[727, 107]
[1383, 67]
[1238, 473]
[896, 53]
[391, 81]
[820, 1669]
[2601, 2296]
[33, 2187]
[1152, 30]
[508, 1626]
[48, 1000]
[212, 2235]
[135, 672]
[44, 845]
[562, 1032]
[1676, 476]
[1021, 1022, 1632, 39]
[830, 831]
[776, 1517]
[36, 1212]
[634, 1636]
[1171, 1172]
[1706, 600]
[1658, 679]
[1132, 487]
[315, 1330]
[1097, 2425]
[185, 1256]
[2030, 965]
[704, 1955]
[455, 1415]
[793, 794, 215]
