1,2
1,3
1,2,191,53,80
1,2,191,53
1,2,191
2,1,3
2,191,53,80
2,191,53
2,191
3,1,2,191,53,80
3,1,2,191,53
3,1,2,191
12,13
12,13,40
12,13,40,5
12,13,40,43,92,5
12,13,40,43,188,5
12,13,40,44,188,5
12,13,40,44,188,43,92,5
12,13,40,45,188,5
12,13,40,45,188,43,92,5
12,13,40,41
12,13,40,42
12,13,40,43
12,13,40,44,188,43
12,13,40,45,188,43
12,13,40,44
12,13,40,45,188,44
12,13,40,45
12,13,76
12,13,40,5,92,43,77
12,13,40,5,188,43,77
12,13,40,43,77
12,13,40,44,188,5,92,43,77
12,13,40,44,188,43,77
12,13,40,45,188,5,92,43,77
12,13,40,45,188,43,77
12,13,40,5,92,43,77,78
12,13,40,5,188,43,77,78
12,13,40,43,77,78
12,13,40,44,188,5,92,43,77,78
12,13,40,44,188,43,77,78
12,13,40,45,188,5,92,43,77,78
12,13,40,45,188,43,77,78
12,13,40,5,92,43,77,79
12,13,40,5,188,43,77,79
12,13,40,43,77,79
12,13,40,44,188,5,92,43,77,79
12,13,40,44,188,43,77,79
12,13,40,45,188,5,92,43,77,79
12,13,40,45,188,43,77,79
12,13,40,5,92,43,77,25
12,13,40,5,188,43,77,25
12,13,40,43,77,25
12,13,40,44,188,5,92,43,77,25
12,13,40,44,188,43,77,25
12,13,40,45,188,5,92,43,77,25
12,13,40,45,188,43,77,25
12,13,40,5,92,43,77,24
12,13,40,5,188,43,77,24
12,13,40,43,77,24
12,13,40,44,188,5,92,43,77,24
12,13,40,44,188,43,77,24
12,13,40,45,188,5,92,43,77,24
12,13,40,45,188,43,77,24
12,13,40,5,86
12,13,40,43,92,5,86
12,13,40,43,188,5,86
12,13,40,44,188,5,86
12,13,40,44,188,43,92,5,86
12,13,40,45,188,5,86
12,13,40,45,188,43,92,5,86
12,13,40,5,92
12,13,40,5,188,43,92
12,13,40,43,92
12,13,40,44,188,5,92
12,13,40,44,188,43,92
12,13,40,45,188,5,92
12,13,40,45,188,43,92
12,13,40,5,92,43,122
12,13,40,5,188,43,122
12,13,40,43,122
12,13,40,44,188,5,92,43,122
12,13,40,44,188,43,122
12,13,40,45,188,5,92,43,122
12,13,40,45,188,43,122
12,13,163
12,13,40,5,92,43,188,14,166
12,13,40,5,188,14,166
12,13,40,43,188,14,166
12,13,40,44,188,14,166
12,13,40,45,188,14,166
12,13,40,5,92,43,188,14
12,13,40,5,188,14
12,13,40,43,188,14
12,13,40,44,188,14
12,13,40,45,188,14
12,13,40,5,188
12,13,40,43,188
12,13,40,44,188
12,13,40,45,188
12,13,40,5,92,43,188,173
12,13,40,5,188,173
12,13,40,43,188,173
12,13,40,44,188,173
12,13,40,45,188,173
13,40
13,40,5
13,40,43,92,5
13,40,43,188,5
13,40,44,188,5
13,40,44,188,43,92,5
13,40,45,188,5
13,40,45,188,43,92,5
13,40,41
13,40,42
13,40,43
13,40,44,188,43
13,40,45,188,43
13,40,44
13,40,45,188,44
13,40,45
13,76
13,40,5,92,43,77
13,40,5,188,43,77
13,40,43,77
13,40,44,188,5,92,43,77
13,40,44,188,43,77
13,40,45,188,5,92,43,77
13,40,45,188,43,77
13,40,5,92,43,77,78
13,40,5,188,43,77,78
13,40,43,77,78
13,40,44,188,5,92,43,77,78
13,40,44,188,43,77,78
13,40,45,188,5,92,43,77,78
13,40,45,188,43,77,78
13,40,5,92,43,77,79
13,40,5,188,43,77,79
13,40,43,77,79
13,40,44,188,5,92,43,77,79
13,40,44,188,43,77,79
13,40,45,188,5,92,43,77,79
13,40,45,188,43,77,79
13,40,5,92,43,77,25
13,40,5,188,43,77,25
13,40,43,77,25
13,40,44,188,5,92,43,77,25
13,40,44,188,43,77,25
13,40,45,188,5,92,43,77,25
13,40,45,188,43,77,25
13,40,5,92,43,77,24
13,40,5,188,43,77,24
13,40,43,77,24
13,40,44,188,5,92,43,77,24
13,40,44,188,43,77,24
13,40,45,188,5,92,43,77,24
13,40,45,188,43,77,24
13,40,5,86
13,40,43,92,5,86
13,40,43,188,5,86
13,40,44,188,5,86
13,40,44,188,43,92,5,86
13,40,45,188,5,86
13,40,45,188,43,92,5,86
13,40,5,92
13,40,5,188,43,92
13,40,43,92
13,40,44,188,5,92
13,40,44,188,43,92
13,40,45,188,5,92
13,40,45,188,43,92
13,40,5,92,43,122
13,40,5,188,43,122
13,40,43,122
13,40,44,188,5,92,43,122
13,40,44,188,43,122
13,40,45,188,5,92,43,122
13,40,45,188,43,122
13,163
13,40,5,92,43,188,14,166
13,40,5,188,14,166
13,40,43,188,14,166
13,40,44,188,14,166
13,40,45,188,14,166
13,40,5,92,43,188,14
13,40,5,188,14
13,40,43,188,14
13,40,44,188,14
13,40,45,188,14
13,40,5,188
13,40,43,188
13,40,44,188
13,40,45,188
13,40,5,92,43,188,173
13,40,5,188,173
13,40,43,188,173
13,40,44,188,173
13,40,45,188,173
18,19
18,19,124
19,124
33,34
33,35
33,35,164
34,33,35
34,33,35,164
35,164
38,39
40,5
40,43,92,5
40,43,188,5
40,44,188,5
40,44,188,43,92,5
40,45,188,5
40,45,188,43,92,5
40,41
40,42
40,43
40,44,188,43
40,45,188,43
40,44
40,45,188,44
40,45
40,13,76
40,5,92,43,77
40,5,188,43,77
40,43,77
40,44,188,5,92,43,77
40,44,188,43,77
40,45,188,5,92,43,77
40,45,188,43,77
40,5,92,43,77,78
40,5,188,43,77,78
40,43,77,78
40,44,188,5,92,43,77,78
40,44,188,43,77,78
40,45,188,5,92,43,77,78
40,45,188,43,77,78
40,5,92,43,77,79
40,5,188,43,77,79
40,43,77,79
40,44,188,5,92,43,77,79
40,44,188,43,77,79
40,45,188,5,92,43,77,79
40,45,188,43,77,79
40,5,92,43,77,25
40,5,188,43,77,25
40,43,77,25
40,44,188,5,92,43,77,25
40,44,188,43,77,25
40,45,188,5,92,43,77,25
40,45,188,43,77,25
40,5,92,43,77,24
40,5,188,43,77,24
40,43,77,24
40,44,188,5,92,43,77,24
40,44,188,43,77,24
40,45,188,5,92,43,77,24
40,45,188,43,77,24
40,5,86
40,43,92,5,86
40,43,188,5,86
40,44,188,5,86
40,44,188,43,92,5,86
40,45,188,5,86
40,45,188,43,92,5,86
40,5,92
40,5,188,43,92
40,43,92
40,44,188,5,92
40,44,188,43,92
40,45,188,5,92
40,45,188,43,92
40,5,92,43,122
40,5,188,43,122
40,43,122
40,44,188,5,92,43,122
40,44,188,43,122
40,45,188,5,92,43,122
40,45,188,43,122
40,13,163
40,5,92,43,188,14,166
40,5,188,14,166
40,43,188,14,166
40,44,188,14,166
40,45,188,14,166
40,5,92,43,188,14
40,5,188,14
40,43,188,14
40,44,188,14
40,45,188,14
40,5,188
40,43,188
40,44,188
40,45,188
40,5,92,43,188,173
40,5,188,173
40,43,188,173
40,44,188,173
40,45,188,173
5,40,41
5,92,43,40,41
5,92,43,188,44,40,41
5,92,43,188,45,40,41
5,188,43,40,41
5,188,44,40,41
5,188,45,40,41
5,40,42
5,92,43,40,42
5,92,43,188,44,40,42
5,92,43,188,45,40,42
5,188,43,40,42
5,188,44,40,42
5,188,45,40,42
5,40,43
5,40,44,188,43
5,40,45,188,43
5,92,43
5,188,43
5,40,44
5,40,45,188,44
5,92,43,40,44
5,92,43,40,45,188,44
5,92,43,188,44
5,188,44
5,40,45
5,92,43,40,45
5,92,43,188,45
5,188,45
5,40,13,76
5,92,43,40,13,76
5,92,43,188,44,40,13,76
5,92,43,188,45,40,13,76
5,188,43,40,13,76
5,188,44,40,13,76
5,188,45,40,13,76
5,40,43,77
5,40,44,188,43,77
5,40,45,188,43,77
5,92,43,77
5,188,43,77
5,40,43,77,78
5,40,44,188,43,77,78
5,40,45,188,43,77,78
5,92,43,77,78
5,188,43,77,78
5,40,43,77,79
5,40,44,188,43,77,79
5,40,45,188,43,77,79
5,92,43,77,79
5,188,43,77,79
5,40,43,77,25
5,40,44,188,43,77,25
5,40,45,188,43,77,25
5,92,43,77,25
5,188,43,77,25
5,40,43,77,24
5,40,44,188,43,77,24
5,40,45,188,43,77,24
5,92,43,77,24
5,188,43,77,24
5,86
5,92
5,188,43,92
5,40,43,122
5,40,44,188,43,122
5,40,45,188,43,122
5,92,43,122
5,188,43,122
5,40,13,163
5,92,43,40,13,163
5,92,43,188,44,40,13,163
5,92,43,188,45,40,13,163
5,188,43,40,13,163
5,188,44,40,13,163
5,188,45,40,13,163
5,40,43,188,14,166
5,40,44,188,14,166
5,40,45,188,14,166
5,92,43,40,44,188,14,166
5,92,43,40,45,188,14,166
5,92,43,188,14,166
5,188,14,166
5,40,43,188,14
5,40,44,188,14
5,40,45,188,14
5,92,43,40,44,188,14
5,92,43,40,45,188,14
5,92,43,188,14
5,188,14
5,188
5,40,43,188,173
5,40,44,188,173
5,40,45,188,173
5,92,43,40,44,188,173
5,92,43,40,45,188,173
5,92,43,188,173
5,188,173
41,40,42
41,40,43
41,40,44,188,43
41,40,45,188,43
41,40,44
41,40,45,188,44
41,40,45
41,40,13,76
41,40,5,92,43,77
41,40,5,188,43,77
41,40,43,77
41,40,44,188,5,92,43,77
41,40,44,188,43,77
41,40,45,188,5,92,43,77
41,40,45,188,43,77
41,40,5,92,43,77,78
41,40,5,188,43,77,78
41,40,43,77,78
41,40,44,188,5,92,43,77,78
41,40,44,188,43,77,78
41,40,45,188,5,92,43,77,78
41,40,45,188,43,77,78
41,40,5,92,43,77,79
41,40,5,188,43,77,79
41,40,43,77,79
41,40,44,188,5,92,43,77,79
41,40,44,188,43,77,79
41,40,45,188,5,92,43,77,79
41,40,45,188,43,77,79
41,40,5,92,43,77,25
41,40,5,188,43,77,25
41,40,43,77,25
41,40,44,188,5,92,43,77,25
41,40,44,188,43,77,25
41,40,45,188,5,92,43,77,25
41,40,45,188,43,77,25
41,40,5,92,43,77,24
41,40,5,188,43,77,24
41,40,43,77,24
41,40,44,188,5,92,43,77,24
41,40,44,188,43,77,24
41,40,45,188,5,92,43,77,24
41,40,45,188,43,77,24
41,40,5,86
41,40,43,92,5,86
41,40,43,188,5,86
41,40,44,188,5,86
41,40,44,188,43,92,5,86
41,40,45,188,5,86
41,40,45,188,43,92,5,86
41,40,5,92
41,40,5,188,43,92
41,40,43,92
41,40,44,188,5,92
41,40,44,188,43,92
41,40,45,188,5,92
41,40,45,188,43,92
41,40,5,92,43,122
41,40,5,188,43,122
41,40,43,122
41,40,44,188,5,92,43,122
41,40,44,188,43,122
41,40,45,188,5,92,43,122
41,40,45,188,43,122
41,40,13,163
41,40,5,92,43,188,14,166
41,40,5,188,14,166
41,40,43,188,14,166
41,40,44,188,14,166
41,40,45,188,14,166
41,40,5,92,43,188,14
41,40,5,188,14
41,40,43,188,14
41,40,44,188,14
41,40,45,188,14
41,40,5,188
41,40,43,188
41,40,44,188
41,40,45,188
41,40,5,92,43,188,173
41,40,5,188,173
41,40,43,188,173
41,40,44,188,173
41,40,45,188,173
42,40,43
42,40,44,188,43
42,40,45,188,43
42,40,44
42,40,45,188,44
42,40,45
42,40,13,76
42,40,5,92,43,77
42,40,5,188,43,77
42,40,43,77
42,40,44,188,5,92,43,77
42,40,44,188,43,77
42,40,45,188,5,92,43,77
42,40,45,188,43,77
42,40,5,92,43,77,78
42,40,5,188,43,77,78
42,40,43,77,78
42,40,44,188,5,92,43,77,78
42,40,44,188,43,77,78
42,40,45,188,5,92,43,77,78
42,40,45,188,43,77,78
42,40,5,92,43,77,79
42,40,5,188,43,77,79
42,40,43,77,79
42,40,44,188,5,92,43,77,79
42,40,44,188,43,77,79
42,40,45,188,5,92,43,77,79
42,40,45,188,43,77,79
42,40,5,92,43,77,25
42,40,5,188,43,77,25
42,40,43,77,25
42,40,44,188,5,92,43,77,25
42,40,44,188,43,77,25
42,40,45,188,5,92,43,77,25
42,40,45,188,43,77,25
42,40,5,92,43,77,24
42,40,5,188,43,77,24
42,40,43,77,24
42,40,44,188,5,92,43,77,24
42,40,44,188,43,77,24
42,40,45,188,5,92,43,77,24
42,40,45,188,43,77,24
42,40,5,86
42,40,43,92,5,86
42,40,43,188,5,86
42,40,44,188,5,86
42,40,44,188,43,92,5,86
42,40,45,188,5,86
42,40,45,188,43,92,5,86
42,40,5,92
42,40,5,188,43,92
42,40,43,92
42,40,44,188,5,92
42,40,44,188,43,92
42,40,45,188,5,92
42,40,45,188,43,92
42,40,5,92,43,122
42,40,5,188,43,122
42,40,43,122
42,40,44,188,5,92,43,122
42,40,44,188,43,122
42,40,45,188,5,92,43,122
42,40,45,188,43,122
42,40,13,163
42,40,5,92,43,188,14,166
42,40,5,188,14,166
42,40,43,188,14,166
42,40,44,188,14,166
42,40,45,188,14,166
42,40,5,92,43,188,14
42,40,5,188,14
42,40,43,188,14
42,40,44,188,14
42,40,45,188,14
42,40,5,188
42,40,43,188
42,40,44,188
42,40,45,188
42,40,5,92,43,188,173
42,40,5,188,173
42,40,43,188,173
42,40,44,188,173
42,40,45,188,173
43,40,44
43,40,45,188,44
43,188,44
43,40,45
43,188,45
43,40,13,76
43,188,44,40,13,76
43,188,45,40,13,76
43,77
43,77,78
43,77,79
43,77,25
43,77,24
43,40,5,86
43,40,44,188,5,86
43,40,45,188,5,86
43,92,5,86
43,188,5,86
43,92
43,122
43,40,13,163
43,188,44,40,13,163
43,188,45,40,13,163
43,40,44,188,14,166
43,40,45,188,14,166
43,188,14,166
43,40,44,188,14
43,40,45,188,14
43,188,14
43,188
43,40,44,188,173
43,40,45,188,173
43,188,173
44,40,45
44,188,45
44,40,13,76
44,188,45,40,13,76
44,40,5,92,43,77
44,40,43,77
44,40,45,188,5,92,43,77
44,40,45,188,43,77
44,188,5,92,43,77
44,188,43,77
44,40,5,92,43,77,78
44,40,43,77,78
44,40,45,188,5,92,43,77,78
44,40,45,188,43,77,78
44,188,5,92,43,77,78
44,188,43,77,78
44,40,5,92,43,77,79
44,40,43,77,79
44,40,45,188,5,92,43,77,79
44,40,45,188,43,77,79
44,188,5,92,43,77,79
44,188,43,77,79
44,40,5,92,43,77,25
44,40,43,77,25
44,40,45,188,5,92,43,77,25
44,40,45,188,43,77,25
44,188,5,92,43,77,25
44,188,43,77,25
44,40,5,92,43,77,24
44,40,43,77,24
44,40,45,188,5,92,43,77,24
44,40,45,188,43,77,24
44,188,5,92,43,77,24
44,188,43,77,24
44,40,5,86
44,40,43,92,5,86
44,40,45,188,5,86
44,40,45,188,43,92,5,86
44,188,5,86
44,188,43,92,5,86
44,40,5,92
44,40,43,92
44,40,45,188,5,92
44,40,45,188,43,92
44,188,5,92
44,188,43,92
44,40,5,92,43,122
44,40,43,122
44,40,45,188,5,92,43,122
44,40,45,188,43,122
44,188,5,92,43,122
44,188,43,122
44,40,13,163
44,188,45,40,13,163
44,40,45,188,14,166
44,188,14,166
44,40,45,188,14
44,188,14
44,188
44,40,45,188,173
44,188,173
45,40,13,76
45,40,5,92,43,77
45,40,43,77
45,188,5,92,43,77
45,188,43,77
45,40,5,92,43,77,78
45,40,43,77,78
45,188,5,92,43,77,78
45,188,43,77,78
45,40,5,92,43,77,79
45,40,43,77,79
45,188,5,92,43,77,79
45,188,43,77,79
45,40,5,92,43,77,25
45,40,43,77,25
45,188,5,92,43,77,25
45,188,43,77,25
45,40,5,92,43,77,24
45,40,43,77,24
45,188,5,92,43,77,24
45,188,43,77,24
45,40,5,86
45,40,43,92,5,86
45,188,5,86
45,188,43,92,5,86
45,40,5,92
45,40,43,92
45,188,5,92
45,188,43,92
45,40,5,92,43,122
45,40,43,122
45,188,5,92,43,122
45,188,43,122
45,40,13,163
45,188,14,166
45,188,14
45,188
45,188,173
76,13,40,5,92,43,77
76,13,40,5,188,43,77
76,13,40,43,77
76,13,40,44,188,5,92,43,77
76,13,40,44,188,43,77
76,13,40,45,188,5,92,43,77
76,13,40,45,188,43,77
76,13,40,5,92,43,77,78
76,13,40,5,188,43,77,78
76,13,40,43,77,78
76,13,40,44,188,5,92,43,77,78
76,13,40,44,188,43,77,78
76,13,40,45,188,5,92,43,77,78
76,13,40,45,188,43,77,78
76,13,40,5,92,43,77,79
76,13,40,5,188,43,77,79
76,13,40,43,77,79
76,13,40,44,188,5,92,43,77,79
76,13,40,44,188,43,77,79
76,13,40,45,188,5,92,43,77,79
76,13,40,45,188,43,77,79
76,13,40,5,92,43,77,25
76,13,40,5,188,43,77,25
76,13,40,43,77,25
76,13,40,44,188,5,92,43,77,25
76,13,40,44,188,43,77,25
76,13,40,45,188,5,92,43,77,25
76,13,40,45,188,43,77,25
76,13,40,5,92,43,77,24
76,13,40,5,188,43,77,24
76,13,40,43,77,24
76,13,40,44,188,5,92,43,77,24
76,13,40,44,188,43,77,24
76,13,40,45,188,5,92,43,77,24
76,13,40,45,188,43,77,24
76,13,40,5,86
76,13,40,43,92,5,86
76,13,40,43,188,5,86
76,13,40,44,188,5,86
76,13,40,44,188,43,92,5,86
76,13,40,45,188,5,86
76,13,40,45,188,43,92,5,86
76,13,40,5,92
76,13,40,5,188,43,92
76,13,40,43,92
76,13,40,44,188,5,92
76,13,40,44,188,43,92
76,13,40,45,188,5,92
76,13,40,45,188,43,92
76,13,40,5,92,43,122
76,13,40,5,188,43,122
76,13,40,43,122
76,13,40,44,188,5,92,43,122
76,13,40,44,188,43,122
76,13,40,45,188,5,92,43,122
76,13,40,45,188,43,122
76,13,163
76,13,40,5,92,43,188,14,166
76,13,40,5,188,14,166
76,13,40,43,188,14,166
76,13,40,44,188,14,166
76,13,40,45,188,14,166
76,13,40,5,92,43,188,14
76,13,40,5,188,14
76,13,40,43,188,14
76,13,40,44,188,14
76,13,40,45,188,14
76,13,40,5,188
76,13,40,43,188
76,13,40,44,188
76,13,40,45,188
76,13,40,5,92,43,188,173
76,13,40,5,188,173
76,13,40,43,188,173
76,13,40,44,188,173
76,13,40,45,188,173
77,78
77,79
77,25
77,24
77,43,40,5,86
77,43,40,44,188,5,86
77,43,40,45,188,5,86
77,43,92,5,86
77,43,188,5,86
77,43,92
77,43,188,5,92
77,43,122
77,43,40,13,163
77,43,92,5,40,13,163
77,43,92,5,188,44,40,13,163
77,43,92,5,188,45,40,13,163
77,43,188,5,40,13,163
77,43,188,44,40,13,163
77,43,188,45,40,13,163
77,43,40,5,188,14,166
77,43,40,44,188,14,166
77,43,40,45,188,14,166
77,43,92,5,40,44,188,14,166
77,43,92,5,40,45,188,14,166
77,43,92,5,188,14,166
77,43,188,14,166
77,43,40,5,188,14
77,43,40,44,188,14
77,43,40,45,188,14
77,43,92,5,40,44,188,14
77,43,92,5,40,45,188,14
77,43,92,5,188,14
77,43,188,14
77,43,188
77,43,40,5,188,173
77,43,40,44,188,173
77,43,40,45,188,173
77,43,92,5,40,44,188,173
77,43,92,5,40,45,188,173
77,43,92,5,188,173
77,43,188,173
78,77,79
78,77,25
78,77,24
78,77,43,40,5,86
78,77,43,40,44,188,5,86
78,77,43,40,45,188,5,86
78,77,43,92,5,86
78,77,43,188,5,86
78,77,43,92
78,77,43,188,5,92
78,77,43,122
78,77,43,40,13,163
78,77,43,92,5,40,13,163
78,77,43,92,5,188,44,40,13,163
78,77,43,92,5,188,45,40,13,163
78,77,43,188,5,40,13,163
78,77,43,188,44,40,13,163
78,77,43,188,45,40,13,163
78,77,43,40,5,188,14,166
78,77,43,40,44,188,14,166
78,77,43,40,45,188,14,166
78,77,43,92,5,40,44,188,14,166
78,77,43,92,5,40,45,188,14,166
78,77,43,92,5,188,14,166
78,77,43,188,14,166
78,77,43,40,5,188,14
78,77,43,40,44,188,14
78,77,43,40,45,188,14
78,77,43,92,5,40,44,188,14
78,77,43,92,5,40,45,188,14
78,77,43,92,5,188,14
78,77,43,188,14
78,77,43,188
78,77,43,40,5,188,173
78,77,43,40,44,188,173
78,77,43,40,45,188,173
78,77,43,92,5,40,44,188,173
78,77,43,92,5,40,45,188,173
78,77,43,92,5,188,173
78,77,43,188,173
79,77,25
79,77,24
79,77,43,40,5,86
79,77,43,40,44,188,5,86
79,77,43,40,45,188,5,86
79,77,43,92,5,86
79,77,43,188,5,86
79,77,43,92
79,77,43,188,5,92
79,77,43,122
79,77,43,40,13,163
79,77,43,92,5,40,13,163
79,77,43,92,5,188,44,40,13,163
79,77,43,92,5,188,45,40,13,163
79,77,43,188,5,40,13,163
79,77,43,188,44,40,13,163
79,77,43,188,45,40,13,163
79,77,43,40,5,188,14,166
79,77,43,40,44,188,14,166
79,77,43,40,45,188,14,166
79,77,43,92,5,40,44,188,14,166
79,77,43,92,5,40,45,188,14,166
79,77,43,92,5,188,14,166
79,77,43,188,14,166
79,77,43,40,5,188,14
79,77,43,40,44,188,14
79,77,43,40,45,188,14
79,77,43,92,5,40,44,188,14
79,77,43,92,5,40,45,188,14
79,77,43,92,5,188,14
79,77,43,188,14
79,77,43,188
79,77,43,40,5,188,173
79,77,43,40,44,188,173
79,77,43,40,45,188,173
79,77,43,92,5,40,44,188,173
79,77,43,92,5,40,45,188,173
79,77,43,92,5,188,173
79,77,43,188,173
25,77,24
25,77,43,40,5,86
25,77,43,40,44,188,5,86
25,77,43,40,45,188,5,86
25,77,43,92,5,86
25,77,43,188,5,86
25,77,43,92
25,77,43,188,5,92
25,77,43,122
25,77,43,40,13,163
25,77,43,92,5,40,13,163
25,77,43,92,5,188,44,40,13,163
25,77,43,92,5,188,45,40,13,163
25,77,43,188,5,40,13,163
25,77,43,188,44,40,13,163
25,77,43,188,45,40,13,163
25,77,43,40,5,188,14,166
25,77,43,40,44,188,14,166
25,77,43,40,45,188,14,166
25,77,43,92,5,40,44,188,14,166
25,77,43,92,5,40,45,188,14,166
25,77,43,92,5,188,14,166
25,77,43,188,14,166
25,77,43,40,5,188,14
25,77,43,40,44,188,14
25,77,43,40,45,188,14
25,77,43,92,5,40,44,188,14
25,77,43,92,5,40,45,188,14
25,77,43,92,5,188,14
25,77,43,188,14
25,77,43,188
25,77,43,40,5,188,173
25,77,43,40,44,188,173
25,77,43,40,45,188,173
25,77,43,92,5,40,44,188,173
25,77,43,92,5,40,45,188,173
25,77,43,92,5,188,173
25,77,43,188,173
24,77,43,40,5,86
24,77,43,40,44,188,5,86
24,77,43,40,45,188,5,86
24,77,43,92,5,86
24,77,43,188,5,86
24,77,43,92
24,77,43,188,5,92
24,77,43,122
24,77,43,40,13,163
24,77,43,92,5,40,13,163
24,77,43,92,5,188,44,40,13,163
24,77,43,92,5,188,45,40,13,163
24,77,43,188,5,40,13,163
24,77,43,188,44,40,13,163
24,77,43,188,45,40,13,163
24,77,43,40,5,188,14,166
24,77,43,40,44,188,14,166
24,77,43,40,45,188,14,166
24,77,43,92,5,40,44,188,14,166
24,77,43,92,5,40,45,188,14,166
24,77,43,92,5,188,14,166
24,77,43,188,14,166
24,77,43,40,5,188,14
24,77,43,40,44,188,14
24,77,43,40,45,188,14
24,77,43,92,5,40,44,188,14
24,77,43,92,5,40,45,188,14
24,77,43,92,5,188,14
24,77,43,188,14
24,77,43,188
24,77,43,40,5,188,173
24,77,43,40,44,188,173
24,77,43,40,45,188,173
24,77,43,92,5,40,44,188,173
24,77,43,92,5,40,45,188,173
24,77,43,92,5,188,173
24,77,43,188,173
80,53
80,53,191
53,191
86,5,92
86,5,188,43,92
86,5,40,43,122
86,5,40,44,188,43,122
86,5,40,45,188,43,122
86,5,92,43,122
86,5,188,43,122
86,5,40,13,163
86,5,92,43,40,13,163
86,5,92,43,188,44,40,13,163
86,5,92,43,188,45,40,13,163
86,5,188,43,40,13,163
86,5,188,44,40,13,163
86,5,188,45,40,13,163
86,5,40,43,188,14,166
86,5,40,44,188,14,166
86,5,40,45,188,14,166
86,5,92,43,40,44,188,14,166
86,5,92,43,40,45,188,14,166
86,5,92,43,188,14,166
86,5,188,14,166
86,5,40,43,188,14
86,5,40,44,188,14
86,5,40,45,188,14
86,5,92,43,40,44,188,14
86,5,92,43,40,45,188,14
86,5,92,43,188,14
86,5,188,14
86,5,188
86,5,40,43,188,173
86,5,40,44,188,173
86,5,40,45,188,173
86,5,92,43,40,44,188,173
86,5,92,43,40,45,188,173
86,5,92,43,188,173
86,5,188,173
89,90
92,43,122
92,5,188,43,122
92,43,40,13,163
92,43,188,5,40,13,163
92,43,188,44,40,13,163
92,43,188,45,40,13,163
92,5,40,13,163
92,5,188,44,40,13,163
92,5,188,45,40,13,163
92,43,40,44,188,14,166
92,43,40,45,188,14,166
92,43,188,14,166
92,5,40,44,188,14,166
92,5,40,45,188,14,166
92,5,188,14,166
92,43,40,44,188,14
92,43,40,45,188,14
92,43,188,14
92,5,40,44,188,14
92,5,40,45,188,14
92,5,188,14
92,43,188
92,5,188
92,43,40,44,188,173
92,43,40,45,188,173
92,43,188,173
92,5,40,44,188,173
92,5,40,45,188,173
92,5,188,173
104,105
104,106
105,104,106
122,43,40,13,163
122,43,92,5,40,13,163
122,43,92,5,188,44,40,13,163
122,43,92,5,188,45,40,13,163
122,43,188,5,40,13,163
122,43,188,44,40,13,163
122,43,188,45,40,13,163
122,43,40,5,188,14,166
122,43,40,44,188,14,166
122,43,40,45,188,14,166
122,43,92,5,40,44,188,14,166
122,43,92,5,40,45,188,14,166
122,43,92,5,188,14,166
122,43,188,14,166
122,43,40,5,188,14
122,43,40,44,188,14
122,43,40,45,188,14
122,43,92,5,40,44,188,14
122,43,92,5,40,45,188,14
122,43,92,5,188,14
122,43,188,14
122,43,188
122,43,40,5,188,173
122,43,40,44,188,173
122,43,40,45,188,173
122,43,92,5,40,44,188,173
122,43,92,5,40,45,188,173
122,43,92,5,188,173
122,43,188,173
131,15
163,13,40,5,92,43,188,14,166
163,13,40,5,188,14,166
163,13,40,43,188,14,166
163,13,40,44,188,14,166
163,13,40,45,188,14,166
163,13,40,5,92,43,188,14
163,13,40,5,188,14
163,13,40,43,188,14
163,13,40,44,188,14
163,13,40,45,188,14
163,13,40,5,188
163,13,40,43,188
163,13,40,44,188
163,13,40,45,188
163,13,40,5,92,43,188,173
163,13,40,5,188,173
163,13,40,43,188,173
163,13,40,44,188,173
163,13,40,45,188,173
166,14
166,14,188
166,14,188,173
14,188
14,188,173
168,169
177,141
177,37
141,177,37
186,83
188,173
194,134
