20,21
20,255,7,26,27,21
20,255,7,216,540,26,27,21
20,255,7,540,26,27,21
20,21,27,26
20,255,7,26
20,255,7,216,540,26
20,255,7,540,26
20,21,27,26,7
20,21,27,26,540,7
20,21,27,26,540,216,7
20,255,7
20,21,27
20,255,7,26,27
20,255,7,216,540,26,27
20,255,7,540,26,27
20,21,27,26,7,216
20,21,27,26,540,216
20,255,7,216
20,255,7,540,216
20,21,27,26,7,255,254
20,21,27,26,540,7,255,254
20,21,27,26,540,216,7,255,254
20,255,254
20,255
20,21,27,26,7,255,274,273
20,21,27,26,540,7,255,274,273
20,21,27,26,540,216,7,255,274,273
20,255,274,273
20,21,27,26,7,255,274
20,21,27,26,540,7,255,274
20,21,27,26,540,216,7,255,274
20,255,274
20,21,27,26,7,255,397
20,21,27,26,540,7,255,397
20,21,27,26,540,216,7,255,397
20,255,397
20,21,27,26,7,255,274,273,478
20,21,27,26,540,7,255,274,273,478
20,21,27,26,540,216,7,255,274,273,478
20,255,274,273,478
20,21,27,26,7,255,274,273,478,235
20,21,27,26,540,7,255,274,273,478,235
20,21,27,26,540,216,7,255,274,273,478,235
20,255,274,273,478,235
20,21,27,26,540
20,255,7,540
20,21,27,26,7,216,540,34
20,21,27,26,7,540,34
20,21,27,26,540,34
20,255,7,26,540,34
20,255,7,216,540,34
20,255,7,540,34
20,21,27,26,7,216,540,328
20,21,27,26,7,540,328
20,21,27,26,540,328
20,255,7,26,540,328
20,255,7,216,540,328
20,255,7,540,328
21,20,255,7,26
21,20,255,7,216,540,26
21,20,255,7,540,26
21,27,26
21,20,255,7
21,27,26,7
21,27,26,540,7
21,27,26,540,216,7
21,27
21,20,255,7,216
21,20,255,7,540,216
21,27,26,7,216
21,27,26,540,216
21,20,255,254
21,27,26,7,255,254
21,27,26,540,7,255,254
21,27,26,540,216,7,255,254
21,20,255
21,27,26,7,255
21,27,26,540,7,255
21,27,26,540,216,7,255
21,20,255,274,273
21,27,26,7,255,274,273
21,27,26,540,7,255,274,273
21,27,26,540,216,7,255,274,273
21,20,255,274
21,27,26,7,255,274
21,27,26,540,7,255,274
21,27,26,540,216,7,255,274
21,20,255,397
21,27,26,7,255,397
21,27,26,540,7,255,397
21,27,26,540,216,7,255,397
21,20,255,274,273,478
21,27,26,7,255,274,273,478
21,27,26,540,7,255,274,273,478
21,27,26,540,216,7,255,274,273,478
21,20,255,274,273,478,235
21,27,26,7,255,274,273,478,235
21,27,26,540,7,255,274,273,478,235
21,27,26,540,216,7,255,274,273,478,235
21,20,255,7,540
21,27,26,540
21,20,255,7,26,540,34
21,20,255,7,216,540,34
21,20,255,7,540,34
21,27,26,7,216,540,34
21,27,26,7,540,34
21,27,26,540,34
21,20,255,7,26,540,328
21,20,255,7,216,540,328
21,20,255,7,540,328
21,27,26,7,216,540,328
21,27,26,7,540,328
21,27,26,540,328
23,24
26,7
26,540,7
26,540,216,7
26,27
26,7,216
26,27,21,20,255,7,216
26,540,216
26,7,255,254
26,27,21,20,255,254
26,540,7,255,254
26,540,216,7,255,254
26,7,255
26,27,21,20,255
26,540,7,255
26,540,216,7,255
26,7,255,274,273
26,27,21,20,255,274,273
26,540,7,255,274,273
26,540,216,7,255,274,273
26,7,255,274
26,27,21,20,255,274
26,540,7,255,274
26,540,216,7,255,274
26,7,255,397
26,27,21,20,255,397
26,540,7,255,397
26,540,216,7,255,397
26,7,255,274,273,478
26,27,21,20,255,274,273,478
26,540,7,255,274,273,478
26,540,216,7,255,274,273,478
26,7,255,274,273,478,235
26,27,21,20,255,274,273,478,235
26,540,7,255,274,273,478,235
26,540,216,7,255,274,273,478,235
26,540
26,7,216,540,34
26,7,540,34
26,27,21,20,255,7,216,540,34
26,27,21,20,255,7,540,34
26,540,34
26,7,216,540,328
26,7,540,328
26,27,21,20,255,7,216,540,328
26,27,21,20,255,7,540,328
26,540,328
7,26,27
7,216,540,26,27
7,255,20,21,27
7,540,26,27
7,216
7,540,216
7,255,254
7,255
7,255,274,273
7,255,274
7,255,397
7,255,274,273,478
7,255,274,273,478,235
7,540
7,216,540,34
7,540,34
7,216,540,328
7,540,328
27,26,7,216
27,26,540,216
27,21,20,255,7,216
27,21,20,255,7,540,216
27,26,7,255,254
27,26,540,7,255,254
27,26,540,216,7,255,254
27,21,20,255,254
27,26,7,255
27,26,540,7,255
27,26,540,216,7,255
27,21,20,255
27,26,7,255,274,273
27,26,540,7,255,274,273
27,26,540,216,7,255,274,273
27,21,20,255,274,273
27,26,7,255,274
27,26,540,7,255,274
27,26,540,216,7,255,274
27,21,20,255,274
27,26,7,255,397
27,26,540,7,255,397
27,26,540,216,7,255,397
27,21,20,255,397
27,26,7,255,274,273,478
27,26,540,7,255,274,273,478
27,26,540,216,7,255,274,273,478
27,21,20,255,274,273,478
27,26,7,255,274,273,478,235
27,26,540,7,255,274,273,478,235
27,26,540,216,7,255,274,273,478,235
27,21,20,255,274,273,478,235
27,26,540
27,21,20,255,7,540
27,26,7,216,540,34
27,26,7,540,34
27,26,540,34
27,21,20,255,7,216,540,34
27,21,20,255,7,540,34
27,26,7,216,540,328
27,26,7,540,328
27,26,540,328
27,21,20,255,7,216,540,328
27,21,20,255,7,540,328
29,30
39,40
58,59
58,59,221,226
58,59,226
58,59,221
58,59,340
59,221,226
59,226
59,221
59,340
64,65
64,65,151
64,65,601,151
64,65,181
64,65,181,182
64,65,526
64,65,531
64,65,601
65,151
65,601,151
65,181
65,181,182
65,526
65,531
65,601
69,70
78,32
100,44
100,44,490,491,337,279
100,44,280,279
100,44,490,491,337,279,280
100,44,280
100,44,490,491,337,279,323
100,44,280,279,323
100,44,490,491,337
100,44,280,279,337
100,44,460
100,44,490
100,44,490,491
100,44,280,279,337,491
100,44,490,491,337,279,280,525
100,44,280,525
100,44,490,491,337,279,280,525,537
100,44,280,525,537
100,44,490,491,337,279,280,585
100,44,280,585
44,490,491,337,279
44,280,279
44,490,491,337,279,280
44,280
44,490,491,337,279,323
44,280,279,323
44,490,491,337
44,280,279,337
44,460
44,490
44,490,491
44,280,279,337,491
44,490,491,337,279,280,525
44,280,525
44,490,491,337,279,280,525,537
44,280,525,537
44,490,491,337,279,280,585
44,280,585
109,98
109,315
109,315,316
98,109,315
98,109,315,316
110,111
110,112,245,113,111
110,112,285,111
110,113,245,112,285,111
110,113,111
110,112
110,113,245,112
110,113,111,285,112
110,13
110,113
110,111,285,112,245
110,111,113,245
110,112,245
110,113,245
110,111,285
110,112,285
110,113,245,112,285
110,113,111,285
110,111,285,112,437,436
110,111,113,245,112,437,436
110,112,437,436
110,113,245,112,437,436
110,113,111,285,112,437,436
110,111,285,112,437
110,111,113,245,112,437
110,112,437
110,113,245,112,437
110,113,111,285,112,437
111,110,112
111,285,112
111,113,110,112
111,113,245,112
111,110,13
111,285,112,110,13
111,285,112,245,113,110,13
111,113,110,13
111,113,245,112,110,13
111,285,112,245,113
111,113
111,110,112,245
111,285,112,245
111,113,245
111,285
111,110,112,437,436
111,285,112,437,436
111,113,110,112,437,436
111,113,245,112,437,436
111,110,112,437
111,285,112,437
111,113,110,112,437
111,113,245,112,437
112,110,13
112,245,113,110,13
112,285,111,113,110,13
112,110,113
112,245,113
112,285,111,113
112,245
112,285
112,437,436
112,437
13,110,113
13,110,111,285,112,245
13,110,111,113,245
13,110,112,245
13,110,113,245
13,110,111,285
13,110,112,285
13,110,113,245,112,285
13,110,113,111,285
13,110,111,285,112,437,436
13,110,111,113,245,112,437,436
13,110,112,437,436
13,110,113,245,112,437,436
13,110,113,111,285,112,437,436
13,110,111,285,112,437
13,110,111,113,245,112,437
13,110,112,437
13,110,113,245,112,437
13,110,113,111,285,112,437
113,245
113,110,112,285
113,245,112,285
113,111,285
113,110,112,437,436
113,245,112,437,436
113,111,285,112,437,436
113,110,112,437
113,245,112,437
113,111,285,112,437
118,119
118,583,327,191,190
118,583,190
118,583,327,191
118,583,190,191
118,583,327
118,583
118,583,488
118,583,36
119,118,583,327,191,190
119,118,583,190
119,118,583,327,191
119,118,583,190,191
119,118,583,327
119,118,583
119,118,583,488
119,118,583,36
126,127
126,128
126,129
126,130
126,38
126,76
127,126,128
127,126,129
127,126,130
127,126,38
127,126,76
128,126,129
128,126,130
128,126,38
128,126,76
129,126,130
129,126,38
129,126,76
130,126,38
130,126,76
38,126,76
136,137
136,137,358
136,137,517
136,137,92
137,358
137,517
137,92
147,148
151,65,181
151,601,65,181
151,65,181,182
151,601,65,181,182
151,65,526
151,601,65,526
151,65,531
151,601,65,531
151,601
153,154
153,155
153,621
154,153,155
154,153,621
155,153,621
172,173
172,173,515
172,173,567
173,515
173,567
174,175
181,182
181,65,526
181,65,531
181,65,601
182,181,65,526
182,181,65,531
182,181,65,601
188,189
190,191
190,583,327,191
190,191,327
190,583,327
190,583
190,191,327,583,488
190,583,488
190,191,327,583,36
190,583,36
191,327
191,190,583
191,327,583
191,190,583,488
191,327,583,488
191,190,583,36
191,327,583,36
194,195
194,195,353
194,195,473
195,353
195,473
200,201
200,201,462
201,462
202,203
202,12
202,203,558
203,202,12
203,558
12,202,203,558
207,208
207,240
208,207,240
212,213
212,213,377,376
212,213,377
213,377,376
213,377
214,215
214,269
214,269,149
215,214,269
215,214,269,149
216,7,26,27,21,20,255,254
216,7,255,254
216,540,7,255,254
216,540,26,27,21,20,255,254
216,7,255
216,540,7,255
216,540,26,27,21,20,255
216,7,26,27,21,20,255,274,273
216,7,255,274,273
216,540,7,255,274,273
216,540,26,27,21,20,255,274,273
216,7,26,27,21,20,255,274
216,7,255,274
216,540,7,255,274
216,540,26,27,21,20,255,274
216,7,26,27,21,20,255,397
216,7,255,397
216,540,7,255,397
216,540,26,27,21,20,255,397
216,7,26,27,21,20,255,274,273,478
216,7,255,274,273,478
216,540,7,255,274,273,478
216,540,26,27,21,20,255,274,273,478
216,7,26,27,21,20,255,274,273,478,235
216,7,255,274,273,478,235
216,540,7,255,274,273,478,235
216,540,26,27,21,20,255,274,273,478,235
216,540
216,540,34
216,540,328
222,223
222,223,468
222,223,631
223,468
223,631
226,221
226,221,59,340
226,59,340
221,59,340
227,228
229,230
229,230,263
229,230,264
230,263
230,264
245,112,285
245,113,110,111,285
245,113,111,285
245,112,437,436
245,113,110,111,285,112,437,436
245,113,111,285,112,437,436
245,112,437
245,113,110,111,285,112,437
245,113,111,285,112,437
249,47
254,255
254,255,274,273
254,255,274
254,255,397
254,255,274,273,478
254,255,274,273,478,235
254,255,7,540
254,255,20,21,27,26,540
254,255,7,26,540,34
254,255,7,216,540,34
254,255,7,540,34
254,255,20,21,27,26,7,216,540,34
254,255,20,21,27,26,7,540,34
254,255,20,21,27,26,540,34
254,255,7,26,540,328
254,255,7,216,540,328
254,255,7,540,328
254,255,20,21,27,26,7,216,540,328
254,255,20,21,27,26,7,540,328
254,255,20,21,27,26,540,328
255,274,273
255,274
255,397
255,274,273,478
255,274,273,478,235
255,7,540
255,20,21,27,26,540
255,7,26,540,34
255,7,216,540,34
255,7,540,34
255,20,21,27,26,540,34
255,7,26,540,328
255,7,216,540,328
255,7,540,328
255,20,21,27,26,540,328
256,244
260,261
263,230,264
269,149
271,272
273,274
273,274,255,397
273,478
273,478,235
273,274,255,7,540
273,274,255,20,21,27,26,540
273,274,255,7,26,540,34
273,274,255,7,216,540,34
273,274,255,7,540,34
273,274,255,20,21,27,26,7,216,540,34
273,274,255,20,21,27,26,7,540,34
273,274,255,20,21,27,26,540,34
273,274,255,7,26,540,328
273,274,255,7,216,540,328
273,274,255,7,540,328
273,274,255,20,21,27,26,7,216,540,328
273,274,255,20,21,27,26,7,540,328
273,274,255,20,21,27,26,540,328
274,255,397
274,273,478
274,273,478,235
274,255,7,540
274,255,20,21,27,26,540
274,255,7,26,540,34
274,255,7,216,540,34
274,255,7,540,34
274,255,20,21,27,26,7,216,540,34
274,255,20,21,27,26,7,540,34
274,255,20,21,27,26,540,34
274,255,7,26,540,328
274,255,7,216,540,328
274,255,7,540,328
274,255,20,21,27,26,7,216,540,328
274,255,20,21,27,26,7,540,328
274,255,20,21,27,26,540,328
279,280
279,323
279,337
279,280,44,460
279,337,491,490,44,460
279,280,44,490
279,337,491,490
279,280,44,490,491
279,337,491
279,280,525
279,280,525,537
279,280,585
280,279,323
280,44,490,491,337,279,323
280,279,337
280,44,490,491,337
280,279,337,491,490,44,460
280,44,460
280,279,337,491,490
280,44,490
280,279,337,491
280,44,490,491
280,525
280,525,537
280,585
285,112,437,436
285,112,437
296,297
296,446,297
296,446
296,297,446,447
296,297,446,448,447
296,446,447
296,446,448,447
296,297,446,330
296,446,330
296,297,446,448
296,446,448
297,446
297,446,447
297,446,448,447
297,446,330
297,446,448
305,152
307,308
307,309
307,310
308,307,309
308,307,310
309,307,310
315,316
322,132
323,279,337
323,279,280,44,460
323,279,337,491,490,44,460
323,279,280,44,490
323,279,337,491,490
323,279,280,44,490,491
323,279,337,491
323,279,280,525
323,279,337,491,490,44,280,525
323,279,280,525,537
323,279,337,491,490,44,280,525,537
323,279,280,585
323,279,337,491,490,44,280,585
327,583
327,583,488
327,583,36
334,335
334,336
334,405
334,496
334,590
335,334,336
335,334,405
335,334,496
335,334,590
336,334,405
336,334,496
336,334,590
337,279,280,44,460
337,491,490,44,460
337,279,280,44,490
337,491,490
337,491
337,279,280,525
337,491,490,44,280,525
337,279,280,525,537
337,491,490,44,280,525,537
337,279,280,585
337,491,490,44,280,585
339,43
339,362
43,339,362
349,350
349,465
350,349,465
372,373
372,373,438
373,438
376,377
392,393
394,395
394,368
394,395,404
395,394,368
395,404
368,394,395,404
405,334,496
405,334,590
412,413
412,413,15
412,413,463
413,15
413,463
416,91
15,413,463
423,424
423,425
423,426
423,210
424,423,425
424,423,426
424,423,210
425,423,426
425,423,210
426,423,210
436,437
440,441
440,442,471,441
440,442
440,441,471
440,442,471
441,440,442
441,471,442
441,471
442,471
445,317
446,447
446,448,447
446,330
446,448
447,446,330
447,448,446,330
447,448
330,446,448
458,459
460,44,490
460,44,490,491
460,44,280,279,337,491
460,44,490,491,337,279,280,525
460,44,280,525
460,44,490,491,337,279,280,525,537
460,44,280,525,537
460,44,490,491,337,279,280,585
460,44,280,585
397,255,274,273,478
397,255,274,273,478,235
397,255,7,540
397,255,20,21,27,26,540
397,255,7,26,540,34
397,255,7,216,540,34
397,255,7,540,34
397,255,20,21,27,26,7,216,540,34
397,255,20,21,27,26,7,540,34
397,255,20,21,27,26,540,34
397,255,7,26,540,328
397,255,7,216,540,328
397,255,7,540,328
397,255,20,21,27,26,7,216,540,328
397,255,20,21,27,26,7,540,328
397,255,20,21,27,26,540,328
353,195,473
468,223,631
478,235
478,273,274,255,7,540
478,273,274,255,20,21,27,26,540
478,273,274,255,7,26,540,34
478,273,274,255,7,216,540,34
478,273,274,255,7,540,34
478,273,274,255,20,21,27,26,7,216,540,34
478,273,274,255,20,21,27,26,7,540,34
478,273,274,255,20,21,27,26,540,34
478,273,274,255,7,26,540,328
478,273,274,255,7,216,540,328
478,273,274,255,7,540,328
478,273,274,255,20,21,27,26,7,216,540,328
478,273,274,255,20,21,27,26,7,540,328
478,273,274,255,20,21,27,26,540,328
235,478,273,274,255,7,540
235,478,273,274,255,20,21,27,26,540
235,478,273,274,255,7,26,540,34
235,478,273,274,255,7,216,540,34
235,478,273,274,255,7,540,34
235,478,273,274,255,20,21,27,26,7,216,540,34
235,478,273,274,255,20,21,27,26,7,540,34
235,478,273,274,255,20,21,27,26,540,34
235,478,273,274,255,7,26,540,328
235,478,273,274,255,7,216,540,328
235,478,273,274,255,7,540,328
235,478,273,274,255,20,21,27,26,7,216,540,328
235,478,273,274,255,20,21,27,26,7,540,328
235,478,273,274,255,20,21,27,26,540,328
484,120
490,491
490,491,337,279,280,525
490,44,280,525
490,491,337,279,280,525,537
490,44,280,525,537
490,491,337,279,280,585
490,44,280,585
491,490,44,280,525
491,337,279,280,525
491,490,44,280,525,537
491,337,279,280,525,537
491,490,44,280,585
491,337,279,280,585
494,53
496,334,590
501,93
509,262
509,262,551
262,551
515,173,567
519,451
525,537
525,280,585
526,65,531
526,65,601
530,378
531,65,601
537,525,280,585
540,34
540,328
34,540,328
564,220
580,60
583,488
583,36
488,583,36
593,594
608,609
608,609,42
608,609,584
609,42
609,584
618,312
358,137,517
358,137,92
517,137,92
42,609,584
