2,3
2,3,50
2,3,127
2,3,406
2,3,515
2,3,745
2,3,1397
3,50
3,127
3,406
3,515
3,745
3,1397
5,6
5,7
5,969
5,969,970
5,969,971
5,969,280
5,969,972
5,969,973
5,969,971,1400
6,5,7
6,5,969
6,5,969,970
6,5,969,971
6,5,969,280
6,5,969,972
6,5,969,973
6,5,969,971,1400
7,5,969
7,5,969,970
7,5,969,971
7,5,969,280
7,5,969,972
7,5,969,973
7,5,969,971,1400
26,27
26,27,286
26,27,413
26,27,899
26,27,903
26,27,1277
26,27,1447
26,27,1488
26,27,1563
26,27,1566
27,286
27,413
27,899
27,903
27,1277
27,1447
27,1488
27,1563
27,1566
38,39
38,39,62,61
38,39,62,153,63,61
38,39,62,64,61
38,39,62,66,61
38,39,62,63,61
38,39,62
38,39,62,153,63
38,39,62,64,61,63
38,39,62,66,61,63
38,39,62,63
38,39,62,153,63,61,64
38,39,62,64
38,39,62,66,61,64
38,39,62,61,65
38,39,62,153,63,61,65
38,39,62,64,61,65
38,39,62,66,61,65
38,39,62,63,61,65
38,39,62,153,63,61,66
38,39,62,66
38,39,62,153
38,39,62,573
38,39,62,1274,1273,573
38,39,62,1051
38,39,62,573,1273
38,39,62,1274,1273
38,39,62,1274
38,39,62,61,63,72
38,39,62,153,63,72
38,39,62,64,61,63,72
38,39,62,66,61,63,72
38,39,62,63,72
39,62,61
39,62,153,63,61
39,62,64,61
39,62,66,61
39,62,63,61
39,62
39,62,153,63
39,62,64,61,63
39,62,66,61,63
39,62,63
39,62,153,63,61,64
39,62,64
39,62,66,61,64
39,62,61,65
39,62,153,63,61,65
39,62,64,61,65
39,62,66,61,65
39,62,63,61,65
39,62,153,63,61,66
39,62,66
39,62,153
39,62,573
39,62,1274,1273,573
39,62,1051
39,62,573,1273
39,62,1274,1273
39,62,1274
39,62,61,63,72
39,62,153,63,72
39,62,64,61,63,72
39,62,66,61,63,72
39,62,63,72
41,42
50,3,127
50,3,406
50,3,515
50,3,745
50,3,1397
61,62
61,63,153,62
61,63,62
61,64,62
61,66,62
61,63
61,64,62,153,63
61,64,62,63
61,66,62,153,63
61,66,62,63
61,64
61,66,62,64
61,65
61,66
61,62,153
61,63,153
61,64,62,153
61,66,62,153
61,62,573
61,62,1274,1273,573
61,63,153,62,573
61,63,153,62,1274,1273,573
61,63,62,573
61,63,62,1274,1273,573
61,64,62,573
61,64,62,1274,1273,573
61,66,62,573
61,66,62,1274,1273,573
61,62,1051
61,63,153,62,1051
61,63,62,1051
61,64,62,1051
61,66,62,1051
61,62,573,1273
61,62,1274,1273
61,63,153,62,573,1273
61,63,153,62,1274,1273
61,63,62,573,1273
61,63,62,1274,1273
61,64,62,573,1273
61,64,62,1274,1273
61,66,62,573,1273
61,66,62,1274,1273
61,62,1274
61,63,153,62,1274
61,63,62,1274
61,64,62,1274
61,66,62,1274
61,62,153,63,72
61,62,63,72
61,63,72
61,64,62,153,63,72
61,64,62,63,72
61,66,62,153,63,72
61,66,62,63,72
62,153,63
62,63
62,64
62,61,65
62,153,63,61,65
62,64,61,65
62,66,61,65
62,63,61,65
62,66
62,153
62,573
62,1274,1273,573
62,1051
62,573,1273
62,1274,1273
62,1274
62,153,63,72
62,63,72
63,61,64
63,61,66,62,64
63,153,62,64
63,153,62,66,61,64
63,62,64
63,61,65
63,153,62,64,61,65
63,153,62,66,61,65
63,62,64,61,65
63,62,66,61,65
63,61,66
63,153,62,66
63,62,66
63,153
63,61,64,62,573
63,61,64,62,1274,1273,573
63,61,66,62,573
63,61,66,62,1274,1273,573
63,153,62,573
63,153,62,1274,1273,573
63,62,573
63,62,1274,1273,573
63,61,64,62,1051
63,61,66,62,1051
63,153,62,1051
63,62,1051
63,61,64,62,573,1273
63,61,64,62,1274,1273
63,61,66,62,573,1273
63,61,66,62,1274,1273
63,153,62,573,1273
63,153,62,1274,1273
63,62,573,1273
63,62,1274,1273
63,61,64,62,1274
63,61,66,62,1274
63,153,62,1274
63,62,1274
63,72
64,61,65
64,62,66,61,65
64,61,66
64,62,66
64,61,63,153
64,61,66,62,153
64,62,153
64,61,63,153,62,573
64,61,63,153,62,1274,1273,573
64,61,66,62,573
64,61,66,62,1274,1273,573
64,62,573
64,62,1274,1273,573
64,61,63,153,62,1051
64,61,66,62,1051
64,62,1051
64,61,63,153,62,573,1273
64,61,63,153,62,1274,1273
64,61,66,62,573,1273
64,61,66,62,1274,1273
64,62,573,1273
64,62,1274,1273
64,61,63,153,62,1274
64,61,66,62,1274
64,62,1274
64,61,63,72
64,61,66,62,153,63,72
64,61,66,62,63,72
64,62,153,63,72
64,62,63,72
65,61,66
65,61,62,153
65,61,63,153
65,61,64,62,153
65,61,66,62,153
65,61,62,573
65,61,62,1274,1273,573
65,61,63,153,62,573
65,61,63,153,62,1274,1273,573
65,61,63,62,573
65,61,63,62,1274,1273,573
65,61,64,62,573
65,61,64,62,1274,1273,573
65,61,66,62,573
65,61,66,62,1274,1273,573
65,61,62,1051
65,61,63,153,62,1051
65,61,63,62,1051
65,61,64,62,1051
65,61,66,62,1051
65,61,62,573,1273
65,61,62,1274,1273
65,61,63,153,62,573,1273
65,61,63,153,62,1274,1273
65,61,63,62,573,1273
65,61,63,62,1274,1273
65,61,64,62,573,1273
65,61,64,62,1274,1273
65,61,66,62,573,1273
65,61,66,62,1274,1273
65,61,62,1274
65,61,63,153,62,1274
65,61,63,62,1274
65,61,64,62,1274
65,61,66,62,1274
65,61,62,153,63,72
65,61,62,63,72
65,61,63,72
65,61,64,62,153,63,72
65,61,64,62,63,72
65,61,66,62,153,63,72
65,61,66,62,63,72
66,61,63,153
66,62,153
66,61,63,153,62,573
66,61,63,153,62,1274,1273,573
66,62,573
66,62,1274,1273,573
66,61,63,153,62,1051
66,62,1051
66,61,63,153,62,573,1273
66,61,63,153,62,1274,1273
66,62,573,1273
66,62,1274,1273
66,61,63,153,62,1274
66,62,1274
66,61,63,72
66,62,153,63,72
66,62,63,72
80,81
83,84
83,1196,1110,803,1062,1100,84
83,1100,84
83,84,680,158
83,1196,1110,803,1062,1100,84,680,158
83,1100,84,680,158
83,84,680
83,1196,1110,803,1062,1100,84,680
83,1100,84,680
83,84,1100,1062
83,1196,1110,803,1062
83,1100,1062
83,84,1100,1062,898
83,1196,1110,803,1062,898
83,1100,1062,898
83,84,1100,1062,803
83,1196,1110,803
83,1100,1062,803
83,84,1100,1062,803,1110,1068
83,1196,1110,1068
83,1100,1062,803,1110,1068
83,84,1100,1062,803,1110,1068,935
83,1196,1110,1068,935
83,1100,1062,803,1110,1068,935
83,1196,1110,803,1062,1100
83,1100
83,84,1100,1062,803,1110
83,1196,1110
83,1100,1062,803,1110
83,1196
83,84,1100,1062,803,1110,1196,254
83,1196,254
83,1100,1062,803,1110,1196,254
84,680,158
84,680
84,83,1196,1110,803,1062
84,1100,1062
84,83,1196,1110,803,1062,898
84,1100,83,1196,1110,803,1062,898
84,1100,1062,898
84,83,1196,1110,803
84,1100,83,1196,1110,803
84,1100,1062,803
84,83,1196,1110,1068
84,1100,83,1196,1110,1068
84,1100,1062,803,1110,1068
84,83,1196,1110,1068,935
84,1100,83,1196,1110,1068,935
84,1100,1062,803,1110,1068,935
84,1100
84,83,1196,1110
84,1100,83,1196,1110
84,1100,1062,803,1110
84,83,1196
84,1100,83,1196
84,1100,1062,803,1110,1196
84,83,1196,254
84,1100,83,1196,254
84,1100,1062,803,1110,1196,254
89,90
89,1225
89,1225,1063
90,89,1225
90,89,1225,1063
91,92
91,92,1476
91,92,1481,1480
91,92,1481,1480,199
91,92,1481
92,1476
92,1481,1480
92,1481,1480,199
92,1481
109,753
116,117
116,928
116,928,929
116,928,930
116,928,931
116,928,932
116,928,933
116,928,932,871
116,928,929,333
116,928,930,246
116,928,931,444
116,928,933,221
117,116,928
117,116,928,929
117,116,928,930
117,116,928,931
117,116,928,932
117,116,928,933
117,116,928,932,871
117,116,928,929,333
117,116,928,930,246
117,116,928,931,444
117,116,928,933,221
127,3,406
127,3,515
127,3,745
127,3,1397
130,131
130,131,661
130,131,1227
131,661
131,1227
134,135
134,136
134,135,1483
135,134,136
135,1483
136,134,135,1483
140,141
140,141,258
140,141,258,259
140,141,741
140,141,923
140,141,923,924
140,141,923,924,1032
140,141,258,259,1122
140,141,258,259,1537
141,258
141,258,259
141,741
141,923
141,923,924
141,923,924,1032
141,258,259,1122
141,258,259,1537
153,62,573
153,62,1274,1273,573
153,62,1051
153,62,573,1273
153,62,1274,1273
153,62,1274
153,63,72
158,680
158,680,84,83,1196,1110,803,1062
158,680,84,83,1100,1062
158,680,84,1100,1062
158,680,84,83,1196,1110,803,1062,898
158,680,84,83,1100,1062,898
158,680,84,1100,83,1196,1110,803,1062,898
158,680,84,1100,1062,898
158,680,84,83,1196,1110,803
158,680,84,83,1100,1062,803
158,680,84,1100,83,1196,1110,803
158,680,84,1100,1062,803
158,680,84,83,1196,1110,1068
158,680,84,83,1100,1062,803,1110,1068
158,680,84,1100,83,1196,1110,1068
158,680,84,1100,1062,803,1110,1068
158,680,84,83,1196,1110,1068,935
158,680,84,83,1100,1062,803,1110,1068,935
158,680,84,1100,83,1196,1110,1068,935
158,680,84,1100,1062,803,1110,1068,935
158,680,84,1100
158,680,84,83,1196,1110
158,680,84,83,1100,1062,803,1110
158,680,84,1100,83,1196,1110
158,680,84,1100,1062,803,1110
158,680,84,83,1196
158,680,84,1100,83,1196
158,680,84,1100,1062,803,1110,1196
158,680,84,83,1196,254
158,680,84,83,1100,1062,803,1110,1196,254
158,680,84,1100,83,1196,254
158,680,84,1100,1062,803,1110,1196,254
171,172
185,186
185,187
185,188
185,189
185,190
185,1495
185,1495,1261
185,1495,1284
185,1495,977
185,1495,1496
186,185,187
186,185,188
186,185,189
186,185,190
186,185,1495
186,185,1495,1261
186,185,1495,1284
186,185,1495,977
186,185,1495,1496
187,185,188
187,185,189
187,185,190
187,185,1495
187,185,1495,1261
187,185,1495,1284
187,185,1495,977
187,185,1495,1496
188,185,189
188,185,190
188,185,1495
188,185,1495,1261
188,185,1495,1284
188,185,1495,977
188,185,1495,1496
189,185,190
189,185,1495
189,185,1495,1261
189,185,1495,1284
189,185,1495,977
189,185,1495,1496
190,185,1495
190,185,1495,1261
190,185,1495,1284
190,185,1495,977
190,185,1495,1496
207,208
219,220
230,231
240,241
249,250
249,251
250,249,251
258,259
258,141,741
258,141,923
258,141,923,924
258,141,923,924,1032
258,259,1122
258,259,1537
259,258,141,741
259,258,141,923
259,258,141,923,924
259,258,141,923,924,1032
259,1122
259,1537
262,263
262,264,752,101,263
262,264,752,101,1458,404,263
262,264,1458,101,263
262,264,1458,404,263
262,264
262,265
262,266
262,267
262,268
262,263,101,752
262,263,101,1458,264,752
262,263,404,1458,101,752
262,263,404,1458,264,752
262,264,752
262,264,1458,101,752
262,263,101
262,263,404,1458,101
262,264,752,101
262,264,1458,101
262,264,1458,404,263,101
262,263,404
262,264,752,101,263,404
262,264,752,101,1458,404
262,264,1458,404
262,263,101,752,264,1350
262,263,101,1458,264,1350
262,263,404,1458,101,752,264,1350
262,263,404,1458,264,1350
262,264,1350
262,263,101,1458
262,263,404,1458
262,264,1458
262,263,101,752,264,1571
262,263,101,1458,264,1571
262,263,404,1458,101,752,264,1571
262,263,404,1458,264,1571
262,264,1571
263,262,264
263,101,752,264
263,101,1458,264
263,404,1458,101,752,264
263,404,1458,264
263,262,265
263,101,752,264,262,265
263,101,1458,264,262,265
263,404,1458,101,752,264,262,265
263,404,1458,264,262,265
263,262,266
263,101,752,264,262,266
263,101,1458,264,262,266
263,404,1458,101,752,264,262,266
263,404,1458,264,262,266
263,262,267
263,101,752,264,262,267
263,101,1458,264,262,267
263,404,1458,101,752,264,262,267
263,404,1458,264,262,267
263,262,268
263,101,752,264,262,268
263,101,1458,264,262,268
263,404,1458,101,752,264,262,268
263,404,1458,264,262,268
263,262,264,752
263,101,752
263,101,1458,264,752
263,404,1458,101,752
263,404,1458,264,752
263,101
263,404,1458,101
263,404
263,262,264,1350
263,101,752,264,1350
263,101,1458,264,1350
263,404,1458,101,752,264,1350
263,404,1458,264,1350
263,262,264,1458
263,101,1458
263,404,1458
263,262,264,1571
263,101,752,264,1571
263,101,1458,264,1571
263,404,1458,101,752,264,1571
263,404,1458,264,1571
264,262,265
264,262,266
264,262,267
264,262,268
264,752
264,1458,101,752
264,262,263,101
264,752,101
264,1458,101
264,1458,404,263,101
264,262,263,404
264,752,101,263,404
264,752,101,1458,404
264,1458,404
264,1350
264,1458
264,1571
265,262,266
265,262,267
265,262,268
265,262,263,101,752
265,262,263,101,1458,264,752
265,262,263,404,1458,101,752
265,262,263,404,1458,264,752
265,262,264,752
265,262,264,1458,101,752
265,262,263,101
265,262,263,404,1458,101
265,262,264,752,101
265,262,264,1458,101
265,262,264,1458,404,263,101
265,262,263,404
265,262,264,752,101,263,404
265,262,264,752,101,1458,404
265,262,264,1458,404
265,262,263,101,752,264,1350
265,262,263,101,1458,264,1350
265,262,263,404,1458,101,752,264,1350
265,262,263,404,1458,264,1350
265,262,264,1350
265,262,263,101,1458
265,262,263,404,1458
265,262,264,1458
265,262,263,101,752,264,1571
265,262,263,101,1458,264,1571
265,262,263,404,1458,101,752,264,1571
265,262,263,404,1458,264,1571
265,262,264,1571
266,262,267
266,262,268
266,262,263,101,752
266,262,263,101,1458,264,752
266,262,263,404,1458,101,752
266,262,263,404,1458,264,752
266,262,264,752
266,262,264,1458,101,752
266,262,263,101
266,262,263,404,1458,101
266,262,264,752,101
266,262,264,1458,101
266,262,264,1458,404,263,101
266,262,263,404
266,262,264,752,101,263,404
266,262,264,752,101,1458,404
266,262,264,1458,404
266,262,263,101,752,264,1350
266,262,263,101,1458,264,1350
266,262,263,404,1458,101,752,264,1350
266,262,263,404,1458,264,1350
266,262,264,1350
266,262,263,101,1458
266,262,263,404,1458
266,262,264,1458
266,262,263,101,752,264,1571
266,262,263,101,1458,264,1571
266,262,263,404,1458,101,752,264,1571
266,262,263,404,1458,264,1571
266,262,264,1571
267,262,268
267,262,263,101,752
267,262,263,101,1458,264,752
267,262,263,404,1458,101,752
267,262,263,404,1458,264,752
267,262,264,752
267,262,264,1458,101,752
267,262,263,101
267,262,263,404,1458,101
267,262,264,752,101
267,262,264,1458,101
267,262,264,1458,404,263,101
267,262,263,404
267,262,264,752,101,263,404
267,262,264,752,101,1458,404
267,262,264,1458,404
267,262,263,101,752,264,1350
267,262,263,101,1458,264,1350
267,262,263,404,1458,101,752,264,1350
267,262,263,404,1458,264,1350
267,262,264,1350
267,262,263,101,1458
267,262,263,404,1458
267,262,264,1458
267,262,263,101,752,264,1571
267,262,263,101,1458,264,1571
267,262,263,404,1458,101,752,264,1571
267,262,263,404,1458,264,1571
267,262,264,1571
268,262,263,101,752
268,262,263,101,1458,264,752
268,262,263,404,1458,101,752
268,262,263,404,1458,264,752
268,262,264,752
268,262,264,1458,101,752
268,262,263,101
268,262,263,404,1458,101
268,262,264,752,101
268,262,264,1458,101
268,262,264,1458,404,263,101
268,262,263,404
268,262,264,752,101,263,404
268,262,264,752,101,1458,404
268,262,264,1458,404
268,262,263,101,752,264,1350
268,262,263,101,1458,264,1350
268,262,263,404,1458,101,752,264,1350
268,262,263,404,1458,264,1350
268,262,264,1350
268,262,263,101,1458
268,262,263,404,1458
268,262,264,1458
268,262,263,101,752,264,1571
268,262,263,101,1458,264,1571
268,262,263,404,1458,101,752,264,1571
268,262,263,404,1458,264,1571
268,262,264,1571
277,278
277,1374
278,277,1374
284,165
286,27,413
286,27,899
286,27,903
286,27,1277
286,27,1447
286,27,1488
286,27,1563
286,27,1566
291,547
303,304
313,314
313,314,387
313,1144
314,387
314,313,1144
325,288
338,339
338,339,642
338,339,696
338,339,723
338,339,989
339,642
339,696
339,723
339,989
340,341
340,203
340,341,727
340,341,727,125
340,341,1060
340,341,1060,867
340,341,1136
340,341,1136,1137
340,341,1309
340,341,1309,1293
340,341,1441
340,341,1441,1356
341,340,203
341,727
341,727,125
341,1060
341,1060,867
341,1136
341,1136,1137
341,1309
341,1309,1293
341,1441
341,1441,1356
203,340,341,727
203,340,341,727,125
203,340,341,1060
203,340,341,1060,867
203,340,341,1136
203,340,341,1136,1137
203,340,341,1309
203,340,341,1309,1293
203,340,341,1441
203,340,341,1441,1356
344,13
344,345,372,13
344,346,372,13
344,347,373,371,372,13
344,347,372,13
344,371,372,13
344,345
344,346,372,345
344,347,373,371,372,345
344,347,372,345
344,371,372,345
344,346
344,347,373,371,372,346
344,347,372,346
344,371,372,346
344,347
344,371,372,347
344,371,373,347
344,371
344,13,372
344,345,372
344,346,372
344,347,373,371,372
344,347,372
344,371,372
344,13,372,371,373
344,13,372,347,373
344,345,372,371,373
344,345,372,347,373
344,346,372,371,373
344,346,372,347,373
344,347,373
344,371,373
344,13,372,371,373,347,799
344,13,372,347,799
344,345,372,371,373,347,799
344,345,372,347,799
344,346,372,371,373,347,799
344,346,372,347,799
344,347,799
344,371,372,347,799
344,371,373,347,799
13,344,345
13,344,346,372,345
13,344,347,373,371,372,345
13,344,347,372,345
13,344,371,372,345
13,372,345
13,344,346
13,344,347,373,371,372,346
13,344,347,372,346
13,344,371,372,346
13,372,346
13,344,347
13,344,371,372,347
13,344,371,373,347
13,372,371,373,347
13,372,347
13,344,371
13,372,371
13,372
13,344,345,372,371,373
13,344,345,372,347,373
13,344,346,372,371,373
13,344,346,372,347,373
13,344,347,373
13,344,371,373
13,372,371,373
13,372,347,373
13,344,345,372,371,373,347,799
13,344,345,372,347,799
13,344,346,372,371,373,347,799
13,344,346,372,347,799
13,344,347,799
13,344,371,372,347,799
13,344,371,373,347,799
13,372,371,373,347,799
13,372,347,799
345,344,346
345,344,347,373,371,372,346
345,344,347,372,346
345,344,371,372,346
345,372,346
345,344,347
345,344,371,372,347
345,344,371,373,347
345,372,371,373,347
345,372,347
345,344,371
345,372,371
345,372
345,344,346,372,371,373
345,344,346,372,347,373
345,344,347,373
345,344,371,373
345,372,371,373
345,372,347,373
345,344,346,372,371,373,347,799
345,344,346,372,347,799
345,344,347,799
345,344,371,372,347,799
345,344,371,373,347,799
345,372,371,373,347,799
345,372,347,799
346,344,347
346,344,371,372,347
346,344,371,373,347
346,372,371,373,347
346,372,347
346,344,371
346,372,371
346,372
346,344,347,373
346,344,371,373
346,372,371,373
346,372,347,373
346,344,347,799
346,344,371,372,347,799
346,344,371,373,347,799
346,372,371,373,347,799
346,372,347,799
347,344,371
347,373,371
347,372,371
347,373,371,372
347,372
347,373
347,799
350,351
350,352
350,351,324
351,350,352
351,324
352,350,351,324
366,367
366,368,1019,367
366,368
366,367,1019,368,433
366,368,433
366,367,1019,368,635
366,368,635
366,367,1019
366,368,1019
367,366,368
367,1019,368
367,366,368,433
367,1019,368,433
367,366,368,635
367,1019,368,635
367,1019
368,433
368,635
368,1019
371,372
371,373
371,372,347,799
371,344,347,799
371,373,347,799
372,371,373
372,347,373
372,371,373,347,799
372,347,799
373,347,799
387,314,313,1144
393,394
398,399
398,1581
399,398,1581
400,401
400,402
400,401,868
400,401,1159,868
400,401,1159
400,401,1536
400,401,1536,621
400,401,1536,1535
401,400,402
401,868
401,1159,868
401,1159
401,1536
401,1536,621
401,1536,1535
402,400,401,868
402,400,401,1159,868
402,400,401,1159
402,400,401,1536
402,400,401,1536,621
402,400,401,1536,1535
406,3,515
406,3,745
406,3,1397
413,27,899
413,27,903
413,27,1277
413,27,1447
413,27,1488
413,27,1563
413,27,1566
433,368,635
433,368,1019
435,436
435,436,542
435,436,836
435,436,1222,837,836
435,436,836,837
435,436,1222,837
435,436,988
435,436,1219
435,436,836,837,1222,1221
435,436,1222,1221
435,436,836,837,1222,1221,191
435,436,1222,1221,191
435,436,1222
435,436,1315
436,542
436,836
436,1222,837,836
436,836,837
436,1222,837
436,988
436,1219
436,836,837,1222,1221
436,1222,1221
436,836,837,1222,1221,191
436,1222,1221,191
436,1222
436,1315
442,443
442,443,1074
442,443,1275
443,1074
443,1275
446,447
446,118,667,447
446,118,667,668,767,447
446,118,667,668,1412,447
446,118,767,447
446,118,767,668,1412,447
446,118,995,447
446,118,1412,447
446,118
446,447,667
446,447,767,118,667
446,447,767,118,1412,668,667
446,447,767,668,667
446,447,995,118,667
446,447,995,118,767,668,667
446,447,995,118,1412,668,667
446,447,1412,118,667
446,447,1412,668,667
446,118,667
446,118,767,668,667
446,118,1412,668,667
446,447,667,668
446,447,767,668
446,447,995,118,667,668
446,447,995,118,767,668
446,447,995,118,1412,668
446,447,1412,668
446,118,667,668
446,118,767,668
446,118,1412,668
446,447,767
446,447,995,118,767
446,447,995,118,1412,668,767
446,447,1412,118,767
446,447,1412,668,767
446,118,767
446,118,1412,668,767
446,447,995
446,447,1412,118,995
446,118,995
446,447,1412
446,118,1412
447,446,118
447,667,118
447,667,668,767,118
447,667,668,1412,118
447,767,118
447,767,668,1412,118
447,995,118
447,1412,118
447,667
447,767,118,667
447,767,118,1412,668,667
447,767,668,667
447,995,118,667
447,995,118,767,668,667
447,995,118,1412,668,667
447,1412,118,667
447,1412,668,667
447,446,118,667,668
447,446,118,767,668
447,446,118,1412,668
447,667,668
447,767,668
447,995,118,667,668
447,995,118,767,668
447,995,118,1412,668
447,1412,668
447,767
447,995,118,767
447,995,118,1412,668,767
447,1412,118,767
447,1412,668,767
447,995
447,1412,118,995
447,1412
118,667
118,767,668,667
118,1412,668,667
118,667,668
118,767,668
118,1412,668
118,767
118,1412,668,767
118,995
118,1412
458,104
458,104,522
458,104,689
458,104,962
104,522
104,689
104,962
468,465
481,310
487,488
487,488,1518
488,1518
504,283
504,204
283,504,204
506,484
506,507,1279,484
506,507
506,484,1279
506,507,1279
484,506,507
484,1279,507
484,1279
507,1279
515,3,745
515,3,1397
522,104,689
522,104,962
526,527
526,527,1176
526,527,1306
527,1176
527,1306
533,318
534,535
534,536
534,537
534,173
534,538
534,434
534,539
534,540
534,541
535,534,536
535,534,537
535,534,173
535,534,538
535,534,434
535,534,539
535,534,540
535,534,541
536,534,537
536,534,173
536,534,538
536,534,434
536,534,539
536,534,540
536,534,541
537,534,173
537,534,538
537,534,434
537,534,539
537,534,540
537,534,541
173,534,538
173,534,434
173,534,539
173,534,540
173,534,541
538,534,434
538,534,539
538,534,540
538,534,541
434,534,539
434,534,540
434,534,541
539,534,540
539,534,541
540,534,541
542,436,836
542,436,1222,837,836
542,436,836,837
542,436,1222,837
542,436,988
542,436,1219
542,436,836,837,1222,1221
542,436,1222,1221
542,436,836,837,1222,1221,191
542,436,1222,1221,191
542,436,1222
542,436,1315
568,302
573,62,1051
573,1273,1274,62,1051
573,1273
573,62,1274
573,1273,1274
573,62,61,63,72
573,62,153,63,72
573,62,64,61,63,72
573,62,66,61,63,72
573,62,63,72
573,1273,1274,62,61,63,72
573,1273,1274,62,153,63,72
573,1273,1274,62,64,61,63,72
573,1273,1274,62,66,61,63,72
573,1273,1274,62,63,72
574,87
574,87,1395
87,1395
575,576
582,94
582,94,1156
94,1156
583,584
583,584,1028
584,1028
586,587
586,1199
587,586,1199
590,591
592,593
592,593,677
592,1104
592,593,1543
592,593,1543,432
592,593,1543,1065
593,677
593,592,1104
593,1543
593,1543,432
593,1543,1065
601,602
603,604
607,471
607,608
471,607,608
624,517
625,626
625,626,834
625,626,882
626,834
626,882
640,641
642,339,696
642,339,723
642,339,989
651,648
651,652
651,652,1017
648,651,652
648,651,652,1017
652,1017
663,664
663,815
664,663,815
667,668
667,447,767
667,447,995,118,767
667,447,995,118,1412,668,767
667,447,1412,118,767
667,447,1412,668,767
667,118,767
667,118,1412,668,767
667,668,767
667,447,995
667,447,1412,118,995
667,118,995
667,668,767,447,995
667,668,767,118,995
667,668,1412,447,995
667,668,1412,118,995
667,447,1412
667,118,1412
667,668,1412
668,767
668,667,447,995
668,667,118,995
668,767,447,995
668,767,118,995
668,1412,447,995
668,1412,118,995
668,1412
677,593,592,1104
677,593,1543
677,593,1543,432
677,593,1543,1065
680,84,83,1196,1110,803,1062
680,84,83,1100,1062
680,84,1100,1062
680,84,83,1196,1110,803,1062,898
680,84,83,1100,1062,898
680,84,1100,83,1196,1110,803,1062,898
680,84,1100,1062,898
680,84,83,1196,1110,803
680,84,83,1100,1062,803
680,84,1100,83,1196,1110,803
680,84,1100,1062,803
680,84,83,1196,1110,1068
680,84,83,1100,1062,803,1110,1068
680,84,1100,83,1196,1110,1068
680,84,1100,1062,803,1110,1068
680,84,83,1196,1110,1068,935
680,84,83,1100,1062,803,1110,1068,935
680,84,1100,83,1196,1110,1068,935
680,84,1100,1062,803,1110,1068,935
680,84,1100
680,84,83,1196,1110
680,84,83,1100,1062,803,1110
680,84,1100,83,1196,1110
680,84,1100,1062,803,1110
680,84,83,1196
680,84,1100,83,1196
680,84,1100,1062,803,1110,1196
680,84,83,1196,254
680,84,83,1100,1062,803,1110,1196,254
680,84,1100,83,1196,254
680,84,1100,1062,803,1110,1196,254
686,687
689,104,962
696,339,723
696,339,989
697,698
702,703
702,703,789
703,789
721,376
723,339,989
724,725
727,125
727,341,1060
727,341,1060,867
727,341,1136
727,341,1136,1137
727,341,1309
727,341,1309,1293
727,341,1441
727,341,1441,1356
125,727,341,1060
125,727,341,1060,867
125,727,341,1136
125,727,341,1136,1137
125,727,341,1309
125,727,341,1309,1293
125,727,341,1441
125,727,341,1441,1356
735,736
741,141,923
741,141,923,924
741,141,923,924,1032
741,141,258,259,1122
741,141,258,259,1537
745,3,1397
748,260
750,300
750,300,886
750,300,919
750,300,1084
750,300,1545
300,886
300,919
300,1084
300,1545
752,101
752,264,262,263,404
752,264,1458,404
752,101,263,404
752,101,1458,404
752,264,1350
752,101,1458,264,1350
752,264,1458
752,101,1458
752,264,1571
752,101,1458,264,1571
101,263,404
101,1458,404
101,752,264,1350
101,263,262,264,1350
101,263,404,1458,264,1350
101,1458,404,263,262,264,1350
101,1458,264,1350
101,1458
101,752,264,1571
101,263,262,264,1571
101,263,404,1458,264,1571
101,1458,404,263,262,264,1571
101,1458,264,1571
762,763
767,447,995
767,447,1412,118,995
767,118,995
767,668,1412,447,995
767,668,1412,118,995
767,447,1412
767,118,1412
767,668,1412
804,147
635,368,1019
827,615
829,830
832,182
835,462
404,263,262,264,1350
404,263,101,752,264,1350
404,1458,101,752,264,1350
404,1458,264,1350
404,1458
404,263,262,264,1571
404,263,101,752,264,1571
404,1458,101,752,264,1571
404,1458,264,1571
836,837
836,436,988
836,837,1222,436,988
836,436,1219
836,837,1222,436,1219
836,436,1222,1221
836,837,1222,1221
836,436,1222,1221,191
836,837,1222,1221,191
836,436,1222
836,837,1222
836,436,1315
836,837,1222,436,1315
837,836,436,988
837,1222,436,988
837,836,436,1219
837,1222,436,1219
837,1222,1221
837,1222,1221,191
837,1222
837,836,436,1315
837,1222,436,1315
853,854
855,856
855,261
855,717
855,717,1479
855,717,1479,980
855,717,1479,18
855,717,1524
856,855,261
856,855,717
856,855,717,1479
856,855,717,1479,980
856,855,717,1479,18
856,855,717,1524
261,855,717
261,855,717,1479
261,855,717,1479,980
261,855,717,1479,18
261,855,717,1524
717,1479
717,1479,980
717,1479,18
717,1524
861,862
868,1159
868,401,1536
868,1159,401,1536
868,401,1536,621
868,1159,401,1536,621
868,401,1536,1535
868,1159,401,1536,1535
834,626,882
886,300,919
886,300,1084
886,300,1545
899,27,903
899,27,1277
899,27,1447
899,27,1488
899,27,1563
899,27,1566
901,902
903,27,1277
903,27,1447
903,27,1488
903,27,1563
903,27,1566
918,412
918,412,1045
412,1045
919,300,1084
919,300,1545
920,921
920,384
920,846
920,922
921,920,384
921,920,846
921,920,922
384,920,846
384,920,922
846,920,922
923,924
923,924,1032
923,141,258,259,1122
923,141,258,259,1537
924,1032
924,923,141,258,259,1122
924,923,141,258,259,1537
928,929
928,930
928,931
928,932
928,933
928,932,871
928,929,333
928,930,246
928,931,444
928,933,221
929,928,930
929,928,931
929,928,932
929,928,933
929,928,932,871
929,333
929,928,930,246
929,928,931,444
929,928,933,221
930,928,931
930,928,932
930,928,933
930,928,932,871
930,928,929,333
930,246
930,928,931,444
930,928,933,221
931,928,932
931,928,933
931,928,932,871
931,928,929,333
931,928,930,246
931,444
931,928,933,221
932,928,933
932,871
932,928,929,333
932,928,930,246
932,928,931,444
932,928,933,221
933,928,932,871
933,928,929,333
933,928,930,246
933,928,931,444
933,221
959,361
965,966
969,970
969,971
969,280
969,972
969,973
969,971,1400
970,969,971
970,969,280
970,969,972
970,969,973
970,969,971,1400
971,969,280
971,969,972
971,969,973
971,1400
280,969,972
280,969,973
280,969,971,1400
972,969,973
972,969,971,1400
973,969,971,1400
975,192
988,436,1219
988,436,836,837,1222,1221
988,436,1222,1221
988,436,836,837,1222,1221,191
988,436,1222,1221,191
988,436,1222
988,436,1315
995,447,1412
995,118,1412
998,213
998,213,1263
213,1263
999,1000
999,305
1000,999,305
871,932,928,929,333
871,932,928,930,246
871,932,928,931,444
871,932,928,933,221
1020,1021
1020,312
1021,1020,312
1022,1023
1032,924,923,141,258,259,1122
1032,924,923,141,258,259,1537
1034,614
1051,62,573,1273
1051,62,1274,1273
1051,62,1274
1051,62,61,63,72
1051,62,153,63,72
1051,62,64,61,63,72
1051,62,66,61,63,72
1051,62,63,72
1054,1055
1054,1055,1342
1055,1342
1056,343
661,131,1227
1060,867
1060,341,1136
1060,341,1136,1137
1060,341,1309
1060,341,1309,1293
1060,341,1441
1060,341,1441,1356
867,1060,341,1136
867,1060,341,1136,1137
867,1060,341,1309
867,1060,341,1309,1293
867,1060,341,1441
867,1060,341,1441,1356
1062,898
1062,803
1062,803,1110,1068
1062,1100,84,83,1196,1110,1068
1062,1100,83,1196,1110,1068
1062,803,1110,1068,935
1062,1100,84,83,1196,1110,1068,935
1062,1100,83,1196,1110,1068,935
1062,1100
1062,803,1110
1062,1100,84,83,1196,1110
1062,1100,83,1196,1110
1062,803,1110,1196
1062,1100,84,83,1196
1062,1100,83,1196
1062,803,1110,1196,254
1062,1100,84,83,1196,254
1062,1100,83,1196,254
898,1062,803
898,1062,1100,83,1196,1110,803
898,1062,803,1110,1068
898,1062,1100,84,83,1196,1110,1068
898,1062,1100,83,1196,1110,1068
898,1062,803,1110,1068,935
898,1062,1100,84,83,1196,1110,1068,935
898,1062,1100,83,1196,1110,1068,935
898,1062,1100
898,1062,803,1110
898,1062,1100,84,83,1196,1110
898,1062,1100,83,1196,1110
898,1062,803,1110,1196
898,1062,1100,84,83,1196
898,1062,1100,83,1196
898,1062,803,1110,1196,254
898,1062,1100,84,83,1196,254
898,1062,1100,83,1196,254
803,1062,1100,84,83,1196,1110,1068
803,1062,1100,83,1196,1110,1068
803,1110,1068
803,1062,1100,84,83,1196,1110,1068,935
803,1062,1100,83,1196,1110,1068,935
803,1110,1068,935
803,1062,1100
803,1110,1196,83,1100
803,1110
803,1062,1100,84,83,1196
803,1062,1100,83,1196
803,1110,1196
803,1062,1100,84,83,1196,254
803,1062,1100,83,1196,254
803,1110,1196,254
1068,935
1068,1110,803,1062,1100
1068,1110,1196,83,1100
1068,1110
1068,1110,1196
1068,1110,803,1062,1100,84,83,1196,254
1068,1110,803,1062,1100,83,1196,254
1068,1110,1196,254
935,1068,1110,803,1062,1100
935,1068,1110,1196,83,1100
935,1068,1110
935,1068,1110,1196
935,1068,1110,803,1062,1100,84,83,1196,254
935,1068,1110,803,1062,1100,83,1196,254
935,1068,1110,1196,254
1074,443,1275
1081,1082
1081,1390
1082,1081,1390
1084,300,1545
1088,1040
1088,1040,1508
1040,1508
1100,83,1196,1110
1100,1062,803,1110
1100,83,1196
1100,1062,803,1110,1196
1100,83,1196,254
1100,1062,803,1110,1196,254
1104,592,593,1543
1104,592,593,1543,432
1104,592,593,1543,1065
1110,1196
1110,1196,254
1112,577
1112,577,1192
577,1192
1114,655
1122,259,1537
1123,297
1127,405
1136,1137
1136,341,1309
1136,341,1309,1293
1136,341,1441
1136,341,1441,1356
1137,1136,341,1309
1137,1136,341,1309,1293
1137,1136,341,1441
1137,1136,341,1441,1356
1146,292
1159,401,1536
1159,401,1536,621
1159,401,1536,1535
1171,675
1175,889
1175,1493
1175,1493,1308
1175,1493,1203
889,1175,1493
889,1175,1493,1308
889,1175,1493,1203
1176,527,1306
1180,1181
1196,254
1197,1198
1205,1206
1219,436,836,837,1222,1221
1219,436,1222,1221
1219,436,836,837,1222,1221,191
1219,436,1222,1221,191
1219,436,1222
1219,436,1315
1221,191
1221,1222
1221,1222,436,1315
1221,1222,837,836,436,1315
191,1221,1222
191,1221,1222,436,1315
191,1221,1222,837,836,436,1315
1222,436,1315
1225,1063
333,929,928,930,246
333,929,928,931,444
333,929,928,933,221
1272,906
1272,184
906,1272,184
1273,1274
1273,1274,62,61,63,72
1273,1274,62,153,63,72
1273,1274,62,64,61,63,72
1273,1274,62,66,61,63,72
1273,1274,62,63,72
1273,573,62,61,63,72
1273,573,62,153,63,72
1273,573,62,64,61,63,72
1273,573,62,66,61,63,72
1273,573,62,63,72
1274,62,61,63,72
1274,62,153,63,72
1274,62,64,61,63,72
1274,62,66,61,63,72
1274,62,63,72
1277,27,1447
1277,27,1488
1277,27,1563
1277,27,1566
1282,908
246,930,928,931,444
246,930,928,933,221
1286,666
1309,1293
1309,341,1441
1309,341,1441,1356
1293,1309,341,1441
1293,1309,341,1441,1356
1338,946
1350,264,1458
1350,264,1571
1362,1163
1362,1163,1413
1163,1413
1363,801
1372,1373
1372,1373,342,1462
1372,1373,342
1372,1373,1486
1373,342,1462
1373,342
1373,1486
1379,327
1383,656
1418,466
1434,611
1441,1356
1447,27,1488
1447,27,1563
1447,27,1566
1453,588
1458,264,1571
1462,342
1462,342,1373,1486
342,1373,1486
1463,1444
1469,1294
444,931,928,933,221
1475,1194
1476,92,1481,1480
1476,92,1481,1480,199
1476,92,1481
1477,1120
1479,980
1479,18
1479,717,1524
980,1479,18
980,1479,717,1524
18,1479,717,1524
1480,199
1480,1481
199,1480,1481
1482,457
1488,27,1563
1488,27,1566
1493,1308
1493,1203
1308,1493,1203
1495,1261
1495,1284
1495,977
1495,1496
1261,1495,1284
1261,1495,977
1261,1495,1496
1284,1495,977
1284,1495,1496
977,1495,1496
1498,1096
1498,495
1498,1567
1096,1498,495
1096,1498,1567
495,1498,1567
1502,1254
1519,32
1532,1119
1536,621
1536,1535
621,1536,1535
1543,432
1543,1065
432,1543,1065
1549,775
1550,1425
1561,632
1563,27,1566
1565,786
1576,925
1582,1130
1586,1353
