[29, 113]
[277, 181]
[218, 146]
[24, 25, 18]
[8, 9]
[162, 133]
[12, 145]
[12, 242]
[68, 44]
[172, 173]
[12, 18]
[12, 266]
[253, 254]
[0, 110]
[258, 232]
[263, 161]
[115, 133]
[226, 208]
[147, 148]
[54, 55]
[246, 44]
[136, 19]
[97, 112]
[65, 27]
[145, 21]
[38, 39]
[134, 137]
[89, 90]
[193, 194]
[59, 18]
[36, 60]
[199, 127]
[155, 156]
[185, 186]
[59, 189]
[149, 46]
[262, 28]
[130, 27]
[129, 19]
[18, 44]
[228, 94]
[139, 3]
[207, 208]
[15, 271]
[61, 13]
[71, 46]
[158, 18]
[231, 27]
[243, 107]
[142, 143]
[61, 81]
[79, 80]
[59, 29]
[24, 18]
[2, 117]
[61, 204]
[175, 3]
[240, 241]
[194, 248]
[232, 233]
[97, 146]
[12, 39]
[118, 119]
[159, 105]
[66, 67]
[219, 179]
[118, 174]
[82, 39]
[126, 127]
[220, 221]
[10, 198]
[172, 18]
[251, 27]
[217, 145]
[211, 134]
[131, 132]
[95, 21]
[92, 210]
[63, 96]
[151, 152, 10]
[98, 99]
[155, 234]
[129, 267]
[112, 218]
[22, 23]
[116, 3]
[14, 142]
[12, 13]
[28, 44]
[138, 189]
[2, 3]
[112, 176]
[163, 27]
[16, 83]
[97, 98]
[46, 39]
[12, 81]
[29, 135]
[223, 27]
[200, 119]
[180, 181]
[138, 202, 18]
[97, 218]
[100, 101]
[227, 194]
[102, 80]
[2, 91]
[140, 141]
[170, 67]
[201, 44]
[26, 27]
[45, 72]
[108, 109]
[92, 148]
[236, 232]
[164, 165]
[139, 117]
[116, 117]
[32, 33]
[75, 92]
[16, 17]
[175, 117]
[157, 27]
[57, 58]
[71, 72]
[264, 46]
[203, 86]
[63, 64]
[191, 192]
[172, 242]
[73, 74]
[272, 273]
[227, 192]
[72, 21]
[54, 245]
[142, 150]
[0, 50]
[47, 48]
[61, 62]
[195, 196]
[29, 41]
[187, 188]
[121, 74]
[213, 214]
[256, 230]
[56, 141]
[45, 46]
[268, 269]
[200, 174]
[114, 27]
[252, 20, 21]
[275, 39]
[75, 76, 97]
[97, 270]
[211, 265]
[229, 230]
[92, 171]
[47, 133]
[249, 250]
[15, 190]
[10, 11]
[52, 154, 3]
[184, 27]
[178, 179]
[14, 33]
[14, 259]
[225, 109]
[134, 150]
[6, 7]
[149, 72]
[29, 120]
[244, 27]
[166, 167]
[260, 261]
[29, 63]
[134, 14]
[97, 239]
[92, 128]
[0, 1]
[106, 107]
[50, 110]
[91, 117]
[59, 44]
[166, 255]
[257, 47]
[215, 3]
[54, 48]
[143, 146]
[29, 72]
[237, 238]
[36, 198]
[134, 128]
[235, 27]
[14, 15]
[6, 11]
[18, 19]
[61, 39]
[112, 99]
[115, 48]
[142, 182]
[228, 177]
[216, 27]
[38, 19]
[138, 18]
[274, 232]
[111, 19]
[139, 91]
[218, 112]
[12, 204]
[85, 86]
[143, 112]
[28, 29]
[50, 51]
[264, 72]
[4, 5]
[153, 10]
[134, 33]
[109, 16]
[56, 19]
[91, 3]
[197, 46]
[140, 19]
[28, 189]
[98, 123]
[160, 161]
[222, 58]
[205, 206]
[215, 117]
[29, 39]
[34, 35]
[28, 18]
[104, 105]
[162, 48]
[54, 133]
[92, 6]
[112, 98]
