0 1
2 3
4 5
6 7
8 9
10 11
12 13
14 15
16 17
18 19
20 21
22 23
24 25
26 27
28 29
30 31
32 33
34 35
36 37
38 39
18 40
29 41
42 33
0 43
40 44
45 46
47 48
31 49
50 51
52 53
54 55
14 42
56 19
57 58
59 18
36 60
61 62
63 64
65 27
66 67
68 44
69 70
71 72
73 74
75 76
77 78
79 80
12 81
82 39
16 83
84 18
85 86
87 88
89 90
91 6
92 93
94 21
63 95
76 96
97 98
99 100
101 80
59 29
80 102
103 104
105 106
107 108
0 109
29 63
110 19
111 98
29 112
113 27
114 48
46 39
115 116
12 18
12 39
29 117
118 74
119 120
121 122
123 124
91 125
126 19
108 16
25 18
127 27
128 129
54 130
131 33
29 132
133 19
131 134
135 18
136 137
138 139
140 141
96 142
114 130
143 21
141 144
145 146
147 46
131 148
149 150
151 10
2 152
61 81
153 154
6 11
155 27
156 18
157 104
158 159
160 130
161 27
162 163
164 165
166 167
54 48
56 139
168 67
91 169
2 137
170 171
29 72
115 172
24 18
173 152
111 174
88 175
136 152
12 143
131 125
141 111
176 177
178 179
140 180
14 33
167 181
182 27
183 184
170 18
185 186
61 39
14 140
28 187
15 188
189 190
191 192
193 194
38 19
195 46
142 196
197 124
198 172
199 44
138 19
36 196
200 18
122 175
201 86
61 13
198 116
12 202
71 46
203 204
205 206
78 207
91 208
209 131
0 210
211 212
213 27
214 143
135 200
210 51
147 72
215 144
216 177
217 218
219 58
220 27
102 67
87 221
222 108
96 111
223 206
96 144
28 44
224 190
111 97
225 93
226 227
52 228
229 27
96 215
45 72
230 231
160 48
153 232
233 27
111 215
28 18
29 39
234 230
0 50
235 236
96 237
121 92
238 239
12 240
241 106
242 27
54 243
244 44
43 245
215 111
192 246
50 109
247 248
249 27
75 91
250 20
150 10
10 196
251 252
164 253
254 227
255 47
140 148
256 230
59 44
14 257
258 259
260 28
225 175
261 159
18 44
262 72
59 187
262 46
209 263
97 120
12 264
126 265
266 267
135 187
96 268
18 84
15 269
221 93
91 146
270 271
170 240
61 202
47 130
272 230
273 39
96 97
173 3
70 184
37 274
36 119
224 192
72 21
131 14
275 179
