2,3
2,3,50
2,3,129
2,3,406
2,3,509
2,3,738
2,3,1386
3,50
3,129
3,406
3,509
3,738
3,1386
25,26
25,26,290
25,26,413
25,26,892
25,26,896
25,26,1273
25,26,1436
25,26,1475
25,26,1553
25,26,1556
26,290
26,413
26,892
26,896
26,1273
26,1436
26,1475
26,1553
26,1556
38,39
38,39,64,63
38,39,64,155,65,63
38,39,64,66,63
38,39,64,68,63
38,39,64,65,63
38,39,64
38,39,64,155,65
38,39,64,66,63,65
38,39,64,68,63,65
38,39,64,65
38,39,64,155,65,63,66
38,39,64,66
38,39,64,68,63,66
38,39,64,63,67
38,39,64,155,65,63,67
38,39,64,66,63,67
38,39,64,68,63,67
38,39,64,65,63,67
38,39,64,155,65,63,68
38,39,64,68
38,39,64,155
38,39,64,568
38,39,64,1270,1269,568
38,39,64,1044
38,39,64,568,1269
38,39,64,1270,1269
38,39,64,1270
38,39,64,63,65,74
38,39,64,155,65,74
38,39,64,66,63,65,74
38,39,64,68,63,65,74
38,39,64,65,74
39,64,63
39,64,155,65,63
39,64,66,63
39,64,68,63
39,64,65,63
39,64
39,64,155,65
39,64,66,63,65
39,64,68,63,65
39,64,65
39,64,155,65,63,66
39,64,66
39,64,68,63,66
39,64,63,67
39,64,155,65,63,67
39,64,66,63,67
39,64,68,63,67
39,64,65,63,67
39,64,155,65,63,68
39,64,68
39,64,155
39,64,568
39,64,1270,1269,568
39,64,1044
39,64,568,1269
39,64,1270,1269
39,64,1270
39,64,63,65,74
39,64,155,65,74
39,64,66,63,65,74
39,64,68,63,65,74
39,64,65,74
41,42
50,3,129
50,3,406
50,3,509
50,3,738
50,3,1386
56,57
56,58
56,58,1256
56,58,1091
57,56,58
57,56,58,1256
57,56,58,1091
58,1256
58,1091
63,64
63,65,155,64
63,65,64
63,66,64
63,68,64
63,65
63,66,64,155,65
63,66,64,65
63,68,64,155,65
63,68,64,65
63,66
63,68,64,66
63,67
63,68
63,64,155
63,65,155
63,66,64,155
63,68,64,155
63,64,568
63,64,1270,1269,568
63,65,155,64,568
63,65,155,64,1270,1269,568
63,65,64,568
63,65,64,1270,1269,568
63,66,64,568
63,66,64,1270,1269,568
63,68,64,568
63,68,64,1270,1269,568
63,64,1044
63,65,155,64,1044
63,65,64,1044
63,66,64,1044
63,68,64,1044
63,64,568,1269
63,64,1270,1269
63,65,155,64,568,1269
63,65,155,64,1270,1269
63,65,64,568,1269
63,65,64,1270,1269
63,66,64,568,1269
63,66,64,1270,1269
63,68,64,568,1269
63,68,64,1270,1269
63,64,1270
63,65,155,64,1270
63,65,64,1270
63,66,64,1270
63,68,64,1270
63,64,155,65,74
63,64,65,74
63,65,74
63,66,64,155,65,74
63,66,64,65,74
63,68,64,155,65,74
63,68,64,65,74
64,155,65
64,65
64,66
64,63,67
64,155,65,63,67
64,66,63,67
64,68,63,67
64,65,63,67
64,68
64,155
64,568
64,1270,1269,568
64,1044
64,568,1269
64,1270,1269
64,1270
64,155,65,74
64,65,74
65,63,66
65,63,68,64,66
65,155,64,66
65,155,64,68,63,66
65,64,66
65,63,67
65,155,64,66,63,67
65,155,64,68,63,67
65,64,66,63,67
65,64,68,63,67
65,63,68
65,155,64,68
65,64,68
65,155
65,63,66,64,568
65,63,66,64,1270,1269,568
65,63,68,64,568
65,63,68,64,1270,1269,568
65,155,64,568
65,155,64,1270,1269,568
65,64,568
65,64,1270,1269,568
65,63,66,64,1044
65,63,68,64,1044
65,155,64,1044
65,64,1044
65,63,66,64,568,1269
65,63,66,64,1270,1269
65,63,68,64,568,1269
65,63,68,64,1270,1269
65,155,64,568,1269
65,155,64,1270,1269
65,64,568,1269
65,64,1270,1269
65,63,66,64,1270
65,63,68,64,1270
65,155,64,1270
65,64,1270
65,74
66,63,67
66,64,68,63,67
66,63,68
66,64,68
66,63,65,155
66,63,68,64,155
66,64,155
66,63,65,155,64,568
66,63,65,155,64,1270,1269,568
66,63,68,64,568
66,63,68,64,1270,1269,568
66,64,568
66,64,1270,1269,568
66,63,65,155,64,1044
66,63,68,64,1044
66,64,1044
66,63,65,155,64,568,1269
66,63,65,155,64,1270,1269
66,63,68,64,568,1269
66,63,68,64,1270,1269
66,64,568,1269
66,64,1270,1269
66,63,65,155,64,1270
66,63,68,64,1270
66,64,1270
66,63,65,74
66,63,68,64,155,65,74
66,63,68,64,65,74
66,64,155,65,74
66,64,65,74
67,63,68
67,63,64,155
67,63,65,155
67,63,66,64,155
67,63,68,64,155
67,63,64,568
67,63,64,1270,1269,568
67,63,65,155,64,568
67,63,65,155,64,1270,1269,568
67,63,65,64,568
67,63,65,64,1270,1269,568
67,63,66,64,568
67,63,66,64,1270,1269,568
67,63,68,64,568
67,63,68,64,1270,1269,568
67,63,64,1044
67,63,65,155,64,1044
67,63,65,64,1044
67,63,66,64,1044
67,63,68,64,1044
67,63,64,568,1269
67,63,64,1270,1269
67,63,65,155,64,568,1269
67,63,65,155,64,1270,1269
67,63,65,64,568,1269
67,63,65,64,1270,1269
67,63,66,64,568,1269
67,63,66,64,1270,1269
67,63,68,64,568,1269
67,63,68,64,1270,1269
67,63,64,1270
67,63,65,155,64,1270
67,63,65,64,1270
67,63,66,64,1270
67,63,68,64,1270
67,63,64,155,65,74
67,63,64,65,74
67,63,65,74
67,63,66,64,155,65,74
67,63,66,64,65,74
67,63,68,64,155,65,74
67,63,68,64,65,74
68,63,65,155
68,64,155
68,63,65,155,64,568
68,63,65,155,64,1270,1269,568
68,64,568
68,64,1270,1269,568
68,63,65,155,64,1044
68,64,1044
68,63,65,155,64,568,1269
68,63,65,155,64,1270,1269
68,64,568,1269
68,64,1270,1269
68,63,65,155,64,1270
68,64,1270
68,63,65,74
68,64,155,65,74
68,64,65,74
82,83
85,86
85,1194,1106,796,1053,1095,86
85,1095,86
85,86,677,160
85,1194,1106,796,1053,1095,86,677,160
85,1095,86,677,160
85,86,677
85,1194,1106,796,1053,1095,86,677
85,1095,86,677
85,86,1095,1053
85,1194,1106,796,1053
85,1095,1053
85,86,1095,1053,891
85,1194,1106,796,1053,891
85,1095,1053,891
85,86,1095,1053,796
85,1194,1106,796
85,1095,1053,796
85,86,1095,1053,796,1106,1059
85,1194,1106,1059
85,1095,1053,796,1106,1059
85,86,1095,1053,796,1106,1059,928
85,1194,1106,1059,928
85,1095,1053,796,1106,1059,928
85,1194,1106,796,1053,1095
85,1095
85,86,1095,1053,796,1106
85,1194,1106
85,1095,1053,796,1106
85,1194
85,86,1095,1053,796,1106,1194,260
85,1194,260
85,1095,1053,796,1106,1194,260
86,677,160
86,677
86,85,1194,1106,796,1053
86,1095,1053
86,85,1194,1106,796,1053,891
86,1095,85,1194,1106,796,1053,891
86,1095,1053,891
86,85,1194,1106,796
86,1095,85,1194,1106,796
86,1095,1053,796
86,85,1194,1106,1059
86,1095,85,1194,1106,1059
86,1095,1053,796,1106,1059
86,85,1194,1106,1059,928
86,1095,85,1194,1106,1059,928
86,1095,1053,796,1106,1059,928
86,1095
86,85,1194,1106
86,1095,85,1194,1106
86,1095,1053,796,1106
86,85,1194
86,1095,85,1194
86,1095,1053,796,1106,1194
86,85,1194,260
86,1095,85,1194,260
86,1095,1053,796,1106,1194,260
91,92
91,1224
91,1224,1054
92,91,1224
92,91,1224,1054
93,94
93,94,1464
93,94,1469,1468
93,94,1469,1468,203
93,94,1469
94,1464
94,1469,1468
94,1469,1468,203
94,1469
112,745
119,120
119,921
119,921,922
119,921,923
119,921,924
119,921,925
119,921,926
119,921,925,865
119,921,922,332
119,921,923,251
119,921,924,439
119,921,926,225
120,119,921
120,119,921,922
120,119,921,923
120,119,921,924
120,119,921,925
120,119,921,926
120,119,921,925,865
120,119,921,922,332
120,119,921,923,251
120,119,921,924,439
120,119,921,926,225
129,3,406
129,3,509
129,3,738
129,3,1386
134,135
134,136
134,135,1471
135,134,136
135,1471
136,134,135,1471
140,141
140,141,264
140,141,264,265
140,141,734
140,141,916
140,141,916,917
140,141,916,917,1023
140,141,264,265,1119
140,141,264,265,1524
141,264
141,264,265
141,734
141,916
141,916,917
141,916,917,1023
141,264,265,1119
141,264,265,1524
152,153
155,64,568
155,64,1270,1269,568
155,64,1044
155,64,568,1269
155,64,1270,1269
155,64,1270
155,65,74
160,677
160,677,86,85,1194,1106,796,1053
160,677,86,85,1095,1053
160,677,86,1095,1053
160,677,86,85,1194,1106,796,1053,891
160,677,86,85,1095,1053,891
160,677,86,1095,85,1194,1106,796,1053,891
160,677,86,1095,1053,891
160,677,86,85,1194,1106,796
160,677,86,85,1095,1053,796
160,677,86,1095,85,1194,1106,796
160,677,86,1095,1053,796
160,677,86,85,1194,1106,1059
160,677,86,85,1095,1053,796,1106,1059
160,677,86,1095,85,1194,1106,1059
160,677,86,1095,1053,796,1106,1059
160,677,86,85,1194,1106,1059,928
160,677,86,85,1095,1053,796,1106,1059,928
160,677,86,1095,85,1194,1106,1059,928
160,677,86,1095,1053,796,1106,1059,928
160,677,86,1095
160,677,86,85,1194,1106
160,677,86,85,1095,1053,796,1106
160,677,86,1095,85,1194,1106
160,677,86,1095,1053,796,1106
160,677,86,85,1194
160,677,86,1095,85,1194
160,677,86,1095,1053,796,1106,1194
160,677,86,85,1194,260
160,677,86,85,1095,1053,796,1106,1194,260
160,677,86,1095,85,1194,260
160,677,86,1095,1053,796,1106,1194,260
164,165
164,165,341,1451
164,165,341
164,165,1473
165,341,1451
165,341
165,1473
175,176
190,191
190,192
190,193
190,194
190,195
190,1483
190,1483,1258
190,1483,1279
190,1483,966
190,1483,1484
191,190,192
191,190,193
191,190,194
191,190,195
191,190,1483
191,190,1483,1258
191,190,1483,1279
191,190,1483,966
191,190,1483,1484
192,190,193
192,190,194
192,190,195
192,190,1483
192,190,1483,1258
192,190,1483,1279
192,190,1483,966
192,190,1483,1484
193,190,194
193,190,195
193,190,1483
193,190,1483,1258
193,190,1483,1279
193,190,1483,966
193,190,1483,1484
194,190,195
194,190,1483
194,190,1483,1258
194,190,1483,1279
194,190,1483,966
194,190,1483,1484
195,190,1483
195,190,1483,1258
195,190,1483,1279
195,190,1483,966
195,190,1483,1484
210,211
223,224
236,237
245,246
255,256
255,257
256,255,257
264,265
264,141,734
264,141,916
264,141,916,917
264,141,916,917,1023
264,265,1119
264,265,1524
265,264,141,734
265,264,141,916
265,264,141,916,917
265,264,141,916,917,1023
265,1119
265,1524
268,269
268,270,744,103,269
268,270,744,103,1447,404,269
268,270,1447,103,269
268,270,1447,404,269
268,270
268,271
268,272
268,273
268,274
268,269,103,744,270,721
268,269,103,1447,270,721
268,269,404,1447,103,744,270,721
268,269,404,1447,270,721
268,270,721
268,269,103,744
268,269,103,1447,270,744
268,269,404,1447,103,744
268,269,404,1447,270,744
268,270,744
268,270,1447,103,744
268,269,103
268,269,404,1447,103
268,270,744,103
268,270,1447,103
268,270,1447,404,269,103
268,269,404
268,270,744,103,269,404
268,270,744,103,1447,404
268,270,1447,404
268,269,103,1447
268,269,404,1447
268,270,1447
268,269,103,744,270,1561
268,269,103,1447,270,1561
268,269,404,1447,103,744,270,1561
268,269,404,1447,270,1561
268,270,1561
269,268,270
269,103,744,270
269,103,1447,270
269,404,1447,103,744,270
269,404,1447,270
269,268,271
269,103,744,270,268,271
269,103,1447,270,268,271
269,404,1447,103,744,270,268,271
269,404,1447,270,268,271
269,268,272
269,103,744,270,268,272
269,103,1447,270,268,272
269,404,1447,103,744,270,268,272
269,404,1447,270,268,272
269,268,273
269,103,744,270,268,273
269,103,1447,270,268,273
269,404,1447,103,744,270,268,273
269,404,1447,270,268,273
269,268,274
269,103,744,270,268,274
269,103,1447,270,268,274
269,404,1447,103,744,270,268,274
269,404,1447,270,268,274
269,268,270,721
269,103,744,270,721
269,103,1447,270,721
269,404,1447,103,744,270,721
269,404,1447,270,721
269,268,270,744
269,103,744
269,103,1447,270,744
269,404,1447,103,744
269,404,1447,270,744
269,103
269,404,1447,103
269,404
269,268,270,1447
269,103,1447
269,404,1447
269,268,270,1561
269,103,744,270,1561
269,103,1447,270,1561
269,404,1447,103,744,270,1561
269,404,1447,270,1561
270,268,271
270,268,272
270,268,273
270,268,274
270,721
270,744
270,1447,103,744
270,268,269,103
270,744,103
270,1447,103
270,1447,404,269,103
270,268,269,404
270,744,103,269,404
270,744,103,1447,404
270,1447,404
270,1447
270,1561
271,268,272
271,268,273
271,268,274
271,268,269,103,744,270,721
271,268,269,103,1447,270,721
271,268,269,404,1447,103,744,270,721
271,268,269,404,1447,270,721
271,268,270,721
271,268,269,103,744
271,268,269,103,1447,270,744
271,268,269,404,1447,103,744
271,268,269,404,1447,270,744
271,268,270,744
271,268,270,1447,103,744
271,268,269,103
271,268,269,404,1447,103
271,268,270,744,103
271,268,270,1447,103
271,268,270,1447,404,269,103
271,268,269,404
271,268,270,744,103,269,404
271,268,270,744,103,1447,404
271,268,270,1447,404
271,268,269,103,1447
271,268,269,404,1447
271,268,270,1447
271,268,269,103,744,270,1561
271,268,269,103,1447,270,1561
271,268,269,404,1447,103,744,270,1561
271,268,269,404,1447,270,1561
271,268,270,1561
272,268,273
272,268,274
272,268,269,103,744,270,721
272,268,269,103,1447,270,721
272,268,269,404,1447,103,744,270,721
272,268,269,404,1447,270,721
272,268,270,721
272,268,269,103,744
272,268,269,103,1447,270,744
272,268,269,404,1447,103,744
272,268,269,404,1447,270,744
272,268,270,744
272,268,270,1447,103,744
272,268,269,103
272,268,269,404,1447,103
272,268,270,744,103
272,268,270,1447,103
272,268,270,1447,404,269,103
272,268,269,404
272,268,270,744,103,269,404
272,268,270,744,103,1447,404
272,268,270,1447,404
272,268,269,103,1447
272,268,269,404,1447
272,268,270,1447
272,268,269,103,744,270,1561
272,268,269,103,1447,270,1561
272,268,269,404,1447,103,744,270,1561
272,268,269,404,1447,270,1561
272,268,270,1561
273,268,274
273,268,269,103,744,270,721
273,268,269,103,1447,270,721
273,268,269,404,1447,103,744,270,721
273,268,269,404,1447,270,721
273,268,270,721
273,268,269,103,744
273,268,269,103,1447,270,744
273,268,269,404,1447,103,744
273,268,269,404,1447,270,744
273,268,270,744
273,268,270,1447,103,744
273,268,269,103
273,268,269,404,1447,103
273,268,270,744,103
273,268,270,1447,103
273,268,270,1447,404,269,103
273,268,269,404
273,268,270,744,103,269,404
273,268,270,744,103,1447,404
273,268,270,1447,404
273,268,269,103,1447
273,268,269,404,1447
273,268,270,1447
273,268,269,103,744,270,1561
273,268,269,103,1447,270,1561
273,268,269,404,1447,103,744,270,1561
273,268,269,404,1447,270,1561
273,268,270,1561
274,268,269,103,744,270,721
274,268,269,103,1447,270,721
274,268,269,404,1447,103,744,270,721
274,268,269,404,1447,270,721
274,268,270,721
274,268,269,103,744
274,268,269,103,1447,270,744
274,268,269,404,1447,103,744
274,268,269,404,1447,270,744
274,268,270,744
274,268,270,1447,103,744
274,268,269,103
274,268,269,404,1447,103
274,268,270,744,103
274,268,270,1447,103
274,268,270,1447,404,269,103
274,268,269,404
274,268,270,744,103,269,404
274,268,270,744,103,1447,404
274,268,270,1447,404
274,268,269,103,1447
274,268,269,404,1447
274,268,270,1447
274,268,269,103,744,270,1561
274,268,269,103,1447,270,1561
274,268,269,404,1447,103,744,270,1561
274,268,269,404,1447,270,1561
274,268,270,1561
288,169
290,26,413
290,26,892
290,26,896
290,26,1273
290,26,1436
290,26,1475
290,26,1553
290,26,1556
295,541
305,306
315,316
315,316,386
315,1142
315,1142,561
316,386
316,315,1142
316,315,1142,561
325,292
337,338
337,338,638
337,338,692
337,338,716
337,338,977
338,638
338,692
338,716
338,977
339,340
339,207
339,340,720
339,340,720,127
339,340,1051
339,340,1051,860
339,340,1134
339,340,1134,1135
339,340,1303
339,340,1303,1287
339,340,1430
339,340,1430,1348
340,339,207
340,720
340,720,127
340,1051
340,1051,860
340,1134
340,1134,1135
340,1303
340,1303,1287
340,1430
340,1430,1348
207,339,340,720
207,339,340,720,127
207,339,340,1051
207,339,340,1051,860
207,339,340,1134
207,339,340,1134,1135
207,339,340,1303
207,339,340,1303,1287
207,339,340,1430
207,339,340,1430,1348
343,10
343,344,372,10
343,345,372,10
343,346,373,371,372,10
343,346,372,10
343,371,372,10
343,344
343,345,372,344
343,346,373,371,372,344
343,346,372,344
343,371,372,344
343,345
343,346,373,371,372,345
343,346,372,345
343,371,372,345
343,346
343,371,372,346
343,371,373,346
343,371
343,10,372
343,344,372
343,345,372
343,346,373,371,372
343,346,372
343,371,372
343,10,372,371,373
343,10,372,346,373
343,344,372,371,373
343,344,372,346,373
343,345,372,371,373
343,345,372,346,373
343,346,373
343,371,373
343,10,372,371,373,346,792
343,10,372,346,792
343,344,372,371,373,346,792
343,344,372,346,792
343,345,372,371,373,346,792
343,345,372,346,792
343,346,792
343,371,372,346,792
343,371,373,346,792
10,343,344
10,343,345,372,344
10,343,346,373,371,372,344
10,343,346,372,344
10,343,371,372,344
10,372,344
10,343,345
10,343,346,373,371,372,345
10,343,346,372,345
10,343,371,372,345
10,372,345
10,343,346
10,343,371,372,346
10,343,371,373,346
10,372,371,373,346
10,372,346
10,343,371
10,372,371
10,372
10,343,344,372,371,373
10,343,344,372,346,373
10,343,345,372,371,373
10,343,345,372,346,373
10,343,346,373
10,343,371,373
10,372,371,373
10,372,346,373
10,343,344,372,371,373,346,792
10,343,344,372,346,792
10,343,345,372,371,373,346,792
10,343,345,372,346,792
10,343,346,792
10,343,371,372,346,792
10,343,371,373,346,792
10,372,371,373,346,792
10,372,346,792
344,343,345
344,343,346,373,371,372,345
344,343,346,372,345
344,343,371,372,345
344,372,345
344,343,346
344,343,371,372,346
344,343,371,373,346
344,372,371,373,346
344,372,346
344,343,371
344,372,371
344,372
344,343,345,372,371,373
344,343,345,372,346,373
344,343,346,373
344,343,371,373
344,372,371,373
344,372,346,373
344,343,345,372,371,373,346,792
344,343,345,372,346,792
344,343,346,792
344,343,371,372,346,792
344,343,371,373,346,792
344,372,371,373,346,792
344,372,346,792
345,343,346
345,343,371,372,346
345,343,371,373,346
345,372,371,373,346
345,372,346
345,343,371
345,372,371
345,372
345,343,346,373
345,343,371,373
345,372,371,373
345,372,346,373
345,343,346,792
345,343,371,372,346,792
345,343,371,373,346,792
345,372,371,373,346,792
345,372,346,792
346,343,371
346,373,371
346,372,371
346,373,371,372
346,372
346,373
346,792
349,350
349,351
349,350,324
350,349,351
350,324
351,349,350,324
366,367
366,368,1010,367
366,368
366,367,1010,368,430
366,368,430
366,367,1010,368,633
366,368,633
366,367,1010
366,368,1010
367,366,368
367,1010,368
367,366,368,430
367,1010,368,430
367,366,368,633
367,1010,368,633
367,1010
368,430
368,633
368,1010
371,372
371,373
371,372,346,792
371,343,346,792
371,373,346,792
372,371,373
372,346,373
372,371,373,346,792
372,346,792
373,346,792
386,316,315,1142
386,316,315,1142,561
392,393
397,398
397,1571
397,1571,216
398,397,1571
398,397,1571,216
399,400
399,401
399,400,861
399,400,1157,861
399,400,1157
399,400,1523
399,400,1523,619
399,400,1523,1522
400,399,401
400,861
400,1157,861
400,1157
400,1523
400,1523,619
400,1523,1522
401,399,400,861
401,399,400,1157,861
401,399,400,1157
401,399,400,1523
401,399,400,1523,619
401,399,400,1523,1522
406,3,509
406,3,738
406,3,1386
413,26,892
413,26,896
413,26,1273
413,26,1436
413,26,1475
413,26,1553
413,26,1556
430,368,633
430,368,1010
437,438
437,438,1066
437,438,1271
438,1066
438,1271
441,442
441,121,663,442
441,121,663,664,760,442
441,121,663,664,1401,442
441,121,760,442
441,121,760,664,1401,442
441,121,983,442
441,121,1401,442
441,121
441,442,663
441,442,760,121,663
441,442,760,121,1401,664,663
441,442,760,664,663
441,442,983,121,663
441,442,983,121,760,664,663
441,442,983,121,1401,664,663
441,442,1401,121,663
441,442,1401,664,663
441,121,663
441,121,760,664,663
441,121,1401,664,663
441,442,663,664
441,442,760,664
441,442,983,121,663,664
441,442,983,121,760,664
441,442,983,121,1401,664
441,442,1401,664
441,121,663,664
441,121,760,664
441,121,1401,664
441,442,760
441,442,983,121,760
441,442,983,121,1401,664,760
441,442,1401,121,760
441,442,1401,664,760
441,121,760
441,121,1401,664,760
441,442,983
441,442,1401,121,983
441,121,983
441,442,1401
441,121,1401
442,441,121
442,663,121
442,663,664,760,121
442,663,664,1401,121
442,760,121
442,760,664,1401,121
442,983,121
442,1401,121
442,663
442,760,121,663
442,760,121,1401,664,663
442,760,664,663
442,983,121,663
442,983,121,760,664,663
442,983,121,1401,664,663
442,1401,121,663
442,1401,664,663
442,441,121,663,664
442,441,121,760,664
442,441,121,1401,664
442,663,664
442,760,664
442,983,121,663,664
442,983,121,760,664
442,983,121,1401,664
442,1401,664
442,760
442,983,121,760
442,983,121,1401,664,760
442,1401,121,760
442,1401,664,760
442,983
442,1401,121,983
442,1401
121,663
121,760,664,663
121,1401,664,663
121,663,664
121,760,664
121,1401,664
121,760
121,1401,664,760
121,983
121,1401
454,107
454,107,516
454,107,685
454,107,954
107,516
107,685
107,954
464,461
476,312
482,483
482,483,1505
483,1505
498,287
498,208
287,498,208
500,479
500,501,1275,479
500,501
500,479,1275
500,501,1275
479,500,501
479,1275,501
479,1275
501,1275
509,3,738
509,3,1386
516,107,685
516,107,954
520,521
520,521,1175
520,521,1300
521,1175
521,1300
526,320
527,528
527,529
527,530
527,177
527,531
527,431
527,532
527,533
527,534
528,527,529
528,527,530
528,527,177
528,527,531
528,527,431
528,527,532
528,527,533
528,527,534
529,527,530
529,527,177
529,527,531
529,527,431
529,527,532
529,527,533
529,527,534
530,527,177
530,527,531
530,527,431
530,527,532
530,527,533
530,527,534
177,527,531
177,527,431
177,527,532
177,527,533
177,527,534
531,527,431
531,527,532
531,527,533
531,527,534
431,527,532
431,527,533
431,527,534
532,527,533
532,527,534
533,527,534
535,536
535,536,612
535,536,1221,613,612
535,536,612,613
535,536,1221,613
535,536,864
535,536,612,613,1221,1220
535,536,1221,1220
535,536,612,613,1221,1220,196
535,536,1221,1220,196
535,536,1221
535,536,1282
535,536,1309
535,536,1481
536,612
536,1221,613,612
536,612,613
536,1221,613
536,864
536,612,613,1221,1220
536,1221,1220
536,612,613,1221,1220,196
536,1221,1220,196
536,1221
536,1282
536,1309
536,1481
563,304
568,64,1044
568,1269,1270,64,1044
568,1269
568,64,1270
568,1269,1270
568,64,63,65,74
568,64,155,65,74
568,64,66,63,65,74
568,64,68,63,65,74
568,64,65,74
568,1269,1270,64,63,65,74
568,1269,1270,64,155,65,74
568,1269,1270,64,66,63,65,74
568,1269,1270,64,68,63,65,74
568,1269,1270,64,65,74
569,89
569,89,1384
89,1384
570,571
578,96
578,96,1154
96,1154
579,580
579,580,1019
580,1019
582,583
582,1197
583,582,1197
586,587
588,589
588,589,674
588,1099
588,589,1530
588,589,1530,429
588,589,1530,1055
589,674
589,588,1099
589,1530
589,1530,429
589,1530,1055
597,598
599,600
603,467
603,604
467,603,604
612,613
612,536,864
612,613,1221,536,864
612,536,1221,1220
612,613,1221,1220
612,536,1221,1220,196
612,613,1221,1220,196
612,536,1221
612,613,1221
612,536,1282
612,613,1221,536,1282
612,536,1309
612,613,1221,536,1309
612,536,1481
612,613,1221,536,1481
613,612,536,864
613,1221,536,864
613,1221,1220
613,1221,1220,196
613,1221
613,612,536,1282
613,1221,536,1282
613,612,536,1309
613,1221,536,1309
613,612,536,1481
613,1221,536,1481
622,511
623,624
623,624,827
623,624,876
624,827
624,876
638,338,692
638,338,716
638,338,977
647,644
647,648
647,648,1008
644,647,648
644,647,648,1008
648,1008
659,660
659,807
660,659,807
663,664
663,442,760
663,442,983,121,760
663,442,983,121,1401,664,760
663,442,1401,121,760
663,442,1401,664,760
663,121,760
663,121,1401,664,760
663,664,760
663,442,983
663,442,1401,121,983
663,121,983
663,664,760,442,983
663,664,760,121,983
663,664,1401,442,983
663,664,1401,121,983
663,442,1401
663,121,1401
663,664,1401
664,760
664,663,442,983
664,663,121,983
664,760,442,983
664,760,121,983
664,1401,442,983
664,1401,121,983
664,1401
674,589,588,1099
674,589,1530
674,589,1530,429
674,589,1530,1055
677,86,85,1194,1106,796,1053
677,86,85,1095,1053
677,86,1095,1053
677,86,85,1194,1106,796,1053,891
677,86,85,1095,1053,891
677,86,1095,85,1194,1106,796,1053,891
677,86,1095,1053,891
677,86,85,1194,1106,796
677,86,85,1095,1053,796
677,86,1095,85,1194,1106,796
677,86,1095,1053,796
677,86,85,1194,1106,1059
677,86,85,1095,1053,796,1106,1059
677,86,1095,85,1194,1106,1059
677,86,1095,1053,796,1106,1059
677,86,85,1194,1106,1059,928
677,86,85,1095,1053,796,1106,1059,928
677,86,1095,85,1194,1106,1059,928
677,86,1095,1053,796,1106,1059,928
677,86,1095
677,86,85,1194,1106
677,86,85,1095,1053,796,1106
677,86,1095,85,1194,1106
677,86,1095,1053,796,1106
677,86,85,1194
677,86,1095,85,1194
677,86,1095,1053,796,1106,1194
677,86,85,1194,260
677,86,85,1095,1053,796,1106,1194,260
677,86,1095,85,1194,260
677,86,1095,1053,796,1106,1194,260
682,683
685,107,954
692,338,716
692,338,977
693,694
698,699
698,699,783
699,783
714,376
716,338,977
717,718
720,127
720,340,1051
720,340,1051,860
720,340,1134
720,340,1134,1135
720,340,1303
720,340,1303,1287
720,340,1430
720,340,1430,1348
127,720,340,1051
127,720,340,1051,860
127,720,340,1134
127,720,340,1134,1135
127,720,340,1303
127,720,340,1303,1287
127,720,340,1430
127,720,340,1430,1348
721,270,744
721,270,1447,103,744
721,270,268,269,103
721,270,268,269,404,1447,103
721,270,744,103
721,270,1447,103
721,270,1447,404,269,103
721,270,268,269,404
721,270,744,103,269,404
721,270,744,103,1447,404
721,270,1447,404
721,270,1447
721,270,1561
728,729
734,141,916
734,141,916,917
734,141,916,917,1023
734,141,264,265,1119
734,141,264,265,1524
738,3,1386
740,266
742,302
742,302,880
742,302,912
742,302,1077
742,302,1532
302,880
302,912
302,1077
302,1532
744,103
744,270,268,269,404
744,270,1447,404
744,103,269,404
744,103,1447,404
744,270,1447
744,103,1447
744,270,1561
744,103,1447,270,1561
103,269,404
103,1447,404
103,1447
103,744,270,1561
103,269,268,270,1561
103,269,404,1447,270,1561
103,1447,404,269,268,270,1561
103,1447,270,1561
755,756
760,442,983
760,442,1401,121,983
760,121,983
760,664,1401,442,983
760,664,1401,121,983
760,442,1401
760,121,1401
760,664,1401
797,147
633,368,1010
819,611
822,823
825,187
828,458
404,1447
404,269,268,270,1561
404,269,103,744,270,1561
404,1447,103,744,270,1561
404,1447,270,1561
845,846
847,848
847,267
847,710
847,710,1467
847,710,1467,969
847,710,1467,15
847,710,1511
848,847,267
848,847,710
848,847,710,1467
848,847,710,1467,969
848,847,710,1467,15
848,847,710,1511
267,847,710
267,847,710,1467
267,847,710,1467,969
267,847,710,1467,15
267,847,710,1511
710,1467
710,1467,969
710,1467,15
710,1511
853,854
861,1157
861,400,1523
861,1157,400,1523
861,400,1523,619
861,1157,400,1523,619
861,400,1523,1522
861,1157,400,1523,1522
864,536,612,613,1221,1220
864,536,1221,1220
864,536,612,613,1221,1220,196
864,536,1221,1220,196
864,536,1221
864,536,1282
864,536,1309
864,536,1481
827,624,876
880,302,912
880,302,1077
880,302,1532
892,26,896
892,26,1273
892,26,1436
892,26,1475
892,26,1553
892,26,1556
894,895
896,26,1273
896,26,1436
896,26,1475
896,26,1553
896,26,1556
911,412
911,412,1038
412,1038
912,302,1077
912,302,1532
913,914
913,383
913,837
913,915
914,913,383
914,913,837
914,913,915
383,913,837
383,913,915
837,913,915
916,917
916,917,1023
916,141,264,265,1119
916,141,264,265,1524
917,1023
917,916,141,264,265,1119
917,916,141,264,265,1524
921,922
921,923
921,924
921,925
921,926
921,925,865
921,922,332
921,923,251
921,924,439
921,926,225
922,921,923
922,921,924
922,921,925
922,921,926
922,921,925,865
922,332
922,921,923,251
922,921,924,439
922,921,926,225
923,921,924
923,921,925
923,921,926
923,921,925,865
923,921,922,332
923,251
923,921,924,439
923,921,926,225
924,921,925
924,921,926
924,921,925,865
924,921,922,332
924,921,923,251
924,439
924,921,926,225
925,921,926
925,865
925,921,922,332
925,921,923,251
925,921,924,439
925,921,926,225
926,921,925,865
926,921,922,332
926,921,923,251
926,921,924,439
926,225
951,360
957,958
962,197
963,284
963,964
284,963,964
983,442,1401
983,121,1401
986,217
986,217,1260
217,1260
987,988
987,307
988,987,307
865,925,921,922,332
865,925,921,923,251
865,925,921,924,439
865,925,921,926,225
1011,1012
1011,314
1012,1011,314
1013,1014
1023,917,916,141,264,265,1119
1023,917,916,141,264,265,1524
1025,610
1044,64,568,1269
1044,64,1270,1269
1044,64,1270
1044,64,63,65,74
1044,64,155,65,74
1044,64,66,63,65,74
1044,64,68,63,65,74
1044,64,65,74
1047,342
1051,860
1051,340,1134
1051,340,1134,1135
1051,340,1303
1051,340,1303,1287
1051,340,1430
1051,340,1430,1348
860,1051,340,1134
860,1051,340,1134,1135
860,1051,340,1303
860,1051,340,1303,1287
860,1051,340,1430
860,1051,340,1430,1348
1053,891
1053,796
1053,796,1106,1059
1053,1095,86,85,1194,1106,1059
1053,1095,85,1194,1106,1059
1053,796,1106,1059,928
1053,1095,86,85,1194,1106,1059,928
1053,1095,85,1194,1106,1059,928
1053,1095
1053,796,1106
1053,1095,86,85,1194,1106
1053,1095,85,1194,1106
1053,796,1106,1194
1053,1095,86,85,1194
1053,1095,85,1194
1053,796,1106,1194,260
1053,1095,86,85,1194,260
1053,1095,85,1194,260
891,1053,796
891,1053,1095,85,1194,1106,796
891,1053,796,1106,1059
891,1053,1095,86,85,1194,1106,1059
891,1053,1095,85,1194,1106,1059
891,1053,796,1106,1059,928
891,1053,1095,86,85,1194,1106,1059,928
891,1053,1095,85,1194,1106,1059,928
891,1053,1095
891,1053,796,1106
891,1053,1095,86,85,1194,1106
891,1053,1095,85,1194,1106
891,1053,796,1106,1194
891,1053,1095,86,85,1194
891,1053,1095,85,1194
891,1053,796,1106,1194,260
891,1053,1095,86,85,1194,260
891,1053,1095,85,1194,260
796,1053,1095,86,85,1194,1106,1059
796,1053,1095,85,1194,1106,1059
796,1106,1059
796,1053,1095,86,85,1194,1106,1059,928
796,1053,1095,85,1194,1106,1059,928
796,1106,1059,928
796,1053,1095
796,1106,1194,85,1095
796,1106
796,1053,1095,86,85,1194
796,1053,1095,85,1194
796,1106,1194
796,1053,1095,86,85,1194,260
796,1053,1095,85,1194,260
796,1106,1194,260
1059,928
1059,1106,796,1053,1095
1059,1106,1194,85,1095
1059,1106
1059,1106,1194
1059,1106,796,1053,1095,86,85,1194,260
1059,1106,796,1053,1095,85,1194,260
1059,1106,1194,260
928,1059,1106,796,1053,1095
928,1059,1106,1194,85,1095
928,1059,1106
928,1059,1106,1194
928,1059,1106,796,1053,1095,86,85,1194,260
928,1059,1106,796,1053,1095,85,1194,260
928,1059,1106,1194,260
1066,438,1271
1074,1075
1074,1379
1075,1074,1379
1077,302,1532
1082,1033
1082,1033,1496
1033,1496
1095,85,1194,1106
1095,1053,796,1106
1095,85,1194
1095,1053,796,1106,1194
1095,85,1194,260
1095,1053,796,1106,1194,260
1099,588,589,1530
1099,588,589,1530,429
1099,588,589,1530,1055
1106,1194
1106,1194,260
1109,572
1109,572,1190
572,1190
1111,651
1119,265,1524
1120,300
1124,405
1134,1135
1134,340,1303
1134,340,1303,1287
1134,340,1430
1134,340,1430,1348
1135,1134,340,1303
1135,1134,340,1303,1287
1135,1134,340,1430
1135,1134,340,1430,1348
1142,561
1144,296
1157,400,1523
1157,400,1523,619
1157,400,1523,1522
1170,672
1174,883
1174,1480
1174,1480,1302
1174,1480,1201
883,1174,1480
883,1174,1480,1302
883,1174,1480,1201
1175,521,1300
1178,1179
1194,260
1195,1196
1204,1205
1220,196
1220,1221
1220,1221,536,1282
1220,1221,613,612,536,1282
1220,1221,536,1309
1220,1221,613,612,536,1309
1220,1221,536,1481
1220,1221,613,612,536,1481
196,1220,1221
196,1220,1221,536,1282
196,1220,1221,613,612,536,1282
196,1220,1221,536,1309
196,1220,1221,613,612,536,1309
196,1220,1221,536,1481
196,1220,1221,613,612,536,1481
1221,536,1282
1221,536,1309
1221,536,1481
1224,1054
332,922,921,923,251
332,922,921,924,439
332,922,921,926,225
1268,899
1268,189
899,1268,189
1269,1270
1269,1270,64,63,65,74
1269,1270,64,155,65,74
1269,1270,64,66,63,65,74
1269,1270,64,68,63,65,74
1269,1270,64,65,74
1269,568,64,63,65,74
1269,568,64,155,65,74
1269,568,64,66,63,65,74
1269,568,64,68,63,65,74
1269,568,64,65,74
1270,64,63,65,74
1270,64,155,65,74
1270,64,66,63,65,74
1270,64,68,63,65,74
1270,64,65,74
1273,26,1436
1273,26,1475
1273,26,1553
1273,26,1556
1277,901
251,923,921,924,439
251,923,921,926,225
1281,662
1282,536,1309
1282,536,1481
1303,1287
1303,340,1430
1303,340,1430,1348
1287,1303,340,1430
1287,1303,340,1430,1348
1309,536,1481
1332,939
1354,1162
1354,1162,1402
1162,1402
1355,794
1256,58,1091
1367,327
1371,652
1407,462
1423,607
1430,1348
1436,26,1475
1436,26,1553
1436,26,1556
1442,584
1447,270,1561
1451,341
1451,341,165,1473
341,165,1473
1452,1433
439,924,921,926,225
1463,1192
1464,94,1469,1468
1464,94,1469,1468,203
1464,94,1469
1465,1117
1467,969
1467,15
1467,710,1511
969,1467,15
969,1467,710,1511
15,1467,710,1511
1468,203
1468,1469
203,1468,1469
1470,453
1475,26,1553
1475,26,1556
1480,1302
1480,1201
1302,1480,1201
1483,1258
1483,1279
1483,966
1483,1484
1258,1483,1279
1258,1483,966
1258,1483,1484
1279,1483,966
1279,1483,1484
966,1483,1484
1486,1090
1486,490
1486,1557
1090,1486,490
1090,1486,1557
490,1486,1557
1490,1251
1506,31
1519,1116
1523,619
1523,1522
619,1523,1522
1530,429
1530,1055
429,1530,1055
1536,768
1537,1415
1551,630
1553,26,1556
1555,780
1566,918
1571,216
1572,1128
1576,1345
