1,2
1,3
1,2,185,56,82
1,2,185,56
1,2,185
2,1,3
2,185,56,82
2,185,56
2,185
3,1,2,185,56,82
3,1,2,185,56
3,1,2,185
16,17
16,17,45
16,17,45,6
16,17,45,48,95,6
16,17,45,48,182,6
16,17,45,49,182,6
16,17,45,49,182,48,95,6
16,17,45,50,182,6
16,17,45,50,182,48,95,6
16,17,45,46
16,17,45,47
16,17,45,48
16,17,45,49,182,48
16,17,45,50,182,48
16,17,45,49
16,17,45,50,182,49
16,17,45,50
16,17,78
16,17,45,6,95,48,79
16,17,45,6,182,48,79
16,17,45,48,79
16,17,45,49,182,6,95,48,79
16,17,45,49,182,48,79
16,17,45,50,182,6,95,48,79
16,17,45,50,182,48,79
16,17,45,6,95,48,79,80
16,17,45,6,182,48,79,80
16,17,45,48,79,80
16,17,45,49,182,6,95,48,79,80
16,17,45,49,182,48,79,80
16,17,45,50,182,6,95,48,79,80
16,17,45,50,182,48,79,80
16,17,45,6,95,48,79,81
16,17,45,6,182,48,79,81
16,17,45,48,79,81
16,17,45,49,182,6,95,48,79,81
16,17,45,49,182,48,79,81
16,17,45,50,182,6,95,48,79,81
16,17,45,50,182,48,79,81
16,17,45,6,95,48,79,32
16,17,45,6,182,48,79,32
16,17,45,48,79,32
16,17,45,49,182,6,95,48,79,32
16,17,45,49,182,48,79,32
16,17,45,50,182,6,95,48,79,32
16,17,45,50,182,48,79,32
16,17,45,6,95,48,79,31
16,17,45,6,182,48,79,31
16,17,45,48,79,31
16,17,45,49,182,6,95,48,79,31
16,17,45,49,182,48,79,31
16,17,45,50,182,6,95,48,79,31
16,17,45,50,182,48,79,31
16,17,45,6,88
16,17,45,48,95,6,88
16,17,45,48,182,6,88
16,17,45,49,182,6,88
16,17,45,49,182,48,95,6,88
16,17,45,50,182,6,88
16,17,45,50,182,48,95,6,88
16,17,45,6,95
16,17,45,6,182,48,95
16,17,45,48,95
16,17,45,49,182,6,95
16,17,45,49,182,48,95
16,17,45,50,182,6,95
16,17,45,50,182,48,95
16,17,45,6,95,48,126
16,17,45,6,182,48,126
16,17,45,48,126
16,17,45,49,182,6,95,48,126
16,17,45,49,182,48,126
16,17,45,50,182,6,95,48,126
16,17,45,50,182,48,126
16,17,160
16,17,45,6,95,48,182,20,163
16,17,45,6,182,20,163
16,17,45,48,182,20,163
16,17,45,49,182,20,163
16,17,45,50,182,20,163
16,17,45,6,95,48,182,20
16,17,45,6,182,20
16,17,45,48,182,20
16,17,45,49,182,20
16,17,45,50,182,20
16,17,45,6,182
16,17,45,48,182
16,17,45,49,182
16,17,45,50,182
16,17,45,6,95,48,182,171
16,17,45,6,182,171
16,17,45,48,182,171
16,17,45,49,182,171
16,17,45,50,182,171
17,45
17,45,6
17,45,48,95,6
17,45,48,182,6
17,45,49,182,6
17,45,49,182,48,95,6
17,45,50,182,6
17,45,50,182,48,95,6
17,45,46
17,45,47
17,45,48
17,45,49,182,48
17,45,50,182,48
17,45,49
17,45,50,182,49
17,45,50
17,78
17,45,6,95,48,79
17,45,6,182,48,79
17,45,48,79
17,45,49,182,6,95,48,79
17,45,49,182,48,79
17,45,50,182,6,95,48,79
17,45,50,182,48,79
17,45,6,95,48,79,80
17,45,6,182,48,79,80
17,45,48,79,80
17,45,49,182,6,95,48,79,80
17,45,49,182,48,79,80
17,45,50,182,6,95,48,79,80
17,45,50,182,48,79,80
17,45,6,95,48,79,81
17,45,6,182,48,79,81
17,45,48,79,81
17,45,49,182,6,95,48,79,81
17,45,49,182,48,79,81
17,45,50,182,6,95,48,79,81
17,45,50,182,48,79,81
17,45,6,95,48,79,32
17,45,6,182,48,79,32
17,45,48,79,32
17,45,49,182,6,95,48,79,32
17,45,49,182,48,79,32
17,45,50,182,6,95,48,79,32
17,45,50,182,48,79,32
17,45,6,95,48,79,31
17,45,6,182,48,79,31
17,45,48,79,31
17,45,49,182,6,95,48,79,31
17,45,49,182,48,79,31
17,45,50,182,6,95,48,79,31
17,45,50,182,48,79,31
17,45,6,88
17,45,48,95,6,88
17,45,48,182,6,88
17,45,49,182,6,88
17,45,49,182,48,95,6,88
17,45,50,182,6,88
17,45,50,182,48,95,6,88
17,45,6,95
17,45,6,182,48,95
17,45,48,95
17,45,49,182,6,95
17,45,49,182,48,95
17,45,50,182,6,95
17,45,50,182,48,95
17,45,6,95,48,126
17,45,6,182,48,126
17,45,48,126
17,45,49,182,6,95,48,126
17,45,49,182,48,126
17,45,50,182,6,95,48,126
17,45,50,182,48,126
17,160
17,45,6,95,48,182,20,163
17,45,6,182,20,163
17,45,48,182,20,163
17,45,49,182,20,163
17,45,50,182,20,163
17,45,6,95,48,182,20
17,45,6,182,20
17,45,48,182,20
17,45,49,182,20
17,45,50,182,20
17,45,6,182
17,45,48,182
17,45,49,182
17,45,50,182
17,45,6,95,48,182,171
17,45,6,182,171
17,45,48,182,171
17,45,49,182,171
17,45,50,182,171
23,24
23,24,128
24,128
40,41
40,42
40,42,161
41,40,42
41,40,42,161
42,161
45,6
45,48,95,6
45,48,182,6
45,49,182,6
45,49,182,48,95,6
45,50,182,6
45,50,182,48,95,6
45,46
45,47
45,48
45,49,182,48
45,50,182,48
45,49
45,50,182,49
45,50
45,17,78
45,6,95,48,79
45,6,182,48,79
45,48,79
45,49,182,6,95,48,79
45,49,182,48,79
45,50,182,6,95,48,79
45,50,182,48,79
45,6,95,48,79,80
45,6,182,48,79,80
45,48,79,80
45,49,182,6,95,48,79,80
45,49,182,48,79,80
45,50,182,6,95,48,79,80
45,50,182,48,79,80
45,6,95,48,79,81
45,6,182,48,79,81
45,48,79,81
45,49,182,6,95,48,79,81
45,49,182,48,79,81
45,50,182,6,95,48,79,81
45,50,182,48,79,81
45,6,95,48,79,32
45,6,182,48,79,32
45,48,79,32
45,49,182,6,95,48,79,32
45,49,182,48,79,32
45,50,182,6,95,48,79,32
45,50,182,48,79,32
45,6,95,48,79,31
45,6,182,48,79,31
45,48,79,31
45,49,182,6,95,48,79,31
45,49,182,48,79,31
45,50,182,6,95,48,79,31
45,50,182,48,79,31
45,6,88
45,48,95,6,88
45,48,182,6,88
45,49,182,6,88
45,49,182,48,95,6,88
45,50,182,6,88
45,50,182,48,95,6,88
45,6,95
45,6,182,48,95
45,48,95
45,49,182,6,95
45,49,182,48,95
45,50,182,6,95
45,50,182,48,95
45,6,95,48,126
45,6,182,48,126
45,48,126
45,49,182,6,95,48,126
45,49,182,48,126
45,50,182,6,95,48,126
45,50,182,48,126
45,17,160
45,6,95,48,182,20,163
45,6,182,20,163
45,48,182,20,163
45,49,182,20,163
45,50,182,20,163
45,6,95,48,182,20
45,6,182,20
45,48,182,20
45,49,182,20
45,50,182,20
45,6,182
45,48,182
45,49,182
45,50,182
45,6,95,48,182,171
45,6,182,171
45,48,182,171
45,49,182,171
45,50,182,171
6,45,46
6,95,48,45,46
6,95,48,182,49,45,46
6,95,48,182,50,45,46
6,182,48,45,46
6,182,49,45,46
6,182,50,45,46
6,45,47
6,95,48,45,47
6,95,48,182,49,45,47
6,95,48,182,50,45,47
6,182,48,45,47
6,182,49,45,47
6,182,50,45,47
6,45,48
6,45,49,182,48
6,45,50,182,48
6,95,48
6,182,48
6,45,49
6,45,50,182,49
6,95,48,45,49
6,95,48,45,50,182,49
6,95,48,182,49
6,182,49
6,45,50
6,95,48,45,50
6,95,48,182,50
6,182,50
6,45,17,78
6,95,48,45,17,78
6,95,48,182,49,45,17,78
6,95,48,182,50,45,17,78
6,182,48,45,17,78
6,182,49,45,17,78
6,182,50,45,17,78
6,45,48,79
6,45,49,182,48,79
6,45,50,182,48,79
6,95,48,79
6,182,48,79
6,45,48,79,80
6,45,49,182,48,79,80
6,45,50,182,48,79,80
6,95,48,79,80
6,182,48,79,80
6,45,48,79,81
6,45,49,182,48,79,81
6,45,50,182,48,79,81
6,95,48,79,81
6,182,48,79,81
6,45,48,79,32
6,45,49,182,48,79,32
6,45,50,182,48,79,32
6,95,48,79,32
6,182,48,79,32
6,45,48,79,31
6,45,49,182,48,79,31
6,45,50,182,48,79,31
6,95,48,79,31
6,182,48,79,31
6,88
6,95
6,182,48,95
6,45,48,126
6,45,49,182,48,126
6,45,50,182,48,126
6,95,48,126
6,182,48,126
6,45,17,160
6,95,48,45,17,160
6,95,48,182,49,45,17,160
6,95,48,182,50,45,17,160
6,182,48,45,17,160
6,182,49,45,17,160
6,182,50,45,17,160
6,45,48,182,20,163
6,45,49,182,20,163
6,45,50,182,20,163
6,95,48,45,49,182,20,163
6,95,48,45,50,182,20,163
6,95,48,182,20,163
6,182,20,163
6,45,48,182,20
6,45,49,182,20
6,45,50,182,20
6,95,48,45,49,182,20
6,95,48,45,50,182,20
6,95,48,182,20
6,182,20
6,182
6,45,48,182,171
6,45,49,182,171
6,45,50,182,171
6,95,48,45,49,182,171
6,95,48,45,50,182,171
6,95,48,182,171
6,182,171
46,45,47
46,45,48
46,45,49,182,48
46,45,50,182,48
46,45,49
46,45,50,182,49
46,45,50
46,45,17,78
46,45,6,95,48,79
46,45,6,182,48,79
46,45,48,79
46,45,49,182,6,95,48,79
46,45,49,182,48,79
46,45,50,182,6,95,48,79
46,45,50,182,48,79
46,45,6,95,48,79,80
46,45,6,182,48,79,80
46,45,48,79,80
46,45,49,182,6,95,48,79,80
46,45,49,182,48,79,80
46,45,50,182,6,95,48,79,80
46,45,50,182,48,79,80
46,45,6,95,48,79,81
46,45,6,182,48,79,81
46,45,48,79,81
46,45,49,182,6,95,48,79,81
46,45,49,182,48,79,81
46,45,50,182,6,95,48,79,81
46,45,50,182,48,79,81
46,45,6,95,48,79,32
46,45,6,182,48,79,32
46,45,48,79,32
46,45,49,182,6,95,48,79,32
46,45,49,182,48,79,32
46,45,50,182,6,95,48,79,32
46,45,50,182,48,79,32
46,45,6,95,48,79,31
46,45,6,182,48,79,31
46,45,48,79,31
46,45,49,182,6,95,48,79,31
46,45,49,182,48,79,31
46,45,50,182,6,95,48,79,31
46,45,50,182,48,79,31
46,45,6,88
46,45,48,95,6,88
46,45,48,182,6,88
46,45,49,182,6,88
46,45,49,182,48,95,6,88
46,45,50,182,6,88
46,45,50,182,48,95,6,88
46,45,6,95
46,45,6,182,48,95
46,45,48,95
46,45,49,182,6,95
46,45,49,182,48,95
46,45,50,182,6,95
46,45,50,182,48,95
46,45,6,95,48,126
46,45,6,182,48,126
46,45,48,126
46,45,49,182,6,95,48,126
46,45,49,182,48,126
46,45,50,182,6,95,48,126
46,45,50,182,48,126
46,45,17,160
46,45,6,95,48,182,20,163
46,45,6,182,20,163
46,45,48,182,20,163
46,45,49,182,20,163
46,45,50,182,20,163
46,45,6,95,48,182,20
46,45,6,182,20
46,45,48,182,20
46,45,49,182,20
46,45,50,182,20
46,45,6,182
46,45,48,182
46,45,49,182
46,45,50,182
46,45,6,95,48,182,171
46,45,6,182,171
46,45,48,182,171
46,45,49,182,171
46,45,50,182,171
47,45,48
47,45,49,182,48
47,45,50,182,48
47,45,49
47,45,50,182,49
47,45,50
47,45,17,78
47,45,6,95,48,79
47,45,6,182,48,79
47,45,48,79
47,45,49,182,6,95,48,79
47,45,49,182,48,79
47,45,50,182,6,95,48,79
47,45,50,182,48,79
47,45,6,95,48,79,80
47,45,6,182,48,79,80
47,45,48,79,80
47,45,49,182,6,95,48,79,80
47,45,49,182,48,79,80
47,45,50,182,6,95,48,79,80
47,45,50,182,48,79,80
47,45,6,95,48,79,81
47,45,6,182,48,79,81
47,45,48,79,81
47,45,49,182,6,95,48,79,81
47,45,49,182,48,79,81
47,45,50,182,6,95,48,79,81
47,45,50,182,48,79,81
47,45,6,95,48,79,32
47,45,6,182,48,79,32
47,45,48,79,32
47,45,49,182,6,95,48,79,32
47,45,49,182,48,79,32
47,45,50,182,6,95,48,79,32
47,45,50,182,48,79,32
47,45,6,95,48,79,31
47,45,6,182,48,79,31
47,45,48,79,31
47,45,49,182,6,95,48,79,31
47,45,49,182,48,79,31
47,45,50,182,6,95,48,79,31
47,45,50,182,48,79,31
47,45,6,88
47,45,48,95,6,88
47,45,48,182,6,88
47,45,49,182,6,88
47,45,49,182,48,95,6,88
47,45,50,182,6,88
47,45,50,182,48,95,6,88
47,45,6,95
47,45,6,182,48,95
47,45,48,95
47,45,49,182,6,95
47,45,49,182,48,95
47,45,50,182,6,95
47,45,50,182,48,95
47,45,6,95,48,126
47,45,6,182,48,126
47,45,48,126
47,45,49,182,6,95,48,126
47,45,49,182,48,126
47,45,50,182,6,95,48,126
47,45,50,182,48,126
47,45,17,160
47,45,6,95,48,182,20,163
47,45,6,182,20,163
47,45,48,182,20,163
47,45,49,182,20,163
47,45,50,182,20,163
47,45,6,95,48,182,20
47,45,6,182,20
47,45,48,182,20
47,45,49,182,20
47,45,50,182,20
47,45,6,182
47,45,48,182
47,45,49,182
47,45,50,182
47,45,6,95,48,182,171
47,45,6,182,171
47,45,48,182,171
47,45,49,182,171
47,45,50,182,171
48,45,49
48,45,50,182,49
48,182,49
48,45,50
48,182,50
48,45,17,78
48,182,49,45,17,78
48,182,50,45,17,78
48,79
48,79,80
48,79,81
48,79,32
48,79,31
48,45,6,88
48,45,49,182,6,88
48,45,50,182,6,88
48,95,6,88
48,182,6,88
48,95
48,126
48,45,17,160
48,182,49,45,17,160
48,182,50,45,17,160
48,45,49,182,20,163
48,45,50,182,20,163
48,182,20,163
48,45,49,182,20
48,45,50,182,20
48,182,20
48,182
48,45,49,182,171
48,45,50,182,171
48,182,171
49,45,50
49,182,50
49,45,17,78
49,182,50,45,17,78
49,45,6,95,48,79
49,45,48,79
49,45,50,182,6,95,48,79
49,45,50,182,48,79
49,182,6,95,48,79
49,182,48,79
49,45,6,95,48,79,80
49,45,48,79,80
49,45,50,182,6,95,48,79,80
49,45,50,182,48,79,80
49,182,6,95,48,79,80
49,182,48,79,80
49,45,6,95,48,79,81
49,45,48,79,81
49,45,50,182,6,95,48,79,81
49,45,50,182,48,79,81
49,182,6,95,48,79,81
49,182,48,79,81
49,45,6,95,48,79,32
49,45,48,79,32
49,45,50,182,6,95,48,79,32
49,45,50,182,48,79,32
49,182,6,95,48,79,32
49,182,48,79,32
49,45,6,95,48,79,31
49,45,48,79,31
49,45,50,182,6,95,48,79,31
49,45,50,182,48,79,31
49,182,6,95,48,79,31
49,182,48,79,31
49,45,6,88
49,45,48,95,6,88
49,45,50,182,6,88
49,45,50,182,48,95,6,88
49,182,6,88
49,182,48,95,6,88
49,45,6,95
49,45,48,95
49,45,50,182,6,95
49,45,50,182,48,95
49,182,6,95
49,182,48,95
49,45,6,95,48,126
49,45,48,126
49,45,50,182,6,95,48,126
49,45,50,182,48,126
49,182,6,95,48,126
49,182,48,126
49,45,17,160
49,182,50,45,17,160
49,45,50,182,20,163
49,182,20,163
49,45,50,182,20
49,182,20
49,182
49,45,50,182,171
49,182,171
50,45,17,78
50,45,6,95,48,79
50,45,48,79
50,182,6,95,48,79
50,182,48,79
50,45,6,95,48,79,80
50,45,48,79,80
50,182,6,95,48,79,80
50,182,48,79,80
50,45,6,95,48,79,81
50,45,48,79,81
50,182,6,95,48,79,81
50,182,48,79,81
50,45,6,95,48,79,32
50,45,48,79,32
50,182,6,95,48,79,32
50,182,48,79,32
50,45,6,95,48,79,31
50,45,48,79,31
50,182,6,95,48,79,31
50,182,48,79,31
50,45,6,88
50,45,48,95,6,88
50,182,6,88
50,182,48,95,6,88
50,45,6,95
50,45,48,95
50,182,6,95
50,182,48,95
50,45,6,95,48,126
50,45,48,126
50,182,6,95,48,126
50,182,48,126
50,45,17,160
50,182,20,163
50,182,20
50,182
50,182,171
78,17,45,6,95,48,79
78,17,45,6,182,48,79
78,17,45,48,79
78,17,45,49,182,6,95,48,79
78,17,45,49,182,48,79
78,17,45,50,182,6,95,48,79
78,17,45,50,182,48,79
78,17,45,6,95,48,79,80
78,17,45,6,182,48,79,80
78,17,45,48,79,80
78,17,45,49,182,6,95,48,79,80
78,17,45,49,182,48,79,80
78,17,45,50,182,6,95,48,79,80
78,17,45,50,182,48,79,80
78,17,45,6,95,48,79,81
78,17,45,6,182,48,79,81
78,17,45,48,79,81
78,17,45,49,182,6,95,48,79,81
78,17,45,49,182,48,79,81
78,17,45,50,182,6,95,48,79,81
78,17,45,50,182,48,79,81
78,17,45,6,95,48,79,32
78,17,45,6,182,48,79,32
78,17,45,48,79,32
78,17,45,49,182,6,95,48,79,32
78,17,45,49,182,48,79,32
78,17,45,50,182,6,95,48,79,32
78,17,45,50,182,48,79,32
78,17,45,6,95,48,79,31
78,17,45,6,182,48,79,31
78,17,45,48,79,31
78,17,45,49,182,6,95,48,79,31
78,17,45,49,182,48,79,31
78,17,45,50,182,6,95,48,79,31
78,17,45,50,182,48,79,31
78,17,45,6,88
78,17,45,48,95,6,88
78,17,45,48,182,6,88
78,17,45,49,182,6,88
78,17,45,49,182,48,95,6,88
78,17,45,50,182,6,88
78,17,45,50,182,48,95,6,88
78,17,45,6,95
78,17,45,6,182,48,95
78,17,45,48,95
78,17,45,49,182,6,95
78,17,45,49,182,48,95
78,17,45,50,182,6,95
78,17,45,50,182,48,95
78,17,45,6,95,48,126
78,17,45,6,182,48,126
78,17,45,48,126
78,17,45,49,182,6,95,48,126
78,17,45,49,182,48,126
78,17,45,50,182,6,95,48,126
78,17,45,50,182,48,126
78,17,160
78,17,45,6,95,48,182,20,163
78,17,45,6,182,20,163
78,17,45,48,182,20,163
78,17,45,49,182,20,163
78,17,45,50,182,20,163
78,17,45,6,95,48,182,20
78,17,45,6,182,20
78,17,45,48,182,20
78,17,45,49,182,20
78,17,45,50,182,20
78,17,45,6,182
78,17,45,48,182
78,17,45,49,182
78,17,45,50,182
78,17,45,6,95,48,182,171
78,17,45,6,182,171
78,17,45,48,182,171
78,17,45,49,182,171
78,17,45,50,182,171
79,80
79,81
79,32
79,31
79,48,45,6,88
79,48,45,49,182,6,88
79,48,45,50,182,6,88
79,48,95,6,88
79,48,182,6,88
79,48,95
79,48,182,6,95
79,48,126
79,48,45,17,160
79,48,95,6,45,17,160
79,48,95,6,182,49,45,17,160
79,48,95,6,182,50,45,17,160
79,48,182,6,45,17,160
79,48,182,49,45,17,160
79,48,182,50,45,17,160
79,48,45,6,182,20,163
79,48,45,49,182,20,163
79,48,45,50,182,20,163
79,48,95,6,45,49,182,20,163
79,48,95,6,45,50,182,20,163
79,48,95,6,182,20,163
79,48,182,20,163
79,48,45,6,182,20
79,48,45,49,182,20
79,48,45,50,182,20
79,48,95,6,45,49,182,20
79,48,95,6,45,50,182,20
79,48,95,6,182,20
79,48,182,20
79,48,182
79,48,45,6,182,171
79,48,45,49,182,171
79,48,45,50,182,171
79,48,95,6,45,49,182,171
79,48,95,6,45,50,182,171
79,48,95,6,182,171
79,48,182,171
80,79,81
80,79,32
80,79,31
80,79,48,45,6,88
80,79,48,45,49,182,6,88
80,79,48,45,50,182,6,88
80,79,48,95,6,88
80,79,48,182,6,88
80,79,48,95
80,79,48,182,6,95
80,79,48,126
80,79,48,45,17,160
80,79,48,95,6,45,17,160
80,79,48,95,6,182,49,45,17,160
80,79,48,95,6,182,50,45,17,160
80,79,48,182,6,45,17,160
80,79,48,182,49,45,17,160
80,79,48,182,50,45,17,160
80,79,48,45,6,182,20,163
80,79,48,45,49,182,20,163
80,79,48,45,50,182,20,163
80,79,48,95,6,45,49,182,20,163
80,79,48,95,6,45,50,182,20,163
80,79,48,95,6,182,20,163
80,79,48,182,20,163
80,79,48,45,6,182,20
80,79,48,45,49,182,20
80,79,48,45,50,182,20
80,79,48,95,6,45,49,182,20
80,79,48,95,6,45,50,182,20
80,79,48,95,6,182,20
80,79,48,182,20
80,79,48,182
80,79,48,45,6,182,171
80,79,48,45,49,182,171
80,79,48,45,50,182,171
80,79,48,95,6,45,49,182,171
80,79,48,95,6,45,50,182,171
80,79,48,95,6,182,171
80,79,48,182,171
81,79,32
81,79,31
81,79,48,45,6,88
81,79,48,45,49,182,6,88
81,79,48,45,50,182,6,88
81,79,48,95,6,88
81,79,48,182,6,88
81,79,48,95
81,79,48,182,6,95
81,79,48,126
81,79,48,45,17,160
81,79,48,95,6,45,17,160
81,79,48,95,6,182,49,45,17,160
81,79,48,95,6,182,50,45,17,160
81,79,48,182,6,45,17,160
81,79,48,182,49,45,17,160
81,79,48,182,50,45,17,160
81,79,48,45,6,182,20,163
81,79,48,45,49,182,20,163
81,79,48,45,50,182,20,163
81,79,48,95,6,45,49,182,20,163
81,79,48,95,6,45,50,182,20,163
81,79,48,95,6,182,20,163
81,79,48,182,20,163
81,79,48,45,6,182,20
81,79,48,45,49,182,20
81,79,48,45,50,182,20
81,79,48,95,6,45,49,182,20
81,79,48,95,6,45,50,182,20
81,79,48,95,6,182,20
81,79,48,182,20
81,79,48,182
81,79,48,45,6,182,171
81,79,48,45,49,182,171
81,79,48,45,50,182,171
81,79,48,95,6,45,49,182,171
81,79,48,95,6,45,50,182,171
81,79,48,95,6,182,171
81,79,48,182,171
32,79,31
32,79,48,45,6,88
32,79,48,45,49,182,6,88
32,79,48,45,50,182,6,88
32,79,48,95,6,88
32,79,48,182,6,88
32,79,48,95
32,79,48,182,6,95
32,79,48,126
32,79,48,45,17,160
32,79,48,95,6,45,17,160
32,79,48,95,6,182,49,45,17,160
32,79,48,95,6,182,50,45,17,160
32,79,48,182,6,45,17,160
32,79,48,182,49,45,17,160
32,79,48,182,50,45,17,160
32,79,48,45,6,182,20,163
32,79,48,45,49,182,20,163
32,79,48,45,50,182,20,163
32,79,48,95,6,45,49,182,20,163
32,79,48,95,6,45,50,182,20,163
32,79,48,95,6,182,20,163
32,79,48,182,20,163
32,79,48,45,6,182,20
32,79,48,45,49,182,20
32,79,48,45,50,182,20
32,79,48,95,6,45,49,182,20
32,79,48,95,6,45,50,182,20
32,79,48,95,6,182,20
32,79,48,182,20
32,79,48,182
32,79,48,45,6,182,171
32,79,48,45,49,182,171
32,79,48,45,50,182,171
32,79,48,95,6,45,49,182,171
32,79,48,95,6,45,50,182,171
32,79,48,95,6,182,171
32,79,48,182,171
31,79,48,45,6,88
31,79,48,45,49,182,6,88
31,79,48,45,50,182,6,88
31,79,48,95,6,88
31,79,48,182,6,88
31,79,48,95
31,79,48,182,6,95
31,79,48,126
31,79,48,45,17,160
31,79,48,95,6,45,17,160
31,79,48,95,6,182,49,45,17,160
31,79,48,95,6,182,50,45,17,160
31,79,48,182,6,45,17,160
31,79,48,182,49,45,17,160
31,79,48,182,50,45,17,160
31,79,48,45,6,182,20,163
31,79,48,45,49,182,20,163
31,79,48,45,50,182,20,163
31,79,48,95,6,45,49,182,20,163
31,79,48,95,6,45,50,182,20,163
31,79,48,95,6,182,20,163
31,79,48,182,20,163
31,79,48,45,6,182,20
31,79,48,45,49,182,20
31,79,48,45,50,182,20
31,79,48,95,6,45,49,182,20
31,79,48,95,6,45,50,182,20
31,79,48,95,6,182,20
31,79,48,182,20
31,79,48,182
31,79,48,45,6,182,171
31,79,48,45,49,182,171
31,79,48,45,50,182,171
31,79,48,95,6,45,49,182,171
31,79,48,95,6,45,50,182,171
31,79,48,95,6,182,171
31,79,48,182,171
82,56
82,56,185
56,185
88,6,95
88,6,182,48,95
88,6,45,48,126
88,6,45,49,182,48,126
88,6,45,50,182,48,126
88,6,95,48,126
88,6,182,48,126
88,6,45,17,160
88,6,95,48,45,17,160
88,6,95,48,182,49,45,17,160
88,6,95,48,182,50,45,17,160
88,6,182,48,45,17,160
88,6,182,49,45,17,160
88,6,182,50,45,17,160
88,6,45,48,182,20,163
88,6,45,49,182,20,163
88,6,45,50,182,20,163
88,6,95,48,45,49,182,20,163
88,6,95,48,45,50,182,20,163
88,6,95,48,182,20,163
88,6,182,20,163
88,6,45,48,182,20
88,6,45,49,182,20
88,6,45,50,182,20
88,6,95,48,45,49,182,20
88,6,95,48,45,50,182,20
88,6,95,48,182,20
88,6,182,20
88,6,182
88,6,45,48,182,171
88,6,45,49,182,171
88,6,45,50,182,171
88,6,95,48,45,49,182,171
88,6,95,48,45,50,182,171
88,6,95,48,182,171
88,6,182,171
92,93
95,48,126
95,6,182,48,126
95,48,45,17,160
95,48,182,6,45,17,160
95,48,182,49,45,17,160
95,48,182,50,45,17,160
95,6,45,17,160
95,6,182,49,45,17,160
95,6,182,50,45,17,160
95,48,45,49,182,20,163
95,48,45,50,182,20,163
95,48,182,20,163
95,6,45,49,182,20,163
95,6,45,50,182,20,163
95,6,182,20,163
95,48,45,49,182,20
95,48,45,50,182,20
95,48,182,20
95,6,45,49,182,20
95,6,45,50,182,20
95,6,182,20
95,48,182
95,6,182
95,48,45,49,182,171
95,48,45,50,182,171
95,48,182,171
95,6,45,49,182,171
95,6,45,50,182,171
95,6,182,171
108,109
108,110
109,108,110
126,48,45,17,160
126,48,95,6,45,17,160
126,48,95,6,182,49,45,17,160
126,48,95,6,182,50,45,17,160
126,48,182,6,45,17,160
126,48,182,49,45,17,160
126,48,182,50,45,17,160
126,48,45,6,182,20,163
126,48,45,49,182,20,163
126,48,45,50,182,20,163
126,48,95,6,45,49,182,20,163
126,48,95,6,45,50,182,20,163
126,48,95,6,182,20,163
126,48,182,20,163
126,48,45,6,182,20
126,48,45,49,182,20
126,48,45,50,182,20
126,48,95,6,45,49,182,20
126,48,95,6,45,50,182,20
126,48,95,6,182,20
126,48,182,20
126,48,182
126,48,45,6,182,171
126,48,45,49,182,171
126,48,45,50,182,171
126,48,95,6,45,49,182,171
126,48,95,6,45,50,182,171
126,48,95,6,182,171
126,48,182,171
160,17,45,6,95,48,182,20,163
160,17,45,6,182,20,163
160,17,45,48,182,20,163
160,17,45,49,182,20,163
160,17,45,50,182,20,163
160,17,45,6,95,48,182,20
160,17,45,6,182,20
160,17,45,48,182,20
160,17,45,49,182,20
160,17,45,50,182,20
160,17,45,6,182
160,17,45,48,182
160,17,45,49,182
160,17,45,50,182
160,17,45,6,95,48,182,171
160,17,45,6,182,171
160,17,45,48,182,171
160,17,45,49,182,171
160,17,45,50,182,171
163,20
163,20,182
163,20,182,171
20,182
20,182,171
166,167
170,22
174,141
174,44
141,174,44
182,171
