16,17
16,181,5,21,22,17
16,181,5,148,395,21,22,17
16,181,5,395,21,22,17
16,17,22,21
16,181,5,21
16,181,5,148,395,21
16,181,5,395,21
16,17,22,21,5
16,17,22,21,395,5
16,17,22,21,395,148,5
16,181,5
16,17,22
16,181,5,21,22
16,181,5,148,395,21,22
16,181,5,395,21,22
16,17,22,21,5,148
16,17,22,21,395,148
16,181,5,148
16,181,5,395,148
16,17,22,21,5,181,180
16,17,22,21,395,5,181,180
16,17,22,21,395,148,5,181,180
16,181,180
16,181
16,17,22,21,5,181,194,193
16,17,22,21,395,5,181,194,193
16,17,22,21,395,148,5,181,194,193
16,181,194,193
16,17,22,21,5,181,194
16,17,22,21,395,5,181,194
16,17,22,21,395,148,5,181,194
16,181,194
16,17,22,21,5,181,289
16,17,22,21,395,5,181,289
16,17,22,21,395,148,5,181,289
16,181,289
16,17,22,21,5,181,194,193,347
16,17,22,21,395,5,181,194,193,347
16,17,22,21,395,148,5,181,194,193,347
16,181,194,193,347
16,17,22,21,5,181,194,193,347,166
16,17,22,21,395,5,181,194,193,347,166
16,17,22,21,395,148,5,181,194,193,347,166
16,181,194,193,347,166
16,17,22,21,395
16,181,5,395
16,17,22,21,5,148,395,26
16,17,22,21,5,395,26
16,17,22,21,395,26
16,181,5,21,395,26
16,181,5,148,395,26
16,181,5,395,26
16,17,22,21,5,148,395,229
16,17,22,21,5,395,229
16,17,22,21,395,229
16,181,5,21,395,229
16,181,5,148,395,229
16,181,5,395,229
17,16,181,5,21
17,16,181,5,148,395,21
17,16,181,5,395,21
17,22,21
17,16,181,5
17,22,21,5
17,22,21,395,5
17,22,21,395,148,5
17,22
17,16,181,5,148
17,16,181,5,395,148
17,22,21,5,148
17,22,21,395,148
17,16,181,180
17,22,21,5,181,180
17,22,21,395,5,181,180
17,22,21,395,148,5,181,180
17,16,181
17,22,21,5,181
17,22,21,395,5,181
17,22,21,395,148,5,181
17,16,181,194,193
17,22,21,5,181,194,193
17,22,21,395,5,181,194,193
17,22,21,395,148,5,181,194,193
17,16,181,194
17,22,21,5,181,194
17,22,21,395,5,181,194
17,22,21,395,148,5,181,194
17,16,181,289
17,22,21,5,181,289
17,22,21,395,5,181,289
17,22,21,395,148,5,181,289
17,16,181,194,193,347
17,22,21,5,181,194,193,347
17,22,21,395,5,181,194,193,347
17,22,21,395,148,5,181,194,193,347
17,16,181,194,193,347,166
17,22,21,5,181,194,193,347,166
17,22,21,395,5,181,194,193,347,166
17,22,21,395,148,5,181,194,193,347,166
17,16,181,5,395
17,22,21,395
17,16,181,5,21,395,26
17,16,181,5,148,395,26
17,16,181,5,395,26
17,22,21,5,148,395,26
17,22,21,5,395,26
17,22,21,395,26
17,16,181,5,21,395,229
17,16,181,5,148,395,229
17,16,181,5,395,229
17,22,21,5,148,395,229
17,22,21,5,395,229
17,22,21,395,229
18,19
21,5
21,395,5
21,395,148,5
21,22
21,5,148
21,22,17,16,181,5,148
21,395,148
21,5,181,180
21,22,17,16,181,180
21,395,5,181,180
21,395,148,5,181,180
21,5,181
21,22,17,16,181
21,395,5,181
21,395,148,5,181
21,5,181,194,193
21,22,17,16,181,194,193
21,395,5,181,194,193
21,395,148,5,181,194,193
21,5,181,194
21,22,17,16,181,194
21,395,5,181,194
21,395,148,5,181,194
21,5,181,289
21,22,17,16,181,289
21,395,5,181,289
21,395,148,5,181,289
21,5,181,194,193,347
21,22,17,16,181,194,193,347
21,395,5,181,194,193,347
21,395,148,5,181,194,193,347
21,5,181,194,193,347,166
21,22,17,16,181,194,193,347,166
21,395,5,181,194,193,347,166
21,395,148,5,181,194,193,347,166
21,395
21,5,148,395,26
21,5,395,26
21,22,17,16,181,5,148,395,26
21,22,17,16,181,5,395,26
21,395,26
21,5,148,395,229
21,5,395,229
21,22,17,16,181,5,148,395,229
21,22,17,16,181,5,395,229
21,395,229
5,21,22
5,148,395,21,22
5,181,16,17,22
5,395,21,22
5,148
5,395,148
5,181,180
5,181
5,181,194,193
5,181,194
5,181,289
5,181,194,193,347
5,181,194,193,347,166
5,395
5,148,395,26
5,395,26
5,148,395,229
5,395,229
22,21,5,148
22,21,395,148
22,17,16,181,5,148
22,17,16,181,5,395,148
22,21,5,181,180
22,21,395,5,181,180
22,21,395,148,5,181,180
22,17,16,181,180
22,21,5,181
22,21,395,5,181
22,21,395,148,5,181
22,17,16,181
22,21,5,181,194,193
22,21,395,5,181,194,193
22,21,395,148,5,181,194,193
22,17,16,181,194,193
22,21,5,181,194
22,21,395,5,181,194
22,21,395,148,5,181,194
22,17,16,181,194
22,21,5,181,289
22,21,395,5,181,289
22,21,395,148,5,181,289
22,17,16,181,289
22,21,5,181,194,193,347
22,21,395,5,181,194,193,347
22,21,395,148,5,181,194,193,347
22,17,16,181,194,193,347
22,21,5,181,194,193,347,166
22,21,395,5,181,194,193,347,166
22,21,395,148,5,181,194,193,347,166
22,17,16,181,194,193,347,166
22,21,395
22,17,16,181,5,395
22,21,5,148,395,26
22,21,5,395,26
22,21,395,26
22,17,16,181,5,148,395,26
22,17,16,181,5,395,26
22,21,5,148,395,229
22,21,5,395,229
22,21,395,229
22,17,16,181,5,148,395,229
22,17,16,181,5,395,229
30,31
42,43
42,43,154,158
42,43,158
42,43,154
42,43,238
43,154,158
43,158
43,154
43,238
47,48
47,48,105
47,48,124
47,48,124,125
47,48,274
47,48,384
47,48,388
48,105
48,124
48,124,125
48,274
48,384
48,388
50,51
57,25
71,35
71,35,359,360,163
71,35,307,164,163
71,35,359,360,163,164
71,35,307,164
71,35,359,360,163,164,301
71,35,307,164,301
71,35,359,360,163,164,307,305
71,35,307,305
71,35,359,360,163,164,307,305,306
71,35,307,305,306
71,35,359,360,163,164,307
71,35,307
71,35,337
71,35,359
71,35,359,360
71,35,307,164,163,360
71,35,359,360,163,164,307,383
71,35,307,383
71,35,359,360,163,164,307,383,391
71,35,307,383,391
71,35,359,360,163,164,413
71,35,307,164,413
35,359,360,163
35,307,164,163
35,359,360,163,164
35,307,164
35,359,360,163,164,301
35,307,164,301
35,359,360,163,164,307,305
35,307,305
35,359,360,163,164,307,305,306
35,307,305,306
35,359,360,163,164,307
35,307
35,337
35,359
35,359,360
35,307,164,163,360
35,359,360,163,164,307,383
35,307,383
35,359,360,163,164,307,383,391
35,307,383,391
35,359,360,163,164,413
35,307,164,413
76,69
77,78
77,79,174,80,78
77,79,200,78
77,80,174,79,200,78
77,80,78
77,79
77,80,174,79
77,80,78,200,79
77,10
77,80
77,78,200,79,174
77,78,80,174
77,79,174
77,80,174
77,78,200
77,79,200
77,80,174,79,200
77,80,78,200
77,78,200,79,322,321
77,78,80,174,79,322,321
77,79,322,321
77,80,174,79,322,321
77,80,78,200,79,322,321
77,78,200,79,322
77,78,80,174,79,322
77,79,322
77,80,174,79,322
77,80,78,200,79,322
78,77,79
78,200,79
78,80,77,79
78,80,174,79
78,77,10
78,200,79,77,10
78,200,79,174,80,77,10
78,80,77,10
78,80,174,79,77,10
78,200,79,174,80
78,80
78,77,79,174
78,200,79,174
78,80,174
78,200
78,77,79,322,321
78,200,79,322,321
78,80,77,79,322,321
78,80,174,79,322,321
78,77,79,322
78,200,79,322
78,80,77,79,322
78,80,174,79,322
79,77,10
79,174,80,77,10
79,200,78,80,77,10
79,77,80
79,174,80
79,200,78,80
79,174
79,200
79,322,321
79,322
10,77,80
10,77,78,200,79,174
10,77,78,80,174
10,77,79,174
10,77,80,174
10,77,78,200
10,77,79,200
10,77,80,174,79,200
10,77,80,78,200
10,77,78,200,79,322,321
10,77,78,80,174,79,322,321
10,77,79,322,321
10,77,80,174,79,322,321
10,77,80,78,200,79,322,321
10,77,78,200,79,322
10,77,78,80,174,79,322
10,77,79,322
10,77,80,174,79,322
10,77,80,78,200,79,322
80,174
80,77,79,200
80,174,79,200
80,78,200
80,77,79,322,321
80,174,79,322,321
80,78,200,79,322,321
80,77,79,322
80,174,79,322
80,78,200,79,322
85,86
85,425,228,132,131
85,425,131
85,425,228,132
85,425,131,132
85,425,228
85,425
85,425,357
86,85,425,228,132,131
86,85,425,131
86,85,425,228,132
86,85,425,131,132
86,85,425,228
86,85,425
86,85,425,357
90,91
90,92
90,93
90,94
90,29
90,95
91,90,92
91,90,93
91,90,94
91,90,29
91,90,95
92,90,93
92,90,94
92,90,29
92,90,95
93,90,94
93,90,29
93,90,95
94,90,29
94,90,95
29,90,95
98,99
105,48,124
105,48,124,125
105,48,274
105,48,384
105,48,388
116,117
116,117,376
116,117,412
117,376
117,412
118,119
124,125
124,48,274
124,48,384
124,48,388
125,124,48,274
125,124,48,384
125,124,48,388
129,130
131,132
131,425,228,132
131,132,228
131,425,228
131,425
131,132,228,425,357
131,425,357
132,228
132,131,425
132,228,425
132,131,425,357
132,228,425,357
134,135
134,135,252
134,135,363
135,252
135,363
137,138
137,9
137,138,407
138,137,9
138,407
9,137,138,407
140,141
140,170
141,140,170
144,145
144,145,273,272
144,145,273
145,273,272
145,273
146,147
146,189
147,146,189
148,5,21,22,17,16,181,180
148,5,181,180
148,395,5,181,180
148,395,21,22,17,16,181,180
148,5,181
148,395,5,181
148,395,21,22,17,16,181
148,5,21,22,17,16,181,194,193
148,5,181,194,193
148,395,5,181,194,193
148,395,21,22,17,16,181,194,193
148,5,21,22,17,16,181,194
148,5,181,194
148,395,5,181,194
148,395,21,22,17,16,181,194
148,5,21,22,17,16,181,289
148,5,181,289
148,395,5,181,289
148,395,21,22,17,16,181,289
148,5,21,22,17,16,181,194,193,347
148,5,181,194,193,347
148,395,5,181,194,193,347
148,395,21,22,17,16,181,194,193,347
148,5,21,22,17,16,181,194,193,347,166
148,5,181,194,193,347,166
148,395,5,181,194,193,347,166
148,395,21,22,17,16,181,194,193,347,166
148,395
148,395,26
148,395,229
155,156
155,156,344
155,156,453
156,344
156,453
158,154
158,154,43,238
158,43,238
154,43,238
159,160
163,164
163,164,301
163,360,359,35,307,164,301
163,164,307,305
163,360,359,35,307,305
163,164,307,305,306
163,360,359,35,307,305,306
163,164,307
163,360,359,35,307
163,164,307,35,337
163,360,359,35,337
163,164,307,35,359
163,360,359
163,360
163,164,307,383
163,360,359,35,307,383
163,164,307,383,391
163,360,359,35,307,383,391
163,164,413
163,360,359,35,307,164,413
164,301
164,307,305
164,307,305,306
164,307
164,163,360,359,35,337
164,307,35,337
164,163,360,359
164,307,35,359
164,163,360
164,307,35,359,360
164,307,383
164,307,383,391
164,413
174,79,200
174,80,77,78,200
174,80,78,200
174,79,322,321
174,80,77,78,200,79,322,321
174,80,78,200,79,322,321
174,79,322
174,80,77,78,200,79,322
174,80,78,200,79,322
180,181
180,181,194,193
180,181,194
180,181,289
180,181,194,193,347
180,181,194,193,347,166
180,181,5,395
180,181,16,17,22,21,395
180,181,5,21,395,26
180,181,5,148,395,26
180,181,5,395,26
180,181,16,17,22,21,5,148,395,26
180,181,16,17,22,21,5,395,26
180,181,16,17,22,21,395,26
180,181,5,21,395,229
180,181,5,148,395,229
180,181,5,395,229
180,181,16,17,22,21,5,148,395,229
180,181,16,17,22,21,5,395,229
180,181,16,17,22,21,395,229
181,194,193
181,194
181,289
181,194,193,347
181,194,193,347,166
181,5,395
181,16,17,22,21,395
181,5,21,395,26
181,5,148,395,26
181,5,395,26
181,16,17,22,21,395,26
181,5,21,395,229
181,5,148,395,229
181,5,395,229
181,16,17,22,21,395,229
182,173
183,184
183,185
183,68
184,183,185
184,183,68
185,183,68
186,187
191,192
193,194
193,194,181,289
193,347
193,347,166
193,194,181,5,395
193,194,181,16,17,22,21,395
193,194,181,5,21,395,26
193,194,181,5,148,395,26
193,194,181,5,395,26
193,194,181,16,17,22,21,5,148,395,26
193,194,181,16,17,22,21,5,395,26
193,194,181,16,17,22,21,395,26
193,194,181,5,21,395,229
193,194,181,5,148,395,229
193,194,181,5,395,229
193,194,181,16,17,22,21,5,148,395,229
193,194,181,16,17,22,21,5,395,229
193,194,181,16,17,22,21,395,229
194,181,289
194,193,347
194,193,347,166
194,181,5,395
194,181,16,17,22,21,395
194,181,5,21,395,26
194,181,5,148,395,26
194,181,5,395,26
194,181,16,17,22,21,5,148,395,26
194,181,16,17,22,21,5,395,26
194,181,16,17,22,21,395,26
194,181,5,21,395,229
194,181,5,148,395,229
194,181,5,395,229
194,181,16,17,22,21,5,148,395,229
194,181,16,17,22,21,5,395,229
194,181,16,17,22,21,395,229
200,79,322,321
200,79,322
209,210
209,328,210
209,328
209,210,328,329
209,210,328,330,329
209,328,329
209,328,330,329
209,210,328,231
209,328,231
209,210,328,330
209,328,330
210,328
210,328,329
210,328,330,329
210,328,231
210,328,330
217,106
226,97
228,425
228,425,357
234,235
234,236
234,294
234,362
234,429
235,234,236
235,234,294
235,234,362
235,234,429
236,234,294
236,234,362
236,234,429
237,34
237,260
34,237,260
247,248
247,339
248,247,339
269,270
269,270,323
270,323
272,273
274,48,384
274,48,388
284,285
286,287
286,266
286,287,293
287,286,266
287,293
266,286,287,293
294,234,362
294,234,429
296,297
301,164,163,360,359,35,307,305
301,164,307,305
301,164,163,360,359,35,307,305,306
301,164,307,305,306
301,164,307
301,164,163,360,359,35,337
301,164,307,35,337
301,164,163,360,359
301,164,307,35,359
301,164,163,360
301,164,307,35,359,360
301,164,163,360,359,35,307,383
301,164,307,383
301,164,163,360,359,35,307,383,391
301,164,307,383,391
301,164,413
305,306
305,307
305,307,35,337
305,307,164,163,360,359,35,337
305,307,35,359
305,307,164,163,360,359
305,307,35,359,360
305,307,164,163,360
305,307,383
305,307,383,391
305,307,35,359,360,163,164,413
305,307,164,413
306,305,307
306,305,307,35,337
306,305,307,164,163,360,359,35,337
306,305,307,35,359
306,305,307,164,163,360,359
306,305,307,35,359,360
306,305,307,164,163,360
306,305,307,383
306,305,307,383,391
306,305,307,35,359,360,163,164,413
306,305,307,164,413
307,35,337
307,164,163,360,359,35,337
307,35,359
307,164,163,360,359
307,35,359,360
307,164,163,360
307,383
307,383,391
307,164,413
313,314
313,315
313,316
313,143
314,313,315
314,313,316
314,313,143
315,313,316
315,313,143
316,313,143
321,322
327,224
328,329
328,330,329
328,231
328,330
329,328,231
329,330,328,231
329,330
231,328,330
335,336
337,35,359
337,35,359,360
337,35,307,164,163,360
337,35,359,360,163,164,307,383
337,35,307,383
337,35,359,360,163,164,307,383,391
337,35,307,383,391
337,35,359,360,163,164,413
337,35,307,164,413
341,342
289,181,194,193,347
289,181,194,193,347,166
289,181,5,395
289,181,16,17,22,21,395
289,181,5,21,395,26
289,181,5,148,395,26
289,181,5,395,26
289,181,16,17,22,21,5,148,395,26
289,181,16,17,22,21,5,395,26
289,181,16,17,22,21,395,26
289,181,5,21,395,229
289,181,5,148,395,229
289,181,5,395,229
289,181,16,17,22,21,5,148,395,229
289,181,16,17,22,21,5,395,229
289,181,16,17,22,21,395,229
252,135,363
344,156,453
347,166
347,193,194,181,5,395
347,193,194,181,16,17,22,21,395
347,193,194,181,5,21,395,26
347,193,194,181,5,148,395,26
347,193,194,181,5,395,26
347,193,194,181,16,17,22,21,5,148,395,26
347,193,194,181,16,17,22,21,5,395,26
347,193,194,181,16,17,22,21,395,26
347,193,194,181,5,21,395,229
347,193,194,181,5,148,395,229
347,193,194,181,5,395,229
347,193,194,181,16,17,22,21,5,148,395,229
347,193,194,181,16,17,22,21,5,395,229
347,193,194,181,16,17,22,21,395,229
166,347,193,194,181,5,395
166,347,193,194,181,16,17,22,21,395
166,347,193,194,181,5,21,395,26
166,347,193,194,181,5,148,395,26
166,347,193,194,181,5,395,26
166,347,193,194,181,16,17,22,21,5,148,395,26
166,347,193,194,181,16,17,22,21,5,395,26
166,347,193,194,181,16,17,22,21,395,26
166,347,193,194,181,5,21,395,229
166,347,193,194,181,5,148,395,229
166,347,193,194,181,5,395,229
166,347,193,194,181,16,17,22,21,5,148,395,229
166,347,193,194,181,16,17,22,21,5,395,229
166,347,193,194,181,16,17,22,21,395,229
352,87
359,360
359,360,163,164,307,383
359,35,307,383
359,360,163,164,307,383,391
359,35,307,383,391
359,360,163,164,413
359,35,307,164,413
360,359,35,307,383
360,163,164,307,383
360,359,35,307,383,391
360,163,164,307,383,391
360,359,35,307,164,413
360,163,164,413
361,40
362,234,429
369,66
376,117,412
379,331
383,391
383,307,35,359,360,163,164,413
383,307,164,413
384,48,388
387,275
391,383,307,35,359,360,163,164,413
391,383,307,164,413
394,365
395,26
395,229
26,395,229
396,111
423,44
425,357
435,436
435,436,33
435,436,426
436,33
436,426
443,221
33,436,426
