[154, 86, 127, 135, 95, 118, 119]
[4, 14]
[225, 39, 7]
[61, 176]
[127, 200, 285]
[155, 72, 71]
[253, 80]
[162, 121]
[127, 135]
[166, 11]
[167, 4, 14]
[33, 207]
[156, 94]
[120, 51]
[192, 202]
[60, 61, 62]
[32, 4, 50]
[291, 72]
[274, 275]
[50, 4, 5]
[61, 118, 176, 96]
[86, 97]
[78, 41]
[167, 4, 14, 150]
[2, 216]
[60, 61, 118]
[211, 212]
[86, 127, 135, 97]
[237, 60, 61, 118, 62, 251]
[8, 4, 5]
[261, 262]
[64, 123, 124]
[38, 39]
[229, 204, 57, 290]
[61, 176, 118, 62, 63]
[237, 57, 2, 3]
[46, 47]
[167, 15, 39, 7]
[237, 60, 61, 62, 63]
[189, 303]
[62, 63]
[75, 22]
[237, 60, 61, 96]
[61, 62, 63]
[77, 101]
[15, 150]
[60, 61, 325]
[113, 172]
[330, 189, 303]
[127, 135, 95, 118, 62, 63]
[32, 15, 73]
[222, 226]
[69, 70]
[167, 4]
[143, 5]
[167, 15, 313]
[142, 24]
[50, 4, 150]
[154, 320]
[224, 104]
[331, 47]
[85, 48, 218]
[60, 61, 176, 118, 62]
[15, 199]
[60, 61, 118, 62, 63]
[167, 4, 150]
[237, 60, 61, 118, 62]
[237, 60, 61]
[229, 60, 61, 325]
[237, 60, 61, 176, 96]
[168, 79, 80]
[229, 204, 57, 2, 216]
[237, 60, 61, 176, 118]
[167, 15, 47]
[138, 139]
[229, 60, 61, 118, 119]
[64, 123, 267]
[167, 4, 5]
[229, 60, 61, 118]
[255, 11]
[58, 59]
[237, 60, 61, 118, 63]
[118, 176, 96]
[154, 86, 252]
[29, 5]
[135, 279]
[237, 60, 61, 62]
[60, 61, 176, 118]
[135, 95]
[176, 118, 62, 251]
[256, 257]
[154, 86, 18]
[86, 89]
[133, 134]
[157, 4, 14, 150]
[61, 176, 118]
[108, 109, 280]
[154, 86, 127, 200, 285]
[162, 163, 202]
[21, 22]
[86, 127, 135, 95, 118, 62, 63]
[239, 7]
[98, 99]
[127, 135, 97]
[188, 189]
[60, 61, 118, 62, 251]
[135, 95, 118, 176]
[235, 236]
[144, 76]
[117, 71, 72]
[61, 176, 118, 119]
[19, 213]
[90, 157, 4, 14, 150]
[246, 52]
[223, 18]
[237, 57, 2, 216]
[272, 11]
[15, 73]
[191, 167, 4, 5]
[127, 135, 95, 118, 176]
[154, 86, 127, 200]
[306, 189]
[48, 218]
[229, 60, 61, 176, 118, 62, 63]
[2, 3]
[9, 4, 14]
[87, 52]
[60, 61, 118, 176]
[81, 238]
[113, 4, 150]
[125, 126]
[186, 21]
[191, 167, 15, 47]
[60, 61, 118, 63]
[86, 127, 135, 95, 118, 62]
[135, 97]
[43, 289]
[95, 118, 176]
[138, 139, 311]
[154, 86, 127, 135, 279]
[167, 15, 16]
[42, 43]
[266, 267]
[237, 60, 61, 325]
[60, 61, 96]
[263, 24]
[286, 84]
[77, 4]
[176, 118, 62, 63]
[127, 135, 95]
[154, 86, 127, 17]
[299, 300]
[19, 25, 177]
[168, 51]
[140, 141]
[86, 127, 135, 95, 118, 63]
[60, 61, 118, 62]
[129, 130]
[264, 265, 99]
[250, 251]
[242, 243]
[167, 15, 39]
[85, 48, 49]
[77, 4, 5]
[115, 203]
[164, 165]
[60, 61, 176, 96]
[191, 167]
[200, 285]
[57, 2, 3]
[154, 86, 127, 18]
[27, 93]
[86, 127, 135, 95, 118, 62, 251]
[67, 68]
[99, 216]
[154, 86, 127, 135, 95, 118, 176, 96]
[57, 290]
[83, 84]
[237, 57, 2]
[64, 123]
[159, 76, 47]
[237, 57, 290]
[95, 118, 62, 251]
[237, 60, 61, 118, 119]
[118, 63]
[32, 15, 47]
[44, 45, 66]
[95, 118, 62, 63]
[229, 204, 57, 276]
[154, 86, 127, 200, 201]
[314, 72]
[167, 15, 258]
[77, 4, 14, 150]
[167, 199]
[229, 204, 57, 252]
[32, 15, 249]
[77, 4, 50]
[38, 76, 47]
[309, 70]
[61, 176, 118, 62, 251]
[111, 112]
[293, 294]
[324, 104]
[229, 60, 61, 176, 118, 119]
[191, 167, 15, 313]
[86, 127]
[113, 4, 14, 150]
[157, 4, 5]
[232, 150]
[221, 222]
[193, 76, 47]
[53, 54]
[154, 86, 127, 135]
[15, 39, 7]
[55, 56]
[229, 60, 61, 118, 176, 96]
[310, 150]
[76, 47]
[77, 217]
[105, 93]
[268, 269]
[115, 116]
[186, 21, 22]
[237, 60, 61, 118]
[332, 333]
[66, 37]
[264, 265, 99, 216]
[191, 167, 15, 39, 7]
[77, 4, 150]
[154, 86, 127, 135, 95, 118, 62, 63]
[120, 51, 52]
[182, 183]
[123, 124]
[86, 127, 17, 18]
[103, 104]
[10, 11]
[163, 202]
[86, 127, 135, 95, 118, 176]
[178, 179]
[229, 60, 61, 118, 62, 251]
[230, 240]
[154, 86, 127, 135, 95, 118, 63]
[191, 167, 4, 50]
[154, 86, 127, 17, 18]
[33, 34]
[86, 127, 200, 285]
[90, 157, 4, 5]
[25, 26]
[113, 4]
[167, 15, 230, 231]
[191, 167, 4, 14, 150]
[305, 11]
[32, 15, 313]
[191, 167, 150]
[113, 4, 14]
[224, 179]
[19, 158, 26]
[0, 1]
[291, 72, 71, 195]
[180, 11]
[106, 107]
[191, 167, 15]
[225, 39]
[159, 39]
[244, 45, 66]
[4, 14, 150]
[191, 167, 15, 73]
[61, 176, 118, 63]
[118, 176]
[57, 276]
[219, 220]
[229, 60, 61]
[193, 39, 7]
[57, 252]
[8, 9, 4, 150]
[100, 228]
[123, 267]
[229, 204, 57, 2]
[322, 323]
[167, 15, 230, 240]
[181, 6, 7]
[191, 167, 199]
[90, 4, 50]
[237, 57]
[23, 24]
[8, 4, 150]
[99, 146]
[20, 175]
[214, 215]
[32, 4, 5]
[8, 9, 4, 14]
[90, 157, 4]
[90, 4, 14, 150]
[229, 60, 61, 62]
[50, 4, 14]
[60, 61, 62, 63]
[229, 60, 61, 145]
[302, 281]
[30, 31]
[229, 60, 61, 169]
[61, 169]
[156, 94, 7]
[129, 281]
[32, 4]
[61, 176, 118, 62]
[61, 145]
[8, 4]
[100, 217]
[87, 80]
[246, 80]
[32, 15, 258]
[71, 195]
[167, 15, 249]
[95, 96]
[233, 234, 284]
[234, 284]
[45, 66]
[35, 11]
[86, 127, 190]
[127, 18]
[61, 145, 146]
[77, 94]
[127, 135, 95, 96]
[64, 123, 292]
[265, 99, 146]
[38, 39, 7]
[229, 204, 57, 262]
[319, 104]
[121, 122]
[9, 4]
[229, 60, 61, 96]
[204, 57]
[45, 66, 37]
[60, 61, 176, 118, 119]
[157, 4]
[205, 206]
[62, 251]
[50, 4, 14, 150]
[315, 316]
[40, 41]
[307, 308]
[9, 4, 5]
[301, 185]
[295, 11]
[182, 273]
[15, 47]
[135, 95, 118]
[237, 57, 262]
[176, 96]
[57, 262]
[270, 4]
[19, 25, 26]
[118, 62]
[230, 231]
[64, 187]
[86, 127, 135, 279]
[184, 185]
[167, 15]
[282, 11]
[42, 43, 289]
[64, 65]
[98, 99, 216]
[191, 167, 4]
[8, 9]
[154, 86, 127, 135, 97]
[221, 222, 226]
[87, 107]
[135, 95, 118, 62, 63]
[29, 92]
[113, 114]
[27, 22]
[127, 190]
[162, 121, 122]
[237, 60, 61, 145]
[237, 60, 61, 169]
[27, 174]
[204, 57, 290]
[48, 49]
[154, 86, 89]
[244, 45, 66, 37]
[32, 15, 230, 240]
[188, 189, 303]
[86, 18]
[270, 4, 50]
[147, 148]
[14, 150]
[33, 250]
[60, 61]
[197, 198]
[58, 329]
[86, 252]
[32, 15, 39, 7]
[135, 95, 118, 62, 251]
[135, 95, 96]
[237, 60, 61, 145, 146]
[237, 57, 252]
[32, 15, 230]
[237, 57, 276]
[237, 60, 61, 118, 62, 63]
[244, 45]
[61, 118, 62, 251]
[160, 31]
[154, 86, 127, 135, 95, 118, 176]
[229, 60, 61, 176]
[19, 177]
[237, 60, 61, 118, 176, 96]
[95, 118]
[229, 60, 61, 118, 176]
[95, 118, 63]
[207, 208]
[90, 157, 4, 150]
[120, 79, 80]
[117, 72]
[167, 15, 199]
[176, 118, 63]
[229, 60, 61, 118, 63]
[33, 207, 208]
[127, 135, 95, 118, 63]
[127, 17]
[79, 80]
[72, 71]
[264, 265, 99, 146]
[15, 313]
[61, 118]
[291, 72, 71]
[95, 118, 62]
[283, 284]
[191, 167, 15, 258]
[288, 165]
[237, 60, 61, 62, 251]
[32, 15, 16]
[60, 61, 118, 119]
[60, 61, 118, 176, 96]
[61, 325]
[8, 4, 14]
[176, 118, 62]
[317, 318]
[277, 24]
[15, 39]
[118, 119]
[127, 135, 95, 118, 62]
[229, 60, 61, 176, 118, 63]
[167, 15, 150]
[77, 94, 7]
[155, 72, 71, 195]
[19, 25]
[77, 47]
[270, 4, 150]
[154, 86, 127, 135, 95, 118, 62]
[32, 15, 39]
[147, 248]
[131, 132]
[32, 15, 230, 231]
[159, 76]
[245, 5]
[296, 297]
[15, 16]
[61, 118, 119]
[278, 212]
[117, 71, 195]
[8, 4, 14, 150]
[118, 62, 251]
[167, 15, 230]
[233, 234]
[77, 4, 14]
[25, 177]
[85, 48]
[154, 86, 97]
[4, 50]
[15, 230, 240]
[191, 167, 15, 230, 240]
[209, 112]
[32, 4, 14]
[229, 60, 61, 145, 146]
[210, 137]
[86, 127, 135, 95, 118, 176, 96]
[229, 60, 61, 176, 118, 62, 251]
[167, 15, 73]
[12, 13]
[77, 196]
[127, 135, 95, 118]
[117, 71]
[151, 54]
[32, 4, 14, 150]
[60, 61, 176, 118, 62, 63]
[191, 167, 4, 150]
[135, 95, 118, 119]
[154, 86]
[229, 60, 61, 118, 62, 63]
[86, 127, 135, 95, 118, 119]
[237, 60, 61, 176, 118, 62, 63]
[157, 4, 50]
[193, 39]
[237, 60, 61, 176, 118, 119]
[88, 5]
[113, 4, 5]
[154, 86, 127, 135, 95]
[117, 72, 71]
[326, 132]
[36, 37]
[314, 72, 71, 195]
[127, 135, 95, 118, 119]
[100, 101]
[154, 86, 127, 135, 95, 118, 62, 251]
[19, 20]
[95, 118, 176, 96]
[306, 189, 303]
[77, 172]
[75, 93]
[87, 1]
[210, 139]
[123, 292]
[32, 4, 150]
[86, 127, 200, 201]
[167, 150]
[265, 99, 216]
[60, 61, 62, 251]
[327, 328]
[108, 109]
[21, 93]
[39, 7]
[57, 2, 216]
[204, 57, 2]
[102, 11]
[229, 60]
[90, 157, 4, 14]
[268, 304]
[191, 167, 15, 249]
[139, 311]
[237, 60, 61, 176]
[157, 4, 150]
[15, 230, 231]
[8, 9, 4]
[71, 72]
[204, 57, 2, 3]
[253, 52]
[8, 9, 4, 50]
[8, 9, 4, 5]
[191, 167, 15, 199]
[204, 57, 262]
[86, 127, 200]
[265, 99]
[127, 135, 95, 118, 62, 251]
[170, 171]
[81, 82]
[86, 127, 17]
[90, 4]
[204, 57, 2, 216]
[61, 62]
[95, 118, 119]
[90, 4, 5]
[9, 4, 50]
[98, 99, 146]
[241, 137]
[15, 230]
[60, 61, 176, 118, 62, 251]
[32, 150]
[237, 60, 61, 118, 176]
[61, 62, 251]
[314, 72, 71]
[60, 61, 145, 146]
[110, 37]
[210, 139, 311]
[90, 4, 14]
[154, 86, 127, 190]
[254, 5]
[191, 167, 15, 150]
[229, 60, 61, 62, 63]
[60, 61, 145]
[86, 127, 18]
[157, 4, 14]
[191, 167, 15, 39]
[60, 61, 169]
[94, 7]
[145, 146]
[191, 167, 15, 230, 231]
[254, 321]
[90, 157]
[127, 135, 279]
[127, 135, 95, 118, 176, 96]
[58, 312]
[58, 227]
[168, 79]
[330, 189]
[247, 248]
[176, 118, 119]
[61, 118, 63]
[32, 199]
[86, 127, 135, 95, 96]
[162, 163]
[50, 4]
[32, 15, 150]
[229, 204, 57]
[9, 4, 14, 150]
[61, 176, 96]
[264, 265]
[27, 28]
[51, 52]
[155, 72]
[194, 130]
[77, 287]
[6, 7]
[74, 11]
[61, 118, 62]
[168, 51, 52]
[118, 62, 63]
[161, 11]
[154, 86, 127, 135, 95, 96]
[32, 15, 199]
[192, 122]
[17, 18]
[237, 60]
[154, 86, 127]
[8, 9, 4, 14, 150]
[61, 118, 176]
[109, 280]
[200, 201]
[127, 17, 18]
[225, 76, 47]
[229, 60, 61, 176, 118]
[90, 157, 4, 50]
[154, 86, 127, 135, 95, 118]
[4, 150]
[127, 200, 201]
[90, 199]
[143, 47]
[270, 4, 5]
[229, 204, 57, 2, 3]
[33, 146]
[86, 127, 135]
[113, 4, 50]
[61, 118, 62, 63]
[259, 260]
[237, 60, 61, 176, 118, 62]
[152, 153]
[91, 5]
[127, 200]
[173, 11]
[229, 60, 61, 176, 118, 62]
[135, 95, 118, 62]
[38, 76]
[176, 118]
[186, 21, 93]
[120, 79]
[15, 258]
[60, 61, 176]
[86, 127, 135, 95, 118]
[229, 60, 61, 176, 96]
[135, 95, 118, 176, 96]
[193, 76]
[229, 60, 61, 118, 62]
[270, 4, 14]
[100, 47]
[128, 107]
[144, 76, 47]
[229, 60, 61, 62, 251]
[44, 45, 66, 37]
[167, 4, 50]
[60, 61, 176, 118, 63]
[159, 39, 7]
[298, 126]
[32, 15]
[229, 204]
[225, 76]
[9, 4, 150]
[81, 82, 122]
[105, 22]
[44, 45]
[117, 72, 71, 195]
[270, 4, 14, 150]
[158, 26]
[4, 5]
[191, 167, 15, 230]
[204, 57, 252]
[204, 57, 276]
[19, 20, 175]
[238, 202]
[19, 158]
[72, 71, 195]
[191, 167, 15, 16]
[90, 4, 150]
[61, 96]
[149, 150]
[86, 127, 135, 95]
[136, 137]
[33, 250, 251]
[82, 122]
[191, 167, 4, 14]
[237, 60, 61, 176, 118, 63]
[205, 65]
[271, 68]
[8, 4, 50]
[247, 148]
[81, 238, 202]
[237, 60, 61, 176, 118, 62, 251]
[100, 287]
[135, 95, 118, 63]
[181, 6]
[91, 92]
[15, 249]
[57, 2]
