7,8
7,8,24
7,8,26,24
7,8,25
7,8,26
8,24
8,26,24
8,25
8,26
17,18
17,217,205,204,69,18
17,217,69,18
17,18,69,204,22,21
17,18,69,217,205,204,22,21
17,217,205,204,22,21
17,217,69,204,22,21
17,18,69,204,22
17,18,69,217,205,204,22
17,217,205,204,22
17,217,69,204,22
17,18,69
17,217,205,204,69
17,217,69
17,18,69,70
17,217,205,204,69,70
17,217,69,70
17,110
17,160
17,18,69,204,22,171
17,18,69,217,205,204,22,171
17,217,205,204,22,171
17,217,69,204,22,171
17,18,69,204,22,176
17,18,69,217,205,204,22,176
17,217,205,204,22,176
17,217,69,204,22,176
17,18,69,204
17,217,205,204
17,217,69,204
17,18,69,204,205
17,18,69,217,205
17,217,205
17,217
17,18,69,204,205,218
17,18,69,217,205,218
17,217,205,218
17,217,69,204,205,218
17,18,69,204,263
17,18,69,217,205,204,263
17,217,205,204,263
17,217,69,204,263
17,18,69,204,263,264
17,18,69,217,205,204,263,264
17,217,205,204,263,264
17,217,69,204,263,264
17,18,69,204,263,231
17,18,69,217,205,204,263,231
17,217,205,204,263,231
17,217,69,204,263,231
17,18,69,204,263,264,253
17,18,69,217,205,204,263,264,253
17,217,205,204,263,264,253
17,217,69,204,263,264,253
17,18,69,204,205,217,287
17,18,69,217,287
17,217,287
17,18,69,291,290
17,217,205,204,69,291,290
17,217,69,291,290
17,18,69,291,290,161
17,217,205,204,69,291,290,161
17,217,69,291,290,161
17,18,69,291
17,217,205,204,69,291
17,217,69,291
18,17,217,205,204,22,21
18,17,217,69,204,22,21
18,69,204,22,21
18,69,217,205,204,22,21
18,17,217,205,204,22
18,17,217,69,204,22
18,69,204,22
18,69,217,205,204,22
18,69
18,17,217,205,204,69,70
18,17,217,69,70
18,69,70
18,17,110
18,69,204,205,217,17,110
18,69,217,17,110
18,17,160
18,69,204,205,217,17,160
18,69,217,17,160
18,17,217,205,204,22,171
18,17,217,69,204,22,171
18,69,204,22,171
18,69,217,205,204,22,171
18,17,217,205,204,22,176
18,17,217,69,204,22,176
18,69,204,22,176
18,69,217,205,204,22,176
18,17,217,205,204
18,17,217,69,204
18,69,204
18,69,217,205,204
18,17,217,205
18,69,204,205
18,69,217,205
18,17,217
18,69,217
18,17,217,205,218
18,17,217,69,204,205,218
18,69,204,205,218
18,69,217,205,218
18,17,217,205,204,263
18,17,217,69,204,263
18,69,204,263
18,69,217,205,204,263
18,17,217,205,204,263,264
18,17,217,69,204,263,264
18,69,204,263,264
18,69,217,205,204,263,264
18,17,217,205,204,263,231
18,17,217,69,204,263,231
18,69,204,263,231
18,69,217,205,204,263,231
18,17,217,205,204,263,264,253
18,17,217,69,204,263,264,253
18,69,204,263,264,253
18,69,217,205,204,263,264,253
18,17,217,287
18,69,204,205,217,287
18,69,217,287
18,17,217,205,204,69,291,290
18,17,217,69,291,290
18,69,291,290
18,17,217,205,204,69,291,290,161
18,17,217,69,291,290,161
18,69,291,290,161
18,17,217,205,204,69,291
18,17,217,69,291
18,69,291
21,22
21,22,204,69
21,22,204,205,217,69
21,22,204,69,70
21,22,204,205,217,69,70
21,22,204,205,217,17,18,69,70
21,22,204,69,217,17,110
21,22,204,69,18,17,110
21,22,204,205,217,69,18,17,110
21,22,204,205,217,17,110
21,22,204,69,217,17,160
21,22,204,69,18,17,160
21,22,204,205,217,69,18,17,160
21,22,204,205,217,17,160
21,22,171
21,22,176
21,22,204
21,22,204,205
21,22,204,69,217
21,22,204,205,217
21,22,204,69,217,205,218
21,22,204,69,18,17,217,205,218
21,22,204,205,218
21,22,204,263
21,22,204,263,264
21,22,204,263,231
21,22,204,263,264,253
21,22,204,69,217,287
21,22,204,69,18,17,217,287
21,22,204,205,217,287
21,22,204,69,291,290
21,22,204,205,217,69,291,290
21,22,204,205,217,17,18,69,291,290
21,22,204,69,291,290,161
21,22,204,205,217,69,291,290,161
21,22,204,205,217,17,18,69,291,290,161
21,22,204,69,291
21,22,204,205,217,69,291
21,22,204,205,217,17,18,69,291
22,204,69
22,204,205,217,69
22,204,69,70
22,204,205,217,69,70
22,204,205,217,17,18,69,70
22,204,69,217,17,110
22,204,69,18,17,110
22,204,205,217,69,18,17,110
22,204,205,217,17,110
22,204,69,217,17,160
22,204,69,18,17,160
22,204,205,217,69,18,17,160
22,204,205,217,17,160
22,171
22,176
22,204
22,204,205
22,204,69,217
22,204,205,217
22,204,69,217,205,218
22,204,69,18,17,217,205,218
22,204,205,218
22,204,263
22,204,263,264
22,204,263,231
22,204,263,264,253
22,204,69,217,287
22,204,69,18,17,217,287
22,204,205,217,287
22,204,69,291,290
22,204,205,217,69,291,290
22,204,205,217,17,18,69,291,290
22,204,69,291,290,161
22,204,205,217,69,291,290,161
22,204,205,217,17,18,69,291,290,161
22,204,69,291
22,204,205,217,69,291
22,204,205,217,17,18,69,291
24,8,25
24,26,8,25
24,26
25,8,26
28,29
28,29,184,183
28,29,184
29,184,183
29,184
31,32
31,32,2
31,242
32,2
32,31,242
33,34
33,34,113
33,34,60
33,34,268
34,113
34,60
34,268
40,41
40,41,45
40,41,305,47,45
40,41,45,46
40,41,305,47,45,46
40,41,45,47
40,41,305,47
40,41,305
40,41,45,47,305,277
40,41,305,277
40,41,45,47,305,235
40,41,305,235
41,45
41,305,47,45
41,45,46
41,305,47,45,46
41,45,47
41,305,47
41,305
41,45,47,305,277
41,305,277
41,45,47,305,235
41,305,235
45,46
45,47
45,41,305
45,47,305
45,41,305,277
45,47,305,277
45,41,305,235
45,47,305,235
46,45,47
46,45,41,305
46,45,47,305
46,45,41,305,277
46,45,47,305,277
46,45,41,305,235
46,45,47,305,235
47,305
47,305,277
47,305,235
48,49
48,114,71
48,114,71,72
48,114,116,269,102,101
48,114,116,269,102
48,114,116,269,102,101,103
48,114
48,114,115
48,114,117,115
48,114,116
48,114,117
48,114,118
48,114,119
48,114,43
48,114,16
48,114,120
48,114,84
48,114,121
48,114,119,167
48,114,115,228
48,114,117,115,228
48,114,16,259
48,114,116,269
48,114,116,269,186
48,114,119,167,226
48,114,116,269,102,302
49,48,114,71
49,48,114,71,72
49,48,114,116,269,102,101
49,48,114,116,269,102
49,48,114,116,269,102,101,103
49,48,114
49,48,114,115
49,48,114,117,115
49,48,114,116
49,48,114,117
49,48,114,118
49,48,114,119
49,48,114,43
49,48,114,16
49,48,114,120
49,48,114,84
49,48,114,121
49,48,114,119,167
49,48,114,115,228
49,48,114,117,115,228
49,48,114,16,259
49,48,114,116,269
49,48,114,116,269,186
49,48,114,119,167,226
49,48,114,116,269,102,302
50,51
50,51,182,82,81
50,51,215,81
50,51,182,82
50,51,215,81,82
50,51,182
50,51,215,81,82,182
50,51,215
51,182,82,81
51,215,81
51,182,82
51,215,81,82
51,182
51,215,81,82,182
51,215
55,56
55,57,150,56
55,57,222,56
55,57
55,104
55,56,150
55,56,222,57,150
55,57,150
55,56,150,151
55,56,222,57,150,151
55,57,150,151
55,56,150,151,152
55,56,222,57,150,151,152
55,57,150,151,152
55,56,150,57,222,221
55,56,222,221
55,57,222,221
55,56,222
55,57,222
56,55,57
56,150,57
56,222,57
56,55,104
56,150,57,55,104
56,222,57,55,104
56,150
56,222,57,150
56,55,57,150,151
56,150,151
56,222,57,150,151
56,55,57,150,151,152
56,150,151,152
56,222,57,150,151,152
56,55,57,222,221
56,150,57,222,221
56,222,221
56,222
57,55,104
57,150
57,150,151
57,150,151,152
57,222,221
57,222
62,63
62,63,224
63,224
69,70
69,204,205,217,17,110
69,217,17,110
69,18,17,110
69,204,205,217,17,160
69,217,17,160
69,18,17,160
69,204,22,171
69,217,205,204,22,171
69,204,22,176
69,217,205,204,22,176
69,204
69,217,205,204
69,204,205
69,217,205
69,217
69,204,205,218
69,217,205,218
69,204,263
69,217,205,204,263
69,204,263,264
69,217,205,204,263,264
69,204,263,231
69,217,205,204,263,231
69,204,263,264,253
69,217,205,204,263,264,253
69,204,205,217,287
69,217,287
69,291,290
69,291,290,161
69,291
70,69,204,205,217,17,110
70,69,217,17,110
70,69,18,17,110
70,69,204,205,217,17,160
70,69,217,17,160
70,69,18,17,160
70,69,204,22,171
70,69,217,205,204,22,171
70,69,18,17,217,205,204,22,171
70,69,204,22,176
70,69,217,205,204,22,176
70,69,18,17,217,205,204,22,176
70,69,204
70,69,217,205,204
70,69,204,205
70,69,217,205
70,69,18,17,217,205
70,69,217
70,69,204,205,218
70,69,217,205,218
70,69,18,17,217,205,218
70,69,204,263
70,69,217,205,204,263
70,69,18,17,217,205,204,263
70,69,204,263,264
70,69,217,205,204,263,264
70,69,18,17,217,205,204,263,264
70,69,204,263,231
70,69,217,205,204,263,231
70,69,18,17,217,205,204,263,231
70,69,204,263,264,253
70,69,217,205,204,263,264,253
70,69,18,17,217,205,204,263,264,253
70,69,204,205,217,287
70,69,217,287
70,69,18,17,217,287
70,69,291,290
70,69,291,290,161
70,69,291
71,72
71,114,116,269,102,101
71,114,116,269,102
71,114,116,269,102,101,103
71,114
71,114,115
71,114,117,115
71,114,116
71,114,117
71,114,118
71,114,119
71,114,43
71,114,16
71,114,120
71,114,84
71,114,121
71,114,119,167
71,114,115,228
71,114,117,115,228
71,114,16,259
71,114,116,269
71,114,116,269,186
71,114,119,167,226
71,114,116,269,102,302
72,71,114,116,269,102,101
72,71,114,116,269,102
72,71,114,116,269,102,101,103
72,71,114
72,71,114,115
72,71,114,117,115
72,71,114,116
72,71,114,117
72,71,114,118
72,71,114,119
72,71,114,43
72,71,114,16
72,71,114,120
72,71,114,84
72,71,114,121
72,71,114,119,167
72,71,114,115,228
72,71,114,117,115,228
72,71,114,16,259
72,71,114,116,269
72,71,114,116,269,186
72,71,114,119,167,226
72,71,114,116,269,102,302
81,82
81,82,182
81,215,51,182
81,215
82,182
82,81,215
82,182,51,215
87,88
87,89
87,89,39
87,88,209
87,88,131
87,88,281
88,87,89
88,87,89,39
88,209
88,131
88,281
89,39
89,87,88,209
89,87,88,131
89,87,88,281
39,89,87,88,209
39,89,87,88,131
39,89,87,88,281
95,96
99,100
99,100,249
99,100,168
99,100,243
100,249
100,168
100,243
101,102
101,103
101,102,269,116,114
101,102,269,116,114,115
101,102,269,116,114,117,115
101,102,269,116
101,102,269,116,114,117
101,102,269,116,114,118
101,102,269,116,114,119
101,102,269,116,114,43
101,102,269,116,114,16
101,102,269,116,114,120
101,102,269,116,114,84
101,102,269,116,114,121
101,102,269,116,114,119,167
101,102,269,116,114,115,228
101,102,269,116,114,117,115,228
101,102,269,116,114,16,259
101,102,269
101,102,269,186
101,102,269,116,114,119,167,226
101,102,302
102,101,103
102,269,116,114
102,269,116,114,115
102,269,116,114,117,115
102,269,116
102,269,116,114,117
102,269,116,114,118
102,269,116,114,119
102,269,116,114,43
102,269,116,114,16
102,269,116,114,120
102,269,116,114,84
102,269,116,114,121
102,269,116,114,119,167
102,269,116,114,115,228
102,269,116,114,117,115,228
102,269,116,114,16,259
102,269
102,269,186
102,269,116,114,119,167,226
102,302
103,101,102,269,116,114
103,101,102,269,116,114,115
103,101,102,269,116,114,117,115
103,101,102,269,116
103,101,102,269,116,114,117
103,101,102,269,116,114,118
103,101,102,269,116,114,119
103,101,102,269,116,114,43
103,101,102,269,116,114,16
103,101,102,269,116,114,120
103,101,102,269,116,114,84
103,101,102,269,116,114,121
103,101,102,269,116,114,119,167
103,101,102,269,116,114,115,228
103,101,102,269,116,114,117,115,228
103,101,102,269,116,114,16,259
103,101,102,269
103,101,102,269,186
103,101,102,269,116,114,119,167,226
103,101,102,302
104,55,56,150
104,55,56,222,57,150
104,55,57,150
104,55,56,150,151
104,55,56,222,57,150,151
104,55,57,150,151
104,55,56,150,151,152
104,55,56,222,57,150,151,152
104,55,57,150,151,152
104,55,56,150,57,222,221
104,55,56,222,221
104,55,57,222,221
104,55,56,222
104,55,57,222
106,80
106,80,192
106,80,239
80,192
80,239
107,108
107,261
107,261,15
108,107,261
108,107,261,15
110,17,160
110,17,18,69,204,22,171
110,17,18,69,217,205,204,22,171
110,17,217,205,204,22,171
110,17,217,69,204,22,171
110,17,18,69,204,22,176
110,17,18,69,217,205,204,22,176
110,17,217,205,204,22,176
110,17,217,69,204,22,176
110,17,18,69,204
110,17,217,205,204
110,17,217,69,204
110,17,18,69,204,205
110,17,18,69,217,205
110,17,217,205
110,17,217
110,17,18,69,204,205,218
110,17,18,69,217,205,218
110,17,217,205,218
110,17,217,69,204,205,218
110,17,18,69,204,263
110,17,18,69,217,205,204,263
110,17,217,205,204,263
110,17,217,69,204,263
110,17,18,69,204,263,264
110,17,18,69,217,205,204,263,264
110,17,217,205,204,263,264
110,17,217,69,204,263,264
110,17,18,69,204,263,231
110,17,18,69,217,205,204,263,231
110,17,217,205,204,263,231
110,17,217,69,204,263,231
110,17,18,69,204,263,264,253
110,17,18,69,217,205,204,263,264,253
110,17,217,205,204,263,264,253
110,17,217,69,204,263,264,253
110,17,18,69,204,205,217,287
110,17,18,69,217,287
110,17,217,287
110,17,18,69,291,290
110,17,217,205,204,69,291,290
110,17,217,69,291,290
110,17,18,69,291,290,161
110,17,217,205,204,69,291,290,161
110,17,217,69,291,290,161
110,17,18,69,291
110,17,217,205,204,69,291
110,17,217,69,291
113,34,60
113,34,268
114,115
114,117,115
114,116
114,117
114,118
114,119
114,43
114,16
114,120
114,84
114,121
114,119,167
114,115,228
114,117,115,228
114,16,259
114,116,269
114,116,269,186
114,119,167,226
114,116,269,102,302
115,114,116
115,117,114,116
115,117
115,114,118
115,117,114,118
115,114,119
115,117,114,119
115,114,43
115,117,114,43
115,114,16
115,117,114,16
115,114,120
115,117,114,120
115,114,84
115,117,114,84
115,114,121
115,117,114,121
115,114,119,167
115,117,114,119,167
115,228
115,114,16,259
115,117,114,16,259
115,114,116,269
115,117,114,116,269
115,114,116,269,186
115,117,114,116,269,186
115,114,119,167,226
115,117,114,119,167,226
115,114,116,269,102,302
115,117,114,116,269,102,302
116,114,117
116,114,118
116,114,119
116,114,43
116,114,16
116,114,120
116,114,84
116,114,121
116,114,119,167
116,114,115,228
116,114,117,115,228
116,114,16,259
116,269
116,269,186
116,114,119,167,226
116,269,102,302
117,114,118
117,114,119
117,114,43
117,114,16
117,114,120
117,114,84
117,114,121
117,114,119,167
117,115,228
117,114,16,259
117,114,116,269
117,114,116,269,186
117,114,119,167,226
117,114,116,269,102,302
118,114,119
118,114,43
118,114,16
118,114,120
118,114,84
118,114,121
118,114,119,167
118,114,115,228
118,114,117,115,228
118,114,16,259
118,114,116,269
118,114,116,269,186
118,114,119,167,226
118,114,116,269,102,302
119,114,43
119,114,16
119,114,120
119,114,84
119,114,121
119,167
119,114,115,228
119,114,117,115,228
119,114,16,259
119,114,116,269
119,114,116,269,186
119,167,226
119,114,116,269,102,302
43,114,16
43,114,120
43,114,84
43,114,121
43,114,119,167
43,114,115,228
43,114,117,115,228
43,114,16,259
43,114,116,269
43,114,116,269,186
43,114,119,167,226
43,114,116,269,102,302
16,114,120
16,114,84
16,114,121
16,114,119,167
16,114,115,228
16,114,117,115,228
16,259
16,114,116,269
16,114,116,269,186
16,114,119,167,226
16,114,116,269,102,302
120,114,84
120,114,121
120,114,119,167
120,114,115,228
120,114,117,115,228
120,114,16,259
120,114,116,269
120,114,116,269,186
120,114,119,167,226
120,114,116,269,102,302
84,114,121
84,114,119,167
84,114,115,228
84,114,117,115,228
84,114,16,259
84,114,116,269
84,114,116,269,186
84,114,119,167,226
84,114,116,269,102,302
121,114,119,167
121,114,115,228
121,114,117,115,228
121,114,16,259
121,114,116,269
121,114,116,269,186
121,114,119,167,226
121,114,116,269,102,302
127,128
127,128,304
128,304
130,75
130,75,179
75,179
135,136
2,32,31,242
144,145
144,146
144,146,169
144,146,169,163
144,146,169,30
144,146,169,54
144,146,272
144,146,273
145,144,146
145,144,146,169
145,144,146,169,163
145,144,146,169,30
145,144,146,169,54
145,144,146,272
145,144,146,273
146,169
146,169,163
146,169,30
146,169,54
146,272
146,273
150,151
150,151,152
150,56,222,221
150,57,222,221
150,56,222
150,57,222
151,152
151,150,56,55,57,222,221
151,150,56,222,221
151,150,57,222,221
151,150,56,222
151,150,57,222
152,151,150,56,55,57,222,221
152,151,150,56,222,221
152,151,150,57,222,221
152,151,150,56,222
152,151,150,57,222
160,17,18,69,204,22,171
160,17,18,69,217,205,204,22,171
160,17,217,205,204,22,171
160,17,217,69,204,22,171
160,17,18,69,204,22,176
160,17,18,69,217,205,204,22,176
160,17,217,205,204,22,176
160,17,217,69,204,22,176
160,17,18,69,204
160,17,217,205,204
160,17,217,69,204
160,17,18,69,204,205
160,17,18,69,217,205
160,17,217,205
160,17,217
160,17,18,69,204,205,218
160,17,18,69,217,205,218
160,17,217,205,218
160,17,217,69,204,205,218
160,17,18,69,204,263
160,17,18,69,217,205,204,263
160,17,217,205,204,263
160,17,217,69,204,263
160,17,18,69,204,263,264
160,17,18,69,217,205,204,263,264
160,17,217,205,204,263,264
160,17,217,69,204,263,264
160,17,18,69,204,263,231
160,17,18,69,217,205,204,263,231
160,17,217,205,204,263,231
160,17,217,69,204,263,231
160,17,18,69,204,263,264,253
160,17,18,69,217,205,204,263,264,253
160,17,217,205,204,263,264,253
160,17,217,69,204,263,264,253
160,17,18,69,204,205,217,287
160,17,18,69,217,287
160,17,217,287
160,17,18,69,291,290
160,17,217,205,204,69,291,290
160,17,217,69,291,290
160,17,18,69,291,290,161
160,17,217,205,204,69,291,290,161
160,17,217,69,291,290,161
160,17,18,69,291
160,17,217,205,204,69,291
160,17,217,69,291
167,119,114,115,228
167,119,114,117,115,228
167,119,114,16,259
167,119,114,116,269
167,119,114,116,269,186
167,226
167,119,114,116,269,102,302
169,163
169,30
169,54
169,146,272
169,146,273
163,169,30
163,169,54
163,169,146,272
163,169,146,273
30,169,54
30,169,146,272
30,169,146,273
54,169,146,272
54,169,146,273
171,22,176
171,22,204
171,22,204,205
171,22,204,69,217
171,22,204,205,217
171,22,204,69,217,205,218
171,22,204,69,18,17,217,205,218
171,22,204,205,218
171,22,204,263
171,22,204,263,264
171,22,204,263,231
171,22,204,263,264,253
171,22,204,69,217,287
171,22,204,69,18,17,217,287
171,22,204,205,217,287
171,22,204,69,291,290
171,22,204,205,217,69,291,290
171,22,204,205,217,17,18,69,291,290
171,22,204,69,291,290,161
171,22,204,205,217,69,291,290,161
171,22,204,205,217,17,18,69,291,290,161
171,22,204,69,291
171,22,204,205,217,69,291
171,22,204,205,217,17,18,69,291
176,22,204
176,22,204,205
176,22,204,69,217
176,22,204,205,217
176,22,204,69,217,205,218
176,22,204,69,18,17,217,205,218
176,22,204,205,218
176,22,204,263
176,22,204,263,264
176,22,204,263,231
176,22,204,263,264,253
176,22,204,69,217,287
176,22,204,69,18,17,217,287
176,22,204,205,217,287
176,22,204,69,291,290
176,22,204,205,217,69,291,290
176,22,204,205,217,17,18,69,291,290
176,22,204,69,291,290,161
176,22,204,205,217,69,291,290,161
176,22,204,205,217,17,18,69,291,290,161
176,22,204,69,291
176,22,204,205,217,69,291
176,22,204,205,217,17,18,69,291
182,82,81,215
182,51,215
183,184
190,61
192,80,239
204,205
204,69,217
204,205,217
204,69,217,205,218
204,205,218
204,263
204,263,264
204,263,231
204,263,264,253
204,69,217,287
204,69,18,17,217,287
204,205,217,287
204,69,291,290
204,205,217,69,291,290
204,69,291,290,161
204,205,217,69,291,290,161
204,69,291
204,205,217,69,291
205,217
205,218
205,204,263
205,204,263,264
205,204,263,231
205,204,263,264,253
205,217,287
205,204,69,291,290
205,217,69,291,290
205,217,17,18,69,291,290
205,204,69,291,290,161
205,217,69,291,290,161
205,217,17,18,69,291,290,161
205,204,69,291
205,217,69,291
205,217,17,18,69,291
209,88,131
209,88,281
131,88,281
217,205,218
217,205,204,263
217,69,204,263
217,205,204,263,264
217,69,204,263,264
217,205,204,263,231
217,69,204,263,231
217,205,204,263,264,253
217,69,204,263,264,253
217,287
217,69,291,290
217,69,291,290,161
217,69,291
218,205,204,263
218,205,217,69,204,263
218,205,217,17,18,69,204,263
218,205,204,263,264
218,205,217,69,204,263,264
218,205,217,17,18,69,204,263,264
218,205,204,263,231
218,205,217,69,204,263,231
218,205,217,17,18,69,204,263,231
218,205,204,263,264,253
218,205,217,69,204,263,264,253
218,205,217,17,18,69,204,263,264,253
218,205,204,69,217,287
218,205,204,69,18,17,217,287
218,205,217,287
218,205,204,69,291,290
218,205,217,69,291,290
218,205,217,17,18,69,291,290
218,205,204,69,291,290,161
218,205,217,69,291,290,161
218,205,217,17,18,69,291,290,161
218,205,204,69,291
218,205,217,69,291
218,205,217,17,18,69,291
221,222
227,155
228,115,114,16,259
228,115,117,114,16,259
228,115,114,116,269
228,115,117,114,116,269
228,115,114,116,269,186
228,115,117,114,116,269,186
228,115,114,119,167,226
228,115,117,114,119,167,226
228,115,114,116,269,102,302
228,115,117,114,116,269,102,302
229,19
244,225
249,100,168
249,100,243
168,100,243
259,16,114,116,269
259,16,114,116,269,186
259,16,114,119,167,226
259,16,114,116,269,102,302
261,15
263,264
263,231
263,264,253
263,204,69,217,287
263,204,69,18,17,217,287
263,204,205,217,287
263,204,69,291,290
263,204,205,217,69,291,290
263,204,205,217,17,18,69,291,290
263,204,69,291,290,161
263,204,205,217,69,291,290,161
263,204,205,217,17,18,69,291,290,161
263,204,69,291
263,204,205,217,69,291
263,204,205,217,17,18,69,291
264,263,231
264,253
264,263,204,69,217,287
264,263,204,69,18,17,217,287
264,263,204,205,217,287
264,263,204,69,291,290
264,263,204,205,217,69,291,290
264,263,204,205,217,17,18,69,291,290
264,263,204,69,291,290,161
264,263,204,205,217,69,291,290,161
264,263,204,205,217,17,18,69,291,290,161
264,263,204,69,291
264,263,204,205,217,69,291
264,263,204,205,217,17,18,69,291
231,263,264,253
231,263,204,69,217,287
231,263,204,69,18,17,217,287
231,263,204,205,217,287
231,263,204,69,291,290
231,263,204,205,217,69,291,290
231,263,204,205,217,17,18,69,291,290
231,263,204,69,291,290,161
231,263,204,205,217,69,291,290,161
231,263,204,205,217,17,18,69,291,290,161
231,263,204,69,291
231,263,204,205,217,69,291
231,263,204,205,217,17,18,69,291
269,186
269,116,114,119,167,226
269,102,302
186,269,116,114,119,167,226
186,269,102,302
272,146,273
253,264,263,204,69,217,287
253,264,263,204,69,18,17,217,287
253,264,263,204,205,217,287
253,264,263,204,69,291,290
253,264,263,204,205,217,69,291,290
253,264,263,204,205,217,17,18,69,291,290
253,264,263,204,69,291,290,161
253,264,263,204,205,217,69,291,290,161
253,264,263,204,205,217,17,18,69,291,290,161
253,264,263,204,69,291
253,264,263,204,205,217,69,291
253,264,263,204,205,217,17,18,69,291
60,34,268
283,73
287,217,205,204,69,291,290
287,217,69,291,290
287,217,17,18,69,291,290
287,217,205,204,69,291,290,161
287,217,69,291,290,161
287,217,17,18,69,291,290,161
287,217,205,204,69,291
287,217,69,291
287,217,17,18,69,291
290,161
290,291
161,290,291
226,167,119,114,116,269,102,302
305,277
305,235
277,305,235
309,279
312,147
312,154
312,177
147,312,154
147,312,177
154,312,177
