14,15
14,188,4,19,20,15
14,188,4,154,396,19,20,15
14,188,4,396,19,20,15
14,15,20,19
14,188,4,19
14,188,4,154,396,19
14,188,4,396,19
14,15,20,19,4
14,15,20,19,396,4
14,15,20,19,396,154,4
14,188,4
14,15,20
14,188,4,19,20
14,188,4,154,396,19,20
14,188,4,396,19,20
14,15,20,19,4,154
14,15,20,19,396,154
14,188,4,154
14,188,4,396,154
14,15,20,19,4,188,187
14,15,20,19,396,4,188,187
14,15,20,19,396,154,4,188,187
14,188,187
14,188
14,15,20,19,4,188,201,200
14,15,20,19,396,4,188,201,200
14,15,20,19,396,154,4,188,201,200
14,188,201,200
14,15,20,19,4,188,201
14,15,20,19,396,4,188,201
14,15,20,19,396,154,4,188,201
14,188,201
14,15,20,19,4,188,294
14,15,20,19,396,4,188,294
14,15,20,19,396,154,4,188,294
14,188,294
14,15,20,19,4,188,201,200,349
14,15,20,19,396,4,188,201,200,349
14,15,20,19,396,154,4,188,201,200,349
14,188,201,200,349
14,15,20,19,4,188,201,200,349,173
14,15,20,19,396,4,188,201,200,349,173
14,15,20,19,396,154,4,188,201,200,349,173
14,188,201,200,349,173
14,15,20,19,396
14,188,4,396
14,15,20,19,4,154,396,25
14,15,20,19,4,396,25
14,15,20,19,396,25
14,188,4,19,396,25
14,188,4,154,396,25
14,188,4,396,25
14,15,20,19,4,154,396,237
14,15,20,19,4,396,237
14,15,20,19,396,237
14,188,4,19,396,237
14,188,4,154,396,237
14,188,4,396,237
15,14,188,4,19
15,14,188,4,154,396,19
15,14,188,4,396,19
15,20,19
15,14,188,4
15,20,19,4
15,20,19,396,4
15,20,19,396,154,4
15,20
15,14,188,4,154
15,14,188,4,396,154
15,20,19,4,154
15,20,19,396,154
15,14,188,187
15,20,19,4,188,187
15,20,19,396,4,188,187
15,20,19,396,154,4,188,187
15,14,188
15,20,19,4,188
15,20,19,396,4,188
15,20,19,396,154,4,188
15,14,188,201,200
15,20,19,4,188,201,200
15,20,19,396,4,188,201,200
15,20,19,396,154,4,188,201,200
15,14,188,201
15,20,19,4,188,201
15,20,19,396,4,188,201
15,20,19,396,154,4,188,201
15,14,188,294
15,20,19,4,188,294
15,20,19,396,4,188,294
15,20,19,396,154,4,188,294
15,14,188,201,200,349
15,20,19,4,188,201,200,349
15,20,19,396,4,188,201,200,349
15,20,19,396,154,4,188,201,200,349
15,14,188,201,200,349,173
15,20,19,4,188,201,200,349,173
15,20,19,396,4,188,201,200,349,173
15,20,19,396,154,4,188,201,200,349,173
15,14,188,4,396
15,20,19,396
15,14,188,4,19,396,25
15,14,188,4,154,396,25
15,14,188,4,396,25
15,20,19,4,154,396,25
15,20,19,4,396,25
15,20,19,396,25
15,14,188,4,19,396,237
15,14,188,4,154,396,237
15,14,188,4,396,237
15,20,19,4,154,396,237
15,20,19,4,396,237
15,20,19,396,237
16,17
19,4
19,396,4
19,396,154,4
19,20
19,4,154
19,20,15,14,188,4,154
19,396,154
19,4,188,187
19,20,15,14,188,187
19,396,4,188,187
19,396,154,4,188,187
19,4,188
19,20,15,14,188
19,396,4,188
19,396,154,4,188
19,4,188,201,200
19,20,15,14,188,201,200
19,396,4,188,201,200
19,396,154,4,188,201,200
19,4,188,201
19,20,15,14,188,201
19,396,4,188,201
19,396,154,4,188,201
19,4,188,294
19,20,15,14,188,294
19,396,4,188,294
19,396,154,4,188,294
19,4,188,201,200,349
19,20,15,14,188,201,200,349
19,396,4,188,201,200,349
19,396,154,4,188,201,200,349
19,4,188,201,200,349,173
19,20,15,14,188,201,200,349,173
19,396,4,188,201,200,349,173
19,396,154,4,188,201,200,349,173
19,396
19,4,154,396,25
19,4,396,25
19,20,15,14,188,4,154,396,25
19,20,15,14,188,4,396,25
19,396,25
19,4,154,396,237
19,4,396,237
19,20,15,14,188,4,154,396,237
19,20,15,14,188,4,396,237
19,396,237
4,19,20
4,154,396,19,20
4,188,14,15,20
4,396,19,20
4,154
4,396,154
4,188,187
4,188
4,188,201,200
4,188,201
4,188,294
4,188,201,200,349
4,188,201,200,349,173
4,396
4,154,396,25
4,396,25
4,154,396,237
4,396,237
20,19,4,154
20,19,396,154
20,15,14,188,4,154
20,15,14,188,4,396,154
20,19,4,188,187
20,19,396,4,188,187
20,19,396,154,4,188,187
20,15,14,188,187
20,19,4,188
20,19,396,4,188
20,19,396,154,4,188
20,15,14,188
20,19,4,188,201,200
20,19,396,4,188,201,200
20,19,396,154,4,188,201,200
20,15,14,188,201,200
20,19,4,188,201
20,19,396,4,188,201
20,19,396,154,4,188,201
20,15,14,188,201
20,19,4,188,294
20,19,396,4,188,294
20,19,396,154,4,188,294
20,15,14,188,294
20,19,4,188,201,200,349
20,19,396,4,188,201,200,349
20,19,396,154,4,188,201,200,349
20,15,14,188,201,200,349
20,19,4,188,201,200,349,173
20,19,396,4,188,201,200,349,173
20,19,396,154,4,188,201,200,349,173
20,15,14,188,201,200,349,173
20,19,396
20,15,14,188,4,396
20,19,4,154,396,25
20,19,4,396,25
20,19,396,25
20,15,14,188,4,154,396,25
20,15,14,188,4,396,25
20,19,4,154,396,237
20,19,4,396,237
20,19,396,237
20,15,14,188,4,154,396,237
20,15,14,188,4,396,237
30,31
41,42
41,42,161,165
41,42,165
41,42,161
41,42,245
42,161,165
42,165
42,161
42,245
46,47
46,47,103
46,47,125
46,47,125,126
46,47,280
46,47,385
46,47,389
47,103
47,125
47,125,126
47,280
47,385
47,389
49,50
56,24
70,34
70,34,361,362,170,171,140,138
70,34,140,138
70,34,361,362,170,171,140,138,139
70,34,140,138,139
70,34,361,362,170,171,140
70,34,140
70,34,361,362,170
70,34,140,171,170
70,34,361,362,170,171
70,34,140,171
70,34,361,362,170,171,306
70,34,140,171,306
70,34,342
70,34,361
70,34,361,362
70,34,140,171,170,362
70,34,361,362,170,171,140,384
70,34,140,384
70,34,361,362,170,171,140,384,392
70,34,140,384,392
70,34,361,362,170,171,415
70,34,140,171,415
34,361,362,170,171,140,138
34,140,138
34,361,362,170,171,140,138,139
34,140,138,139
34,361,362,170,171,140
34,140
34,361,362,170
34,140,171,170
34,361,362,170,171
34,140,171
34,361,362,170,171,306
34,140,171,306
34,342
34,361
34,361,362
34,140,171,170,362
34,361,362,170,171,140,384
34,140,384
34,361,362,170,171,140,384,392
34,140,384,392
34,361,362,170,171,415
34,140,171,415
75,68
76,77
76,78,181,79,77
76,78,208,77
76,79,181,78,208,77
76,79,77
76,78
76,79,181,78
76,79,77,208,78
76,9
76,79
76,77,208,78,181
76,77,79,181
76,78,181
76,79,181
76,77,208
76,78,208
76,79,181,78,208
76,79,77,208
76,77,208,78,324,323
76,77,79,181,78,324,323
76,78,324,323
76,79,181,78,324,323
76,79,77,208,78,324,323
76,77,208,78,324
76,77,79,181,78,324
76,78,324
76,79,181,78,324
76,79,77,208,78,324
77,76,78
77,208,78
77,79,76,78
77,79,181,78
77,76,9
77,208,78,76,9
77,208,78,181,79,76,9
77,79,76,9
77,79,181,78,76,9
77,208,78,181,79
77,79
77,76,78,181
77,208,78,181
77,79,181
77,208
77,76,78,324,323
77,208,78,324,323
77,79,76,78,324,323
77,79,181,78,324,323
77,76,78,324
77,208,78,324
77,79,76,78,324
77,79,181,78,324
78,76,9
78,181,79,76,9
78,208,77,79,76,9
78,76,79
78,181,79
78,208,77,79
78,181
78,208
78,324,323
78,324
9,76,79
9,76,77,208,78,181
9,76,77,79,181
9,76,78,181
9,76,79,181
9,76,77,208
9,76,78,208
9,76,79,181,78,208
9,76,79,77,208
9,76,77,208,78,324,323
9,76,77,79,181,78,324,323
9,76,78,324,323
9,76,79,181,78,324,323
9,76,79,77,208,78,324,323
9,76,77,208,78,324
9,76,77,79,181,78,324
9,76,78,324
9,76,79,181,78,324
9,76,79,77,208,78,324
79,181
79,76,78,208
79,181,78,208
79,77,208
79,76,78,324,323
79,181,78,324,323
79,77,208,78,324,323
79,76,78,324
79,181,78,324
79,77,208,78,324
84,85
84,427,236,134,133
84,427,133
84,427,236,134
84,427,133,134
84,427,236
84,427
84,427,359
85,84,427,236,134,133
85,84,427,133
85,84,427,236,134
85,84,427,133,134
85,84,427,236
85,84,427
85,84,427,359
90,91
90,92
90,93
90,94
90,29
90,95
91,90,92
91,90,93
91,90,94
91,90,29
91,90,95
92,90,93
92,90,94
92,90,29
92,90,95
93,90,94
93,90,29
93,90,95
94,90,29
94,90,95
29,90,95
98,99
103,47,125
103,47,125,126
103,47,280
103,47,385
103,47,389
116,117
116,117,378
116,117,414
117,378
117,414
118,119
125,126
125,47,280
125,47,385
125,47,389
126,125,47,280
126,125,47,385
126,125,47,389
131,132
133,134
133,427,236,134
133,134,236
133,427,236
133,427
133,134,236,427,359
133,427,359
134,236
134,133,427
134,236,427
134,133,427,359
134,236,427,359
136,137
136,137,185
136,137,257
137,185
137,257
138,139
138,140
138,140,34,361,362,170
138,140,171,170
138,140,171
138,140,34,361,362,170,171,306
138,140,171,306
138,140,34,342
138,140,171,170,362,361,34,342
138,140,34,361
138,140,171,170,362,361
138,140,34,361,362
138,140,171,170,362
138,140,384
138,140,384,392
138,140,34,361,362,170,171,415
138,140,171,415
139,138,140
139,138,140,34,361,362,170
139,138,140,171,170
139,138,140,171
139,138,140,34,361,362,170,171,306
139,138,140,171,306
139,138,140,34,342
139,138,140,171,170,362,361,34,342
139,138,140,34,361
139,138,140,171,170,362,361
139,138,140,34,361,362
139,138,140,171,170,362
139,138,140,384
139,138,140,384,392
139,138,140,34,361,362,170,171,415
139,138,140,171,415
140,34,361,362,170
140,171,170
140,171
140,34,361,362,170,171,306
140,171,306
140,34,342
140,171,170,362,361,34,342
140,34,361
140,171,170,362,361
140,34,361,362
140,171,170,362
140,384
140,384,392
140,34,361,362,170,171,415
140,171,415
142,143
142,8
142,143,407
143,142,8
143,407
8,142,143,407
145,146
145,177
146,145,177
149,150
149,150,279,278
149,150,279
150,279,278
150,279
152,153
152,196
153,152,196
154,4,19,20,15,14,188,187
154,4,188,187
154,396,4,188,187
154,396,19,20,15,14,188,187
154,4,188
154,396,4,188
154,396,19,20,15,14,188
154,4,19,20,15,14,188,201,200
154,4,188,201,200
154,396,4,188,201,200
154,396,19,20,15,14,188,201,200
154,4,19,20,15,14,188,201
154,4,188,201
154,396,4,188,201
154,396,19,20,15,14,188,201
154,4,19,20,15,14,188,294
154,4,188,294
154,396,4,188,294
154,396,19,20,15,14,188,294
154,4,19,20,15,14,188,201,200,349
154,4,188,201,200,349
154,396,4,188,201,200,349
154,396,19,20,15,14,188,201,200,349
154,4,19,20,15,14,188,201,200,349,173
154,4,188,201,200,349,173
154,396,4,188,201,200,349,173
154,396,19,20,15,14,188,201,200,349,173
154,396
154,396,25
154,396,237
162,163
162,163,346
162,163,452
163,346
163,452
165,161
165,161,42,245
165,42,245
161,42,245
166,167
170,171
170,171,306
170,171,140,34,342
170,362,361,34,342
170,171,140,34,361
170,362,361
170,362
170,171,140,384
170,362,361,34,140,384
170,171,140,384,392
170,362,361,34,140,384,392
170,171,415
171,306
171,170,362,361,34,342
171,140,34,342
171,170,362,361
171,140,34,361
171,170,362
171,140,34,361,362
171,140,384
171,140,384,392
171,415
181,78,208
181,79,76,77,208
181,79,77,208
181,78,324,323
181,79,76,77,208,78,324,323
181,79,77,208,78,324,323
181,78,324
181,79,76,77,208,78,324
181,79,77,208,78,324
185,137,257
187,188
187,188,201,200
187,188,201
187,188,294
187,188,201,200,349
187,188,201,200,349,173
187,188,4,396
187,188,14,15,20,19,396
187,188,4,19,396,25
187,188,4,154,396,25
187,188,4,396,25
187,188,14,15,20,19,4,154,396,25
187,188,14,15,20,19,4,396,25
187,188,14,15,20,19,396,25
187,188,4,19,396,237
187,188,4,154,396,237
187,188,4,396,237
187,188,14,15,20,19,4,154,396,237
187,188,14,15,20,19,4,396,237
187,188,14,15,20,19,396,237
188,201,200
188,201
188,294
188,201,200,349
188,201,200,349,173
188,4,396
188,14,15,20,19,396
188,4,19,396,25
188,4,154,396,25
188,4,396,25
188,14,15,20,19,396,25
188,4,19,396,237
188,4,154,396,237
188,4,396,237
188,14,15,20,19,396,237
189,180
190,191
190,192
190,67
191,190,192
191,190,67
192,190,67
193,194
198,199
200,201
200,201,188,294
200,349
200,349,173
200,201,188,4,396
200,201,188,14,15,20,19,396
200,201,188,4,19,396,25
200,201,188,4,154,396,25
200,201,188,4,396,25
200,201,188,14,15,20,19,4,154,396,25
200,201,188,14,15,20,19,4,396,25
200,201,188,14,15,20,19,396,25
200,201,188,4,19,396,237
200,201,188,4,154,396,237
200,201,188,4,396,237
200,201,188,14,15,20,19,4,154,396,237
200,201,188,14,15,20,19,4,396,237
200,201,188,14,15,20,19,396,237
201,188,294
201,200,349
201,200,349,173
201,188,4,396
201,188,14,15,20,19,396
201,188,4,19,396,25
201,188,4,154,396,25
201,188,4,396,25
201,188,14,15,20,19,4,154,396,25
201,188,14,15,20,19,4,396,25
201,188,14,15,20,19,396,25
201,188,4,19,396,237
201,188,4,154,396,237
201,188,4,396,237
201,188,14,15,20,19,4,154,396,237
201,188,14,15,20,19,4,396,237
201,188,14,15,20,19,396,237
208,78,324,323
208,78,324
215,216
215,329,216
215,329
215,216,329,330
215,216,329,331,330
215,329,330
215,329,331,330
215,216,329,238
215,329,238
215,216,329,331
215,329,331
216,329
216,329,330
216,329,331,330
216,329,238
216,329,331
223,104
232,97
236,427
236,427,359
241,242
241,243
241,299
241,365
241,431
242,241,243
242,241,299
242,241,365
242,241,431
243,241,299
243,241,365
243,241,431
244,33
244,266
33,244,266
253,254
253,344
254,253,344
275,276
275,276,325
276,325
278,279
280,47,385
280,47,389
289,290
291,292
291,272
291,292,297
292,291,272
292,297
272,291,292,297
299,241,365
299,241,431
301,302
306,171,170,362,361,34,342
306,171,140,34,342
306,171,170,362,361
306,171,140,34,361
306,171,170,362
306,171,140,34,361,362
306,171,170,362,361,34,140,384
306,171,140,384
306,171,170,362,361,34,140,384,392
306,171,140,384,392
306,171,415
315,316
315,317
315,318
315,148
316,315,317
316,315,318
316,315,148
317,315,318
317,315,148
318,315,148
323,324
328,229
329,330
329,331,330
329,238
329,331
330,329,238
330,331,329,238
330,331
238,329,331
332,333
340,341
342,34,361
342,34,361,362
342,34,140,171,170,362
342,34,361,362,170,171,140,384
342,34,140,384
342,34,361,362,170,171,140,384,392
342,34,140,384,392
342,34,361,362,170,171,415
342,34,140,171,415
294,188,201,200,349
294,188,201,200,349,173
294,188,4,396
294,188,14,15,20,19,396
294,188,4,19,396,25
294,188,4,154,396,25
294,188,4,396,25
294,188,14,15,20,19,4,154,396,25
294,188,14,15,20,19,4,396,25
294,188,14,15,20,19,396,25
294,188,4,19,396,237
294,188,4,154,396,237
294,188,4,396,237
294,188,14,15,20,19,4,154,396,237
294,188,14,15,20,19,4,396,237
294,188,14,15,20,19,396,237
346,163,452
349,173
349,200,201,188,4,396
349,200,201,188,14,15,20,19,396
349,200,201,188,4,19,396,25
349,200,201,188,4,154,396,25
349,200,201,188,4,396,25
349,200,201,188,14,15,20,19,4,154,396,25
349,200,201,188,14,15,20,19,4,396,25
349,200,201,188,14,15,20,19,396,25
349,200,201,188,4,19,396,237
349,200,201,188,4,154,396,237
349,200,201,188,4,396,237
349,200,201,188,14,15,20,19,4,154,396,237
349,200,201,188,14,15,20,19,4,396,237
349,200,201,188,14,15,20,19,396,237
173,349,200,201,188,4,396
173,349,200,201,188,14,15,20,19,396
173,349,200,201,188,4,19,396,25
173,349,200,201,188,4,154,396,25
173,349,200,201,188,4,396,25
173,349,200,201,188,14,15,20,19,4,154,396,25
173,349,200,201,188,14,15,20,19,4,396,25
173,349,200,201,188,14,15,20,19,396,25
173,349,200,201,188,4,19,396,237
173,349,200,201,188,4,154,396,237
173,349,200,201,188,4,396,237
173,349,200,201,188,14,15,20,19,4,154,396,237
173,349,200,201,188,14,15,20,19,4,396,237
173,349,200,201,188,14,15,20,19,396,237
354,86
361,362
361,362,170,171,140,384
361,34,140,384
361,362,170,171,140,384,392
361,34,140,384,392
361,362,170,171,415
361,34,140,171,415
362,361,34,140,384
362,170,171,140,384
362,361,34,140,384,392
362,170,171,140,384,392
362,361,34,140,171,415
362,170,171,415
364,39
365,241,431
372,65
378,117,414
380,334
384,392
384,140,34,361,362,170,171,415
384,140,171,415
385,47,389
388,281
392,384,140,34,361,362,170,171,415
392,384,140,171,415
395,367
396,25
396,237
25,396,237
397,110
425,43
427,359
437,438
437,438,32
437,438,428
438,32
438,428
444,226
32,438,428
