7,8
31,32
41,42
41,43
41,44,71,43
41,270,578,70,71,43
41,44
41,270,578,70,71,44
41,43,71,70
41,44,71,70
41,270,578,70
41,43,71
41,44,71
41,270,578,70,71
41,43,71,70,72
41,44,71,70,72
41,270,578,70,72
41,43,71,70,73
41,44,71,70,73
41,270,578,70,73
41,270
41,43,71,44,251
41,44,251
41,270,578,70,71,44,251
41,43,71,44,379
41,44,379
41,270,578,70,71,44,379
41,43,71,70,578
41,44,71,70,578
41,270,578
41,43,622
41,44,71,43,622
41,270,578,70,71,43,622
41,43,681
41,44,71,43,681
41,270,578,70,71,43,681
42,41,43
42,41,44,71,43
42,41,270,578,70,71,43
42,41,44
42,41,270,578,70,71,44
42,41,43,71,70
42,41,44,71,70
42,41,270,578,70
42,41,43,71
42,41,44,71
42,41,270,578,70,71
42,41,43,71,70,72
42,41,44,71,70,72
42,41,270,578,70,72
42,41,43,71,70,73
42,41,44,71,70,73
42,41,270,578,70,73
42,41,270
42,41,43,71,44,251
42,41,44,251
42,41,270,578,70,71,44,251
42,41,43,71,44,379
42,41,44,379
42,41,270,578,70,71,44,379
42,41,43,71,70,578
42,41,44,71,70,578
42,41,270,578
42,41,43,622
42,41,44,71,43,622
42,41,270,578,70,71,43,622
42,41,43,681
42,41,44,71,43,681
42,41,270,578,70,71,43,681
43,41,44
43,41,270,578,70,71,44
43,71,44
43,41,44,71,70
43,41,270,578,70
43,71,70
43,71
43,41,44,71,70,72
43,41,270,578,70,72
43,71,70,72
43,71,44,41,270,578,70,72
43,41,44,71,70,73
43,41,270,578,70,73
43,71,70,73
43,71,44,41,270,578,70,73
43,41,270
43,71,70,578,270
43,71,44,41,270
43,41,44,251
43,41,270,578,70,71,44,251
43,71,44,251
43,41,44,379
43,41,270,578,70,71,44,379
43,71,44,379
43,41,44,71,70,578
43,41,270,578
43,71,70,578
43,71,44,41,270,578
43,622
43,681
44,41,270,578,70
44,71,70
44,71
44,41,270,578,70,72
44,71,70,72
44,41,270,578,70,73
44,71,70,73
44,41,270
44,71,70,578,270
44,251
44,379
44,41,270,578
44,71,70,578
44,41,43,622
44,41,270,578,70,71,43,622
44,71,43,622
44,41,43,681
44,41,270,578,70,71,43,681
44,71,43,681
50,51
70,71
70,72
70,73
70,71,44,41,270
70,71,43,41,270
70,578,270
70,71,44,251
70,71,43,41,44,251
70,578,270,41,44,251
70,71,44,379
70,71,43,41,44,379
70,578,270,41,44,379
70,578
70,71,44,41,43,622
70,71,43,622
70,578,270,41,43,622
70,71,44,41,43,681
70,71,43,681
70,578,270,41,43,681
71,70,72
71,44,41,270,578,70,72
71,43,41,270,578,70,72
71,70,73
71,44,41,270,578,70,73
71,43,41,270,578,70,73
71,70,578,270
71,44,41,270
71,43,41,270
71,44,251
71,44,379
71,70,578
71,44,41,270,578
71,43,41,270,578
71,43,622
71,43,681
72,70,73
72,70,71,44,41,270
72,70,71,43,41,270
72,70,578,270
72,70,71,44,251
72,70,71,43,41,44,251
72,70,578,270,41,43,71,44,251
72,70,578,270,41,44,251
72,70,71,44,379
72,70,71,43,41,44,379
72,70,578,270,41,43,71,44,379
72,70,578,270,41,44,379
72,70,578
72,70,71,44,41,43,622
72,70,71,43,622
72,70,578,270,41,43,622
72,70,578,270,41,44,71,43,622
72,70,71,44,41,43,681
72,70,71,43,681
72,70,578,270,41,43,681
72,70,578,270,41,44,71,43,681
73,70,71,44,41,270
73,70,71,43,41,270
73,70,578,270
73,70,71,44,251
73,70,71,43,41,44,251
73,70,578,270,41,43,71,44,251
73,70,578,270,41,44,251
73,70,71,44,379
73,70,71,43,41,44,379
73,70,578,270,41,43,71,44,379
73,70,578,270,41,44,379
73,70,578
73,70,71,44,41,43,622
73,70,71,43,622
73,70,578,270,41,43,622
73,70,578,270,41,44,71,43,622
73,70,71,44,41,43,681
73,70,71,43,681
73,70,578,270,41,43,681
73,70,578,270,41,44,71,43,681
77,78
77,78,223,110,109
77,78,223,110
77,78,223,204,203
77,78,223,204
77,78,223,222
77,78,223
77,78,223,224
77,78,223,283
77,78,223,110,370
77,78,223,110,372
77,78,223,110,390
77,78,223,421
77,78,223,110,460
77,78,223,462
77,78,223,485
77,78,223,110,524
77,78,223,110,569
77,78,223,110,664
77,78,223,110,672
77,78,223,110,709
78,223,110,109
78,223,110
78,223,204,203
78,223,204
78,223,222
78,223
78,223,224
78,223,283
78,223,110,370
78,223,110,372
78,223,110,390
78,223,421
78,223,110,460
78,223,462
78,223,485
78,223,110,524
78,223,110,569
78,223,110,664
78,223,110,672
78,223,110,709
103,104
109,110
109,110,223,204,203
109,110,223,204
109,110,223,222
109,110,223
109,110,223,224
109,110,223,283
109,110,370
109,110,372
109,110,390
109,110,223,421
109,110,460
109,110,223,462
109,110,223,485
109,110,524
109,110,569
109,110,664
109,110,672
109,110,709
110,223,204,203
110,223,204
110,223,222
110,223
110,223,224
110,223,283
110,370
110,372
110,390
110,223,421
110,460
110,223,462
110,223,485
110,524
110,569
110,664
110,672
110,709
111,112
111,112,286
112,286
149,12
149,12,669
12,669
154,155
154,155,148,175
154,155,175
154,155,148
155,148,175
155,175
155,148
158,159
160,161
166,167
175,148
193,137
193,137,410
193,137,410,678
137,410
137,410,678
195,196
195,196,279
195,196,279,89
195,196,279,6
195,196,279,280
195,196,279,280,572
195,196,279,6,639
195,196,279,89,677
196,279
196,279,89
196,279,6
196,279,280
196,279,280,572
196,279,6,639
196,279,89,677
198,199
198,200
199,198,200
203,204
203,204,223,222
203,204,223
203,204,223,224
203,204,223,283
203,204,223,110,370
203,204,223,110,372
203,204,223,110,390
203,204,223,421
203,204,223,110,460
203,204,223,462
203,204,223,485
203,204,223,110,524
203,204,223,110,569
203,204,223,110,664
203,204,223,110,672
203,204,223,110,709
204,223,222
204,223
204,223,224
204,223,283
204,223,110,370
204,223,110,372
204,223,110,390
204,223,421
204,223,110,460
204,223,462
204,223,485
204,223,110,524
204,223,110,569
204,223,110,664
204,223,110,672
204,223,110,709
222,223
222,223,224
222,223,283
222,223,110,370
222,223,110,372
222,223,110,390
222,223,421
222,223,110,460
222,223,462
222,223,485
222,223,110,524
222,223,110,569
222,223,110,664
222,223,110,672
222,223,110,709
223,224
223,283
223,110,370
223,110,372
223,110,390
223,421
223,110,460
223,462
223,485
223,110,524
223,110,569
223,110,664
223,110,672
223,110,709
224,223,283
224,223,110,370
224,223,110,372
224,223,110,390
224,223,421
224,223,110,460
224,223,462
224,223,485
224,223,110,524
224,223,110,569
224,223,110,664
224,223,110,672
224,223,110,709
234,217
242,243
242,47
242,17
242,244
242,245
242,76
242,96
243,242,47
243,242,17
243,242,244
243,242,245
243,242,76
243,242,96
47,242,17
47,242,244
47,242,245
47,242,76
47,242,96
17,242,244
17,242,245
17,242,76
17,242,96
244,242,245
244,242,76
244,242,96
245,242,76
245,242,96
76,242,96
261,262
261,303
261,303,304
261,303,305
261,303,306
261,303,307
261,303,308
261,303,304,335
261,303,304,335,366
262,261,303
262,261,303,304
262,261,303,305
262,261,303,306
262,261,303,307
262,261,303,308
262,261,303,304,335
262,261,303,304,335,366
270,41,43,71,44,251
270,41,44,251
270,578,70,71,44,251
270,41,43,71,44,379
270,41,44,379
270,578,70,71,44,379
270,578
270,41,43,622
270,41,44,71,43,622
270,578,70,71,43,622
270,41,43,681
270,41,44,71,43,681
270,578,70,71,43,681
279,89
279,6
279,280
279,280,572
279,6,639
279,89,677
89,279,6
89,279,280
89,279,280,572
89,279,6,639
89,677
6,279,280
6,279,280,572
6,639
6,279,89,677
280,572
280,279,6,639
280,279,89,677
283,223,110,370
283,223,110,372
283,223,110,390
283,223,421
283,223,110,460
283,223,462
283,223,485
283,223,110,524
283,223,110,569
283,223,110,664
283,223,110,672
283,223,110,709
303,304
303,305
303,306
303,307
303,308
303,304,335
303,304,335,366
304,303,305
304,303,306
304,303,307
304,303,308
304,335
304,335,366
305,303,306
305,303,307
305,303,308
305,303,304,335
305,303,304,335,366
306,303,307
306,303,308
306,303,304,335
306,303,304,335,366
307,303,308
307,303,304,335
307,303,304,335,366
308,303,304,335
308,303,304,335,366
335,366
359,360
359,562,360
359,360,562,561
359,562,561
359,562
359,360,562,633
359,562,633
359,360,562,618
359,562,618
360,562,561
360,562
360,562,633
360,562,618
370,110,372
370,110,390
370,110,223,421
370,110,460
370,110,223,462
370,110,223,485
370,110,524
370,110,569
370,110,664
370,110,672
370,110,709
372,110,390
372,110,223,421
372,110,460
372,110,223,462
372,110,223,485
372,110,524
372,110,569
372,110,664
372,110,672
372,110,709
382,170
390,110,223,421
390,110,460
390,110,223,462
390,110,223,485
390,110,524
390,110,569
390,110,664
390,110,672
390,110,709
410,678
421,223,110,460
421,223,462
421,223,485
421,223,110,524
421,223,110,569
421,223,110,664
421,223,110,672
421,223,110,709
447,202
454,147
460,110,223,462
460,110,223,485
460,110,524
460,110,569
460,110,664
460,110,672
460,110,709
462,223,485
462,223,110,524
462,223,110,569
462,223,110,664
462,223,110,672
462,223,110,709
485,223,110,524
485,223,110,569
485,223,110,664
485,223,110,672
485,223,110,709
487,400
488,67
251,44,379
251,44,41,43,71,70,578
251,44,41,270,578
251,44,71,70,578
251,44,71,43,41,270,578
251,44,41,43,622
251,44,41,270,578,70,71,43,622
251,44,71,43,622
251,44,41,43,681
251,44,41,270,578,70,71,43,681
251,44,71,43,681
379,44,41,43,71,70,578
379,44,41,270,578
379,44,71,70,578
379,44,71,43,41,270,578
379,44,41,43,622
379,44,41,270,578,70,71,43,622
379,44,71,43,622
379,44,41,43,681
379,44,41,270,578,70,71,43,681
379,44,71,43,681
493,431
496,497
524,110,569
524,110,664
524,110,672
524,110,709
553,326
561,562
561,562,633
561,562,618
562,633
562,618
569,110,664
569,110,672
569,110,709
571,61
572,280,279,6,639
572,280,279,89,677
578,270,41,43,622
578,270,41,44,71,43,622
578,70,71,44,41,43,622
578,70,71,43,622
578,270,41,43,681
578,270,41,44,71,43,681
578,70,71,44,41,43,681
578,70,71,43,681
594,151
594,503
594,386
151,594,503
151,594,386
503,594,386
624,362
633,562,618
634,274
639,6,279,89,677
664,110,672
664,110,709
666,240
672,110,709
622,43,681
689,114
690,131
690,332
131,690,332
