5,6
5,6,1053
6,1053
7,8
7,9
7,10
7,11
8,7,9
8,7,10
8,7,11
9,7,10
9,7,11
10,7,11
14,15
14,15,118
14,15,118,119
14,15,558,484,483
14,15,558,484,510,939,485,483
14,15,558,484,485,483
14,15,558,485,483
14,15,558,484
14,15,558,485,484
14,15,558,485,939,510,484
14,15,558,485
14,15,558,484,483,485,939,510,509
14,15,558,484,510,509
14,15,558,484,485,939,510,509
14,15,558,485,483,484,510,509
14,15,558,485,484,510,509
14,15,558,485,939,510,509
14,15,558,484,510
14,15,558,485,483,484,510
14,15,558,485,484,510
14,15,558,485,939,510
14,15,558
14,15,558,484,483,485,939
14,15,558,484,510,939
14,15,558,484,485,939
14,15,558,485,939
14,15,558,484,483,485,1270
14,15,558,484,510,939,485,1270
14,15,558,484,485,1270
14,15,558,485,1270
15,118
15,118,119
15,558,484,483
15,558,484,510,939,485,483
15,558,484,485,483
15,558,485,483
15,558,484
15,558,485,484
15,558,485,939,510,484
15,558,485
15,558,484,483,485,939,510,509
15,558,484,510,509
15,558,484,485,939,510,509
15,558,485,483,484,510,509
15,558,485,484,510,509
15,558,485,939,510,509
15,558,484,510
15,558,485,483,484,510
15,558,485,484,510
15,558,485,939,510
15,558
15,558,484,483,485,939
15,558,484,510,939
15,558,484,485,939
15,558,485,939
15,558,484,483,485,1270
15,558,484,510,939,485,1270
15,558,484,485,1270
15,558,485,1270
16,17
16,17,302
17,302
20,21
20,22,567,21
20,22
20,21,567,22,277
20,22,277
20,21,567
20,22,567
21,20,22
21,567,22
21,20,22,277
21,567,22,277
21,567
22,277
22,567
60,61
60,61,613
60,61,1070
60,61,1427
61,613
61,1070
61,1427
64,65
64,65,236
64,65,249
64,65,393
64,65,461
64,65,236,663
64,65,801
64,65,855
64,65,913
64,65,1430
64,65,1626
64,65,1797
64,65,1797,1337
64,65,1797,554
65,236
65,249
65,393
65,461
65,236,663
65,801
65,855
65,913
65,1430
65,1626
65,1797
65,1797,1337
65,1797,554
76,77
76,77,1464
76,77,1464,1465
76,77,1464,1465,1588
76,77,1464,1465,1683
77,1464
77,1464,1465
77,1464,1465,1588
77,1464,1465,1683
102,103
102,103,891
102,103,891,708
102,103,891,623
103,891
103,891,708
103,891,623
118,119
118,15,558,484,483
118,15,558,484,510,939,485,483
118,15,558,484,485,483
118,15,558,485,483
118,15,558,484
118,15,558,485,484
118,15,558,485,939,510,484
118,15,558,485
118,15,558,484,483,485,939,510,509
118,15,558,484,510,509
118,15,558,484,485,939,510,509
118,15,558,485,483,484,510,509
118,15,558,485,484,510,509
118,15,558,485,939,510,509
118,15,558,484,510
118,15,558,485,483,484,510
118,15,558,485,484,510
118,15,558,485,939,510
118,15,558
118,15,558,484,483,485,939
118,15,558,484,510,939
118,15,558,484,485,939
118,15,558,485,939
118,15,558,484,483,485,1270
118,15,558,484,510,939,485,1270
118,15,558,484,485,1270
118,15,558,485,1270
119,118,15,558,484,483
119,118,15,558,484,510,939,485,483
119,118,15,558,484,485,483
119,118,15,558,485,483
119,118,15,558,484
119,118,15,558,485,484
119,118,15,558,485,939,510,484
119,118,15,558,485
119,118,15,558,484,483,485,939,510,509
119,118,15,558,484,510,509
119,118,15,558,484,485,939,510,509
119,118,15,558,485,483,484,510,509
119,118,15,558,485,484,510,509
119,118,15,558,485,939,510,509
119,118,15,558,484,510
119,118,15,558,485,483,484,510
119,118,15,558,485,484,510
119,118,15,558,485,939,510
119,118,15,558
119,118,15,558,484,483,485,939
119,118,15,558,484,510,939
119,118,15,558,484,485,939
119,118,15,558,485,939
119,118,15,558,484,483,485,1270
119,118,15,558,484,510,939,485,1270
119,118,15,558,484,485,1270
119,118,15,558,485,1270
120,121
120,121,334
121,334
125,126
125,127,141,126
125,127,142,126
125,127,895,142,126
125,127
125,126,141
125,126,142,127,141
125,126,142,895,127,141
125,127,141
125,126,142
125,127,142
125,127,895,142
125,126,141,127,142,748
125,126,141,127,895,142,748
125,126,142,748
125,127,142,748
125,127,895,142,748
125,126,141,127,895
125,126,142,895
125,127,895
125,126,141,127,142,895,1481
125,126,141,127,895,1481
125,126,142,127,895,1481
125,126,142,895,1481
125,127,142,895,1481
125,127,895,1481
126,125,127
126,141,127
126,142,127
126,142,895,127
126,141
126,142,127,141
126,142,895,127,141
126,142
126,125,127,142,748
126,125,127,895,142,748
126,141,127,142,748
126,141,127,895,142,748
126,142,748
126,125,127,895
126,141,127,895
126,142,895
126,125,127,895,1481
126,141,127,142,895,1481
126,141,127,895,1481
126,142,127,895,1481
126,142,895,1481
127,141
127,142
127,895,142
127,142,748
127,895,142,748
127,895
127,142,895,1481
127,895,1481
131,132
138,139
138,139,1387
139,1387
141,127,142
141,127,895,142
141,126,142
141,127,142,748
141,127,895,142,748
141,126,142,748
141,127,895
141,126,142,895
141,127,142,895,1481
141,127,895,1481
141,126,142,895,1481
142,748
142,895
142,895,1481
160,161
160,161,578
160,161,578,579
160,777
160,985
160,161,578,579,1194
160,1316
161,578
161,578,579
161,160,777
161,160,985
161,578,579,1194
161,160,1316
164,165
164,165,1303
165,1303
173,174
173,175,534,174
173,175,1119,174
173,175
173,174,534
173,174,1119,175,534
173,175,534
173,174,1119
173,175,1119
173,1639
174,173,175
174,534,175
174,1119,175
174,534
174,1119,175,534
174,1119
174,173,1639
174,534,175,173,1639
174,1119,175,173,1639
175,534
175,1119
175,173,1639
184,185
184,185,192
185,192
197,198
199,200
199,200,991
199,200,1022
199,200,1045
199,200,1052
199,200,1069,149,1126,586,1052
199,200,1069,149,1126,586,1760,147,1052
199,200,1069,149,1126,147,1052
199,200,1069,149,1760,586,1052
199,200,1069,149,1760,147,1052
199,200,1069,586,1052
199,200,1069,586,1126,147,1052
199,200,1069,586,1760,147,1052
199,200,1126,149,1760,586,1052
199,200,1126,149,1760,147,1052
199,200,1126,586,1052
199,200,1126,586,1760,147,1052
199,200,1126,147,1052
199,200,1760,586,1052
199,200,1760,147,1052
199,200,1052,147
199,200,1052,586,1069,149,1126,147
199,200,1052,586,1069,149,1760,147
199,200,1052,586,1126,149,1760,147
199,200,1052,586,1126,147
199,200,1052,586,1760,147
199,200,1069,149,1126,586,1760,147
199,200,1069,149,1126,147
199,200,1069,149,1760,147
199,200,1069,586,1052,147
199,200,1069,586,1126,147
199,200,1069,586,1760,147
199,200,1126,149,1760,147
199,200,1126,586,1760,147
199,200,1126,147
199,200,1760,147
199,200,1052,586
199,200,1069,149,1126,586
199,200,1069,149,1760,586
199,200,1069,586
199,200,1126,149,1760,586
199,200,1126,586
199,200,1760,586
199,200,1069
199,200,1126,149,1069
199,200,1126,149,1760,586,1069
199,200,1126,586,1069
199,200,1126,147,1760,149,1069
199,200,1126,147,1760,586,1069
199,200,1760,149,1069
199,200,1760,586,1069
199,200,1052,147,1126,149
199,200,1052,147,1760,149
199,200,1052,586,1069,149
199,200,1052,586,1126,149
199,200,1052,586,1760,149
199,200,1069,149
199,200,1126,149
199,200,1760,149
199,200,1126
199,200,1760,149,1126
199,200,1760,586,1126
199,200,1760,147,1126
199,200,1334
199,200,1394
199,200,1400
199,200,1760
200,991
200,1022
200,1045
200,1052
200,1069,149,1126,586,1052
200,1069,149,1126,586,1760,147,1052
200,1069,149,1126,147,1052
200,1069,149,1760,586,1052
200,1069,149,1760,147,1052
200,1069,586,1052
200,1069,586,1126,147,1052
200,1069,586,1760,147,1052
200,1126,149,1760,586,1052
200,1126,149,1760,147,1052
200,1126,586,1052
200,1126,586,1760,147,1052
200,1126,147,1052
200,1760,586,1052
200,1760,147,1052
200,1052,147
200,1052,586,1069,149,1126,147
200,1052,586,1069,149,1760,147
200,1052,586,1126,149,1760,147
200,1052,586,1126,147
200,1052,586,1760,147
200,1069,149,1126,586,1760,147
200,1069,149,1126,147
200,1069,149,1760,147
200,1069,586,1052,147
200,1069,586,1126,147
200,1069,586,1760,147
200,1126,149,1760,147
200,1126,586,1760,147
200,1126,147
200,1760,147
200,1052,586
200,1069,149,1126,586
200,1069,149,1760,586
200,1069,586
200,1126,149,1760,586
200,1126,586
200,1760,586
200,1069
200,1126,149,1069
200,1126,149,1760,586,1069
200,1126,586,1069
200,1126,147,1760,149,1069
200,1126,147,1760,586,1069
200,1760,149,1069
200,1760,586,1069
200,1052,147,1126,149
200,1052,147,1760,149
200,1052,586,1069,149
200,1052,586,1126,149
200,1052,586,1760,149
200,1069,149
200,1126,149
200,1760,149
200,1126
200,1760,149,1126
200,1760,586,1126
200,1760,147,1126
200,1334
200,1394
200,1400
200,1760
215,216
215,216,1323
215,216,1804
216,1323
216,1804
226,227
229,230
229,671
229,230,868,867
229,230,868
230,229,671
230,868,867
230,868
236,65,249
236,65,393
236,65,461
236,663
236,65,801
236,65,855
236,65,913
236,65,1430
236,65,1626
236,65,1797
236,65,1797,1337
236,65,1797,554
239,240
239,240,1435,1434
239,240,1435
240,1435,1434
240,1435
241,242
241,242,359
241,242,359,360
242,359
242,359,360
246,247
246,247,898
246,247,1663
246,247,1768
247,898
247,1663
247,1768
249,65,393
249,65,461
249,65,236,663
249,65,801
249,65,855
249,65,913
249,65,1430
249,65,1626
249,65,1797
249,65,1797,1337
249,65,1797,554
254,255
277,22,567
282,1134,428
282,1134,428,429
282,1134
282,1134,1729
282,1134,1729,1153
282,1778
282,1134,428,429,1796
297,72
297,72,1393
297,72,1807
72,1393
72,1807
307,308
307,308,968
308,968
310,311
310,311,1330
310,311,1498
311,1330
311,1498
316,317
316,318
316,1460
317,316,318
317,316,1460
318,316,1460
326,327
326,327,1128,1613
326,327,1128
327,1128,1613
327,1128
331,332
331,332,1033
331,332,1582
332,1033
332,1582
348,349
359,360
363,364
363,364,1452
363,1503
364,1452
364,363,1503
365,366
365,366,892
366,892
374,375
374,375,911,564,590
374,375,911,564
374,375,911
374,375,935
374,375,911,446
375,911,564,590
375,911,564
375,911
375,935
375,911,446
377,19
377,19,1533
377,19,1589
377,19,1753
19,1533
19,1589
19,1753
385,386
385,386,882,881
385,386,882
386,882,881
386,882
393,65,461
393,65,236,663
393,65,801
393,65,855
393,65,913
393,65,1430
393,65,1626
393,65,1797
393,65,1797,1337
393,65,1797,554
394,273
408,409
408,409,1692
409,1692
420,421
420,421,831
421,831
423,424
423,425,1027,424
423,425
423,424,1027,425,594,592
423,424,1027,425,594,986,593,592
423,424,1027,425,594,1005,593,592
423,424,1027,425,594,1116,593,592
423,425,594,592
423,425,594,986,593,592
423,425,594,1005,593,592
423,425,594,1116,593,592
423,424,1027,425,594,592,593
423,424,1027,425,594,986,593
423,424,1027,425,594,1005,593
423,424,1027,425,594,1116,593
423,425,594,592,593
423,425,594,986,593
423,425,594,1005,593
423,425,594,1116,593
423,424,1027,425,594
423,425,594
423,424,1027,425,594,592,593,1116,688,687
423,424,1027,425,594,592,593,1116,683,688,687
423,424,1027,425,594,986,593,1116,688,687
423,424,1027,425,594,986,593,1116,683,688,687
423,424,1027,425,594,1005,593,1116,688,687
423,424,1027,425,594,1005,593,1116,683,688,687
423,424,1027,425,594,1116,688,687
423,424,1027,425,594,1116,683,688,687
423,425,594,592,593,1116,688,687
423,425,594,592,593,1116,683,688,687
423,425,594,986,593,1116,688,687
423,425,594,986,593,1116,683,688,687
423,425,594,1005,593,1116,688,687
423,425,594,1005,593,1116,683,688,687
423,425,594,1116,688,687
423,425,594,1116,683,688,687
423,424,1027,425,594,592,593,1116,688
423,424,1027,425,594,592,593,1116,683,688
423,424,1027,425,594,986,593,1116,688
423,424,1027,425,594,986,593,1116,683,688
423,424,1027,425,594,1005,593,1116,688
423,424,1027,425,594,1005,593,1116,683,688
423,424,1027,425,594,1116,688
423,424,1027,425,594,1116,683,688
423,425,594,592,593,1116,688
423,425,594,592,593,1116,683,688
423,425,594,986,593,1116,688
423,425,594,986,593,1116,683,688
423,425,594,1005,593,1116,688
423,425,594,1005,593,1116,683,688
423,425,594,1116,688
423,425,594,1116,683,688
423,424,1027,425,594,986
423,424,1027,425,594,1005,593,986
423,424,1027,425,594,1116,593,986
423,425,594,986
423,425,594,1005,593,986
423,425,594,1116,593,986
423,424,1027,425,594,1005
423,424,1027,425,594,1116,593,1005
423,425,594,1005
423,425,594,1116,593,1005
423,424,1027,425,594,592,593,1116,688,1014
423,424,1027,425,594,592,593,1116,683,688,1014
423,424,1027,425,594,986,593,1116,688,1014
423,424,1027,425,594,986,593,1116,683,688,1014
423,424,1027,425,594,1005,593,1116,688,1014
423,424,1027,425,594,1005,593,1116,683,688,1014
423,424,1027,425,594,1116,688,1014
423,424,1027,425,594,1116,683,688,1014
423,425,594,592,593,1116,688,1014
423,425,594,592,593,1116,683,688,1014
423,425,594,986,593,1116,688,1014
423,425,594,986,593,1116,683,688,1014
423,425,594,1005,593,1116,688,1014
423,425,594,1005,593,1116,683,688,1014
423,425,594,1116,688,1014
423,425,594,1116,683,688,1014
423,424,1027
423,425,1027
423,424,1027,425,594,592,593,1116,688,1115
423,424,1027,425,594,592,593,1116,683,688,1115
423,424,1027,425,594,986,593,1116,688,1115
423,424,1027,425,594,986,593,1116,683,688,1115
423,424,1027,425,594,1005,593,1116,688,1115
423,424,1027,425,594,1005,593,1116,683,688,1115
423,424,1027,425,594,1116,688,1115
423,424,1027,425,594,1116,683,688,1115
423,425,594,592,593,1116,688,1115
423,425,594,592,593,1116,683,688,1115
423,425,594,986,593,1116,688,1115
423,425,594,986,593,1116,683,688,1115
423,425,594,1005,593,1116,688,1115
423,425,594,1005,593,1116,683,688,1115
423,425,594,1116,688,1115
423,425,594,1116,683,688,1115
423,424,1027,425,594,592,593,1116,683
423,424,1027,425,594,986,593,1116,683
423,424,1027,425,594,1005,593,1116,683
423,424,1027,425,594,1116,683
423,425,594,592,593,1116,683
423,425,594,986,593,1116,683
423,425,594,1005,593,1116,683
423,425,594,1116,683
423,424,1027,425,594,1116
423,425,594,1116
423,1431
424,423,425
424,1027,425
424,423,425,594,592
424,423,425,594,986,593,592
424,423,425,594,1005,593,592
424,423,425,594,1116,593,592
424,1027,425,594,592
424,1027,425,594,986,593,592
424,1027,425,594,1005,593,592
424,1027,425,594,1116,593,592
424,423,425,594,592,593
424,423,425,594,986,593
424,423,425,594,1005,593
424,423,425,594,1116,593
424,1027,425,594,592,593
424,1027,425,594,986,593
424,1027,425,594,1005,593
424,1027,425,594,1116,593
424,423,425,594
424,1027,425,594
424,423,425,594,592,593,1116,688,687
424,423,425,594,592,593,1116,683,688,687
424,423,425,594,986,593,1116,688,687
424,423,425,594,986,593,1116,683,688,687
424,423,425,594,1005,593,1116,688,687
424,423,425,594,1005,593,1116,683,688,687
424,423,425,594,1116,688,687
424,423,425,594,1116,683,688,687
424,1027,425,594,592,593,1116,688,687
424,1027,425,594,592,593,1116,683,688,687
424,1027,425,594,986,593,1116,688,687
424,1027,425,594,986,593,1116,683,688,687
424,1027,425,594,1005,593,1116,688,687
424,1027,425,594,1005,593,1116,683,688,687
424,1027,425,594,1116,688,687
424,1027,425,594,1116,683,688,687
424,423,425,594,592,593,1116,688
424,423,425,594,592,593,1116,683,688
424,423,425,594,986,593,1116,688
424,423,425,594,986,593,1116,683,688
424,423,425,594,1005,593,1116,688
424,423,425,594,1005,593,1116,683,688
424,423,425,594,1116,688
424,423,425,594,1116,683,688
424,1027,425,594,592,593,1116,688
424,1027,425,594,592,593,1116,683,688
424,1027,425,594,986,593,1116,688
424,1027,425,594,986,593,1116,683,688
424,1027,425,594,1005,593,1116,688
424,1027,425,594,1005,593,1116,683,688
424,1027,425,594,1116,688
424,1027,425,594,1116,683,688
424,423,425,594,986
424,423,425,594,1005,593,986
424,423,425,594,1116,593,986
424,1027,425,594,986
424,1027,425,594,1005,593,986
424,1027,425,594,1116,593,986
424,423,425,594,1005
424,423,425,594,1116,593,1005
424,1027,425,594,1005
424,1027,425,594,1116,593,1005
424,423,425,594,592,593,1116,688,1014
424,423,425,594,592,593,1116,683,688,1014
424,423,425,594,986,593,1116,688,1014
424,423,425,594,986,593,1116,683,688,1014
424,423,425,594,1005,593,1116,688,1014
424,423,425,594,1005,593,1116,683,688,1014
424,423,425,594,1116,688,1014
424,423,425,594,1116,683,688,1014
424,1027,425,594,592,593,1116,688,1014
424,1027,425,594,592,593,1116,683,688,1014
424,1027,425,594,986,593,1116,688,1014
424,1027,425,594,986,593,1116,683,688,1014
424,1027,425,594,1005,593,1116,688,1014
424,1027,425,594,1005,593,1116,683,688,1014
424,1027,425,594,1116,688,1014
424,1027,425,594,1116,683,688,1014
424,1027
424,423,425,594,592,593,1116,688,1115
424,423,425,594,592,593,1116,683,688,1115
424,423,425,594,986,593,1116,688,1115
424,423,425,594,986,593,1116,683,688,1115
424,423,425,594,1005,593,1116,688,1115
424,423,425,594,1005,593,1116,683,688,1115
424,423,425,594,1116,688,1115
424,423,425,594,1116,683,688,1115
424,1027,425,594,592,593,1116,688,1115
424,1027,425,594,592,593,1116,683,688,1115
424,1027,425,594,986,593,1116,688,1115
424,1027,425,594,986,593,1116,683,688,1115
424,1027,425,594,1005,593,1116,688,1115
424,1027,425,594,1005,593,1116,683,688,1115
424,1027,425,594,1116,688,1115
424,1027,425,594,1116,683,688,1115
424,423,425,594,592,593,1116,683
424,423,425,594,986,593,1116,683
424,423,425,594,1005,593,1116,683
424,423,425,594,1116,683
424,1027,425,594,592,593,1116,683
424,1027,425,594,986,593,1116,683
424,1027,425,594,1005,593,1116,683
424,1027,425,594,1116,683
424,423,425,594,1116
424,1027,425,594,1116
424,423,1431
424,1027,425,423,1431
425,594,592
425,594,986,593,592
425,594,1005,593,592
425,594,1116,593,592
425,594,592,593
425,594,986,593
425,594,1005,593
425,594,1116,593
425,594
425,594,592,593,1116,688,687
425,594,592,593,1116,683,688,687
425,594,986,593,1116,688,687
425,594,986,593,1116,683,688,687
425,594,1005,593,1116,688,687
425,594,1005,593,1116,683,688,687
425,594,1116,688,687
425,594,1116,683,688,687
425,594,592,593,1116,688
425,594,592,593,1116,683,688
425,594,986,593,1116,688
425,594,986,593,1116,683,688
425,594,1005,593,1116,688
425,594,1005,593,1116,683,688
425,594,1116,688
425,594,1116,683,688
425,594,986
425,594,1005,593,986
425,594,1116,593,986
425,594,1005
425,594,1116,593,1005
425,594,592,593,1116,688,1014
425,594,592,593,1116,683,688,1014
425,594,986,593,1116,688,1014
425,594,986,593,1116,683,688,1014
425,594,1005,593,1116,688,1014
425,594,1005,593,1116,683,688,1014
425,594,1116,688,1014
425,594,1116,683,688,1014
425,1027
425,594,592,593,1116,688,1115
425,594,592,593,1116,683,688,1115
425,594,986,593,1116,688,1115
425,594,986,593,1116,683,688,1115
425,594,1005,593,1116,688,1115
425,594,1005,593,1116,683,688,1115
425,594,1116,688,1115
425,594,1116,683,688,1115
425,594,592,593,1116,683
425,594,986,593,1116,683
425,594,1005,593,1116,683
425,594,1116,683
425,594,1116
425,423,1431
428,429
428,1134
428,1134,1729
428,1134,1729,1153
428,1134,282,1778
428,429,1796
429,428,1134
429,428,1134,1729
429,428,1134,1729,1153
429,428,1134,282,1778
429,1796
430,431
438,439
438,439,925
439,925
461,65,236,663
461,65,801
461,65,855
461,65,913
461,65,1430
461,65,1626
461,65,1797
461,65,1797,1337
461,65,1797,554
470,471
470,471,946
470,471,1444
471,946
471,1444
475,476
475,476,993
475,476,993,274
475,476,1297
475,476,993,1506
476,993
476,993,274
476,1297
476,993,1506
479,480
483,484
483,485,558,484
483,485,484
483,485,939,510,484
483,485
483,484,558,485,939,510,509
483,484,510,509
483,484,485,939,510,509
483,485,558,484,510,509
483,485,484,510,509
483,485,939,510,509
483,484,558,485,939,510
483,484,510
483,485,558,484,510
483,485,484,510
483,485,939,510
483,484,558
483,485,558
483,484,558,485,939
483,484,510,939
483,484,485,939
483,485,939
483,484,558,485,1270
483,484,510,939,485,1270
483,484,485,1270
483,485,1270
484,558,485
484,510,939,485
484,485
484,558,485,939,510,509
484,510,509
484,485,939,510,509
484,558,485,939,510
484,510
484,558
484,558,485,939
484,510,939
484,485,939
484,558,485,1270
484,510,939,485,1270
484,485,1270
485,558,484,510,509
485,484,510,509
485,939,510,509
485,558,484,510
485,484,510
485,939,510
485,558
485,939
485,1270
492,493
500,501
500,501,1242
501,1242
509,510
509,510,484,558
509,510,939,485,558
509,510,939
509,510,484,483,485,1270
509,510,484,558,485,1270
509,510,484,485,1270
509,510,939,485,1270
510,484,558
510,939,485,558
510,939
510,484,483,485,1270
510,484,558,485,1270
510,484,485,1270
510,939,485,1270
520,521
523,524
526,527
526,527,536
527,536
534,175,1119
534,174,1119
534,175,173,1639
534,175,1119,174,173,1639
534,174,173,1639
558,484,510,939
558,485,939
558,484,510,939,485,1270
558,485,1270
562,563
578,579
578,161,160,777
578,161,160,985
578,579,1194
578,161,160,1316
579,578,161,160,777
579,578,161,160,985
579,1194
579,578,161,160,1316
587,588
590,564
590,564,911
590,564,911,375,935
590,564,911,446
564,911
564,911,375,935
564,911,446
592,593
592,594,986,593
592,594,1005,593
592,594,1116,593
592,594
592,593,1005,594,1116,688,687
592,593,1005,594,1116,683,688,687
592,593,1116,688,687
592,593,1116,683,688,687
592,593,986,594,1116,688,687
592,593,986,594,1116,683,688,687
592,594,1116,688,687
592,594,1116,683,688,687
592,593,1005,594,1116,688
592,593,1005,594,1116,683,688
592,593,1116,688
592,593,1116,683,688
592,593,986,594,1116,688
592,593,986,594,1116,683,688
592,594,1116,688
592,594,1116,683,688
592,593,1005,594,986
592,593,1116,594,986
592,593,986
592,594,986
592,593,1005
592,593,1116,594,1005
592,594,1005
592,593,1005,594,1116,688,1014
592,593,1005,594,1116,683,688,1014
592,593,1116,688,1014
592,593,1116,683,688,1014
592,593,986,594,1116,688,1014
592,593,986,594,1116,683,688,1014
592,594,1116,688,1014
592,594,1116,683,688,1014
592,593,1005,594,425,1027
592,593,1116,594,425,1027
592,593,986,594,425,1027
592,594,425,1027
592,593,1005,594,1116,688,1115
592,593,1005,594,1116,683,688,1115
592,593,1116,688,1115
592,593,1116,683,688,1115
592,593,986,594,1116,688,1115
592,593,986,594,1116,683,688,1115
592,594,1116,688,1115
592,594,1116,683,688,1115
592,593,1005,594,1116,683
592,593,1116,683
592,593,986,594,1116,683
592,594,1116,683
592,593,1116
592,594,1116
592,593,1005,594,425,423,1431
592,593,1005,594,425,1027,424,423,1431
592,593,1116,594,425,423,1431
592,593,1116,594,425,1027,424,423,1431
592,593,986,594,425,423,1431
592,593,986,594,425,1027,424,423,1431
592,594,425,423,1431
592,594,425,1027,424,423,1431
593,592,594
593,1005,594
593,1116,594
593,986,594
593,592,594,1116,688,687
593,592,594,1116,683,688,687
593,1005,594,1116,688,687
593,1005,594,1116,683,688,687
593,1116,688,687
593,1116,683,688,687
593,986,594,1116,688,687
593,986,594,1116,683,688,687
593,592,594,1116,688
593,592,594,1116,683,688
593,1005,594,1116,688
593,1005,594,1116,683,688
593,1116,688
593,1116,683,688
593,986,594,1116,688
593,986,594,1116,683,688
593,1005,594,986
593,1116,594,986
593,986
593,1005
593,1116,594,1005
593,592,594,1116,688,1014
593,592,594,1116,683,688,1014
593,1005,594,1116,688,1014
593,1005,594,1116,683,688,1014
593,1116,688,1014
593,1116,683,688,1014
593,986,594,1116,688,1014
593,986,594,1116,683,688,1014
593,592,594,425,1027
593,1005,594,425,1027
593,1116,594,425,1027
593,986,594,425,1027
593,592,594,1116,688,1115
593,592,594,1116,683,688,1115
593,1005,594,1116,688,1115
593,1005,594,1116,683,688,1115
593,1116,688,1115
593,1116,683,688,1115
593,986,594,1116,688,1115
593,986,594,1116,683,688,1115
593,592,594,1116,683
593,1005,594,1116,683
593,1116,683
593,986,594,1116,683
593,1116
593,592,594,425,423,1431
593,592,594,425,1027,424,423,1431
593,1005,594,425,423,1431
593,1005,594,425,1027,424,423,1431
593,1116,594,425,423,1431
593,1116,594,425,1027,424,423,1431
593,986,594,425,423,1431
593,986,594,425,1027,424,423,1431
594,1116,688,687
594,1116,683,688,687
594,1116,688
594,1116,683,688
594,986
594,1005
594,1116,688,1014
594,1116,683,688,1014
594,425,1027
594,1116,688,1115
594,1116,683,688,1115
594,1116,683
594,1116
594,425,423,1431
594,425,1027,424,423,1431
610,611
610,611,1301,806,805
610,611,1301,806
610,611,915
610,611,1301
610,611,1241
610,611,1301,1670
611,1301,806,805
611,1301,806
611,915
611,1301
611,1241
611,1301,1670
613,61,1070
613,61,1427
616,617
616,617,906
616,617,1094,1082,1081
616,617,1094,1082
616,617,1094
616,617,1094,1082,1144
617,906
617,1094,1082,1081
617,1094,1082
617,1094
617,1094,1082,1144
627,27
627,27,1336
27,1336
633,634
641,642
641,1124
641,642,1154
641,1170
642,641,1124
642,1154
642,641,1170
644,645
647,648
647,648,1049
648,1049
657,658
657,658,856
658,856
663,236,65,801
663,236,65,855
663,236,65,913
663,236,65,1430
663,236,65,1626
663,236,65,1797
663,236,65,1797,1337
663,236,65,1797,554
665,666
665,666,948
665,666,324
665,666,1030
666,948
666,324
666,1030
671,229,230,868,867
671,229,230,868
687,688
687,688,683,1116,593,1005,594,986
687,688,683,1116,593,986
687,688,683,1116,594,986
687,688,1116,593,1005,594,986
687,688,1116,593,986
687,688,1116,594,986
687,688,683,1116,593,1005
687,688,683,1116,594,1005
687,688,1116,593,1005
687,688,1116,594,1005
687,688,1014
687,688,683,1116,593,592,594,425,1027
687,688,683,1116,593,1005,594,425,1027
687,688,683,1116,593,986,594,425,1027
687,688,683,1116,594,425,1027
687,688,1116,593,592,594,425,1027
687,688,1116,593,1005,594,425,1027
687,688,1116,593,986,594,425,1027
687,688,1116,594,425,1027
687,688,1115
687,688,683
687,688,1116,683
687,688,1116
687,688,683,1116,593,592,594,425,423,1431
687,688,683,1116,593,592,594,425,1027,424,423,1431
687,688,683,1116,593,1005,594,425,423,1431
687,688,683,1116,593,1005,594,425,1027,424,423,1431
687,688,683,1116,593,986,594,425,423,1431
687,688,683,1116,593,986,594,425,1027,424,423,1431
687,688,683,1116,594,425,423,1431
687,688,683,1116,594,425,1027,424,423,1431
687,688,1116,593,592,594,425,423,1431
687,688,1116,593,592,594,425,1027,424,423,1431
687,688,1116,593,1005,594,425,423,1431
687,688,1116,593,1005,594,425,1027,424,423,1431
687,688,1116,593,986,594,425,423,1431
687,688,1116,593,986,594,425,1027,424,423,1431
687,688,1116,594,425,423,1431
687,688,1116,594,425,1027,424,423,1431
688,683,1116,593,1005,594,986
688,683,1116,593,986
688,683,1116,594,986
688,1116,593,1005,594,986
688,1116,593,986
688,1116,594,986
688,683,1116,593,1005
688,683,1116,594,1005
688,1116,593,1005
688,1116,594,1005
688,1014
688,683,1116,593,592,594,425,1027
688,683,1116,593,1005,594,425,1027
688,683,1116,593,986,594,425,1027
688,683,1116,594,425,1027
688,1116,593,592,594,425,1027
688,1116,593,1005,594,425,1027
688,1116,593,986,594,425,1027
688,1116,594,425,1027
688,1115
688,683
688,1116,683
688,1116
688,683,1116,593,592,594,425,423,1431
688,683,1116,593,592,594,425,1027,424,423,1431
688,683,1116,593,1005,594,425,423,1431
688,683,1116,593,1005,594,425,1027,424,423,1431
688,683,1116,593,986,594,425,423,1431
688,683,1116,593,986,594,425,1027,424,423,1431
688,683,1116,594,425,423,1431
688,683,1116,594,425,1027,424,423,1431
688,1116,593,592,594,425,423,1431
688,1116,593,592,594,425,1027,424,423,1431
688,1116,593,1005,594,425,423,1431
688,1116,593,1005,594,425,1027,424,423,1431
688,1116,593,986,594,425,423,1431
688,1116,593,986,594,425,1027,424,423,1431
688,1116,594,425,423,1431
688,1116,594,425,1027,424,423,1431
694,695
694,695,922
695,922
714,401
714,401,896
714,401,1783
401,896
401,1783
715,716
715,1676,1210,716
715,716,1210,1209
715,1676,1210,1209
715,716,1210
715,1676,1210
715,1676
716,715,1676,1210,1209
716,1210,1209
716,1210
716,715,1676
716,1210,1676
718,719
723,724
726,272
729,97
731,631
731,1593
731,1776
631,731,1593
631,731,1776
735,736
735,1563,820,736
735,736,820
735,1563,820
735,1563
736,820
736,735,1563
736,820,1563
740,426
748,142,895
748,142,127,895,1481
748,142,895,1481
748,142,126,125,127,895,1481
748,142,126,141,127,895,1481
760,761
760,761,1333
761,1333
771,313
771,772,1244,313
771,772
771,313,1244
771,772,1244
771,1277
313,771,772
313,1244,772
313,1244
313,771,1277
313,1244,772,771,1277
772,1244
772,771,1277
775,776
777,160,985
777,160,161,578,579,1194
777,160,1316
801,65,855
801,65,913
801,65,1430
801,65,1626
801,65,1797
801,65,1797,1337
801,65,1797,554
805,806
805,806,1301,611,915
805,806,1301
805,806,1301,611,1241
805,806,1301,1670
806,1301,611,915
806,1301
806,1301,611,1241
806,1301,1670
820,1563
823,238
824,825
826,827
826,827,1317
827,1317
843,692
843,145
692,843,145
844,845
844,845,1160
844,845,1281
844,845,1483
845,1160
845,1281
845,1483
855,65,913
855,65,1430
855,65,1626
855,65,1797
855,65,1797,1337
855,65,1797,554
860,268
867,868
881,882
891,708
891,623
708,891,623
895,1481
896,401,1783
898,247,1663
898,247,1768
906,617,1094,1082,1081
906,617,1094,1082
906,617,1094
906,617,1094,1082,1144
911,375,935
911,446
913,65,1430
913,65,1626
913,65,1797
913,65,1797,1337
913,65,1797,554
914,106
914,134
106,914,134
915,611,1301
915,611,1241
915,611,1301,1670
935,375,911,446
939,485,1270
946,471,1444
948,666,324
948,666,1030
963,651
980,981
980,982
980,983
980,981,1314
981,980,982
981,980,983
981,1314
982,980,983
982,980,981,1314
983,980,981,1314
985,160,161,578,579,1194
985,160,1316
986,594,1005
986,594,1116,593,1005
986,593,1005
986,594,1005,593,1116,688,1014
986,594,1005,593,1116,683,688,1014
986,594,1116,688,1014
986,594,1116,683,688,1014
986,593,1116,688,1014
986,593,1116,683,688,1014
986,594,425,1027
986,593,1005,594,425,1027
986,593,1116,594,425,1027
986,594,1005,593,1116,688,1115
986,594,1005,593,1116,683,688,1115
986,594,1116,688,1115
986,594,1116,683,688,1115
986,593,1116,688,1115
986,593,1116,683,688,1115
986,594,1005,593,1116,683
986,594,1116,683
986,593,1116,683
986,594,1116
986,593,1116
986,594,425,423,1431
986,594,425,1027,424,423,1431
986,593,1005,594,425,423,1431
986,593,1005,594,425,1027,424,423,1431
986,593,1116,594,425,423,1431
986,593,1116,594,425,1027,424,423,1431
988,989
988,989,1618
989,1618
991,200,1022
991,200,1045
991,200,1052
991,200,1069,149,1126,586,1052
991,200,1069,149,1126,586,1760,147,1052
991,200,1069,149,1126,147,1052
991,200,1069,149,1760,586,1052
991,200,1069,149,1760,147,1052
991,200,1069,586,1052
991,200,1069,586,1126,147,1052
991,200,1069,586,1760,147,1052
991,200,1126,149,1760,586,1052
991,200,1126,149,1760,147,1052
991,200,1126,586,1052
991,200,1126,586,1760,147,1052
991,200,1126,147,1052
991,200,1760,586,1052
991,200,1760,147,1052
991,200,1052,147
991,200,1052,586,1069,149,1126,147
991,200,1052,586,1069,149,1760,147
991,200,1052,586,1126,149,1760,147
991,200,1052,586,1126,147
991,200,1052,586,1760,147
991,200,1069,149,1126,586,1760,147
991,200,1069,149,1126,147
991,200,1069,149,1760,147
991,200,1069,586,1052,147
991,200,1069,586,1126,147
991,200,1069,586,1760,147
991,200,1126,149,1760,147
991,200,1126,586,1760,147
991,200,1126,147
991,200,1760,147
991,200,1052,586
991,200,1069,149,1126,586
991,200,1069,149,1760,586
991,200,1069,586
991,200,1126,149,1760,586
991,200,1126,586
991,200,1760,586
991,200,1069
991,200,1126,149,1069
991,200,1126,149,1760,586,1069
991,200,1126,586,1069
991,200,1126,147,1760,149,1069
991,200,1126,147,1760,586,1069
991,200,1760,149,1069
991,200,1760,586,1069
991,200,1052,147,1126,149
991,200,1052,147,1760,149
991,200,1052,586,1069,149
991,200,1052,586,1126,149
991,200,1052,586,1760,149
991,200,1069,149
991,200,1126,149
991,200,1760,149
991,200,1126
991,200,1760,149,1126
991,200,1760,586,1126
991,200,1760,147,1126
991,200,1334
991,200,1394
991,200,1400
991,200,1760
993,274
993,476,1297
993,1506
274,993,476,1297
274,993,1506
324,666,1030
1005,594,1116,688,1014
1005,594,1116,683,688,1014
1005,593,1116,688,1014
1005,593,1116,683,688,1014
1005,594,425,1027
1005,593,1116,594,425,1027
1005,594,1116,688,1115
1005,594,1116,683,688,1115
1005,593,1116,688,1115
1005,593,1116,683,688,1115
1005,594,1116,683
1005,593,1116,683
1005,594,1116
1005,593,1116
1005,594,425,423,1431
1005,594,425,1027,424,423,1431
1005,593,1116,594,425,423,1431
1005,593,1116,594,425,1027,424,423,1431
1008,1009
1008,1009,1500
1009,1500
1014,688,683,1116,593,592,594,425,1027
1014,688,683,1116,593,1005,594,425,1027
1014,688,683,1116,593,986,594,425,1027
1014,688,683,1116,594,425,1027
1014,688,1116,593,592,594,425,1027
1014,688,1116,593,1005,594,425,1027
1014,688,1116,593,986,594,425,1027
1014,688,1116,594,425,1027
1014,688,1115
1014,688,683
1014,688,1116,683
1014,688,1116
1014,688,683,1116,593,592,594,425,423,1431
1014,688,683,1116,593,592,594,425,1027,424,423,1431
1014,688,683,1116,593,1005,594,425,423,1431
1014,688,683,1116,593,1005,594,425,1027,424,423,1431
1014,688,683,1116,593,986,594,425,423,1431
1014,688,683,1116,593,986,594,425,1027,424,423,1431
1014,688,683,1116,594,425,423,1431
1014,688,683,1116,594,425,1027,424,423,1431
1014,688,1116,593,592,594,425,423,1431
1014,688,1116,593,592,594,425,1027,424,423,1431
1014,688,1116,593,1005,594,425,423,1431
1014,688,1116,593,1005,594,425,1027,424,423,1431
1014,688,1116,593,986,594,425,423,1431
1014,688,1116,593,986,594,425,1027,424,423,1431
1014,688,1116,594,425,423,1431
1014,688,1116,594,425,1027,424,423,1431
1022,200,1045
1022,200,1052
1022,200,1069,149,1126,586,1052
1022,200,1069,149,1126,586,1760,147,1052
1022,200,1069,149,1126,147,1052
1022,200,1069,149,1760,586,1052
1022,200,1069,149,1760,147,1052
1022,200,1069,586,1052
1022,200,1069,586,1126,147,1052
1022,200,1069,586,1760,147,1052
1022,200,1126,149,1760,586,1052
1022,200,1126,149,1760,147,1052
1022,200,1126,586,1052
1022,200,1126,586,1760,147,1052
1022,200,1126,147,1052
1022,200,1760,586,1052
1022,200,1760,147,1052
1022,200,1052,147
1022,200,1052,586,1069,149,1126,147
1022,200,1052,586,1069,149,1760,147
1022,200,1052,586,1126,149,1760,147
1022,200,1052,586,1126,147
1022,200,1052,586,1760,147
1022,200,1069,149,1126,586,1760,147
1022,200,1069,149,1126,147
1022,200,1069,149,1760,147
1022,200,1069,586,1052,147
1022,200,1069,586,1126,147
1022,200,1069,586,1760,147
1022,200,1126,149,1760,147
1022,200,1126,586,1760,147
1022,200,1126,147
1022,200,1760,147
1022,200,1052,586
1022,200,1069,149,1126,586
1022,200,1069,149,1760,586
1022,200,1069,586
1022,200,1126,149,1760,586
1022,200,1126,586
1022,200,1760,586
1022,200,1069
1022,200,1126,149,1069
1022,200,1126,149,1760,586,1069
1022,200,1126,586,1069
1022,200,1126,147,1760,149,1069
1022,200,1126,147,1760,586,1069
1022,200,1760,149,1069
1022,200,1760,586,1069
1022,200,1052,147,1126,149
1022,200,1052,147,1760,149
1022,200,1052,586,1069,149
1022,200,1052,586,1126,149
1022,200,1052,586,1760,149
1022,200,1069,149
1022,200,1126,149
1022,200,1760,149
1022,200,1126
1022,200,1760,149,1126
1022,200,1760,586,1126
1022,200,1760,147,1126
1022,200,1334
1022,200,1394
1022,200,1400
1022,200,1760
1027,425,594,592,593,1116,688,1115
1027,425,594,592,593,1116,683,688,1115
1027,425,594,986,593,1116,688,1115
1027,425,594,986,593,1116,683,688,1115
1027,425,594,1005,593,1116,688,1115
1027,425,594,1005,593,1116,683,688,1115
1027,425,594,1116,688,1115
1027,425,594,1116,683,688,1115
1027,425,594,592,593,1116,683
1027,425,594,986,593,1116,683
1027,425,594,1005,593,1116,683
1027,425,594,1116,683
1027,425,594,1116
1027,424,423,1431
1027,425,423,1431
1033,332,1582
1034,1035
1034,1035,1096
1035,1096
1039,31
1045,200,1052
1045,200,1069,149,1126,586,1052
1045,200,1069,149,1126,586,1760,147,1052
1045,200,1069,149,1126,147,1052
1045,200,1069,149,1760,586,1052
1045,200,1069,149,1760,147,1052
1045,200,1069,586,1052
1045,200,1069,586,1126,147,1052
1045,200,1069,586,1760,147,1052
1045,200,1126,149,1760,586,1052
1045,200,1126,149,1760,147,1052
1045,200,1126,586,1052
1045,200,1126,586,1760,147,1052
1045,200,1126,147,1052
1045,200,1760,586,1052
1045,200,1760,147,1052
1045,200,1052,147
1045,200,1052,586,1069,149,1126,147
1045,200,1052,586,1069,149,1760,147
1045,200,1052,586,1126,149,1760,147
1045,200,1052,586,1126,147
1045,200,1052,586,1760,147
1045,200,1069,149,1126,586,1760,147
1045,200,1069,149,1126,147
1045,200,1069,149,1760,147
1045,200,1069,586,1052,147
1045,200,1069,586,1126,147
1045,200,1069,586,1760,147
1045,200,1126,149,1760,147
1045,200,1126,586,1760,147
1045,200,1126,147
1045,200,1760,147
1045,200,1052,586
1045,200,1069,149,1126,586
1045,200,1069,149,1760,586
1045,200,1069,586
1045,200,1126,149,1760,586
1045,200,1126,586
1045,200,1760,586
1045,200,1069
1045,200,1126,149,1069
1045,200,1126,149,1760,586,1069
1045,200,1126,586,1069
1045,200,1126,147,1760,149,1069
1045,200,1126,147,1760,586,1069
1045,200,1760,149,1069
1045,200,1760,586,1069
1045,200,1052,147,1126,149
1045,200,1052,147,1760,149
1045,200,1052,586,1069,149
1045,200,1052,586,1126,149
1045,200,1052,586,1760,149
1045,200,1069,149
1045,200,1126,149
1045,200,1760,149
1045,200,1126
1045,200,1760,149,1126
1045,200,1760,586,1126
1045,200,1760,147,1126
1045,200,1334
1045,200,1394
1045,200,1400
1045,200,1760
1052,147
1052,586,1069,149,1126,147
1052,586,1069,149,1760,147
1052,586,1126,149,1760,147
1052,586,1126,147
1052,586,1760,147
1052,586
1052,200,1069
1052,200,1126,149,1069
1052,200,1126,149,1760,586,1069
1052,200,1126,586,1069
1052,200,1126,147,1760,149,1069
1052,200,1126,147,1760,586,1069
1052,200,1760,149,1069
1052,200,1760,586,1069
1052,147,1126,200,1069
1052,147,1126,149,1069
1052,147,1126,149,1760,586,1069
1052,147,1126,586,1069
1052,147,1760,200,1069
1052,147,1760,149,1069
1052,147,1760,586,1069
1052,586,1069
1052,586,1126,149,1069
1052,586,1760,149,1069
1052,200,1069,149
1052,200,1126,149
1052,200,1760,149
1052,147,1126,149
1052,147,1760,149
1052,586,1069,149
1052,586,1126,149
1052,586,1760,149
1052,200,1126
1052,200,1760,149,1126
1052,200,1760,586,1126
1052,200,1760,147,1126
1052,147,1126
1052,147,1760,149,1126
1052,147,1760,586,1126
1052,586,1126
1052,586,1760,149,1126
1052,200,1334
1052,147,1126,200,1334
1052,147,1126,149,1069,200,1334
1052,147,1126,149,1069,586,1760,200,1334
1052,147,1126,149,1760,200,1334
1052,147,1126,586,1069,200,1334
1052,147,1126,586,1760,200,1334
1052,147,1760,200,1334
1052,147,1760,149,1069,200,1334
1052,147,1760,586,1069,200,1334
1052,586,1069,200,1334
1052,586,1069,149,1126,200,1334
1052,586,1069,149,1760,200,1334
1052,586,1126,200,1334
1052,586,1126,149,1760,200,1334
1052,586,1760,200,1334
1052,200,1394
1052,147,1126,200,1394
1052,147,1126,149,1069,200,1394
1052,147,1126,149,1069,586,1760,200,1394
1052,147,1126,149,1760,200,1394
1052,147,1126,586,1069,200,1394
1052,147,1126,586,1760,200,1394
1052,147,1760,200,1394
1052,147,1760,149,1069,200,1394
1052,147,1760,586,1069,200,1394
1052,586,1069,200,1394
1052,586,1069,149,1126,200,1394
1052,586,1069,149,1760,200,1394
1052,586,1126,200,1394
1052,586,1126,149,1760,200,1394
1052,586,1760,200,1394
1052,200,1400
1052,147,1126,200,1400
1052,147,1126,149,1069,200,1400
1052,147,1126,149,1069,586,1760,200,1400
1052,147,1126,149,1760,200,1400
1052,147,1126,586,1069,200,1400
1052,147,1126,586,1760,200,1400
1052,147,1760,200,1400
1052,147,1760,149,1069,200,1400
1052,147,1760,586,1069,200,1400
1052,586,1069,200,1400
1052,586,1069,149,1126,200,1400
1052,586,1069,149,1760,200,1400
1052,586,1126,200,1400
1052,586,1126,149,1760,200,1400
1052,586,1760,200,1400
1052,200,1760
1052,147,1760
1052,586,1760
147,1052,586
147,1126,149,1069,586
147,1126,149,1760,586
147,1126,586
147,1760,149,1069,586
147,1760,586
147,1052,200,1069
147,1052,586,1069
147,1126,200,1069
147,1126,149,1069
147,1126,149,1760,586,1069
147,1126,586,1069
147,1760,200,1069
147,1760,149,1069
147,1760,586,1069
147,1052,200,1069,149
147,1052,586,1069,149
147,1052,586,1126,149
147,1052,586,1760,149
147,1126,149
147,1760,149
147,1126
147,1760,149,1126
147,1760,586,1126
147,1052,200,1334
147,1052,586,1069,200,1334
147,1052,586,1069,149,1126,200,1334
147,1052,586,1069,149,1760,200,1334
147,1052,586,1126,200,1334
147,1052,586,1126,149,1760,200,1334
147,1052,586,1760,200,1334
147,1126,200,1334
147,1126,149,1069,200,1334
147,1126,149,1069,586,1760,200,1334
147,1126,149,1760,200,1334
147,1126,586,1069,200,1334
147,1126,586,1760,200,1334
147,1760,200,1334
147,1760,149,1069,200,1334
147,1760,586,1069,200,1334
147,1052,200,1394
147,1052,586,1069,200,1394
147,1052,586,1069,149,1126,200,1394
147,1052,586,1069,149,1760,200,1394
147,1052,586,1126,200,1394
147,1052,586,1126,149,1760,200,1394
147,1052,586,1760,200,1394
147,1126,200,1394
147,1126,149,1069,200,1394
147,1126,149,1069,586,1760,200,1394
147,1126,149,1760,200,1394
147,1126,586,1069,200,1394
147,1126,586,1760,200,1394
147,1760,200,1394
147,1760,149,1069,200,1394
147,1760,586,1069,200,1394
147,1052,200,1400
147,1052,586,1069,200,1400
147,1052,586,1069,149,1126,200,1400
147,1052,586,1069,149,1760,200,1400
147,1052,586,1126,200,1400
147,1052,586,1126,149,1760,200,1400
147,1052,586,1760,200,1400
147,1126,200,1400
147,1126,149,1069,200,1400
147,1126,149,1069,586,1760,200,1400
147,1126,149,1760,200,1400
147,1126,586,1069,200,1400
147,1126,586,1760,200,1400
147,1760,200,1400
147,1760,149,1069,200,1400
147,1760,586,1069,200,1400
147,1760
586,1069
586,1126,149,1069
586,1760,149,1069
586,1069,149
586,1126,149
586,1760,149
586,1126
586,1760,149,1126
586,1052,200,1334
586,1069,200,1334
586,1069,149,1126,200,1334
586,1069,149,1760,200,1334
586,1126,200,1334
586,1126,149,1760,200,1334
586,1760,200,1334
586,1052,200,1394
586,1069,200,1394
586,1069,149,1126,200,1394
586,1069,149,1760,200,1394
586,1126,200,1394
586,1126,149,1760,200,1394
586,1760,200,1394
586,1052,200,1400
586,1069,200,1400
586,1069,149,1126,200,1400
586,1069,149,1760,200,1400
586,1126,200,1400
586,1126,149,1760,200,1400
586,1760,200,1400
586,1760
1067,670
1069,149
1069,200,1126
1069,200,1760,149,1126
1069,200,1760,586,1126
1069,200,1760,147,1126
1069,149,1126
1069,149,1760,586,1126
1069,149,1760,147,1126
1069,586,1126
1069,586,1760,147,1126
1069,200,1334
1069,149,1126,200,1334
1069,149,1126,586,1760,200,1334
1069,149,1126,147,1760,200,1334
1069,149,1760,200,1334
1069,586,1126,200,1334
1069,586,1126,147,1760,200,1334
1069,586,1760,200,1334
1069,200,1394
1069,149,1126,200,1394
1069,149,1126,586,1760,200,1394
1069,149,1126,147,1760,200,1394
1069,149,1760,200,1394
1069,586,1126,200,1394
1069,586,1126,147,1760,200,1394
1069,586,1760,200,1394
1069,200,1400
1069,149,1126,200,1400
1069,149,1126,586,1760,200,1400
1069,149,1126,147,1760,200,1400
1069,149,1760,200,1400
1069,586,1126,200,1400
1069,586,1126,147,1760,200,1400
1069,586,1760,200,1400
1069,200,1760
1069,149,1760
1069,586,1760
149,1126
149,1069,200,1334
149,1069,586,1052,200,1334
149,1126,200,1334
149,1126,586,1052,200,1334
149,1126,147,1052,200,1334
149,1760,200,1334
149,1760,586,1052,200,1334
149,1760,147,1052,200,1334
149,1069,200,1394
149,1069,586,1052,200,1394
149,1126,200,1394
149,1126,586,1052,200,1394
149,1126,147,1052,200,1394
149,1760,200,1394
149,1760,586,1052,200,1394
149,1760,147,1052,200,1394
149,1069,200,1400
149,1069,586,1052,200,1400
149,1126,200,1400
149,1126,586,1052,200,1400
149,1126,147,1052,200,1400
149,1760,200,1400
149,1760,586,1052,200,1400
149,1760,147,1052,200,1400
149,1760
1070,61,1427
1081,1082
1081,1082,1094
1081,1082,1144
1082,1094
1082,1144
1094,1082,1144
1111,1112
1115,688,683
1115,688,1116,683
1115,688,1116
1115,688,683,1116,593,592,594,425,423,1431
1115,688,683,1116,593,592,594,425,1027,424,423,1431
1115,688,683,1116,593,1005,594,425,423,1431
1115,688,683,1116,593,1005,594,425,1027,424,423,1431
1115,688,683,1116,593,986,594,425,423,1431
1115,688,683,1116,593,986,594,425,1027,424,423,1431
1115,688,683,1116,594,425,423,1431
1115,688,683,1116,594,425,1027,424,423,1431
1115,688,1116,593,592,594,425,423,1431
1115,688,1116,593,592,594,425,1027,424,423,1431
1115,688,1116,593,1005,594,425,423,1431
1115,688,1116,593,1005,594,425,1027,424,423,1431
1115,688,1116,593,986,594,425,423,1431
1115,688,1116,593,986,594,425,1027,424,423,1431
1115,688,1116,594,425,423,1431
1115,688,1116,594,425,1027,424,423,1431
683,1116
683,1116,593,592,594,425,423,1431
683,1116,593,592,594,425,1027,424,423,1431
683,1116,593,1005,594,425,423,1431
683,1116,593,1005,594,425,1027,424,423,1431
683,1116,593,986,594,425,423,1431
683,1116,593,986,594,425,1027,424,423,1431
683,1116,594,425,423,1431
683,1116,594,425,1027,424,423,1431
1116,594,425,423,1431
1116,594,425,1027,424,423,1431
1119,174,173,1639
1119,175,173,1639
1124,641,642,1154
1124,641,1170
1126,200,1334
1126,149,1760,200,1334
1126,586,1760,200,1334
1126,147,1760,200,1334
1126,200,1394
1126,149,1760,200,1394
1126,586,1760,200,1394
1126,147,1760,200,1394
1126,200,1400
1126,149,1760,200,1400
1126,586,1760,200,1400
1126,147,1760,200,1400
1126,200,1760
1126,149,1760
1126,586,1760
1126,147,1760
1134,1729
1134,1729,1153
1134,282,1778
1134,428,429,1796
1135,1136
1135,1136,1559
1135,1136,1356
1136,1559
1136,1356
1154,642,641,1170
1157,88
1160,845,1281
1160,845,1483
1164,1165
1193,276
1194,579,578,161,160,1316
1209,1210
1209,1210,1676
1210,1676
1239,1240
1239,1240,1421
1239,1240,1421,1127
1240,1421
1240,1421,1127
1244,313,771,1277
1244,772,771,1277
1258,598
1261,952
1261,689
1261,829
1261,1262
952,1261,689
952,1261,829
952,1261,1262
689,1261,829
689,1261,1262
829,1261,1262
1281,845,1483
1297,476,993,1506
1301,611,1241
1301,1670
1310,1311
1323,216,1804
1330,311,1498
1334,200,1394
1334,200,1400
1334,200,1760
1346,798
1393,72,1807
1394,200,1400
1394,200,1760
1397,964
1400,200,1760
1402,1403
1402,1403,1578
1403,1578
1416,1417
1421,1127
1430,65,1626
1430,65,1797
1430,65,1797,1337
1430,65,1797,554
1434,1435
1241,611,1301,1670
1449,381
1452,364,363,1503
1464,1465
1464,1465,1588
1464,1465,1683
1465,1588
1465,1683
1521,955
1526,1168
1533,19,1589
1533,19,1753
1534,1535
1559,1136,1356
1561,1562
1561,293
1562,1561,293
1570,1184
1588,1465,1683
1589,19,1753
1593,731,1776
1598,1599
1598,1599,1682
1599,1682
1600,79
1608,1179
1608,862
1179,1608,862
1613,1128
1626,65,1797
1626,65,1797,1337
1626,65,1797,554
1663,247,1768
1709,1220
1726,176
1726,350
176,1726,350
1729,1153
1729,1134,282,1778
1729,1134,428,429,1796
1153,1729,1134,282,1778
1153,1729,1134,428,429,1796
1733,1221
1733,51
1221,1733,51
1778,282,1134,428,429,1796
1797,1337
1797,554
1337,1797,554
