6,7
9,10
9,10,95
9,10,394
9,10,543
10,95
10,394
10,543
23,24
23,24,258
23,24,314
23,24,314,447,446
23,24,314,447
23,24,516
23,24,314,447,28
24,258
24,314
24,314,447,446
24,314,447
24,516
24,314,447,28
25,26
25,26,76
25,26,213
25,26,231
25,26,273
25,26,285
26,76
26,213
26,231
26,273
26,285
31,32
31,33,179,32
31,33,332,32
31,33,458,32
31,332,32
31,332,33,179,32
31,332,33,458,32
31,458,32
31,458,33,179,32
31,33
31,332,33
31,458,33
31,32,179
31,33,179
31,332,32,179
31,332,32,458,33,179
31,332,33,179
31,458,32,179
31,458,33,179
31,277
31,332
31,458,32,332
31,458,33,332
31,32,179,33,332,333
31,32,332,333
31,32,458,33,332,333
31,33,332,333
31,332,333
31,458,32,179,33,332,333
31,458,32,332,333
31,458,33,332,333
31,32,168
31,33,179,32,168
31,33,332,32,168
31,33,458,32,168
31,332,32,168
31,332,33,179,32,168
31,332,33,458,32,168
31,458,32,168
31,458,33,179,32,168
31,458
32,31,33
32,179,33
32,332,33
32,458,33
32,179
32,332,33,179
32,458,33,179
32,31,277
32,179,33,31,277
32,179,33,332,31,277
32,179,33,458,31,277
32,332,31,277
32,332,33,31,277
32,332,33,458,31,277
32,458,33,31,277
32,458,31,277
32,332
32,458,33,332
32,31,33,332,333
32,179,33,332,333
32,332,333
32,458,33,332,333
32,168
32,458
33,179
33,31,277
33,332,31,277
33,458,31,277
33,332
33,332,333
33,31,32,168
33,179,32,168
33,332,32,168
33,458,32,168
33,458
35,36
35,36,167
35,36,428
35,36,438
36,167
36,428
36,438
38,39
38,39,292
38,39,506,293,292
38,39,292,293
38,39,506,293
38,39,371
38,39,430
38,39,292,293,476
38,39,506,293,476
38,39,506
38,39,292,293,515
38,39,506,293,515
39,292
39,506,293,292
39,292,293
39,506,293
39,371
39,430
39,292,293,476
39,506,293,476
39,506
39,292,293,515
39,506,293,515
43,44
43,45
44,43,45
51,52
51,52,53
51,52,54,53
51,52,54
51,52,53,54,16
51,52,54,16
51,52,53,54,150
51,52,54,150
51,52,53,54,16,182
51,52,54,16,182
51,52,219
51,52,219,296,238
51,52,248
51,52,53,54,278
51,52,54,278
51,52,219,296
52,53
52,54,53
52,54
52,53,54,16
52,54,16
52,53,54,150
52,54,150
52,53,54,16,182
52,54,16,182
52,219
52,219,296,238
52,248
52,53,54,278
52,54,278
52,219,296
53,54
53,54,16
53,54,150
53,54,16,182
53,52,219
53,54,52,219
53,52,219,296,238
53,54,52,219,296,238
53,52,248
53,54,52,248
53,54,278
53,52,219,296
53,54,52,219,296
54,16
54,150
54,16,182
54,52,219
54,52,219,296,238
54,52,248
54,278
54,52,219,296
16,54,150
16,182
16,54,53,52,219
16,54,52,219
16,54,53,52,219,296,238
16,54,52,219,296,238
16,54,53,52,248
16,54,52,248
16,54,278
16,54,53,52,219,296
16,54,52,219,296
57,58
57,59,113,58
57,59,276,58
57,59,513,58
57,59,534,58
57,59
57,58,113
57,58,276,59,113
57,58,513,59,113
57,58,534,59,113
57,59,113
57,58,113,59,116
57,58,276,59,116
57,58,513,59,116
57,58,534,59,116
57,59,116
57,58,276
57,58,513,59,276
57,58,534,59,276
57,59,276
57,58,405,306
57,58,405,406,306
57,59,113,58,405,306
57,59,113,58,405,406,306
57,59,276,58,405,306
57,59,276,58,405,406,306
57,59,513,58,405,306
57,59,513,58,405,406,306
57,59,534,58,405,306
57,59,534,58,405,406,306
57,58,405,306,307
57,58,405,406,306,307
57,59,113,58,405,306,307
57,59,113,58,405,406,306,307
57,59,276,58,405,306,307
57,59,276,58,405,406,306,307
57,59,513,58,405,306,307
57,59,513,58,405,406,306,307
57,59,534,58,405,306,307
57,59,534,58,405,406,306,307
57,58,113,59,315
57,58,276,59,315
57,58,513,59,315
57,58,534,59,315
57,59,315
57,58,113,59,378
57,58,276,59,378
57,58,513,59,378
57,58,534,59,378
57,59,378
57,58,405
57,59,113,58,405
57,59,276,58,405
57,59,513,58,405
57,59,534,58,405
57,58,405,406
57,59,113,58,405,406
57,59,276,58,405,406
57,59,513,58,405,406
57,59,534,58,405,406
57,58,113,59,490
57,58,276,59,490
57,58,513,59,490
57,58,534,59,490
57,59,490
57,58,513
57,58,534,59,513
57,59,513
57,58,534
57,59,534
57,58,113,59,544
57,58,276,59,544
57,58,513,59,544
57,58,534,59,544
57,59,544
57,58,113,59,574
57,58,276,59,574
57,58,513,59,574
57,58,534,59,574
57,59,574
58,57,59
58,113,59
58,276,59
58,513,59
58,534,59
58,113
58,276,59,113
58,513,59,113
58,534,59,113
58,57,59,116
58,113,59,116
58,276,59,116
58,513,59,116
58,534,59,116
58,276
58,513,59,276
58,534,59,276
58,405,306
58,405,406,306
58,405,306,307
58,405,406,306,307
58,57,59,315
58,113,59,315
58,276,59,315
58,513,59,315
58,534,59,315
58,57,59,378
58,113,59,378
58,276,59,378
58,513,59,378
58,534,59,378
58,405
58,405,406
58,57,59,490
58,113,59,490
58,276,59,490
58,513,59,490
58,534,59,490
58,513
58,534,59,513
58,534
58,57,59,544
58,113,59,544
58,276,59,544
58,513,59,544
58,534,59,544
58,57,59,574
58,113,59,574
58,276,59,574
58,513,59,574
58,534,59,574
59,113
59,116
59,276
59,57,58,405,306
59,57,58,405,406,306
59,113,58,405,306
59,113,58,405,406,306
59,276,58,405,306
59,276,58,405,406,306
59,513,58,405,306
59,513,58,405,406,306
59,534,58,405,306
59,534,58,405,406,306
59,57,58,405,306,307
59,57,58,405,406,306,307
59,113,58,405,306,307
59,113,58,405,406,306,307
59,276,58,405,306,307
59,276,58,405,406,306,307
59,513,58,405,306,307
59,513,58,405,406,306,307
59,534,58,405,306,307
59,534,58,405,406,306,307
59,315
59,378
59,57,58,405
59,113,58,405
59,276,58,405
59,513,58,405
59,534,58,405
59,57,58,405,406
59,113,58,405,406
59,276,58,405,406
59,513,58,405,406
59,534,58,405,406
59,490
59,513
59,534
59,544
59,574
76,26,213
76,26,231
76,26,273
76,26,285
85,86
95,10,394
95,10,543
110,111
110,111,195,196,175,173
110,111,195,196,91,569,568,174,173
110,111,195,196,540,173
110,111,175,173
110,111,175,196,91,569,568,174,173
110,111,175,196,540,173
110,111,514,196,175,173
110,111,514,196,91,569,568,174,173
110,111,514,196,540,173
110,111,540,173
110,111,540,196,91,569,568,174,173
110,111,568,174,173
110,111,568,569,91,196,175,173
110,111,568,569,91,196,540,173
110,111,569,568,174,173
110,111,569,91,196,175,173
110,111,569,91,196,540,173
110,111,195,196,175,173,174
110,111,195,196,91,569,568,174
110,111,195,196,540,173,174
110,111,175,173,174
110,111,175,173,540,196,91,569,568,174
110,111,175,196,91,569,568,174
110,111,175,196,540,173,174
110,111,514,196,175,173,174
110,111,514,196,91,569,568,174
110,111,514,196,540,173,174
110,111,540,173,174
110,111,540,196,91,569,568,174
110,111,568,174
110,111,569,568,174
110,111,569,91,196,175,173,174
110,111,569,91,196,540,173,174
110,111,195,196,175
110,111,195,196,91,569,568,174,173,175
110,111,195,196,540,173,175
110,111,175
110,111,514,196,175
110,111,514,196,91,569,568,174,173,175
110,111,514,196,540,173,175
110,111,540,173,175
110,111,540,196,175
110,111,568,174,173,175
110,111,568,174,173,540,196,175
110,111,568,569,91,196,175
110,111,568,569,91,196,540,173,175
110,111,569,568,174,173,175
110,111,569,568,174,173,540,196,175
110,111,569,91,196,175
110,111,569,91,196,540,173,175
110,111,195
110,111,514,196,195
110,111,540,173,174,568,569,91,196,195
110,111,540,196,195
110,111,568,174,173,175,196,195
110,111,568,174,173,540,196,195
110,111,568,569,91,196,195
110,111,569,568,174,173,175,196,195
110,111,569,568,174,173,540,196,195
110,111,569,91,196,195
110,111,195,196
110,111,175,196
110,111,514,196
110,111,540,196
110,111,568,174,173,175,196
110,111,568,174,173,540,196
110,111,568,569,91,196
110,111,569,568,174,173,175,196
110,111,569,568,174,173,540,196
110,111,569,91,196
110,111,195,196,91
110,111,175,173,174,568,569,91
110,111,175,173,540,196,91
110,111,175,196,91
110,111,514,196,91
110,111,514,196,540,173,174,568,569,91
110,111,540,173,174,568,569,91
110,111,540,196,91
110,111,568,174,173,175,196,91
110,111,568,174,173,540,196,91
110,111,568,569,91
110,111,569,91
110,111,514
110,111,540,196,514
110,111,568,174,173,175,196,514
110,111,568,174,173,540,196,514
110,111,568,569,91,196,514
110,111,569,568,174,173,175,196,514
110,111,569,568,174,173,540,196,514
110,111,569,91,196,514
110,111,540
110,111,568,174,173,540
110,111,568,569,91,196,540
110,111,569,568,174,173,540
110,111,569,91,196,540
110,111,568
110,111,569,568
110,111,569
111,195,196,175,173
111,195,196,91,569,568,174,173
111,195,196,540,173
111,175,173
111,175,196,91,569,568,174,173
111,175,196,540,173
111,514,196,175,173
111,514,196,91,569,568,174,173
111,514,196,540,173
111,540,173
111,540,196,91,569,568,174,173
111,568,174,173
111,568,569,91,196,175,173
111,568,569,91,196,540,173
111,569,568,174,173
111,569,91,196,175,173
111,569,91,196,540,173
111,195,196,175,173,174
111,195,196,91,569,568,174
111,195,196,540,173,174
111,175,173,174
111,175,173,540,196,91,569,568,174
111,175,196,91,569,568,174
111,175,196,540,173,174
111,514,196,175,173,174
111,514,196,91,569,568,174
111,514,196,540,173,174
111,540,173,174
111,540,196,91,569,568,174
111,568,174
111,569,568,174
111,569,91,196,175,173,174
111,569,91,196,540,173,174
111,195,196,175
111,195,196,91,569,568,174,173,175
111,195,196,540,173,175
111,175
111,514,196,175
111,514,196,91,569,568,174,173,175
111,514,196,540,173,175
111,540,173,175
111,540,196,175
111,568,174,173,175
111,568,174,173,540,196,175
111,568,569,91,196,175
111,568,569,91,196,540,173,175
111,569,568,174,173,175
111,569,568,174,173,540,196,175
111,569,91,196,175
111,569,91,196,540,173,175
111,195
111,514,196,195
111,540,173,174,568,569,91,196,195
111,540,196,195
111,568,174,173,175,196,195
111,568,174,173,540,196,195
111,568,569,91,196,195
111,569,568,174,173,175,196,195
111,569,568,174,173,540,196,195
111,569,91,196,195
111,195,196
111,175,196
111,514,196
111,540,196
111,568,174,173,175,196
111,568,174,173,540,196
111,568,569,91,196
111,569,568,174,173,175,196
111,569,568,174,173,540,196
111,569,91,196
111,195,196,91
111,175,173,174,568,569,91
111,175,173,540,196,91
111,175,196,91
111,514,196,91
111,514,196,540,173,174,568,569,91
111,540,173,174,568,569,91
111,540,196,91
111,568,174,173,175,196,91
111,568,174,173,540,196,91
111,568,569,91
111,569,91
111,514
111,540,196,514
111,568,174,173,175,196,514
111,568,174,173,540,196,514
111,568,569,91,196,514
111,569,568,174,173,175,196,514
111,569,568,174,173,540,196,514
111,569,91,196,514
111,540
111,568,174,173,540
111,568,569,91,196,540
111,569,568,174,173,540
111,569,91,196,540
111,568
111,569,568
111,569
113,59,116
113,58,276,59,116
113,58,513,59,116
113,58,534,59,116
113,59,276
113,59,513,58,276
113,59,534,58,276
113,58,276
113,59,276,58,405,306
113,59,276,58,405,406,306
113,59,513,58,405,306
113,59,513,58,405,406,306
113,59,534,58,405,306
113,59,534,58,405,406,306
113,58,405,306
113,58,405,406,306
113,59,276,58,405,306,307
113,59,276,58,405,406,306,307
113,59,513,58,405,306,307
113,59,513,58,405,406,306,307
113,59,534,58,405,306,307
113,59,534,58,405,406,306,307
113,58,405,306,307
113,58,405,406,306,307
113,59,315
113,58,276,59,315
113,58,513,59,315
113,58,534,59,315
113,59,378
113,58,276,59,378
113,58,513,59,378
113,58,534,59,378
113,59,276,58,405
113,59,513,58,405
113,59,534,58,405
113,58,405
113,59,276,58,405,406
113,59,513,58,405,406
113,59,534,58,405,406
113,58,405,406
113,59,490
113,58,276,59,490
113,58,513,59,490
113,58,534,59,490
113,59,513
113,59,534,58,513
113,58,513
113,59,534
113,58,534
113,59,544
113,58,276,59,544
113,58,513,59,544
113,58,534,59,544
113,59,574
113,58,276,59,574
113,58,513,59,574
113,58,534,59,574
116,59,276
116,59,513,58,276
116,59,534,58,276
116,59,57,58,405,306
116,59,57,58,405,406,306
116,59,113,58,405,306
116,59,113,58,405,406,306
116,59,276,58,405,306
116,59,276,58,405,406,306
116,59,513,58,405,306
116,59,513,58,405,406,306
116,59,534,58,405,306
116,59,534,58,405,406,306
116,59,57,58,405,306,307
116,59,57,58,405,406,306,307
116,59,113,58,405,306,307
116,59,113,58,405,406,306,307
116,59,276,58,405,306,307
116,59,276,58,405,406,306,307
116,59,513,58,405,306,307
116,59,513,58,405,406,306,307
116,59,534,58,405,306,307
116,59,534,58,405,406,306,307
116,59,315
116,59,378
116,59,57,58,405
116,59,113,58,405
116,59,276,58,405
116,59,513,58,405
116,59,534,58,405
116,59,57,58,405,406
116,59,113,58,405,406
116,59,276,58,405,406
116,59,513,58,405,406
116,59,534,58,405,406
116,59,490
116,59,513
116,59,534,58,513
116,59,534
116,59,544
116,59,574
118,119
118,119,133
118,119,172
118,119,188
118,119,253
118,119,289
118,119,331
118,119,379
118,119,388
118,119,426
118,119,459
118,119,492
118,119,503
118,119,512
118,119,524
118,119,527
119,133
119,172
119,188
119,253
119,289
119,331
119,379
119,388
119,426
119,459
119,492
119,503
119,512
119,524
119,527
124,125
124,126,125
124,126
124,125,126,143
124,126,143
125,126
125,126,143
126,143
133,119,172
133,119,188
133,119,253
133,119,289
133,119,331
133,119,379
133,119,388
133,119,426
133,119,459
133,119,492
133,119,503
133,119,512
133,119,524
133,119,527
142,136
147,148
150,54,16,182
150,54,53,52,219
150,54,52,219
150,54,53,52,219,296,238
150,54,52,219,296,238
150,54,53,52,248
150,54,52,248
150,54,278
150,54,53,52,219,296
150,54,52,219,296
156,157
158,159
158,532,159
158,532,309,159
158,160
158,159,309
158,532,309
158,159,309,310
158,159,532,309,310
158,532,309,310
158,159,309,311
158,159,532,309,311
158,532,309,311
158,159,309,312
158,159,532,309,312
158,532,309,312
158,532
159,158,160
159,309,532,158,160
159,532,158,160
159,309
159,532,309
159,309,310
159,532,309,310
159,309,311
159,532,309,311
159,309,312
159,532,309,312
159,532
160,158,159,309
160,158,532,309
160,158,159,309,310
160,158,159,532,309,310
160,158,532,309,310
160,158,159,309,311
160,158,159,532,309,311
160,158,532,309,311
160,158,159,309,312
160,158,159,532,309,312
160,158,532,309,312
160,158,532
164,165
164,130,261,165
164,166,261,165
164,130
164,166,261,130
164,166
164,165,261
164,130,261
164,166,261
165,164,130
165,164,166,261,130
165,261,130
165,164,166
165,261,166
165,261
130,164,166
130,261,166
130,261
166,261
167,36,428
167,36,438
169,170
172,119,188
172,119,253
172,119,289
172,119,331
172,119,379
172,119,388
172,119,426
172,119,459
172,119,492
172,119,503
172,119,512
172,119,524
172,119,527
173,174
173,175,196,91,569,568,174
173,540,196,91,569,568,174
173,175
173,540,196,175
173,174,568,111,195
173,174,568,111,514,196,195
173,174,568,569,111,195
173,174,568,569,111,514,196,195
173,174,568,569,91,196,195
173,174,568,569,91,196,514,111,195
173,175,111,195
173,175,111,514,196,195
173,175,111,568,569,91,196,195
173,175,111,569,91,196,195
173,175,196,195
173,540,111,195
173,540,111,514,196,195
173,540,111,568,569,91,196,195
173,540,111,569,91,196,195
173,540,196,195
173,174,568,111,195,196
173,174,568,111,514,196
173,174,568,111,569,91,196
173,174,568,569,111,195,196
173,174,568,569,111,514,196
173,174,568,569,91,196
173,175,196
173,540,196
173,174,568,111,195,196,91
173,174,568,111,514,196,91
173,174,568,111,569,91
173,174,568,569,91
173,175,111,195,196,91
173,175,111,514,196,91
173,175,111,568,569,91
173,175,111,569,91
173,175,196,91
173,175,196,514,111,568,569,91
173,175,196,514,111,569,91
173,540,111,195,196,91
173,540,111,514,196,91
173,540,111,568,569,91
173,540,111,569,91
173,540,196,91
173,540,196,514,111,568,569,91
173,540,196,514,111,569,91
173,174,568,111,514
173,174,568,569,111,514
173,174,568,569,91,196,514
173,175,111,514
173,175,196,514
173,540,111,514
173,540,196,514
173,540
173,174,568
173,175,111,568
173,175,111,569,568
173,175,196,195,111,568
173,175,196,195,111,569,568
173,175,196,91,569,568
173,175,196,514,111,568
173,175,196,514,111,569,568
173,175,196,540,111,568
173,175,196,540,111,569,568
173,540,111,568
173,540,111,569,568
173,540,196,195,111,568
173,540,196,195,111,569,568
173,540,196,91,569,568
173,540,196,514,111,568
173,540,196,514,111,569,568
173,174,568,569
173,175,111,569
173,175,196,195,111,569
173,175,196,91,569
173,175,196,514,111,569
173,175,196,540,111,569
173,540,111,569
173,540,196,195,111,569
173,540,196,91,569
173,540,196,514,111,569
174,173,175
174,173,540,111,195,196,175
174,173,540,111,175
174,173,540,111,514,196,175
174,173,540,111,569,91,196,175
174,173,540,196,175
174,568,111,195,196,175
174,568,111,195,196,540,173,175
174,568,111,175
174,568,111,514,196,175
174,568,111,514,196,540,173,175
174,568,111,540,173,175
174,568,111,540,196,175
174,568,569,111,195,196,175
174,568,569,111,195,196,540,173,175
174,568,569,111,175
174,568,569,111,514,196,175
174,568,569,111,514,196,540,173,175
174,568,569,111,540,173,175
174,568,569,111,540,196,175
174,568,569,91,196,195,111,175
174,568,569,91,196,195,111,540,173,175
174,568,569,91,196,175
174,568,569,91,196,514,111,175
174,568,569,91,196,514,111,540,173,175
174,568,569,91,196,540,173,175
174,568,569,91,196,540,111,175
174,173,175,111,195
174,173,175,111,514,196,195
174,173,175,111,569,91,196,195
174,173,175,196,195
174,173,540,111,195
174,173,540,111,514,196,195
174,173,540,111,569,91,196,195
174,173,540,196,195
174,568,111,195
174,568,111,514,196,195
174,568,111,540,196,195
174,568,569,111,195
174,568,569,111,514,196,195
174,568,569,111,540,196,195
174,568,569,91,196,195
174,568,569,91,196,514,111,195
174,568,569,91,196,540,111,195
174,173,175,196
174,173,540,196
174,568,111,195,196
174,568,111,175,196
174,568,111,514,196
174,568,111,540,196
174,568,111,569,91,196
174,568,569,111,195,196
174,568,569,111,175,196
174,568,569,111,514,196
174,568,569,111,540,196
174,568,569,91,196
174,173,175,111,195,196,91
174,173,175,111,514,196,91
174,173,175,111,540,196,91
174,173,175,111,569,91
174,173,175,196,91
174,173,175,196,514,111,569,91
174,173,540,111,195,196,91
174,173,540,111,514,196,91
174,173,540,111,569,91
174,173,540,196,91
174,173,540,196,514,111,569,91
174,568,111,195,196,91
174,568,111,175,173,540,196,91
174,568,111,175,196,91
174,568,111,514,196,91
174,568,111,540,196,91
174,568,111,569,91
174,568,569,91
174,173,175,111,514
174,173,175,196,514
174,173,540,111,514
174,173,540,196,514
174,568,111,514
174,568,111,540,196,514
174,568,569,111,514
174,568,569,111,540,196,514
174,568,569,91,196,514
174,568,569,91,196,540,111,514
174,173,540
174,568,111,540
174,568,569,111,540
174,568,569,91,196,540
174,568
174,173,175,111,569
174,173,175,196,195,111,569
174,173,175,196,91,569
174,173,175,196,514,111,569
174,173,175,196,540,111,569
174,173,540,111,569
174,173,540,196,195,111,569
174,173,540,196,91,569
174,173,540,196,514,111,569
174,568,569
175,173,174,568,111,195
175,173,174,568,111,514,196,195
175,173,174,568,569,111,195
175,173,174,568,569,111,514,196,195
175,173,174,568,569,91,196,195
175,173,174,568,569,91,196,514,111,195
175,173,540,111,195
175,173,540,111,514,196,195
175,173,540,111,568,569,91,196,195
175,173,540,111,569,91,196,195
175,173,540,196,195
175,111,195
175,111,514,196,195
175,111,540,196,195
175,111,568,569,91,196,195
175,111,569,91,196,195
175,196,195
175,196
175,173,174,568,111,195,196,91
175,173,174,568,111,514,196,91
175,173,174,568,569,91
175,173,540,111,195,196,91
175,173,540,111,514,196,91
175,173,540,111,568,569,91
175,173,540,111,569,91
175,173,540,196,91
175,173,540,196,514,111,568,569,91
175,173,540,196,514,111,569,91
175,111,195,196,91
175,111,514,196,91
175,111,540,173,174,568,569,91
175,111,540,196,91
175,111,568,569,91
175,111,569,91
175,196,91
175,196,514,111,568,569,91
175,196,514,111,569,91
175,196,540,111,568,569,91
175,196,540,111,569,91
175,173,174,568,111,514
175,173,174,568,569,111,514
175,173,174,568,569,91,196,514
175,173,540,111,514
175,173,540,196,514
175,111,514
175,111,540,196,514
175,196,514
175,173,540
175,111,540
175,196,540
175,173,174,568
175,173,540,111,568
175,173,540,111,569,568
175,173,540,196,195,111,568
175,173,540,196,195,111,569,568
175,173,540,196,91,569,568
175,173,540,196,514,111,568
175,173,540,196,514,111,569,568
175,111,568
175,111,569,568
175,196,195,111,568
175,196,195,111,569,568
175,196,91,569,568
175,196,514,111,568
175,196,514,111,569,568
175,196,540,173,174,568
175,196,540,111,568
175,196,540,111,569,568
175,173,174,568,569
175,173,540,111,569
175,173,540,196,195,111,569
175,173,540,196,91,569
175,173,540,196,514,111,569
175,111,569
175,196,195,111,569
175,196,91,569
175,196,514,111,569
175,196,540,173,174,568,569
175,196,540,111,569
177,456,455,283
177,456,455,321,284,283
177,456,455,283,284
177,456,455,321,284
177,456,455,321
177,456,455,283,284,321,322
177,456,455,321,322
177,456,455,283,284,321,81
177,456,455,321,81
177,456,455
177,456
177,456,455,266
179,32,31,277
179,32,332,31,277
179,32,332,33,458,31,277
179,32,458,31,277
179,33,31,277
179,33,332,31,277
179,33,458,31,277
179,32,332
179,32,458,33,332
179,32,458,31,332
179,33,332
179,33,458,31,332
179,32,31,332,333
179,32,332,333
179,32,458,33,332,333
179,32,458,31,332,333
179,33,31,332,333
179,33,332,333
179,33,458,31,332,333
179,32,168
179,33,332,32,168
179,33,332,31,458,32,168
179,33,458,32,168
179,32,458
179,33,458
182,16,54,53,52,219
182,16,54,52,219
182,16,54,53,52,219,296,238
182,16,54,52,219,296,238
182,16,54,53,52,248
182,16,54,52,248
182,16,54,278
182,16,54,53,52,219,296
182,16,54,52,219,296
185,186
185,187,523,422,186
185,187,523,260,186
185,187
185,186,422,523,260
185,186,260
185,187,523,422,186,260
185,187,523,260
185,186,339,338
185,187,523,422,186,339,338
185,187,523,260,186,339,338
185,186,339
185,187,523,422,186,339
185,187,523,260,186,339
185,186,422
185,187,523,422
185,186,422,523
185,186,260,523
185,187,523
186,185,187
186,422,523,187
186,260,523,187
186,422,523,260
186,260
186,339,338
186,339
186,422
186,185,187,523
186,422,523
186,260,523
187,185,186,260
187,523,422,186,260
187,523,260
187,185,186,339,338
187,523,422,186,339,338
187,523,260,186,339,338
187,185,186,339
187,523,422,186,339
187,523,260,186,339
187,185,186,422
187,523,422
187,523
188,119,253
188,119,289
188,119,331
188,119,379
188,119,388
188,119,426
188,119,459
188,119,492
188,119,503
188,119,512
188,119,524
188,119,527
195,196
195,111,175,173,174,568,569,91
195,111,514,196,91
195,111,514,196,540,173,174,568,569,91
195,111,540,173,174,568,569,91
195,111,540,196,91
195,111,568,174,173,540,196,91
195,111,568,569,91
195,111,569,91
195,196,91
195,196,514,111,568,569,91
195,196,514,111,569,91
195,196,540,173,174,568,569,91
195,196,540,111,568,569,91
195,196,540,111,569,91
195,111,514
195,111,540,196,514
195,111,568,174,173,540,196,514
195,111,569,568,174,173,540,196,514
195,196,514
195,111,540
195,111,568,174,173,540
195,111,569,568,174,173,540
195,196,540
195,111,568
195,111,569,568
195,196,175,173,174,568
195,196,91,569,568
195,196,514,111,568
195,196,514,111,569,568
195,196,540,173,174,568
195,196,540,111,568
195,196,540,111,569,568
195,111,569
195,196,175,173,174,568,569
195,196,91,569
195,196,514,111,569
195,196,540,173,174,568,569
195,196,540,111,569
196,91
196,514
196,540
196,195,111,568
196,195,111,569,568
196,175,173,174,568
196,175,111,568
196,175,111,569,568
196,91,569,568
196,514,111,568
196,514,111,569,568
196,540,173,174,568
196,540,111,568
196,540,111,569,568
196,195,111,569
196,175,173,174,568,569
196,175,111,569
196,91,569
196,514,111,569
196,540,173,174,568,569
196,540,111,569
204,205
204,206
205,204,206
213,26,231
213,26,273
213,26,285
219,296,238
219,52,248
219,52,53,54,278
219,52,54,278
219,296
231,26,273
231,26,285
238,296,219,52,248
238,296,219,52,53,54,278
238,296,219,52,54,278
238,296
248,52,53,54,278
248,52,54,278
248,52,219,296
253,119,289
253,119,331
253,119,379
253,119,388
253,119,426
253,119,459
253,119,492
253,119,503
253,119,512
253,119,524
253,119,527
255,241
255,151,319,241
255,151,384,241
255,151
255,241,319
255,241,384,151,319
255,151,319
255,241,384
255,151,384
241,255,151
241,319,151
241,384,151
241,319
241,384,151,319
241,384
151,319
151,384
258,24,314
258,24,314,447,446
258,24,314,447
258,24,516
258,24,314,447,28
260,186,339,338
260,523,422,186,339,338
260,186,339
260,523,422,186,339
260,186,422
260,523,422
260,523
273,26,285
276,59,513,58,405,306
276,59,513,58,405,406,306
276,59,534,58,405,306
276,59,534,58,405,406,306
276,58,405,306
276,58,405,406,306
276,59,513,58,405,306,307
276,59,513,58,405,406,306,307
276,59,534,58,405,306,307
276,59,534,58,405,406,306,307
276,58,405,306,307
276,58,405,406,306,307
276,59,315
276,58,513,59,315
276,58,534,59,315
276,59,378
276,58,513,59,378
276,58,534,59,378
276,59,513,58,405
276,59,534,58,405
276,58,405
276,59,513,58,405,406
276,59,534,58,405,406
276,58,405,406
276,59,490
276,58,513,59,490
276,58,534,59,490
276,59,513
276,59,534,58,513
276,58,513
276,59,534
276,58,534
276,59,544
276,58,513,59,544
276,58,534,59,544
276,59,574
276,58,513,59,574
276,58,534,59,574
277,31,332
277,31,458,32,332
277,31,458,33,332
277,31,32,179,33,332,333
277,31,32,332,333
277,31,32,458,33,332,333
277,31,33,332,333
277,31,332,333
277,31,458,32,179,33,332,333
277,31,458,32,332,333
277,31,458,33,332,333
277,31,32,168
277,31,33,179,32,168
277,31,33,332,32,168
277,31,33,458,32,168
277,31,332,32,168
277,31,332,33,179,32,168
277,31,332,33,458,32,168
277,31,458,32,168
277,31,458,33,179,32,168
277,31,458
278,54,53,52,219,296
278,54,52,219,296
283,284
283,455,321,284
283,284,321
283,455,321
283,284,321,322
283,455,321,322
283,284,321,81
283,455,321,81
283,455
283,284,321,455,456
283,455,456
283,284,321,455,266
283,455,266
284,321
284,283,455,321,322
284,321,322
284,283,455,321,81
284,321,81
284,283,455
284,321,455
284,283,455,456
284,321,455,456
284,283,455,266
284,321,455,266
289,119,331
289,119,379
289,119,388
289,119,426
289,119,459
289,119,492
289,119,503
289,119,512
289,119,524
289,119,527
292,293
292,293,506,39,371
292,39,371
292,293,506,39,430
292,39,430
292,293,476
292,39,506,293,476
292,293,506
292,39,506
292,293,515
292,39,506,293,515
293,292,39,371
293,506,39,371
293,292,39,430
293,506,39,430
293,476
293,506
293,515
306,307
306,405,58,57,59,315
306,405,58,113,59,315
306,405,58,276,59,315
306,405,58,513,59,315
306,405,58,534,59,315
306,406,405,58,57,59,315
306,406,405,58,113,59,315
306,406,405,58,276,59,315
306,406,405,58,513,59,315
306,406,405,58,534,59,315
306,405,58,57,59,378
306,405,58,113,59,378
306,405,58,276,59,378
306,405,58,513,59,378
306,405,58,534,59,378
306,406,405,58,57,59,378
306,406,405,58,113,59,378
306,406,405,58,276,59,378
306,406,405,58,513,59,378
306,406,405,58,534,59,378
306,405
306,406,405
306,406
306,405,58,57,59,490
306,405,58,113,59,490
306,405,58,276,59,490
306,405,58,513,59,490
306,405,58,534,59,490
306,406,405,58,57,59,490
306,406,405,58,113,59,490
306,406,405,58,276,59,490
306,406,405,58,513,59,490
306,406,405,58,534,59,490
306,405,58,513
306,405,58,534,59,513
306,406,405,58,513
306,406,405,58,534,59,513
306,405,58,534
306,406,405,58,534
306,405,58,57,59,544
306,405,58,113,59,544
306,405,58,276,59,544
306,405,58,513,59,544
306,405,58,534,59,544
306,406,405,58,57,59,544
306,406,405,58,113,59,544
306,406,405,58,276,59,544
306,406,405,58,513,59,544
306,406,405,58,534,59,544
306,405,58,57,59,574
306,405,58,113,59,574
306,405,58,276,59,574
306,405,58,513,59,574
306,405,58,534,59,574
306,406,405,58,57,59,574
306,406,405,58,113,59,574
306,406,405,58,276,59,574
306,406,405,58,513,59,574
306,406,405,58,534,59,574
307,306,405,58,57,59,315
307,306,405,58,113,59,315
307,306,405,58,276,59,315
307,306,405,58,513,59,315
307,306,405,58,534,59,315
307,306,406,405,58,57,59,315
307,306,406,405,58,113,59,315
307,306,406,405,58,276,59,315
307,306,406,405,58,513,59,315
307,306,406,405,58,534,59,315
307,306,405,58,57,59,378
307,306,405,58,113,59,378
307,306,405,58,276,59,378
307,306,405,58,513,59,378
307,306,405,58,534,59,378
307,306,406,405,58,57,59,378
307,306,406,405,58,113,59,378
307,306,406,405,58,276,59,378
307,306,406,405,58,513,59,378
307,306,406,405,58,534,59,378
307,306,405
307,306,406,405
307,306,406
307,306,405,58,57,59,490
307,306,405,58,113,59,490
307,306,405,58,276,59,490
307,306,405,58,513,59,490
307,306,405,58,534,59,490
307,306,406,405,58,57,59,490
307,306,406,405,58,113,59,490
307,306,406,405,58,276,59,490
307,306,406,405,58,513,59,490
307,306,406,405,58,534,59,490
307,306,405,58,513
307,306,405,58,534,59,513
307,306,406,405,58,513
307,306,406,405,58,534,59,513
307,306,405,58,534
307,306,406,405,58,534
307,306,405,58,57,59,544
307,306,405,58,113,59,544
307,306,405,58,276,59,544
307,306,405,58,513,59,544
307,306,405,58,534,59,544
307,306,406,405,58,57,59,544
307,306,406,405,58,113,59,544
307,306,406,405,58,276,59,544
307,306,406,405,58,513,59,544
307,306,406,405,58,534,59,544
307,306,405,58,57,59,574
307,306,405,58,113,59,574
307,306,405,58,276,59,574
307,306,405,58,513,59,574
307,306,405,58,534,59,574
307,306,406,405,58,57,59,574
307,306,406,405,58,113,59,574
307,306,406,405,58,276,59,574
307,306,406,405,58,513,59,574
307,306,406,405,58,534,59,574
309,310
309,311
309,312
309,532
310,309,311
310,309,312
310,309,532
311,309,312
311,309,532
312,309,532
314,447,446
314,447
314,24,516
314,447,28
315,59,378
315,59,57,58,405
315,59,113,58,405
315,59,276,58,405
315,59,513,58,405
315,59,534,58,405
315,59,57,58,405,406
315,59,113,58,405,406
315,59,276,58,405,406
315,59,513,58,405,406
315,59,534,58,405,406
315,59,490
315,59,513
315,59,534,58,513
315,59,534
315,59,544
315,59,574
319,241,384
319,151,384
321,322
321,81
321,455
321,455,456
321,455,266
322,321,81
322,321,455
322,321,284,283,455,456
322,321,455,456
322,321,284,283,455,266
322,321,455,266
81,321,455
81,321,284,283,455,456
81,321,455,456
81,321,284,283,455,266
81,321,455,266
331,119,379
331,119,388
331,119,426
331,119,459
331,119,492
331,119,503
331,119,512
331,119,524
331,119,527
332,333
332,32,168
332,31,458,32,168
332,33,458,32,168
332,32,458
332,31,458
332,33,458
333,332,32,168
333,332,31,32,168
333,332,31,33,179,32,168
333,332,31,33,458,32,168
333,332,31,458,32,168
333,332,31,458,33,179,32,168
333,332,33,31,32,168
333,332,33,179,32,168
333,332,33,458,32,168
333,332,32,458
333,332,31,458
333,332,33,458
335,336
338,339
338,339,186,422
338,339,186,185,187,523
338,339,186,422,523
338,339,186,260,523
339,186,422
339,186,185,187,523
339,186,422,523
339,186,260,523
356,220
356,223,505,220
356,223
356,220,505
356,223,505
220,356,223
220,505,223
220,505
223,505
369,230
369,518,520,496
369,518,520,496,99
369,518,520,496,326
369,518,520,496,122
369,518
369,518,519
369,518,434,519
369,518,212
369,518,434
369,518,520
369,518,520,225
230,369,518,520,496
230,369,518,520,496,99
230,369,518,520,496,326
230,369,518,520,496,122
230,369,518
230,369,518,519
230,369,518,434,519
230,369,518,212
230,369,518,434
230,369,518,520
230,369,518,520,225
371,39,430
371,39,292,293,476
371,39,506,293,476
371,39,506
371,39,292,293,515
371,39,506,293,515
378,59,57,58,405
378,59,113,58,405
378,59,276,58,405
378,59,513,58,405
378,59,534,58,405
378,59,57,58,405,406
378,59,113,58,405,406
378,59,276,58,405,406
378,59,513,58,405,406
378,59,534,58,405,406
378,59,490
378,59,513
378,59,534,58,513
378,59,534
378,59,544
378,59,574
379,119,388
379,119,426
379,119,459
379,119,492
379,119,503
379,119,512
379,119,524
379,119,527
168,32,458
388,119,426
388,119,459
388,119,492
388,119,503
388,119,512
388,119,524
388,119,527
393,286
394,10,543
405,406
405,58,57,59,490
405,58,113,59,490
405,58,276,59,490
405,58,513,59,490
405,58,534,59,490
405,58,513
405,58,534,59,513
405,58,534
405,58,57,59,544
405,58,113,59,544
405,58,276,59,544
405,58,513,59,544
405,58,534,59,544
405,58,57,59,574
405,58,113,59,574
405,58,276,59,574
405,58,513,59,574
405,58,534,59,574
406,405,58,57,59,490
406,405,58,113,59,490
406,405,58,276,59,490
406,405,58,513,59,490
406,405,58,534,59,490
406,405,58,513
406,405,58,534,59,513
406,405,58,534
406,405,58,57,59,544
406,405,58,113,59,544
406,405,58,276,59,544
406,405,58,513,59,544
406,405,58,534,59,544
406,405,58,57,59,574
406,405,58,113,59,574
406,405,58,276,59,574
406,405,58,513,59,574
406,405,58,534,59,574
422,523
426,119,459
426,119,492
426,119,503
426,119,512
426,119,524
426,119,527
428,36,438
430,39,292,293,476
430,39,506,293,476
430,39,506
430,39,292,293,515
430,39,506,293,515
442,340
442,427
340,442,427
446,447
446,447,314,24,516
446,447,28
447,314,24,516
447,28
455,456
455,266
456,455,266
459,119,492
459,119,503
459,119,512
459,119,524
459,119,527
91,196,514
91,196,540,173,174,568,111,514
91,196,540,111,514
91,569,568,111,514
91,569,568,111,540,196,514
91,569,568,174,173,175,111,514
91,569,568,174,173,540,111,514
91,569,568,174,173,540,196,514
91,569,111,514
91,569,111,540,196,514
91,196,540
91,569,568,111,540
91,569,568,174,173,540
91,569,111,540
91,196,195,111,568
91,196,175,173,174,568
91,196,175,173,540,111,568
91,196,175,111,568
91,196,514,111,568
91,196,540,173,174,568
91,196,540,111,568
91,569,568
91,569
475,98
476,293,506
476,293,515
490,59,513
490,59,534,58,513
490,59,534
490,59,544
490,59,574
492,119,503
492,119,512
492,119,524
492,119,527
496,99
496,326
496,122
496,520,518
496,520,518,519
496,520,518,434,519
496,520,518,212
496,520,518,434
496,520
496,520,225
99,496,326
99,496,122
99,496,520,518
99,496,520,518,519
99,496,520,518,434,519
99,496,520,518,212
99,496,520,518,434
99,496,520
99,496,520,225
326,496,122
326,496,520,518
326,496,520,518,519
326,496,520,518,434,519
326,496,520,518,212
326,496,520,518,434
326,496,520
326,496,520,225
122,496,520,518
122,496,520,518,519
122,496,520,518,434,519
122,496,520,518,212
122,496,520,518,434
122,496,520
122,496,520,225
503,119,512
503,119,524
503,119,527
506,293,515
512,119,524
512,119,527
513,58,534
513,59,534
513,58,534,59,544
513,59,544
513,58,534,59,574
513,59,574
514,111,540
514,111,568,174,173,540
514,111,569,568,174,173,540
514,196,540
514,111,568
514,111,569,568
514,196,175,173,174,568
514,196,91,569,568
514,196,540,173,174,568
514,196,540,111,568
514,196,540,111,569,568
514,111,569
514,196,175,173,174,568,569
514,196,91,569
514,196,540,173,174,568,569
514,196,540,111,569
516,24,314,447,28
518,519
518,434,519
518,212
518,434
518,520
518,520,225
519,518,212
519,434,518,212
519,434
519,518,520
519,434,518,520
519,518,520,225
519,434,518,520,225
212,518,434
212,518,520
212,518,520,225
434,518,520
434,518,520,225
520,225
524,119,527
534,59,544
534,59,574
535,400
537,481
540,173,174,568
540,111,568
540,111,569,568
540,196,91,569,568
540,173,174,568,569
540,111,569
540,196,91,569
544,59,574
568,569
