2,3
2,3,47
2,3,126
2,3,398
2,3,503
2,3,734
2,3,1385
3,47
3,126
3,398
3,503
3,734
3,1385
23,24
23,24,282
23,24,405
23,24,890
23,24,894
23,24,1272
23,24,1435
23,24,1475
23,24,1553
23,24,1556
24,282
24,405
24,890
24,894
24,1272
24,1435
24,1475
24,1553
24,1556
35,36
35,36,61,60
35,36,61,149,62,60
35,36,61,63,60
35,36,61,65,60
35,36,61,62,60
35,36,61
35,36,61,149,62
35,36,61,63,60,62
35,36,61,65,60,62
35,36,61,62
35,36,61,149,62,60,63
35,36,61,63
35,36,61,65,60,63
35,36,61,60,64
35,36,61,149,62,60,64
35,36,61,63,60,64
35,36,61,65,60,64
35,36,61,62,60,64
35,36,61,149,62,60,65
35,36,61,65
35,36,61,149
35,36,61,562
35,36,61,1267,1266,562
35,36,61,1040
35,36,61,562,1266
35,36,61,1267,1266
35,36,61,1267
35,36,61,60,62,71
35,36,61,149,62,71
35,36,61,63,60,62,71
35,36,61,65,60,62,71
35,36,61,62,71
36,61,60
36,61,149,62,60
36,61,63,60
36,61,65,60
36,61,62,60
36,61
36,61,149,62
36,61,63,60,62
36,61,65,60,62
36,61,62
36,61,149,62,60,63
36,61,63
36,61,65,60,63
36,61,60,64
36,61,149,62,60,64
36,61,63,60,64
36,61,65,60,64
36,61,62,60,64
36,61,149,62,60,65
36,61,65
36,61,149
36,61,562
36,61,1267,1266,562
36,61,1040
36,61,562,1266
36,61,1267,1266
36,61,1267
36,61,60,62,71
36,61,149,62,71
36,61,63,60,62,71
36,61,65,60,62,71
36,61,62,71
38,39
47,3,126
47,3,398
47,3,503
47,3,734
47,3,1385
53,54
53,55
53,55,1253
53,55,1089
54,53,55
54,53,55,1253
54,53,55,1089
55,1253
55,1089
60,61
60,62,149,61
60,62,61
60,63,61
60,65,61
60,62
60,63,61,149,62
60,63,61,62
60,65,61,149,62
60,65,61,62
60,63
60,65,61,63
60,64
60,65
60,61,149
60,62,149
60,63,61,149
60,65,61,149
60,61,562
60,61,1267,1266,562
60,62,149,61,562
60,62,149,61,1267,1266,562
60,62,61,562
60,62,61,1267,1266,562
60,63,61,562
60,63,61,1267,1266,562
60,65,61,562
60,65,61,1267,1266,562
60,61,1040
60,62,149,61,1040
60,62,61,1040
60,63,61,1040
60,65,61,1040
60,61,562,1266
60,61,1267,1266
60,62,149,61,562,1266
60,62,149,61,1267,1266
60,62,61,562,1266
60,62,61,1267,1266
60,63,61,562,1266
60,63,61,1267,1266
60,65,61,562,1266
60,65,61,1267,1266
60,61,1267
60,62,149,61,1267
60,62,61,1267
60,63,61,1267
60,65,61,1267
60,61,149,62,71
60,61,62,71
60,62,71
60,63,61,149,62,71
60,63,61,62,71
60,65,61,149,62,71
60,65,61,62,71
61,149,62
61,62
61,63
61,60,64
61,149,62,60,64
61,63,60,64
61,65,60,64
61,62,60,64
61,65
61,149
61,562
61,1267,1266,562
61,1040
61,562,1266
61,1267,1266
61,1267
61,149,62,71
61,62,71
62,60,63
62,60,65,61,63
62,149,61,63
62,149,61,65,60,63
62,61,63
62,60,64
62,149,61,63,60,64
62,149,61,65,60,64
62,61,63,60,64
62,61,65,60,64
62,60,65
62,149,61,65
62,61,65
62,149
62,60,63,61,562
62,60,63,61,1267,1266,562
62,60,65,61,562
62,60,65,61,1267,1266,562
62,149,61,562
62,149,61,1267,1266,562
62,61,562
62,61,1267,1266,562
62,60,63,61,1040
62,60,65,61,1040
62,149,61,1040
62,61,1040
62,60,63,61,562,1266
62,60,63,61,1267,1266
62,60,65,61,562,1266
62,60,65,61,1267,1266
62,149,61,562,1266
62,149,61,1267,1266
62,61,562,1266
62,61,1267,1266
62,60,63,61,1267
62,60,65,61,1267
62,149,61,1267
62,61,1267
62,71
63,60,64
63,61,65,60,64
63,60,65
63,61,65
63,60,62,149
63,60,65,61,149
63,61,149
63,60,62,149,61,562
63,60,62,149,61,1267,1266,562
63,60,65,61,562
63,60,65,61,1267,1266,562
63,61,562
63,61,1267,1266,562
63,60,62,149,61,1040
63,60,65,61,1040
63,61,1040
63,60,62,149,61,562,1266
63,60,62,149,61,1267,1266
63,60,65,61,562,1266
63,60,65,61,1267,1266
63,61,562,1266
63,61,1267,1266
63,60,62,149,61,1267
63,60,65,61,1267
63,61,1267
63,60,62,71
63,60,65,61,149,62,71
63,60,65,61,62,71
63,61,149,62,71
63,61,62,71
64,60,65
64,60,61,149
64,60,62,149
64,60,63,61,149
64,60,65,61,149
64,60,61,562
64,60,61,1267,1266,562
64,60,62,149,61,562
64,60,62,149,61,1267,1266,562
64,60,62,61,562
64,60,62,61,1267,1266,562
64,60,63,61,562
64,60,63,61,1267,1266,562
64,60,65,61,562
64,60,65,61,1267,1266,562
64,60,61,1040
64,60,62,149,61,1040
64,60,62,61,1040
64,60,63,61,1040
64,60,65,61,1040
64,60,61,562,1266
64,60,61,1267,1266
64,60,62,149,61,562,1266
64,60,62,149,61,1267,1266
64,60,62,61,562,1266
64,60,62,61,1267,1266
64,60,63,61,562,1266
64,60,63,61,1267,1266
64,60,65,61,562,1266
64,60,65,61,1267,1266
64,60,61,1267
64,60,62,149,61,1267
64,60,62,61,1267
64,60,63,61,1267
64,60,65,61,1267
64,60,61,149,62,71
64,60,61,62,71
64,60,62,71
64,60,63,61,149,62,71
64,60,63,61,62,71
64,60,65,61,149,62,71
64,60,65,61,62,71
65,60,62,149
65,61,149
65,60,62,149,61,562
65,60,62,149,61,1267,1266,562
65,61,562
65,61,1267,1266,562
65,60,62,149,61,1040
65,61,1040
65,60,62,149,61,562,1266
65,60,62,149,61,1267,1266
65,61,562,1266
65,61,1267,1266
65,60,62,149,61,1267
65,61,1267
65,60,62,71
65,61,149,62,71
65,61,62,71
79,80
82,83
82,1192,1103,792,1050,1093,83
82,1093,83
82,83,673,154
82,1192,1103,792,1050,1093,83,673,154
82,1093,83,673,154
82,83,673
82,1192,1103,792,1050,1093,83,673
82,1093,83,673
82,83,1093,1050
82,1192,1103,792,1050
82,1093,1050
82,83,1093,1050,889
82,1192,1103,792,1050,889
82,1093,1050,889
82,83,1093,1050,792
82,1192,1103,792
82,1093,1050,792
82,83,1093,1050,792,1103,1057
82,1192,1103,1057
82,1093,1050,792,1103,1057
82,83,1093,1050,792,1103,1057,926
82,1192,1103,1057,926
82,1093,1050,792,1103,1057,926
82,1192,1103,792,1050,1093
82,1093
82,83,1093,1050,792,1103
82,1192,1103
82,1093,1050,792,1103
82,1192
82,83,1093,1050,792,1103,1192,252
82,1192,252
82,1093,1050,792,1103,1192,252
83,673,154
83,673
83,82,1192,1103,792,1050
83,1093,1050
83,82,1192,1103,792,1050,889
83,1093,82,1192,1103,792,1050,889
83,1093,1050,889
83,82,1192,1103,792
83,1093,82,1192,1103,792
83,1093,1050,792
83,82,1192,1103,1057
83,1093,82,1192,1103,1057
83,1093,1050,792,1103,1057
83,82,1192,1103,1057,926
83,1093,82,1192,1103,1057,926
83,1093,1050,792,1103,1057,926
83,1093
83,82,1192,1103
83,1093,82,1192,1103
83,1093,1050,792,1103
83,82,1192
83,1093,82,1192
83,1093,1050,792,1103,1192
83,82,1192,252
83,1093,82,1192,252
83,1093,1050,792,1103,1192,252
88,89
88,1222
88,1222,1051
89,88,1222
89,88,1222,1051
91,92
91,92,1464
91,92,1469,1468
91,92,1469,1468,198
91,92,1469
92,1464
92,1469,1468
92,1469,1468,198
92,1469
109,741
116,117
116,919
116,919,920
116,919,921
116,919,922
116,919,923
116,919,924
116,919,923,862
116,919,920,325
116,919,921,244
116,919,922,432
116,919,924,220
117,116,919
117,116,919,920
117,116,919,921
117,116,919,922
117,116,919,923
117,116,919,924
117,116,919,923,862
117,116,919,920,325
117,116,919,921,244
117,116,919,922,432
117,116,919,924,220
126,3,398
126,3,503
126,3,734
126,3,1385
131,132
131,133
131,132,1471
132,131,133
132,1471
133,131,132,1471
136,137
136,137,256
136,137,256,257
136,137,730
136,137,914
136,137,914,915
136,137,914,915,1022
136,137,256,257,1115
136,137,256,257,1526
137,256
137,256,257
137,730
137,914
137,914,915
137,914,915,1022
137,256,257,1115
137,256,257,1526
149,61,562
149,61,1267,1266,562
149,61,1040
149,61,562,1266
149,61,1267,1266
149,61,1267
149,62,71
154,673
154,673,83,82,1192,1103,792,1050
154,673,83,82,1093,1050
154,673,83,1093,1050
154,673,83,82,1192,1103,792,1050,889
154,673,83,82,1093,1050,889
154,673,83,1093,82,1192,1103,792,1050,889
154,673,83,1093,1050,889
154,673,83,82,1192,1103,792
154,673,83,82,1093,1050,792
154,673,83,1093,82,1192,1103,792
154,673,83,1093,1050,792
154,673,83,82,1192,1103,1057
154,673,83,82,1093,1050,792,1103,1057
154,673,83,1093,82,1192,1103,1057
154,673,83,1093,1050,792,1103,1057
154,673,83,82,1192,1103,1057,926
154,673,83,82,1093,1050,792,1103,1057,926
154,673,83,1093,82,1192,1103,1057,926
154,673,83,1093,1050,792,1103,1057,926
154,673,83,1093
154,673,83,82,1192,1103
154,673,83,82,1093,1050,792,1103
154,673,83,1093,82,1192,1103
154,673,83,1093,1050,792,1103
154,673,83,82,1192
154,673,83,1093,82,1192
154,673,83,1093,1050,792,1103,1192
154,673,83,82,1192,252
154,673,83,82,1093,1050,792,1103,1192,252
154,673,83,1093,82,1192,252
154,673,83,1093,1050,792,1103,1192,252
168,169
172,173
172,173,529
172,173,752
172,173,796
172,173,1219,797,796
172,173,796,797
172,173,1219,797
172,173,796,797,1219,1218
172,173,1219,1218
172,173,796,797,1219,1218,191
172,173,1219,1218,191
172,173,1219
172,173,1268
172,173,1307
173,529
173,752
173,796
173,1219,797,796
173,796,797
173,1219,797
173,796,797,1219,1218
173,1219,1218
173,796,797,1219,1218,191
173,1219,1218,191
173,1219
173,1268
173,1307
185,186
185,187
185,188
185,189
185,190
185,1482
185,1482,1255
185,1482,1278
185,1482,965
185,1482,1483
186,185,187
186,185,188
186,185,189
186,185,190
186,185,1482
186,185,1482,1255
186,185,1482,1278
186,185,1482,965
186,185,1482,1483
187,185,188
187,185,189
187,185,190
187,185,1482
187,185,1482,1255
187,185,1482,1278
187,185,1482,965
187,185,1482,1483
188,185,189
188,185,190
188,185,1482
188,185,1482,1255
188,185,1482,1278
188,185,1482,965
188,185,1482,1483
189,185,190
189,185,1482
189,185,1482,1255
189,185,1482,1278
189,185,1482,965
189,185,1482,1483
190,185,1482
190,185,1482,1255
190,185,1482,1278
190,185,1482,965
190,185,1482,1483
205,206
218,219
229,230
238,239
247,248
247,249
248,247,249
256,257
256,137,730
256,137,914
256,137,914,915
256,137,914,915,1022
256,257,1115
256,257,1526
257,256,137,730
257,256,137,914
257,256,137,914,915
257,256,137,914,915,1022
257,1115
257,1526
260,261
260,262,740,101,261
260,262,740,101,1446,396,261
260,262,1446,101,261
260,262,1446,396,261
260,262
260,263
260,264
260,265
260,266
260,261,101,740,262,671
260,261,101,1446,262,671
260,261,396,1446,101,740,262,671
260,261,396,1446,262,671
260,262,671
260,261,101,740
260,261,101,1446,262,740
260,261,396,1446,101,740
260,261,396,1446,262,740
260,262,740
260,262,1446,101,740
260,261,101
260,261,396,1446,101
260,262,740,101
260,262,1446,101
260,262,1446,396,261,101
260,261,396
260,262,740,101,261,396
260,262,740,101,1446,396
260,262,1446,396
260,261,101,1446
260,261,396,1446
260,262,1446
260,261,101,740,262,1561
260,261,101,1446,262,1561
260,261,396,1446,101,740,262,1561
260,261,396,1446,262,1561
260,262,1561
261,260,262
261,101,740,262
261,101,1446,262
261,396,1446,101,740,262
261,396,1446,262
261,260,263
261,101,740,262,260,263
261,101,1446,262,260,263
261,396,1446,101,740,262,260,263
261,396,1446,262,260,263
261,260,264
261,101,740,262,260,264
261,101,1446,262,260,264
261,396,1446,101,740,262,260,264
261,396,1446,262,260,264
261,260,265
261,101,740,262,260,265
261,101,1446,262,260,265
261,396,1446,101,740,262,260,265
261,396,1446,262,260,265
261,260,266
261,101,740,262,260,266
261,101,1446,262,260,266
261,396,1446,101,740,262,260,266
261,396,1446,262,260,266
261,260,262,671
261,101,740,262,671
261,101,1446,262,671
261,396,1446,101,740,262,671
261,396,1446,262,671
261,260,262,740
261,101,740
261,101,1446,262,740
261,396,1446,101,740
261,396,1446,262,740
261,101
261,396,1446,101
261,396
261,260,262,1446
261,101,1446
261,396,1446
261,260,262,1561
261,101,740,262,1561
261,101,1446,262,1561
261,396,1446,101,740,262,1561
261,396,1446,262,1561
262,260,263
262,260,264
262,260,265
262,260,266
262,671
262,740
262,1446,101,740
262,260,261,101
262,740,101
262,1446,101
262,1446,396,261,101
262,260,261,396
262,740,101,261,396
262,740,101,1446,396
262,1446,396
262,1446
262,1561
263,260,264
263,260,265
263,260,266
263,260,261,101,740,262,671
263,260,261,101,1446,262,671
263,260,261,396,1446,101,740,262,671
263,260,261,396,1446,262,671
263,260,262,671
263,260,261,101,740
263,260,261,101,1446,262,740
263,260,261,396,1446,101,740
263,260,261,396,1446,262,740
263,260,262,740
263,260,262,1446,101,740
263,260,261,101
263,260,261,396,1446,101
263,260,262,740,101
263,260,262,1446,101
263,260,262,1446,396,261,101
263,260,261,396
263,260,262,740,101,261,396
263,260,262,740,101,1446,396
263,260,262,1446,396
263,260,261,101,1446
263,260,261,396,1446
263,260,262,1446
263,260,261,101,740,262,1561
263,260,261,101,1446,262,1561
263,260,261,396,1446,101,740,262,1561
263,260,261,396,1446,262,1561
263,260,262,1561
264,260,265
264,260,266
264,260,261,101,740,262,671
264,260,261,101,1446,262,671
264,260,261,396,1446,101,740,262,671
264,260,261,396,1446,262,671
264,260,262,671
264,260,261,101,740
264,260,261,101,1446,262,740
264,260,261,396,1446,101,740
264,260,261,396,1446,262,740
264,260,262,740
264,260,262,1446,101,740
264,260,261,101
264,260,261,396,1446,101
264,260,262,740,101
264,260,262,1446,101
264,260,262,1446,396,261,101
264,260,261,396
264,260,262,740,101,261,396
264,260,262,740,101,1446,396
264,260,262,1446,396
264,260,261,101,1446
264,260,261,396,1446
264,260,262,1446
264,260,261,101,740,262,1561
264,260,261,101,1446,262,1561
264,260,261,396,1446,101,740,262,1561
264,260,261,396,1446,262,1561
264,260,262,1561
265,260,266
265,260,261,101,740,262,671
265,260,261,101,1446,262,671
265,260,261,396,1446,101,740,262,671
265,260,261,396,1446,262,671
265,260,262,671
265,260,261,101,740
265,260,261,101,1446,262,740
265,260,261,396,1446,101,740
265,260,261,396,1446,262,740
265,260,262,740
265,260,262,1446,101,740
265,260,261,101
265,260,261,396,1446,101
265,260,262,740,101
265,260,262,1446,101
265,260,262,1446,396,261,101
265,260,261,396
265,260,262,740,101,261,396
265,260,262,740,101,1446,396
265,260,262,1446,396
265,260,261,101,1446
265,260,261,396,1446
265,260,262,1446
265,260,261,101,740,262,1561
265,260,261,101,1446,262,1561
265,260,261,396,1446,101,740,262,1561
265,260,261,396,1446,262,1561
265,260,262,1561
266,260,261,101,740,262,671
266,260,261,101,1446,262,671
266,260,261,396,1446,101,740,262,671
266,260,261,396,1446,262,671
266,260,262,671
266,260,261,101,740
266,260,261,101,1446,262,740
266,260,261,396,1446,101,740
266,260,261,396,1446,262,740
266,260,262,740
266,260,262,1446,101,740
266,260,261,101
266,260,261,396,1446,101
266,260,262,740,101
266,260,262,1446,101
266,260,262,1446,396,261,101
266,260,261,396
266,260,262,740,101,261,396
266,260,262,740,101,1446,396
266,260,262,1446,396
266,260,261,101,1446
266,260,261,396,1446
266,260,262,1446
266,260,261,101,740,262,1561
266,260,261,101,1446,262,1561
266,260,261,396,1446,101,740,262,1561
266,260,261,396,1446,262,1561
266,260,262,1561
280,162
282,24,405
282,24,890
282,24,894
282,24,1272
282,24,1435
282,24,1475
282,24,1553
282,24,1556
287,534
297,298
307,308
307,308,378
307,1137
307,1137,555
308,378
308,307,1137
308,307,1137,555
318,284
330,331
330,331,632
330,331,688
330,331,713
330,331,976
331,632
331,688
331,713
331,976
332,333
332,202
332,333,717
332,333,717,124
332,333,1048
332,333,1048,858
332,333,1129
332,333,1129,1130
332,333,1301
332,333,1301,1285
332,333,1429
332,333,1429,1346
333,332,202
333,717
333,717,124
333,1048
333,1048,858
333,1129
333,1129,1130
333,1301
333,1301,1285
333,1429
333,1429,1346
202,332,333,717
202,332,333,717,124
202,332,333,1048
202,332,333,1048,858
202,332,333,1129
202,332,333,1129,1130
202,332,333,1301
202,332,333,1301,1285
202,332,333,1429
202,332,333,1429,1346
336,9
336,337,364,9
336,338,364,9
336,339,365,363,364,9
336,339,364,9
336,363,364,9
336,337
336,338,364,337
336,339,365,363,364,337
336,339,364,337
336,363,364,337
336,338
336,339,365,363,364,338
336,339,364,338
336,363,364,338
336,339
336,363,364,339
336,363,365,339
336,363
336,9,364
336,337,364
336,338,364
336,339,365,363,364
336,339,364
336,363,364
336,9,364,363,365
336,9,364,339,365
336,337,364,363,365
336,337,364,339,365
336,338,364,363,365
336,338,364,339,365
336,339,365
336,363,365
336,9,364,363,365,339,788
336,9,364,339,788
336,337,364,363,365,339,788
336,337,364,339,788
336,338,364,363,365,339,788
336,338,364,339,788
336,339,788
336,363,364,339,788
336,363,365,339,788
9,336,337
9,336,338,364,337
9,336,339,365,363,364,337
9,336,339,364,337
9,336,363,364,337
9,364,337
9,336,338
9,336,339,365,363,364,338
9,336,339,364,338
9,336,363,364,338
9,364,338
9,336,339
9,336,363,364,339
9,336,363,365,339
9,364,363,365,339
9,364,339
9,336,363
9,364,363
9,364
9,336,337,364,363,365
9,336,337,364,339,365
9,336,338,364,363,365
9,336,338,364,339,365
9,336,339,365
9,336,363,365
9,364,363,365
9,364,339,365
9,336,337,364,363,365,339,788
9,336,337,364,339,788
9,336,338,364,363,365,339,788
9,336,338,364,339,788
9,336,339,788
9,336,363,364,339,788
9,336,363,365,339,788
9,364,363,365,339,788
9,364,339,788
337,336,338
337,336,339,365,363,364,338
337,336,339,364,338
337,336,363,364,338
337,364,338
337,336,339
337,336,363,364,339
337,336,363,365,339
337,364,363,365,339
337,364,339
337,336,363
337,364,363
337,364
337,336,338,364,363,365
337,336,338,364,339,365
337,336,339,365
337,336,363,365
337,364,363,365
337,364,339,365
337,336,338,364,363,365,339,788
337,336,338,364,339,788
337,336,339,788
337,336,363,364,339,788
337,336,363,365,339,788
337,364,363,365,339,788
337,364,339,788
338,336,339
338,336,363,364,339
338,336,363,365,339
338,364,363,365,339
338,364,339
338,336,363
338,364,363
338,364
338,336,339,365
338,336,363,365
338,364,363,365
338,364,339,365
338,336,339,788
338,336,363,364,339,788
338,336,363,365,339,788
338,364,363,365,339,788
338,364,339,788
339,336,363
339,365,363
339,364,363
339,365,363,364
339,364
339,365
339,788
342,343
342,344
342,343,317
343,342,344
343,317
344,342,343,317
358,359
358,360,1009,359
358,360
358,359,1009,360,422
358,360,422
358,359,1009,360,627
358,360,627
358,359,1009
358,360,1009
359,358,360
359,1009,360
359,358,360,422
359,1009,360,422
359,358,360,627
359,1009,360,627
359,1009
360,422
360,627
360,1009
363,364
363,365
363,364,339,788
363,336,339,788
363,365,339,788
364,363,365
364,339,365
364,363,365,339,788
364,339,788
365,339,788
378,308,307,1137
378,308,307,1137,555
384,385
389,390
389,1571
389,1571,211
390,389,1571
390,389,1571,211
391,392
391,393
391,392,859
391,392,1152,859
391,392,1152
391,392,1525
391,392,1525,613
391,392,1525,1523
392,391,393
392,859
392,1152,859
392,1152
392,1525
392,1525,613
392,1525,1523
393,391,392,859
393,391,392,1152,859
393,391,392,1152
393,391,392,1525
393,391,392,1525,613
393,391,392,1525,1523
398,3,503
398,3,734
398,3,1385
405,24,890
405,24,894
405,24,1272
405,24,1435
405,24,1475
405,24,1553
405,24,1556
422,360,627
422,360,1009
430,431
430,431,1063
430,431,1269
431,1063
431,1269
434,435
434,118,658,435
434,118,658,659,756,435
434,118,658,659,1400,435
434,118,756,435
434,118,756,659,1400,435
434,118,985,435
434,118,1400,435
434,118
434,435,658
434,435,756,118,658
434,435,756,118,1400,659,658
434,435,756,659,658
434,435,985,118,658
434,435,985,118,756,659,658
434,435,985,118,1400,659,658
434,435,1400,118,658
434,435,1400,659,658
434,118,658
434,118,756,659,658
434,118,1400,659,658
434,435,658,659
434,435,756,659
434,435,985,118,658,659
434,435,985,118,756,659
434,435,985,118,1400,659
434,435,1400,659
434,118,658,659
434,118,756,659
434,118,1400,659
434,435,756
434,435,985,118,756
434,435,985,118,1400,659,756
434,435,1400,118,756
434,435,1400,659,756
434,118,756
434,118,1400,659,756
434,435,985
434,435,1400,118,985
434,118,985
434,435,1400
434,118,1400
435,434,118
435,658,118
435,658,659,756,118
435,658,659,1400,118
435,756,118
435,756,659,1400,118
435,985,118
435,1400,118
435,658
435,756,118,658
435,756,118,1400,659,658
435,756,659,658
435,985,118,658
435,985,118,756,659,658
435,985,118,1400,659,658
435,1400,118,658
435,1400,659,658
435,434,118,658,659
435,434,118,756,659
435,434,118,1400,659
435,658,659
435,756,659
435,985,118,658,659
435,985,118,756,659
435,985,118,1400,659
435,1400,659
435,756
435,985,118,756
435,985,118,1400,659,756
435,1400,118,756
435,1400,659,756
435,985
435,1400,118,985
435,1400
118,658
118,756,659,658
118,1400,659,658
118,658,659
118,756,659
118,1400,659
118,756
118,1400,659,756
118,985
118,1400
446,104
446,104,510
446,104,681
446,104,953
104,510
104,681
104,953
456,453
468,304
474,475
474,475,1505
475,1505
491,279
491,203
279,491,203
493,471
493,494,1274,471
493,494
493,471,1274
493,494,1274
471,493,494
471,1274,494
471,1274
494,1274
503,3,734
503,3,1385
510,104,681
510,104,953
514,515
514,515,1172
514,515,1298
515,1172
515,1298
520,313
521,522
521,523
521,524
521,170
521,525
521,423
521,526
521,527
521,528
522,521,523
522,521,524
522,521,170
522,521,525
522,521,423
522,521,526
522,521,527
522,521,528
523,521,524
523,521,170
523,521,525
523,521,423
523,521,526
523,521,527
523,521,528
524,521,170
524,521,525
524,521,423
524,521,526
524,521,527
524,521,528
170,521,525
170,521,423
170,521,526
170,521,527
170,521,528
525,521,423
525,521,526
525,521,527
525,521,528
423,521,526
423,521,527
423,521,528
526,521,527
526,521,528
527,521,528
529,173,752
529,173,796
529,173,1219,797,796
529,173,796,797
529,173,1219,797
529,173,796,797,1219,1218
529,173,1219,1218
529,173,796,797,1219,1218,191
529,173,1219,1218,191
529,173,1219
529,173,1268
529,173,1307
557,296
562,61,1040
562,1266,1267,61,1040
562,1266
562,61,1267
562,1266,1267
562,61,60,62,71
562,61,149,62,71
562,61,63,60,62,71
562,61,65,60,62,71
562,61,62,71
562,1266,1267,61,60,62,71
562,1266,1267,61,149,62,71
562,1266,1267,61,63,60,62,71
562,1266,1267,61,65,60,62,71
562,1266,1267,61,62,71
563,86
563,86,1382
86,1382
564,565
572,94
572,94,1149
94,1149
573,574
573,574,1018
574,1018
576,577
576,1195
577,576,1195
580,581
583,584
583,584,668
583,1097
583,584,1532
583,584,1532,421
583,584,1532,1052
584,668
584,583,1097
584,1532
584,1532,421
584,1532,1052
593,594
595,596
599,459
599,600
459,599,600
616,505
617,618
617,618,826
617,618,873
618,826
618,873
632,331,688
632,331,713
632,331,976
639,640
643,638
643,644
643,644,1007
638,643,644
638,643,644,1007
644,1007
654,655
654,806
655,654,806
658,659
658,435,756
658,435,985,118,756
658,435,985,118,1400,659,756
658,435,1400,118,756
658,435,1400,659,756
658,118,756
658,118,1400,659,756
658,659,756
658,435,985
658,435,1400,118,985
658,118,985
658,659,756,435,985
658,659,756,118,985
658,659,1400,435,985
658,659,1400,118,985
658,435,1400
658,118,1400
658,659,1400
659,756
659,658,435,985
659,658,118,985
659,756,435,985
659,756,118,985
659,1400,435,985
659,1400,118,985
659,1400
668,584,583,1097
668,584,1532
668,584,1532,421
668,584,1532,1052
671,262,740
671,262,1446,101,740
671,262,260,261,101
671,262,260,261,396,1446,101
671,262,740,101
671,262,1446,101
671,262,1446,396,261,101
671,262,260,261,396
671,262,740,101,261,396
671,262,740,101,1446,396
671,262,1446,396
671,262,1446
671,262,1561
673,83,82,1192,1103,792,1050
673,83,82,1093,1050
673,83,1093,1050
673,83,82,1192,1103,792,1050,889
673,83,82,1093,1050,889
673,83,1093,82,1192,1103,792,1050,889
673,83,1093,1050,889
673,83,82,1192,1103,792
673,83,82,1093,1050,792
673,83,1093,82,1192,1103,792
673,83,1093,1050,792
673,83,82,1192,1103,1057
673,83,82,1093,1050,792,1103,1057
673,83,1093,82,1192,1103,1057
673,83,1093,1050,792,1103,1057
673,83,82,1192,1103,1057,926
673,83,82,1093,1050,792,1103,1057,926
673,83,1093,82,1192,1103,1057,926
673,83,1093,1050,792,1103,1057,926
673,83,1093
673,83,82,1192,1103
673,83,82,1093,1050,792,1103
673,83,1093,82,1192,1103
673,83,1093,1050,792,1103
673,83,82,1192
673,83,1093,82,1192
673,83,1093,1050,792,1103,1192
673,83,82,1192,252
673,83,82,1093,1050,792,1103,1192,252
673,83,1093,82,1192,252
673,83,1093,1050,792,1103,1192,252
678,679
681,104,953
688,331,713
688,331,976
689,690
694,695
694,695,779
695,779
711,368
713,331,976
714,715
717,124
717,333,1048
717,333,1048,858
717,333,1129
717,333,1129,1130
717,333,1301
717,333,1301,1285
717,333,1429
717,333,1429,1346
124,717,333,1048
124,717,333,1048,858
124,717,333,1129
124,717,333,1129,1130
124,717,333,1301
124,717,333,1301,1285
124,717,333,1429
124,717,333,1429,1346
724,725
730,137,914
730,137,914,915
730,137,914,915,1022
730,137,256,257,1115
730,137,256,257,1526
734,3,1385
736,258
738,294
738,294,877
738,294,910
738,294,1075
738,294,1534
294,877
294,910
294,1075
294,1534
740,101
740,262,260,261,396
740,262,1446,396
740,101,261,396
740,101,1446,396
740,262,1446
740,101,1446
740,262,1561
740,101,1446,262,1561
101,261,396
101,1446,396
101,1446
101,740,262,1561
101,261,260,262,1561
101,261,396,1446,262,1561
101,1446,396,261,260,262,1561
101,1446,262,1561
750,751
752,173,796
752,173,1219,797,796
752,173,796,797
752,173,1219,797
752,173,796,797,1219,1218
752,173,1219,1218
752,173,796,797,1219,1218,191
752,173,1219,1218,191
752,173,1219
752,173,1268
752,173,1307
756,435,985
756,435,1400,118,985
756,118,985
756,659,1400,435,985
756,659,1400,118,985
756,435,1400
756,118,1400
756,659,1400
793,143
796,797
796,173,1219,1218
796,797,1219,1218
796,173,1219,1218,191
796,797,1219,1218,191
796,173,1219
796,797,1219
796,173,1268
796,797,1219,173,1268
796,173,1307
796,797,1219,173,1307
797,1219,1218
797,1219,1218,191
797,1219
797,796,173,1268
797,1219,173,1268
797,796,173,1307
797,1219,173,1307
627,360,1009
819,607
821,822
824,181
827,450
396,1446
396,261,260,262,1561
396,261,101,740,262,1561
396,1446,101,740,262,1561
396,1446,262,1561
843,844
845,846
845,259
845,707
845,707,1467
845,707,1467,968
845,707,1467,14
845,707,1511
846,845,259
846,845,707
846,845,707,1467
846,845,707,1467,968
846,845,707,1467,14
846,845,707,1511
259,845,707
259,845,707,1467
259,845,707,1467,968
259,845,707,1467,14
259,845,707,1511
707,1467
707,1467,968
707,1467,14
707,1511
851,852
859,1152
859,392,1525
859,1152,392,1525
859,392,1525,613
859,1152,392,1525,613
859,392,1525,1523
859,1152,392,1525,1523
826,618,873
877,294,910
877,294,1075
877,294,1534
890,24,894
890,24,1272
890,24,1435
890,24,1475
890,24,1553
890,24,1556
892,893
894,24,1272
894,24,1435
894,24,1475
894,24,1553
894,24,1556
909,404
909,404,1034
404,1034
910,294,1075
910,294,1534
911,912
911,375
911,836
911,913
912,911,375
912,911,836
912,911,913
375,911,836
375,911,913
836,911,913
914,915
914,915,1022
914,137,256,257,1115
914,137,256,257,1526
915,1022
915,914,137,256,257,1115
915,914,137,256,257,1526
919,920
919,921
919,922
919,923
919,924
919,923,862
919,920,325
919,921,244
919,922,432
919,924,220
920,919,921
920,919,922
920,919,923
920,919,924
920,919,923,862
920,325
920,919,921,244
920,919,922,432
920,919,924,220
921,919,922
921,919,923
921,919,924
921,919,923,862
921,919,920,325
921,244
921,919,922,432
921,919,924,220
922,919,923
922,919,924
922,919,923,862
922,919,920,325
922,919,921,244
922,432
922,919,924,220
923,919,924
923,862
923,919,920,325
923,919,921,244
923,919,922,432
923,919,924,220
924,919,923,862
924,919,920,325
924,919,921,244
924,919,922,432
924,220
950,353
956,957
961,192
962,276
962,963
276,962,963
982,983
982,983,334,1450
982,983,334
982,983,1473
983,334,1450
983,334
983,1473
985,435,1400
985,118,1400
988,212
988,212,1257
212,1257
989,990
989,299
990,989,299
862,923,919,920,325
862,923,919,921,244
862,923,919,922,432
862,923,919,924,220
1010,1011
1010,306
1011,1010,306
1012,1013
1022,915,914,137,256,257,1115
1022,915,914,137,256,257,1526
1024,606
1040,61,562,1266
1040,61,1267,1266
1040,61,1267
1040,61,60,62,71
1040,61,149,62,71
1040,61,63,60,62,71
1040,61,65,60,62,71
1040,61,62,71
1043,335
1048,858
1048,333,1129
1048,333,1129,1130
1048,333,1301
1048,333,1301,1285
1048,333,1429
1048,333,1429,1346
858,1048,333,1129
858,1048,333,1129,1130
858,1048,333,1301
858,1048,333,1301,1285
858,1048,333,1429
858,1048,333,1429,1346
1050,889
1050,792
1050,792,1103,1057
1050,1093,83,82,1192,1103,1057
1050,1093,82,1192,1103,1057
1050,792,1103,1057,926
1050,1093,83,82,1192,1103,1057,926
1050,1093,82,1192,1103,1057,926
1050,1093
1050,792,1103
1050,1093,83,82,1192,1103
1050,1093,82,1192,1103
1050,792,1103,1192
1050,1093,83,82,1192
1050,1093,82,1192
1050,792,1103,1192,252
1050,1093,83,82,1192,252
1050,1093,82,1192,252
889,1050,792
889,1050,1093,82,1192,1103,792
889,1050,792,1103,1057
889,1050,1093,83,82,1192,1103,1057
889,1050,1093,82,1192,1103,1057
889,1050,792,1103,1057,926
889,1050,1093,83,82,1192,1103,1057,926
889,1050,1093,82,1192,1103,1057,926
889,1050,1093
889,1050,792,1103
889,1050,1093,83,82,1192,1103
889,1050,1093,82,1192,1103
889,1050,792,1103,1192
889,1050,1093,83,82,1192
889,1050,1093,82,1192
889,1050,792,1103,1192,252
889,1050,1093,83,82,1192,252
889,1050,1093,82,1192,252
792,1050,1093,83,82,1192,1103,1057
792,1050,1093,82,1192,1103,1057
792,1103,1057
792,1050,1093,83,82,1192,1103,1057,926
792,1050,1093,82,1192,1103,1057,926
792,1103,1057,926
792,1050,1093
792,1103,1192,82,1093
792,1103
792,1050,1093,83,82,1192
792,1050,1093,82,1192
792,1103,1192
792,1050,1093,83,82,1192,252
792,1050,1093,82,1192,252
792,1103,1192,252
1057,926
1057,1103,792,1050,1093
1057,1103,1192,82,1093
1057,1103
1057,1103,1192
1057,1103,792,1050,1093,83,82,1192,252
1057,1103,792,1050,1093,82,1192,252
1057,1103,1192,252
926,1057,1103,792,1050,1093
926,1057,1103,1192,82,1093
926,1057,1103
926,1057,1103,1192
926,1057,1103,792,1050,1093,83,82,1192,252
926,1057,1103,792,1050,1093,82,1192,252
926,1057,1103,1192,252
1063,431,1269
1072,1073
1072,1377
1073,1072,1377
1075,294,1534
1080,1030
1080,1030,1496
1030,1496
1093,82,1192,1103
1093,1050,792,1103
1093,82,1192
1093,1050,792,1103,1192
1093,82,1192,252
1093,1050,792,1103,1192,252
1097,583,584,1532
1097,583,584,1532,421
1097,583,584,1532,1052
1103,1192
1103,1192,252
1105,566
1105,566,1188
566,1188
1107,647
1115,257,1526
1116,292
1120,397
1129,1130
1129,333,1301
1129,333,1301,1285
1129,333,1429
1129,333,1429,1346
1130,1129,333,1301
1130,1129,333,1301,1285
1130,1129,333,1429
1130,1129,333,1429,1346
1137,555
1139,288
1152,392,1525
1152,392,1525,613
1152,392,1525,1523
1167,666
1171,880
1171,1480
1171,1480,1300
1171,1480,1199
880,1171,1480
880,1171,1480,1300
880,1171,1480,1199
1172,515,1298
1175,1176
1192,252
1193,1194
1202,1203
1218,191
1218,1219
1218,1219,173,1268
1218,1219,797,796,173,1268
1218,1219,173,1307
1218,1219,797,796,173,1307
191,1218,1219
191,1218,1219,173,1268
191,1218,1219,797,796,173,1268
191,1218,1219,173,1307
191,1218,1219,797,796,173,1307
1219,173,1268
1219,173,1307
1222,1051
325,920,919,921,244
325,920,919,922,432
325,920,919,924,220
1265,897
1265,184
897,1265,184
1266,1267
1266,1267,61,60,62,71
1266,1267,61,149,62,71
1266,1267,61,63,60,62,71
1266,1267,61,65,60,62,71
1266,1267,61,62,71
1266,562,61,60,62,71
1266,562,61,149,62,71
1266,562,61,63,60,62,71
1266,562,61,65,60,62,71
1266,562,61,62,71
1267,61,60,62,71
1267,61,149,62,71
1267,61,63,60,62,71
1267,61,65,60,62,71
1267,61,62,71
1268,173,1307
1272,24,1435
1272,24,1475
1272,24,1553
1272,24,1556
1276,899
244,921,919,922,432
244,921,919,924,220
1280,657
1301,1285
1301,333,1429
1301,333,1429,1346
1285,1301,333,1429
1285,1301,333,1429,1346
1330,938
1353,1157
1353,1157,1401
1157,1401
1354,790
1253,55,1089
1366,320
1370,648
1406,454
1422,603
1429,1346
1435,24,1475
1435,24,1553
1435,24,1556
1441,578
1446,262,1561
1450,334
1450,334,983,1473
334,983,1473
1451,1432
432,922,919,924,220
1463,1190
1464,92,1469,1468
1464,92,1469,1468,198
1464,92,1469
1465,1113
1467,968
1467,14
1467,707,1511
968,1467,14
968,1467,707,1511
14,1467,707,1511
1468,198
1468,1469
198,1468,1469
1470,445
1475,24,1553
1475,24,1556
1480,1300
1480,1199
1300,1480,1199
1482,1255
1482,1278
1482,965
1482,1483
1255,1482,1278
1255,1482,965
1255,1482,1483
1278,1482,965
1278,1482,1483
965,1482,1483
1485,1088
1485,483
1485,1557
1088,1485,483
1088,1485,1557
483,1485,1557
1489,1248
1506,29
1519,1112
1525,613
1525,1523
613,1525,1523
1532,421
1532,1052
421,1532,1052
1538,764
1539,1413
1551,624
1553,24,1556
1555,776
1566,916
1571,211
1572,1123
1576,1343
