6,7
9,10
9,10,95
9,10,399
9,10,548
10,95
10,399
10,548
24,25
24,25,258
24,25,320
24,25,320,452,451
24,25,320,452
24,25,521
24,25,320,452,29
25,258
25,320
25,320,452,451
25,320,452
25,521
25,320,452,29
26,27
26,27,76
26,27,214
26,27,232
26,27,273
26,27,288
27,76
27,214
27,232
27,273
27,288
32,33
32,34,181,33
32,34,338,33
32,34,463,33
32,338,33
32,338,34,181,33
32,338,34,463,33
32,463,33
32,463,34,181,33
32,34
32,338,34
32,463,34
32,33,181
32,34,181
32,338,33,181
32,338,33,463,34,181
32,338,34,181
32,463,33,181
32,463,34,181
32,280
32,338
32,463,33,338
32,463,34,338
32,33,181,34,338,339
32,33,338,339
32,33,463,34,338,339
32,34,338,339
32,338,339
32,463,33,181,34,338,339
32,463,33,338,339
32,463,34,338,339
32,33,170
32,34,181,33,170
32,34,338,33,170
32,34,463,33,170
32,338,33,170
32,338,34,181,33,170
32,338,34,463,33,170
32,463,33,170
32,463,34,181,33,170
32,463
33,32,34
33,181,34
33,338,34
33,463,34
33,181
33,338,34,181
33,463,34,181
33,32,280
33,181,34,32,280
33,181,34,338,32,280
33,181,34,463,32,280
33,338,32,280
33,338,34,32,280
33,338,34,463,32,280
33,463,34,32,280
33,463,32,280
33,338
33,463,34,338
33,32,34,338,339
33,181,34,338,339
33,338,339
33,463,34,338,339
33,170
33,463
34,181
34,32,280
34,338,32,280
34,463,32,280
34,338
34,338,339
34,32,33,170
34,181,33,170
34,338,33,170
34,463,33,170
34,463
36,37
36,37,169
36,37,432
36,37,442
37,169
37,432
37,442
39,40
39,40,297
39,40,511,298,297
39,40,297,298
39,40,511,298
39,40,376
39,40,434
39,40,297,298,482
39,40,511,298,482
39,40,511
39,40,297,298,520
39,40,511,298,520
40,297
40,511,298,297
40,297,298
40,511,298
40,376
40,434
40,297,298,482
40,511,298,482
40,511
40,297,298,520
40,511,298,520
44,45
44,46
45,44,46
52,53
52,53,57
52,53,156,57
52,53,57,17
52,53,156,57,17
52,53,57,150
52,53,156,57,150
52,53,156
52,53,220
52,53,220,301,239
52,53,247
52,53,220,301
52,53,57,319
52,53,156,57,319
52,53,57,17,373
52,53,156,57,17,373
53,57
53,156,57
53,57,17
53,156,57,17
53,57,150
53,156,57,150
53,156
53,220
53,220,301,239
53,247
53,220,301
53,57,319
53,156,57,319
53,57,17,373
53,156,57,17,373
57,17
57,150
57,156
57,53,220
57,156,53,220
57,53,220,301,239
57,156,53,220,301,239
57,53,247
57,156,53,247
57,53,220,301
57,156,53,220,301
57,319
57,17,373
17,57,150
17,57,156
17,57,53,220
17,57,156,53,220
17,57,53,220,301,239
17,57,156,53,220,301,239
17,57,53,247
17,57,156,53,247
17,57,53,220,301
17,57,156,53,220,301
17,57,319
17,373
58,59
58,60,113,59
58,60,278,59
58,60,518,59
58,60,538,59
58,60
58,59,113
58,59,278,60,113
58,59,518,60,113
58,59,538,60,113
58,60,113
58,59,113,60,116
58,59,278,60,116
58,59,518,60,116
58,59,538,60,116
58,60,116
58,59,278
58,59,518,60,278
58,59,538,60,278
58,60,278
58,59,410,310
58,59,410,411,310
58,60,113,59,410,310
58,60,113,59,410,411,310
58,60,278,59,410,310
58,60,278,59,410,411,310
58,60,518,59,410,310
58,60,518,59,410,411,310
58,60,538,59,410,310
58,60,538,59,410,411,310
58,59,410,310,311
58,59,410,411,310,311
58,60,113,59,410,310,311
58,60,113,59,410,411,310,311
58,60,278,59,410,310,311
58,60,278,59,410,411,310,311
58,60,518,59,410,310,311
58,60,518,59,410,411,310,311
58,60,538,59,410,310,311
58,60,538,59,410,411,310,311
58,59,113,60,321
58,59,278,60,321
58,59,518,60,321
58,59,538,60,321
58,60,321
58,59,113,60,383
58,59,278,60,383
58,59,518,60,383
58,59,538,60,383
58,60,383
58,59,410
58,60,113,59,410
58,60,278,59,410
58,60,518,59,410
58,60,538,59,410
58,59,410,411
58,60,113,59,410,411
58,60,278,59,410,411
58,60,518,59,410,411
58,60,538,59,410,411
58,59,113,60,496
58,59,278,60,496
58,59,518,60,496
58,59,538,60,496
58,60,496
58,59,518
58,59,538,60,518
58,60,518
58,59,538
58,60,538
58,59,113,60,549
58,59,278,60,549
58,59,518,60,549
58,59,538,60,549
58,60,549
58,59,113,60,578
58,59,278,60,578
58,59,518,60,578
58,59,538,60,578
58,60,578
59,58,60
59,113,60
59,278,60
59,518,60
59,538,60
59,113
59,278,60,113
59,518,60,113
59,538,60,113
59,58,60,116
59,113,60,116
59,278,60,116
59,518,60,116
59,538,60,116
59,278
59,518,60,278
59,538,60,278
59,410,310
59,410,411,310
59,410,310,311
59,410,411,310,311
59,58,60,321
59,113,60,321
59,278,60,321
59,518,60,321
59,538,60,321
59,58,60,383
59,113,60,383
59,278,60,383
59,518,60,383
59,538,60,383
59,410
59,410,411
59,58,60,496
59,113,60,496
59,278,60,496
59,518,60,496
59,538,60,496
59,518
59,538,60,518
59,538
59,58,60,549
59,113,60,549
59,278,60,549
59,518,60,549
59,538,60,549
59,58,60,578
59,113,60,578
59,278,60,578
59,518,60,578
59,538,60,578
60,113
60,116
60,278
60,58,59,410,310
60,58,59,410,411,310
60,113,59,410,310
60,113,59,410,411,310
60,278,59,410,310
60,278,59,410,411,310
60,518,59,410,310
60,518,59,410,411,310
60,538,59,410,310
60,538,59,410,411,310
60,58,59,410,310,311
60,58,59,410,411,310,311
60,113,59,410,310,311
60,113,59,410,411,310,311
60,278,59,410,310,311
60,278,59,410,411,310,311
60,518,59,410,310,311
60,518,59,410,411,310,311
60,538,59,410,310,311
60,538,59,410,411,310,311
60,321
60,383
60,58,59,410
60,113,59,410
60,278,59,410
60,518,59,410
60,538,59,410
60,58,59,410,411
60,113,59,410,411
60,278,59,410,411
60,518,59,410,411
60,538,59,410,411
60,496
60,518
60,538
60,549
60,578
76,27,214
76,27,232
76,27,273
76,27,288
85,86
95,10,399
95,10,548
110,111
110,111,196,197,177,175
110,111,196,197,91,573,572,176,175
110,111,196,197,545,175
110,111,177,175
110,111,177,197,91,573,572,176,175
110,111,177,197,545,175
110,111,519,197,177,175
110,111,519,197,91,573,572,176,175
110,111,519,197,545,175
110,111,545,175
110,111,545,197,91,573,572,176,175
110,111,572,176,175
110,111,572,573,91,197,177,175
110,111,572,573,91,197,545,175
110,111,573,572,176,175
110,111,573,91,197,177,175
110,111,573,91,197,545,175
110,111,196,197,177,175,176
110,111,196,197,91,573,572,176
110,111,196,197,545,175,176
110,111,177,175,176
110,111,177,175,545,197,91,573,572,176
110,111,177,197,91,573,572,176
110,111,177,197,545,175,176
110,111,519,197,177,175,176
110,111,519,197,91,573,572,176
110,111,519,197,545,175,176
110,111,545,175,176
110,111,545,197,91,573,572,176
110,111,572,176
110,111,573,572,176
110,111,573,91,197,177,175,176
110,111,573,91,197,545,175,176
110,111,196,197,177
110,111,196,197,91,573,572,176,175,177
110,111,196,197,545,175,177
110,111,177
110,111,519,197,177
110,111,519,197,91,573,572,176,175,177
110,111,519,197,545,175,177
110,111,545,175,177
110,111,545,197,177
110,111,572,176,175,177
110,111,572,176,175,545,197,177
110,111,572,573,91,197,177
110,111,572,573,91,197,545,175,177
110,111,573,572,176,175,177
110,111,573,572,176,175,545,197,177
110,111,573,91,197,177
110,111,573,91,197,545,175,177
110,111,196
110,111,519,197,196
110,111,545,175,176,572,573,91,197,196
110,111,545,197,196
110,111,572,176,175,177,197,196
110,111,572,176,175,545,197,196
110,111,572,573,91,197,196
110,111,573,572,176,175,177,197,196
110,111,573,572,176,175,545,197,196
110,111,573,91,197,196
110,111,196,197
110,111,177,197
110,111,519,197
110,111,545,197
110,111,572,176,175,177,197
110,111,572,176,175,545,197
110,111,572,573,91,197
110,111,573,572,176,175,177,197
110,111,573,572,176,175,545,197
110,111,573,91,197
110,111,196,197,91
110,111,177,175,176,572,573,91
110,111,177,175,545,197,91
110,111,177,197,91
110,111,519,197,91
110,111,519,197,545,175,176,572,573,91
110,111,545,175,176,572,573,91
110,111,545,197,91
110,111,572,176,175,177,197,91
110,111,572,176,175,545,197,91
110,111,572,573,91
110,111,573,91
110,111,519
110,111,545,197,519
110,111,572,176,175,177,197,519
110,111,572,176,175,545,197,519
110,111,572,573,91,197,519
110,111,573,572,176,175,177,197,519
110,111,573,572,176,175,545,197,519
110,111,573,91,197,519
110,111,545
110,111,572,176,175,545
110,111,572,573,91,197,545
110,111,573,572,176,175,545
110,111,573,91,197,545
110,111,572
110,111,573,572
110,111,573
111,196,197,177,175
111,196,197,91,573,572,176,175
111,196,197,545,175
111,177,175
111,177,197,91,573,572,176,175
111,177,197,545,175
111,519,197,177,175
111,519,197,91,573,572,176,175
111,519,197,545,175
111,545,175
111,545,197,91,573,572,176,175
111,572,176,175
111,572,573,91,197,177,175
111,572,573,91,197,545,175
111,573,572,176,175
111,573,91,197,177,175
111,573,91,197,545,175
111,196,197,177,175,176
111,196,197,91,573,572,176
111,196,197,545,175,176
111,177,175,176
111,177,175,545,197,91,573,572,176
111,177,197,91,573,572,176
111,177,197,545,175,176
111,519,197,177,175,176
111,519,197,91,573,572,176
111,519,197,545,175,176
111,545,175,176
111,545,197,91,573,572,176
111,572,176
111,573,572,176
111,573,91,197,177,175,176
111,573,91,197,545,175,176
111,196,197,177
111,196,197,91,573,572,176,175,177
111,196,197,545,175,177
111,177
111,519,197,177
111,519,197,91,573,572,176,175,177
111,519,197,545,175,177
111,545,175,177
111,545,197,177
111,572,176,175,177
111,572,176,175,545,197,177
111,572,573,91,197,177
111,572,573,91,197,545,175,177
111,573,572,176,175,177
111,573,572,176,175,545,197,177
111,573,91,197,177
111,573,91,197,545,175,177
111,196
111,519,197,196
111,545,175,176,572,573,91,197,196
111,545,197,196
111,572,176,175,177,197,196
111,572,176,175,545,197,196
111,572,573,91,197,196
111,573,572,176,175,177,197,196
111,573,572,176,175,545,197,196
111,573,91,197,196
111,196,197
111,177,197
111,519,197
111,545,197
111,572,176,175,177,197
111,572,176,175,545,197
111,572,573,91,197
111,573,572,176,175,177,197
111,573,572,176,175,545,197
111,573,91,197
111,196,197,91
111,177,175,176,572,573,91
111,177,175,545,197,91
111,177,197,91
111,519,197,91
111,519,197,545,175,176,572,573,91
111,545,175,176,572,573,91
111,545,197,91
111,572,176,175,177,197,91
111,572,176,175,545,197,91
111,572,573,91
111,573,91
111,519
111,545,197,519
111,572,176,175,177,197,519
111,572,176,175,545,197,519
111,572,573,91,197,519
111,573,572,176,175,177,197,519
111,573,572,176,175,545,197,519
111,573,91,197,519
111,545
111,572,176,175,545
111,572,573,91,197,545
111,573,572,176,175,545
111,573,91,197,545
111,572
111,573,572
111,573
113,60,116
113,59,278,60,116
113,59,518,60,116
113,59,538,60,116
113,60,278
113,60,518,59,278
113,60,538,59,278
113,59,278
113,60,278,59,410,310
113,60,278,59,410,411,310
113,60,518,59,410,310
113,60,518,59,410,411,310
113,60,538,59,410,310
113,60,538,59,410,411,310
113,59,410,310
113,59,410,411,310
113,60,278,59,410,310,311
113,60,278,59,410,411,310,311
113,60,518,59,410,310,311
113,60,518,59,410,411,310,311
113,60,538,59,410,310,311
113,60,538,59,410,411,310,311
113,59,410,310,311
113,59,410,411,310,311
113,60,321
113,59,278,60,321
113,59,518,60,321
113,59,538,60,321
113,60,383
113,59,278,60,383
113,59,518,60,383
113,59,538,60,383
113,60,278,59,410
113,60,518,59,410
113,60,538,59,410
113,59,410
113,60,278,59,410,411
113,60,518,59,410,411
113,60,538,59,410,411
113,59,410,411
113,60,496
113,59,278,60,496
113,59,518,60,496
113,59,538,60,496
113,60,518
113,60,538,59,518
113,59,518
113,60,538
113,59,538
113,60,549
113,59,278,60,549
113,59,518,60,549
113,59,538,60,549
113,60,578
113,59,278,60,578
113,59,518,60,578
113,59,538,60,578
116,60,278
116,60,518,59,278
116,60,538,59,278
116,60,58,59,410,310
116,60,58,59,410,411,310
116,60,113,59,410,310
116,60,113,59,410,411,310
116,60,278,59,410,310
116,60,278,59,410,411,310
116,60,518,59,410,310
116,60,518,59,410,411,310
116,60,538,59,410,310
116,60,538,59,410,411,310
116,60,58,59,410,310,311
116,60,58,59,410,411,310,311
116,60,113,59,410,310,311
116,60,113,59,410,411,310,311
116,60,278,59,410,310,311
116,60,278,59,410,411,310,311
116,60,518,59,410,310,311
116,60,518,59,410,411,310,311
116,60,538,59,410,310,311
116,60,538,59,410,411,310,311
116,60,321
116,60,383
116,60,58,59,410
116,60,113,59,410
116,60,278,59,410
116,60,518,59,410
116,60,538,59,410
116,60,58,59,410,411
116,60,113,59,410,411
116,60,278,59,410,411
116,60,518,59,410,411
116,60,538,59,410,411
116,60,496
116,60,518
116,60,538,59,518
116,60,538
116,60,549
116,60,578
118,119
118,119,134
118,119,174
118,119,189
118,119,253
118,119,293
118,119,337
118,119,384
118,119,393
118,119,430
118,119,464
118,119,498
118,119,507
118,119,517
118,119,528
118,119,531
119,134
119,174
119,189
119,253
119,293
119,337
119,384
119,393
119,430
119,464
119,498
119,507
119,517
119,528
119,531
121,99
121,450,277,276,501,99
121,450,277,523,524,501,99
121,450,277,438,523,524,501,99
121,450,276,277,523,524,501,99
121,450,276,277,438,523,524,501,99
121,450,276,501,99
121,450,99
121,450,501,99
121,251
121,99,450,277,276
121,99,450,276
121,99,501,276
121,99,501,524,523,277,276
121,99,501,524,523,438,277,276
121,450,277,276
121,450,277,523,524,501,276
121,450,277,438,523,524,501,276
121,450,276
121,450,501,276
121,99,450,277
121,99,501,276,277
121,99,501,450,277
121,99,501,524,523,277
121,99,501,524,523,438,277
121,450,277
121,450,501,276,277
121,450,501,524,523,277
121,450,501,524,523,438,277
121,99,450,277,276,501,524,523,374
121,99,450,277,523,374
121,99,450,277,438,523,374
121,99,450,276,277,523,374
121,99,450,276,277,438,523,374
121,99,450,276,501,524,523,374
121,99,450,501,276,277,523,374
121,99,450,501,276,277,438,523,374
121,99,450,501,524,523,374
121,99,501,276,277,523,374
121,99,501,276,277,438,523,374
121,99,501,450,277,523,374
121,99,501,450,277,438,523,374
121,99,501,524,523,374
121,450,277,276,501,524,523,374
121,450,277,523,374
121,450,277,438,523,374
121,450,276,277,523,374
121,450,276,277,438,523,374
121,450,276,501,524,523,374
121,450,501,276,277,523,374
121,450,501,276,277,438,523,374
121,450,501,524,523,374
121,99,450,277,276,501,524,523,374,231
121,99,450,277,523,374,231
121,99,450,277,438,523,374,231
121,99,450,276,277,523,374,231
121,99,450,276,277,438,523,374,231
121,99,450,276,501,524,523,374,231
121,99,450,501,276,277,523,374,231
121,99,450,501,276,277,438,523,374,231
121,99,450,501,524,523,374,231
121,99,501,276,277,523,374,231
121,99,501,276,277,438,523,374,231
121,99,501,450,277,523,374,231
121,99,501,450,277,438,523,374,231
121,99,501,524,523,374,231
121,450,277,276,501,524,523,374,231
121,450,277,523,374,231
121,450,277,438,523,374,231
121,450,276,277,523,374,231
121,450,276,277,438,523,374,231
121,450,276,501,524,523,374,231
121,450,501,276,277,523,374,231
121,450,501,276,277,438,523,374,231
121,450,501,524,523,374,231
121,450
121,99,501
121,450,501
121,99,450,277,276,501,331
121,99,450,277,523,524,501,331
121,99,450,277,438,523,524,501,331
121,99,450,276,277,523,524,501,331
121,99,450,276,277,438,523,524,501,331
121,99,450,276,501,331
121,99,450,501,331
121,99,501,331
121,450,277,276,501,331
121,450,277,523,524,501,331
121,450,277,438,523,524,501,331
121,450,276,277,523,524,501,331
121,450,276,277,438,523,524,501,331
121,450,276,501,331
121,450,501,331
121,99,450,277,276,501,123
121,99,450,277,523,524,501,123
121,99,450,277,438,523,524,501,123
121,99,450,276,277,523,524,501,123
121,99,450,276,277,438,523,524,501,123
121,99,450,276,501,123
121,99,450,501,123
121,99,501,123
121,450,277,276,501,123
121,450,277,523,524,501,123
121,450,277,438,523,524,501,123
121,450,276,277,523,524,501,123
121,450,276,277,438,523,524,501,123
121,450,276,501,123
121,450,501,123
121,99,450,277,523
121,99,450,277,438,523
121,99,450,276,277,523
121,99,450,276,277,438,523
121,99,450,276,501,524,523
121,99,450,501,276,277,523
121,99,450,501,276,277,438,523
121,99,450,501,524,523
121,99,501,276,277,523
121,99,501,276,277,438,523
121,99,501,450,277,523
121,99,501,450,277,438,523
121,99,501,524,523
121,450,277,523
121,450,277,438,523
121,450,276,277,523
121,450,276,277,438,523
121,450,276,501,524,523
121,450,501,276,277,523
121,450,501,276,277,438,523
121,450,501,524,523
121,99,450,277,276,501,524,523,213
121,99,450,277,523,213
121,99,450,277,438,523,213
121,99,450,276,277,523,213
121,99,450,276,277,438,523,213
121,99,450,276,501,524,523,213
121,99,450,501,276,277,523,213
121,99,450,501,276,277,438,523,213
121,99,450,501,524,523,213
121,99,501,276,277,523,213
121,99,501,276,277,438,523,213
121,99,501,450,277,523,213
121,99,501,450,277,438,523,213
121,99,501,524,523,213
121,450,277,276,501,524,523,213
121,450,277,523,213
121,450,277,438,523,213
121,450,276,277,523,213
121,450,276,277,438,523,213
121,450,276,501,524,523,213
121,450,501,276,277,523,213
121,450,501,276,277,438,523,213
121,450,501,524,523,213
121,99,450,277,438
121,99,450,276,277,438
121,99,450,276,501,524,523,438
121,99,450,501,276,277,438
121,99,450,501,524,523,438
121,99,501,276,277,438
121,99,501,450,277,438
121,99,501,524,523,438
121,450,277,438
121,450,276,277,438
121,450,276,501,524,523,438
121,450,501,276,277,438
121,450,501,524,523,438
121,99,450,277,276,501,524
121,99,450,277,523,524
121,99,450,277,438,523,524
121,99,450,276,277,523,524
121,99,450,276,277,438,523,524
121,99,450,276,501,524
121,99,450,501,524
121,99,501,524
121,450,277,276,501,524
121,450,277,523,524
121,450,277,438,523,524
121,450,276,277,523,524
121,450,276,277,438,523,524
121,450,276,501,524
121,450,501,524
121,99,450,277,276,501,524,226
121,99,450,277,523,524,226
121,99,450,277,438,523,524,226
121,99,450,276,277,523,524,226
121,99,450,276,277,438,523,524,226
121,99,450,276,501,524,226
121,99,450,501,276,277,523,524,226
121,99,450,501,276,277,438,523,524,226
121,99,450,501,524,226
121,99,501,276,277,523,524,226
121,99,501,276,277,438,523,524,226
121,99,501,450,277,523,524,226
121,99,501,450,277,438,523,524,226
121,99,501,524,226
121,450,277,276,501,524,226
121,450,277,523,524,226
121,450,277,438,523,524,226
121,450,276,277,523,524,226
121,450,276,277,438,523,524,226
121,450,276,501,524,226
121,450,501,276,277,523,524,226
121,450,501,276,277,438,523,524,226
121,450,501,524,226
99,121,251
99,450,121,251
99,501,276,277,450,121,251
99,501,276,450,121,251
99,501,450,121,251
99,501,524,523,277,276,450,121,251
99,501,524,523,277,450,121,251
99,501,524,523,438,277,276,450,121,251
99,501,524,523,438,277,450,121,251
99,450,277,276
99,450,277,523,524,501,276
99,450,277,438,523,524,501,276
99,450,276
99,450,501,276
99,501,276
99,501,450,277,276
99,501,524,523,277,276
99,501,524,523,438,277,276
99,450,277
99,450,501,524,523,277
99,450,501,524,523,438,277
99,501,276,277
99,501,450,277
99,501,524,523,277
99,501,524,523,438,277
99,450,277,276,501,524,523,374
99,450,277,523,374
99,450,277,438,523,374
99,450,276,277,523,374
99,450,276,277,438,523,374
99,450,276,501,524,523,374
99,450,501,276,277,523,374
99,450,501,276,277,438,523,374
99,450,501,524,523,374
99,501,276,277,523,374
99,501,276,277,438,523,374
99,501,450,277,523,374
99,501,450,277,438,523,374
99,501,524,523,374
99,450,277,276,501,524,523,374,231
99,450,277,523,374,231
99,450,277,438,523,374,231
99,450,276,277,523,374,231
99,450,276,277,438,523,374,231
99,450,276,501,524,523,374,231
99,450,501,276,277,523,374,231
99,450,501,276,277,438,523,374,231
99,450,501,524,523,374,231
99,501,276,277,523,374,231
99,501,276,277,438,523,374,231
99,501,450,277,523,374,231
99,501,450,277,438,523,374,231
99,501,524,523,374,231
99,450
99,501,450
99,501
99,450,277,276,501,331
99,450,277,523,524,501,331
99,450,277,438,523,524,501,331
99,450,276,277,523,524,501,331
99,450,276,277,438,523,524,501,331
99,450,276,501,331
99,450,501,331
99,501,331
99,450,277,276,501,123
99,450,277,523,524,501,123
99,450,277,438,523,524,501,123
99,450,276,277,523,524,501,123
99,450,276,277,438,523,524,501,123
99,450,276,501,123
99,450,501,123
99,501,123
99,450,277,523
99,450,277,438,523
99,450,276,277,523
99,450,276,277,438,523
99,450,276,501,524,523
99,450,501,276,277,523
99,450,501,276,277,438,523
99,450,501,524,523
99,501,276,277,523
99,501,276,277,438,523
99,501,450,277,523
99,501,450,277,438,523
99,501,524,523
99,450,277,276,501,524,523,213
99,450,277,523,213
99,450,277,438,523,213
99,450,276,277,523,213
99,450,276,277,438,523,213
99,450,276,501,524,523,213
99,450,501,276,277,523,213
99,450,501,276,277,438,523,213
99,450,501,524,523,213
99,501,276,277,523,213
99,501,276,277,438,523,213
99,501,450,277,523,213
99,501,450,277,438,523,213
99,501,524,523,213
99,450,277,438
99,450,276,277,438
99,450,276,501,524,523,438
99,450,501,276,277,438
99,450,501,524,523,438
99,501,276,277,438
99,501,450,277,438
99,501,524,523,438
99,450,277,276,501,524
99,450,277,523,524
99,450,277,438,523,524
99,450,276,277,523,524
99,450,276,277,438,523,524
99,450,276,501,524
99,450,501,524
99,501,524
99,450,277,276,501,524,226
99,450,277,523,524,226
99,450,277,438,523,524,226
99,450,276,277,523,524,226
99,450,276,277,438,523,524,226
99,450,276,501,524,226
99,450,501,276,277,523,524,226
99,450,501,276,277,438,523,524,226
99,450,501,524,226
99,501,276,277,523,524,226
99,501,276,277,438,523,524,226
99,501,450,277,523,524,226
99,501,450,277,438,523,524,226
99,501,524,226
125,126
125,127,126
125,127
125,126,127,144
125,127,144
126,127
126,127,144
127,144
134,119,174
134,119,189
134,119,253
134,119,293
134,119,337
134,119,384
134,119,393
134,119,430
134,119,464
134,119,498
134,119,507
134,119,517
134,119,528
134,119,531
143,137
147,148
150,57,156
150,57,53,220
150,57,156,53,220
150,57,53,220,301,239
150,57,156,53,220,301,239
150,57,53,247
150,57,156,53,247
150,57,53,220,301
150,57,156,53,220,301
150,57,319
150,57,17,373
156,53,220
156,53,220,301,239
156,53,247
156,53,220,301
156,57,319
156,57,17,373
158,159
160,161
160,536,161
160,536,314,161
160,162
160,161,314
160,536,314
160,161,314,315
160,161,536,314,315
160,536,314,315
160,161,314,316
160,161,536,314,316
160,536,314,316
160,161,314,317
160,161,536,314,317
160,536,314,317
160,536
161,160,162
161,314,536,160,162
161,536,160,162
161,314
161,536,314
161,314,315
161,536,314,315
161,314,316
161,536,314,316
161,314,317
161,536,314,317
161,536
162,160,161,314
162,160,536,314
162,160,161,314,315
162,160,161,536,314,315
162,160,536,314,315
162,160,161,314,316
162,160,161,536,314,316
162,160,536,314,316
162,160,161,314,317
162,160,161,536,314,317
162,160,536,314,317
162,160,536
166,167
166,131,261,167
166,168,261,167
166,131
166,168,261,131
166,168
166,167,261
166,131,261
166,168,261
167,166,131
167,166,168,261,131
167,261,131
167,166,168
167,261,168
167,261
131,166,168
131,261,168
131,261
168,261
169,37,432
169,37,442
171,172
174,119,189
174,119,253
174,119,293
174,119,337
174,119,384
174,119,393
174,119,430
174,119,464
174,119,498
174,119,507
174,119,517
174,119,528
174,119,531
175,176
175,177,197,91,573,572,176
175,545,197,91,573,572,176
175,177
175,545,197,177
175,176,572,111,196
175,176,572,111,519,197,196
175,176,572,573,111,196
175,176,572,573,111,519,197,196
175,176,572,573,91,197,196
175,176,572,573,91,197,519,111,196
175,177,111,196
175,177,111,519,197,196
175,177,111,572,573,91,197,196
175,177,111,573,91,197,196
175,177,197,196
175,545,111,196
175,545,111,519,197,196
175,545,111,572,573,91,197,196
175,545,111,573,91,197,196
175,545,197,196
175,176,572,111,196,197
175,176,572,111,519,197
175,176,572,111,573,91,197
175,176,572,573,111,196,197
175,176,572,573,111,519,197
175,176,572,573,91,197
175,177,197
175,545,197
175,176,572,111,196,197,91
175,176,572,111,519,197,91
175,176,572,111,573,91
175,176,572,573,91
175,177,111,196,197,91
175,177,111,519,197,91
175,177,111,572,573,91
175,177,111,573,91
175,177,197,91
175,177,197,519,111,572,573,91
175,177,197,519,111,573,91
175,545,111,196,197,91
175,545,111,519,197,91
175,545,111,572,573,91
175,545,111,573,91
175,545,197,91
175,545,197,519,111,572,573,91
175,545,197,519,111,573,91
175,176,572,111,519
175,176,572,573,111,519
175,176,572,573,91,197,519
175,177,111,519
175,177,197,519
175,545,111,519
175,545,197,519
175,545
175,176,572
175,177,111,572
175,177,111,573,572
175,177,197,196,111,572
175,177,197,196,111,573,572
175,177,197,91,573,572
175,177,197,519,111,572
175,177,197,519,111,573,572
175,177,197,545,111,572
175,177,197,545,111,573,572
175,545,111,572
175,545,111,573,572
175,545,197,196,111,572
175,545,197,196,111,573,572
175,545,197,91,573,572
175,545,197,519,111,572
175,545,197,519,111,573,572
175,176,572,573
175,177,111,573
175,177,197,196,111,573
175,177,197,91,573
175,177,197,519,111,573
175,177,197,545,111,573
175,545,111,573
175,545,197,196,111,573
175,545,197,91,573
175,545,197,519,111,573
176,175,177
176,175,545,111,196,197,177
176,175,545,111,177
176,175,545,111,519,197,177
176,175,545,111,573,91,197,177
176,175,545,197,177
176,572,111,196,197,177
176,572,111,196,197,545,175,177
176,572,111,177
176,572,111,519,197,177
176,572,111,519,197,545,175,177
176,572,111,545,175,177
176,572,111,545,197,177
176,572,573,111,196,197,177
176,572,573,111,196,197,545,175,177
176,572,573,111,177
176,572,573,111,519,197,177
176,572,573,111,519,197,545,175,177
176,572,573,111,545,175,177
176,572,573,111,545,197,177
176,572,573,91,197,196,111,177
176,572,573,91,197,196,111,545,175,177
176,572,573,91,197,177
176,572,573,91,197,519,111,177
176,572,573,91,197,519,111,545,175,177
176,572,573,91,197,545,175,177
176,572,573,91,197,545,111,177
176,175,177,111,196
176,175,177,111,519,197,196
176,175,177,111,573,91,197,196
176,175,177,197,196
176,175,545,111,196
176,175,545,111,519,197,196
176,175,545,111,573,91,197,196
176,175,545,197,196
176,572,111,196
176,572,111,519,197,196
176,572,111,545,197,196
176,572,573,111,196
176,572,573,111,519,197,196
176,572,573,111,545,197,196
176,572,573,91,197,196
176,572,573,91,197,519,111,196
176,572,573,91,197,545,111,196
176,175,177,197
176,175,545,197
176,572,111,196,197
176,572,111,177,197
176,572,111,519,197
176,572,111,545,197
176,572,111,573,91,197
176,572,573,111,196,197
176,572,573,111,177,197
176,572,573,111,519,197
176,572,573,111,545,197
176,572,573,91,197
176,175,177,111,196,197,91
176,175,177,111,519,197,91
176,175,177,111,545,197,91
176,175,177,111,573,91
176,175,177,197,91
176,175,177,197,519,111,573,91
176,175,545,111,196,197,91
176,175,545,111,519,197,91
176,175,545,111,573,91
176,175,545,197,91
176,175,545,197,519,111,573,91
176,572,111,196,197,91
176,572,111,177,175,545,197,91
176,572,111,177,197,91
176,572,111,519,197,91
176,572,111,545,197,91
176,572,111,573,91
176,572,573,91
176,175,177,111,519
176,175,177,197,519
176,175,545,111,519
176,175,545,197,519
176,572,111,519
176,572,111,545,197,519
176,572,573,111,519
176,572,573,111,545,197,519
176,572,573,91,197,519
176,572,573,91,197,545,111,519
176,175,545
176,572,111,545
176,572,573,111,545
176,572,573,91,197,545
176,572
176,175,177,111,573
176,175,177,197,196,111,573
176,175,177,197,91,573
176,175,177,197,519,111,573
176,175,177,197,545,111,573
176,175,545,111,573
176,175,545,197,196,111,573
176,175,545,197,91,573
176,175,545,197,519,111,573
176,572,573
177,175,176,572,111,196
177,175,176,572,111,519,197,196
177,175,176,572,573,111,196
177,175,176,572,573,111,519,197,196
177,175,176,572,573,91,197,196
177,175,176,572,573,91,197,519,111,196
177,175,545,111,196
177,175,545,111,519,197,196
177,175,545,111,572,573,91,197,196
177,175,545,111,573,91,197,196
177,175,545,197,196
177,111,196
177,111,519,197,196
177,111,545,197,196
177,111,572,573,91,197,196
177,111,573,91,197,196
177,197,196
177,197
177,175,176,572,111,196,197,91
177,175,176,572,111,519,197,91
177,175,176,572,573,91
177,175,545,111,196,197,91
177,175,545,111,519,197,91
177,175,545,111,572,573,91
177,175,545,111,573,91
177,175,545,197,91
177,175,545,197,519,111,572,573,91
177,175,545,197,519,111,573,91
177,111,196,197,91
177,111,519,197,91
177,111,545,175,176,572,573,91
177,111,545,197,91
177,111,572,573,91
177,111,573,91
177,197,91
177,197,519,111,572,573,91
177,197,519,111,573,91
177,197,545,111,572,573,91
177,197,545,111,573,91
177,175,176,572,111,519
177,175,176,572,573,111,519
177,175,176,572,573,91,197,519
177,175,545,111,519
177,175,545,197,519
177,111,519
177,111,545,197,519
177,197,519
177,175,545
177,111,545
177,197,545
177,175,176,572
177,175,545,111,572
177,175,545,111,573,572
177,175,545,197,196,111,572
177,175,545,197,196,111,573,572
177,175,545,197,91,573,572
177,175,545,197,519,111,572
177,175,545,197,519,111,573,572
177,111,572
177,111,573,572
177,197,196,111,572
177,197,196,111,573,572
177,197,91,573,572
177,197,519,111,572
177,197,519,111,573,572
177,197,545,175,176,572
177,197,545,111,572
177,197,545,111,573,572
177,175,176,572,573
177,175,545,111,573
177,175,545,197,196,111,573
177,175,545,197,91,573
177,175,545,197,519,111,573
177,111,573
177,197,196,111,573
177,197,91,573
177,197,519,111,573
177,197,545,175,176,572,573
177,197,545,111,573
179,461,460,286
179,461,460,327,287,286
179,461,460,286,287
179,461,460,327,287
179,461,460,327
179,461,460,286,287,327,328
179,461,460,327,328
179,461,460,286,287,327,81
179,461,460,327,81
179,461,460
179,461
179,461,460,266
181,33,32,280
181,33,338,32,280
181,33,338,34,463,32,280
181,33,463,32,280
181,34,32,280
181,34,338,32,280
181,34,463,32,280
181,33,338
181,33,463,34,338
181,33,463,32,338
181,34,338
181,34,463,32,338
181,33,32,338,339
181,33,338,339
181,33,463,34,338,339
181,33,463,32,338,339
181,34,32,338,339
181,34,338,339
181,34,463,32,338,339
181,33,170
181,34,338,33,170
181,34,338,32,463,33,170
181,34,463,33,170
181,33,463
181,34,463
186,187
186,188,527,427,187
186,188,527,260,187
186,188
186,187,427,527,260
186,187,260
186,188,527,427,187,260
186,188,527,260
186,187,345,344
186,188,527,427,187,345,344
186,188,527,260,187,345,344
186,187,345
186,188,527,427,187,345
186,188,527,260,187,345
186,187,427
186,188,527,427
186,187,427,527
186,187,260,527
186,188,527
187,186,188
187,427,527,188
187,260,527,188
187,427,527,260
187,260
187,345,344
187,345
187,427
187,186,188,527
187,427,527
187,260,527
188,186,187,260
188,527,427,187,260
188,527,260
188,186,187,345,344
188,527,427,187,345,344
188,527,260,187,345,344
188,186,187,345
188,527,427,187,345
188,527,260,187,345
188,186,187,427
188,527,427
188,527
189,119,253
189,119,293
189,119,337
189,119,384
189,119,393
189,119,430
189,119,464
189,119,498
189,119,507
189,119,517
189,119,528
189,119,531
196,197
196,111,177,175,176,572,573,91
196,111,519,197,91
196,111,519,197,545,175,176,572,573,91
196,111,545,175,176,572,573,91
196,111,545,197,91
196,111,572,176,175,545,197,91
196,111,572,573,91
196,111,573,91
196,197,91
196,197,519,111,572,573,91
196,197,519,111,573,91
196,197,545,175,176,572,573,91
196,197,545,111,572,573,91
196,197,545,111,573,91
196,111,519
196,111,545,197,519
196,111,572,176,175,545,197,519
196,111,573,572,176,175,545,197,519
196,197,519
196,111,545
196,111,572,176,175,545
196,111,573,572,176,175,545
196,197,545
196,111,572
196,111,573,572
196,197,177,175,176,572
196,197,91,573,572
196,197,519,111,572
196,197,519,111,573,572
196,197,545,175,176,572
196,197,545,111,572
196,197,545,111,573,572
196,111,573
196,197,177,175,176,572,573
196,197,91,573
196,197,519,111,573
196,197,545,175,176,572,573
196,197,545,111,573
197,91
197,519
197,545
197,196,111,572
197,196,111,573,572
197,177,175,176,572
197,177,111,572
197,177,111,573,572
197,91,573,572
197,519,111,572
197,519,111,573,572
197,545,175,176,572
197,545,111,572
197,545,111,573,572
197,196,111,573
197,177,175,176,572,573
197,177,111,573
197,91,573
197,519,111,573
197,545,175,176,572,573
197,545,111,573
205,206
205,207
206,205,207
214,27,232
214,27,273
214,27,288
220,301,239
220,53,247
220,301
220,53,57,319
220,53,156,57,319
220,53,57,17,373
220,53,156,57,17,373
232,27,273
232,27,288
239,301,220,53,247
239,301
239,301,220,53,57,319
239,301,220,53,156,57,319
239,301,220,53,57,17,373
239,301,220,53,156,57,17,373
247,53,220,301
247,53,57,319
247,53,156,57,319
247,53,57,17,373
247,53,156,57,17,373
251,121,99,450,277,276
251,121,99,450,276
251,121,99,501,276
251,121,99,501,524,523,277,276
251,121,99,501,524,523,438,277,276
251,121,450,277,276
251,121,450,277,523,524,501,276
251,121,450,277,438,523,524,501,276
251,121,450,276
251,121,450,501,276
251,121,99,450,277
251,121,99,501,276,277
251,121,99,501,450,277
251,121,99,501,524,523,277
251,121,99,501,524,523,438,277
251,121,450,277
251,121,450,501,276,277
251,121,450,501,524,523,277
251,121,450,501,524,523,438,277
251,121,99,450,277,276,501,524,523,374
251,121,99,450,277,523,374
251,121,99,450,277,438,523,374
251,121,99,450,276,277,523,374
251,121,99,450,276,277,438,523,374
251,121,99,450,276,501,524,523,374
251,121,99,450,501,276,277,523,374
251,121,99,450,501,276,277,438,523,374
251,121,99,450,501,524,523,374
251,121,99,501,276,277,523,374
251,121,99,501,276,277,438,523,374
251,121,99,501,450,277,523,374
251,121,99,501,450,277,438,523,374
251,121,99,501,524,523,374
251,121,450,277,276,501,524,523,374
251,121,450,277,523,374
251,121,450,277,438,523,374
251,121,450,276,277,523,374
251,121,450,276,277,438,523,374
251,121,450,276,501,524,523,374
251,121,450,501,276,277,523,374
251,121,450,501,276,277,438,523,374
251,121,450,501,524,523,374
251,121,99,450,277,276,501,524,523,374,231
251,121,99,450,277,523,374,231
251,121,99,450,277,438,523,374,231
251,121,99,450,276,277,523,374,231
251,121,99,450,276,277,438,523,374,231
251,121,99,450,276,501,524,523,374,231
251,121,99,450,501,276,277,523,374,231
251,121,99,450,501,276,277,438,523,374,231
251,121,99,450,501,524,523,374,231
251,121,99,501,276,277,523,374,231
251,121,99,501,276,277,438,523,374,231
251,121,99,501,450,277,523,374,231
251,121,99,501,450,277,438,523,374,231
251,121,99,501,524,523,374,231
251,121,450,277,276,501,524,523,374,231
251,121,450,277,523,374,231
251,121,450,277,438,523,374,231
251,121,450,276,277,523,374,231
251,121,450,276,277,438,523,374,231
251,121,450,276,501,524,523,374,231
251,121,450,501,276,277,523,374,231
251,121,450,501,276,277,438,523,374,231
251,121,450,501,524,523,374,231
251,121,450
251,121,99,501
251,121,450,501
251,121,99,450,277,276,501,331
251,121,99,450,277,523,524,501,331
251,121,99,450,277,438,523,524,501,331
251,121,99,450,276,277,523,524,501,331
251,121,99,450,276,277,438,523,524,501,331
251,121,99,450,276,501,331
251,121,99,450,501,331
251,121,99,501,331
251,121,450,277,276,501,331
251,121,450,277,523,524,501,331
251,121,450,277,438,523,524,501,331
251,121,450,276,277,523,524,501,331
251,121,450,276,277,438,523,524,501,331
251,121,450,276,501,331
251,121,450,501,331
251,121,99,450,277,276,501,123
251,121,99,450,277,523,524,501,123
251,121,99,450,277,438,523,524,501,123
251,121,99,450,276,277,523,524,501,123
251,121,99,450,276,277,438,523,524,501,123
251,121,99,450,276,501,123
251,121,99,450,501,123
251,121,99,501,123
251,121,450,277,276,501,123
251,121,450,277,523,524,501,123
251,121,450,277,438,523,524,501,123
251,121,450,276,277,523,524,501,123
251,121,450,276,277,438,523,524,501,123
251,121,450,276,501,123
251,121,450,501,123
251,121,99,450,277,523
251,121,99,450,277,438,523
251,121,99,450,276,277,523
251,121,99,450,276,277,438,523
251,121,99,450,276,501,524,523
251,121,99,450,501,276,277,523
251,121,99,450,501,276,277,438,523
251,121,99,450,501,524,523
251,121,99,501,276,277,523
251,121,99,501,276,277,438,523
251,121,99,501,450,277,523
251,121,99,501,450,277,438,523
251,121,99,501,524,523
251,121,450,277,523
251,121,450,277,438,523
251,121,450,276,277,523
251,121,450,276,277,438,523
251,121,450,276,501,524,523
251,121,450,501,276,277,523
251,121,450,501,276,277,438,523
251,121,450,501,524,523
251,121,99,450,277,276,501,524,523,213
251,121,99,450,277,523,213
251,121,99,450,277,438,523,213
251,121,99,450,276,277,523,213
251,121,99,450,276,277,438,523,213
251,121,99,450,276,501,524,523,213
251,121,99,450,501,276,277,523,213
251,121,99,450,501,276,277,438,523,213
251,121,99,450,501,524,523,213
251,121,99,501,276,277,523,213
251,121,99,501,276,277,438,523,213
251,121,99,501,450,277,523,213
251,121,99,501,450,277,438,523,213
251,121,99,501,524,523,213
251,121,450,277,276,501,524,523,213
251,121,450,277,523,213
251,121,450,277,438,523,213
251,121,450,276,277,523,213
251,121,450,276,277,438,523,213
251,121,450,276,501,524,523,213
251,121,450,501,276,277,523,213
251,121,450,501,276,277,438,523,213
251,121,450,501,524,523,213
251,121,99,450,277,438
251,121,99,450,276,277,438
251,121,99,450,276,501,524,523,438
251,121,99,450,501,276,277,438
251,121,99,450,501,524,523,438
251,121,99,501,276,277,438
251,121,99,501,450,277,438
251,121,99,501,524,523,438
251,121,450,277,438
251,121,450,276,277,438
251,121,450,276,501,524,523,438
251,121,450,501,276,277,438
251,121,450,501,524,523,438
251,121,99,450,277,276,501,524
251,121,99,450,277,523,524
251,121,99,450,277,438,523,524
251,121,99,450,276,277,523,524
251,121,99,450,276,277,438,523,524
251,121,99,450,276,501,524
251,121,99,450,501,524
251,121,99,501,524
251,121,450,277,276,501,524
251,121,450,277,523,524
251,121,450,277,438,523,524
251,121,450,276,277,523,524
251,121,450,276,277,438,523,524
251,121,450,276,501,524
251,121,450,501,524
251,121,99,450,277,276,501,524,226
251,121,99,450,277,523,524,226
251,121,99,450,277,438,523,524,226
251,121,99,450,276,277,523,524,226
251,121,99,450,276,277,438,523,524,226
251,121,99,450,276,501,524,226
251,121,99,450,501,276,277,523,524,226
251,121,99,450,501,276,277,438,523,524,226
251,121,99,450,501,524,226
251,121,99,501,276,277,523,524,226
251,121,99,501,276,277,438,523,524,226
251,121,99,501,450,277,523,524,226
251,121,99,501,450,277,438,523,524,226
251,121,99,501,524,226
251,121,450,277,276,501,524,226
251,121,450,277,523,524,226
251,121,450,277,438,523,524,226
251,121,450,276,277,523,524,226
251,121,450,276,277,438,523,524,226
251,121,450,276,501,524,226
251,121,450,501,276,277,523,524,226
251,121,450,501,276,277,438,523,524,226
251,121,450,501,524,226
253,119,293
253,119,337
253,119,384
253,119,393
253,119,430
253,119,464
253,119,498
253,119,507
253,119,517
253,119,528
253,119,531
255,242
255,152,325,242
255,152,389,242
255,152
255,242,325
255,242,389,152,325
255,152,325
255,242,389
255,152,389
242,255,152
242,325,152
242,389,152
242,325
242,389,152,325
242,389
152,325
152,389
258,25,320
258,25,320,452,451
258,25,320,452
258,25,521
258,25,320,452,29
260,187,345,344
260,527,427,187,345,344
260,187,345
260,527,427,187,345
260,187,427
260,527,427
260,527
273,27,288
276,277
276,450,277
276,450,501,524,523,277
276,450,501,524,523,438,277
276,501,450,277
276,501,524,523,277
276,501,524,523,438,277
276,277,450,501,524,523,374
276,277,523,374
276,277,438,523,374
276,450,277,523,374
276,450,277,438,523,374
276,450,501,524,523,374
276,501,450,277,523,374
276,501,450,277,438,523,374
276,501,524,523,374
276,277,450,501,524,523,374,231
276,277,523,374,231
276,277,438,523,374,231
276,450,277,523,374,231
276,450,277,438,523,374,231
276,450,501,524,523,374,231
276,501,450,277,523,374,231
276,501,450,277,438,523,374,231
276,501,524,523,374,231
276,450
276,501,450
276,501
276,277,450,501,331
276,277,523,524,501,331
276,277,438,523,524,501,331
276,450,277,523,524,501,331
276,450,277,438,523,524,501,331
276,450,501,331
276,501,331
276,277,450,501,123
276,277,523,524,501,123
276,277,438,523,524,501,123
276,450,277,523,524,501,123
276,450,277,438,523,524,501,123
276,450,501,123
276,501,123
276,277,523
276,277,438,523
276,450,277,523
276,450,277,438,523
276,450,501,524,523
276,501,450,277,523
276,501,450,277,438,523
276,501,524,523
276,277,450,501,524,523,213
276,277,523,213
276,277,438,523,213
276,450,277,523,213
276,450,277,438,523,213
276,450,501,524,523,213
276,501,450,277,523,213
276,501,450,277,438,523,213
276,501,524,523,213
276,277,438
276,450,277,438
276,450,501,524,523,438
276,501,450,277,438
276,501,524,523,438
276,277,450,501,524
276,277,523,524
276,277,438,523,524
276,450,277,523,524
276,450,277,438,523,524
276,450,501,524
276,501,524
276,277,450,501,524,226
276,277,523,524,226
276,277,438,523,524,226
276,450,277,523,524,226
276,450,277,438,523,524,226
276,450,501,524,226
276,501,450,277,523,524,226
276,501,450,277,438,523,524,226
276,501,524,226
277,276,501,524,523,374
277,450,99,501,524,523,374
277,450,121,99,501,524,523,374
277,450,501,524,523,374
277,523,374
277,438,523,374
277,276,501,524,523,374,231
277,450,99,501,524,523,374,231
277,450,121,99,501,524,523,374,231
277,450,501,524,523,374,231
277,523,374,231
277,438,523,374,231
277,450
277,523,524,501,450
277,438,523,524,501,450
277,276,501
277,450,501
277,523,524,501
277,438,523,524,501
277,276,501,331
277,450,99,501,331
277,450,121,99,501,331
277,450,501,331
277,523,524,501,331
277,438,523,524,501,331
277,276,501,123
277,450,99,501,123
277,450,121,99,501,123
277,450,501,123
277,523,524,501,123
277,438,523,524,501,123
277,523
277,438,523
277,276,501,524,523,213
277,450,99,501,524,523,213
277,450,121,99,501,524,523,213
277,450,501,524,523,213
277,523,213
277,438,523,213
277,438
277,276,501,524
277,450,99,501,524
277,450,121,99,501,524
277,450,501,524
277,523,524
277,438,523,524
277,276,501,524,226
277,450,99,501,524,226
277,450,121,99,501,524,226
277,450,501,524,226
277,523,524,226
277,438,523,524,226
278,60,518,59,410,310
278,60,518,59,410,411,310
278,60,538,59,410,310
278,60,538,59,410,411,310
278,59,410,310
278,59,410,411,310
278,60,518,59,410,310,311
278,60,518,59,410,411,310,311
278,60,538,59,410,310,311
278,60,538,59,410,411,310,311
278,59,410,310,311
278,59,410,411,310,311
278,60,321
278,59,518,60,321
278,59,538,60,321
278,60,383
278,59,518,60,383
278,59,538,60,383
278,60,518,59,410
278,60,538,59,410
278,59,410
278,60,518,59,410,411
278,60,538,59,410,411
278,59,410,411
278,60,496
278,59,518,60,496
278,59,538,60,496
278,60,518
278,60,538,59,518
278,59,518
278,60,538
278,59,538
278,60,549
278,59,518,60,549
278,59,538,60,549
278,60,578
278,59,518,60,578
278,59,538,60,578
280,32,338
280,32,463,33,338
280,32,463,34,338
280,32,33,181,34,338,339
280,32,33,338,339
280,32,33,463,34,338,339
280,32,34,338,339
280,32,338,339
280,32,463,33,181,34,338,339
280,32,463,33,338,339
280,32,463,34,338,339
280,32,33,170
280,32,34,181,33,170
280,32,34,338,33,170
280,32,34,463,33,170
280,32,338,33,170
280,32,338,34,181,33,170
280,32,338,34,463,33,170
280,32,463,33,170
280,32,463,34,181,33,170
280,32,463
286,287
286,460,327,287
286,287,327
286,460,327
286,287,327,328
286,460,327,328
286,287,327,81
286,460,327,81
286,460
286,287,327,460,461
286,460,461
286,287,327,460,266
286,460,266
287,327
287,286,460,327,328
287,327,328
287,286,460,327,81
287,327,81
287,286,460
287,327,460
287,286,460,461
287,327,460,461
287,286,460,266
287,327,460,266
293,119,337
293,119,384
293,119,393
293,119,430
293,119,464
293,119,498
293,119,507
293,119,517
293,119,528
293,119,531
297,298
297,298,511,40,376
297,40,376
297,298,511,40,434
297,40,434
297,298,482
297,40,511,298,482
297,298,511
297,40,511
297,298,520
297,40,511,298,520
298,297,40,376
298,511,40,376
298,297,40,434
298,511,40,434
298,482
298,511
298,520
301,220,53,57,319
301,220,53,156,57,319
301,220,53,57,17,373
301,220,53,156,57,17,373
310,311
310,410,59,58,60,321
310,410,59,113,60,321
310,410,59,278,60,321
310,410,59,518,60,321
310,410,59,538,60,321
310,411,410,59,58,60,321
310,411,410,59,113,60,321
310,411,410,59,278,60,321
310,411,410,59,518,60,321
310,411,410,59,538,60,321
310,410,59,58,60,383
310,410,59,113,60,383
310,410,59,278,60,383
310,410,59,518,60,383
310,410,59,538,60,383
310,411,410,59,58,60,383
310,411,410,59,113,60,383
310,411,410,59,278,60,383
310,411,410,59,518,60,383
310,411,410,59,538,60,383
310,410
310,411,410
310,411
310,410,59,58,60,496
310,410,59,113,60,496
310,410,59,278,60,496
310,410,59,518,60,496
310,410,59,538,60,496
310,411,410,59,58,60,496
310,411,410,59,113,60,496
310,411,410,59,278,60,496
310,411,410,59,518,60,496
310,411,410,59,538,60,496
310,410,59,518
310,410,59,538,60,518
310,411,410,59,518
310,411,410,59,538,60,518
310,410,59,538
310,411,410,59,538
310,410,59,58,60,549
310,410,59,113,60,549
310,410,59,278,60,549
310,410,59,518,60,549
310,410,59,538,60,549
310,411,410,59,58,60,549
310,411,410,59,113,60,549
310,411,410,59,278,60,549
310,411,410,59,518,60,549
310,411,410,59,538,60,549
310,410,59,58,60,578
310,410,59,113,60,578
310,410,59,278,60,578
310,410,59,518,60,578
310,410,59,538,60,578
310,411,410,59,58,60,578
310,411,410,59,113,60,578
310,411,410,59,278,60,578
310,411,410,59,518,60,578
310,411,410,59,538,60,578
311,310,410,59,58,60,321
311,310,410,59,113,60,321
311,310,410,59,278,60,321
311,310,410,59,518,60,321
311,310,410,59,538,60,321
311,310,411,410,59,58,60,321
311,310,411,410,59,113,60,321
311,310,411,410,59,278,60,321
311,310,411,410,59,518,60,321
311,310,411,410,59,538,60,321
311,310,410,59,58,60,383
311,310,410,59,113,60,383
311,310,410,59,278,60,383
311,310,410,59,518,60,383
311,310,410,59,538,60,383
311,310,411,410,59,58,60,383
311,310,411,410,59,113,60,383
311,310,411,410,59,278,60,383
311,310,411,410,59,518,60,383
311,310,411,410,59,538,60,383
311,310,410
311,310,411,410
311,310,411
311,310,410,59,58,60,496
311,310,410,59,113,60,496
311,310,410,59,278,60,496
311,310,410,59,518,60,496
311,310,410,59,538,60,496
311,310,411,410,59,58,60,496
311,310,411,410,59,113,60,496
311,310,411,410,59,278,60,496
311,310,411,410,59,518,60,496
311,310,411,410,59,538,60,496
311,310,410,59,518
311,310,410,59,538,60,518
311,310,411,410,59,518
311,310,411,410,59,538,60,518
311,310,410,59,538
311,310,411,410,59,538
311,310,410,59,58,60,549
311,310,410,59,113,60,549
311,310,410,59,278,60,549
311,310,410,59,518,60,549
311,310,410,59,538,60,549
311,310,411,410,59,58,60,549
311,310,411,410,59,113,60,549
311,310,411,410,59,278,60,549
311,310,411,410,59,518,60,549
311,310,411,410,59,538,60,549
311,310,410,59,58,60,578
311,310,410,59,113,60,578
311,310,410,59,278,60,578
311,310,410,59,518,60,578
311,310,410,59,538,60,578
311,310,411,410,59,58,60,578
311,310,411,410,59,113,60,578
311,310,411,410,59,278,60,578
311,310,411,410,59,518,60,578
311,310,411,410,59,538,60,578
314,315
314,316
314,317
314,536
315,314,316
315,314,317
315,314,536
316,314,317
316,314,536
317,314,536
319,57,17,373
320,452,451
320,452
320,25,521
320,452,29
321,60,383
321,60,58,59,410
321,60,113,59,410
321,60,278,59,410
321,60,518,59,410
321,60,538,59,410
321,60,58,59,410,411
321,60,113,59,410,411
321,60,278,59,410,411
321,60,518,59,410,411
321,60,538,59,410,411
321,60,496
321,60,518
321,60,538,59,518
321,60,538
321,60,549
321,60,578
325,242,389
325,152,389
327,328
327,81
327,460
327,460,461
327,460,266
328,327,81
328,327,460
328,327,287,286,460,461
328,327,460,461
328,327,287,286,460,266
328,327,460,266
81,327,460
81,327,287,286,460,461
81,327,460,461
81,327,287,286,460,266
81,327,460,266
337,119,384
337,119,393
337,119,430
337,119,464
337,119,498
337,119,507
337,119,517
337,119,528
337,119,531
338,339
338,33,170
338,32,463,33,170
338,34,463,33,170
338,33,463
338,32,463
338,34,463
339,338,33,170
339,338,32,33,170
339,338,32,34,181,33,170
339,338,32,34,463,33,170
339,338,32,463,33,170
339,338,32,463,34,181,33,170
339,338,34,32,33,170
339,338,34,181,33,170
339,338,34,463,33,170
339,338,33,463
339,338,32,463
339,338,34,463
341,342
344,345
344,345,187,427
344,345,187,186,188,527
344,345,187,427,527
344,345,187,260,527
345,187,427
345,187,186,188,527
345,187,427,527
345,187,260,527
361,221
361,224,510,221
361,224
361,221,510
361,224,510
221,361,224
221,510,224
221,510
224,510
374,231
374,523,277,450
374,523,438,277,450
374,523,524,501,450
374,523,277,276,501
374,523,277,450,501
374,523,438,277,276,501
374,523,438,277,450,501
374,523,524,501
374,523,277,276,450,99,501,331
374,523,277,276,450,121,99,501,331
374,523,277,276,450,501,331
374,523,277,276,501,331
374,523,277,450,99,501,331
374,523,277,450,121,99,501,331
374,523,277,450,501,331
374,523,438,277,276,450,99,501,331
374,523,438,277,276,450,121,99,501,331
374,523,438,277,276,450,501,331
374,523,438,277,276,501,331
374,523,438,277,450,99,501,331
374,523,438,277,450,121,99,501,331
374,523,438,277,450,501,331
374,523,524,501,331
374,523,277,276,450,99,501,123
374,523,277,276,450,121,99,501,123
374,523,277,276,450,501,123
374,523,277,276,501,123
374,523,277,450,99,501,123
374,523,277,450,121,99,501,123
374,523,277,450,501,123
374,523,438,277,276,450,99,501,123
374,523,438,277,276,450,121,99,501,123
374,523,438,277,276,450,501,123
374,523,438,277,276,501,123
374,523,438,277,450,99,501,123
374,523,438,277,450,121,99,501,123
374,523,438,277,450,501,123
374,523,524,501,123
374,523
374,523,213
374,523,438
374,523,524,501,99,121,450,277,438
374,523,524,501,99,121,450,276,277,438
374,523,524,501,99,450,277,438
374,523,524,501,99,450,276,277,438
374,523,524,501,276,277,438
374,523,524,501,276,450,277,438
374,523,524,501,450,277,438
374,523,524
374,523,277,276,450,99,501,524,226
374,523,277,276,450,121,99,501,524,226
374,523,277,276,450,501,524,226
374,523,277,276,501,524,226
374,523,277,450,99,501,524,226
374,523,277,450,121,99,501,524,226
374,523,277,450,501,524,226
374,523,438,277,276,450,99,501,524,226
374,523,438,277,276,450,121,99,501,524,226
374,523,438,277,276,450,501,524,226
374,523,438,277,276,501,524,226
374,523,438,277,450,99,501,524,226
374,523,438,277,450,121,99,501,524,226
374,523,438,277,450,501,524,226
374,523,524,226
231,374,523,277,450
231,374,523,438,277,450
231,374,523,524,501,450
231,374,523,277,276,501
231,374,523,277,450,501
231,374,523,438,277,276,501
231,374,523,438,277,450,501
231,374,523,524,501
231,374,523,277,276,450,99,501,331
231,374,523,277,276,450,121,99,501,331
231,374,523,277,276,450,501,331
231,374,523,277,276,501,331
231,374,523,277,450,99,501,331
231,374,523,277,450,121,99,501,331
231,374,523,277,450,501,331
231,374,523,438,277,276,450,99,501,331
231,374,523,438,277,276,450,121,99,501,331
231,374,523,438,277,276,450,501,331
231,374,523,438,277,276,501,331
231,374,523,438,277,450,99,501,331
231,374,523,438,277,450,121,99,501,331
231,374,523,438,277,450,501,331
231,374,523,524,501,331
231,374,523,277,276,450,99,501,123
231,374,523,277,276,450,121,99,501,123
231,374,523,277,276,450,501,123
231,374,523,277,276,501,123
231,374,523,277,450,99,501,123
231,374,523,277,450,121,99,501,123
231,374,523,277,450,501,123
231,374,523,438,277,276,450,99,501,123
231,374,523,438,277,276,450,121,99,501,123
231,374,523,438,277,276,450,501,123
231,374,523,438,277,276,501,123
231,374,523,438,277,450,99,501,123
231,374,523,438,277,450,121,99,501,123
231,374,523,438,277,450,501,123
231,374,523,524,501,123
231,374,523
231,374,523,213
231,374,523,438
231,374,523,524,501,99,121,450,277,438
231,374,523,524,501,99,121,450,276,277,438
231,374,523,524,501,99,450,277,438
231,374,523,524,501,99,450,276,277,438
231,374,523,524,501,276,277,438
231,374,523,524,501,276,450,277,438
231,374,523,524,501,450,277,438
231,374,523,524
231,374,523,277,276,450,99,501,524,226
231,374,523,277,276,450,121,99,501,524,226
231,374,523,277,276,450,501,524,226
231,374,523,277,276,501,524,226
231,374,523,277,450,99,501,524,226
231,374,523,277,450,121,99,501,524,226
231,374,523,277,450,501,524,226
231,374,523,438,277,276,450,99,501,524,226
231,374,523,438,277,276,450,121,99,501,524,226
231,374,523,438,277,276,450,501,524,226
231,374,523,438,277,276,501,524,226
231,374,523,438,277,450,99,501,524,226
231,374,523,438,277,450,121,99,501,524,226
231,374,523,438,277,450,501,524,226
231,374,523,524,226
376,40,434
376,40,297,298,482
376,40,511,298,482
376,40,511
376,40,297,298,520
376,40,511,298,520
383,60,58,59,410
383,60,113,59,410
383,60,278,59,410
383,60,518,59,410
383,60,538,59,410
383,60,58,59,410,411
383,60,113,59,410,411
383,60,278,59,410,411
383,60,518,59,410,411
383,60,538,59,410,411
383,60,496
383,60,518
383,60,538,59,518
383,60,538
383,60,549
383,60,578
384,119,393
384,119,430
384,119,464
384,119,498
384,119,507
384,119,517
384,119,528
384,119,531
170,33,463
393,119,430
393,119,464
393,119,498
393,119,507
393,119,517
393,119,528
393,119,531
398,289
399,10,548
410,411
410,59,58,60,496
410,59,113,60,496
410,59,278,60,496
410,59,518,60,496
410,59,538,60,496
410,59,518
410,59,538,60,518
410,59,538
410,59,58,60,549
410,59,113,60,549
410,59,278,60,549
410,59,518,60,549
410,59,538,60,549
410,59,58,60,578
410,59,113,60,578
410,59,278,60,578
410,59,518,60,578
410,59,538,60,578
411,410,59,58,60,496
411,410,59,113,60,496
411,410,59,278,60,496
411,410,59,518,60,496
411,410,59,538,60,496
411,410,59,518
411,410,59,538,60,518
411,410,59,538
411,410,59,58,60,549
411,410,59,113,60,549
411,410,59,278,60,549
411,410,59,518,60,549
411,410,59,538,60,549
411,410,59,58,60,578
411,410,59,113,60,578
411,410,59,278,60,578
411,410,59,518,60,578
411,410,59,538,60,578
427,527
430,119,464
430,119,498
430,119,507
430,119,517
430,119,528
430,119,531
432,37,442
434,40,297,298,482
434,40,511,298,482
434,40,511
434,40,297,298,520
434,40,511,298,520
446,346
446,431
346,446,431
450,501
450,277,523,524,501,331
450,277,438,523,524,501,331
450,501,331
450,277,523,524,501,123
450,277,438,523,524,501,123
450,501,123
450,277,523
450,277,438,523
450,501,524,523
450,277,523,213
450,277,438,523,213
450,501,524,523,213
450,277,438
450,501,524,523,438
450,277,523,524
450,277,438,523,524
450,501,524
450,277,523,524,226
450,277,438,523,524,226
450,501,524,226
451,452
451,452,320,25,521
451,452,29
452,320,25,521
452,29
460,461
460,266
461,460,266
464,119,498
464,119,507
464,119,517
464,119,528
464,119,531
91,197,519
91,197,545,175,176,572,111,519
91,197,545,111,519
91,573,572,111,519
91,573,572,111,545,197,519
91,573,572,176,175,177,111,519
91,573,572,176,175,545,111,519
91,573,572,176,175,545,197,519
91,573,111,519
91,573,111,545,197,519
91,197,545
91,573,572,111,545
91,573,572,176,175,545
91,573,111,545
91,197,196,111,572
91,197,177,175,176,572
91,197,177,175,545,111,572
91,197,177,111,572
91,197,519,111,572
91,197,545,175,176,572
91,197,545,111,572
91,573,572
91,573
481,98
482,298,511
482,298,520
496,60,518
496,60,538,59,518
496,60,538
496,60,549
496,60,578
498,119,507
498,119,517
498,119,528
498,119,531
501,331
501,123
501,276,277,523
501,276,277,438,523
501,450,277,523
501,450,277,438,523
501,524,523
501,276,277,523,213
501,276,277,438,523,213
501,450,277,523,213
501,450,277,438,523,213
501,524,523,213
501,276,277,438
501,450,277,438
501,524,523,438
501,524
501,276,277,523,524,226
501,276,277,438,523,524,226
501,450,277,523,524,226
501,450,277,438,523,524,226
501,524,226
331,501,123
331,501,99,121,450,277,523
331,501,99,121,450,277,438,523
331,501,99,121,450,276,277,523
331,501,99,121,450,276,277,438,523
331,501,99,450,277,523
331,501,99,450,277,438,523
331,501,99,450,276,277,523
331,501,99,450,276,277,438,523
331,501,276,277,523
331,501,276,277,438,523
331,501,276,450,277,523
331,501,276,450,277,438,523
331,501,450,277,523
331,501,450,277,438,523
331,501,524,523
331,501,99,121,450,277,523,213
331,501,99,121,450,277,438,523,213
331,501,99,121,450,276,277,523,213
331,501,99,121,450,276,277,438,523,213
331,501,99,450,277,523,213
331,501,99,450,277,438,523,213
331,501,99,450,276,277,523,213
331,501,99,450,276,277,438,523,213
331,501,276,277,523,213
331,501,276,277,438,523,213
331,501,276,450,277,523,213
331,501,276,450,277,438,523,213
331,501,450,277,523,213
331,501,450,277,438,523,213
331,501,524,523,213
331,501,99,121,450,277,438
331,501,99,121,450,276,277,438
331,501,99,450,277,438
331,501,99,450,276,277,438
331,501,276,277,438
331,501,276,450,277,438
331,501,450,277,438
331,501,524,523,438
331,501,524
331,501,99,121,450,277,523,524,226
331,501,99,121,450,277,438,523,524,226
331,501,99,121,450,276,277,523,524,226
331,501,99,121,450,276,277,438,523,524,226
331,501,99,450,277,523,524,226
331,501,99,450,277,438,523,524,226
331,501,99,450,276,277,523,524,226
331,501,99,450,276,277,438,523,524,226
331,501,276,277,523,524,226
331,501,276,277,438,523,524,226
331,501,276,450,277,523,524,226
331,501,276,450,277,438,523,524,226
331,501,450,277,523,524,226
331,501,450,277,438,523,524,226
331,501,524,226
123,501,99,121,450,277,523
123,501,99,121,450,277,438,523
123,501,99,121,450,276,277,523
123,501,99,121,450,276,277,438,523
123,501,99,450,277,523
123,501,99,450,277,438,523
123,501,99,450,276,277,523
123,501,99,450,276,277,438,523
123,501,276,277,523
123,501,276,277,438,523
123,501,276,450,277,523
123,501,276,450,277,438,523
123,501,450,277,523
123,501,450,277,438,523
123,501,524,523
123,501,99,121,450,277,523,213
123,501,99,121,450,277,438,523,213
123,501,99,121,450,276,277,523,213
123,501,99,121,450,276,277,438,523,213
123,501,99,450,277,523,213
123,501,99,450,277,438,523,213
123,501,99,450,276,277,523,213
123,501,99,450,276,277,438,523,213
123,501,276,277,523,213
123,501,276,277,438,523,213
123,501,276,450,277,523,213
123,501,276,450,277,438,523,213
123,501,450,277,523,213
123,501,450,277,438,523,213
123,501,524,523,213
123,501,99,121,450,277,438
123,501,99,121,450,276,277,438
123,501,99,450,277,438
123,501,99,450,276,277,438
123,501,276,277,438
123,501,276,450,277,438
123,501,450,277,438
123,501,524,523,438
123,501,524
123,501,99,121,450,277,523,524,226
123,501,99,121,450,277,438,523,524,226
123,501,99,121,450,276,277,523,524,226
123,501,99,121,450,276,277,438,523,524,226
123,501,99,450,277,523,524,226
123,501,99,450,277,438,523,524,226
123,501,99,450,276,277,523,524,226
123,501,99,450,276,277,438,523,524,226
123,501,276,277,523,524,226
123,501,276,277,438,523,524,226
123,501,276,450,277,523,524,226
123,501,276,450,277,438,523,524,226
123,501,450,277,523,524,226
123,501,450,277,438,523,524,226
123,501,524,226
507,119,517
507,119,528
507,119,531
511,298,520
517,119,528
517,119,531
518,59,538
518,60,538
518,59,538,60,549
518,60,549
518,59,538,60,578
518,60,578
519,111,545
519,111,572,176,175,545
519,111,573,572,176,175,545
519,197,545
519,111,572
519,111,573,572
519,197,177,175,176,572
519,197,91,573,572
519,197,545,175,176,572
519,197,545,111,572
519,197,545,111,573,572
519,111,573
519,197,177,175,176,572,573
519,197,91,573
519,197,545,175,176,572,573
519,197,545,111,573
521,25,320,452,29
523,213
523,438
523,524
523,524,226
213,523,438
213,523,524,501,99,121,450,277,438
213,523,524,501,99,121,450,276,277,438
213,523,524,501,99,450,277,438
213,523,524,501,99,450,276,277,438
213,523,524,501,276,277,438
213,523,524,501,276,450,277,438
213,523,524,501,450,277,438
213,523,524
213,523,277,276,450,99,501,524,226
213,523,277,276,450,121,99,501,524,226
213,523,277,276,450,501,524,226
213,523,277,276,501,524,226
213,523,277,450,99,501,524,226
213,523,277,450,121,99,501,524,226
213,523,277,450,501,524,226
213,523,438,277,276,450,99,501,524,226
213,523,438,277,276,450,121,99,501,524,226
213,523,438,277,276,450,501,524,226
213,523,438,277,276,501,524,226
213,523,438,277,450,99,501,524,226
213,523,438,277,450,121,99,501,524,226
213,523,438,277,450,501,524,226
213,523,524,226
438,523,524
438,277,276,450,99,501,524
438,277,276,450,121,99,501,524
438,277,276,450,501,524
438,277,276,501,524
438,277,450,99,501,524
438,277,450,121,99,501,524
438,277,450,501,524
438,523,524,226
438,277,276,450,99,501,524,226
438,277,276,450,121,99,501,524,226
438,277,276,450,501,524,226
438,277,276,501,524,226
438,277,450,99,501,524,226
438,277,450,121,99,501,524,226
438,277,450,501,524,226
524,226
528,119,531
538,60,549
538,60,578
539,405
541,487
545,175,176,572
545,111,572
545,111,573,572
545,197,91,573,572
545,175,176,572,573
545,111,573
545,197,91,573
549,60,578
572,573
