0 1
2 3
4 5
6 7
8 9
10 11
12 13
4 14
15 16
17 18
19 20
21 22
23 24
25 26
27 28
29 5
30 31
32 4
33 34
35 11
36 37
38 39
40 41
42 43
44 45
46 47
48 49
50 51
52 39
53 4
54 55
56 57
58 59
60 2
61 62
63 64
65 66
67 68
69 70
32 15
47 71
72 73
74 75
76 77
15 78
79 11
80 22
81 49
82 49
83 43
70 84
85 86
87 88
89 50
9 4
90 18
91 1
92 70
93 5
90 94
95 4
96 97
80 98
99 7
100 101
90 102
103 104
105 106
107 11
108 109
110 98
111 112
113 114
115 116
117 118
27 22
119 37
120 121
122 123
91 55
15 41
8 4
124 125
126 76
127 128
129 54
130 131
82 99
132 133
100 127
134 135
136 18
137 112
138 54
139 140
141 142
122 4
143 144
105 49
136 145
146 147
148 149
150 151
152 24
153 5
154 81
155 156
157 158
159 160
96 5
86 131
161 57
15 160
162 163
164 90
165 77
166 99
95 167
168 26
169 41
170 31
171 11
172 173
64 127
174 175
64 101
176 70
127 65
177 11
178 179
110 22
180 4
15 49
181 54
64 182
183 184
82 185
186 11
27 187
20 188
189 127
25 190
191 192
193 11
194 6
195 196
197 198
199 21
67 200
176 54
201 202
136 203
204 180
205 131
4 160
206 41
207 140
77 76
76 208
82 209
210 211
95 212
213 214
173 215
124 216
217 60
218 219
220 221
222 121
223 149
41 7
90 136
224 225
226 227
19 228
229 230
104 231
82 232
136 213
50 233
15 212
234 235
180 15
236 237
238 18
33 220
153 49
138 70
239 192
14 160
240 81
237 241
136 17
61 242
105 243
244 63
245 246
247 57
248 160
249 250
251 252
239 109
253 63
82 106
172 130
254 215
255 7
245 256
257 147
258 259
260 47
19 190
15 245
261 5
262 84
127 66
263 264
265 266
82 4
15 267
268 269
60 270
271 84
272 5
273 11
274 275
27 98
15 276
126 77
277 39
178 278
145 100
64 155
279 280
281 282
283 24
262 55
169 81
284 285
218 68
69 54
286 287
288 289
2 231
290 4
91 112
291 73
292 11
195 293
29 97
244 217
294 295
263 57
60 296
265 158
297 24
90 270
298 227
145 299
114 300
132 287
271 55
139 301
302 11
303 304
180 212
213 305
67 132
306 88
33 156
167 4
105 232
157 266
82 307
247 264
40 81
308 175
45 309
60 310
311 77
19 168
132 312
313 314
91 84
315 11
316 317
189 101
318 135
319 320
71 37
180 160
223 147
205 215
321 198
322 301
64 189
240 41
202 323
288 324
325 11
127 189
39 326
327 202
19 25
85 254
328 75
329 160
178 222
181 70
149 330
61 331
253 60
15 332
285 104
333 77
104 156
334 335
145 102
32 160
336 337
338 109
32 212
206 81
164 339
65 269
272 340
341 342
224 70
343 109
64 344
345 142
4 53
60 282
346 347
122 185
105 307
21 98
61 348
129 70
349 202
350 49
64 65
250 304
33 268
351 352
