10,11
34,35
34,36
35,34,36
39,40
39,41,355,40
39,41,855,42,930,40
39,41,905,40
39,41,930,40
39,42,855,41,355,40
39,42,855,41,905,40
39,42,930,40
39,42,930,41,355,40
39,42,930,41,905,40
39,41
39,42,855,41
39,42,930,41
39,42
39,95
39,40,355
39,40,905,41,355
39,40,930,42,855,41,355
39,40,930,41,355
39,41,355
39,42,855,41,355
39,42,855,41,905,40,355
39,42,930,40,355
39,42,930,40,905,41,355
39,42,930,41,355
39,667
39,40,355,41,855
39,40,905,41,855
39,40,905,41,930,42,855
39,40,930,42,855
39,40,930,41,855
39,41,855
39,41,930,42,855
39,42,855
39,40,905
39,40,930,41,905
39,41,905
39,42,855,41,905
39,42,930,40,905
39,42,930,41,905
39,40,930
39,41,930
39,42,930
40,39,41
40,39,42,855,41
40,39,42,930,41
40,355,41
40,905,41
40,930,42,855,41
40,930,41
40,39,42
40,355,41,39,42
40,355,41,855,42
40,355,41,930,42
40,905,41,39,42
40,905,41,855,42
40,905,41,930,42
40,930,42
40,39,95
40,355,41,39,95
40,355,41,855,42,39,95
40,355,41,930,42,39,95
40,905,41,39,95
40,905,41,855,42,39,95
40,905,41,930,42,39,95
40,930,42,39,95
40,930,42,855,41,39,95
40,930,41,39,95
40,355
40,905,41,355
40,930,42,855,41,355
40,930,41,355
40,39,667
40,355,41,39,667
40,355,41,855,42,39,667
40,355,41,930,42,39,667
40,905,41,39,667
40,905,41,855,42,39,667
40,905,41,930,42,39,667
40,930,42,39,667
40,930,42,855,41,39,667
40,930,41,39,667
40,39,41,855
40,39,42,855
40,355,41,855
40,905,41,855
40,905,41,930,42,855
40,930,42,855
40,930,41,855
40,905
40,930,41,905
40,930
41,39,42
41,855,42
41,930,42
41,39,95
41,855,42,39,95
41,930,42,39,95
41,355
41,39,667
41,855,42,39,667
41,930,42,39,667
41,855
41,930,42,855
41,905
41,930
42,39,95
42,39,40,355
42,39,40,905,41,355
42,39,41,355
42,855,41,355
42,855,41,905,40,355
42,930,40,355
42,930,40,905,41,355
42,930,41,355
42,39,667
42,855
42,39,40,905
42,39,41,905
42,855,41,905
42,930,40,905
42,930,41,905
42,930
43,7
57,58
57,59
57,60
58,57,59
58,57,60
59,57,60
61,62
61,63,62
61,63
62,63
73,74
73,943,74
73,195
73,463
73,943
73,1010
74,73,195
74,943,73,195
74,73,463
74,943,73,463
74,943
74,73,1010
74,943,73,1010
76,77
76,77,858
76,77,983
76,77,1202
77,858
77,983
77,1202
81,82
81,31,224,225,82
81,31
81,82,225,224
81,31,224
81,82,225
81,31,224,225
81,82,225,125
81,31,224,225,125
81,82,225,236
81,31,224,225,236
81,82,225,237
81,31,224,225,237
82,81,31
82,225,224,31
82,81,31,224
82,225,224
82,225
82,81,31,224,225,125
82,225,125
82,81,31,224,225,236
82,225,236
82,81,31,224,225,237
82,225,237
31,224
31,81,82,225
31,224,225
31,81,82,225,125
31,224,225,125
31,81,82,225,236
31,224,225,236
31,81,82,225,237
31,224,225,237
95,39,40,355
95,39,40,905,41,355
95,39,40,930,42,855,41,355
95,39,40,930,41,355
95,39,41,355
95,39,42,855,41,355
95,39,42,855,41,905,40,355
95,39,42,930,40,355
95,39,42,930,40,905,41,355
95,39,42,930,41,355
95,39,667
95,39,40,355,41,855
95,39,40,905,41,855
95,39,40,905,41,930,42,855
95,39,40,930,42,855
95,39,40,930,41,855
95,39,41,855
95,39,41,930,42,855
95,39,42,855
95,39,40,905
95,39,40,930,41,905
95,39,41,905
95,39,42,855,41,905
95,39,42,930,40,905
95,39,42,930,41,905
95,39,40,930
95,39,41,930
95,39,42,930
102,103
102,104,336,103
102,104,336,105,1029,103
102,104,336,106,1029,103
102,104,1029,103
102,105,336,103
102,105,336,106,1029,103
102,105,1029,103
102,106,336,103
102,106,1029,103
102,104
102,105,336,106,1029,104
102,105,336,104
102,105,1029,104
102,106,336,104
102,106,1029,104
102,105
102,106,336,105
102,106,1029,105
102,106
102,107
102,108,339,107
102,108
102,107,339
102,108,339
102,103,336
102,103,1029,104,336
102,103,1029,105,336
102,103,1029,106,336
102,104,336
102,104,1029,105,336
102,104,1029,106,336
102,105,336
102,105,1029,106,336
102,106,336
102,103,1029
102,104,1029
102,105,1029
102,106,1029
103,102,104
103,102,105,336,106,1029,104
103,102,105,336,104
103,102,105,1029,104
103,102,106,336,104
103,102,106,1029,104
103,336,105,1029,104
103,336,106,1029,104
103,336,104
103,1029,104
103,102,105
103,102,106,336,105
103,102,106,1029,105
103,336,105
103,336,106,1029,105
103,1029,105
103,102,106
103,336,106
103,1029,106
103,102,107
103,102,108,339,107
103,336,105,102,107
103,336,105,102,108,339,107
103,336,105,1029,104,102,107
103,336,105,1029,104,102,108,339,107
103,336,105,1029,106,102,107
103,336,105,1029,106,102,108,339,107
103,336,106,102,107
103,336,106,102,108,339,107
103,336,106,1029,104,102,107
103,336,106,1029,104,102,108,339,107
103,336,104,102,107
103,336,104,102,108,339,107
103,1029,104,102,107
103,1029,104,102,108,339,107
103,1029,105,102,107
103,1029,105,102,108,339,107
103,1029,106,102,107
103,1029,106,102,108,339,107
103,102,108
103,336,105,102,108
103,336,105,1029,104,102,108
103,336,105,1029,106,102,108
103,336,106,102,108
103,336,106,1029,104,102,108
103,336,104,102,108
103,1029,104,102,108
103,1029,105,102,108
103,1029,106,102,108
103,102,107,339
103,102,108,339
103,336,105,102,107,339
103,336,105,102,108,339
103,336,105,1029,104,102,107,339
103,336,105,1029,104,102,108,339
103,336,105,1029,106,102,107,339
103,336,105,1029,106,102,108,339
103,336,106,102,107,339
103,336,106,102,108,339
103,336,106,1029,104,102,107,339
103,336,106,1029,104,102,108,339
103,336,104,102,107,339
103,336,104,102,108,339
103,1029,104,102,107,339
103,1029,104,102,108,339
103,1029,105,102,107,339
103,1029,105,102,108,339
103,1029,106,102,107,339
103,1029,106,102,108,339
103,336
103,1029,104,336
103,1029,105,336
103,1029,106,336
103,1029
104,102,105
104,102,106,336,105
104,102,106,1029,105
104,336,105
104,336,106,1029,105
104,1029,105
104,102,106
104,336,106
104,1029,106
104,102,107
104,102,108,339,107
104,336,105,102,107
104,336,105,102,108,339,107
104,336,105,1029,106,102,107
104,336,105,1029,106,102,108,339,107
104,336,106,102,107
104,336,106,102,108,339,107
104,1029,105,102,107
104,1029,105,102,108,339,107
104,1029,106,102,107
104,1029,106,102,108,339,107
104,102,108
104,336,105,102,108
104,336,105,1029,106,102,108
104,336,106,102,108
104,1029,105,102,108
104,1029,106,102,108
104,102,107,339
104,102,108,339
104,336,105,102,107,339
104,336,105,102,108,339
104,336,105,1029,106,102,107,339
104,336,105,1029,106,102,108,339
104,336,106,102,107,339
104,336,106,102,108,339
104,1029,105,102,107,339
104,1029,105,102,108,339
104,1029,106,102,107,339
104,1029,106,102,108,339
104,336
104,1029,105,336
104,1029,106,336
104,1029
105,102,106
105,336,106
105,1029,106
105,102,107
105,102,108,339,107
105,336,106,102,107
105,336,106,102,108,339,107
105,1029,106,102,107
105,1029,106,102,108,339,107
105,102,108
105,336,106,102,108
105,1029,106,102,108
105,102,107,339
105,102,108,339
105,336,106,102,107,339
105,336,106,102,108,339
105,1029,106,102,107,339
105,1029,106,102,108,339
105,336
105,1029,106,336
105,1029
106,102,107
106,102,108,339,107
106,102,108
106,102,107,339
106,102,108,339
106,336
106,1029
107,102,108
107,339,108
107,339
107,102,103,336
107,102,103,1029,104,336
107,102,103,1029,105,336
107,102,103,1029,106,336
107,102,104,336
107,102,104,1029,105,336
107,102,104,1029,106,336
107,102,105,336
107,102,105,1029,106,336
107,102,106,336
107,339,108,102,103,336
107,339,108,102,103,1029,104,336
107,339,108,102,103,1029,105,336
107,339,108,102,103,1029,106,336
107,339,108,102,104,336
107,339,108,102,104,1029,105,336
107,339,108,102,104,1029,106,336
107,339,108,102,105,336
107,339,108,102,105,1029,106,336
107,339,108,102,106,336
107,102,103,1029
107,102,104,1029
107,102,105,1029
107,102,106,1029
107,339,108,102,103,1029
107,339,108,102,104,1029
107,339,108,102,105,1029
107,339,108,102,106,1029
108,339
108,102,103,336
108,102,103,1029,104,336
108,102,103,1029,105,336
108,102,103,1029,106,336
108,102,104,336
108,102,104,1029,105,336
108,102,104,1029,106,336
108,102,105,336
108,102,105,1029,106,336
108,102,106,336
108,102,103,1029
108,102,104,1029
108,102,105,1029
108,102,106,1029
121,122
123,124
123,124,1041
124,1041
132,133
132,134
132,134,233
132,134,511
132,134,659
132,134,997
133,132,134
133,132,134,233
133,132,134,511
133,132,134,659
133,132,134,997
134,233
134,511
134,659
134,997
142,143
142,143,750
142,143,820
143,750
143,820
154,23
163,164
170,171
188,189
195,73,463
195,73,943
195,73,1010
206,207
206,208
206,207,226
206,208,854
207,206,208
207,226
207,206,208,854
208,206,207,226
208,854
210,211
212,213
212,213,1147
213,1147
224,225
224,225,125
224,225,236
224,225,237
225,125
225,236
225,237
226,207,206,208,854
227,144
227,453
227,453,452
227,453,452,465
144,227,453
144,227,453,452
144,227,453,452,465
233,134,511
233,134,659
233,134,997
125,225,236
125,225,237
236,225,237
245,246
245,400,401,504,503,313,312
245,400,401,504,1109,374,372,313,312
245,400,401,504,1109,374,372,222,876,313,312
245,400,401,504,1109,374,876,313,312
245,684,401,504,503,313,312
245,684,401,504,1109,374,372,313,312
245,684,401,504,1109,374,372,222,876,313,312
245,684,401,504,1109,374,876,313,312
245,1109,374,372,313,312
245,1109,374,372,222,876,313,312
245,1109,374,876,313,312
245,1109,504,503,313,312
245,400,401,504,503,313
245,400,401,504,1109,374,372,313
245,400,401,504,1109,374,372,222,876,313
245,400,401,504,1109,374,876,313
245,684,401,504,503,313
245,684,401,504,1109,374,372,313
245,684,401,504,1109,374,372,222,876,313
245,684,401,504,1109,374,876,313
245,1109,374,372,313
245,1109,374,372,222,876,313
245,1109,374,876,313
245,1109,504,503,313
245,400,401,504,503,313,372
245,400,401,504,503,313,876,222,372
245,400,401,504,503,313,876,374,372
245,400,401,504,1109,374,372
245,400,401,504,1109,374,876,313,372
245,400,401,504,1109,374,876,222,372
245,684,401,504,503,313,372
245,684,401,504,503,313,876,222,372
245,684,401,504,503,313,876,374,372
245,684,401,504,1109,374,372
245,684,401,504,1109,374,876,313,372
245,684,401,504,1109,374,876,222,372
245,1109,374,372
245,1109,374,876,313,372
245,1109,374,876,222,372
245,1109,504,503,313,372
245,1109,504,503,313,876,222,372
245,1109,504,503,313,876,374,372
245,400,401,504,503,313,372,222
245,400,401,504,503,313,372,374,876,222
245,400,401,504,503,313,876,222
245,400,401,504,1109,374,372,222
245,400,401,504,1109,374,876,222
245,684,401,504,503,313,372,222
245,684,401,504,503,313,372,374,876,222
245,684,401,504,503,313,876,222
245,684,401,504,1109,374,372,222
245,684,401,504,1109,374,876,222
245,1109,374,372,222
245,1109,374,876,222
245,1109,504,503,313,372,222
245,1109,504,503,313,372,374,876,222
245,1109,504,503,313,876,222
245,400,401,504,503,313,372,373
245,400,401,504,503,313,876,222,372,373
245,400,401,504,503,313,876,374,372,373
245,400,401,504,1109,374,372,373
245,400,401,504,1109,374,876,313,372,373
245,400,401,504,1109,374,876,222,372,373
245,684,401,504,503,313,372,373
245,684,401,504,503,313,876,222,372,373
245,684,401,504,503,313,876,374,372,373
245,684,401,504,1109,374,372,373
245,684,401,504,1109,374,876,313,372,373
245,684,401,504,1109,374,876,222,372,373
245,1109,374,372,373
245,1109,374,876,313,372,373
245,1109,374,876,222,372,373
245,1109,504,503,313,372,373
245,1109,504,503,313,876,222,372,373
245,1109,504,503,313,876,374,372,373
245,400,401,504,503,313,372,374
245,400,401,504,503,313,876,374
245,400,401,504,1109,374
245,684,401,504,503,313,372,374
245,684,401,504,503,313,876,374
245,684,401,504,1109,374
245,1109,374
245,1109,504,503,313,372,374
245,1109,504,503,313,876,374
245,400
245,684,401,400
245,1109,374,372,313,503,504,401,400
245,1109,374,372,222,876,313,503,504,401,400
245,1109,374,876,313,503,504,401,400
245,1109,504,401,400
245,400,401
245,684,401
245,1109,374,372,313,503,504,401
245,1109,374,372,222,876,313,503,504,401
245,1109,374,876,313,503,504,401
245,1109,504,401
245,400,401,504,503
245,684,401,504,503
245,684,401,504,1109,374,372,313,503
245,684,401,504,1109,374,372,222,876,313,503
245,684,401,504,1109,374,876,313,503
245,1109,374,372,313,503
245,1109,374,372,222,876,313,503
245,1109,374,876,313,503
245,1109,504,503
245,400,401,504
245,684,401,504
245,1109,504
245,400,401,504,503,313,550
245,400,401,504,1109,374,372,313,550
245,400,401,504,1109,374,372,222,876,313,550
245,400,401,504,1109,374,876,313,550
245,684,401,504,503,313,550
245,684,401,504,1109,374,372,313,550
245,684,401,504,1109,374,372,222,876,313,550
245,684,401,504,1109,374,876,313,550
245,1109,374,372,313,550
245,1109,374,372,222,876,313,550
245,1109,374,876,313,550
245,1109,504,503,313,550
245,400,401,504,503,313,664
245,400,401,504,1109,374,372,313,664
245,400,401,504,1109,374,372,222,876,313,664
245,400,401,504,1109,374,876,313,664
245,684,401,504,503,313,664
245,684,401,504,1109,374,372,313,664
245,684,401,504,1109,374,372,222,876,313,664
245,684,401,504,1109,374,876,313,664
245,1109,374,372,313,664
245,1109,374,372,222,876,313,664
245,1109,374,876,313,664
245,1109,504,503,313,664
245,684
245,1109,504,401,684
245,400,401,753
245,684,401,753
245,1109,374,372,313,503,504,401,753
245,1109,374,372,222,876,313,503,504,401,753
245,1109,374,876,313,503,504,401,753
245,1109,504,401,753
245,400,401,504,503,313,776
245,400,401,504,1109,374,372,313,776
245,400,401,504,1109,374,372,222,876,313,776
245,400,401,504,1109,374,876,313,776
245,684,401,504,503,313,776
245,684,401,504,1109,374,372,313,776
245,684,401,504,1109,374,372,222,876,313,776
245,684,401,504,1109,374,876,313,776
245,1109,374,372,313,776
245,1109,374,372,222,876,313,776
245,1109,374,876,313,776
245,1109,504,503,313,776
245,400,401,504,503,313,876
245,400,401,504,1109,374,876
245,684,401,504,503,313,876
245,684,401,504,1109,374,876
245,1109,374,876
245,1109,504,503,313,876
245,400,401,504,503,313,372,222,876,877
245,400,401,504,503,313,372,374,876,877
245,400,401,504,503,313,876,877
245,400,401,504,1109,374,372,313,876,877
245,400,401,504,1109,374,372,222,876,877
245,400,401,504,1109,374,876,877
245,684,401,504,503,313,372,222,876,877
245,684,401,504,503,313,372,374,876,877
245,684,401,504,503,313,876,877
245,684,401,504,1109,374,372,313,876,877
245,684,401,504,1109,374,372,222,876,877
245,684,401,504,1109,374,876,877
245,1109,374,372,313,876,877
245,1109,374,372,222,876,877
245,1109,374,876,877
245,1109,504,503,313,372,222,876,877
245,1109,504,503,313,372,374,876,877
245,1109,504,503,313,876,877
245,939
245,1109
245,400,401,504,503,313,372,222,876,374,1109,1092
245,400,401,504,503,313,372,374,1109,1092
245,400,401,504,503,313,876,374,1109,1092
245,400,401,504,1109,1092
245,684,401,504,503,313,372,222,876,374,1109,1092
245,684,401,504,503,313,372,374,1109,1092
245,684,401,504,503,313,876,374,1109,1092
245,684,401,504,1109,1092
245,1109,1092
245,400,401,504,503,313,1134
245,400,401,504,1109,374,372,313,1134
245,400,401,504,1109,374,372,222,876,313,1134
245,400,401,504,1109,374,876,313,1134
245,684,401,504,503,313,1134
245,684,401,504,1109,374,372,313,1134
245,684,401,504,1109,374,372,222,876,313,1134
245,684,401,504,1109,374,876,313,1134
245,1109,374,372,313,1134
245,1109,374,372,222,876,313,1134
245,1109,374,876,313,1134
245,1109,504,503,313,1134
246,245,400,401,504,503,313,312
246,245,400,401,504,1109,374,372,313,312
246,245,400,401,504,1109,374,372,222,876,313,312
246,245,400,401,504,1109,374,876,313,312
246,245,684,401,504,503,313,312
246,245,684,401,504,1109,374,372,313,312
246,245,684,401,504,1109,374,372,222,876,313,312
246,245,684,401,504,1109,374,876,313,312
246,245,1109,374,372,313,312
246,245,1109,374,372,222,876,313,312
246,245,1109,374,876,313,312
246,245,1109,504,503,313,312
246,245,400,401,504,503,313
246,245,400,401,504,1109,374,372,313
246,245,400,401,504,1109,374,372,222,876,313
246,245,400,401,504,1109,374,876,313
246,245,684,401,504,503,313
246,245,684,401,504,1109,374,372,313
246,245,684,401,504,1109,374,372,222,876,313
246,245,684,401,504,1109,374,876,313
246,245,1109,374,372,313
246,245,1109,374,372,222,876,313
246,245,1109,374,876,313
246,245,1109,504,503,313
246,245,400,401,504,503,313,372
246,245,400,401,504,503,313,876,222,372
246,245,400,401,504,503,313,876,374,372
246,245,400,401,504,1109,374,372
246,245,400,401,504,1109,374,876,313,372
246,245,400,401,504,1109,374,876,222,372
246,245,684,401,504,503,313,372
246,245,684,401,504,503,313,876,222,372
246,245,684,401,504,503,313,876,374,372
246,245,684,401,504,1109,374,372
246,245,684,401,504,1109,374,876,313,372
246,245,684,401,504,1109,374,876,222,372
246,245,1109,374,372
246,245,1109,374,876,313,372
246,245,1109,374,876,222,372
246,245,1109,504,503,313,372
246,245,1109,504,503,313,876,222,372
246,245,1109,504,503,313,876,374,372
246,245,400,401,504,503,313,372,222
246,245,400,401,504,503,313,372,374,876,222
246,245,400,401,504,503,313,876,222
246,245,400,401,504,1109,374,372,222
246,245,400,401,504,1109,374,876,222
246,245,684,401,504,503,313,372,222
246,245,684,401,504,503,313,372,374,876,222
246,245,684,401,504,503,313,876,222
246,245,684,401,504,1109,374,372,222
246,245,684,401,504,1109,374,876,222
246,245,1109,374,372,222
246,245,1109,374,876,222
246,245,1109,504,503,313,372,222
246,245,1109,504,503,313,372,374,876,222
246,245,1109,504,503,313,876,222
246,245,400,401,504,503,313,372,373
246,245,400,401,504,503,313,876,222,372,373
246,245,400,401,504,503,313,876,374,372,373
246,245,400,401,504,1109,374,372,373
246,245,400,401,504,1109,374,876,313,372,373
246,245,400,401,504,1109,374,876,222,372,373
246,245,684,401,504,503,313,372,373
246,245,684,401,504,503,313,876,222,372,373
246,245,684,401,504,503,313,876,374,372,373
246,245,684,401,504,1109,374,372,373
246,245,684,401,504,1109,374,876,313,372,373
246,245,684,401,504,1109,374,876,222,372,373
246,245,1109,374,372,373
246,245,1109,374,876,313,372,373
246,245,1109,374,876,222,372,373
246,245,1109,504,503,313,372,373
246,245,1109,504,503,313,876,222,372,373
246,245,1109,504,503,313,876,374,372,373
246,245,400,401,504,503,313,372,374
246,245,400,401,504,503,313,876,374
246,245,400,401,504,1109,374
246,245,684,401,504,503,313,372,374
246,245,684,401,504,503,313,876,374
246,245,684,401,504,1109,374
246,245,1109,374
246,245,1109,504,503,313,372,374
246,245,1109,504,503,313,876,374
246,245,400
246,245,684,401,400
246,245,1109,374,372,313,503,504,401,400
246,245,1109,374,372,222,876,313,503,504,401,400
246,245,1109,374,876,313,503,504,401,400
246,245,1109,504,401,400
246,245,400,401
246,245,684,401
246,245,1109,374,372,313,503,504,401
246,245,1109,374,372,222,876,313,503,504,401
246,245,1109,374,876,313,503,504,401
246,245,1109,504,401
246,245,400,401,504,503
246,245,684,401,504,503
246,245,684,401,504,1109,374,372,313,503
246,245,684,401,504,1109,374,372,222,876,313,503
246,245,684,401,504,1109,374,876,313,503
246,245,1109,374,372,313,503
246,245,1109,374,372,222,876,313,503
246,245,1109,374,876,313,503
246,245,1109,504,503
246,245,400,401,504
246,245,684,401,504
246,245,1109,504
246,245,400,401,504,503,313,550
246,245,400,401,504,1109,374,372,313,550
246,245,400,401,504,1109,374,372,222,876,313,550
246,245,400,401,504,1109,374,876,313,550
246,245,684,401,504,503,313,550
246,245,684,401,504,1109,374,372,313,550
246,245,684,401,504,1109,374,372,222,876,313,550
246,245,684,401,504,1109,374,876,313,550
246,245,1109,374,372,313,550
246,245,1109,374,372,222,876,313,550
246,245,1109,374,876,313,550
246,245,1109,504,503,313,550
246,245,400,401,504,503,313,664
246,245,400,401,504,1109,374,372,313,664
246,245,400,401,504,1109,374,372,222,876,313,664
246,245,400,401,504,1109,374,876,313,664
246,245,684,401,504,503,313,664
246,245,684,401,504,1109,374,372,313,664
246,245,684,401,504,1109,374,372,222,876,313,664
246,245,684,401,504,1109,374,876,313,664
246,245,1109,374,372,313,664
246,245,1109,374,372,222,876,313,664
246,245,1109,374,876,313,664
246,245,1109,504,503,313,664
246,245,684
246,245,1109,504,401,684
246,245,400,401,753
246,245,684,401,753
246,245,1109,374,372,313,503,504,401,753
246,245,1109,374,372,222,876,313,503,504,401,753
246,245,1109,374,876,313,503,504,401,753
246,245,1109,504,401,753
246,245,400,401,504,503,313,776
246,245,400,401,504,1109,374,372,313,776
246,245,400,401,504,1109,374,372,222,876,313,776
246,245,400,401,504,1109,374,876,313,776
246,245,684,401,504,503,313,776
246,245,684,401,504,1109,374,372,313,776
246,245,684,401,504,1109,374,372,222,876,313,776
246,245,684,401,504,1109,374,876,313,776
246,245,1109,374,372,313,776
246,245,1109,374,372,222,876,313,776
246,245,1109,374,876,313,776
246,245,1109,504,503,313,776
246,245,400,401,504,503,313,876
246,245,400,401,504,1109,374,876
246,245,684,401,504,503,313,876
246,245,684,401,504,1109,374,876
246,245,1109,374,876
246,245,1109,504,503,313,876
246,245,400,401,504,503,313,372,222,876,877
246,245,400,401,504,503,313,372,374,876,877
246,245,400,401,504,503,313,876,877
246,245,400,401,504,1109,374,372,313,876,877
246,245,400,401,504,1109,374,372,222,876,877
246,245,400,401,504,1109,374,876,877
246,245,684,401,504,503,313,372,222,876,877
246,245,684,401,504,503,313,372,374,876,877
246,245,684,401,504,503,313,876,877
246,245,684,401,504,1109,374,372,313,876,877
246,245,684,401,504,1109,374,372,222,876,877
246,245,684,401,504,1109,374,876,877
246,245,1109,374,372,313,876,877
246,245,1109,374,372,222,876,877
246,245,1109,374,876,877
246,245,1109,504,503,313,372,222,876,877
246,245,1109,504,503,313,372,374,876,877
246,245,1109,504,503,313,876,877
246,245,939
246,245,1109
246,245,400,401,504,503,313,372,222,876,374,1109,1092
246,245,400,401,504,503,313,372,374,1109,1092
246,245,400,401,504,503,313,876,374,1109,1092
246,245,400,401,504,1109,1092
246,245,684,401,504,503,313,372,222,876,374,1109,1092
246,245,684,401,504,503,313,372,374,1109,1092
246,245,684,401,504,503,313,876,374,1109,1092
246,245,684,401,504,1109,1092
246,245,1109,1092
246,245,400,401,504,503,313,1134
246,245,400,401,504,1109,374,372,313,1134
246,245,400,401,504,1109,374,372,222,876,313,1134
246,245,400,401,504,1109,374,876,313,1134
246,245,684,401,504,503,313,1134
246,245,684,401,504,1109,374,372,313,1134
246,245,684,401,504,1109,374,372,222,876,313,1134
246,245,684,401,504,1109,374,876,313,1134
246,245,1109,374,372,313,1134
246,245,1109,374,372,222,876,313,1134
246,245,1109,374,876,313,1134
246,245,1109,504,503,313,1134
260,261
260,262
260,263
260,264
260,265
260,263,67
260,262,789
260,817
260,845
261,260,262
261,260,263
261,260,264
261,260,265
261,260,263,67
261,260,262,789
261,260,817
261,260,845
262,260,263
262,260,264
262,260,265
262,260,263,67
262,789
262,260,817
262,260,845
263,260,264
263,260,265
263,67
263,260,262,789
263,260,817
263,260,845
264,260,265
264,260,263,67
264,260,262,789
264,260,817
264,260,845
265,260,263,67
265,260,262,789
265,260,817
265,260,845
280,281
280,282,632,281
280,282,283,739,281
280,282,283,1124,281
280,283,739,281
280,283,1124,281
280,283,282,632,281
280,282
280,283,739,281,632,282
280,283,1124,281,632,282
280,283,282
280,283
280,281,632
280,282,632
280,283,739,281,632
280,283,1124,281,632
280,283,282,632
280,281,632,282,695
280,281,739,283,282,695
280,281,1124,283,282,695
280,282,695
280,283,739,281,632,282,695
280,283,1124,281,632,282,695
280,283,282,695
280,281,739
280,281,1124,283,739
280,282,632,281,739
280,282,632,281,1124,283,739
280,282,283,739
280,282,283,1124,281,739
280,283,739
280,918
280,281,1124
280,282,632,281,1124
280,282,283,1124
280,283,1124
280,281,632,282,283,892
280,281,739,283,892
280,281,1124,283,892
280,282,632,281,739,283,892
280,282,632,281,1124,283,892
280,282,283,892
280,283,892
281,280,282
281,280,283,282
281,632,282
281,739,283,282
281,1124,283,282
281,280,283
281,632,282,283
281,739,283
281,1124,283
281,632
281,739,283,282,632
281,1124,283,282,632
281,280,282,695
281,280,283,282,695
281,632,282,695
281,739,283,282,695
281,1124,283,282,695
281,739
281,1124,283,739
281,280,918
281,632,282,280,918
281,632,282,283,280,918
281,739,283,280,918
281,739,283,282,280,918
281,1124,283,280,918
281,1124,283,282,280,918
281,1124
281,280,282,283,892
281,280,283,892
281,632,282,283,892
281,739,283,892
281,1124,283,892
282,283
282,632
282,695
282,280,281,739
282,632,281,739
282,632,281,1124,283,739
282,283,739
282,283,1124,281,739
282,280,918
282,632,281,739,283,280,918
282,632,281,1124,283,280,918
282,283,280,918
282,280,281,1124
282,632,281,1124
282,283,1124
282,280,281,739,283,892
282,280,281,1124,283,892
282,632,281,739,283,892
282,632,281,1124,283,892
282,283,892
283,280,281,632
283,739,281,632
283,1124,281,632
283,282,632
283,280,281,632,282,695
283,739,281,632,282,695
283,1124,281,632,282,695
283,282,695
283,739
283,280,918
283,1124
283,892
299,300
312,313
312,313,372
312,313,503,504,1109,374,372
312,313,503,504,1109,374,876,222,372
312,313,503,504,401,400,245,1109,374,372
312,313,503,504,401,400,245,1109,374,876,222,372
312,313,503,504,401,684,245,1109,374,372
312,313,503,504,401,684,245,1109,374,876,222,372
312,313,876,222,372
312,313,876,374,372
312,313,372,222
312,313,372,374,876,222
312,313,503,504,1109,374,372,222
312,313,503,504,1109,374,876,222
312,313,503,504,401,400,245,1109,374,372,222
312,313,503,504,401,400,245,1109,374,876,222
312,313,503,504,401,684,245,1109,374,372,222
312,313,503,504,401,684,245,1109,374,876,222
312,313,876,222
312,313,372,373
312,313,503,504,1109,374,372,373
312,313,503,504,1109,374,876,222,372,373
312,313,503,504,401,400,245,1109,374,372,373
312,313,503,504,401,400,245,1109,374,876,222,372,373
312,313,503,504,401,684,245,1109,374,372,373
312,313,503,504,401,684,245,1109,374,876,222,372,373
312,313,876,222,372,373
312,313,876,374,372,373
312,313,372,374
312,313,503,504,1109,374
312,313,503,504,401,400,245,1109,374
312,313,503,504,401,684,245,1109,374
312,313,876,374
312,313,372,222,876,374,1109,245,400
312,313,372,222,876,374,1109,245,684,401,400
312,313,372,222,876,374,1109,504,401,400
312,313,372,222,876,374,1109,504,401,684,245,400
312,313,372,374,1109,245,400
312,313,372,374,1109,245,684,401,400
312,313,372,374,1109,504,401,400
312,313,372,374,1109,504,401,684,245,400
312,313,503,504,1109,245,400
312,313,503,504,1109,245,684,401,400
312,313,503,504,401,400
312,313,503,504,401,684,245,400
312,313,876,374,1109,245,400
312,313,876,374,1109,245,684,401,400
312,313,876,374,1109,504,401,400
312,313,876,374,1109,504,401,684,245,400
312,313,372,222,876,374,1109,245,400,401
312,313,372,222,876,374,1109,245,684,401
312,313,372,222,876,374,1109,504,401
312,313,372,374,1109,245,400,401
312,313,372,374,1109,245,684,401
312,313,372,374,1109,504,401
312,313,503,504,1109,245,400,401
312,313,503,504,1109,245,684,401
312,313,503,504,401
312,313,876,374,1109,245,400,401
312,313,876,374,1109,245,684,401
312,313,876,374,1109,504,401
312,313,503
312,313,876,374,1109,245,400,401,504,503
312,313,876,374,1109,245,684,401,504,503
312,313,876,374,1109,504,503
312,313,372,222,876,374,1109,504
312,313,372,374,1109,504
312,313,503,504
312,313,876,374,1109,504
312,313,550
312,313,664
312,313,372,222,876,374,1109,245,684
312,313,372,222,876,374,1109,504,401,684
312,313,372,374,1109,245,684
312,313,372,374,1109,504,401,684
312,313,503,504,1109,245,684
312,313,503,504,401,684
312,313,876,374,1109,245,684
312,313,876,374,1109,504,401,684
312,313,372,222,876,374,1109,245,400,401,753
312,313,372,222,876,374,1109,245,684,401,753
312,313,372,222,876,374,1109,504,401,753
312,313,372,374,1109,245,400,401,753
312,313,372,374,1109,245,684,401,753
312,313,372,374,1109,504,401,753
312,313,503,504,1109,245,400,401,753
312,313,503,504,1109,245,684,401,753
312,313,503,504,401,753
312,313,876,374,1109,245,400,401,753
312,313,876,374,1109,245,684,401,753
312,313,876,374,1109,504,401,753
312,313,776
312,313,876
312,313,372,222,876,877
312,313,372,374,876,877
312,313,503,504,1109,374,372,222,876,877
312,313,503,504,1109,374,876,877
312,313,503,504,401,400,245,1109,374,372,222,876,877
312,313,503,504,401,400,245,1109,374,876,877
312,313,503,504,401,684,245,1109,374,372,222,876,877
312,313,503,504,401,684,245,1109,374,876,877
312,313,876,877
312,313,372,222,876,374,1109,245,939
312,313,372,222,876,374,1109,504,401,400,245,939
312,313,372,222,876,374,1109,504,401,684,245,939
312,313,372,374,1109,245,939
312,313,372,374,1109,504,401,400,245,939
312,313,372,374,1109,504,401,684,245,939
312,313,503,504,1109,245,939
312,313,503,504,401,400,245,939
312,313,503,504,401,684,245,939
312,313,876,374,1109,245,939
312,313,876,374,1109,504,401,400,245,939
312,313,876,374,1109,504,401,684,245,939
312,313,372,222,876,374,1109
312,313,372,374,1109
312,313,503,504,1109
312,313,876,374,1109
312,313,372,222,876,374,1109,1092
312,313,372,374,1109,1092
312,313,503,504,1109,1092
312,313,503,504,401,400,245,1109,1092
312,313,503,504,401,684,245,1109,1092
312,313,876,374,1109,1092
312,313,1134
313,372
313,503,504,1109,374,372
313,503,504,1109,374,876,222,372
313,876,222,372
313,876,374,372
313,372,222
313,372,374,876,222
313,503,504,1109,374,372,222
313,503,504,1109,374,876,222
313,503,504,401,400,245,1109,374,372,222
313,503,504,401,400,245,1109,374,876,222
313,503,504,401,684,245,1109,374,372,222
313,503,504,401,684,245,1109,374,876,222
313,876,222
313,372,373
313,503,504,1109,374,372,373
313,503,504,1109,374,876,222,372,373
313,503,504,401,400,245,1109,374,372,373
313,503,504,401,400,245,1109,374,876,222,372,373
313,503,504,401,684,245,1109,374,372,373
313,503,504,401,684,245,1109,374,876,222,372,373
313,876,222,372,373
313,876,374,372,373
313,372,374
313,503,504,1109,374
313,503,504,401,400,245,1109,374
313,503,504,401,684,245,1109,374
313,876,374
313,372,222,876,374,1109,245,400
313,372,222,876,374,1109,245,684,401,400
313,372,222,876,374,1109,504,401,400
313,372,222,876,374,1109,504,401,684,245,400
313,372,374,1109,245,400
313,372,374,1109,245,684,401,400
313,372,374,1109,504,401,400
313,372,374,1109,504,401,684,245,400
313,503,504,1109,245,400
313,503,504,1109,245,684,401,400
313,503,504,401,400
313,503,504,401,684,245,400
313,876,374,1109,245,400
313,876,374,1109,245,684,401,400
313,876,374,1109,504,401,400
313,876,374,1109,504,401,684,245,400
313,372,222,876,374,1109,245,400,401
313,372,222,876,374,1109,245,684,401
313,372,222,876,374,1109,504,401
313,372,374,1109,245,400,401
313,372,374,1109,245,684,401
313,372,374,1109,504,401
313,503,504,1109,245,400,401
313,503,504,1109,245,684,401
313,503,504,401
313,876,374,1109,245,400,401
313,876,374,1109,245,684,401
313,876,374,1109,504,401
313,503
313,876,374,1109,504,503
313,372,222,876,374,1109,504
313,372,374,1109,504
313,503,504
313,876,374,1109,504
313,550
313,664
313,372,222,876,374,1109,245,684
313,372,222,876,374,1109,504,401,684
313,372,374,1109,245,684
313,372,374,1109,504,401,684
313,503,504,1109,245,684
313,503,504,401,684
313,876,374,1109,245,684
313,876,374,1109,504,401,684
313,372,222,876,374,1109,245,400,401,753
313,372,222,876,374,1109,245,684,401,753
313,372,222,876,374,1109,504,401,753
313,372,374,1109,245,400,401,753
313,372,374,1109,245,684,401,753
313,372,374,1109,504,401,753
313,503,504,1109,245,400,401,753
313,503,504,1109,245,684,401,753
313,503,504,401,753
313,876,374,1109,245,400,401,753
313,876,374,1109,245,684,401,753
313,876,374,1109,504,401,753
313,776
313,876
313,372,222,876,877
313,372,374,876,877
313,503,504,1109,374,372,222,876,877
313,503,504,1109,374,876,877
313,503,504,401,400,245,1109,374,372,222,876,877
313,503,504,401,400,245,1109,374,876,877
313,503,504,401,684,245,1109,374,372,222,876,877
313,503,504,401,684,245,1109,374,876,877
313,876,877
313,372,222,876,374,1109,245,939
313,372,222,876,374,1109,504,401,400,245,939
313,372,222,876,374,1109,504,401,684,245,939
313,372,374,1109,245,939
313,372,374,1109,504,401,400,245,939
313,372,374,1109,504,401,684,245,939
313,503,504,1109,245,939
313,503,504,401,400,245,939
313,503,504,401,684,245,939
313,876,374,1109,245,939
313,876,374,1109,504,401,400,245,939
313,876,374,1109,504,401,684,245,939
313,372,222,876,374,1109
313,372,374,1109
313,503,504,1109
313,876,374,1109
313,372,222,876,374,1109,1092
313,372,374,1109,1092
313,503,504,1109,1092
313,503,504,401,400,245,1109,1092
313,503,504,401,684,245,1109,1092
313,876,374,1109,1092
313,1134
322,323
322,324,323
322,324,456,543,323
322,324,456,323
322,324,456,552,551,323
322,324,456,552,553,323
322,324,456,552,649,323
322,324
322,323,361
322,324,323,361
322,324,456,543,323,361
322,324,456,323,361
322,324,456,552,551,323,361
322,324,456,552,553,323,361
322,324,456,552,649,323,361
322,323,543,456
322,323,551,552,456
322,323,553,552,456
322,323,649,552,456
322,323,456
322,324,456
322,323,543
322,323,551,552,456,543
322,323,553,552,456,543
322,323,649,552,456,543
322,324,323,543
322,324,323,551,552,456,543
322,324,323,553,552,456,543
322,324,323,649,552,456,543
322,324,456,543
322,323,551
322,323,553,552,551
322,323,649,552,551
322,324,323,551
322,324,323,553,552,551
322,324,323,649,552,551
322,324,456,543,323,551
322,324,456,543,323,553,552,551
322,324,456,543,323,649,552,551
322,324,456,323,551
322,324,456,323,553,552,551
322,324,456,323,649,552,551
322,324,456,552,551
322,323,324,456,552
322,323,543,456,552
322,323,551,552
322,323,553,552
322,323,649,552
322,323,456,552
322,324,323,543,456,552
322,324,323,551,552
322,324,323,553,552
322,324,323,649,552
322,324,456,552
322,323,553
322,323,649,552,553
322,324,323,553
322,324,323,649,552,553
322,324,456,543,323,553
322,324,456,543,323,649,552,553
322,324,456,323,553
322,324,456,323,649,552,553
322,324,456,552,553
322,323,621
322,324,323,621
322,324,456,543,323,621
322,324,456,323,621
322,324,456,552,551,323,621
322,324,456,552,553,323,621
322,324,456,552,649,323,621
322,323,649
322,324,323,649
322,324,456,543,323,649
322,324,456,323,649
322,324,456,552,649
322,323,952
322,324,323,952
322,324,456,543,323,952
322,324,456,323,952
322,324,456,552,551,323,952
322,324,456,552,553,323,952
322,324,456,552,649,323,952
322,323,1038
322,324,323,1038
322,324,456,543,323,1038
322,324,456,323,1038
322,324,456,552,551,323,1038
322,324,456,552,553,323,1038
322,324,456,552,649,323,1038
323,324
323,543,456,324
323,551,552,456,324
323,553,552,456,324
323,649,552,456,324
323,456,324
323,361
323,543,456
323,551,552,456
323,553,552,456
323,649,552,456
323,456
323,543
323,551,552,456,543
323,553,552,456,543
323,649,552,456,543
323,551
323,553,552,551
323,649,552,551
323,324,456,552
323,543,456,552
323,551,552
323,553,552
323,649,552
323,456,552
323,553
323,649,552,553
323,621
323,649
323,952
323,1038
324,323,361
324,456,543,323,361
324,456,323,361
324,456,552,551,323,361
324,456,552,553,323,361
324,456,552,649,323,361
324,456
324,323,543
324,323,551,552,456,543
324,323,553,552,456,543
324,323,649,552,456,543
324,456,543
324,323,551
324,323,553,552,551
324,323,649,552,551
324,456,543,323,551
324,456,543,323,553,552,551
324,456,543,323,649,552,551
324,456,323,551
324,456,323,553,552,551
324,456,323,649,552,551
324,456,552,551
324,323,543,456,552
324,323,551,552
324,323,553,552
324,323,649,552
324,456,552
324,323,553
324,323,649,552,553
324,456,543,323,553
324,456,543,323,649,552,553
324,456,323,553
324,456,323,649,552,553
324,456,552,553
324,323,621
324,456,543,323,621
324,456,323,621
324,456,552,551,323,621
324,456,552,553,323,621
324,456,552,649,323,621
324,323,649
324,456,543,323,649
324,456,323,649
324,456,552,649
324,323,952
324,456,543,323,952
324,456,323,952
324,456,552,551,323,952
324,456,552,553,323,952
324,456,552,649,323,952
324,323,1038
324,456,543,323,1038
324,456,323,1038
324,456,552,551,323,1038
324,456,552,553,323,1038
324,456,552,649,323,1038
327,328
339,108,102,103,336
339,108,102,103,1029,104,336
339,108,102,103,1029,105,336
339,108,102,103,1029,106,336
339,108,102,104,336
339,108,102,104,1029,105,336
339,108,102,104,1029,106,336
339,108,102,105,336
339,108,102,105,1029,106,336
339,108,102,106,336
339,107,102,103,336
339,107,102,103,1029,104,336
339,107,102,103,1029,105,336
339,107,102,103,1029,106,336
339,107,102,104,336
339,107,102,104,1029,105,336
339,107,102,104,1029,106,336
339,107,102,105,336
339,107,102,105,1029,106,336
339,107,102,106,336
339,108,102,103,1029
339,108,102,104,1029
339,108,102,105,1029
339,108,102,106,1029
339,107,102,103,1029
339,107,102,104,1029
339,107,102,105,1029
339,107,102,106,1029
344,345
344,346
344,346,774
344,346,774,773
344,345,993
345,344,346
345,344,346,774
345,344,346,774,773
345,993
346,774
346,774,773
346,344,345,993
353,354
355,40,39,667
355,40,905,41,39,667
355,40,905,41,855,42,39,667
355,40,905,41,930,42,39,667
355,40,930,42,39,667
355,40,930,42,855,41,39,667
355,40,930,41,39,667
355,41,39,667
355,41,855,42,39,667
355,41,930,42,39,667
355,40,39,42,855
355,40,905,41,855
355,40,905,41,930,42,855
355,40,930,42,855
355,40,930,41,855
355,41,855
355,41,930,42,855
355,40,905
355,40,930,41,905
355,41,905
355,40,930
355,41,930
358,359
358,47,932,359
358,47,991,359
358,47
358,359,932
358,359,991,47,932
358,47,932
358,359,991
358,47,991
359,358,47
359,932,47
359,991,47
359,932
359,991,47,932
359,991
47,932
47,991
361,323,543,456
361,323,551,552,456
361,323,553,552,456
361,323,649,552,456
361,323,456
361,323,543
361,323,551,552,456,543
361,323,553,552,456,543
361,323,649,552,456,543
361,323,551
361,323,553,552,551
361,323,649,552,551
361,323,322,324,456,552
361,323,324,456,552
361,323,543,456,552
361,323,551,552
361,323,553,552
361,323,649,552
361,323,456,552
361,323,553
361,323,649,552,553
361,323,621
361,323,649
361,323,952
361,323,1038
364,365
336,103,1029
336,105,1029
336,106,1029
336,104,1029
368,369
368,369,1170
369,1170
372,222
372,374,876,222
372,373
372,374
372,313,503,504,1109,245,400
372,313,503,504,1109,245,684,401,400
372,313,503,504,401,400
372,313,503,504,401,684,245,400
372,313,876,374,1109,245,400
372,313,876,374,1109,245,684,401,400
372,313,876,374,1109,504,401,400
372,313,876,374,1109,504,401,684,245,400
372,222,876,313,503,504,1109,245,400
372,222,876,313,503,504,1109,245,684,401,400
372,222,876,313,503,504,401,400
372,222,876,313,503,504,401,684,245,400
372,222,876,374,1109,245,400
372,222,876,374,1109,245,684,401,400
372,222,876,374,1109,504,401,400
372,222,876,374,1109,504,401,684,245,400
372,374,876,313,503,504,1109,245,400
372,374,876,313,503,504,1109,245,684,401,400
372,374,876,313,503,504,401,400
372,374,876,313,503,504,401,684,245,400
372,374,1109,245,400
372,374,1109,245,684,401,400
372,374,1109,504,401,400
372,374,1109,504,401,684,245,400
372,313,503,504,1109,245,400,401
372,313,503,504,1109,245,684,401
372,313,503,504,401
372,313,876,374,1109,245,400,401
372,313,876,374,1109,245,684,401
372,313,876,374,1109,504,401
372,222,876,313,503,504,1109,245,400,401
372,222,876,313,503,504,1109,245,684,401
372,222,876,313,503,504,401
372,222,876,374,1109,245,400,401
372,222,876,374,1109,245,684,401
372,222,876,374,1109,504,401
372,374,876,313,503,504,1109,245,400,401
372,374,876,313,503,504,1109,245,684,401
372,374,876,313,503,504,401
372,374,1109,245,400,401
372,374,1109,245,684,401
372,374,1109,504,401
372,313,503
372,313,876,374,1109,504,503
372,222,876,313,503
372,222,876,374,1109,245,400,401,504,503
372,222,876,374,1109,245,684,401,504,503
372,222,876,374,1109,504,503
372,374,876,313,503
372,374,1109,245,400,401,504,503
372,374,1109,245,684,401,504,503
372,374,1109,504,503
372,313,503,504
372,313,876,374,1109,504
372,222,876,313,503,504
372,222,876,374,1109,504
372,374,876,313,503,504
372,374,1109,504
372,313,550
372,222,876,313,550
372,222,876,374,1109,245,400,401,504,503,313,550
372,222,876,374,1109,245,684,401,504,503,313,550
372,222,876,374,1109,504,503,313,550
372,374,876,313,550
372,374,1109,245,400,401,504,503,313,550
372,374,1109,245,684,401,504,503,313,550
372,374,1109,504,503,313,550
372,313,664
372,222,876,313,664
372,222,876,374,1109,245,400,401,504,503,313,664
372,222,876,374,1109,245,684,401,504,503,313,664
372,222,876,374,1109,504,503,313,664
372,374,876,313,664
372,374,1109,245,400,401,504,503,313,664
372,374,1109,245,684,401,504,503,313,664
372,374,1109,504,503,313,664
372,313,503,504,1109,245,684
372,313,503,504,401,684
372,313,876,374,1109,245,684
372,313,876,374,1109,504,401,684
372,222,876,313,503,504,1109,245,684
372,222,876,313,503,504,401,684
372,222,876,374,1109,245,684
372,222,876,374,1109,504,401,684
372,374,876,313,503,504,1109,245,684
372,374,876,313,503,504,401,684
372,374,1109,245,684
372,374,1109,504,401,684
372,313,503,504,1109,245,400,401,753
372,313,503,504,1109,245,684,401,753
372,313,503,504,401,753
372,313,876,374,1109,245,400,401,753
372,313,876,374,1109,245,684,401,753
372,313,876,374,1109,504,401,753
372,222,876,313,503,504,1109,245,400,401,753
372,222,876,313,503,504,1109,245,684,401,753
372,222,876,313,503,504,401,753
372,222,876,374,1109,245,400,401,753
372,222,876,374,1109,245,684,401,753
372,222,876,374,1109,504,401,753
372,374,876,313,503,504,1109,245,400,401,753
372,374,876,313,503,504,1109,245,684,401,753
372,374,876,313,503,504,401,753
372,374,1109,245,400,401,753
372,374,1109,245,684,401,753
372,374,1109,504,401,753
372,313,776
372,222,876,313,776
372,222,876,374,1109,245,400,401,504,503,313,776
372,222,876,374,1109,245,684,401,504,503,313,776
372,222,876,374,1109,504,503,313,776
372,374,876,313,776
372,374,1109,245,400,401,504,503,313,776
372,374,1109,245,684,401,504,503,313,776
372,374,1109,504,503,313,776
372,313,876
372,222,876
372,374,876
372,313,503,504,1109,374,876,877
372,313,503,504,401,400,245,1109,374,876,877
372,313,503,504,401,684,245,1109,374,876,877
372,313,876,877
372,222,876,877
372,374,876,877
372,313,503,504,1109,245,939
372,313,503,504,401,400,245,939
372,313,503,504,401,684,245,939
372,313,876,374,1109,245,939
372,313,876,374,1109,504,401,400,245,939
372,313,876,374,1109,504,401,684,245,939
372,222,876,313,503,504,1109,245,939
372,222,876,313,503,504,401,400,245,939
372,222,876,313,503,504,401,684,245,939
372,222,876,374,1109,245,939
372,222,876,374,1109,504,401,400,245,939
372,222,876,374,1109,504,401,684,245,939
372,374,876,313,503,504,1109,245,939
372,374,876,313,503,504,401,400,245,939
372,374,876,313,503,504,401,684,245,939
372,374,1109,245,939
372,374,1109,504,401,400,245,939
372,374,1109,504,401,684,245,939
372,313,503,504,1109
372,313,876,374,1109
372,222,876,313,503,504,1109
372,222,876,374,1109
372,374,1109
372,313,503,504,1109,1092
372,313,503,504,401,400,245,1109,1092
372,313,503,504,401,684,245,1109,1092
372,313,876,374,1109,1092
372,222,876,313,503,504,1109,1092
372,222,876,313,503,504,401,400,245,1109,1092
372,222,876,313,503,504,401,684,245,1109,1092
372,222,876,374,1109,1092
372,374,876,313,503,504,1109,1092
372,374,876,313,503,504,401,400,245,1109,1092
372,374,876,313,503,504,401,684,245,1109,1092
372,374,1109,1092
372,313,1134
372,222,876,313,1134
372,222,876,374,1109,245,400,401,504,503,313,1134
372,222,876,374,1109,245,684,401,504,503,313,1134
372,222,876,374,1109,504,503,313,1134
372,374,876,313,1134
372,374,1109,245,400,401,504,503,313,1134
372,374,1109,245,684,401,504,503,313,1134
372,374,1109,504,503,313,1134
222,372,373
222,876,374,372,373
222,372,374
222,876,374
222,372,313,503,504,1109,245,400
222,372,313,503,504,1109,245,684,401,400
222,372,313,503,504,401,400
222,372,313,503,504,401,684,245,400
222,372,374,876,313,503,504,1109,245,400
222,372,374,876,313,503,504,1109,245,684,401,400
222,372,374,876,313,503,504,401,400
222,372,374,876,313,503,504,401,684,245,400
222,372,374,1109,245,400
222,372,374,1109,245,684,401,400
222,372,374,1109,504,401,400
222,372,374,1109,504,401,684,245,400
222,876,313,503,504,1109,245,400
222,876,313,503,504,1109,245,684,401,400
222,876,313,503,504,401,400
222,876,313,503,504,401,684,245,400
222,876,374,1109,245,400
222,876,374,1109,245,684,401,400
222,876,374,1109,504,401,400
222,876,374,1109,504,401,684,245,400
222,372,313,503,504,1109,245,400,401
222,372,313,503,504,1109,245,684,401
222,372,313,503,504,401
222,372,374,876,313,503,504,401
222,372,374,1109,245,400,401
222,372,374,1109,245,684,401
222,372,374,1109,504,401
222,876,313,503,504,1109,245,400,401
222,876,313,503,504,1109,245,684,401
222,876,313,503,504,401
222,876,374,1109,245,400,401
222,876,374,1109,245,684,401
222,876,374,1109,504,401
222,372,313,503
222,372,374,876,313,503
222,372,374,1109,245,400,401,504,503
222,372,374,1109,245,684,401,504,503
222,372,374,1109,504,503
222,876,313,503
222,876,374,1109,245,400,401,504,503
222,876,374,1109,245,684,401,504,503
222,876,374,1109,504,503
222,372,313,503,504
222,372,374,876,313,503,504
222,372,374,1109,504
222,876,313,503,504
222,876,374,1109,504
222,372,313,550
222,372,374,876,313,550
222,372,374,1109,245,400,401,504,503,313,550
222,372,374,1109,245,684,401,504,503,313,550
222,372,374,1109,504,503,313,550
222,876,313,550
222,876,374,1109,245,400,401,504,503,313,550
222,876,374,1109,245,684,401,504,503,313,550
222,876,374,1109,504,503,313,550
222,372,313,664
222,372,374,876,313,664
222,372,374,1109,245,400,401,504,503,313,664
222,372,374,1109,245,684,401,504,503,313,664
222,372,374,1109,504,503,313,664
222,876,313,664
222,876,374,1109,245,400,401,504,503,313,664
222,876,374,1109,245,684,401,504,503,313,664
222,876,374,1109,504,503,313,664
222,372,313,503,504,1109,245,684
222,372,313,503,504,401,684
222,372,374,876,313,503,504,1109,245,684
222,372,374,876,313,503,504,401,684
222,372,374,1109,245,684
222,372,374,1109,504,401,684
222,876,313,503,504,1109,245,684
222,876,313,503,504,401,684
222,876,374,1109,245,684
222,876,374,1109,504,401,684
222,372,313,503,504,1109,245,400,401,753
222,372,313,503,504,1109,245,684,401,753
222,372,313,503,504,401,753
222,372,374,876,313,503,504,1109,245,400,401,753
222,372,374,876,313,503,504,1109,245,684,401,753
222,372,374,876,313,503,504,401,753
222,372,374,1109,245,400,401,753
222,372,374,1109,245,684,401,753
222,372,374,1109,504,401,753
222,876,313,503,504,1109,245,400,401,753
222,876,313,503,504,1109,245,684,401,753
222,876,313,503,504,401,753
222,876,374,1109,245,400,401,753
222,876,374,1109,245,684,401,753
222,876,374,1109,504,401,753
222,372,313,776
222,372,374,876,313,776
222,372,374,1109,245,400,401,504,503,313,776
222,372,374,1109,245,684,401,504,503,313,776
222,372,374,1109,504,503,313,776
222,876,313,776
222,876,374,1109,245,400,401,504,503,313,776
222,876,374,1109,245,684,401,504,503,313,776
222,876,374,1109,504,503,313,776
222,876
222,372,374,876,877
222,876,877
222,372,313,503,504,1109,245,939
222,372,313,503,504,401,400,245,939
222,372,313,503,504,401,684,245,939
222,372,374,876,313,503,504,1109,245,939
222,372,374,876,313,503,504,401,400,245,939
222,372,374,876,313,503,504,401,684,245,939
222,372,374,1109,245,939
222,372,374,1109,504,401,400,245,939
222,372,374,1109,504,401,684,245,939
222,876,313,503,504,1109,245,939
222,876,313,503,504,401,400,245,939
222,876,313,503,504,401,684,245,939
222,876,374,1109,245,939
222,876,374,1109,504,401,400,245,939
222,876,374,1109,504,401,684,245,939
222,372,313,503,504,1109
222,372,374,1109
222,876,313,503,504,1109
222,876,374,1109
222,372,313,503,504,1109,1092
222,372,313,503,504,401,400,245,1109,1092
222,372,313,503,504,401,684,245,1109,1092
222,372,374,876,313,503,504,1109,1092
222,372,374,1109,1092
222,876,313,503,504,1109,1092
222,876,313,503,504,401,400,245,1109,1092
222,876,313,503,504,401,684,245,1109,1092
222,876,374,1109,1092
222,372,313,1134
222,372,374,876,313,1134
222,372,374,1109,245,400,401,504,503,313,1134
222,372,374,1109,245,684,401,504,503,313,1134
222,372,374,1109,504,503,313,1134
222,876,313,1134
222,876,374,1109,245,400,401,504,503,313,1134
222,876,374,1109,245,684,401,504,503,313,1134
222,876,374,1109,504,503,313,1134
373,372,374
373,372,313,503,504,1109,245,400
373,372,313,503,504,1109,245,684,401,400
373,372,313,503,504,401,400
373,372,313,503,504,401,684,245,400
373,372,313,876,374,1109,245,400
373,372,313,876,374,1109,245,684,401,400
373,372,313,876,374,1109,504,401,400
373,372,313,876,374,1109,504,401,684,245,400
373,372,222,876,313,503,504,1109,245,400
373,372,222,876,313,503,504,1109,245,684,401,400
373,372,222,876,313,503,504,401,400
373,372,222,876,313,503,504,401,684,245,400
373,372,222,876,374,1109,245,400
373,372,222,876,374,1109,245,684,401,400
373,372,222,876,374,1109,504,401,400
373,372,222,876,374,1109,504,401,684,245,400
373,372,374,876,313,503,504,1109,245,400
373,372,374,876,313,503,504,1109,245,684,401,400
373,372,374,876,313,503,504,401,400
373,372,374,876,313,503,504,401,684,245,400
373,372,374,1109,245,400
373,372,374,1109,245,684,401,400
373,372,374,1109,504,401,400
373,372,374,1109,504,401,684,245,400
373,372,313,503,504,1109,245,400,401
373,372,313,503,504,1109,245,684,401
373,372,313,503,504,401
373,372,313,876,374,1109,245,400,401
373,372,313,876,374,1109,245,684,401
373,372,313,876,374,1109,504,401
373,372,222,876,313,503,504,1109,245,400,401
373,372,222,876,313,503,504,1109,245,684,401
373,372,222,876,313,503,504,401
373,372,222,876,374,1109,245,400,401
373,372,222,876,374,1109,245,684,401
373,372,222,876,374,1109,504,401
373,372,374,876,313,503,504,1109,245,400,401
373,372,374,876,313,503,504,1109,245,684,401
373,372,374,876,313,503,504,401
373,372,374,1109,245,400,401
373,372,374,1109,245,684,401
373,372,374,1109,504,401
373,372,313,503
373,372,313,876,374,1109,504,503
373,372,222,876,313,503
373,372,222,876,374,1109,245,400,401,504,503
373,372,222,876,374,1109,245,684,401,504,503
373,372,222,876,374,1109,504,503
373,372,374,876,313,503
373,372,374,1109,245,400,401,504,503
373,372,374,1109,245,684,401,504,503
373,372,374,1109,504,503
373,372,313,503,504
373,372,313,876,374,1109,504
373,372,222,876,313,503,504
373,372,222,876,374,1109,504
373,372,374,876,313,503,504
373,372,374,1109,504
373,372,313,550
373,372,222,876,313,550
373,372,222,876,374,1109,245,400,401,504,503,313,550
373,372,222,876,374,1109,245,684,401,504,503,313,550
373,372,222,876,374,1109,504,503,313,550
373,372,374,876,313,550
373,372,374,1109,245,400,401,504,503,313,550
373,372,374,1109,245,684,401,504,503,313,550
373,372,374,1109,504,503,313,550
373,372,313,664
373,372,222,876,313,664
373,372,222,876,374,1109,245,400,401,504,503,313,664
373,372,222,876,374,1109,245,684,401,504,503,313,664
373,372,222,876,374,1109,504,503,313,664
373,372,374,876,313,664
373,372,374,1109,245,400,401,504,503,313,664
373,372,374,1109,245,684,401,504,503,313,664
373,372,374,1109,504,503,313,664
373,372,313,503,504,1109,245,684
373,372,313,503,504,401,684
373,372,313,876,374,1109,245,684
373,372,313,876,374,1109,504,401,684
373,372,222,876,313,503,504,1109,245,684
373,372,222,876,313,503,504,401,684
373,372,222,876,374,1109,245,684
373,372,222,876,374,1109,504,401,684
373,372,374,876,313,503,504,1109,245,684
373,372,374,876,313,503,504,401,684
373,372,374,1109,245,684
373,372,374,1109,504,401,684
373,372,313,503,504,1109,245,400,401,753
373,372,313,503,504,1109,245,684,401,753
373,372,313,503,504,401,753
373,372,313,876,374,1109,245,400,401,753
373,372,313,876,374,1109,245,684,401,753
373,372,313,876,374,1109,504,401,753
373,372,222,876,313,503,504,1109,245,400,401,753
373,372,222,876,313,503,504,1109,245,684,401,753
373,372,222,876,313,503,504,401,753
373,372,222,876,374,1109,245,400,401,753
373,372,222,876,374,1109,245,684,401,753
373,372,222,876,374,1109,504,401,753
373,372,374,876,313,503,504,1109,245,400,401,753
373,372,374,876,313,503,504,1109,245,684,401,753
373,372,374,876,313,503,504,401,753
373,372,374,1109,245,400,401,753
373,372,374,1109,245,684,401,753
373,372,374,1109,504,401,753
373,372,313,776
373,372,222,876,313,776
373,372,222,876,374,1109,245,400,401,504,503,313,776
373,372,222,876,374,1109,245,684,401,504,503,313,776
373,372,222,876,374,1109,504,503,313,776
373,372,374,876,313,776
373,372,374,1109,245,400,401,504,503,313,776
373,372,374,1109,245,684,401,504,503,313,776
373,372,374,1109,504,503,313,776
373,372,313,876
373,372,222,876
373,372,374,876
373,372,313,503,504,1109,374,876,877
373,372,313,503,504,401,400,245,1109,374,876,877
373,372,313,503,504,401,684,245,1109,374,876,877
373,372,313,876,877
373,372,222,876,877
373,372,374,876,877
373,372,313,503,504,1109,245,939
373,372,313,503,504,401,400,245,939
373,372,313,503,504,401,684,245,939
373,372,313,876,374,1109,245,939
373,372,313,876,374,1109,504,401,400,245,939
373,372,313,876,374,1109,504,401,684,245,939
373,372,222,876,313,503,504,1109,245,939
373,372,222,876,313,503,504,401,400,245,939
373,372,222,876,313,503,504,401,684,245,939
373,372,222,876,374,1109,245,939
373,372,222,876,374,1109,504,401,400,245,939
373,372,222,876,374,1109,504,401,684,245,939
373,372,374,876,313,503,504,1109,245,939
373,372,374,876,313,503,504,401,400,245,939
373,372,374,876,313,503,504,401,684,245,939
373,372,374,1109,245,939
373,372,374,1109,504,401,400,245,939
373,372,374,1109,504,401,684,245,939
373,372,313,503,504,1109
373,372,313,876,374,1109
373,372,222,876,313,503,504,1109
373,372,222,876,374,1109
373,372,374,1109
373,372,313,503,504,1109,1092
373,372,313,503,504,401,400,245,1109,1092
373,372,313,503,504,401,684,245,1109,1092
373,372,313,876,374,1109,1092
373,372,222,876,313,503,504,1109,1092
373,372,222,876,313,503,504,401,400,245,1109,1092
373,372,222,876,313,503,504,401,684,245,1109,1092
373,372,222,876,374,1109,1092
373,372,374,876,313,503,504,1109,1092
373,372,374,876,313,503,504,401,400,245,1109,1092
373,372,374,876,313,503,504,401,684,245,1109,1092
373,372,374,1109,1092
373,372,313,1134
373,372,222,876,313,1134
373,372,222,876,374,1109,245,400,401,504,503,313,1134
373,372,222,876,374,1109,245,684,401,504,503,313,1134
373,372,222,876,374,1109,504,503,313,1134
373,372,374,876,313,1134
373,372,374,1109,245,400,401,504,503,313,1134
373,372,374,1109,245,684,401,504,503,313,1134
373,372,374,1109,504,503,313,1134
374,372,313,503,504,1109,245,400
374,372,313,503,504,1109,245,684,401,400
374,372,313,503,504,401,400
374,372,313,503,504,401,684,245,400
374,876,313,503,504,1109,245,400
374,876,313,503,504,1109,245,684,401,400
374,876,313,503,504,401,400
374,876,313,503,504,401,684,245,400
374,1109,245,400
374,1109,245,684,401,400
374,1109,504,401,400
374,1109,504,401,684,245,400
374,372,313,503,504,401
374,876,313,503,504,401
374,1109,245,400,401
374,1109,245,684,401
374,1109,504,401
374,372,313,503
374,876,313,503
374,1109,245,400,401,504,503
374,1109,245,684,401,504,503
374,1109,504,503
374,372,313,503,504
374,876,313,503,504
374,1109,504
374,372,313,550
374,876,313,550
374,1109,245,400,401,504,503,313,550
374,1109,245,684,401,504,503,313,550
374,1109,504,503,313,550
374,372,313,664
374,876,313,664
374,1109,245,400,401,504,503,313,664
374,1109,245,684,401,504,503,313,664
374,1109,504,503,313,664
374,372,313,503,504,1109,245,684
374,372,313,503,504,401,684
374,876,313,503,504,1109,245,684
374,876,313,503,504,401,684
374,1109,245,684
374,1109,504,401,684
374,372,313,503,504,1109,245,400,401,753
374,372,313,503,504,1109,245,684,401,753
374,372,313,503,504,401,753
374,876,313,503,504,1109,245,400,401,753
374,876,313,503,504,1109,245,684,401,753
374,876,313,503,504,401,753
374,1109,245,400,401,753
374,1109,245,684,401,753
374,1109,504,401,753
374,372,313,776
374,876,313,776
374,1109,245,400,401,504,503,313,776
374,1109,245,684,401,504,503,313,776
374,1109,504,503,313,776
374,876
374,876,877
374,372,313,503,504,1109,245,939
374,372,313,503,504,401,400,245,939
374,372,313,503,504,401,684,245,939
374,876,313,503,504,1109,245,939
374,876,313,503,504,401,400,245,939
374,876,313,503,504,401,684,245,939
374,1109,245,939
374,1109,504,401,400,245,939
374,1109,504,401,684,245,939
374,1109
374,372,313,503,504,1109,1092
374,876,313,503,504,1109,1092
374,1109,1092
374,372,313,1134
374,876,313,1134
374,1109,245,400,401,504,503,313,1134
374,1109,245,684,401,504,503,313,1134
374,1109,504,503,313,1134
67,263,260,262,789
67,263,260,817
67,263,260,845
387,376
390,277
400,401
400,401,684,245,1109,374,372,313,503
400,401,684,245,1109,374,372,222,876,313,503
400,401,684,245,1109,374,876,313,503
400,401,684,245,1109,504,503
400,401,504,503
400,401,504,1109,374,372,313,503
400,401,504,1109,374,372,222,876,313,503
400,401,504,1109,374,876,313,503
400,245,684,401,504,503
400,245,1109,374,372,313,503
400,245,1109,374,372,222,876,313,503
400,245,1109,374,876,313,503
400,245,1109,504,503
400,401,684,245,1109,504
400,401,504
400,245,684,401,504
400,245,1109,504
400,401,684,245,1109,374,372,313,550
400,401,684,245,1109,374,372,222,876,313,550
400,401,684,245,1109,374,876,313,550
400,401,684,245,1109,504,503,313,550
400,401,504,503,313,550
400,401,504,1109,374,372,313,550
400,401,504,1109,374,372,222,876,313,550
400,401,504,1109,374,876,313,550
400,245,684,401,504,503,313,550
400,245,684,401,504,1109,374,372,313,550
400,245,684,401,504,1109,374,372,222,876,313,550
400,245,684,401,504,1109,374,876,313,550
400,245,1109,374,372,313,550
400,245,1109,374,372,222,876,313,550
400,245,1109,374,876,313,550
400,245,1109,504,503,313,550
400,401,684,245,1109,374,372,313,664
400,401,684,245,1109,374,372,222,876,313,664
400,401,684,245,1109,374,876,313,664
400,401,684,245,1109,504,503,313,664
400,401,504,503,313,664
400,401,504,1109,374,372,313,664
400,401,504,1109,374,372,222,876,313,664
400,401,504,1109,374,876,313,664
400,245,684,401,504,503,313,664
400,245,684,401,504,1109,374,372,313,664
400,245,684,401,504,1109,374,372,222,876,313,664
400,245,684,401,504,1109,374,876,313,664
400,245,1109,374,372,313,664
400,245,1109,374,372,222,876,313,664
400,245,1109,374,876,313,664
400,245,1109,504,503,313,664
400,401,684
400,245,684
400,401,753
400,245,684,401,753
400,245,1109,504,401,753
400,401,684,245,1109,374,372,313,776
400,401,684,245,1109,374,372,222,876,313,776
400,401,684,245,1109,374,876,313,776
400,401,684,245,1109,504,503,313,776
400,401,504,503,313,776
400,401,504,1109,374,372,313,776
400,401,504,1109,374,372,222,876,313,776
400,401,504,1109,374,876,313,776
400,245,684,401,504,503,313,776
400,245,684,401,504,1109,374,372,313,776
400,245,684,401,504,1109,374,372,222,876,313,776
400,245,684,401,504,1109,374,876,313,776
400,245,1109,374,372,313,776
400,245,1109,374,372,222,876,313,776
400,245,1109,374,876,313,776
400,245,1109,504,503,313,776
400,401,684,245,1109,374,876
400,401,684,245,1109,504,503,313,876
400,401,504,503,313,876
400,401,504,1109,374,876
400,245,684,401,504,503,313,876
400,245,684,401,504,1109,374,876
400,245,1109,374,876
400,245,1109,504,503,313,876
400,401,684,245,1109,374,372,313,876,877
400,401,684,245,1109,374,372,222,876,877
400,401,684,245,1109,374,876,877
400,401,684,245,1109,504,503,313,372,222,876,877
400,401,684,245,1109,504,503,313,372,374,876,877
400,401,684,245,1109,504,503,313,876,877
400,401,504,503,313,372,222,876,877
400,401,504,503,313,372,374,876,877
400,401,504,503,313,876,877
400,401,504,1109,374,372,313,876,877
400,401,504,1109,374,372,222,876,877
400,401,504,1109,374,876,877
400,245,684,401,504,503,313,372,222,876,877
400,245,684,401,504,503,313,372,374,876,877
400,245,684,401,504,503,313,876,877
400,245,684,401,504,1109,374,372,313,876,877
400,245,684,401,504,1109,374,372,222,876,877
400,245,684,401,504,1109,374,876,877
400,245,1109,374,372,313,876,877
400,245,1109,374,372,222,876,877
400,245,1109,374,876,877
400,245,1109,504,503,313,372,222,876,877
400,245,1109,504,503,313,372,374,876,877
400,245,1109,504,503,313,876,877
400,401,684,245,939
400,401,504,503,313,372,222,876,374,1109,245,939
400,401,504,503,313,372,374,1109,245,939
400,401,504,503,313,876,374,1109,245,939
400,401,504,1109,245,939
400,245,939
400,401,684,245,1109
400,401,504,1109
400,245,1109
400,401,684,245,1109,1092
400,401,504,503,313,372,222,876,374,1109,1092
400,401,504,503,313,372,374,1109,1092
400,401,504,503,313,876,374,1109,1092
400,401,504,1109,1092
400,245,684,401,504,503,313,372,222,876,374,1109,1092
400,245,684,401,504,503,313,372,374,1109,1092
400,245,684,401,504,503,313,876,374,1109,1092
400,245,684,401,504,1109,1092
400,245,1109,1092
400,401,684,245,1109,374,372,313,1134
400,401,684,245,1109,374,372,222,876,313,1134
400,401,684,245,1109,374,876,313,1134
400,401,684,245,1109,504,503,313,1134
400,401,504,503,313,1134
400,401,504,1109,374,372,313,1134
400,401,504,1109,374,372,222,876,313,1134
400,401,504,1109,374,876,313,1134
400,245,684,401,504,503,313,1134
400,245,684,401,504,1109,374,372,313,1134
400,245,684,401,504,1109,374,372,222,876,313,1134
400,245,684,401,504,1109,374,876,313,1134
400,245,1109,374,372,313,1134
400,245,1109,374,372,222,876,313,1134
400,245,1109,374,876,313,1134
400,245,1109,504,503,313,1134
401,400,245,1109,374,372,313,503
401,400,245,1109,374,372,222,876,313,503
401,400,245,1109,374,876,313,503
401,400,245,1109,504,503
401,684,245,1109,374,372,313,503
401,684,245,1109,374,372,222,876,313,503
401,684,245,1109,374,876,313,503
401,684,245,1109,504,503
401,504,503
401,504,1109,374,372,313,503
401,504,1109,374,372,222,876,313,503
401,504,1109,374,876,313,503
401,504
401,400,245,1109,374,372,313,550
401,400,245,1109,374,372,222,876,313,550
401,400,245,1109,374,876,313,550
401,400,245,1109,504,503,313,550
401,684,245,1109,374,372,313,550
401,684,245,1109,374,372,222,876,313,550
401,684,245,1109,374,876,313,550
401,684,245,1109,504,503,313,550
401,504,503,313,550
401,504,1109,374,372,313,550
401,504,1109,374,372,222,876,313,550
401,504,1109,374,876,313,550
401,400,245,1109,374,372,313,664
401,400,245,1109,374,372,222,876,313,664
401,400,245,1109,374,876,313,664
401,400,245,1109,504,503,313,664
401,684,245,1109,374,372,313,664
401,684,245,1109,374,372,222,876,313,664
401,684,245,1109,374,876,313,664
401,684,245,1109,504,503,313,664
401,504,503,313,664
401,504,1109,374,372,313,664
401,504,1109,374,372,222,876,313,664
401,504,1109,374,876,313,664
401,684
401,753
401,400,245,1109,374,372,313,776
401,400,245,1109,374,372,222,876,313,776
401,400,245,1109,374,876,313,776
401,400,245,1109,504,503,313,776
401,684,245,1109,374,372,313,776
401,684,245,1109,374,372,222,876,313,776
401,684,245,1109,374,876,313,776
401,684,245,1109,504,503,313,776
401,504,503,313,776
401,504,1109,374,372,313,776
401,504,1109,374,372,222,876,313,776
401,504,1109,374,876,313,776
401,400,245,1109,374,876
401,400,245,1109,504,503,313,876
401,684,245,1109,374,876
401,684,245,1109,504,503,313,876
401,504,503,313,876
401,504,1109,374,876
401,400,245,1109,374,372,313,876,877
401,400,245,1109,374,372,222,876,877
401,400,245,1109,374,876,877
401,400,245,1109,504,503,313,372,222,876,877
401,400,245,1109,504,503,313,876,877
401,684,245,1109,374,372,313,876,877
401,684,245,1109,374,372,222,876,877
401,684,245,1109,374,876,877
401,684,245,1109,504,503,313,372,222,876,877
401,684,245,1109,504,503,313,876,877
401,504,503,313,372,222,876,877
401,504,503,313,372,374,876,877
401,504,503,313,876,877
401,504,1109,374,372,313,876,877
401,504,1109,374,372,222,876,877
401,504,1109,374,876,877
401,400,245,939
401,684,245,939
401,504,503,313,372,222,876,374,1109,245,939
401,504,503,313,372,374,1109,245,939
401,504,503,313,876,374,1109,245,939
401,504,1109,245,939
401,400,245,1109
401,684,245,1109
401,504,1109
401,400,245,1109,1092
401,684,245,1109,1092
401,504,503,313,372,222,876,374,1109,1092
401,504,503,313,372,374,1109,1092
401,504,503,313,876,374,1109,1092
401,504,1109,1092
401,400,245,1109,374,372,313,1134
401,400,245,1109,374,372,222,876,313,1134
401,400,245,1109,374,876,313,1134
401,400,245,1109,504,503,313,1134
401,684,245,1109,374,372,313,1134
401,684,245,1109,374,372,222,876,313,1134
401,684,245,1109,374,876,313,1134
401,684,245,1109,504,503,313,1134
401,504,503,313,1134
401,504,1109,374,372,313,1134
401,504,1109,374,372,222,876,313,1134
401,504,1109,374,876,313,1134
422,744
434,417
434,435
417,434,435
440,441
453,452
453,452,465
452,465
456,543
456,543,323,551
456,543,323,553,552,551
456,543,323,649,552,551
456,323,551
456,323,553,552,551
456,323,649,552,551
456,552,551
456,552
456,543,323,553
456,543,323,649,552,553
456,323,553
456,323,649,552,553
456,552,553
456,543,323,621
456,323,621
456,552,551,323,621
456,552,553,323,621
456,552,649,323,621
456,543,323,649
456,323,649
456,552,649
456,543,323,952
456,323,952
456,552,551,323,952
456,552,553,323,952
456,552,649,323,952
456,543,323,1038
456,323,1038
456,552,551,323,1038
456,552,553,323,1038
456,552,649,323,1038
463,73,943
463,73,1010
472,473
472,473,988,987
472,473,988
472,473,988,866
473,988,987
473,988
473,988,866
477,80
477,80,622
477,80,948
80,622
80,948
503,504
503,504,1109,374,876,313,550
503,504,401,400,245,1109,374,876,313,550
503,504,401,684,245,1109,374,876,313,550
503,313,550
503,504,1109,374,876,313,664
503,504,401,400,245,1109,374,876,313,664
503,504,401,684,245,1109,374,876,313,664
503,313,664
503,504,1109,245,684
503,504,401,684
503,313,372,222,876,374,1109,245,684
503,313,372,222,876,374,1109,504,401,684
503,313,372,374,1109,245,684
503,313,372,374,1109,504,401,684
503,313,876,374,1109,245,684
503,313,876,374,1109,504,401,684
503,504,1109,245,400,401,753
503,504,1109,245,684,401,753
503,504,401,753
503,313,372,222,876,374,1109,245,400,401,753
503,313,372,222,876,374,1109,245,684,401,753
503,313,372,222,876,374,1109,504,401,753
503,313,372,374,1109,245,400,401,753
503,313,372,374,1109,245,684,401,753
503,313,372,374,1109,504,401,753
503,313,876,374,1109,245,400,401,753
503,313,876,374,1109,245,684,401,753
503,313,876,374,1109,504,401,753
503,504,1109,374,876,313,776
503,504,401,400,245,1109,374,876,313,776
503,504,401,684,245,1109,374,876,313,776
503,313,776
503,504,1109,374,876
503,504,401,400,245,1109,374,876
503,504,401,684,245,1109,374,876
503,313,876
503,504,1109,374,372,222,876,877
503,504,1109,374,876,877
503,504,401,400,245,1109,374,372,222,876,877
503,504,401,400,245,1109,374,876,877
503,504,401,684,245,1109,374,372,222,876,877
503,504,401,684,245,1109,374,876,877
503,313,372,222,876,877
503,313,372,374,876,877
503,313,876,877
503,504,1109,245,939
503,504,401,400,245,939
503,504,401,684,245,939
503,313,372,222,876,374,1109,245,939
503,313,372,222,876,374,1109,504,401,684,245,939
503,313,372,374,1109,245,939
503,313,372,374,1109,504,401,684,245,939
503,313,876,374,1109,245,939
503,313,876,374,1109,504,401,684,245,939
503,504,1109
503,313,372,222,876,374,1109
503,313,372,374,1109
503,313,876,374,1109
503,504,1109,1092
503,504,401,400,245,1109,1092
503,504,401,684,245,1109,1092
503,313,372,222,876,374,1109,1092
503,313,372,374,1109,1092
503,313,876,374,1109,1092
503,504,1109,374,876,313,1134
503,504,401,400,245,1109,374,876,313,1134
503,504,401,684,245,1109,374,876,313,1134
503,313,1134
504,503,313,550
504,1109,374,372,313,550
504,1109,374,372,222,876,313,550
504,1109,374,876,313,550
504,503,313,664
504,1109,374,372,313,664
504,1109,374,372,222,876,313,664
504,1109,374,876,313,664
504,1109,245,684
504,401,684
504,1109,245,684,401,753
504,401,753
504,503,313,776
504,1109,374,372,313,776
504,1109,374,372,222,876,313,776
504,1109,374,876,313,776
504,503,313,876
504,1109,374,876
504,503,313,372,222,876,877
504,503,313,372,374,876,877
504,503,313,876,877
504,1109,374,372,313,876,877
504,1109,374,372,222,876,877
504,1109,374,876,877
504,1109,245,939
504,401,400,245,939
504,401,684,245,939
504,1109
504,1109,1092
504,503,313,1134
504,1109,374,372,313,1134
504,1109,374,372,222,876,313,1134
504,1109,374,876,313,1134
511,134,659
511,134,997
524,525
543,456,552,551
543,323,551
543,323,553,552,551
543,323,649,552,551
543,456,552
543,323,551,552
543,323,553,552
543,323,649,552
543,456,552,553
543,323,553
543,323,649,552,553
543,456,552,551,323,621
543,456,552,553,323,621
543,456,552,649,323,621
543,323,621
543,456,552,649
543,323,649
543,456,552,551,323,952
543,456,552,553,323,952
543,456,552,649,323,952
543,323,952
543,456,552,551,323,1038
543,456,552,553,323,1038
543,456,552,649,323,1038
543,323,1038
550,313,664
550,313,372,222,876,374,1109,245,684
550,313,372,222,876,374,1109,504,401,684
550,313,372,374,1109,245,684
550,313,372,374,1109,504,401,684
550,313,503,504,1109,245,684
550,313,503,504,401,684
550,313,876,374,1109,245,684
550,313,876,374,1109,504,401,684
550,313,372,222,876,374,1109,245,400,401,753
550,313,372,222,876,374,1109,245,684,401,753
550,313,372,222,876,374,1109,504,401,753
550,313,372,374,1109,245,400,401,753
550,313,372,374,1109,245,684,401,753
550,313,372,374,1109,504,401,753
550,313,503,504,1109,245,400,401,753
550,313,503,504,1109,245,684,401,753
550,313,503,504,401,753
550,313,876,374,1109,245,400,401,753
550,313,876,374,1109,245,684,401,753
550,313,876,374,1109,504,401,753
550,313,776
550,313,876
550,313,372,222,876,877
550,313,372,374,876,877
550,313,503,504,1109,374,372,222,876,877
550,313,503,504,1109,374,876,877
550,313,503,504,401,400,245,1109,374,372,222,876,877
550,313,503,504,401,400,245,1109,374,876,877
550,313,503,504,401,684,245,1109,374,372,222,876,877
550,313,503,504,401,684,245,1109,374,876,877
550,313,876,877
550,313,372,222,876,374,1109,245,939
550,313,372,222,876,374,1109,504,401,400,245,939
550,313,372,222,876,374,1109,504,401,684,245,939
550,313,372,374,1109,245,939
550,313,372,374,1109,504,401,400,245,939
550,313,372,374,1109,504,401,684,245,939
550,313,503,504,1109,245,939
550,313,503,504,401,400,245,939
550,313,503,504,401,684,245,939
550,313,876,374,1109,245,939
550,313,876,374,1109,504,401,400,245,939
550,313,876,374,1109,504,401,684,245,939
550,313,372,222,876,374,1109
550,313,372,374,1109
550,313,503,504,1109
550,313,876,374,1109
550,313,372,222,876,374,1109,1092
550,313,372,374,1109,1092
550,313,503,504,1109,1092
550,313,503,504,401,400,245,1109,1092
550,313,503,504,401,684,245,1109,1092
550,313,876,374,1109,1092
550,313,1134
551,552
551,552,553
551,552,649,323,553
551,323,553
551,552,553,323,621
551,552,649,323,621
551,323,621
551,552,649
551,323,649
551,552,553,323,952
551,552,649,323,952
551,323,952
551,552,553,323,1038
551,552,649,323,1038
551,323,1038
552,553
552,551,323,621
552,553,323,621
552,649,323,621
552,456,324,322,323,621
552,456,324,323,621
552,456,543,323,621
552,456,323,621
552,649
552,551,323,952
552,553,323,952
552,649,323,952
552,456,324,322,323,952
552,456,324,323,952
552,456,543,323,952
552,456,323,952
552,551,323,1038
552,553,323,1038
552,649,323,1038
552,456,324,322,323,1038
552,456,324,323,1038
552,456,543,323,1038
552,456,323,1038
553,552,649,323,621
553,323,621
553,552,649
553,323,649
553,552,649,323,952
553,323,952
553,552,649,323,1038
553,323,1038
560,561
560,561,1231
561,1231
568,569
568,547
568,570
569,568,547
569,568,570
547,568,570
597,182
621,323,649
621,323,952
621,323,1038
622,80,948
632,282,695
632,281,739
632,281,1124,283,739
632,282,280,283,739
632,282,283,739
632,281,280,918
632,281,739,283,280,918
632,281,1124,283,280,918
632,282,280,918
632,282,283,280,918
632,281,1124
632,282,280,283,1124
632,282,283,1124
632,281,280,283,892
632,281,739,283,892
632,281,1124,283,892
632,282,280,283,892
632,282,283,892
633,634
649,323,952
649,323,1038
655,656
659,134,997
664,313,372,222,876,374,1109,245,684
664,313,372,222,876,374,1109,504,401,684
664,313,372,374,1109,245,684
664,313,372,374,1109,504,401,684
664,313,503,504,1109,245,684
664,313,503,504,401,684
664,313,876,374,1109,245,684
664,313,876,374,1109,504,401,684
664,313,372,222,876,374,1109,245,400,401,753
664,313,372,222,876,374,1109,245,684,401,753
664,313,372,222,876,374,1109,504,401,753
664,313,372,374,1109,245,400,401,753
664,313,372,374,1109,245,684,401,753
664,313,372,374,1109,504,401,753
664,313,503,504,1109,245,400,401,753
664,313,503,504,1109,245,684,401,753
664,313,503,504,401,753
664,313,876,374,1109,245,400,401,753
664,313,876,374,1109,245,684,401,753
664,313,876,374,1109,504,401,753
664,313,776
664,313,876
664,313,372,222,876,877
664,313,372,374,876,877
664,313,503,504,1109,374,372,222,876,877
664,313,503,504,1109,374,876,877
664,313,503,504,401,400,245,1109,374,372,222,876,877
664,313,503,504,401,400,245,1109,374,876,877
664,313,503,504,401,684,245,1109,374,372,222,876,877
664,313,503,504,401,684,245,1109,374,876,877
664,313,876,877
664,313,372,222,876,374,1109,245,939
664,313,372,222,876,374,1109,504,401,400,245,939
664,313,372,222,876,374,1109,504,401,684,245,939
664,313,372,374,1109,245,939
664,313,372,374,1109,504,401,400,245,939
664,313,372,374,1109,504,401,684,245,939
664,313,503,504,1109,245,939
664,313,503,504,401,400,245,939
664,313,503,504,401,684,245,939
664,313,876,374,1109,245,939
664,313,876,374,1109,504,401,400,245,939
664,313,876,374,1109,504,401,684,245,939
664,313,372,222,876,374,1109
664,313,372,374,1109
664,313,503,504,1109
664,313,876,374,1109
664,313,372,222,876,374,1109,1092
664,313,372,374,1109,1092
664,313,503,504,1109,1092
664,313,503,504,401,400,245,1109,1092
664,313,503,504,401,684,245,1109,1092
664,313,876,374,1109,1092
664,313,1134
667,39,40,355,41,855
667,39,40,905,41,855
667,39,40,905,41,930,42,855
667,39,40,930,42,855
667,39,40,930,41,855
667,39,41,855
667,39,41,930,42,855
667,39,42,855
667,39,40,905
667,39,40,930,41,905
667,39,41,905
667,39,42,855,41,905
667,39,42,930,40,905
667,39,42,930,41,905
667,39,40,930
667,39,41,930
667,39,42,930
680,681
680,681,1251
681,1251
684,401,753
684,245,1109,374,372,313,776
684,245,1109,374,372,222,876,313,776
684,245,1109,374,876,313,776
684,245,1109,504,503,313,776
684,401,504,503,313,776
684,401,504,1109,374,372,313,776
684,401,504,1109,374,372,222,876,313,776
684,401,504,1109,374,876,313,776
684,245,1109,374,876
684,245,1109,504,503,313,876
684,401,504,503,313,876
684,401,504,1109,374,876
684,245,1109,374,372,313,876,877
684,245,1109,374,372,222,876,877
684,245,1109,374,876,877
684,245,1109,504,503,313,372,222,876,877
684,245,1109,504,503,313,372,374,876,877
684,245,1109,504,503,313,876,877
684,401,504,503,313,372,222,876,877
684,401,504,503,313,372,374,876,877
684,401,504,503,313,876,877
684,401,504,1109,374,372,313,876,877
684,401,504,1109,374,372,222,876,877
684,401,504,1109,374,876,877
684,245,939
684,401,504,1109,245,939
684,245,1109
684,401,504,1109
684,245,1109,1092
684,401,504,503,313,372,222,876,374,1109,1092
684,401,504,503,313,372,374,1109,1092
684,401,504,503,313,876,374,1109,1092
684,401,504,1109,1092
684,245,1109,374,372,313,1134
684,245,1109,374,372,222,876,313,1134
684,245,1109,374,876,313,1134
684,245,1109,504,503,313,1134
684,401,504,503,313,1134
684,401,504,1109,374,372,313,1134
684,401,504,1109,374,372,222,876,313,1134
684,401,504,1109,374,876,313,1134
695,282,280,281,739
695,282,280,281,1124,283,739
695,282,280,283,739
695,282,632,281,739
695,282,632,281,1124,283,739
695,282,283,739
695,282,283,1124,281,739
695,282,280,918
695,282,632,281,280,918
695,282,632,281,739,283,280,918
695,282,632,281,1124,283,280,918
695,282,283,280,918
695,282,283,739,281,280,918
695,282,283,1124,281,280,918
695,282,280,281,1124
695,282,280,283,1124
695,282,632,281,1124
695,282,283,1124
695,282,280,281,739,283,892
695,282,280,281,1124,283,892
695,282,280,283,892
695,282,632,281,280,283,892
695,282,632,281,739,283,892
695,282,632,281,1124,283,892
695,282,283,892
713,177
715,716
739,281,280,918
739,281,632,282,280,918
739,281,1124,283,280,918
739,281,1124,283,282,280,918
739,283,280,918
739,283,1124,281,632,282,280,918
739,283,282,280,918
739,281,1124
739,283,1124
739,281,1124,283,892
739,283,892
750,143,820
753,401,400,245,1109,374,372,313,776
753,401,400,245,1109,374,372,222,876,313,776
753,401,400,245,1109,374,876,313,776
753,401,400,245,1109,504,503,313,776
753,401,684,245,1109,374,372,313,776
753,401,684,245,1109,374,372,222,876,313,776
753,401,684,245,1109,374,876,313,776
753,401,684,245,1109,504,503,313,776
753,401,504,503,313,776
753,401,504,1109,374,372,313,776
753,401,504,1109,374,372,222,876,313,776
753,401,504,1109,374,876,313,776
753,401,400,245,1109,374,876
753,401,400,245,1109,504,503,313,876
753,401,684,245,1109,374,876
753,401,684,245,1109,504,503,313,876
753,401,504,503,313,876
753,401,504,1109,374,876
753,401,400,245,1109,374,372,313,876,877
753,401,400,245,1109,374,372,222,876,877
753,401,400,245,1109,374,876,877
753,401,400,245,1109,504,503,313,372,222,876,877
753,401,400,245,1109,504,503,313,372,374,876,877
753,401,400,245,1109,504,503,313,876,877
753,401,684,245,1109,374,372,313,876,877
753,401,684,245,1109,374,372,222,876,877
753,401,684,245,1109,374,876,877
753,401,684,245,1109,504,503,313,372,222,876,877
753,401,684,245,1109,504,503,313,372,374,876,877
753,401,684,245,1109,504,503,313,876,877
753,401,504,503,313,372,222,876,877
753,401,504,503,313,372,374,876,877
753,401,504,503,313,876,877
753,401,504,1109,374,372,313,876,877
753,401,504,1109,374,372,222,876,877
753,401,504,1109,374,876,877
753,401,400,245,939
753,401,684,245,939
753,401,504,503,313,372,222,876,374,1109,245,939
753,401,504,503,313,372,374,1109,245,939
753,401,504,503,313,876,374,1109,245,939
753,401,504,1109,245,939
753,401,400,245,1109
753,401,684,245,1109
753,401,504,1109
753,401,400,245,1109,1092
753,401,684,245,1109,1092
753,401,504,503,313,372,222,876,374,1109,1092
753,401,504,503,313,372,374,1109,1092
753,401,504,503,313,876,374,1109,1092
753,401,504,1109,1092
753,401,400,245,1109,374,372,313,1134
753,401,400,245,1109,374,372,222,876,313,1134
753,401,400,245,1109,374,876,313,1134
753,401,400,245,1109,504,503,313,1134
753,401,684,245,1109,374,372,313,1134
753,401,684,245,1109,374,372,222,876,313,1134
753,401,684,245,1109,374,876,313,1134
753,401,684,245,1109,504,503,313,1134
753,401,504,503,313,1134
753,401,504,1109,374,372,313,1134
753,401,504,1109,374,372,222,876,313,1134
753,401,504,1109,374,876,313,1134
771,459
774,773
774,346,344,345,993
773,774,346,344,345,993
776,313,876
776,313,372,222,876,877
776,313,372,374,876,877
776,313,503,504,1109,374,372,222,876,877
776,313,503,504,1109,374,876,877
776,313,503,504,401,400,245,1109,374,372,222,876,877
776,313,503,504,401,400,245,1109,374,876,877
776,313,503,504,401,684,245,1109,374,372,222,876,877
776,313,503,504,401,684,245,1109,374,876,877
776,313,876,877
776,313,372,222,876,374,1109,245,939
776,313,372,222,876,374,1109,504,401,400,245,939
776,313,372,222,876,374,1109,504,401,684,245,939
776,313,372,374,1109,245,939
776,313,372,374,1109,504,401,400,245,939
776,313,372,374,1109,504,401,684,245,939
776,313,503,504,1109,245,939
776,313,503,504,401,400,245,939
776,313,503,504,401,684,245,939
776,313,876,374,1109,245,939
776,313,876,374,1109,504,401,400,245,939
776,313,876,374,1109,504,401,684,245,939
776,313,372,222,876,374,1109
776,313,372,374,1109
776,313,503,504,1109
776,313,876,374,1109
776,313,372,222,876,374,1109,1092
776,313,372,374,1109,1092
776,313,503,504,1109,1092
776,313,503,504,401,400,245,1109,1092
776,313,503,504,401,684,245,1109,1092
776,313,876,374,1109,1092
776,313,1134
789,262,260,817
789,262,260,845
817,260,845
828,829
828,829,938
829,938
846,623
855,41,905
855,41,930,40,905
855,42,39,40,905
855,42,930,40,905
855,42,930,41,905
855,41,930
855,42,930
858,77,983
858,77,1202
874,214
876,877
876,313,503,504,1109,245,939
876,313,503,504,401,400,245,939
876,313,503,504,401,684,245,939
876,374,1109,245,939
876,374,1109,504,401,400,245,939
876,374,1109,504,401,684,245,939
876,313,503,504,1109
876,374,1109
876,313,503,504,1109,1092
876,313,503,504,401,400,245,1109,1092
876,313,503,504,401,684,245,1109,1092
876,374,1109,1092
876,313,1134
877,876,313,372,374,1109,245,939
877,876,313,372,374,1109,504,401,400,245,939
877,876,313,372,374,1109,504,401,684,245,939
877,876,313,503,504,1109,245,939
877,876,313,503,504,401,400,245,939
877,876,313,503,504,401,684,245,939
877,876,222,372,313,503,504,1109,245,939
877,876,222,372,313,503,504,401,400,245,939
877,876,222,372,313,503,504,401,684,245,939
877,876,222,372,374,1109,245,939
877,876,222,372,374,1109,504,401,400,245,939
877,876,222,372,374,1109,504,401,684,245,939
877,876,374,372,313,503,504,1109,245,939
877,876,374,372,313,503,504,401,400,245,939
877,876,374,372,313,503,504,401,684,245,939
877,876,374,1109,245,939
877,876,374,1109,504,401,400,245,939
877,876,374,1109,504,401,684,245,939
877,876,313,372,374,1109
877,876,313,503,504,1109
877,876,222,372,313,503,504,1109
877,876,222,372,374,1109
877,876,374,1109
877,876,313,372,374,1109,1092
877,876,313,503,504,1109,1092
877,876,313,503,504,401,400,245,1109,1092
877,876,313,503,504,401,684,245,1109,1092
877,876,222,372,313,503,504,1109,1092
877,876,222,372,313,503,504,401,400,245,1109,1092
877,876,222,372,313,503,504,401,684,245,1109,1092
877,876,222,372,374,1109,1092
877,876,374,372,313,503,504,1109,1092
877,876,374,372,313,503,504,401,400,245,1109,1092
877,876,374,372,313,503,504,401,684,245,1109,1092
877,876,374,1109,1092
877,876,313,1134
877,876,222,372,313,1134
877,876,222,372,374,1109,245,400,401,504,503,313,1134
877,876,222,372,374,1109,245,684,401,504,503,313,1134
877,876,222,372,374,1109,504,503,313,1134
877,876,374,372,313,1134
877,876,374,1109,245,400,401,504,503,313,1134
877,876,374,1109,245,684,401,504,503,313,1134
877,876,374,1109,504,503,313,1134
905,41,930
905,40,930
918,280,281,1124
918,280,282,632,281,1124
918,280,282,283,1124
918,280,283,1124
918,280,281,632,282,283,892
918,280,281,739,283,892
918,280,281,1124,283,892
918,280,282,632,281,739,283,892
918,280,282,632,281,1124,283,892
918,280,282,283,892
918,280,283,892
932,359,991
932,47,991
939,245,1109
939,245,400,401,504,503,313,372,222,876,374,1109,1092
939,245,400,401,504,503,313,372,374,1109,1092
939,245,400,401,504,503,313,876,374,1109,1092
939,245,400,401,504,1109,1092
939,245,684,401,504,503,313,372,222,876,374,1109,1092
939,245,684,401,504,503,313,372,374,1109,1092
939,245,684,401,504,503,313,876,374,1109,1092
939,245,684,401,504,1109,1092
939,245,1109,1092
939,245,400,401,504,503,313,1134
939,245,400,401,504,1109,374,372,313,1134
939,245,400,401,504,1109,374,372,222,876,313,1134
939,245,400,401,504,1109,374,876,313,1134
939,245,684,401,504,503,313,1134
939,245,684,401,504,1109,374,372,313,1134
939,245,684,401,504,1109,374,372,222,876,313,1134
939,245,684,401,504,1109,374,876,313,1134
939,245,1109,374,372,313,1134
939,245,1109,374,372,222,876,313,1134
939,245,1109,374,876,313,1134
939,245,1109,504,503,313,1134
943,73,1010
952,323,1038
961,962
961,50
961,251
962,961,50
962,961,251
50,961,251
983,77,1202
987,988
987,988,866
988,866
1048,535
1048,181
1048,973,1086,181
1048,1086,181
1048,973
1048,1086,973
1048,1086
535,1048,181
535,1048,973,1086,181
535,1048,1086,181
535,1048,973
535,1048,1086,973
535,1048,1086
181,1048,973
181,1086,973
181,1086
973,1086
1109,1092
1109,374,372,313,1134
1109,374,372,222,876,313,1134
1109,374,876,313,1134
1109,504,503,313,1134
1092,1109,245,400,401,504,503,313,1134
1092,1109,245,684,401,504,503,313,1134
1092,1109,374,372,313,1134
1092,1109,374,372,222,876,313,1134
1092,1109,374,876,313,1134
1092,1109,504,503,313,1134
1114,798
1124,283,892
1125,1126
1184,909
1189,1020
