1,2
1,22
1,22,50
1,2,63
1,2,63,64
1,2,63,65
1,2,63,51
1,2,63,66
1,2,63,65,140
1,2,63,65,140,141
1,2,181
1,2,263
2,1,22
2,1,22,50
2,63
2,63,64
2,63,65
2,63,51
2,63,66
2,63,65,140
2,63,65,140,141
2,181
2,263
4,5
4,5,84
4,5,265
5,84
5,265
12,13
12,13,73,72
12,13,73
13,73,72
13,73
17,18
17,18,40
17,18,49
17,18,54
17,18,107
17,18,107,108
17,18,147
17,18,166
18,40
18,49
18,54
18,107
18,107,108
18,147
18,166
22,50
22,1,2,63
22,1,2,63,64
22,1,2,63,65
22,1,2,63,51
22,1,2,63,66
22,1,2,63,65,140
22,1,2,63,65,140,141
22,1,2,181
22,1,2,263
23,24
25,26
25,26,196
26,196
30,31
30,31,37
30,31,38
30,31,139
30,31,205
31,37
31,38
31,139
31,205
32,33
37,31,38
37,31,139
37,31,205
38,31,139
38,31,205
40,18,49
40,18,54
40,18,107
40,18,107,108
40,18,147
40,18,166
43,44
49,18,54
49,18,107
49,18,107,108
49,18,147
49,18,166
50,22,1,2,63
50,22,1,2,63,64
50,22,1,2,63,65
50,22,1,2,63,51
50,22,1,2,63,66
50,22,1,2,63,65,140
50,22,1,2,63,65,140,141
50,22,1,2,181
50,22,1,2,263
54,18,107
54,18,107,108
54,18,147
54,18,166
60,61
60,61,227
60,61,254
61,227
61,254
63,64
63,65
63,51
63,66
63,65,140
63,65,140,141
63,2,181
63,2,263
64,63,65
64,63,51
64,63,66
64,63,65,140
64,63,65,140,141
64,63,2,181
64,63,2,263
65,63,51
65,63,66
65,140
65,140,141
65,63,2,181
65,63,2,263
51,63,66
51,63,65,140
51,63,65,140,141
51,63,2,181
51,63,2,263
66,63,65,140
66,63,65,140,141
66,63,2,181
66,63,2,263
72,73
75,76
75,77,98,99,76
75,77,98,99,202,76
75,77,202,76
75,77,202,99,76
75,77
75,76,99,98
75,76,202,77,98
75,76,202,99,98
75,77,98
75,77,202,99,98
75,76,99
75,76,202,99
75,77,98,99
75,77,202,99
75,76,99,98,77,146
75,76,99,202,77,146
75,76,202,77,146
75,76,202,99,98,77,146
75,77,146
75,76,202
75,77,202
75,76,99,98,77,202,14
75,76,99,202,14
75,76,202,14
75,77,98,99,202,14
75,77,202,14
75,76,99,98,77,146,211
75,76,99,202,77,146,211
75,76,202,77,146,211
75,76,202,99,98,77,146,211
75,77,146,211
76,75,77
76,99,98,77
76,99,202,77
76,202,77
76,202,99,98,77
76,75,77,98
76,99,98
76,202,77,98
76,202,99,98
76,99
76,202,99
76,75,77,146
76,99,98,77,146
76,99,202,77,146
76,202,77,146
76,202,99,98,77,146
76,202
76,75,77,202,14
76,99,98,77,202,14
76,99,202,14
76,202,14
76,75,77,146,211
76,99,98,77,146,211
76,99,202,77,146,211
76,202,77,146,211
76,202,99,98,77,146,211
77,98
77,202,99,98
77,75,76,99
77,98,99
77,202,99
77,146
77,202
77,75,76,99,202,14
77,98,99,202,14
77,202,14
77,146,211
84,5,265
89,90
89,110
89,110,111
90,89,110
90,89,110,111
98,99
98,77,146
98,99,202,77,146
98,77,202
98,99,202
98,77,75,76,202,14
98,77,202,14
98,99,76,202,14
98,99,202,14
98,77,146,211
98,99,202,77,146,211
99,98,77,146
99,76,75,77,146
99,202,77,146
99,202
99,202,14
99,98,77,146,211
99,76,75,77,146,211
99,202,77,146,211
103,7
103,104
7,103,104
107,108
107,18,147
107,18,166
108,107,18,147
108,107,18,166
110,111
112,113
118,119
123,48
129,130
129,130,249
129,130,249,252
129,130,249,252,253
130,249
130,249,252
130,249,252,253
139,31,205
140,141
140,65,63,2,181
140,65,63,2,263
141,140,65,63,2,181
141,140,65,63,2,263
142,143
146,77,202
146,77,75,76,99,202,14
146,77,75,76,202,14
146,77,98,99,76,202,14
146,77,98,99,202,14
146,77,202,14
146,211
147,18,166
157,158
157,159
157,160
157,161
158,157,159
158,157,160
158,157,161
159,157,160
159,157,161
160,157,161
169,170
173,174
173,69
173,174,179
174,173,69
174,179
69,173,174,179
177,126
181,2,263
189,190
189,191
189,109
189,58
190,189,191
190,189,109
190,189,58
191,189,109
191,189,58
109,189,58
202,14
202,77,146,211
14,202,76,75,77,146,211
14,202,76,99,98,77,146,211
14,202,77,146,211
14,202,99,98,77,146,211
14,202,99,76,75,77,146,211
209,210
209,210,219
210,219
218,167
220,71
220,71,236
71,236
227,61,254
232,212
249,252
249,252,253
252,253
255,35
