18,19
18,259,5,25,26,19
18,259,5,217,553,25,26,19
18,259,5,553,25,26,19
18,19,26,25
18,259,5,25
18,259,5,217,553,25
18,259,5,553,25
18,19,26,25,5
18,19,26,25,553,5
18,19,26,25,553,217,5
18,259,5
18,19,26
18,259,5,25,26
18,259,5,217,553,25,26
18,259,5,553,25,26
18,19,26,25,5,217
18,19,26,25,553,217
18,259,5,217
18,259,5,553,217
18,19,26,25,5,259,258
18,19,26,25,553,5,259,258
18,19,26,25,553,217,5,259,258
18,259,258
18,259
18,19,26,25,5,259,278,277
18,19,26,25,553,5,259,278,277
18,19,26,25,553,217,5,259,278,277
18,259,278,277
18,19,26,25,5,259,278
18,19,26,25,553,5,259,278
18,19,26,25,553,217,5,259,278
18,259,278
18,19,26,25,5,259,407
18,19,26,25,553,5,259,407
18,19,26,25,553,217,5,259,407
18,259,407
18,19,26,25,5,259,278,277,492
18,19,26,25,553,5,259,278,277,492
18,19,26,25,553,217,5,259,278,277,492
18,259,278,277,492
18,19,26,25,5,259,278,277,492,236
18,19,26,25,553,5,259,278,277,492,236
18,19,26,25,553,217,5,259,278,277,492,236
18,259,278,277,492,236
18,19,26,25,553
18,259,5,553
18,19,26,25,5,217,553,33
18,19,26,25,5,553,33
18,19,26,25,553,33
18,259,5,25,553,33
18,259,5,217,553,33
18,259,5,553,33
18,19,26,25,5,217,553,333
18,19,26,25,5,553,333
18,19,26,25,553,333
18,259,5,25,553,333
18,259,5,217,553,333
18,259,5,553,333
19,18,259,5,25
19,18,259,5,217,553,25
19,18,259,5,553,25
19,26,25
19,18,259,5
19,26,25,5
19,26,25,553,5
19,26,25,553,217,5
19,26
19,18,259,5,217
19,18,259,5,553,217
19,26,25,5,217
19,26,25,553,217
19,18,259,258
19,26,25,5,259,258
19,26,25,553,5,259,258
19,26,25,553,217,5,259,258
19,18,259
19,26,25,5,259
19,26,25,553,5,259
19,26,25,553,217,5,259
19,18,259,278,277
19,26,25,5,259,278,277
19,26,25,553,5,259,278,277
19,26,25,553,217,5,259,278,277
19,18,259,278
19,26,25,5,259,278
19,26,25,553,5,259,278
19,26,25,553,217,5,259,278
19,18,259,407
19,26,25,5,259,407
19,26,25,553,5,259,407
19,26,25,553,217,5,259,407
19,18,259,278,277,492
19,26,25,5,259,278,277,492
19,26,25,553,5,259,278,277,492
19,26,25,553,217,5,259,278,277,492
19,18,259,278,277,492,236
19,26,25,5,259,278,277,492,236
19,26,25,553,5,259,278,277,492,236
19,26,25,553,217,5,259,278,277,492,236
19,18,259,5,553
19,26,25,553
19,18,259,5,25,553,33
19,18,259,5,217,553,33
19,18,259,5,553,33
19,26,25,5,217,553,33
19,26,25,5,553,33
19,26,25,553,33
19,18,259,5,25,553,333
19,18,259,5,217,553,333
19,18,259,5,553,333
19,26,25,5,217,553,333
19,26,25,5,553,333
19,26,25,553,333
21,22
25,5
25,553,5
25,553,217,5
25,26
25,5,217
25,26,19,18,259,5,217
25,553,217
25,5,259,258
25,26,19,18,259,258
25,553,5,259,258
25,553,217,5,259,258
25,5,259
25,26,19,18,259
25,553,5,259
25,553,217,5,259
25,5,259,278,277
25,26,19,18,259,278,277
25,553,5,259,278,277
25,553,217,5,259,278,277
25,5,259,278
25,26,19,18,259,278
25,553,5,259,278
25,553,217,5,259,278
25,5,259,407
25,26,19,18,259,407
25,553,5,259,407
25,553,217,5,259,407
25,5,259,278,277,492
25,26,19,18,259,278,277,492
25,553,5,259,278,277,492
25,553,217,5,259,278,277,492
25,5,259,278,277,492,236
25,26,19,18,259,278,277,492,236
25,553,5,259,278,277,492,236
25,553,217,5,259,278,277,492,236
25,553
25,5,217,553,33
25,5,553,33
25,26,19,18,259,5,217,553,33
25,26,19,18,259,5,553,33
25,553,33
25,5,217,553,333
25,5,553,333
25,26,19,18,259,5,217,553,333
25,26,19,18,259,5,553,333
25,553,333
5,25,26
5,217,553,25,26
5,259,18,19,26
5,553,25,26
5,217
5,553,217
5,259,258
5,259
5,259,278,277
5,259,278
5,259,407
5,259,278,277,492
5,259,278,277,492,236
5,553
5,217,553,33
5,553,33
5,217,553,333
5,553,333
26,25,5,217
26,25,553,217
26,19,18,259,5,217
26,19,18,259,5,553,217
26,25,5,259,258
26,25,553,5,259,258
26,25,553,217,5,259,258
26,19,18,259,258
26,25,5,259
26,25,553,5,259
26,25,553,217,5,259
26,19,18,259
26,25,5,259,278,277
26,25,553,5,259,278,277
26,25,553,217,5,259,278,277
26,19,18,259,278,277
26,25,5,259,278
26,25,553,5,259,278
26,25,553,217,5,259,278
26,19,18,259,278
26,25,5,259,407
26,25,553,5,259,407
26,25,553,217,5,259,407
26,19,18,259,407
26,25,5,259,278,277,492
26,25,553,5,259,278,277,492
26,25,553,217,5,259,278,277,492
26,19,18,259,278,277,492
26,25,5,259,278,277,492,236
26,25,553,5,259,278,277,492,236
26,25,553,217,5,259,278,277,492,236
26,19,18,259,278,277,492,236
26,25,553
26,19,18,259,5,553
26,25,5,217,553,33
26,25,5,553,33
26,25,553,33
26,19,18,259,5,217,553,33
26,19,18,259,5,553,33
26,25,5,217,553,333
26,25,5,553,333
26,25,553,333
26,19,18,259,5,217,553,333
26,19,18,259,5,553,333
28,29
39,40
41,42
59,60
59,60,222,227
59,60,227
59,60,222
59,60,345
60,222,227
60,227
60,222
60,345
67,68
67,68,153
67,68,606,153
67,68,181
67,68,181,182
67,68,537
67,68,543
67,68,606
68,153
68,606,153
68,181
68,181,182
68,537
68,543
68,606
71,72
81,31
102,45
102,45,503,504,342,284
102,45,285,284
102,45,503,504,342,284,285
102,45,285
102,45,503,504,342,284,328
102,45,285,284,328
102,45,503,504,342
102,45,285,284,342
102,45,475
102,45,503
102,45,503,504
102,45,285,284,342,504
102,45,503,504,342,284,285,524
102,45,285,524
102,45,503,504,342,284,285,536
102,45,285,536
102,45,503,504,342,284,285,536,549
102,45,285,536,549
45,503,504,342,284
45,285,284
45,503,504,342,284,285
45,285
45,503,504,342,284,328
45,285,284,328
45,503,504,342
45,285,284,342
45,475
45,503
45,503,504
45,285,284,342,504
45,503,504,342,284,285,524
45,285,524
45,503,504,342,284,285,536
45,285,536
45,503,504,342,284,285,536,549
45,285,536,549
113,100
113,320
113,320,321
100,113,320
100,113,320,321
114,115
114,116,246,117,115
114,116,290,115
114,117,246,116,290,115
114,117,115
114,116
114,117,246,116
114,117,115,290,116
114,11
114,117
114,115,290,116,246
114,115,117,246
114,116,246
114,117,246
114,115,290
114,116,290
114,117,246,116,290
114,117,115,290
114,115,290,116,452,451
114,115,117,246,116,452,451
114,116,452,451
114,117,246,116,452,451
114,117,115,290,116,452,451
114,115,290,116,452
114,115,117,246,116,452
114,116,452
114,117,246,116,452
114,117,115,290,116,452
115,114,116
115,290,116
115,117,114,116
115,117,246,116
115,114,11
115,290,116,114,11
115,290,116,246,117,114,11
115,117,114,11
115,117,246,116,114,11
115,290,116,246,117
115,117
115,114,116,246
115,290,116,246
115,117,246
115,290
115,114,116,452,451
115,290,116,452,451
115,117,114,116,452,451
115,117,246,116,452,451
115,114,116,452
115,290,116,452
115,117,114,116,452
115,117,246,116,452
116,114,11
116,246,117,114,11
116,290,115,117,114,11
116,114,117
116,246,117
116,290,115,117
116,246
116,290
116,452,451
116,452
11,114,117
11,114,115,290,116,246
11,114,115,117,246
11,114,116,246
11,114,117,246
11,114,115,290
11,114,116,290
11,114,117,246,116,290
11,114,117,115,290
11,114,115,290,116,452,451
11,114,115,117,246,116,452,451
11,114,116,452,451
11,114,117,246,116,452,451
11,114,117,115,290,116,452,451
11,114,115,290,116,452
11,114,115,117,246,116,452
11,114,116,452
11,114,117,246,116,452
11,114,117,115,290,116,452
117,246
117,114,116,290
117,246,116,290
117,115,290
117,114,116,452,451
117,246,116,452,451
117,115,290,116,452,451
117,114,116,452
117,246,116,452
117,115,290,116,452
122,123
122,593,332,192,191
122,593,191
122,593,332,192
122,593,191,192
122,593,332
122,593
122,593,501
122,593,35
123,122,593,332,192,191
123,122,593,191
123,122,593,332,192
123,122,593,191,192
123,122,593,332
123,122,593
123,122,593,501
123,122,593,35
129,130
129,131
129,132
129,133
129,37
129,79
130,129,131
130,129,132
130,129,133
130,129,37
130,129,79
131,129,132
131,129,133
131,129,37
131,129,79
132,129,133
132,129,37
132,129,79
133,129,37
133,129,79
37,129,79
138,139
138,139,364
138,139,529
138,139,94
139,364
139,529
139,94
149,150
153,68,181
153,606,68,181
153,68,181,182
153,606,68,181,182
153,68,537
153,606,68,537
153,68,543
153,606,68,543
153,606
155,156
155,157
155,626
156,155,157
156,155,626
157,155,626
172,173
172,173,527
172,173,579
173,527
173,579
174,175
181,182
181,68,537
181,68,543
181,68,606
182,181,68,537
182,181,68,543
182,181,68,606
185,186
185,186,194
185,186,359
186,194
186,359
189,190
191,192
191,593,332,192
191,192,332
191,593,332
191,593
191,192,332,593,501
191,593,501
191,192,332,593,35
191,593,35
192,332
192,191,593
192,332,593
192,191,593,501
192,332,593,501
192,191,593,35
192,332,593,35
194,186,359
200,201
200,201,477
201,477
202,203
202,10
202,203,570
203,202,10
203,570
10,202,203,570
208,209
208,241
209,208,241
213,214
213,214,384,383
213,214,384
214,384,383
214,384
215,216
215,273
215,273,151
216,215,273
216,215,273,151
217,5,25,26,19,18,259,258
217,5,259,258
217,553,5,259,258
217,553,25,26,19,18,259,258
217,5,259
217,553,5,259
217,553,25,26,19,18,259
217,5,25,26,19,18,259,278,277
217,5,259,278,277
217,553,5,259,278,277
217,553,25,26,19,18,259,278,277
217,5,25,26,19,18,259,278
217,5,259,278
217,553,5,259,278
217,553,25,26,19,18,259,278
217,5,25,26,19,18,259,407
217,5,259,407
217,553,5,259,407
217,553,25,26,19,18,259,407
217,5,25,26,19,18,259,278,277,492
217,5,259,278,277,492
217,553,5,259,278,277,492
217,553,25,26,19,18,259,278,277,492
217,5,25,26,19,18,259,278,277,492,236
217,5,259,278,277,492,236
217,553,5,259,278,277,492,236
217,553,25,26,19,18,259,278,277,492,236
217,553
217,553,33
217,553,333
223,224
223,224,483
223,224,637
224,483
224,637
227,222
227,222,60,345
227,60,345
222,60,345
228,229
230,231
230,231,267
230,231,268
231,267
231,268
246,116,290
246,117,114,115,290
246,117,115,290
246,116,452,451
246,117,114,115,290,116,452,451
246,117,115,290,116,452,451
246,116,452
246,117,114,115,290,116,452
246,117,115,290,116,452
247,248
252,48
258,259
258,259,278,277
258,259,278
258,259,407
258,259,278,277,492
258,259,278,277,492,236
258,259,5,553
258,259,18,19,26,25,553
258,259,5,25,553,33
258,259,5,217,553,33
258,259,5,553,33
258,259,18,19,26,25,5,217,553,33
258,259,18,19,26,25,5,553,33
258,259,18,19,26,25,553,33
258,259,5,25,553,333
258,259,5,217,553,333
258,259,5,553,333
258,259,18,19,26,25,5,217,553,333
258,259,18,19,26,25,5,553,333
258,259,18,19,26,25,553,333
259,278,277
259,278
259,407
259,278,277,492
259,278,277,492,236
259,5,553
259,18,19,26,25,553
259,5,25,553,33
259,5,217,553,33
259,5,553,33
259,18,19,26,25,553,33
259,5,25,553,333
259,5,217,553,333
259,5,553,333
259,18,19,26,25,553,333
260,245
264,265
267,231,268
273,151
275,276
277,278
277,278,259,407
277,492
277,492,236
277,278,259,5,553
277,278,259,18,19,26,25,553
277,278,259,5,25,553,33
277,278,259,5,217,553,33
277,278,259,5,553,33
277,278,259,18,19,26,25,5,217,553,33
277,278,259,18,19,26,25,5,553,33
277,278,259,18,19,26,25,553,33
277,278,259,5,25,553,333
277,278,259,5,217,553,333
277,278,259,5,553,333
277,278,259,18,19,26,25,5,217,553,333
277,278,259,18,19,26,25,5,553,333
277,278,259,18,19,26,25,553,333
278,259,407
278,277,492
278,277,492,236
278,259,5,553
278,259,18,19,26,25,553
278,259,5,25,553,33
278,259,5,217,553,33
278,259,5,553,33
278,259,18,19,26,25,5,217,553,33
278,259,18,19,26,25,5,553,33
278,259,18,19,26,25,553,33
278,259,5,25,553,333
278,259,5,217,553,333
278,259,5,553,333
278,259,18,19,26,25,5,217,553,333
278,259,18,19,26,25,5,553,333
278,259,18,19,26,25,553,333
284,285
284,328
284,342
284,285,45,475
284,342,504,503,45,475
284,285,45,503
284,342,504,503
284,285,45,503,504
284,342,504
284,285,524
284,285,536
284,285,536,549
285,284,328
285,45,503,504,342,284,328
285,284,342
285,45,503,504,342
285,284,342,504,503,45,475
285,45,475
285,284,342,504,503
285,45,503
285,284,342,504
285,45,503,504
285,524
285,536
285,536,549
290,116,452,451
290,116,452
301,302
301,461,302
301,461
301,302,461,462
301,302,461,463,462
301,461,462
301,461,463,462
301,302,461,335
301,461,335
301,302,461,463
301,461,463
302,461
302,461,462
302,461,463,462
302,461,335
302,461,463
310,154
312,313
312,314
312,315
313,312,314
313,312,315
314,312,315
320,321
327,135
328,284,342
328,284,285,45,475
328,284,342,504,503,45,475
328,284,285,45,503
328,284,342,504,503
328,284,285,45,503,504
328,284,342,504
328,284,285,524
328,284,342,504,503,45,285,524
328,284,285,536
328,284,342,504,503,45,285,536
328,284,285,536,549
328,284,342,504,503,45,285,536,549
332,593
332,593,501
332,593,35
339,340
339,341
339,416
339,508
339,598
340,339,341
340,339,416
340,339,508
340,339,598
341,339,416
341,339,508
341,339,598
342,284,285,45,475
342,504,503,45,475
342,284,285,45,503
342,504,503
342,504
342,284,285,524
342,504,503,45,285,524
342,284,285,536
342,504,503,45,285,536
342,284,285,536,549
342,504,503,45,285,536,549
344,44
344,369
44,344,369
355,356
355,480
356,355,480
379,380
379,380,453
380,453
383,384
400,401
402,403
402,375
402,403,415
403,402,375
403,415
375,402,403,415
416,339,508
416,339,598
423,424
423,424,13
423,424,478
424,13
424,478
428,93
13,424,478
439,440
439,441
439,442
439,211
440,439,441
440,439,442
440,439,211
441,439,442
441,439,211
442,439,211
451,452
455,456
455,457,486,456
455,457
455,456,486
455,457,486
456,455,457
456,486,457
456,486
457,486
460,322
461,462
461,463,462
461,335
461,463
462,461,335
462,463,461,335
462,463
335,461,463
473,474
475,45,503
475,45,503,504
475,45,285,284,342,504
475,45,503,504,342,284,285,524
475,45,285,524
475,45,503,504,342,284,285,536
475,45,285,536
475,45,503,504,342,284,285,536,549
475,45,285,536,549
407,259,278,277,492
407,259,278,277,492,236
407,259,5,553
407,259,18,19,26,25,553
407,259,5,25,553,33
407,259,5,217,553,33
407,259,5,553,33
407,259,18,19,26,25,5,217,553,33
407,259,18,19,26,25,5,553,33
407,259,18,19,26,25,553,33
407,259,5,25,553,333
407,259,5,217,553,333
407,259,5,553,333
407,259,18,19,26,25,5,217,553,333
407,259,18,19,26,25,5,553,333
407,259,18,19,26,25,553,333
483,224,637
492,236
492,277,278,259,5,553
492,277,278,259,18,19,26,25,553
492,277,278,259,5,25,553,33
492,277,278,259,5,217,553,33
492,277,278,259,5,553,33
492,277,278,259,18,19,26,25,5,217,553,33
492,277,278,259,18,19,26,25,5,553,33
492,277,278,259,18,19,26,25,553,33
492,277,278,259,5,25,553,333
492,277,278,259,5,217,553,333
492,277,278,259,5,553,333
492,277,278,259,18,19,26,25,5,217,553,333
492,277,278,259,18,19,26,25,5,553,333
492,277,278,259,18,19,26,25,553,333
236,492,277,278,259,5,553
236,492,277,278,259,18,19,26,25,553
236,492,277,278,259,5,25,553,33
236,492,277,278,259,5,217,553,33
236,492,277,278,259,5,553,33
236,492,277,278,259,18,19,26,25,5,217,553,33
236,492,277,278,259,18,19,26,25,5,553,33
236,492,277,278,259,18,19,26,25,553,33
236,492,277,278,259,5,25,553,333
236,492,277,278,259,5,217,553,333
236,492,277,278,259,5,553,333
236,492,277,278,259,18,19,26,25,5,217,553,333
236,492,277,278,259,18,19,26,25,5,553,333
236,492,277,278,259,18,19,26,25,553,333
497,124
503,504
503,504,342,284,285,524
503,45,285,524
503,504,342,284,285,536
503,45,285,536
503,504,342,284,285,536,549
503,45,285,536,549
504,503,45,285,524
504,342,284,285,524
504,503,45,285,536
504,342,284,285,536
504,503,45,285,536,549
504,342,284,285,536,549
506,54
508,339,598
512,95
520,266
520,266,563
266,563
524,285,536
524,285,536,549
527,173,579
531,467
536,549
537,68,543
537,68,606
542,385
543,68,606
553,33
553,333
33,553,333
576,221
590,63
593,501
593,35
501,593,35
611,612
611,612,43
611,612,594
612,43
612,594
622,317
364,139,529
364,139,94
529,139,94
43,612,594
