4,5
7,8
7,8,91
7,8,419
7,8,578
8,91
8,419
8,578
23,24
23,24,275
23,24,334
23,24,334,471
23,24,334,472,471
23,24,334,472
23,24,549
23,24,334,471,472,28
23,24,334,472,28
24,275
24,334
24,334,471
24,334,472,471
24,334,472
24,549
24,334,471,472,28
24,334,472,28
25,26
25,26,74
25,26,224
25,26,245
25,26,293
25,26,307
26,74
26,224
26,245
26,293
26,307
33,34
33,34,176
33,34,453
33,34,463
34,176
34,453
34,463
36,37
36,37,313
36,37,536,314,313
36,37,313,314
36,37,536,314
36,37,397
36,37,455
36,37,313,314,507
36,37,536,314,507
36,37,536
36,37,313,314,548
36,37,536,314,548
37,313
37,536,314,313
37,313,314
37,536,314
37,397
37,455
37,313,314,507
37,536,314,507
37,536
37,313,314,548
37,536,314,548
41,42
41,43
42,41,43
49,50
49,50,55
49,50,200,55
49,50,55,15
49,50,200,55,15
49,50,55,160
49,50,200,55,160
49,50,200
49,50,230
49,50,230,317,252
49,50,261
49,50,230,317
49,50,55,15,408
49,50,200,55,15,408
49,50,55,497
49,50,200,55,497
50,55
50,200,55
50,55,15
50,200,55,15
50,55,160
50,200,55,160
50,200
50,230
50,230,317,252
50,261
50,230,317
50,55,15,408
50,200,55,15,408
50,55,497
50,200,55,497
52,53
52,53,56
52,53,112,57,56
52,53,298,57,56
52,53,546,57,56
52,53,569,57,56
52,53,56,57
52,53,112,57
52,53,298,57
52,53,546,57
52,53,569,57
52,53,112
52,53,298,57,112
52,53,546,57,112
52,53,569,57,112
52,53,56,57,115
52,53,112,57,115
52,53,298,57,115
52,53,546,57,115
52,53,569,57,115
52,53,298
52,53,546,57,298
52,53,569,57,298
52,53,429,325
52,53,429,430,325
52,53,429,325,326
52,53,429,430,325,326
52,53,56,57,335
52,53,112,57,335
52,53,298,57,335
52,53,546,57,335
52,53,569,57,335
52,53,56,57,404
52,53,112,57,404
52,53,298,57,404
52,53,546,57,404
52,53,569,57,404
52,53,429
52,53,429,430
52,53,56,57,519
52,53,112,57,519
52,53,298,57,519
52,53,546,57,519
52,53,569,57,519
52,53,546
52,53,569,57,546
52,53,569
52,53,56,57,579
52,53,112,57,579
52,53,298,57,579
52,53,546,57,579
52,53,569,57,579
52,53,56,57,613
52,53,112,57,613
52,53,298,57,613
52,53,546,57,613
52,53,569,57,613
53,56
53,112,57,56
53,298,57,56
53,546,57,56
53,569,57,56
53,56,57
53,112,57
53,298,57
53,546,57
53,569,57
53,112
53,298,57,112
53,546,57,112
53,569,57,112
53,56,57,115
53,112,57,115
53,298,57,115
53,546,57,115
53,569,57,115
53,298
53,546,57,298
53,569,57,298
53,429,325
53,429,430,325
53,429,325,326
53,429,430,325,326
53,56,57,335
53,112,57,335
53,298,57,335
53,546,57,335
53,569,57,335
53,56,57,404
53,112,57,404
53,298,57,404
53,546,57,404
53,569,57,404
53,429
53,429,430
53,56,57,519
53,112,57,519
53,298,57,519
53,546,57,519
53,569,57,519
53,546
53,569,57,546
53,569
53,56,57,579
53,112,57,579
53,298,57,579
53,546,57,579
53,569,57,579
53,56,57,613
53,112,57,613
53,298,57,613
53,546,57,613
53,569,57,613
55,15
55,160
55,200
55,50,230
55,200,50,230
55,50,230,317,252
55,200,50,230,317,252
55,50,261
55,200,50,261
55,50,230,317
55,200,50,230,317
55,15,408
55,497
15,55,160
15,55,200
15,55,50,230
15,55,200,50,230
15,55,50,230,317,252
15,55,200,50,230,317,252
15,55,50,261
15,55,200,50,261
15,55,50,230,317
15,55,200,50,230,317
15,408
15,55,497
56,57
56,53,112
56,53,298,57,112
56,53,546,57,112
56,53,569,57,112
56,57,112
56,53,112,57,115
56,53,298,57,115
56,53,546,57,115
56,53,569,57,115
56,57,115
56,53,298
56,53,546,57,298
56,53,569,57,298
56,57,298
56,53,429,325
56,53,429,430,325
56,57,112,53,429,325
56,57,112,53,429,430,325
56,57,298,53,429,325
56,57,298,53,429,430,325
56,57,546,53,429,325
56,57,546,53,429,430,325
56,57,569,53,429,325
56,57,569,53,429,430,325
56,53,429,325,326
56,53,429,430,325,326
56,57,112,53,429,325,326
56,57,112,53,429,430,325,326
56,57,298,53,429,325,326
56,57,298,53,429,430,325,326
56,57,546,53,429,325,326
56,57,546,53,429,430,325,326
56,57,569,53,429,325,326
56,57,569,53,429,430,325,326
56,53,112,57,335
56,53,298,57,335
56,53,546,57,335
56,53,569,57,335
56,57,335
56,53,112,57,404
56,53,298,57,404
56,53,546,57,404
56,53,569,57,404
56,57,404
56,53,429
56,57,112,53,429
56,57,298,53,429
56,57,546,53,429
56,57,569,53,429
56,53,429,430
56,57,112,53,429,430
56,57,298,53,429,430
56,57,546,53,429,430
56,57,569,53,429,430
56,53,112,57,519
56,53,298,57,519
56,53,546,57,519
56,53,569,57,519
56,57,519
56,53,546
56,53,569,57,546
56,57,546
56,53,569
56,57,569
56,53,112,57,579
56,53,298,57,579
56,53,546,57,579
56,53,569,57,579
56,57,579
56,53,112,57,613
56,53,298,57,613
56,53,546,57,613
56,53,569,57,613
56,57,613
57,112
57,115
57,298
57,56,53,429,325
57,56,53,429,430,325
57,112,53,429,325
57,112,53,429,430,325
57,298,53,429,325
57,298,53,429,430,325
57,546,53,429,325
57,546,53,429,430,325
57,569,53,429,325
57,569,53,429,430,325
57,56,53,429,325,326
57,56,53,429,430,325,326
57,112,53,429,325,326
57,112,53,429,430,325,326
57,298,53,429,325,326
57,298,53,429,430,325,326
57,546,53,429,325,326
57,546,53,429,430,325,326
57,569,53,429,325,326
57,569,53,429,430,325,326
57,335
57,404
57,56,53,429
57,112,53,429
57,298,53,429
57,546,53,429
57,569,53,429
57,56,53,429,430
57,112,53,429,430
57,298,53,429,430
57,546,53,429,430
57,569,53,429,430
57,519
57,546
57,569
57,579
57,613
74,26,224
74,26,245
74,26,293
74,26,307
91,8,419
91,8,578
109,110
109,110,207,208,185,183
109,110,207,208,87,608,607,184,183
109,110,207,208,575,183
109,110,185,183
109,110,185,208,87,608,607,184,183
109,110,185,208,575,183
109,110,547,208,185,183
109,110,547,208,87,608,607,184,183
109,110,547,208,575,183
109,110,575,183
109,110,575,208,87,608,607,184,183
109,110,607,184,183
109,110,607,608,87,208,185,183
109,110,607,608,87,208,575,183
109,110,608,607,184,183
109,110,608,87,208,185,183
109,110,608,87,208,575,183
109,110,207,208,185,183,184
109,110,207,208,87,608,607,184
109,110,207,208,575,183,184
109,110,185,183,184
109,110,185,183,575,208,87,608,607,184
109,110,185,208,87,608,607,184
109,110,185,208,575,183,184
109,110,547,208,185,183,184
109,110,547,208,87,608,607,184
109,110,547,208,575,183,184
109,110,575,183,184
109,110,575,208,87,608,607,184
109,110,607,184
109,110,608,607,184
109,110,608,87,208,185,183,184
109,110,608,87,208,575,183,184
109,110,207,208,185
109,110,207,208,87,608,607,184,183,185
109,110,207,208,575,183,185
109,110,185
109,110,547,208,185
109,110,547,208,87,608,607,184,183,185
109,110,547,208,575,183,185
109,110,575,183,185
109,110,575,208,185
109,110,607,184,183,185
109,110,607,184,183,575,208,185
109,110,607,608,87,208,185
109,110,607,608,87,208,575,183,185
109,110,608,607,184,183,185
109,110,608,607,184,183,575,208,185
109,110,608,87,208,185
109,110,608,87,208,575,183,185
109,110,207
109,110,547,208,207
109,110,575,183,184,607,608,87,208,207
109,110,575,208,207
109,110,607,184,183,185,208,207
109,110,607,184,183,575,208,207
109,110,607,608,87,208,207
109,110,608,607,184,183,185,208,207
109,110,608,607,184,183,575,208,207
109,110,608,87,208,207
109,110,207,208
109,110,185,208
109,110,547,208
109,110,575,208
109,110,607,184,183,185,208
109,110,607,184,183,575,208
109,110,607,608,87,208
109,110,608,607,184,183,185,208
109,110,608,607,184,183,575,208
109,110,608,87,208
109,110,207,208,87
109,110,185,183,184,607,608,87
109,110,185,183,575,208,87
109,110,185,208,87
109,110,547,208,87
109,110,547,208,575,183,184,607,608,87
109,110,575,183,184,607,608,87
109,110,575,208,87
109,110,607,184,183,185,208,87
109,110,607,184,183,575,208,87
109,110,607,608,87
109,110,608,87
109,110,547
109,110,575,208,547
109,110,607,184,183,185,208,547
109,110,607,184,183,575,208,547
109,110,607,608,87,208,547
109,110,608,607,184,183,185,208,547
109,110,608,607,184,183,575,208,547
109,110,608,87,208,547
109,110,575
109,110,607,184,183,575
109,110,607,608,87,208,575
109,110,608,607,184,183,575
109,110,608,87,208,575
109,110,607
109,110,608,607
109,110,608
110,207,208,185,183
110,207,208,87,608,607,184,183
110,207,208,575,183
110,185,183
110,185,208,87,608,607,184,183
110,185,208,575,183
110,547,208,185,183
110,547,208,87,608,607,184,183
110,547,208,575,183
110,575,183
110,575,208,87,608,607,184,183
110,607,184,183
110,607,608,87,208,185,183
110,607,608,87,208,575,183
110,608,607,184,183
110,608,87,208,185,183
110,608,87,208,575,183
110,207,208,185,183,184
110,207,208,87,608,607,184
110,207,208,575,183,184
110,185,183,184
110,185,183,575,208,87,608,607,184
110,185,208,87,608,607,184
110,185,208,575,183,184
110,547,208,185,183,184
110,547,208,87,608,607,184
110,547,208,575,183,184
110,575,183,184
110,575,208,87,608,607,184
110,607,184
110,608,607,184
110,608,87,208,185,183,184
110,608,87,208,575,183,184
110,207,208,185
110,207,208,87,608,607,184,183,185
110,207,208,575,183,185
110,185
110,547,208,185
110,547,208,87,608,607,184,183,185
110,547,208,575,183,185
110,575,183,185
110,575,208,185
110,607,184,183,185
110,607,184,183,575,208,185
110,607,608,87,208,185
110,607,608,87,208,575,183,185
110,608,607,184,183,185
110,608,607,184,183,575,208,185
110,608,87,208,185
110,608,87,208,575,183,185
110,207
110,547,208,207
110,575,183,184,607,608,87,208,207
110,575,208,207
110,607,184,183,185,208,207
110,607,184,183,575,208,207
110,607,608,87,208,207
110,608,607,184,183,185,208,207
110,608,607,184,183,575,208,207
110,608,87,208,207
110,207,208
110,185,208
110,547,208
110,575,208
110,607,184,183,185,208
110,607,184,183,575,208
110,607,608,87,208
110,608,607,184,183,185,208
110,608,607,184,183,575,208
110,608,87,208
110,207,208,87
110,185,183,184,607,608,87
110,185,183,575,208,87
110,185,208,87
110,547,208,87
110,547,208,575,183,184,607,608,87
110,575,183,184,607,608,87
110,575,208,87
110,607,184,183,185,208,87
110,607,184,183,575,208,87
110,607,608,87
110,608,87
110,547
110,575,208,547
110,607,184,183,185,208,547
110,607,184,183,575,208,547
110,607,608,87,208,547
110,608,607,184,183,185,208,547
110,608,607,184,183,575,208,547
110,608,87,208,547
110,575
110,607,184,183,575
110,607,608,87,208,575
110,608,607,184,183,575
110,608,87,208,575
110,607
110,608,607
110,608
112,57,115
112,53,298,57,115
112,53,546,57,115
112,53,569,57,115
112,57,298
112,57,546,53,298
112,57,569,53,298
112,53,298
112,57,298,53,429,325
112,57,298,53,429,430,325
112,57,546,53,429,325
112,57,546,53,429,430,325
112,57,569,53,429,325
112,57,569,53,429,430,325
112,53,429,325
112,53,429,430,325
112,57,298,53,429,325,326
112,57,298,53,429,430,325,326
112,57,546,53,429,325,326
112,57,546,53,429,430,325,326
112,57,569,53,429,325,326
112,57,569,53,429,430,325,326
112,53,429,325,326
112,53,429,430,325,326
112,57,335
112,53,298,57,335
112,53,546,57,335
112,53,569,57,335
112,57,404
112,53,298,57,404
112,53,546,57,404
112,53,569,57,404
112,57,298,53,429
112,57,546,53,429
112,57,569,53,429
112,53,429
112,57,298,53,429,430
112,57,546,53,429,430
112,57,569,53,429,430
112,53,429,430
112,57,519
112,53,298,57,519
112,53,546,57,519
112,53,569,57,519
112,57,546
112,57,569,53,546
112,53,546
112,57,569
112,53,569
112,57,579
112,53,298,57,579
112,53,546,57,579
112,53,569,57,579
112,57,613
112,53,298,57,613
112,53,546,57,613
112,53,569,57,613
115,57,298
115,57,546,53,298
115,57,569,53,298
115,57,56,53,429,325
115,57,56,53,429,430,325
115,57,112,53,429,325
115,57,112,53,429,430,325
115,57,298,53,429,325
115,57,298,53,429,430,325
115,57,546,53,429,325
115,57,546,53,429,430,325
115,57,569,53,429,325
115,57,569,53,429,430,325
115,57,56,53,429,325,326
115,57,56,53,429,430,325,326
115,57,112,53,429,325,326
115,57,112,53,429,430,325,326
115,57,298,53,429,325,326
115,57,298,53,429,430,325,326
115,57,546,53,429,325,326
115,57,546,53,429,430,325,326
115,57,569,53,429,325,326
115,57,569,53,429,430,325,326
115,57,335
115,57,404
115,57,56,53,429
115,57,112,53,429
115,57,298,53,429
115,57,546,53,429
115,57,569,53,429
115,57,56,53,429,430
115,57,112,53,429,430
115,57,298,53,429,430
115,57,546,53,429,430
115,57,569,53,429,430
115,57,519
115,57,546
115,57,569,53,546
115,57,569
115,57,579
115,57,613
118,119
118,119,138
118,119,182
118,119,197
118,119,268
118,119,310
118,119,354
118,119,405
118,119,415
118,119,450
118,119,485
118,119,521
118,119,533
118,119,545
118,119,557
118,119,560
119,138
119,182
119,197
119,268
119,310
119,354
119,405
119,415
119,450
119,485
119,521
119,533
119,545
119,557
119,560
121,96
121,470,297,296,526,96
121,470,297,551,552,526,96
121,470,297,459,551,552,526,96
121,470,296,297,551,552,526,96
121,470,296,297,459,551,552,526,96
121,470,296,526,96
121,470,96
121,470,526,96
121,266
121,96,470,297,296
121,96,470,296
121,96,526,296
121,96,526,552,551,297,296
121,96,526,552,551,459,297,296
121,470,297,296
121,470,297,551,552,526,296
121,470,297,459,551,552,526,296
121,470,296
121,470,526,296
121,96,470,297
121,96,526,296,297
121,96,526,470,297
121,96,526,552,551,297
121,96,526,552,551,459,297
121,470,297
121,470,526,296,297
121,470,526,552,551,297
121,470,526,552,551,459,297
121,96,470,297,296,526,552,551,393
121,96,470,297,551,393
121,96,470,297,459,551,393
121,96,470,296,297,551,393
121,96,470,296,297,459,551,393
121,96,470,296,526,552,551,393
121,96,470,526,296,297,551,393
121,96,470,526,296,297,459,551,393
121,96,470,526,552,551,393
121,96,526,296,297,551,393
121,96,526,296,297,459,551,393
121,96,526,470,297,551,393
121,96,526,470,297,459,551,393
121,96,526,552,551,393
121,470,297,296,526,552,551,393
121,470,297,551,393
121,470,297,459,551,393
121,470,296,297,551,393
121,470,296,297,459,551,393
121,470,296,526,552,551,393
121,470,526,296,297,551,393
121,470,526,296,297,459,551,393
121,470,526,552,551,393
121,96,470,297,296,526,552,551,393,244
121,96,470,297,551,393,244
121,96,470,297,459,551,393,244
121,96,470,296,297,551,393,244
121,96,470,296,297,459,551,393,244
121,96,470,296,526,552,551,393,244
121,96,470,526,296,297,551,393,244
121,96,470,526,296,297,459,551,393,244
121,96,470,526,552,551,393,244
121,96,526,296,297,551,393,244
121,96,526,296,297,459,551,393,244
121,96,526,470,297,551,393,244
121,96,526,470,297,459,551,393,244
121,96,526,552,551,393,244
121,470,297,296,526,552,551,393,244
121,470,297,551,393,244
121,470,297,459,551,393,244
121,470,296,297,551,393,244
121,470,296,297,459,551,393,244
121,470,296,526,552,551,393,244
121,470,526,296,297,551,393,244
121,470,526,296,297,459,551,393,244
121,470,526,552,551,393,244
121,470
121,96,526
121,470,526
121,96,470,297,296,526,346
121,96,470,297,551,552,526,346
121,96,470,297,459,551,552,526,346
121,96,470,296,297,551,552,526,346
121,96,470,296,297,459,551,552,526,346
121,96,470,296,526,346
121,96,470,526,346
121,96,526,346
121,470,297,296,526,346
121,470,297,551,552,526,346
121,470,297,459,551,552,526,346
121,470,296,297,551,552,526,346
121,470,296,297,459,551,552,526,346
121,470,296,526,346
121,470,526,346
121,96,470,297,296,526,123
121,96,470,297,551,552,526,123
121,96,470,297,459,551,552,526,123
121,96,470,296,297,551,552,526,123
121,96,470,296,297,459,551,552,526,123
121,96,470,296,526,123
121,96,470,526,123
121,96,526,123
121,470,297,296,526,123
121,470,297,551,552,526,123
121,470,297,459,551,552,526,123
121,470,296,297,551,552,526,123
121,470,296,297,459,551,552,526,123
121,470,296,526,123
121,470,526,123
121,96,470,297,551
121,96,470,297,459,551
121,96,470,296,297,551
121,96,470,296,297,459,551
121,96,470,296,526,552,551
121,96,470,526,296,297,551
121,96,470,526,296,297,459,551
121,96,470,526,552,551
121,96,526,296,297,551
121,96,526,296,297,459,551
121,96,526,470,297,551
121,96,526,470,297,459,551
121,96,526,552,551
121,470,297,551
121,470,297,459,551
121,470,296,297,551
121,470,296,297,459,551
121,470,296,526,552,551
121,470,526,296,297,551
121,470,526,296,297,459,551
121,470,526,552,551
121,96,470,297,296,526,552,551,223
121,96,470,297,551,223
121,96,470,297,459,551,223
121,96,470,296,297,551,223
121,96,470,296,297,459,551,223
121,96,470,296,526,552,551,223
121,96,470,526,296,297,551,223
121,96,470,526,296,297,459,551,223
121,96,470,526,552,551,223
121,96,526,296,297,551,223
121,96,526,296,297,459,551,223
121,96,526,470,297,551,223
121,96,526,470,297,459,551,223
121,96,526,552,551,223
121,470,297,296,526,552,551,223
121,470,297,551,223
121,470,297,459,551,223
121,470,296,297,551,223
121,470,296,297,459,551,223
121,470,296,526,552,551,223
121,470,526,296,297,551,223
121,470,526,296,297,459,551,223
121,470,526,552,551,223
121,96,470,297,459
121,96,470,296,297,459
121,96,470,296,526,552,551,459
121,96,470,526,296,297,459
121,96,470,526,552,551,459
121,96,526,296,297,459
121,96,526,470,297,459
121,96,526,552,551,459
121,470,297,459
121,470,296,297,459
121,470,296,526,552,551,459
121,470,526,296,297,459
121,470,526,552,551,459
121,96,470,297,296,526,552
121,96,470,297,551,552
121,96,470,297,459,551,552
121,96,470,296,297,551,552
121,96,470,296,297,459,551,552
121,96,470,296,526,552
121,96,470,526,552
121,96,526,552
121,470,297,296,526,552
121,470,297,551,552
121,470,297,459,551,552
121,470,296,297,551,552
121,470,296,297,459,551,552
121,470,296,526,552
121,470,526,552
121,96,470,297,296,526,552,238
121,96,470,297,551,552,238
121,96,470,297,459,551,552,238
121,96,470,296,297,551,552,238
121,96,470,296,297,459,551,552,238
121,96,470,296,526,552,238
121,96,470,526,296,297,551,552,238
121,96,470,526,296,297,459,551,552,238
121,96,470,526,552,238
121,96,526,296,297,551,552,238
121,96,526,296,297,459,551,552,238
121,96,526,470,297,551,552,238
121,96,526,470,297,459,551,552,238
121,96,526,552,238
121,470,297,296,526,552,238
121,470,297,551,552,238
121,470,297,459,551,552,238
121,470,296,297,551,552,238
121,470,296,297,459,551,552,238
121,470,296,526,552,238
121,470,526,296,297,551,552,238
121,470,526,296,297,459,551,552,238
121,470,526,552,238
96,121,266
96,470,121,266
96,526,296,297,470,121,266
96,526,296,470,121,266
96,526,470,121,266
96,526,552,551,297,296,470,121,266
96,526,552,551,297,470,121,266
96,526,552,551,459,297,296,470,121,266
96,526,552,551,459,297,470,121,266
96,470,297,296
96,470,297,551,552,526,296
96,470,297,459,551,552,526,296
96,470,296
96,470,526,296
96,526,296
96,526,470,297,296
96,526,552,551,297,296
96,526,552,551,459,297,296
96,470,297
96,470,526,552,551,297
96,470,526,552,551,459,297
96,526,296,297
96,526,470,297
96,526,552,551,297
96,526,552,551,459,297
96,470,297,296,526,552,551,393
96,470,297,551,393
96,470,297,459,551,393
96,470,296,297,551,393
96,470,296,297,459,551,393
96,470,296,526,552,551,393
96,470,526,296,297,551,393
96,470,526,296,297,459,551,393
96,470,526,552,551,393
96,526,296,297,551,393
96,526,296,297,459,551,393
96,526,470,297,551,393
96,526,470,297,459,551,393
96,526,552,551,393
96,470,297,296,526,552,551,393,244
96,470,297,551,393,244
96,470,297,459,551,393,244
96,470,296,297,551,393,244
96,470,296,297,459,551,393,244
96,470,296,526,552,551,393,244
96,470,526,296,297,551,393,244
96,470,526,296,297,459,551,393,244
96,470,526,552,551,393,244
96,526,296,297,551,393,244
96,526,296,297,459,551,393,244
96,526,470,297,551,393,244
96,526,470,297,459,551,393,244
96,526,552,551,393,244
96,470
96,526,470
96,526
96,470,297,296,526,346
96,470,297,551,552,526,346
96,470,297,459,551,552,526,346
96,470,296,297,551,552,526,346
96,470,296,297,459,551,552,526,346
96,470,296,526,346
96,470,526,346
96,526,346
96,470,297,296,526,123
96,470,297,551,552,526,123
96,470,297,459,551,552,526,123
96,470,296,297,551,552,526,123
96,470,296,297,459,551,552,526,123
96,470,296,526,123
96,470,526,123
96,526,123
96,470,297,551
96,470,297,459,551
96,470,296,297,551
96,470,296,297,459,551
96,470,296,526,552,551
96,470,526,296,297,551
96,470,526,296,297,459,551
96,470,526,552,551
96,526,296,297,551
96,526,296,297,459,551
96,526,470,297,551
96,526,470,297,459,551
96,526,552,551
96,470,297,296,526,552,551,223
96,470,297,551,223
96,470,297,459,551,223
96,470,296,297,551,223
96,470,296,297,459,551,223
96,470,296,526,552,551,223
96,470,526,296,297,551,223
96,470,526,296,297,459,551,223
96,470,526,552,551,223
96,526,296,297,551,223
96,526,296,297,459,551,223
96,526,470,297,551,223
96,526,470,297,459,551,223
96,526,552,551,223
96,470,297,459
96,470,296,297,459
96,470,296,526,552,551,459
96,470,526,296,297,459
96,470,526,552,551,459
96,526,296,297,459
96,526,470,297,459
96,526,552,551,459
96,470,297,296,526,552
96,470,297,551,552
96,470,297,459,551,552
96,470,296,297,551,552
96,470,296,297,459,551,552
96,470,296,526,552
96,470,526,552
96,526,552
96,470,297,296,526,552,238
96,470,297,551,552,238
96,470,297,459,551,552,238
96,470,296,297,551,552,238
96,470,296,297,459,551,552,238
96,470,296,526,552,238
96,470,526,296,297,551,552,238
96,470,526,296,297,459,551,552,238
96,470,526,552,238
96,526,296,297,551,552,238
96,526,296,297,459,551,552,238
96,526,470,297,551,552,238
96,526,470,297,459,551,552,238
96,526,552,238
125,126
125,128,126
125,127
125,128
125,126,128,152
125,128,152
126,125,127
126,128,125,127
126,128
126,128,152
127,125,128
127,125,126,128,152
127,125,128,152
128,152
138,119,182
138,119,197
138,119,268
138,119,310
138,119,354
138,119,405
138,119,415
138,119,450
138,119,485
138,119,521
138,119,533
138,119,545
138,119,557
138,119,560
151,144
157,158
160,55,200
160,55,50,230
160,55,200,50,230
160,55,50,230,317,252
160,55,200,50,230,317,252
160,55,50,261
160,55,200,50,261
160,55,50,230,317
160,55,200,50,230,317
160,55,15,408
160,55,497
166,167
168,169
168,567,169
168,567,330,169
168,170
168,169,330
168,567,330
168,169,330,331
168,169,567,330,331
168,567,330,331
168,169,330,332
168,169,567,330,332
168,567,330,332
168,169,330,333
168,169,567,330,333
168,567,330,333
168,567
169,168,170
169,330,567,168,170
169,567,168,170
169,330
169,567,330
169,330,331
169,567,330,331
169,330,332
169,567,330,332
169,330,333
169,567,330,333
169,567
170,168,169,330
170,168,567,330
170,168,169,330,331
170,168,169,567,330,331
170,168,567,330,331
170,168,169,330,332
170,168,169,567,330,332
170,168,567,330,332
170,168,169,330,333
170,168,169,567,330,333
170,168,567,330,333
170,168,567
173,174
173,133,279,174
173,175,279,174
173,133
173,175,279,133
173,175
173,174,279
173,133,279
173,175,279
174,173,133
174,173,175,279,133
174,279,133
174,173,175
174,279,175
174,279
133,173,175
133,279,175
133,279
175,279
176,34,453
176,34,463
178,179
182,119,197
182,119,268
182,119,310
182,119,354
182,119,405
182,119,415
182,119,450
182,119,485
182,119,521
182,119,533
182,119,545
182,119,557
182,119,560
183,184
183,185,208,87,608,607,184
183,575,208,87,608,607,184
183,185
183,575,208,185
183,184,607,110,207
183,184,607,110,547,208,207
183,184,607,608,110,207
183,184,607,608,110,547,208,207
183,184,607,608,87,208,207
183,184,607,608,87,208,547,110,207
183,185,110,207
183,185,110,547,208,207
183,185,110,607,608,87,208,207
183,185,110,608,87,208,207
183,185,208,207
183,575,110,207
183,575,110,547,208,207
183,575,110,607,608,87,208,207
183,575,110,608,87,208,207
183,575,208,207
183,184,607,110,207,208
183,184,607,110,547,208
183,184,607,110,608,87,208
183,184,607,608,110,207,208
183,184,607,608,110,547,208
183,184,607,608,87,208
183,185,208
183,575,208
183,184,607,110,207,208,87
183,184,607,110,547,208,87
183,184,607,110,608,87
183,184,607,608,87
183,185,110,207,208,87
183,185,110,547,208,87
183,185,110,607,608,87
183,185,110,608,87
183,185,208,87
183,185,208,547,110,607,608,87
183,185,208,547,110,608,87
183,575,110,207,208,87
183,575,110,547,208,87
183,575,110,607,608,87
183,575,110,608,87
183,575,208,87
183,575,208,547,110,607,608,87
183,575,208,547,110,608,87
183,184,607,110,547
183,184,607,608,110,547
183,184,607,608,87,208,547
183,185,110,547
183,185,208,547
183,575,110,547
183,575,208,547
183,575
183,184,607
183,185,110,607
183,185,110,608,607
183,185,208,207,110,607
183,185,208,207,110,608,607
183,185,208,87,608,607
183,185,208,547,110,607
183,185,208,547,110,608,607
183,185,208,575,110,607
183,185,208,575,110,608,607
183,575,110,607
183,575,110,608,607
183,575,208,207,110,607
183,575,208,207,110,608,607
183,575,208,87,608,607
183,575,208,547,110,607
183,575,208,547,110,608,607
183,184,607,608
183,185,110,608
183,185,208,207,110,608
183,185,208,87,608
183,185,208,547,110,608
183,185,208,575,110,608
183,575,110,608
183,575,208,207,110,608
183,575,208,87,608
183,575,208,547,110,608
184,183,185
184,183,575,110,207,208,185
184,183,575,110,185
184,183,575,110,547,208,185
184,183,575,110,608,87,208,185
184,183,575,208,185
184,607,110,207,208,185
184,607,110,207,208,575,183,185
184,607,110,185
184,607,110,547,208,185
184,607,110,547,208,575,183,185
184,607,110,575,183,185
184,607,110,575,208,185
184,607,608,110,207,208,185
184,607,608,110,207,208,575,183,185
184,607,608,110,185
184,607,608,110,547,208,185
184,607,608,110,547,208,575,183,185
184,607,608,110,575,183,185
184,607,608,110,575,208,185
184,607,608,87,208,207,110,185
184,607,608,87,208,207,110,575,183,185
184,607,608,87,208,185
184,607,608,87,208,547,110,185
184,607,608,87,208,547,110,575,183,185
184,607,608,87,208,575,183,185
184,607,608,87,208,575,110,185
184,183,185,110,207
184,183,185,110,547,208,207
184,183,185,110,608,87,208,207
184,183,185,208,207
184,183,575,110,207
184,183,575,110,547,208,207
184,183,575,110,608,87,208,207
184,183,575,208,207
184,607,110,207
184,607,110,547,208,207
184,607,110,575,208,207
184,607,608,110,207
184,607,608,110,547,208,207
184,607,608,110,575,208,207
184,607,608,87,208,207
184,607,608,87,208,547,110,207
184,607,608,87,208,575,110,207
184,183,185,208
184,183,575,208
184,607,110,207,208
184,607,110,185,208
184,607,110,547,208
184,607,110,575,208
184,607,110,608,87,208
184,607,608,110,207,208
184,607,608,110,185,208
184,607,608,110,547,208
184,607,608,110,575,208
184,607,608,87,208
184,183,185,110,207,208,87
184,183,185,110,547,208,87
184,183,185,110,575,208,87
184,183,185,110,608,87
184,183,185,208,87
184,183,185,208,547,110,608,87
184,183,575,110,207,208,87
184,183,575,110,547,208,87
184,183,575,110,608,87
184,183,575,208,87
184,183,575,208,547,110,608,87
184,607,110,207,208,87
184,607,110,185,183,575,208,87
184,607,110,185,208,87
184,607,110,547,208,87
184,607,110,575,208,87
184,607,110,608,87
184,607,608,87
184,183,185,110,547
184,183,185,208,547
184,183,575,110,547
184,183,575,208,547
184,607,110,547
184,607,110,575,208,547
184,607,608,110,547
184,607,608,110,575,208,547
184,607,608,87,208,547
184,607,608,87,208,575,110,547
184,183,575
184,607,110,575
184,607,608,110,575
184,607,608,87,208,575
184,607
184,183,185,110,608
184,183,185,208,207,110,608
184,183,185,208,87,608
184,183,185,208,547,110,608
184,183,185,208,575,110,608
184,183,575,110,608
184,183,575,208,207,110,608
184,183,575,208,87,608
184,183,575,208,547,110,608
184,607,608
185,183,184,607,110,207
185,183,184,607,110,547,208,207
185,183,184,607,608,110,207
185,183,184,607,608,110,547,208,207
185,183,184,607,608,87,208,207
185,183,184,607,608,87,208,547,110,207
185,183,575,110,207
185,183,575,110,547,208,207
185,183,575,110,607,608,87,208,207
185,183,575,110,608,87,208,207
185,183,575,208,207
185,110,207
185,110,547,208,207
185,110,575,208,207
185,110,607,608,87,208,207
185,110,608,87,208,207
185,208,207
185,208
185,183,184,607,110,207,208,87
185,183,184,607,110,547,208,87
185,183,184,607,608,87
185,183,575,110,207,208,87
185,183,575,110,547,208,87
185,183,575,110,607,608,87
185,183,575,110,608,87
185,183,575,208,87
185,183,575,208,547,110,607,608,87
185,183,575,208,547,110,608,87
185,110,207,208,87
185,110,547,208,87
185,110,575,183,184,607,608,87
185,110,575,208,87
185,110,607,608,87
185,110,608,87
185,208,87
185,208,547,110,607,608,87
185,208,547,110,608,87
185,208,575,110,607,608,87
185,208,575,110,608,87
185,183,184,607,110,547
185,183,184,607,608,110,547
185,183,184,607,608,87,208,547
185,183,575,110,547
185,183,575,208,547
185,110,547
185,110,575,208,547
185,208,547
185,183,575
185,110,575
185,208,575
185,183,184,607
185,183,575,110,607
185,183,575,110,608,607
185,183,575,208,207,110,607
185,183,575,208,207,110,608,607
185,183,575,208,87,608,607
185,183,575,208,547,110,607
185,183,575,208,547,110,608,607
185,110,607
185,110,608,607
185,208,207,110,607
185,208,207,110,608,607
185,208,87,608,607
185,208,547,110,607
185,208,547,110,608,607
185,208,575,183,184,607
185,208,575,110,607
185,208,575,110,608,607
185,183,184,607,608
185,183,575,110,608
185,183,575,208,207,110,608
185,183,575,208,87,608
185,183,575,208,547,110,608
185,110,608
185,208,207,110,608
185,208,87,608
185,208,547,110,608
185,208,575,183,184,607,608
185,208,575,110,608
187,481,480,305
187,481,480,341,306,305
187,481,480,305,306
187,481,480,341,306
187,481,480,341
187,481,480,305,306,341,342
187,481,480,341,342
187,481,480,305,306,341,79
187,481,480,341,79
187,481,480
187,481
187,481,480,283
194,195
194,196,556,446,195
194,196,556,277,195
194,196
194,195,446,556,277
194,195,277
194,196,556,446,195,277
194,196,556,277
194,195,446
194,196,556,446
194,195,500
194,196,556,446,195,500
194,196,556,277,195,500
194,195,446,556
194,195,277,556
194,196,556
195,194,196
195,446,556,196
195,277,556,196
195,446,556,277
195,277
195,446
195,500
195,194,196,556
195,446,556
195,277,556
196,194,195,277
196,556,446,195,277
196,556,277
196,194,195,446
196,556,446
196,194,195,500
196,556,446,195,500
196,556,277,195,500
196,556
197,119,268
197,119,310
197,119,354
197,119,405
197,119,415
197,119,450
197,119,485
197,119,521
197,119,533
197,119,545
197,119,557
197,119,560
200,50,230
200,50,230,317,252
200,50,261
200,50,230,317
200,55,15,408
200,55,497
207,208
207,110,185,183,184,607,608,87
207,110,547,208,87
207,110,547,208,575,183,184,607,608,87
207,110,575,183,184,607,608,87
207,110,575,208,87
207,110,607,184,183,575,208,87
207,110,607,608,87
207,110,608,87
207,208,87
207,208,547,110,607,608,87
207,208,547,110,608,87
207,208,575,183,184,607,608,87
207,208,575,110,607,608,87
207,208,575,110,608,87
207,110,547
207,110,575,208,547
207,110,607,184,183,575,208,547
207,110,608,607,184,183,575,208,547
207,208,547
207,110,575
207,110,607,184,183,575
207,110,608,607,184,183,575
207,208,575
207,110,607
207,110,608,607
207,208,185,183,184,607
207,208,87,608,607
207,208,547,110,607
207,208,547,110,608,607
207,208,575,183,184,607
207,208,575,110,607
207,208,575,110,608,607
207,110,608
207,208,185,183,184,607,608
207,208,87,608
207,208,547,110,608
207,208,575,183,184,607,608
207,208,575,110,608
208,87
208,547
208,575
208,207,110,607
208,207,110,608,607
208,185,183,184,607
208,185,110,607
208,185,110,608,607
208,87,608,607
208,547,110,607
208,547,110,608,607
208,575,183,184,607
208,575,110,607
208,575,110,608,607
208,207,110,608
208,185,183,184,607,608
208,185,110,608
208,87,608
208,547,110,608
208,575,183,184,607,608
208,575,110,608
215,216
215,217
216,215,217
224,26,245
224,26,293
224,26,307
230,317,252
230,50,261
230,317
230,50,55,15,408
230,50,200,55,15,408
230,50,55,497
230,50,200,55,497
245,26,293
245,26,307
252,317,230,50,261
252,317
252,317,230,50,55,15,408
252,317,230,50,200,55,15,408
252,317,230,50,55,497
252,317,230,50,200,55,497
261,50,230,317
261,50,55,15,408
261,50,200,55,15,408
261,50,55,497
261,50,200,55,497
266,121,96,470,297,296
266,121,96,470,296
266,121,96,526,296
266,121,96,526,552,551,297,296
266,121,96,526,552,551,459,297,296
266,121,470,297,296
266,121,470,297,551,552,526,296
266,121,470,297,459,551,552,526,296
266,121,470,296
266,121,470,526,296
266,121,96,470,297
266,121,96,526,296,297
266,121,96,526,470,297
266,121,96,526,552,551,297
266,121,96,526,552,551,459,297
266,121,470,297
266,121,470,526,296,297
266,121,470,526,552,551,297
266,121,470,526,552,551,459,297
266,121,96,470,297,296,526,552,551,393
266,121,96,470,297,551,393
266,121,96,470,297,459,551,393
266,121,96,470,296,297,551,393
266,121,96,470,296,297,459,551,393
266,121,96,470,296,526,552,551,393
266,121,96,470,526,296,297,551,393
266,121,96,470,526,296,297,459,551,393
266,121,96,470,526,552,551,393
266,121,96,526,296,297,551,393
266,121,96,526,296,297,459,551,393
266,121,96,526,470,297,551,393
266,121,96,526,470,297,459,551,393
266,121,96,526,552,551,393
266,121,470,297,296,526,552,551,393
266,121,470,297,551,393
266,121,470,297,459,551,393
266,121,470,296,297,551,393
266,121,470,296,297,459,551,393
266,121,470,296,526,552,551,393
266,121,470,526,296,297,551,393
266,121,470,526,296,297,459,551,393
266,121,470,526,552,551,393
266,121,96,470,297,296,526,552,551,393,244
266,121,96,470,297,551,393,244
266,121,96,470,297,459,551,393,244
266,121,96,470,296,297,551,393,244
266,121,96,470,296,297,459,551,393,244
266,121,96,470,296,526,552,551,393,244
266,121,96,470,526,296,297,551,393,244
266,121,96,470,526,296,297,459,551,393,244
266,121,96,470,526,552,551,393,244
266,121,96,526,296,297,551,393,244
266,121,96,526,296,297,459,551,393,244
266,121,96,526,470,297,551,393,244
266,121,96,526,470,297,459,551,393,244
266,121,96,526,552,551,393,244
266,121,470,297,296,526,552,551,393,244
266,121,470,297,551,393,244
266,121,470,297,459,551,393,244
266,121,470,296,297,551,393,244
266,121,470,296,297,459,551,393,244
266,121,470,296,526,552,551,393,244
266,121,470,526,296,297,551,393,244
266,121,470,526,296,297,459,551,393,244
266,121,470,526,552,551,393,244
266,121,470
266,121,96,526
266,121,470,526
266,121,96,470,297,296,526,346
266,121,96,470,297,551,552,526,346
266,121,96,470,297,459,551,552,526,346
266,121,96,470,296,297,551,552,526,346
266,121,96,470,296,297,459,551,552,526,346
266,121,96,470,296,526,346
266,121,96,470,526,346
266,121,96,526,346
266,121,470,297,296,526,346
266,121,470,297,551,552,526,346
266,121,470,297,459,551,552,526,346
266,121,470,296,297,551,552,526,346
266,121,470,296,297,459,551,552,526,346
266,121,470,296,526,346
266,121,470,526,346
266,121,96,470,297,296,526,123
266,121,96,470,297,551,552,526,123
266,121,96,470,297,459,551,552,526,123
266,121,96,470,296,297,551,552,526,123
266,121,96,470,296,297,459,551,552,526,123
266,121,96,470,296,526,123
266,121,96,470,526,123
266,121,96,526,123
266,121,470,297,296,526,123
266,121,470,297,551,552,526,123
266,121,470,297,459,551,552,526,123
266,121,470,296,297,551,552,526,123
266,121,470,296,297,459,551,552,526,123
266,121,470,296,526,123
266,121,470,526,123
266,121,96,470,297,551
266,121,96,470,297,459,551
266,121,96,470,296,297,551
266,121,96,470,296,297,459,551
266,121,96,470,296,526,552,551
266,121,96,470,526,296,297,551
266,121,96,470,526,296,297,459,551
266,121,96,470,526,552,551
266,121,96,526,296,297,551
266,121,96,526,296,297,459,551
266,121,96,526,470,297,551
266,121,96,526,470,297,459,551
266,121,96,526,552,551
266,121,470,297,551
266,121,470,297,459,551
266,121,470,296,297,551
266,121,470,296,297,459,551
266,121,470,296,526,552,551
266,121,470,526,296,297,551
266,121,470,526,296,297,459,551
266,121,470,526,552,551
266,121,96,470,297,296,526,552,551,223
266,121,96,470,297,551,223
266,121,96,470,297,459,551,223
266,121,96,470,296,297,551,223
266,121,96,470,296,297,459,551,223
266,121,96,470,296,526,552,551,223
266,121,96,470,526,296,297,551,223
266,121,96,470,526,296,297,459,551,223
266,121,96,470,526,552,551,223
266,121,96,526,296,297,551,223
266,121,96,526,296,297,459,551,223
266,121,96,526,470,297,551,223
266,121,96,526,470,297,459,551,223
266,121,96,526,552,551,223
266,121,470,297,296,526,552,551,223
266,121,470,297,551,223
266,121,470,297,459,551,223
266,121,470,296,297,551,223
266,121,470,296,297,459,551,223
266,121,470,296,526,552,551,223
266,121,470,526,296,297,551,223
266,121,470,526,296,297,459,551,223
266,121,470,526,552,551,223
266,121,96,470,297,459
266,121,96,470,296,297,459
266,121,96,470,296,526,552,551,459
266,121,96,470,526,296,297,459
266,121,96,470,526,552,551,459
266,121,96,526,296,297,459
266,121,96,526,470,297,459
266,121,96,526,552,551,459
266,121,470,297,459
266,121,470,296,297,459
266,121,470,296,526,552,551,459
266,121,470,526,296,297,459
266,121,470,526,552,551,459
266,121,96,470,297,296,526,552
266,121,96,470,297,551,552
266,121,96,470,297,459,551,552
266,121,96,470,296,297,551,552
266,121,96,470,296,297,459,551,552
266,121,96,470,296,526,552
266,121,96,470,526,552
266,121,96,526,552
266,121,470,297,296,526,552
266,121,470,297,551,552
266,121,470,297,459,551,552
266,121,470,296,297,551,552
266,121,470,296,297,459,551,552
266,121,470,296,526,552
266,121,470,526,552
266,121,96,470,297,296,526,552,238
266,121,96,470,297,551,552,238
266,121,96,470,297,459,551,552,238
266,121,96,470,296,297,551,552,238
266,121,96,470,296,297,459,551,552,238
266,121,96,470,296,526,552,238
266,121,96,470,526,296,297,551,552,238
266,121,96,470,526,296,297,459,551,552,238
266,121,96,470,526,552,238
266,121,96,526,296,297,551,552,238
266,121,96,526,296,297,459,551,552,238
266,121,96,526,470,297,551,552,238
266,121,96,526,470,297,459,551,552,238
266,121,96,526,552,238
266,121,470,297,296,526,552,238
266,121,470,297,551,552,238
266,121,470,297,459,551,552,238
266,121,470,296,297,551,552,238
266,121,470,296,297,459,551,552,238
266,121,470,296,526,552,238
266,121,470,526,296,297,551,552,238
266,121,470,526,296,297,459,551,552,238
266,121,470,526,552,238
268,119,310
268,119,354
268,119,405
268,119,415
268,119,450
268,119,485
268,119,521
268,119,533
268,119,545
268,119,557
268,119,560
270,255
270,161,339,255
270,161,411,255
270,161
270,255,339
270,255,411,161,339
270,161,339
270,255,411
270,161,411
255,270,161
255,339,161
255,411,161
255,339
255,411,161,339
255,411
161,339
161,411
275,24,334
275,24,334,471
275,24,334,472,471
275,24,334,472
275,24,549
275,24,334,471,472,28
275,24,334,472,28
277,195,446
277,556,446
277,195,500
277,556,446,195,500
277,556
293,26,307
296,297
296,470,297
296,470,526,552,551,297
296,470,526,552,551,459,297
296,526,470,297
296,526,552,551,297
296,526,552,551,459,297
296,297,470,526,552,551,393
296,297,551,393
296,297,459,551,393
296,470,297,551,393
296,470,297,459,551,393
296,470,526,552,551,393
296,526,470,297,551,393
296,526,470,297,459,551,393
296,526,552,551,393
296,297,470,526,552,551,393,244
296,297,551,393,244
296,297,459,551,393,244
296,470,297,551,393,244
296,470,297,459,551,393,244
296,470,526,552,551,393,244
296,526,470,297,551,393,244
296,526,470,297,459,551,393,244
296,526,552,551,393,244
296,470
296,526,470
296,526
296,297,470,526,346
296,297,551,552,526,346
296,297,459,551,552,526,346
296,470,297,551,552,526,346
296,470,297,459,551,552,526,346
296,470,526,346
296,526,346
296,297,470,526,123
296,297,551,552,526,123
296,297,459,551,552,526,123
296,470,297,551,552,526,123
296,470,297,459,551,552,526,123
296,470,526,123
296,526,123
296,297,551
296,297,459,551
296,470,297,551
296,470,297,459,551
296,470,526,552,551
296,526,470,297,551
296,526,470,297,459,551
296,526,552,551
296,297,470,526,552,551,223
296,297,551,223
296,297,459,551,223
296,470,297,551,223
296,470,297,459,551,223
296,470,526,552,551,223
296,526,470,297,551,223
296,526,470,297,459,551,223
296,526,552,551,223
296,297,459
296,470,297,459
296,470,526,552,551,459
296,526,470,297,459
296,526,552,551,459
296,297,470,526,552
296,297,551,552
296,297,459,551,552
296,470,297,551,552
296,470,297,459,551,552
296,470,526,552
296,526,552
296,297,470,526,552,238
296,297,551,552,238
296,297,459,551,552,238
296,470,297,551,552,238
296,470,297,459,551,552,238
296,470,526,552,238
296,526,470,297,551,552,238
296,526,470,297,459,551,552,238
296,526,552,238
297,296,526,552,551,393
297,470,96,526,552,551,393
297,470,121,96,526,552,551,393
297,470,526,552,551,393
297,551,393
297,459,551,393
297,296,526,552,551,393,244
297,470,96,526,552,551,393,244
297,470,121,96,526,552,551,393,244
297,470,526,552,551,393,244
297,551,393,244
297,459,551,393,244
297,470
297,551,552,526,470
297,459,551,552,526,470
297,296,526
297,470,526
297,551,552,526
297,459,551,552,526
297,296,526,346
297,470,96,526,346
297,470,121,96,526,346
297,470,526,346
297,551,552,526,346
297,459,551,552,526,346
297,296,526,123
297,470,96,526,123
297,470,121,96,526,123
297,470,526,123
297,551,552,526,123
297,459,551,552,526,123
297,551
297,459,551
297,296,526,552,551,223
297,470,96,526,552,551,223
297,470,121,96,526,552,551,223
297,470,526,552,551,223
297,551,223
297,459,551,223
297,459
297,296,526,552
297,470,96,526,552
297,470,121,96,526,552
297,470,526,552
297,551,552
297,459,551,552
297,296,526,552,238
297,470,96,526,552,238
297,470,121,96,526,552,238
297,470,526,552,238
297,551,552,238
297,459,551,552,238
298,57,546,53,429,325
298,57,546,53,429,430,325
298,57,569,53,429,325
298,57,569,53,429,430,325
298,53,429,325
298,53,429,430,325
298,57,546,53,429,325,326
298,57,546,53,429,430,325,326
298,57,569,53,429,325,326
298,57,569,53,429,430,325,326
298,53,429,325,326
298,53,429,430,325,326
298,57,335
298,53,546,57,335
298,53,569,57,335
298,57,404
298,53,546,57,404
298,53,569,57,404
298,57,546,53,429
298,57,569,53,429
298,53,429
298,57,546,53,429,430
298,57,569,53,429,430
298,53,429,430
298,57,519
298,53,546,57,519
298,53,569,57,519
298,57,546
298,57,569,53,546
298,53,546
298,57,569
298,53,569
298,57,579
298,53,546,57,579
298,53,569,57,579
298,57,613
298,53,546,57,613
298,53,569,57,613
305,306
305,480,341,306
305,306,341
305,480,341
305,306,341,342
305,480,341,342
305,306,341,79
305,480,341,79
305,480
305,306,341,480,481
305,480,481
305,306,341,480,283
305,480,283
306,341
306,305,480,341,342
306,341,342
306,305,480,341,79
306,341,79
306,305,480
306,341,480
306,305,480,481
306,341,480,481
306,305,480,283
306,341,480,283
310,119,354
310,119,405
310,119,415
310,119,450
310,119,485
310,119,521
310,119,533
310,119,545
310,119,557
310,119,560
313,314
313,314,536,37,397
313,37,397
313,314,536,37,455
313,37,455
313,314,507
313,37,536,314,507
313,314,536
313,37,536
313,314,548
313,37,536,314,548
314,313,37,397
314,536,37,397
314,313,37,455
314,536,37,455
314,507
314,536
314,548
317,230,50,55,15,408
317,230,50,200,55,15,408
317,230,50,55,497
317,230,50,200,55,497
325,326
325,429,53,56,57,335
325,429,53,112,57,335
325,429,53,298,57,335
325,429,53,546,57,335
325,429,53,569,57,335
325,430,429,53,56,57,335
325,430,429,53,112,57,335
325,430,429,53,298,57,335
325,430,429,53,546,57,335
325,430,429,53,569,57,335
325,429,53,56,57,404
325,429,53,112,57,404
325,429,53,298,57,404
325,429,53,546,57,404
325,429,53,569,57,404
325,430,429,53,56,57,404
325,430,429,53,112,57,404
325,430,429,53,298,57,404
325,430,429,53,546,57,404
325,430,429,53,569,57,404
325,429
325,430,429
325,430
325,429,53,56,57,519
325,429,53,112,57,519
325,429,53,298,57,519
325,429,53,546,57,519
325,429,53,569,57,519
325,430,429,53,56,57,519
325,430,429,53,112,57,519
325,430,429,53,298,57,519
325,430,429,53,546,57,519
325,430,429,53,569,57,519
325,429,53,546
325,429,53,569,57,546
325,430,429,53,546
325,430,429,53,569,57,546
325,429,53,569
325,430,429,53,569
325,429,53,56,57,579
325,429,53,112,57,579
325,429,53,298,57,579
325,429,53,546,57,579
325,429,53,569,57,579
325,430,429,53,56,57,579
325,430,429,53,112,57,579
325,430,429,53,298,57,579
325,430,429,53,546,57,579
325,430,429,53,569,57,579
325,429,53,56,57,613
325,429,53,112,57,613
325,429,53,298,57,613
325,429,53,546,57,613
325,429,53,569,57,613
325,430,429,53,56,57,613
325,430,429,53,112,57,613
325,430,429,53,298,57,613
325,430,429,53,546,57,613
325,430,429,53,569,57,613
326,325,429,53,56,57,335
326,325,429,53,112,57,335
326,325,429,53,298,57,335
326,325,429,53,546,57,335
326,325,429,53,569,57,335
326,325,430,429,53,56,57,335
326,325,430,429,53,112,57,335
326,325,430,429,53,298,57,335
326,325,430,429,53,546,57,335
326,325,430,429,53,569,57,335
326,325,429,53,56,57,404
326,325,429,53,112,57,404
326,325,429,53,298,57,404
326,325,429,53,546,57,404
326,325,429,53,569,57,404
326,325,430,429,53,56,57,404
326,325,430,429,53,112,57,404
326,325,430,429,53,298,57,404
326,325,430,429,53,546,57,404
326,325,430,429,53,569,57,404
326,325,429
326,325,430,429
326,325,430
326,325,429,53,56,57,519
326,325,429,53,112,57,519
326,325,429,53,298,57,519
326,325,429,53,546,57,519
326,325,429,53,569,57,519
326,325,430,429,53,56,57,519
326,325,430,429,53,112,57,519
326,325,430,429,53,298,57,519
326,325,430,429,53,546,57,519
326,325,430,429,53,569,57,519
326,325,429,53,546
326,325,429,53,569,57,546
326,325,430,429,53,546
326,325,430,429,53,569,57,546
326,325,429,53,569
326,325,430,429,53,569
326,325,429,53,56,57,579
326,325,429,53,112,57,579
326,325,429,53,298,57,579
326,325,429,53,546,57,579
326,325,429,53,569,57,579
326,325,430,429,53,56,57,579
326,325,430,429,53,112,57,579
326,325,430,429,53,298,57,579
326,325,430,429,53,546,57,579
326,325,430,429,53,569,57,579
326,325,429,53,56,57,613
326,325,429,53,112,57,613
326,325,429,53,298,57,613
326,325,429,53,546,57,613
326,325,429,53,569,57,613
326,325,430,429,53,56,57,613
326,325,430,429,53,112,57,613
326,325,430,429,53,298,57,613
326,325,430,429,53,546,57,613
326,325,430,429,53,569,57,613
330,331
330,332
330,333
330,567
331,330,332
331,330,333
331,330,567
332,330,333
332,330,567
333,330,567
334,471
334,472,471
334,472
334,24,549
334,471,472,28
334,472,28
335,57,404
335,57,56,53,429
335,57,112,53,429
335,57,298,53,429
335,57,546,53,429
335,57,569,53,429
335,57,56,53,429,430
335,57,112,53,429,430
335,57,298,53,429,430
335,57,546,53,429,430
335,57,569,53,429,430
335,57,519
335,57,546
335,57,569,53,546
335,57,569
335,57,579
335,57,613
339,255,411
339,161,411
341,342
341,79
341,480
341,480,481
341,480,283
342,341,79
342,341,480
342,341,306,305,480,481
342,341,480,481
342,341,306,305,480,283
342,341,480,283
79,341,480
79,341,306,305,480,481
79,341,480,481
79,341,306,305,480,283
79,341,480,283
351,352
354,119,405
354,119,415
354,119,450
354,119,485
354,119,521
354,119,533
354,119,545
354,119,557
354,119,560
356,357
381,231
381,235,535,231
381,235
381,231,535
381,235,535
231,381,235
231,535,235
231,535
235,535
393,244
393,551,297,470
393,551,459,297,470
393,551,552,526,470
393,551,297,296,526
393,551,297,470,526
393,551,459,297,296,526
393,551,459,297,470,526
393,551,552,526
393,551,297,296,470,96,526,346
393,551,297,296,470,121,96,526,346
393,551,297,296,470,526,346
393,551,297,296,526,346
393,551,297,470,96,526,346
393,551,297,470,121,96,526,346
393,551,297,470,526,346
393,551,459,297,296,470,96,526,346
393,551,459,297,296,470,121,96,526,346
393,551,459,297,296,470,526,346
393,551,459,297,296,526,346
393,551,459,297,470,96,526,346
393,551,459,297,470,121,96,526,346
393,551,459,297,470,526,346
393,551,552,526,346
393,551,297,296,470,96,526,123
393,551,297,296,470,121,96,526,123
393,551,297,296,470,526,123
393,551,297,296,526,123
393,551,297,470,96,526,123
393,551,297,470,121,96,526,123
393,551,297,470,526,123
393,551,459,297,296,470,96,526,123
393,551,459,297,296,470,121,96,526,123
393,551,459,297,296,470,526,123
393,551,459,297,296,526,123
393,551,459,297,470,96,526,123
393,551,459,297,470,121,96,526,123
393,551,459,297,470,526,123
393,551,552,526,123
393,551
393,551,223
393,551,459
393,551,552,526,96,121,470,297,459
393,551,552,526,96,121,470,296,297,459
393,551,552,526,96,470,297,459
393,551,552,526,96,470,296,297,459
393,551,552,526,296,297,459
393,551,552,526,296,470,297,459
393,551,552,526,470,297,459
393,551,552
393,551,297,296,470,96,526,552,238
393,551,297,296,470,121,96,526,552,238
393,551,297,296,470,526,552,238
393,551,297,296,526,552,238
393,551,297,470,96,526,552,238
393,551,297,470,121,96,526,552,238
393,551,297,470,526,552,238
393,551,459,297,296,470,96,526,552,238
393,551,459,297,296,470,121,96,526,552,238
393,551,459,297,296,470,526,552,238
393,551,459,297,296,526,552,238
393,551,459,297,470,96,526,552,238
393,551,459,297,470,121,96,526,552,238
393,551,459,297,470,526,552,238
393,551,552,238
244,393,551,297,470
244,393,551,459,297,470
244,393,551,552,526,470
244,393,551,297,296,526
244,393,551,297,470,526
244,393,551,459,297,296,526
244,393,551,459,297,470,526
244,393,551,552,526
244,393,551,297,296,470,96,526,346
244,393,551,297,296,470,121,96,526,346
244,393,551,297,296,470,526,346
244,393,551,297,296,526,346
244,393,551,297,470,96,526,346
244,393,551,297,470,121,96,526,346
244,393,551,297,470,526,346
244,393,551,459,297,296,470,96,526,346
244,393,551,459,297,296,470,121,96,526,346
244,393,551,459,297,296,470,526,346
244,393,551,459,297,296,526,346
244,393,551,459,297,470,96,526,346
244,393,551,459,297,470,121,96,526,346
244,393,551,459,297,470,526,346
244,393,551,552,526,346
244,393,551,297,296,470,96,526,123
244,393,551,297,296,470,121,96,526,123
244,393,551,297,296,470,526,123
244,393,551,297,296,526,123
244,393,551,297,470,96,526,123
244,393,551,297,470,121,96,526,123
244,393,551,297,470,526,123
244,393,551,459,297,296,470,96,526,123
244,393,551,459,297,296,470,121,96,526,123
244,393,551,459,297,296,470,526,123
244,393,551,459,297,296,526,123
244,393,551,459,297,470,96,526,123
244,393,551,459,297,470,121,96,526,123
244,393,551,459,297,470,526,123
244,393,551,552,526,123
244,393,551
244,393,551,223
244,393,551,459
244,393,551,552,526,96,121,470,297,459
244,393,551,552,526,96,121,470,296,297,459
244,393,551,552,526,96,470,297,459
244,393,551,552,526,96,470,296,297,459
244,393,551,552,526,296,297,459
244,393,551,552,526,296,470,297,459
244,393,551,552,526,470,297,459
244,393,551,552
244,393,551,297,296,470,96,526,552,238
244,393,551,297,296,470,121,96,526,552,238
244,393,551,297,296,470,526,552,238
244,393,551,297,296,526,552,238
244,393,551,297,470,96,526,552,238
244,393,551,297,470,121,96,526,552,238
244,393,551,297,470,526,552,238
244,393,551,459,297,296,470,96,526,552,238
244,393,551,459,297,296,470,121,96,526,552,238
244,393,551,459,297,296,470,526,552,238
244,393,551,459,297,296,526,552,238
244,393,551,459,297,470,96,526,552,238
244,393,551,459,297,470,121,96,526,552,238
244,393,551,459,297,470,526,552,238
244,393,551,552,238
397,37,455
397,37,313,314,507
397,37,536,314,507
397,37,536
397,37,313,314,548
397,37,536,314,548
404,57,56,53,429
404,57,112,53,429
404,57,298,53,429
404,57,546,53,429
404,57,569,53,429
404,57,56,53,429,430
404,57,112,53,429,430
404,57,298,53,429,430
404,57,546,53,429,430
404,57,569,53,429,430
404,57,519
404,57,546
404,57,569,53,546
404,57,569
404,57,579
404,57,613
405,119,415
405,119,450
405,119,485
405,119,521
405,119,533
405,119,545
405,119,557
405,119,560
408,15,55,497
415,119,450
415,119,485
415,119,521
415,119,533
415,119,545
415,119,557
415,119,560
418,308
419,8,578
429,430
429,53,56,57,519
429,53,112,57,519
429,53,298,57,519
429,53,546,57,519
429,53,569,57,519
429,53,546
429,53,569,57,546
429,53,569
429,53,56,57,579
429,53,112,57,579
429,53,298,57,579
429,53,546,57,579
429,53,569,57,579
429,53,56,57,613
429,53,112,57,613
429,53,298,57,613
429,53,546,57,613
429,53,569,57,613
430,429,53,56,57,519
430,429,53,112,57,519
430,429,53,298,57,519
430,429,53,546,57,519
430,429,53,569,57,519
430,429,53,546
430,429,53,569,57,546
430,429,53,569
430,429,53,56,57,579
430,429,53,112,57,579
430,429,53,298,57,579
430,429,53,546,57,579
430,429,53,569,57,579
430,429,53,56,57,613
430,429,53,112,57,613
430,429,53,298,57,613
430,429,53,546,57,613
430,429,53,569,57,613
446,195,500
446,556
450,119,485
450,119,521
450,119,533
450,119,545
450,119,557
450,119,560
453,34,463
455,37,313,314,507
455,37,536,314,507
455,37,536
455,37,313,314,548
455,37,536,314,548
468,362
468,452
362,468,452
470,526
470,297,551,552,526,346
470,297,459,551,552,526,346
470,526,346
470,297,551,552,526,123
470,297,459,551,552,526,123
470,526,123
470,297,551
470,297,459,551
470,526,552,551
470,297,551,223
470,297,459,551,223
470,526,552,551,223
470,297,459
470,526,552,551,459
470,297,551,552
470,297,459,551,552
470,526,552
470,297,551,552,238
470,297,459,551,552,238
470,526,552,238
471,472
471,334,24,549
471,472,334,24,549
471,472,28
472,334,24,549
472,28
480,481
480,283
481,480,283
485,119,521
485,119,533
485,119,545
485,119,557
485,119,560
87,208,547
87,208,575,183,184,607,110,547
87,208,575,110,547
87,608,607,110,547
87,608,607,110,575,208,547
87,608,607,184,183,185,110,547
87,608,607,184,183,575,110,547
87,608,607,184,183,575,208,547
87,608,110,547
87,608,110,575,208,547
87,208,575
87,608,607,110,575
87,608,607,184,183,575
87,608,110,575
87,208,207,110,607
87,208,185,183,184,607
87,208,185,183,575,110,607
87,208,185,110,607
87,208,547,110,607
87,208,575,183,184,607
87,208,575,110,607
87,608,607
87,608
500,195,194,196,556
500,195,446,556
500,195,277,556
506,95
507,314,536
507,314,548
519,57,546
519,57,569,53,546
519,57,569
519,57,579
519,57,613
521,119,533
521,119,545
521,119,557
521,119,560
526,346
526,123
526,296,297,551
526,296,297,459,551
526,470,297,551
526,470,297,459,551
526,552,551
526,296,297,551,223
526,296,297,459,551,223
526,470,297,551,223
526,470,297,459,551,223
526,552,551,223
526,296,297,459
526,470,297,459
526,552,551,459
526,552
526,296,297,551,552,238
526,296,297,459,551,552,238
526,470,297,551,552,238
526,470,297,459,551,552,238
526,552,238
346,526,123
346,526,96,121,470,297,551
346,526,96,121,470,297,459,551
346,526,96,121,470,296,297,551
346,526,96,121,470,296,297,459,551
346,526,96,470,297,551
346,526,96,470,297,459,551
346,526,96,470,296,297,551
346,526,96,470,296,297,459,551
346,526,296,297,551
346,526,296,297,459,551
346,526,296,470,297,551
346,526,296,470,297,459,551
346,526,470,297,551
346,526,470,297,459,551
346,526,552,551
346,526,96,121,470,297,551,223
346,526,96,121,470,297,459,551,223
346,526,96,121,470,296,297,551,223
346,526,96,121,470,296,297,459,551,223
346,526,96,470,297,551,223
346,526,96,470,297,459,551,223
346,526,96,470,296,297,551,223
346,526,96,470,296,297,459,551,223
346,526,296,297,551,223
346,526,296,297,459,551,223
346,526,296,470,297,551,223
346,526,296,470,297,459,551,223
346,526,470,297,551,223
346,526,470,297,459,551,223
346,526,552,551,223
346,526,96,121,470,297,459
346,526,96,121,470,296,297,459
346,526,96,470,297,459
346,526,96,470,296,297,459
346,526,296,297,459
346,526,296,470,297,459
346,526,470,297,459
346,526,552,551,459
346,526,552
346,526,96,121,470,297,551,552,238
346,526,96,121,470,297,459,551,552,238
346,526,96,121,470,296,297,551,552,238
346,526,96,121,470,296,297,459,551,552,238
346,526,96,470,297,551,552,238
346,526,96,470,297,459,551,552,238
346,526,96,470,296,297,551,552,238
346,526,96,470,296,297,459,551,552,238
346,526,296,297,551,552,238
346,526,296,297,459,551,552,238
346,526,296,470,297,551,552,238
346,526,296,470,297,459,551,552,238
346,526,470,297,551,552,238
346,526,470,297,459,551,552,238
346,526,552,238
123,526,96,121,470,297,551
123,526,96,121,470,297,459,551
123,526,96,121,470,296,297,551
123,526,96,121,470,296,297,459,551
123,526,96,470,297,551
123,526,96,470,297,459,551
123,526,96,470,296,297,551
123,526,96,470,296,297,459,551
123,526,296,297,551
123,526,296,297,459,551
123,526,296,470,297,551
123,526,296,470,297,459,551
123,526,470,297,551
123,526,470,297,459,551
123,526,552,551
123,526,96,121,470,297,551,223
123,526,96,121,470,297,459,551,223
123,526,96,121,470,296,297,551,223
123,526,96,121,470,296,297,459,551,223
123,526,96,470,297,551,223
123,526,96,470,297,459,551,223
123,526,96,470,296,297,551,223
123,526,96,470,296,297,459,551,223
123,526,296,297,551,223
123,526,296,297,459,551,223
123,526,296,470,297,551,223
123,526,296,470,297,459,551,223
123,526,470,297,551,223
123,526,470,297,459,551,223
123,526,552,551,223
123,526,96,121,470,297,459
123,526,96,121,470,296,297,459
123,526,96,470,297,459
123,526,96,470,296,297,459
123,526,296,297,459
123,526,296,470,297,459
123,526,470,297,459
123,526,552,551,459
123,526,552
123,526,96,121,470,297,551,552,238
123,526,96,121,470,297,459,551,552,238
123,526,96,121,470,296,297,551,552,238
123,526,96,121,470,296,297,459,551,552,238
123,526,96,470,297,551,552,238
123,526,96,470,297,459,551,552,238
123,526,96,470,296,297,551,552,238
123,526,96,470,296,297,459,551,552,238
123,526,296,297,551,552,238
123,526,296,297,459,551,552,238
123,526,296,470,297,551,552,238
123,526,296,470,297,459,551,552,238
123,526,470,297,551,552,238
123,526,470,297,459,551,552,238
123,526,552,238
533,119,545
533,119,557
533,119,560
536,314,548
545,119,557
545,119,560
546,53,569
546,57,569
546,53,569,57,579
546,57,579
546,53,569,57,613
546,57,613
547,110,575
547,110,607,184,183,575
547,110,608,607,184,183,575
547,208,575
547,110,607
547,110,608,607
547,208,185,183,184,607
547,208,87,608,607
547,208,575,183,184,607
547,208,575,110,607
547,208,575,110,608,607
547,110,608
547,208,185,183,184,607,608
547,208,87,608
547,208,575,183,184,607,608
547,208,575,110,608
549,24,334,471,472,28
549,24,334,472,28
551,223
551,459
551,552
551,552,238
223,551,459
223,551,552,526,96,121,470,297,459
223,551,552,526,96,121,470,296,297,459
223,551,552,526,96,470,297,459
223,551,552,526,96,470,296,297,459
223,551,552,526,296,297,459
223,551,552,526,296,470,297,459
223,551,552,526,470,297,459
223,551,552
223,551,297,296,470,96,526,552,238
223,551,297,296,470,121,96,526,552,238
223,551,297,296,470,526,552,238
223,551,297,296,526,552,238
223,551,297,470,96,526,552,238
223,551,297,470,121,96,526,552,238
223,551,297,470,526,552,238
223,551,459,297,296,470,96,526,552,238
223,551,459,297,296,470,121,96,526,552,238
223,551,459,297,296,470,526,552,238
223,551,459,297,296,526,552,238
223,551,459,297,470,96,526,552,238
223,551,459,297,470,121,96,526,552,238
223,551,459,297,470,526,552,238
223,551,552,238
459,551,552
459,297,296,470,96,526,552
459,297,296,470,121,96,526,552
459,297,296,470,526,552
459,297,296,526,552
459,297,470,96,526,552
459,297,470,121,96,526,552
459,297,470,526,552
459,551,552,238
459,297,296,470,96,526,552,238
459,297,296,470,121,96,526,552,238
459,297,296,470,526,552,238
459,297,296,526,552,238
459,297,470,96,526,552,238
459,297,470,121,96,526,552,238
459,297,470,526,552,238
552,238
557,119,560
569,57,579
569,57,613
570,425
572,513
575,183,184,607
575,110,607
575,110,608,607
575,208,87,608,607
575,183,184,607,608
575,110,608
575,208,87,608
579,57,613
607,608
