2,3
2,3,140
3,140
6,7
6,8
6,8,73
6,8,73,74
6,8,76
7,6,8
7,6,8,73
7,6,8,73,74
7,6,8,76
8,73
8,73,74
8,76
13,14
13,15,18,19,14
13,15,18,20,19,14
13,15,18,24,23,14
13,15,23,14
13,15,23,24,18,19,14
13,15,23,24,18,20,19,14
13,15,42,20,18,19,14
13,15,42,20,18,24,23,14
13,15,42,20,19,18,24,23,14
13,15,42,20,19,14
13,17,185,14
13,15
13,17,185,14,23,15
13,17,185,14,23,24,18,15
13,17,185,14,23,24,18,19,20,42,15
13,17,185,14,23,24,18,20,42,15
13,17,185,14,19,18,15
13,17,185,14,19,18,20,42,15
13,17,185,14,19,18,24,23,15
13,17,185,14,19,20,18,15
13,17,185,14,19,20,18,24,23,15
13,17,185,14,19,20,42,15
13,16
13,17
13,14,23,15,18
13,14,23,15,42,20,18
13,14,23,15,42,20,19,18
13,14,23,24,18
13,14,19,18
13,14,19,20,18
13,15,18
13,15,23,14,19,18
13,15,23,14,19,20,18
13,15,23,24,18
13,15,42,20,18
13,15,42,20,19,18
13,17,185,14,23,15,18
13,17,185,14,23,15,42,20,18
13,17,185,14,23,15,42,20,19,18
13,17,185,14,23,24,18
13,17,185,14,19,18
13,17,185,14,19,20,18
13,14,23,15,42,20,19
13,14,23,24,18,19
13,14,23,24,18,20,19
13,14,19
13,15,18,19
13,15,18,20,19
13,15,23,14,19
13,15,23,24,18,19
13,15,23,24,18,20,19
13,15,42,20,19
13,17,185,14,23,15,18,19
13,17,185,14,23,15,18,20,19
13,17,185,14,23,15,42,20,19
13,17,185,14,23,24,18,19
13,17,185,14,23,24,18,20,19
13,17,185,14,19
13,14,23,15,18,20
13,14,23,15,42,20
13,14,23,24,18,20
13,14,19,20
13,15,18,20
13,15,23,14,19,20
13,15,23,24,18,20
13,15,42,20
13,17,185,14,23,15,18,20
13,17,185,14,23,15,42,20
13,17,185,14,23,24,18,20
13,17,185,14,19,20
13,14,23
13,15,23
13,15,42,20,18,24,23
13,15,42,20,19,18,24,23
13,17,185,14,23
13,14,23,24
13,14,19,18,24
13,14,19,20,18,24
13,14,19,20,42,15,18,24
13,14,19,20,42,15,23,24
13,15,18,24
13,15,23,24
13,15,42,20,18,24
13,15,42,20,19,18,24
13,17,185,14,23,24
13,17,185,14,19,18,24
13,17,185,14,19,20,18,24
13,17,185,14,19,20,42,15,18,24
13,17,185,14,19,20,42,15,23,24
13,14,27
13,15,18,19,14,27
13,15,18,20,19,14,27
13,15,18,24,23,14,27
13,15,23,14,27
13,15,23,24,18,19,14,27
13,15,23,24,18,20,19,14,27
13,15,42,20,18,19,14,27
13,15,42,20,18,24,23,14,27
13,15,42,20,19,18,24,23,14,27
13,15,42,20,19,14,27
13,17,185,14,27
13,14,23,15,32
13,14,23,24,18,15,32
13,14,23,24,18,19,20,42,15,32
13,14,23,24,18,20,42,15,32
13,14,19,18,15,32
13,14,19,18,20,42,15,32
13,14,19,18,24,23,15,32
13,14,19,20,18,15,32
13,14,19,20,18,24,23,15,32
13,14,19,20,42,15,32
13,15,32
13,17,185,14,23,15,32
13,17,185,14,23,24,18,15,32
13,17,185,14,23,24,18,19,20,42,15,32
13,17,185,14,23,24,18,20,42,15,32
13,17,185,14,19,18,15,32
13,17,185,14,19,18,20,42,15,32
13,17,185,14,19,18,24,23,15,32
13,17,185,14,19,20,18,15,32
13,17,185,14,19,20,18,24,23,15,32
13,17,185,14,19,20,42,15,32
13,14,23,15,42
13,14,23,24,18,15,42
13,14,23,24,18,19,20,42
13,14,23,24,18,20,42
13,14,19,18,15,42
13,14,19,18,20,42
13,14,19,18,24,23,15,42
13,14,19,20,42
13,15,42
13,17,185,14,23,15,42
13,17,185,14,23,24,18,15,42
13,17,185,14,23,24,18,19,20,42
13,17,185,14,23,24,18,20,42
13,17,185,14,19,18,15,42
13,17,185,14,19,18,20,42
13,17,185,14,19,18,24,23,15,42
13,17,185,14,19,20,42
13,14,23,15,18,19,34
13,14,23,15,18,20,19,34
13,14,23,15,42,20,18,19,34
13,14,23,15,42,20,19,34
13,14,23,24,18,15,42,20,19,34
13,14,23,24,18,19,34
13,14,23,24,18,20,19,34
13,14,19,34
13,15,18,19,34
13,15,18,20,19,34
13,15,18,24,23,14,19,34
13,15,23,14,19,34
13,15,23,24,18,19,34
13,15,23,24,18,20,19,34
13,15,42,20,18,19,34
13,15,42,20,19,34
13,17,185,14,23,15,18,19,34
13,17,185,14,23,15,18,20,19,34
13,17,185,14,23,15,42,20,18,19,34
13,17,185,14,23,15,42,20,19,34
13,17,185,14,23,24,18,15,42,20,19,34
13,17,185,14,23,24,18,19,34
13,17,185,14,23,24,18,20,19,34
13,17,185,14,19,34
13,14,23,15,18,24,89
13,14,23,15,42,20,18,24,89
13,14,23,15,42,20,19,18,24,89
13,14,23,24,89
13,14,19,18,15,23,24,89
13,14,19,18,24,89
13,14,19,20,18,15,23,24,89
13,14,19,20,18,24,89
13,14,19,20,42,15,18,24,89
13,14,19,20,42,15,23,24,89
13,15,18,24,89
13,15,23,24,89
13,15,42,20,18,24,89
13,15,42,20,19,18,24,89
13,17,185,14,23,15,18,24,89
13,17,185,14,23,15,42,20,18,24,89
13,17,185,14,23,15,42,20,19,18,24,89
13,17,185,14,23,24,89
13,17,185,14,19,18,15,23,24,89
13,17,185,14,19,18,24,89
13,17,185,14,19,20,18,15,23,24,89
13,17,185,14,19,20,18,24,89
13,17,185,14,19,20,42,15,18,24,89
13,17,185,14,19,20,42,15,23,24,89
13,14,23,15,160,94
13,14,23,24,18,15,160,94
13,14,23,24,18,19,20,42,15,160,94
13,14,23,24,18,20,42,15,160,94
13,14,19,18,15,160,94
13,14,19,18,20,42,15,160,94
13,14,19,18,24,23,15,160,94
13,14,19,20,18,15,160,94
13,14,19,20,18,24,23,15,160,94
13,14,19,20,42,15,160,94
13,15,160,94
13,17,185,14,23,15,160,94
13,17,185,14,23,24,18,15,160,94
13,17,185,14,23,24,18,19,20,42,15,160,94
13,17,185,14,23,24,18,20,42,15,160,94
13,17,185,14,19,18,15,160,94
13,17,185,14,19,18,20,42,15,160,94
13,17,185,14,19,18,24,23,15,160,94
13,17,185,14,19,20,18,15,160,94
13,17,185,14,19,20,18,24,23,15,160,94
13,17,185,14,19,20,42,15,160,94
13,14,23,15,160,94,41
13,14,23,24,18,15,160,94,41
13,14,23,24,18,19,20,42,15,160,94,41
13,14,23,24,18,20,42,15,160,94,41
13,14,19,18,15,160,94,41
13,14,19,18,20,42,15,160,94,41
13,14,19,18,24,23,15,160,94,41
13,14,19,20,18,15,160,94,41
13,14,19,20,18,24,23,15,160,94,41
13,14,19,20,42,15,160,94,41
13,15,160,94,41
13,17,185,14,23,15,160,94,41
13,17,185,14,23,24,18,15,160,94,41
13,17,185,14,23,24,18,19,20,42,15,160,94,41
13,17,185,14,23,24,18,20,42,15,160,94,41
13,17,185,14,19,18,15,160,94,41
13,17,185,14,19,18,20,42,15,160,94,41
13,17,185,14,19,18,24,23,15,160,94,41
13,17,185,14,19,20,18,15,160,94,41
13,17,185,14,19,20,18,24,23,15,160,94,41
13,17,185,14,19,20,42,15,160,94,41
13,14,23,15,18,19,20,112
13,14,23,15,18,20,112
13,14,23,15,42,20,112
13,14,23,24,18,15,42,20,112
13,14,23,24,18,19,20,112
13,14,23,24,18,20,112
13,14,19,18,15,42,20,112
13,14,19,18,20,112
13,14,19,18,24,23,15,42,20,112
13,14,19,20,112
13,15,18,19,20,112
13,15,18,20,112
13,15,18,24,23,14,19,20,112
13,15,23,14,19,20,112
13,15,23,24,18,19,20,112
13,15,23,24,18,20,112
13,15,42,20,112
13,17,185,14,23,15,18,19,20,112
13,17,185,14,23,15,18,20,112
13,17,185,14,23,15,42,20,112
13,17,185,14,23,24,18,15,42,20,112
13,17,185,14,23,24,18,19,20,112
13,17,185,14,23,24,18,20,112
13,17,185,14,19,18,15,42,20,112
13,17,185,14,19,18,20,112
13,17,185,14,19,18,24,23,15,42,20,112
13,17,185,14,19,20,112
13,14,23,15,160
13,14,23,24,18,15,160
13,14,23,24,18,19,20,42,15,160
13,14,23,24,18,20,42,15,160
13,14,19,18,15,160
13,14,19,18,20,42,15,160
13,14,19,18,24,23,15,160
13,14,19,20,18,15,160
13,14,19,20,18,24,23,15,160
13,14,19,20,42,15,160
13,15,160
13,17,185,14,23,15,160
13,17,185,14,23,24,18,15,160
13,17,185,14,23,24,18,19,20,42,15,160
13,17,185,14,23,24,18,20,42,15,160
13,17,185,14,19,18,15,160
13,17,185,14,19,18,20,42,15,160
13,17,185,14,19,18,24,23,15,160
13,17,185,14,19,20,18,15,160
13,17,185,14,19,20,18,24,23,15,160
13,17,185,14,19,20,42,15,160
13,14,23,15,18,163
13,14,23,15,42,20,18,163
13,14,23,15,42,20,19,18,163
13,14,23,24,18,163
13,14,19,18,163
13,14,19,20,18,163
13,14,19,20,42,15,18,163
13,14,19,20,42,15,23,24,18,163
13,15,18,163
13,15,23,14,19,18,163
13,15,23,14,19,20,18,163
13,15,23,24,18,163
13,15,42,20,18,163
13,15,42,20,19,18,163
13,17,185,14,23,15,18,163
13,17,185,14,23,15,42,20,18,163
13,17,185,14,23,15,42,20,19,18,163
13,17,185,14,23,24,18,163
13,17,185,14,19,18,163
13,17,185,14,19,20,18,163
13,17,185,14,19,20,42,15,18,163
13,17,185,14,19,20,42,15,23,24,18,163
13,14,23,15,168
13,14,23,24,18,15,168
13,14,23,24,18,19,20,42,15,168
13,14,23,24,18,20,42,15,168
13,14,19,18,15,168
13,14,19,18,20,42,15,168
13,14,19,18,24,23,15,168
13,14,19,20,18,15,168
13,14,19,20,18,24,23,15,168
13,14,19,20,42,15,168
13,15,168
13,17,185,14,23,15,168
13,17,185,14,23,24,18,15,168
13,17,185,14,23,24,18,19,20,42,15,168
13,17,185,14,23,24,18,20,42,15,168
13,17,185,14,19,18,15,168
13,17,185,14,19,18,20,42,15,168
13,17,185,14,19,18,24,23,15,168
13,17,185,14,19,20,18,15,168
13,17,185,14,19,20,18,24,23,15,168
13,17,185,14,19,20,42,15,168
13,14,180
13,15,18,19,14,180
13,15,18,20,19,14,180
13,15,18,24,23,14,180
13,15,23,14,180
13,15,23,24,18,19,14,180
13,15,23,24,18,20,19,14,180
13,15,42,20,18,19,14,180
13,15,42,20,18,24,23,14,180
13,15,42,20,19,18,24,23,14,180
13,15,42,20,19,14,180
13,17,185,14,180
13,14,185
13,15,18,19,14,185
13,15,18,20,19,14,185
13,15,18,24,23,14,185
13,15,23,14,185
13,15,23,24,18,19,14,185
13,15,23,24,18,20,19,14,185
13,15,42,20,18,19,14,185
13,15,42,20,18,24,23,14,185
13,15,42,20,19,18,24,23,14,185
13,15,42,20,19,14,185
13,17,185
13,14,185,157
13,15,18,19,14,185,157
13,15,18,20,19,14,185,157
13,15,18,24,23,14,185,157
13,15,23,14,185,157
13,15,23,24,18,19,14,185,157
13,15,23,24,18,20,19,14,185,157
13,15,42,20,18,19,14,185,157
13,15,42,20,18,24,23,14,185,157
13,15,42,20,19,18,24,23,14,185,157
13,15,42,20,19,14,185,157
13,17,185,157
13,14,185,65
13,15,18,19,14,185,65
13,15,18,20,19,14,185,65
13,15,18,24,23,14,185,65
13,15,23,14,185,65
13,15,23,24,18,19,14,185,65
13,15,23,24,18,20,19,14,185,65
13,15,42,20,18,19,14,185,65
13,15,42,20,18,24,23,14,185,65
13,15,42,20,19,18,24,23,14,185,65
13,15,42,20,19,14,185,65
13,17,185,65
14,13,15
14,23,15
14,23,24,18,15
14,23,24,18,19,20,42,15
14,23,24,18,20,42,15
14,19,18,15
14,19,18,20,42,15
14,19,18,24,23,15
14,19,20,18,15
14,19,20,18,24,23,15
14,19,20,42,15
14,185,17,13,15
14,13,16
14,23,15,13,16
14,23,24,18,15,13,16
14,23,24,18,19,20,42,15,13,16
14,23,24,18,20,42,15,13,16
14,19,18,15,13,16
14,19,18,20,42,15,13,16
14,19,18,24,23,15,13,16
14,19,20,18,15,13,16
14,19,20,18,24,23,15,13,16
14,19,20,42,15,13,16
14,185,17,13,16
14,13,17
14,23,15,13,17
14,23,24,18,15,13,17
14,23,24,18,19,20,42,15,13,17
14,23,24,18,20,42,15,13,17
14,19,18,15,13,17
14,19,18,20,42,15,13,17
14,19,18,24,23,15,13,17
14,19,20,18,15,13,17
14,19,20,18,24,23,15,13,17
14,19,20,42,15,13,17
14,185,17
14,13,15,18
14,13,15,42,20,18
14,23,15,18
14,23,15,42,20,18
14,23,15,42,20,19,18
14,23,24,18
14,19,18
14,19,20,18
14,185,17,13,15,18
14,185,17,13,15,42,20,18
14,23,15,18,19
14,23,15,18,20,19
14,23,15,42,20,19
14,23,24,18,19
14,23,24,18,20,19
14,19
14,13,15,18,20
14,13,15,23,24,18,20
14,13,15,42,20
14,23,15,18,20
14,23,15,42,20
14,23,24,18,20
14,19,20
14,185,17,13,15,18,20
14,185,17,13,15,23,24,18,20
14,185,17,13,15,42,20
14,23
14,13,15,18,24
14,13,15,23,24
14,13,15,42,20,18,24
14,23,24
14,19,18,24
14,19,20,18,24
14,19,20,42,15,18,24
14,19,20,42,15,23,24
14,185,17,13,15,18,24
14,185,17,13,15,23,24
14,185,17,13,15,42,20,18,24
14,27
14,13,15,32
14,23,15,32
14,23,24,18,15,32
14,23,24,18,19,20,42,15,32
14,23,24,18,20,42,15,32
14,19,18,15,32
14,19,18,20,42,15,32
14,19,18,24,23,15,32
14,19,20,18,15,32
14,19,20,18,24,23,15,32
14,19,20,42,15,32
14,185,17,13,15,32
14,13,15,42
14,23,15,42
14,23,24,18,15,42
14,23,24,18,19,20,42
14,23,24,18,20,42
14,19,18,15,42
14,19,18,20,42
14,19,18,24,23,15,42
14,19,20,42
14,185,17,13,15,42
14,13,15,18,19,34
14,13,15,18,20,19,34
14,13,15,23,24,18,20,19,34
14,13,15,42,20,18,19,34
14,13,15,42,20,19,34
14,23,15,18,19,34
14,23,15,18,20,19,34
14,23,15,42,20,18,19,34
14,23,15,42,20,19,34
14,23,24,18,15,42,20,19,34
14,23,24,18,19,34
14,23,24,18,20,19,34
14,19,34
14,185,17,13,15,18,19,34
14,185,17,13,15,18,20,19,34
14,185,17,13,15,23,24,18,19,34
14,185,17,13,15,23,24,18,20,19,34
14,185,17,13,15,42,20,18,19,34
14,185,17,13,15,42,20,19,34
14,13,15,18,24,89
14,13,15,23,24,89
14,13,15,42,20,18,24,89
14,23,15,18,24,89
14,23,15,42,20,18,24,89
14,23,15,42,20,19,18,24,89
14,23,24,89
14,19,18,15,23,24,89
14,19,18,24,89
14,19,20,18,15,23,24,89
14,19,20,18,24,89
14,19,20,42,15,18,24,89
14,19,20,42,15,23,24,89
14,185,17,13,15,18,24,89
14,185,17,13,15,23,24,89
14,185,17,13,15,42,20,18,24,89
14,13,15,160,94
14,23,15,160,94
14,23,24,18,15,160,94
14,23,24,18,19,20,42,15,160,94
14,23,24,18,20,42,15,160,94
14,19,18,15,160,94
14,19,18,20,42,15,160,94
14,19,18,24,23,15,160,94
14,19,20,18,15,160,94
14,19,20,18,24,23,15,160,94
14,19,20,42,15,160,94
14,185,17,13,15,160,94
14,13,15,160,94,41
14,23,15,160,94,41
14,23,24,18,15,160,94,41
14,23,24,18,19,20,42,15,160,94,41
14,23,24,18,20,42,15,160,94,41
14,19,18,15,160,94,41
14,19,18,20,42,15,160,94,41
14,19,18,24,23,15,160,94,41
14,19,20,18,15,160,94,41
14,19,20,18,24,23,15,160,94,41
14,19,20,42,15,160,94,41
14,185,17,13,15,160,94,41
14,13,15,18,19,20,112
14,13,15,18,20,112
14,13,15,23,24,18,20,112
14,13,15,42,20,112
14,23,15,18,19,20,112
14,23,15,18,20,112
14,23,15,42,20,112
14,23,24,18,15,42,20,112
14,23,24,18,19,20,112
14,23,24,18,20,112
14,19,18,15,42,20,112
14,19,18,20,112
14,19,18,24,23,15,42,20,112
14,19,20,112
14,185,17,13,15,18,19,20,112
14,185,17,13,15,18,20,112
14,185,17,13,15,23,24,18,19,20,112
14,185,17,13,15,23,24,18,20,112
14,185,17,13,15,42,20,112
14,13,15,160
14,23,15,160
14,23,24,18,15,160
14,23,24,18,19,20,42,15,160
14,23,24,18,20,42,15,160
14,19,18,15,160
14,19,18,20,42,15,160
14,19,18,24,23,15,160
14,19,20,18,15,160
14,19,20,18,24,23,15,160
14,19,20,42,15,160
14,185,17,13,15,160
14,13,15,18,163
14,13,15,23,24,18,163
14,13,15,42,20,18,163
14,23,15,18,163
14,23,15,42,20,18,163
14,23,15,42,20,19,18,163
14,23,24,18,163
14,19,18,163
14,19,20,18,163
14,19,20,42,15,18,163
14,19,20,42,15,23,24,18,163
14,185,17,13,15,18,163
14,185,17,13,15,23,24,18,163
14,185,17,13,15,42,20,18,163
14,13,15,168
14,23,15,168
14,23,24,18,15,168
14,23,24,18,19,20,42,15,168
14,23,24,18,20,42,15,168
14,19,18,15,168
14,19,18,20,42,15,168
14,19,18,24,23,15,168
14,19,20,18,15,168
14,19,20,18,24,23,15,168
14,19,20,42,15,168
14,185,17,13,15,168
14,180
14,185
14,13,17,185,157
14,23,15,13,17,185,157
14,23,24,18,15,13,17,185,157
14,23,24,18,19,20,42,15,13,17,185,157
14,23,24,18,20,42,15,13,17,185,157
14,19,18,15,13,17,185,157
14,19,18,20,42,15,13,17,185,157
14,19,18,24,23,15,13,17,185,157
14,19,20,18,15,13,17,185,157
14,19,20,18,24,23,15,13,17,185,157
14,19,20,42,15,13,17,185,157
14,185,157
14,13,17,185,65
14,23,15,13,17,185,65
14,23,24,18,15,13,17,185,65
14,23,24,18,19,20,42,15,13,17,185,65
14,23,24,18,20,42,15,13,17,185,65
14,19,18,15,13,17,185,65
14,19,18,20,42,15,13,17,185,65
14,19,18,24,23,15,13,17,185,65
14,19,20,18,15,13,17,185,65
14,19,20,18,24,23,15,13,17,185,65
14,19,20,42,15,13,17,185,65
14,185,65
15,13,16
15,18,19,14,185,17,13,16
15,18,20,19,14,185,17,13,16
15,18,24,23,14,185,17,13,16
15,23,14,185,17,13,16
15,23,24,18,19,14,185,17,13,16
15,23,24,18,20,19,14,185,17,13,16
15,42,20,18,19,14,185,17,13,16
15,42,20,18,24,23,14,185,17,13,16
15,42,20,19,18,24,23,14,185,17,13,16
15,42,20,19,14,185,17,13,16
15,13,17
15,18,19,14,185,17
15,18,20,19,14,185,17
15,18,24,23,14,185,17
15,23,14,185,17
15,23,24,18,19,14,185,17
15,23,24,18,20,19,14,185,17
15,42,20,18,19,14,185,17
15,42,20,18,24,23,14,185,17
15,42,20,19,18,24,23,14,185,17
15,42,20,19,14,185,17
15,18
15,23,24,18
15,42,20,18
15,42,20,19,18
15,13,14,19
15,13,17,185,14,19
15,18,19
15,18,20,19
15,23,14,19
15,23,24,18,19
15,23,24,18,20,19
15,42,20,19
15,13,14,19,20
15,13,17,185,14,19,20
15,18,20
15,23,14,19,20
15,23,24,18,20
15,42,20
15,23
15,42,20,18,24,23
15,42,20,19,18,24,23
15,13,14,19,18,24
15,13,14,19,20,18,24
15,13,17,185,14,19,18,24
15,13,17,185,14,19,20,18,24
15,18,24
15,23,24
15,42,20,18,24
15,42,20,19,18,24
15,13,14,27
15,13,17,185,14,27
15,18,19,14,27
15,18,20,19,14,27
15,18,24,23,14,27
15,23,14,27
15,23,24,18,19,14,27
15,23,24,18,20,19,14,27
15,42,20,18,19,14,27
15,42,20,18,24,23,14,27
15,42,20,19,18,24,23,14,27
15,42,20,19,14,27
15,32
15,42
15,13,14,19,34
15,13,17,185,14,19,34
15,18,19,34
15,18,20,19,34
15,18,24,23,14,19,34
15,23,14,19,34
15,23,24,18,19,34
15,23,24,18,20,19,34
15,42,20,18,19,34
15,42,20,19,34
15,13,14,19,18,24,89
15,13,14,19,20,18,24,89
15,13,17,185,14,19,18,24,89
15,13,17,185,14,19,20,18,24,89
15,18,24,89
15,23,24,89
15,42,20,18,24,89
15,42,20,19,18,24,89
15,160,94
15,160,94,41
15,13,14,19,20,112
15,13,17,185,14,19,20,112
15,18,19,20,112
15,18,20,112
15,18,24,23,14,19,20,112
15,23,14,19,20,112
15,23,24,18,19,20,112
15,23,24,18,20,112
15,42,20,112
15,160
15,13,14,19,18,163
15,13,14,19,20,18,163
15,13,17,185,14,19,18,163
15,13,17,185,14,19,20,18,163
15,18,163
15,23,14,19,18,163
15,23,14,19,20,18,163
15,23,24,18,163
15,42,20,18,163
15,42,20,19,18,163
15,168
15,13,14,180
15,13,17,185,14,180
15,18,19,14,180
15,18,20,19,14,180
15,18,24,23,14,180
15,23,14,180
15,23,24,18,19,14,180
15,23,24,18,20,19,14,180
15,42,20,18,19,14,180
15,42,20,18,24,23,14,180
15,42,20,19,18,24,23,14,180
15,42,20,19,14,180
15,13,14,185
15,13,17,185
15,18,19,14,185
15,18,20,19,14,185
15,18,24,23,14,185
15,23,14,185
15,23,24,18,19,14,185
15,23,24,18,20,19,14,185
15,42,20,18,19,14,185
15,42,20,18,24,23,14,185
15,42,20,19,18,24,23,14,185
15,42,20,19,14,185
15,13,14,185,157
15,13,17,185,157
15,18,19,14,185,157
15,18,20,19,14,185,157
15,18,24,23,14,185,157
15,23,14,185,157
15,23,24,18,19,14,185,157
15,23,24,18,20,19,14,185,157
15,42,20,18,19,14,185,157
15,42,20,18,24,23,14,185,157
15,42,20,19,18,24,23,14,185,157
15,42,20,19,14,185,157
15,13,14,185,65
15,13,17,185,65
15,18,19,14,185,65
15,18,20,19,14,185,65
15,18,24,23,14,185,65
15,23,14,185,65
15,23,24,18,19,14,185,65
15,23,24,18,20,19,14,185,65
15,42,20,18,19,14,185,65
15,42,20,18,24,23,14,185,65
15,42,20,19,18,24,23,14,185,65
15,42,20,19,14,185,65
16,13,17
16,13,14,23,15,18
16,13,14,23,15,42,20,18
16,13,14,23,15,42,20,19,18
16,13,14,23,24,18
16,13,14,19,18
16,13,14,19,20,18
16,13,15,18
16,13,15,23,14,19,18
16,13,15,23,14,19,20,18
16,13,15,23,24,18
16,13,15,42,20,18
16,13,15,42,20,19,18
16,13,17,185,14,23,15,18
16,13,17,185,14,23,15,42,20,18
16,13,17,185,14,23,15,42,20,19,18
16,13,17,185,14,23,24,18
16,13,17,185,14,19,18
16,13,17,185,14,19,20,18
16,13,14,23,15,42,20,19
16,13,14,23,24,18,19
16,13,14,23,24,18,20,19
16,13,14,19
16,13,15,18,19
16,13,15,18,20,19
16,13,15,23,14,19
16,13,15,23,24,18,19
16,13,15,23,24,18,20,19
16,13,15,42,20,19
16,13,17,185,14,23,15,18,19
16,13,17,185,14,23,15,18,20,19
16,13,17,185,14,23,15,42,20,19
16,13,17,185,14,23,24,18,19
16,13,17,185,14,23,24,18,20,19
16,13,17,185,14,19
16,13,14,23,15,18,20
16,13,14,23,15,42,20
16,13,14,23,24,18,20
16,13,14,19,20
16,13,15,18,20
16,13,15,23,14,19,20
16,13,15,23,24,18,20
16,13,15,42,20
16,13,17,185,14,23,15,18,20
16,13,17,185,14,23,15,42,20
16,13,17,185,14,23,24,18,20
16,13,17,185,14,19,20
16,13,14,23
16,13,15,23
16,13,15,42,20,18,24,23
16,13,15,42,20,19,18,24,23
16,13,17,185,14,23
16,13,14,23,24
16,13,14,19,18,24
16,13,14,19,20,18,24
16,13,14,19,20,42,15,18,24
16,13,14,19,20,42,15,23,24
16,13,15,18,24
16,13,15,23,24
16,13,15,42,20,18,24
16,13,15,42,20,19,18,24
16,13,17,185,14,23,24
16,13,17,185,14,19,18,24
16,13,17,185,14,19,20,18,24
16,13,17,185,14,19,20,42,15,18,24
16,13,17,185,14,19,20,42,15,23,24
16,13,14,27
16,13,15,18,19,14,27
16,13,15,18,20,19,14,27
16,13,15,18,24,23,14,27
16,13,15,23,14,27
16,13,15,23,24,18,19,14,27
16,13,15,23,24,18,20,19,14,27
16,13,15,42,20,18,19,14,27
16,13,15,42,20,18,24,23,14,27
16,13,15,42,20,19,18,24,23,14,27
16,13,15,42,20,19,14,27
16,13,17,185,14,27
16,13,14,23,15,32
16,13,14,23,24,18,15,32
16,13,14,23,24,18,19,20,42,15,32
16,13,14,23,24,18,20,42,15,32
16,13,14,19,18,15,32
16,13,14,19,18,20,42,15,32
16,13,14,19,18,24,23,15,32
16,13,14,19,20,18,15,32
16,13,14,19,20,18,24,23,15,32
16,13,14,19,20,42,15,32
16,13,15,32
16,13,17,185,14,23,15,32
16,13,17,185,14,23,24,18,15,32
16,13,17,185,14,23,24,18,19,20,42,15,32
16,13,17,185,14,23,24,18,20,42,15,32
16,13,17,185,14,19,18,15,32
16,13,17,185,14,19,18,20,42,15,32
16,13,17,185,14,19,18,24,23,15,32
16,13,17,185,14,19,20,18,15,32
16,13,17,185,14,19,20,18,24,23,15,32
16,13,17,185,14,19,20,42,15,32
16,13,14,23,15,42
16,13,14,23,24,18,15,42
16,13,14,23,24,18,19,20,42
16,13,14,23,24,18,20,42
16,13,14,19,18,15,42
16,13,14,19,18,20,42
16,13,14,19,18,24,23,15,42
16,13,14,19,20,42
16,13,15,42
16,13,17,185,14,23,15,42
16,13,17,185,14,23,24,18,15,42
16,13,17,185,14,23,24,18,19,20,42
16,13,17,185,14,23,24,18,20,42
16,13,17,185,14,19,18,15,42
16,13,17,185,14,19,18,20,42
16,13,17,185,14,19,18,24,23,15,42
16,13,17,185,14,19,20,42
16,13,14,23,15,18,19,34
16,13,14,23,15,18,20,19,34
16,13,14,23,15,42,20,18,19,34
16,13,14,23,15,42,20,19,34
16,13,14,23,24,18,15,42,20,19,34
16,13,14,23,24,18,19,34
16,13,14,23,24,18,20,19,34
16,13,14,19,34
16,13,15,18,19,34
16,13,15,18,20,19,34
16,13,15,18,24,23,14,19,34
16,13,15,23,14,19,34
16,13,15,23,24,18,19,34
16,13,15,23,24,18,20,19,34
16,13,15,42,20,18,19,34
16,13,15,42,20,19,34
16,13,17,185,14,23,15,18,19,34
16,13,17,185,14,23,15,18,20,19,34
16,13,17,185,14,23,15,42,20,18,19,34
16,13,17,185,14,23,15,42,20,19,34
16,13,17,185,14,23,24,18,15,42,20,19,34
16,13,17,185,14,23,24,18,19,34
16,13,17,185,14,23,24,18,20,19,34
16,13,17,185,14,19,34
16,13,14,23,15,18,24,89
16,13,14,23,15,42,20,18,24,89
16,13,14,23,15,42,20,19,18,24,89
16,13,14,23,24,89
16,13,14,19,18,15,23,24,89
16,13,14,19,18,24,89
16,13,14,19,20,18,15,23,24,89
16,13,14,19,20,18,24,89
16,13,14,19,20,42,15,18,24,89
16,13,14,19,20,42,15,23,24,89
16,13,15,18,24,89
16,13,15,23,24,89
16,13,15,42,20,18,24,89
16,13,15,42,20,19,18,24,89
16,13,17,185,14,23,15,18,24,89
16,13,17,185,14,23,15,42,20,18,24,89
16,13,17,185,14,23,15,42,20,19,18,24,89
16,13,17,185,14,23,24,89
16,13,17,185,14,19,18,15,23,24,89
16,13,17,185,14,19,18,24,89
16,13,17,185,14,19,20,18,15,23,24,89
16,13,17,185,14,19,20,18,24,89
16,13,17,185,14,19,20,42,15,18,24,89
16,13,17,185,14,19,20,42,15,23,24,89
16,13,14,23,15,160,94
16,13,14,23,24,18,15,160,94
16,13,14,23,24,18,19,20,42,15,160,94
16,13,14,23,24,18,20,42,15,160,94
16,13,14,19,18,15,160,94
16,13,14,19,18,20,42,15,160,94
16,13,14,19,18,24,23,15,160,94
16,13,14,19,20,18,15,160,94
16,13,14,19,20,18,24,23,15,160,94
16,13,14,19,20,42,15,160,94
16,13,15,160,94
16,13,17,185,14,23,15,160,94
16,13,17,185,14,23,24,18,15,160,94
16,13,17,185,14,23,24,18,19,20,42,15,160,94
16,13,17,185,14,23,24,18,20,42,15,160,94
16,13,17,185,14,19,18,15,160,94
16,13,17,185,14,19,18,20,42,15,160,94
16,13,17,185,14,19,18,24,23,15,160,94
16,13,17,185,14,19,20,18,15,160,94
16,13,17,185,14,19,20,18,24,23,15,160,94
16,13,17,185,14,19,20,42,15,160,94
16,13,14,23,15,160,94,41
16,13,14,23,24,18,15,160,94,41
16,13,14,23,24,18,19,20,42,15,160,94,41
16,13,14,23,24,18,20,42,15,160,94,41
16,13,14,19,18,15,160,94,41
16,13,14,19,18,20,42,15,160,94,41
16,13,14,19,18,24,23,15,160,94,41
16,13,14,19,20,18,15,160,94,41
16,13,14,19,20,18,24,23,15,160,94,41
16,13,14,19,20,42,15,160,94,41
16,13,15,160,94,41
16,13,17,185,14,23,15,160,94,41
16,13,17,185,14,23,24,18,15,160,94,41
16,13,17,185,14,23,24,18,19,20,42,15,160,94,41
16,13,17,185,14,23,24,18,20,42,15,160,94,41
16,13,17,185,14,19,18,15,160,94,41
16,13,17,185,14,19,18,20,42,15,160,94,41
16,13,17,185,14,19,18,24,23,15,160,94,41
16,13,17,185,14,19,20,18,15,160,94,41
16,13,17,185,14,19,20,18,24,23,15,160,94,41
16,13,17,185,14,19,20,42,15,160,94,41
16,13,14,23,15,18,19,20,112
16,13,14,23,15,18,20,112
16,13,14,23,15,42,20,112
16,13,14,23,24,18,15,42,20,112
16,13,14,23,24,18,19,20,112
16,13,14,23,24,18,20,112
16,13,14,19,18,15,42,20,112
16,13,14,19,18,20,112
16,13,14,19,18,24,23,15,42,20,112
16,13,14,19,20,112
16,13,15,18,19,20,112
16,13,15,18,20,112
16,13,15,18,24,23,14,19,20,112
16,13,15,23,14,19,20,112
16,13,15,23,24,18,19,20,112
16,13,15,23,24,18,20,112
16,13,15,42,20,112
16,13,17,185,14,23,15,18,19,20,112
16,13,17,185,14,23,15,18,20,112
16,13,17,185,14,23,15,42,20,112
16,13,17,185,14,23,24,18,15,42,20,112
16,13,17,185,14,23,24,18,19,20,112
16,13,17,185,14,23,24,18,20,112
16,13,17,185,14,19,18,15,42,20,112
16,13,17,185,14,19,18,20,112
16,13,17,185,14,19,18,24,23,15,42,20,112
16,13,17,185,14,19,20,112
16,13,14,23,15,160
16,13,14,23,24,18,15,160
16,13,14,23,24,18,19,20,42,15,160
16,13,14,23,24,18,20,42,15,160
16,13,14,19,18,15,160
16,13,14,19,18,20,42,15,160
16,13,14,19,18,24,23,15,160
16,13,14,19,20,18,15,160
16,13,14,19,20,18,24,23,15,160
16,13,14,19,20,42,15,160
16,13,15,160
16,13,17,185,14,23,15,160
16,13,17,185,14,23,24,18,15,160
16,13,17,185,14,23,24,18,19,20,42,15,160
16,13,17,185,14,23,24,18,20,42,15,160
16,13,17,185,14,19,18,15,160
16,13,17,185,14,19,18,20,42,15,160
16,13,17,185,14,19,18,24,23,15,160
16,13,17,185,14,19,20,18,15,160
16,13,17,185,14,19,20,18,24,23,15,160
16,13,17,185,14,19,20,42,15,160
16,13,14,23,15,18,163
16,13,14,23,15,42,20,18,163
16,13,14,23,15,42,20,19,18,163
16,13,14,23,24,18,163
16,13,14,19,18,163
16,13,14,19,20,18,163
16,13,14,19,20,42,15,18,163
16,13,14,19,20,42,15,23,24,18,163
16,13,15,18,163
16,13,15,23,14,19,18,163
16,13,15,23,14,19,20,18,163
16,13,15,23,24,18,163
16,13,15,42,20,18,163
16,13,15,42,20,19,18,163
16,13,17,185,14,23,15,18,163
16,13,17,185,14,23,15,42,20,18,163
16,13,17,185,14,23,15,42,20,19,18,163
16,13,17,185,14,23,24,18,163
16,13,17,185,14,19,18,163
16,13,17,185,14,19,20,18,163
16,13,17,185,14,19,20,42,15,18,163
16,13,17,185,14,19,20,42,15,23,24,18,163
16,13,14,23,15,168
16,13,14,23,24,18,15,168
16,13,14,23,24,18,19,20,42,15,168
16,13,14,23,24,18,20,42,15,168
16,13,14,19,18,15,168
16,13,14,19,18,20,42,15,168
16,13,14,19,18,24,23,15,168
16,13,14,19,20,18,15,168
16,13,14,19,20,18,24,23,15,168
16,13,14,19,20,42,15,168
16,13,15,168
16,13,17,185,14,23,15,168
16,13,17,185,14,23,24,18,15,168
16,13,17,185,14,23,24,18,19,20,42,15,168
16,13,17,185,14,23,24,18,20,42,15,168
16,13,17,185,14,19,18,15,168
16,13,17,185,14,19,18,20,42,15,168
16,13,17,185,14,19,18,24,23,15,168
16,13,17,185,14,19,20,18,15,168
16,13,17,185,14,19,20,18,24,23,15,168
16,13,17,185,14,19,20,42,15,168
16,13,14,180
16,13,15,18,19,14,180
16,13,15,18,20,19,14,180
16,13,15,18,24,23,14,180
16,13,15,23,14,180
16,13,15,23,24,18,19,14,180
16,13,15,23,24,18,20,19,14,180
16,13,15,42,20,18,19,14,180
16,13,15,42,20,18,24,23,14,180
16,13,15,42,20,19,18,24,23,14,180
16,13,15,42,20,19,14,180
16,13,17,185,14,180
16,13,14,185
16,13,15,18,19,14,185
16,13,15,18,20,19,14,185
16,13,15,18,24,23,14,185
16,13,15,23,14,185
16,13,15,23,24,18,19,14,185
16,13,15,23,24,18,20,19,14,185
16,13,15,42,20,18,19,14,185
16,13,15,42,20,18,24,23,14,185
16,13,15,42,20,19,18,24,23,14,185
16,13,15,42,20,19,14,185
16,13,17,185
16,13,14,185,157
16,13,15,18,19,14,185,157
16,13,15,18,20,19,14,185,157
16,13,15,18,24,23,14,185,157
16,13,15,23,14,185,157
16,13,15,23,24,18,19,14,185,157
16,13,15,23,24,18,20,19,14,185,157
16,13,15,42,20,18,19,14,185,157
16,13,15,42,20,18,24,23,14,185,157
16,13,15,42,20,19,18,24,23,14,185,157
16,13,15,42,20,19,14,185,157
16,13,17,185,157
16,13,14,185,65
16,13,15,18,19,14,185,65
16,13,15,18,20,19,14,185,65
16,13,15,18,24,23,14,185,65
16,13,15,23,14,185,65
16,13,15,23,24,18,19,14,185,65
16,13,15,23,24,18,20,19,14,185,65
16,13,15,42,20,18,19,14,185,65
16,13,15,42,20,18,24,23,14,185,65
16,13,15,42,20,19,18,24,23,14,185,65
16,13,15,42,20,19,14,185,65
16,13,17,185,65
17,13,14,23,15,18
17,13,14,23,15,42,20,18
17,13,14,23,15,42,20,19,18
17,13,14,23,24,18
17,13,14,19,18
17,13,14,19,20,18
17,13,15,18
17,13,15,23,14,19,18
17,13,15,23,14,19,20,18
17,13,15,23,24,18
17,13,15,42,20,18
17,13,15,42,20,19,18
17,185,14,23,15,18
17,185,14,23,15,42,20,18
17,185,14,23,15,42,20,19,18
17,185,14,23,24,18
17,185,14,19,18
17,185,14,19,20,18
17,13,14,23,15,42,20,19
17,13,14,23,24,18,19
17,13,14,23,24,18,20,19
17,13,14,19
17,13,15,18,19
17,13,15,18,20,19
17,13,15,23,14,19
17,13,15,23,24,18,19
17,13,15,23,24,18,20,19
17,13,15,42,20,19
17,185,14,23,15,18,19
17,185,14,23,15,18,20,19
17,185,14,23,15,42,20,19
17,185,14,23,24,18,19
17,185,14,23,24,18,20,19
17,185,14,19
17,13,14,23,15,18,20
17,13,14,23,15,42,20
17,13,14,23,24,18,20
17,13,14,19,20
17,13,15,18,20
17,13,15,23,14,19,20
17,13,15,23,24,18,20
17,13,15,42,20
17,185,14,23,15,18,20
17,185,14,23,15,42,20
17,185,14,23,24,18,20
17,185,14,19,20
17,13,14,23
17,13,15,23
17,13,15,42,20,18,24,23
17,13,15,42,20,19,18,24,23
17,185,14,23
17,13,14,23,24
17,13,14,19,18,24
17,13,14,19,20,18,24
17,13,14,19,20,42,15,18,24
17,13,14,19,20,42,15,23,24
17,13,15,18,24
17,13,15,23,24
17,13,15,42,20,18,24
17,13,15,42,20,19,18,24
17,185,14,23,24
17,185,14,19,18,24
17,185,14,19,20,18,24
17,185,14,19,20,42,15,18,24
17,185,14,19,20,42,15,23,24
17,13,14,27
17,13,15,18,19,14,27
17,13,15,18,20,19,14,27
17,13,15,18,24,23,14,27
17,13,15,23,14,27
17,13,15,23,24,18,19,14,27
17,13,15,23,24,18,20,19,14,27
17,13,15,42,20,18,19,14,27
17,13,15,42,20,18,24,23,14,27
17,13,15,42,20,19,18,24,23,14,27
17,13,15,42,20,19,14,27
17,185,14,27
17,13,14,23,15,32
17,13,14,23,24,18,15,32
17,13,14,23,24,18,19,20,42,15,32
17,13,14,23,24,18,20,42,15,32
17,13,14,19,18,15,32
17,13,14,19,18,20,42,15,32
17,13,14,19,18,24,23,15,32
17,13,14,19,20,18,15,32
17,13,14,19,20,18,24,23,15,32
17,13,14,19,20,42,15,32
17,13,15,32
17,185,14,23,15,32
17,185,14,23,24,18,15,32
17,185,14,23,24,18,19,20,42,15,32
17,185,14,23,24,18,20,42,15,32
17,185,14,19,18,15,32
17,185,14,19,18,20,42,15,32
17,185,14,19,18,24,23,15,32
17,185,14,19,20,18,15,32
17,185,14,19,20,18,24,23,15,32
17,185,14,19,20,42,15,32
17,13,14,23,15,42
17,13,14,23,24,18,15,42
17,13,14,23,24,18,19,20,42
17,13,14,23,24,18,20,42
17,13,14,19,18,15,42
17,13,14,19,18,20,42
17,13,14,19,18,24,23,15,42
17,13,14,19,20,42
17,13,15,42
17,185,14,23,15,42
17,185,14,23,24,18,15,42
17,185,14,23,24,18,19,20,42
17,185,14,23,24,18,20,42
17,185,14,19,18,15,42
17,185,14,19,18,20,42
17,185,14,19,18,24,23,15,42
17,185,14,19,20,42
17,13,14,23,15,18,19,34
17,13,14,23,15,18,20,19,34
17,13,14,23,15,42,20,18,19,34
17,13,14,23,15,42,20,19,34
17,13,14,23,24,18,15,42,20,19,34
17,13,14,23,24,18,19,34
17,13,14,23,24,18,20,19,34
17,13,14,19,34
17,13,15,18,19,34
17,13,15,18,20,19,34
17,13,15,18,24,23,14,19,34
17,13,15,23,14,19,34
17,13,15,23,24,18,19,34
17,13,15,23,24,18,20,19,34
17,13,15,42,20,18,19,34
17,13,15,42,20,19,34
17,185,14,23,15,18,19,34
17,185,14,23,15,18,20,19,34
17,185,14,23,15,42,20,18,19,34
17,185,14,23,15,42,20,19,34
17,185,14,23,24,18,15,42,20,19,34
17,185,14,23,24,18,19,34
17,185,14,23,24,18,20,19,34
17,185,14,19,34
17,13,14,23,15,18,24,89
17,13,14,23,15,42,20,18,24,89
17,13,14,23,15,42,20,19,18,24,89
17,13,14,23,24,89
17,13,14,19,18,15,23,24,89
17,13,14,19,18,24,89
17,13,14,19,20,18,15,23,24,89
17,13,14,19,20,18,24,89
17,13,14,19,20,42,15,18,24,89
17,13,14,19,20,42,15,23,24,89
17,13,15,18,24,89
17,13,15,23,24,89
17,13,15,42,20,18,24,89
17,13,15,42,20,19,18,24,89
17,185,14,23,15,18,24,89
17,185,14,23,15,42,20,18,24,89
17,185,14,23,15,42,20,19,18,24,89
17,185,14,23,24,89
17,185,14,19,18,15,23,24,89
17,185,14,19,18,24,89
17,185,14,19,20,18,15,23,24,89
17,185,14,19,20,18,24,89
17,185,14,19,20,42,15,18,24,89
17,185,14,19,20,42,15,23,24,89
17,13,14,23,15,160,94
17,13,14,23,24,18,15,160,94
17,13,14,23,24,18,19,20,42,15,160,94
17,13,14,23,24,18,20,42,15,160,94
17,13,14,19,18,15,160,94
17,13,14,19,18,20,42,15,160,94
17,13,14,19,18,24,23,15,160,94
17,13,14,19,20,18,15,160,94
17,13,14,19,20,18,24,23,15,160,94
17,13,14,19,20,42,15,160,94
17,13,15,160,94
17,185,14,23,15,160,94
17,185,14,23,24,18,15,160,94
17,185,14,23,24,18,19,20,42,15,160,94
17,185,14,23,24,18,20,42,15,160,94
17,185,14,19,18,15,160,94
17,185,14,19,18,20,42,15,160,94
17,185,14,19,18,24,23,15,160,94
17,185,14,19,20,18,15,160,94
17,185,14,19,20,18,24,23,15,160,94
17,185,14,19,20,42,15,160,94
17,13,14,23,15,160,94,41
17,13,14,23,24,18,15,160,94,41
17,13,14,23,24,18,19,20,42,15,160,94,41
17,13,14,23,24,18,20,42,15,160,94,41
17,13,14,19,18,15,160,94,41
17,13,14,19,18,20,42,15,160,94,41
17,13,14,19,18,24,23,15,160,94,41
17,13,14,19,20,18,15,160,94,41
17,13,14,19,20,18,24,23,15,160,94,41
17,13,14,19,20,42,15,160,94,41
17,13,15,160,94,41
17,185,14,23,15,160,94,41
17,185,14,23,24,18,15,160,94,41
17,185,14,23,24,18,19,20,42,15,160,94,41
17,185,14,23,24,18,20,42,15,160,94,41
17,185,14,19,18,15,160,94,41
17,185,14,19,18,20,42,15,160,94,41
17,185,14,19,18,24,23,15,160,94,41
17,185,14,19,20,18,15,160,94,41
17,185,14,19,20,18,24,23,15,160,94,41
17,185,14,19,20,42,15,160,94,41
17,13,14,23,15,18,19,20,112
17,13,14,23,15,18,20,112
17,13,14,23,15,42,20,112
17,13,14,23,24,18,15,42,20,112
17,13,14,23,24,18,19,20,112
17,13,14,23,24,18,20,112
17,13,14,19,18,15,42,20,112
17,13,14,19,18,20,112
17,13,14,19,18,24,23,15,42,20,112
17,13,14,19,20,112
17,13,15,18,19,20,112
17,13,15,18,20,112
17,13,15,18,24,23,14,19,20,112
17,13,15,23,14,19,20,112
17,13,15,23,24,18,19,20,112
17,13,15,23,24,18,20,112
17,13,15,42,20,112
17,185,14,23,15,18,19,20,112
17,185,14,23,15,18,20,112
17,185,14,23,15,42,20,112
17,185,14,23,24,18,15,42,20,112
17,185,14,23,24,18,19,20,112
17,185,14,23,24,18,20,112
17,185,14,19,18,15,42,20,112
17,185,14,19,18,20,112
17,185,14,19,18,24,23,15,42,20,112
17,185,14,19,20,112
17,13,14,23,15,160
17,13,14,23,24,18,15,160
17,13,14,23,24,18,19,20,42,15,160
17,13,14,23,24,18,20,42,15,160
17,13,14,19,18,15,160
17,13,14,19,18,20,42,15,160
17,13,14,19,18,24,23,15,160
17,13,14,19,20,18,15,160
17,13,14,19,20,18,24,23,15,160
17,13,14,19,20,42,15,160
17,13,15,160
17,185,14,23,15,160
17,185,14,23,24,18,15,160
17,185,14,23,24,18,19,20,42,15,160
17,185,14,23,24,18,20,42,15,160
17,185,14,19,18,15,160
17,185,14,19,18,20,42,15,160
17,185,14,19,18,24,23,15,160
17,185,14,19,20,18,15,160
17,185,14,19,20,18,24,23,15,160
17,185,14,19,20,42,15,160
17,13,14,23,15,18,163
17,13,14,23,15,42,20,18,163
17,13,14,23,15,42,20,19,18,163
17,13,14,23,24,18,163
17,13,14,19,18,163
17,13,14,19,20,18,163
17,13,14,19,20,42,15,18,163
17,13,14,19,20,42,15,23,24,18,163
17,13,15,18,163
17,13,15,23,14,19,18,163
17,13,15,23,14,19,20,18,163
17,13,15,23,24,18,163
17,13,15,42,20,18,163
17,13,15,42,20,19,18,163
17,185,14,23,15,18,163
17,185,14,23,15,42,20,18,163
17,185,14,23,15,42,20,19,18,163
17,185,14,23,24,18,163
17,185,14,19,18,163
17,185,14,19,20,18,163
17,185,14,19,20,42,15,18,163
17,185,14,19,20,42,15,23,24,18,163
17,13,14,23,15,168
17,13,14,23,24,18,15,168
17,13,14,23,24,18,19,20,42,15,168
17,13,14,23,24,18,20,42,15,168
17,13,14,19,18,15,168
17,13,14,19,18,20,42,15,168
17,13,14,19,18,24,23,15,168
17,13,14,19,20,18,15,168
17,13,14,19,20,18,24,23,15,168
17,13,14,19,20,42,15,168
17,13,15,168
17,185,14,23,15,168
17,185,14,23,24,18,15,168
17,185,14,23,24,18,19,20,42,15,168
17,185,14,23,24,18,20,42,15,168
17,185,14,19,18,15,168
17,185,14,19,18,20,42,15,168
17,185,14,19,18,24,23,15,168
17,185,14,19,20,18,15,168
17,185,14,19,20,18,24,23,15,168
17,185,14,19,20,42,15,168
17,13,14,180
17,13,15,18,19,14,180
17,13,15,18,20,19,14,180
17,13,15,18,24,23,14,180
17,13,15,23,14,180
17,13,15,23,24,18,19,14,180
17,13,15,23,24,18,20,19,14,180
17,13,15,42,20,18,19,14,180
17,13,15,42,20,18,24,23,14,180
17,13,15,42,20,19,18,24,23,14,180
17,13,15,42,20,19,14,180
17,185,14,180
17,185
17,185,157
17,185,65
18,19
18,20,19
18,20
18,15,23
18,19,20,42,15,23
18,19,14,23
18,20,19,14,23
18,20,42,15,23
18,24,23
18,24
18,15,13,14,27
18,15,13,17,185,14,27
18,15,23,14,27
18,19,20,42,15,13,17,185,14,27
18,19,20,42,15,23,14,27
18,19,14,27
18,20,19,14,27
18,20,42,15,13,14,27
18,20,42,15,13,17,185,14,27
18,20,42,15,23,14,27
18,24,23,14,27
18,24,23,15,13,17,185,14,27
18,15,32
18,19,20,42,15,32
18,19,14,23,15,32
18,20,19,14,23,15,32
18,20,42,15,32
18,24,23,15,32
18,15,42
18,19,20,42
18,19,14,23,15,42
18,20,42
18,24,23,15,42
18,19,34
18,20,19,34
18,24,23,15,42,20,19,34
18,15,23,24,89
18,19,20,42,15,23,24,89
18,19,14,23,24,89
18,20,19,14,23,24,89
18,20,42,15,23,24,89
18,24,89
18,15,160,94
18,19,20,42,15,160,94
18,19,14,23,15,160,94
18,20,19,14,23,15,160,94
18,20,42,15,160,94
18,24,23,15,160,94
18,15,160,94,41
18,19,20,42,15,160,94,41
18,19,14,23,15,160,94,41
18,20,19,14,23,15,160,94,41
18,20,42,15,160,94,41
18,24,23,15,160,94,41
18,15,42,20,112
18,19,20,112
18,19,14,23,15,42,20,112
18,20,112
18,24,23,15,42,20,112
18,15,160
18,19,20,42,15,160
18,19,14,23,15,160
18,20,19,14,23,15,160
18,20,42,15,160
18,24,23,15,160
18,163
18,15,168
18,19,20,42,15,168
18,19,14,23,15,168
18,20,19,14,23,15,168
18,20,42,15,168
18,24,23,15,168
18,15,13,14,180
18,15,13,17,185,14,180
18,15,23,14,180
18,19,20,42,15,13,17,185,14,180
18,19,20,42,15,23,14,180
18,19,14,180
18,20,19,14,180
18,20,42,15,13,14,180
18,20,42,15,13,17,185,14,180
18,20,42,15,23,14,180
18,24,23,14,180
18,24,23,15,13,17,185,14,180
18,15,13,14,185
18,15,13,17,185
18,15,23,14,185
18,19,20,42,15,13,17,185
18,19,20,42,15,23,14,185
18,19,14,185
18,20,19,14,185
18,20,42,15,13,14,185
18,20,42,15,13,17,185
18,20,42,15,23,14,185
18,24,23,14,185
18,24,23,15,13,17,185
18,15,13,14,185,157
18,15,13,17,185,157
18,15,23,14,13,17,185,157
18,15,23,14,185,157
18,19,20,42,15,13,17,185,157
18,19,20,42,15,23,14,13,17,185,157
18,19,20,42,15,23,14,185,157
18,19,14,13,17,185,157
18,19,14,23,15,13,17,185,157
18,19,14,185,157
18,20,19,14,13,17,185,157
18,20,19,14,23,15,13,17,185,157
18,20,19,14,185,157
18,20,42,15,13,14,185,157
18,20,42,15,13,17,185,157
18,20,42,15,23,14,13,17,185,157
18,20,42,15,23,14,185,157
18,24,23,14,13,17,185,157
18,24,23,14,185,157
18,24,23,15,13,17,185,157
18,15,13,14,185,65
18,15,13,17,185,65
18,15,23,14,13,17,185,65
18,15,23,14,185,65
18,19,20,42,15,13,17,185,65
18,19,20,42,15,23,14,13,17,185,65
18,19,20,42,15,23,14,185,65
18,19,14,13,17,185,65
18,19,14,23,15,13,17,185,65
18,19,14,185,65
18,20,19,14,13,17,185,65
18,20,19,14,23,15,13,17,185,65
18,20,19,14,185,65
18,20,42,15,13,14,185,65
18,20,42,15,13,17,185,65
18,20,42,15,23,14,13,17,185,65
18,20,42,15,23,14,185,65
18,24,23,14,13,17,185,65
18,24,23,14,185,65
18,24,23,15,13,17,185,65
19,20
19,18,15,23
19,18,24,23
19,20,18,15,23
19,20,18,24,23
19,20,42,15,23
19,14,23
19,14,185,17,13,15,23
19,18,24
19,20,18,24
19,20,42,15,23,24
19,14,13,15,23,24
19,14,23,24
19,14,185,17,13,15,23,24
19,18,15,13,17,185,14,27
19,18,15,23,14,27
19,18,24,23,14,27
19,18,24,23,15,13,17,185,14,27
19,20,18,15,13,17,185,14,27
19,20,18,15,23,14,27
19,20,18,24,23,14,27
19,20,18,24,23,15,13,17,185,14,27
19,20,42,15,13,17,185,14,27
19,20,42,15,23,14,27
19,14,27
19,18,15,32
19,18,24,23,15,32
19,20,18,15,32
19,20,18,24,23,15,32
19,20,42,15,32
19,14,13,15,32
19,14,23,15,32
19,14,185,17,13,15,32
19,18,15,42
19,18,24,23,15,42
19,20,42
19,14,13,15,42
19,14,23,15,42
19,14,185,17,13,15,42
19,34
19,18,15,23,24,89
19,18,24,89
19,20,18,15,23,24,89
19,20,18,24,89
19,20,42,15,23,24,89
19,14,13,15,23,24,89
19,14,23,24,89
19,14,185,17,13,15,23,24,89
19,18,15,160,94
19,18,24,23,15,160,94
19,20,18,15,160,94
19,20,18,24,23,15,160,94
19,20,42,15,160,94
19,14,13,15,160,94
19,14,23,15,160,94
19,14,185,17,13,15,160,94
19,18,15,160,94,41
19,18,24,23,15,160,94,41
19,20,18,15,160,94,41
19,20,18,24,23,15,160,94,41
19,20,42,15,160,94,41
19,14,13,15,160,94,41
19,14,23,15,160,94,41
19,14,185,17,13,15,160,94,41
19,18,15,42,20,112
19,18,24,23,15,42,20,112
19,20,112
19,14,13,15,42,20,112
19,14,23,15,42,20,112
19,14,185,17,13,15,42,20,112
19,18,15,160
19,18,24,23,15,160
19,20,18,15,160
19,20,18,24,23,15,160
19,20,42,15,160
19,14,13,15,160
19,14,23,15,160
19,14,185,17,13,15,160
19,18,163
19,20,18,163
19,20,42,15,23,24,18,163
19,14,13,15,23,24,18,163
19,14,23,24,18,163
19,14,185,17,13,15,23,24,18,163
19,18,15,168
19,18,24,23,15,168
19,20,18,15,168
19,20,18,24,23,15,168
19,20,42,15,168
19,14,13,15,168
19,14,23,15,168
19,14,185,17,13,15,168
19,18,15,13,17,185,14,180
19,18,15,23,14,180
19,18,24,23,14,180
19,18,24,23,15,13,17,185,14,180
19,20,18,15,13,17,185,14,180
19,20,18,15,23,14,180
19,20,18,24,23,14,180
19,20,18,24,23,15,13,17,185,14,180
19,20,42,15,13,17,185,14,180
19,20,42,15,23,14,180
19,14,180
19,18,15,13,17,185
19,18,15,23,14,185
19,18,24,23,14,185
19,18,24,23,15,13,17,185
19,20,18,15,13,17,185
19,20,18,15,23,14,185
19,20,18,24,23,14,185
19,20,18,24,23,15,13,17,185
19,20,42,15,13,17,185
19,20,42,15,23,14,185
19,14,185
19,18,15,13,17,185,157
19,18,15,23,14,185,157
19,18,24,23,14,13,17,185,157
19,18,24,23,14,185,157
19,18,24,23,15,13,17,185,157
19,20,18,15,13,17,185,157
19,20,18,15,23,14,185,157
19,20,18,24,23,14,13,17,185,157
19,20,18,24,23,14,185,157
19,20,18,24,23,15,13,17,185,157
19,20,42,15,13,17,185,157
19,20,42,15,23,14,13,17,185,157
19,20,42,15,23,14,185,157
19,14,13,17,185,157
19,14,23,15,13,17,185,157
19,14,185,157
19,18,15,13,17,185,65
19,18,15,23,14,185,65
19,18,24,23,14,13,17,185,65
19,18,24,23,14,185,65
19,18,24,23,15,13,17,185,65
19,20,18,15,13,17,185,65
19,20,18,15,23,14,185,65
19,20,18,24,23,14,13,17,185,65
19,20,18,24,23,14,185,65
19,20,18,24,23,15,13,17,185,65
19,20,42,15,13,17,185,65
19,20,42,15,23,14,13,17,185,65
19,20,42,15,23,14,185,65
19,14,13,17,185,65
19,14,23,15,13,17,185,65
19,14,185,65
20,18,15,23
20,18,24,23
20,19,14,23
20,19,14,185,17,13,15,23
20,42,15,23
20,18,24
20,19,14,13,15,23,24
20,19,14,23,24
20,19,14,185,17,13,15,23,24
20,42,15,13,14,23,24
20,42,15,13,17,185,14,23,24
20,42,15,23,24
20,18,15,13,14,27
20,18,15,13,17,185,14,27
20,18,15,23,14,27
20,18,24,23,14,27
20,18,24,23,15,13,14,27
20,18,24,23,15,13,17,185,14,27
20,19,14,27
20,42,15,13,14,27
20,42,15,13,17,185,14,27
20,42,15,23,14,27
20,18,15,32
20,18,24,23,14,13,15,32
20,18,24,23,14,185,17,13,15,32
20,18,24,23,15,32
20,19,14,13,15,32
20,19,14,23,15,32
20,19,14,185,17,13,15,32
20,42,15,32
20,42
20,19,34
20,18,15,13,14,23,24,89
20,18,15,13,17,185,14,23,24,89
20,18,15,23,24,89
20,18,24,89
20,19,14,13,15,23,24,89
20,19,14,23,24,89
20,19,14,185,17,13,15,23,24,89
20,42,15,13,14,23,24,89
20,42,15,13,17,185,14,23,24,89
20,42,15,23,24,89
20,18,15,160,94
20,18,24,23,14,13,15,160,94
20,18,24,23,14,185,17,13,15,160,94
20,18,24,23,15,160,94
20,19,14,13,15,160,94
20,19,14,23,15,160,94
20,19,14,185,17,13,15,160,94
20,42,15,160,94
20,18,15,160,94,41
20,18,24,23,14,13,15,160,94,41
20,18,24,23,14,185,17,13,15,160,94,41
20,18,24,23,15,160,94,41
20,19,14,13,15,160,94,41
20,19,14,23,15,160,94,41
20,19,14,185,17,13,15,160,94,41
20,42,15,160,94,41
20,112
20,18,15,160
20,18,24,23,14,13,15,160
20,18,24,23,14,185,17,13,15,160
20,18,24,23,15,160
20,19,14,13,15,160
20,19,14,23,15,160
20,19,14,185,17,13,15,160
20,42,15,160
20,18,163
20,19,14,13,15,23,24,18,163
20,19,14,23,24,18,163
20,19,14,185,17,13,15,23,24,18,163
20,42,15,13,14,23,24,18,163
20,42,15,13,17,185,14,23,24,18,163
20,42,15,23,24,18,163
20,18,15,168
20,18,24,23,14,13,15,168
20,18,24,23,14,185,17,13,15,168
20,18,24,23,15,168
20,19,14,13,15,168
20,19,14,23,15,168
20,19,14,185,17,13,15,168
20,42,15,168
20,18,15,13,14,180
20,18,15,13,17,185,14,180
20,18,15,23,14,180
20,18,24,23,14,180
20,18,24,23,15,13,14,180
20,18,24,23,15,13,17,185,14,180
20,19,14,180
20,42,15,13,14,180
20,42,15,13,17,185,14,180
20,42,15,23,14,180
20,18,15,13,14,185
20,18,15,13,17,185
20,18,15,23,14,185
20,18,24,23,14,185
20,18,24,23,15,13,14,185
20,18,24,23,15,13,17,185
20,19,14,185
20,42,15,13,14,185
20,42,15,13,17,185
20,42,15,23,14,185
20,18,15,13,14,185,157
20,18,15,13,17,185,157
20,18,15,23,14,13,17,185,157
20,18,15,23,14,185,157
20,18,24,23,14,13,17,185,157
20,18,24,23,14,185,157
20,18,24,23,15,13,14,185,157
20,18,24,23,15,13,17,185,157
20,19,14,13,17,185,157
20,19,14,23,15,13,17,185,157
20,19,14,185,157
20,42,15,13,14,185,157
20,42,15,13,17,185,157
20,42,15,23,14,13,17,185,157
20,42,15,23,14,185,157
20,18,15,13,14,185,65
20,18,15,13,17,185,65
20,18,15,23,14,13,17,185,65
20,18,15,23,14,185,65
20,18,24,23,14,13,17,185,65
20,18,24,23,14,185,65
20,18,24,23,15,13,14,185,65
20,18,24,23,15,13,17,185,65
20,19,14,13,17,185,65
20,19,14,23,15,13,17,185,65
20,19,14,185,65
20,42,15,13,14,185,65
20,42,15,13,17,185,65
20,42,15,23,14,13,17,185,65
20,42,15,23,14,185,65
23,24
23,14,27
23,15,13,17,185,14,27
23,24,18,19,20,42,15,13,17,185,14,27
23,24,18,20,42,15,13,17,185,14,27
23,14,19,18,20,42,15,32
23,14,19,20,42,15,32
23,15,32
23,24,18,19,20,42,15,32
23,24,18,20,42,15,32
23,14,19,18,20,42
23,14,19,20,42
23,15,42
23,24,18,19,20,42
23,24,18,20,42
23,14,19,34
23,15,13,17,185,14,19,34
23,15,18,19,34
23,15,18,20,19,34
23,15,42,20,18,19,34
23,15,42,20,19,34
23,24,18,19,34
23,24,18,20,19,34
23,24,89
23,14,19,18,20,42,15,160,94
23,14,19,20,42,15,160,94
23,15,160,94
23,24,18,19,20,42,15,160,94
23,24,18,20,42,15,160,94
23,14,19,18,20,42,15,160,94,41
23,14,19,20,42,15,160,94,41
23,15,160,94,41
23,24,18,19,20,42,15,160,94,41
23,24,18,20,42,15,160,94,41
23,14,19,18,20,112
23,14,19,20,112
23,15,13,17,185,14,19,20,112
23,15,18,19,20,112
23,15,18,20,112
23,15,42,20,112
23,24,18,19,20,112
23,24,18,20,112
23,14,19,18,20,42,15,160
23,14,19,20,42,15,160
23,15,160
23,24,18,19,20,42,15,160
23,24,18,20,42,15,160
23,14,19,18,163
23,14,19,20,18,163
23,15,13,17,185,14,19,18,163
23,15,13,17,185,14,19,20,18,163
23,15,18,163
23,15,42,20,18,163
23,15,42,20,19,18,163
23,24,18,163
23,14,19,18,20,42,15,168
23,14,19,20,42,15,168
23,15,168
23,24,18,19,20,42,15,168
23,24,18,20,42,15,168
23,14,180
23,15,13,17,185,14,180
23,24,18,19,20,42,15,13,17,185,14,180
23,24,18,20,42,15,13,17,185,14,180
23,14,185
23,15,13,17,185
23,24,18,19,20,42,15,13,17,185
23,24,18,20,42,15,13,17,185
23,14,13,17,185,157
23,14,185,157
23,15,13,17,185,157
23,24,18,19,20,42,15,13,17,185,157
23,24,18,20,42,15,13,17,185,157
23,14,13,17,185,65
23,14,185,65
23,15,13,17,185,65
23,24,18,19,20,42,15,13,17,185,65
23,24,18,20,42,15,13,17,185,65
24,23,14,27
24,23,15,13,14,27
24,23,15,13,17,185,14,27
24,23,15,42,20,19,14,27
24,18,15,13,14,27
24,18,15,13,17,185,14,27
24,18,15,42,20,19,14,27
24,18,19,20,42,15,13,14,27
24,18,19,20,42,15,13,17,185,14,27
24,18,19,14,27
24,18,20,19,14,27
24,18,20,42,15,13,14,27
24,18,20,42,15,13,17,185,14,27
24,23,14,13,15,32
24,23,14,19,20,42,15,32
24,23,14,185,17,13,15,32
24,23,15,32
24,18,15,32
24,18,19,20,42,15,32
24,18,19,14,13,15,32
24,18,19,14,185,17,13,15,32
24,18,20,19,14,13,15,32
24,18,20,19,14,185,17,13,15,32
24,18,20,42,15,32
24,23,14,13,15,42
24,23,14,19,20,42
24,23,14,185,17,13,15,42
24,23,15,42
24,18,15,42
24,18,19,20,42
24,18,19,14,13,15,42
24,18,19,14,185,17,13,15,42
24,18,20,42
24,23,14,13,15,42,20,19,34
24,23,14,19,34
24,23,14,185,17,13,15,42,20,19,34
24,23,15,13,14,19,34
24,23,15,13,17,185,14,19,34
24,23,15,42,20,19,34
24,18,15,13,14,19,34
24,18,15,13,17,185,14,19,34
24,18,15,42,20,19,34
24,18,19,34
24,18,20,19,34
24,18,20,42,15,13,14,19,34
24,18,20,42,15,13,17,185,14,19,34
24,89
24,23,14,13,15,160,94
24,23,14,19,20,42,15,160,94
24,23,14,185,17,13,15,160,94
24,23,15,160,94
24,18,15,160,94
24,18,19,20,42,15,160,94
24,18,19,14,13,15,160,94
24,18,19,14,185,17,13,15,160,94
24,18,20,19,14,13,15,160,94
24,18,20,19,14,185,17,13,15,160,94
24,18,20,42,15,160,94
24,23,14,13,15,160,94,41
24,23,14,19,20,42,15,160,94,41
24,23,14,185,17,13,15,160,94,41
24,23,15,160,94,41
24,18,15,160,94,41
24,18,19,20,42,15,160,94,41
24,18,19,14,13,15,160,94,41
24,18,19,14,185,17,13,15,160,94,41
24,18,20,19,14,13,15,160,94,41
24,18,20,19,14,185,17,13,15,160,94,41
24,18,20,42,15,160,94,41
24,23,14,13,15,42,20,112
24,23,14,19,20,112
24,23,14,185,17,13,15,42,20,112
24,23,15,13,14,19,20,112
24,23,15,13,17,185,14,19,20,112
24,23,15,42,20,112
24,18,15,13,14,19,20,112
24,18,15,13,17,185,14,19,20,112
24,18,15,42,20,112
24,18,19,20,112
24,18,19,14,13,15,42,20,112
24,18,19,14,185,17,13,15,42,20,112
24,18,20,112
24,23,14,13,15,160
24,23,14,19,20,42,15,160
24,23,14,185,17,13,15,160
24,23,15,160
24,18,15,160
24,18,19,20,42,15,160
24,18,19,14,13,15,160
24,18,19,14,185,17,13,15,160
24,18,20,19,14,13,15,160
24,18,20,19,14,185,17,13,15,160
24,18,20,42,15,160
24,18,163
24,23,14,13,15,168
24,23,14,19,20,42,15,168
24,23,14,185,17,13,15,168
24,23,15,168
24,18,15,168
24,18,19,20,42,15,168
24,18,19,14,13,15,168
24,18,19,14,185,17,13,15,168
24,18,20,19,14,13,15,168
24,18,20,19,14,185,17,13,15,168
24,18,20,42,15,168
24,23,14,180
24,23,15,13,14,180
24,23,15,13,17,185,14,180
24,23,15,42,20,19,14,180
24,18,15,13,14,180
24,18,15,13,17,185,14,180
24,18,15,42,20,19,14,180
24,18,19,20,42,15,13,14,180
24,18,19,20,42,15,13,17,185,14,180
24,18,19,14,180
24,18,20,19,14,180
24,18,20,42,15,13,14,180
24,18,20,42,15,13,17,185,14,180
24,23,14,185
24,23,15,13,14,185
24,23,15,13,17,185
24,23,15,42,20,19,14,185
24,18,15,13,14,185
24,18,15,13,17,185
24,18,15,42,20,19,14,185
24,18,19,20,42,15,13,14,185
24,18,19,20,42,15,13,17,185
24,18,19,14,185
24,18,20,19,14,185
24,18,20,42,15,13,14,185
24,18,20,42,15,13,17,185
24,23,14,13,17,185,157
24,23,14,19,20,42,15,13,17,185,157
24,23,14,185,157
24,23,15,13,14,185,157
24,23,15,13,17,185,157
24,23,15,42,20,19,14,185,157
24,18,15,13,14,185,157
24,18,15,13,17,185,157
24,18,15,42,20,19,14,13,17,185,157
24,18,15,42,20,19,14,185,157
24,18,19,20,42,15,13,14,185,157
24,18,19,20,42,15,13,17,185,157
24,18,19,14,13,17,185,157
24,18,19,14,185,157
24,18,20,19,14,13,17,185,157
24,18,20,19,14,185,157
24,18,20,42,15,13,14,185,157
24,18,20,42,15,13,17,185,157
24,23,14,13,17,185,65
24,23,14,19,20,42,15,13,17,185,65
24,23,14,185,65
24,23,15,13,14,185,65
24,23,15,13,17,185,65
24,23,15,42,20,19,14,185,65
24,18,15,13,14,185,65
24,18,15,13,17,185,65
24,18,15,42,20,19,14,13,17,185,65
24,18,15,42,20,19,14,185,65
24,18,19,20,42,15,13,14,185,65
24,18,19,20,42,15,13,17,185,65
24,18,19,14,13,17,185,65
24,18,19,14,185,65
24,18,20,19,14,13,17,185,65
24,18,20,19,14,185,65
24,18,20,42,15,13,14,185,65
24,18,20,42,15,13,17,185,65
27,14,13,15,32
27,14,23,15,32
27,14,23,24,18,15,32
27,14,23,24,18,19,20,42,15,32
27,14,23,24,18,20,42,15,32
27,14,19,18,15,32
27,14,19,18,20,42,15,32
27,14,19,18,24,23,15,32
27,14,19,20,18,15,32
27,14,19,20,18,24,23,15,32
27,14,19,20,42,15,32
27,14,185,17,13,15,32
27,14,13,15,42
27,14,23,15,42
27,14,23,24,18,15,42
27,14,23,24,18,19,20,42
27,14,23,24,18,20,42
27,14,19,18,15,42
27,14,19,18,20,42
27,14,19,18,24,23,15,42
27,14,19,20,42
27,14,185,17,13,15,42
27,14,13,15,18,19,34
27,14,13,15,18,20,19,34
27,14,13,15,23,24,18,19,34
27,14,13,15,23,24,18,20,19,34
27,14,13,15,42,20,18,19,34
27,14,13,15,42,20,19,34
27,14,23,15,18,19,34
27,14,23,15,18,20,19,34
27,14,23,15,42,20,18,19,34
27,14,23,15,42,20,19,34
27,14,23,24,18,15,42,20,19,34
27,14,23,24,18,19,34
27,14,23,24,18,20,19,34
27,14,19,34
27,14,185,17,13,15,18,19,34
27,14,185,17,13,15,18,20,19,34
27,14,185,17,13,15,23,24,18,19,34
27,14,185,17,13,15,23,24,18,20,19,34
27,14,185,17,13,15,42,20,18,19,34
27,14,185,17,13,15,42,20,19,34
27,14,13,15,18,24,89
27,14,13,15,23,24,89
27,14,13,15,42,20,18,24,89
27,14,13,15,42,20,19,18,24,89
27,14,23,15,18,24,89
27,14,23,15,42,20,18,24,89
27,14,23,15,42,20,19,18,24,89
27,14,23,24,89
27,14,19,18,15,23,24,89
27,14,19,18,24,89
27,14,19,20,18,15,23,24,89
27,14,19,20,18,24,89
27,14,19,20,42,15,18,24,89
27,14,19,20,42,15,23,24,89
27,14,185,17,13,15,18,24,89
27,14,185,17,13,15,23,24,89
27,14,185,17,13,15,42,20,18,24,89
27,14,185,17,13,15,42,20,19,18,24,89
27,14,13,15,160,94
27,14,23,15,160,94
27,14,23,24,18,15,160,94
27,14,23,24,18,19,20,42,15,160,94
27,14,23,24,18,20,42,15,160,94
27,14,19,18,15,160,94
27,14,19,18,20,42,15,160,94
27,14,19,18,24,23,15,160,94
27,14,19,20,18,15,160,94
27,14,19,20,18,24,23,15,160,94
27,14,19,20,42,15,160,94
27,14,185,17,13,15,160,94
27,14,13,15,160,94,41
27,14,23,15,160,94,41
27,14,23,24,18,15,160,94,41
27,14,23,24,18,19,20,42,15,160,94,41
27,14,23,24,18,20,42,15,160,94,41
27,14,19,18,15,160,94,41
27,14,19,18,20,42,15,160,94,41
27,14,19,18,24,23,15,160,94,41
27,14,19,20,18,15,160,94,41
27,14,19,20,18,24,23,15,160,94,41
27,14,19,20,42,15,160,94,41
27,14,185,17,13,15,160,94,41
27,14,13,15,18,19,20,112
27,14,13,15,18,20,112
27,14,13,15,23,24,18,19,20,112
27,14,13,15,23,24,18,20,112
27,14,13,15,42,20,112
27,14,23,15,18,19,20,112
27,14,23,15,18,20,112
27,14,23,15,42,20,112
27,14,23,24,18,15,42,20,112
27,14,23,24,18,19,20,112
27,14,23,24,18,20,112
27,14,19,18,15,42,20,112
27,14,19,18,20,112
27,14,19,18,24,23,15,42,20,112
27,14,19,20,112
27,14,185,17,13,15,18,19,20,112
27,14,185,17,13,15,18,20,112
27,14,185,17,13,15,23,24,18,19,20,112
27,14,185,17,13,15,23,24,18,20,112
27,14,185,17,13,15,42,20,112
27,14,13,15,160
27,14,23,15,160
27,14,23,24,18,15,160
27,14,23,24,18,19,20,42,15,160
27,14,23,24,18,20,42,15,160
27,14,19,18,15,160
27,14,19,18,20,42,15,160
27,14,19,18,24,23,15,160
27,14,19,20,18,15,160
27,14,19,20,18,24,23,15,160
27,14,19,20,42,15,160
27,14,185,17,13,15,160
27,14,13,15,18,163
27,14,13,15,23,24,18,163
27,14,13,15,42,20,18,163
27,14,13,15,42,20,19,18,163
27,14,23,15,18,163
27,14,23,15,42,20,18,163
27,14,23,15,42,20,19,18,163
27,14,23,24,18,163
27,14,19,18,163
27,14,19,20,18,163
27,14,19,20,42,15,18,163
27,14,19,20,42,15,23,24,18,163
27,14,185,17,13,15,18,163
27,14,185,17,13,15,23,24,18,163
27,14,185,17,13,15,42,20,18,163
27,14,185,17,13,15,42,20,19,18,163
27,14,13,15,168
27,14,23,15,168
27,14,23,24,18,15,168
27,14,23,24,18,19,20,42,15,168
27,14,23,24,18,20,42,15,168
27,14,19,18,15,168
27,14,19,18,20,42,15,168
27,14,19,18,24,23,15,168
27,14,19,20,18,15,168
27,14,19,20,18,24,23,15,168
27,14,19,20,42,15,168
27,14,185,17,13,15,168
27,14,180
27,14,185
27,14,13,17,185,157
27,14,23,15,13,17,185,157
27,14,23,24,18,15,13,17,185,157
27,14,23,24,18,19,20,42,15,13,17,185,157
27,14,23,24,18,20,42,15,13,17,185,157
27,14,19,18,15,13,17,185,157
27,14,19,18,20,42,15,13,17,185,157
27,14,19,18,24,23,15,13,17,185,157
27,14,19,20,18,15,13,17,185,157
27,14,19,20,18,24,23,15,13,17,185,157
27,14,19,20,42,15,13,17,185,157
27,14,185,157
27,14,13,17,185,65
27,14,23,15,13,17,185,65
27,14,23,24,18,15,13,17,185,65
27,14,23,24,18,19,20,42,15,13,17,185,65
27,14,23,24,18,20,42,15,13,17,185,65
27,14,19,18,15,13,17,185,65
27,14,19,18,20,42,15,13,17,185,65
27,14,19,18,24,23,15,13,17,185,65
27,14,19,20,18,15,13,17,185,65
27,14,19,20,18,24,23,15,13,17,185,65
27,14,19,20,42,15,13,17,185,65
27,14,185,65
32,15,42
32,15,13,14,23,24,18,19,34
32,15,13,14,23,24,18,20,19,34
32,15,13,14,19,34
32,15,13,17,185,14,23,24,18,19,34
32,15,13,17,185,14,23,24,18,20,19,34
32,15,13,17,185,14,19,34
32,15,18,19,34
32,15,18,20,19,34
32,15,18,24,23,14,19,34
32,15,23,14,19,34
32,15,23,24,18,19,34
32,15,23,24,18,20,19,34
32,15,42,20,18,19,34
32,15,42,20,18,24,23,14,19,34
32,15,42,20,19,34
32,15,13,14,23,24,89
32,15,13,14,19,18,24,89
32,15,13,14,19,20,18,24,89
32,15,13,17,185,14,23,24,89
32,15,13,17,185,14,19,18,24,89
32,15,13,17,185,14,19,20,18,24,89
32,15,18,19,14,23,24,89
32,15,18,20,19,14,23,24,89
32,15,18,24,89
32,15,23,24,89
32,15,42,20,18,19,14,23,24,89
32,15,42,20,18,24,89
32,15,42,20,19,18,24,89
32,15,42,20,19,14,23,24,89
32,15,160,94
32,15,160,94,41
32,15,13,14,23,24,18,19,20,112
32,15,13,14,23,24,18,20,112
32,15,13,14,19,18,20,112
32,15,13,14,19,20,112
32,15,13,17,185,14,23,24,18,19,20,112
32,15,13,17,185,14,23,24,18,20,112
32,15,13,17,185,14,19,18,20,112
32,15,13,17,185,14,19,20,112
32,15,18,19,20,112
32,15,18,20,112
32,15,18,24,23,14,19,20,112
32,15,23,14,19,18,20,112
32,15,23,14,19,20,112
32,15,23,24,18,19,20,112
32,15,23,24,18,20,112
32,15,42,20,112
32,15,160
32,15,13,14,23,24,18,163
32,15,13,14,19,18,163
32,15,13,14,19,20,18,163
32,15,13,17,185,14,23,24,18,163
32,15,13,17,185,14,19,18,163
32,15,13,17,185,14,19,20,18,163
32,15,18,163
32,15,23,14,19,18,163
32,15,23,14,19,20,18,163
32,15,23,24,18,163
32,15,42,20,18,163
32,15,42,20,19,18,163
32,15,42,20,19,14,23,24,18,163
32,15,168
32,15,13,14,180
32,15,13,17,185,14,180
32,15,18,19,14,180
32,15,18,20,19,14,180
32,15,18,24,23,14,180
32,15,23,14,180
32,15,23,24,18,19,14,180
32,15,23,24,18,20,19,14,180
32,15,42,20,18,19,14,180
32,15,42,20,18,24,23,14,180
32,15,42,20,19,18,24,23,14,180
32,15,42,20,19,14,180
32,15,13,14,185
32,15,13,17,185
32,15,18,19,14,185
32,15,18,20,19,14,185
32,15,18,24,23,14,185
32,15,23,14,185
32,15,23,24,18,19,14,185
32,15,23,24,18,20,19,14,185
32,15,42,20,18,19,14,185
32,15,42,20,18,24,23,14,185
32,15,42,20,19,18,24,23,14,185
32,15,42,20,19,14,185
32,15,13,14,185,157
32,15,13,17,185,157
32,15,18,19,14,13,17,185,157
32,15,18,19,14,185,157
32,15,18,20,19,14,13,17,185,157
32,15,18,20,19,14,185,157
32,15,18,24,23,14,13,17,185,157
32,15,18,24,23,14,185,157
32,15,23,14,13,17,185,157
32,15,23,14,185,157
32,15,23,24,18,19,14,13,17,185,157
32,15,23,24,18,19,14,185,157
32,15,23,24,18,20,19,14,13,17,185,157
32,15,23,24,18,20,19,14,185,157
32,15,42,20,18,19,14,13,17,185,157
32,15,42,20,18,19,14,185,157
32,15,42,20,18,24,23,14,13,17,185,157
32,15,42,20,18,24,23,14,185,157
32,15,42,20,19,18,24,23,14,13,17,185,157
32,15,42,20,19,18,24,23,14,185,157
32,15,42,20,19,14,13,17,185,157
32,15,42,20,19,14,185,157
32,15,13,14,185,65
32,15,13,17,185,65
32,15,18,19,14,13,17,185,65
32,15,18,19,14,185,65
32,15,18,20,19,14,13,17,185,65
32,15,18,20,19,14,185,65
32,15,18,24,23,14,13,17,185,65
32,15,18,24,23,14,185,65
32,15,23,14,13,17,185,65
32,15,23,14,185,65
32,15,23,24,18,19,14,13,17,185,65
32,15,23,24,18,19,14,185,65
32,15,23,24,18,20,19,14,13,17,185,65
32,15,23,24,18,20,19,14,185,65
32,15,42,20,18,19,14,13,17,185,65
32,15,42,20,18,19,14,185,65
32,15,42,20,18,24,23,14,13,17,185,65
32,15,42,20,18,24,23,14,185,65
32,15,42,20,19,18,24,23,14,13,17,185,65
32,15,42,20,19,18,24,23,14,185,65
32,15,42,20,19,14,13,17,185,65
32,15,42,20,19,14,185,65
36,37
36,38
36,37,63,62
36,37,63
36,37,63,25
36,37,63,66
37,36,38
37,63,62
37,63
37,63,25
37,63,66
38,36,37,63,62
38,36,37,63
38,36,37,63,25
38,36,37,63,66
42,20,18,19,34
42,20,18,24,23,14,19,34
42,20,19,34
42,15,13,14,23,24,18,19,34
42,15,13,14,19,34
42,15,13,17,185,14,23,24,18,19,34
42,15,13,17,185,14,19,34
42,15,18,19,34
42,15,18,24,23,14,19,34
42,15,23,14,19,34
42,15,23,24,18,19,34
42,20,18,19,14,23,24,89
42,20,18,24,89
42,20,19,18,24,89
42,20,19,14,23,24,89
42,15,13,14,23,24,89
42,15,13,14,19,18,24,89
42,15,13,17,185,14,23,24,89
42,15,13,17,185,14,19,18,24,89
42,15,18,19,14,23,24,89
42,15,18,24,89
42,15,23,24,89
42,15,160,94
42,15,160,94,41
42,20,112
42,15,160
42,20,18,163
42,20,19,18,163
42,20,19,14,23,24,18,163
42,15,13,14,23,24,18,163
42,15,13,14,19,18,163
42,15,13,17,185,14,23,24,18,163
42,15,13,17,185,14,19,18,163
42,15,18,163
42,15,23,14,19,18,163
42,15,23,24,18,163
42,15,168
42,20,18,19,14,180
42,20,18,24,23,14,180
42,20,19,18,24,23,14,180
42,20,19,14,180
42,15,13,14,180
42,15,13,17,185,14,180
42,15,18,19,14,180
42,15,18,24,23,14,180
42,15,23,14,180
42,15,23,24,18,19,14,180
42,20,18,19,14,185
42,20,18,24,23,14,185
42,20,19,18,24,23,14,185
42,20,19,14,185
42,15,13,14,185
42,15,13,17,185
42,15,18,19,14,185
42,15,18,24,23,14,185
42,15,23,14,185
42,15,23,24,18,19,14,185
42,20,18,19,14,13,17,185,157
42,20,18,19,14,185,157
42,20,18,24,23,14,13,17,185,157
42,20,18,24,23,14,185,157
42,20,19,18,24,23,14,13,17,185,157
42,20,19,18,24,23,14,185,157
42,20,19,14,13,17,185,157
42,20,19,14,185,157
42,15,13,14,185,157
42,15,13,17,185,157
42,15,18,19,14,13,17,185,157
42,15,18,19,14,185,157
42,15,18,24,23,14,13,17,185,157
42,15,18,24,23,14,185,157
42,15,23,14,13,17,185,157
42,15,23,14,185,157
42,15,23,24,18,19,14,13,17,185,157
42,15,23,24,18,19,14,185,157
42,20,18,19,14,13,17,185,65
42,20,18,19,14,185,65
42,20,18,24,23,14,13,17,185,65
42,20,18,24,23,14,185,65
42,20,19,18,24,23,14,13,17,185,65
42,20,19,18,24,23,14,185,65
42,20,19,14,13,17,185,65
42,20,19,14,185,65
42,15,13,14,185,65
42,15,13,17,185,65
42,15,18,19,14,13,17,185,65
42,15,18,19,14,185,65
42,15,18,24,23,14,13,17,185,65
42,15,18,24,23,14,185,65
42,15,23,14,13,17,185,65
42,15,23,14,185,65
42,15,23,24,18,19,14,13,17,185,65
42,15,23,24,18,19,14,185,65
34,19,18,15,13,14,23,24,89
34,19,18,15,13,17,185,14,23,24,89
34,19,18,15,23,24,89
34,19,18,20,42,15,13,14,23,24,89
34,19,18,20,42,15,13,17,185,14,23,24,89
34,19,18,20,42,15,23,24,89
34,19,18,24,89
34,19,20,18,15,13,14,23,24,89
34,19,20,18,15,13,17,185,14,23,24,89
34,19,20,18,15,23,24,89
34,19,20,18,24,89
34,19,20,42,15,13,14,23,24,89
34,19,20,42,15,13,17,185,14,23,24,89
34,19,20,42,15,18,24,89
34,19,20,42,15,23,24,89
34,19,14,13,15,18,24,89
34,19,14,13,15,23,24,89
34,19,14,13,15,42,20,18,24,89
34,19,14,23,15,18,24,89
34,19,14,23,15,42,20,18,24,89
34,19,14,23,24,89
34,19,14,185,17,13,15,18,24,89
34,19,14,185,17,13,15,23,24,89
34,19,14,185,17,13,15,42,20,18,24,89
34,19,18,15,160,94
34,19,18,20,42,15,160,94
34,19,18,24,23,14,13,15,160,94
34,19,18,24,23,14,185,17,13,15,160,94
34,19,18,24,23,15,160,94
34,19,20,18,15,160,94
34,19,20,18,24,23,14,13,15,160,94
34,19,20,18,24,23,14,185,17,13,15,160,94
34,19,20,18,24,23,15,160,94
34,19,20,42,15,160,94
34,19,14,13,15,160,94
34,19,14,23,15,160,94
34,19,14,23,24,18,15,160,94
34,19,14,23,24,18,20,42,15,160,94
34,19,14,185,17,13,15,160,94
34,19,18,15,160,94,41
34,19,18,20,42,15,160,94,41
34,19,18,24,23,14,13,15,160,94,41
34,19,18,24,23,14,185,17,13,15,160,94,41
34,19,18,24,23,15,160,94,41
34,19,20,18,15,160,94,41
34,19,20,18,24,23,14,13,15,160,94,41
34,19,20,18,24,23,14,185,17,13,15,160,94,41
34,19,20,18,24,23,15,160,94,41
34,19,20,42,15,160,94,41
34,19,14,13,15,160,94,41
34,19,14,23,15,160,94,41
34,19,14,23,24,18,15,160,94,41
34,19,14,23,24,18,20,42,15,160,94,41
34,19,14,185,17,13,15,160,94,41
34,19,18,15,42,20,112
34,19,18,20,112
34,19,18,24,23,14,13,15,42,20,112
34,19,18,24,23,14,185,17,13,15,42,20,112
34,19,18,24,23,15,42,20,112
34,19,20,112
34,19,14,13,15,18,20,112
34,19,14,13,15,23,24,18,20,112
34,19,14,13,15,42,20,112
34,19,14,23,15,18,20,112
34,19,14,23,15,42,20,112
34,19,14,23,24,18,15,42,20,112
34,19,14,23,24,18,20,112
34,19,14,185,17,13,15,18,20,112
34,19,14,185,17,13,15,23,24,18,20,112
34,19,14,185,17,13,15,42,20,112
34,19,18,15,160
34,19,18,20,42,15,160
34,19,18,24,23,14,13,15,160
34,19,18,24,23,14,185,17,13,15,160
34,19,18,24,23,15,160
34,19,20,18,15,160
34,19,20,18,24,23,14,13,15,160
34,19,20,18,24,23,14,185,17,13,15,160
34,19,20,18,24,23,15,160
34,19,20,42,15,160
34,19,14,13,15,160
34,19,14,23,15,160
34,19,14,23,24,18,15,160
34,19,14,23,24,18,20,42,15,160
34,19,14,185,17,13,15,160
34,19,18,163
34,19,20,18,163
34,19,20,42,15,13,14,23,24,18,163
34,19,20,42,15,13,17,185,14,23,24,18,163
34,19,20,42,15,18,163
34,19,20,42,15,23,24,18,163
34,19,14,13,15,18,163
34,19,14,13,15,23,24,18,163
34,19,14,13,15,42,20,18,163
34,19,14,23,15,18,163
34,19,14,23,15,42,20,18,163
34,19,14,23,24,18,163
34,19,14,185,17,13,15,18,163
34,19,14,185,17,13,15,23,24,18,163
34,19,14,185,17,13,15,42,20,18,163
34,19,18,15,168
34,19,18,20,42,15,168
34,19,18,24,23,14,13,15,168
34,19,18,24,23,14,185,17,13,15,168
34,19,18,24,23,15,168
34,19,20,18,15,168
34,19,20,18,24,23,14,13,15,168
34,19,20,18,24,23,14,185,17,13,15,168
34,19,20,18,24,23,15,168
34,19,20,42,15,168
34,19,14,13,15,168
34,19,14,23,15,168
34,19,14,23,24,18,15,168
34,19,14,23,24,18,20,42,15,168
34,19,14,185,17,13,15,168
34,19,18,15,13,14,180
34,19,18,15,13,17,185,14,180
34,19,18,15,23,14,180
34,19,18,20,42,15,13,14,180
34,19,18,20,42,15,13,17,185,14,180
34,19,18,20,42,15,23,14,180
34,19,18,24,23,14,180
34,19,18,24,23,15,13,14,180
34,19,18,24,23,15,13,17,185,14,180
34,19,20,18,15,13,14,180
34,19,20,18,15,13,17,185,14,180
34,19,20,18,15,23,14,180
34,19,20,18,24,23,14,180
34,19,20,18,24,23,15,13,14,180
34,19,20,18,24,23,15,13,17,185,14,180
34,19,20,42,15,13,14,180
34,19,20,42,15,13,17,185,14,180
34,19,20,42,15,18,24,23,14,180
34,19,20,42,15,23,14,180
34,19,14,180
34,19,18,15,13,14,185
34,19,18,15,13,17,185
34,19,18,15,23,14,185
34,19,18,20,42,15,13,14,185
34,19,18,20,42,15,13,17,185
34,19,18,20,42,15,23,14,185
34,19,18,24,23,14,185
34,19,18,24,23,15,13,14,185
34,19,18,24,23,15,13,17,185
34,19,20,18,15,13,14,185
34,19,20,18,15,13,17,185
34,19,20,18,15,23,14,185
34,19,20,18,24,23,14,185
34,19,20,18,24,23,15,13,14,185
34,19,20,18,24,23,15,13,17,185
34,19,20,42,15,13,14,185
34,19,20,42,15,13,17,185
34,19,20,42,15,18,24,23,14,185
34,19,20,42,15,23,14,185
34,19,14,185
34,19,18,15,13,14,185,157
34,19,18,15,13,17,185,157
34,19,18,15,23,14,13,17,185,157
34,19,18,15,23,14,185,157
34,19,18,20,42,15,13,14,185,157
34,19,18,20,42,15,13,17,185,157
34,19,18,20,42,15,23,14,13,17,185,157
34,19,18,20,42,15,23,14,185,157
34,19,18,24,23,14,13,17,185,157
34,19,18,24,23,14,185,157
34,19,18,24,23,15,13,14,185,157
34,19,18,24,23,15,13,17,185,157
34,19,20,18,15,13,14,185,157
34,19,20,18,15,13,17,185,157
34,19,20,18,15,23,14,13,17,185,157
34,19,20,18,15,23,14,185,157
34,19,20,18,24,23,14,13,17,185,157
34,19,20,18,24,23,14,185,157
34,19,20,18,24,23,15,13,14,185,157
34,19,20,18,24,23,15,13,17,185,157
34,19,20,42,15,13,14,185,157
34,19,20,42,15,13,17,185,157
34,19,20,42,15,18,24,23,14,13,17,185,157
34,19,20,42,15,18,24,23,14,185,157
34,19,20,42,15,23,14,13,17,185,157
34,19,20,42,15,23,14,185,157
34,19,14,13,17,185,157
34,19,14,23,15,13,17,185,157
34,19,14,23,24,18,15,13,17,185,157
34,19,14,185,157
34,19,18,15,13,14,185,65
34,19,18,15,13,17,185,65
34,19,18,15,23,14,13,17,185,65
34,19,18,15,23,14,185,65
34,19,18,20,42,15,13,14,185,65
34,19,18,20,42,15,13,17,185,65
34,19,18,20,42,15,23,14,13,17,185,65
34,19,18,20,42,15,23,14,185,65
34,19,18,24,23,14,13,17,185,65
34,19,18,24,23,14,185,65
34,19,18,24,23,15,13,14,185,65
34,19,18,24,23,15,13,17,185,65
34,19,20,18,15,13,14,185,65
34,19,20,18,15,13,17,185,65
34,19,20,18,15,23,14,13,17,185,65
34,19,20,18,15,23,14,185,65
34,19,20,18,24,23,14,13,17,185,65
34,19,20,18,24,23,14,185,65
34,19,20,18,24,23,15,13,14,185,65
34,19,20,18,24,23,15,13,17,185,65
34,19,20,42,15,13,14,185,65
34,19,20,42,15,13,17,185,65
34,19,20,42,15,18,24,23,14,13,17,185,65
34,19,20,42,15,18,24,23,14,185,65
34,19,20,42,15,23,14,13,17,185,65
34,19,20,42,15,23,14,185,65
34,19,14,13,17,185,65
34,19,14,23,15,13,17,185,65
34,19,14,23,24,18,15,13,17,185,65
34,19,14,185,65
45,46
45,31
46,45,31
48,49
48,85
48,49,5
49,48,85
49,5
54,55
59,60
59,129,60
59,60,129,70
59,129,70
59,60,129,70,71
59,129,70,71
59,60,86
59,129,60,86
59,129
59,60,129,130
59,129,130
59,60,129,131
59,129,131
59,60,129,132
59,129,132
59,60,129,40
59,129,40
59,60,129,133
59,129,133
59,60,177
59,129,60,177
59,60,129,132,179
59,129,132,179
59,60,129,132,179,91
59,129,132,179,91
60,129,70
60,129,70,71
60,86
60,129
60,129,130
60,129,131
60,129,132
60,129,40
60,129,133
60,177
60,129,132,179
60,129,132,179,91
62,63
62,63,25
62,63,66
63,25
63,66
70,71
70,129,60,86
70,129,59,60,86
70,129
70,129,130
70,129,131
70,129,132
70,129,40
70,129,133
70,129,60,177
70,129,59,60,177
70,129,132,179
70,129,132,179,91
71,70,129,60,86
71,70,129,59,60,86
71,70,129
71,70,129,130
71,70,129,131
71,70,129,132
71,70,129,40
71,70,129,133
71,70,129,60,177
71,70,129,59,60,177
71,70,129,132,179
71,70,129,132,179,91
73,74
73,8,76
74,73,8,76
79,80
79,80,139
80,139
82,83
85,48,49,5
86,60,129
86,60,59,129,130
86,60,129,130
86,60,59,129,131
86,60,129,131
86,60,59,129,132
86,60,129,132
86,60,59,129,40
86,60,129,40
86,60,59,129,133
86,60,129,133
86,60,177
86,60,59,129,132,179
86,60,129,132,179
86,60,59,129,132,179,91
86,60,129,132,179,91
89,24,23,14,13,15,160,94
89,24,23,14,19,18,15,160,94
89,24,23,14,19,18,20,42,15,160,94
89,24,23,14,19,20,18,15,160,94
89,24,23,14,19,20,42,15,160,94
89,24,23,14,185,17,13,15,160,94
89,24,23,15,160,94
89,24,18,15,160,94
89,24,18,19,20,42,15,160,94
89,24,18,19,14,13,15,160,94
89,24,18,19,14,185,17,13,15,160,94
89,24,18,20,19,14,13,15,160,94
89,24,18,20,19,14,185,17,13,15,160,94
89,24,18,20,42,15,160,94
89,24,23,14,13,15,160,94,41
89,24,23,14,19,18,15,160,94,41
89,24,23,14,19,18,20,42,15,160,94,41
89,24,23,14,19,20,18,15,160,94,41
89,24,23,14,19,20,42,15,160,94,41
89,24,23,14,185,17,13,15,160,94,41
89,24,23,15,160,94,41
89,24,18,15,160,94,41
89,24,18,19,20,42,15,160,94,41
89,24,18,19,14,13,15,160,94,41
89,24,18,19,14,185,17,13,15,160,94,41
89,24,18,20,19,14,13,15,160,94,41
89,24,18,20,19,14,185,17,13,15,160,94,41
89,24,18,20,42,15,160,94,41
89,24,23,14,13,15,18,19,20,112
89,24,23,14,13,15,18,20,112
89,24,23,14,13,15,42,20,112
89,24,23,14,19,18,15,42,20,112
89,24,23,14,19,18,20,112
89,24,23,14,19,20,112
89,24,23,14,185,17,13,15,18,19,20,112
89,24,23,14,185,17,13,15,18,20,112
89,24,23,14,185,17,13,15,42,20,112
89,24,23,15,13,14,19,20,112
89,24,23,15,13,17,185,14,19,20,112
89,24,23,15,18,19,20,112
89,24,23,15,18,20,112
89,24,23,15,42,20,112
89,24,18,15,13,14,19,20,112
89,24,18,15,13,17,185,14,19,20,112
89,24,18,15,23,14,19,20,112
89,24,18,15,42,20,112
89,24,18,19,20,112
89,24,18,19,14,13,15,42,20,112
89,24,18,19,14,185,17,13,15,42,20,112
89,24,18,20,112
89,24,23,14,13,15,160
89,24,23,14,19,18,15,160
89,24,23,14,19,18,20,42,15,160
89,24,23,14,19,20,18,15,160
89,24,23,14,19,20,42,15,160
89,24,23,14,185,17,13,15,160
89,24,23,15,160
89,24,18,15,160
89,24,18,19,20,42,15,160
89,24,18,19,14,13,15,160
89,24,18,19,14,185,17,13,15,160
89,24,18,20,19,14,13,15,160
89,24,18,20,19,14,185,17,13,15,160
89,24,18,20,42,15,160
89,24,23,14,13,15,18,163
89,24,23,14,13,15,42,20,18,163
89,24,23,14,13,15,42,20,19,18,163
89,24,23,14,19,18,163
89,24,23,14,19,20,18,163
89,24,23,14,19,20,42,15,18,163
89,24,23,14,185,17,13,15,18,163
89,24,23,14,185,17,13,15,42,20,18,163
89,24,23,14,185,17,13,15,42,20,19,18,163
89,24,23,15,13,14,19,18,163
89,24,23,15,13,14,19,20,18,163
89,24,23,15,13,17,185,14,19,18,163
89,24,23,15,13,17,185,14,19,20,18,163
89,24,23,15,18,163
89,24,23,15,42,20,18,163
89,24,23,15,42,20,19,18,163
89,24,18,163
89,24,23,14,13,15,168
89,24,23,14,19,18,15,168
89,24,23,14,19,18,20,42,15,168
89,24,23,14,19,20,18,15,168
89,24,23,14,19,20,42,15,168
89,24,23,14,185,17,13,15,168
89,24,23,15,168
89,24,18,15,168
89,24,18,19,20,42,15,168
89,24,18,19,14,13,15,168
89,24,18,19,14,185,17,13,15,168
89,24,18,20,19,14,13,15,168
89,24,18,20,19,14,185,17,13,15,168
89,24,18,20,42,15,168
89,24,23,14,180
89,24,23,15,13,14,180
89,24,23,15,13,17,185,14,180
89,24,23,15,18,19,14,180
89,24,23,15,18,20,19,14,180
89,24,23,15,42,20,18,19,14,180
89,24,23,15,42,20,19,14,180
89,24,18,15,13,14,180
89,24,18,15,13,17,185,14,180
89,24,18,15,23,14,180
89,24,18,15,42,20,19,14,180
89,24,18,19,20,42,15,13,14,180
89,24,18,19,20,42,15,13,17,185,14,180
89,24,18,19,14,180
89,24,18,20,19,14,180
89,24,18,20,42,15,13,14,180
89,24,18,20,42,15,13,17,185,14,180
89,24,18,20,42,15,23,14,180
89,24,23,14,185
89,24,23,15,13,14,185
89,24,23,15,13,17,185
89,24,23,15,18,19,14,185
89,24,23,15,18,20,19,14,185
89,24,23,15,42,20,18,19,14,185
89,24,23,15,42,20,19,14,185
89,24,18,15,13,14,185
89,24,18,15,13,17,185
89,24,18,15,23,14,185
89,24,18,15,42,20,19,14,185
89,24,18,19,20,42,15,13,14,185
89,24,18,19,20,42,15,13,17,185
89,24,18,19,14,185
89,24,18,20,19,14,185
89,24,18,20,42,15,13,14,185
89,24,18,20,42,15,13,17,185
89,24,18,20,42,15,23,14,185
89,24,23,14,13,17,185,157
89,24,23,14,19,18,15,13,17,185,157
89,24,23,14,19,18,20,42,15,13,17,185,157
89,24,23,14,19,20,18,15,13,17,185,157
89,24,23,14,19,20,42,15,13,17,185,157
89,24,23,14,185,157
89,24,23,15,13,14,185,157
89,24,23,15,13,17,185,157
89,24,23,15,18,19,14,185,157
89,24,23,15,18,20,19,14,185,157
89,24,23,15,42,20,18,19,14,185,157
89,24,23,15,42,20,19,14,185,157
89,24,18,15,13,14,185,157
89,24,18,15,13,17,185,157
89,24,18,15,23,14,13,17,185,157
89,24,18,15,23,14,185,157
89,24,18,15,42,20,19,14,13,17,185,157
89,24,18,15,42,20,19,14,185,157
89,24,18,19,20,42,15,13,14,185,157
89,24,18,19,20,42,15,13,17,185,157
89,24,18,19,14,13,17,185,157
89,24,18,19,14,185,157
89,24,18,20,19,14,13,17,185,157
89,24,18,20,19,14,185,157
89,24,18,20,42,15,13,14,185,157
89,24,18,20,42,15,13,17,185,157
89,24,18,20,42,15,23,14,13,17,185,157
89,24,18,20,42,15,23,14,185,157
89,24,23,14,13,17,185,65
89,24,23,14,19,18,15,13,17,185,65
89,24,23,14,19,18,20,42,15,13,17,185,65
89,24,23,14,19,20,18,15,13,17,185,65
89,24,23,14,19,20,42,15,13,17,185,65
89,24,23,14,185,65
89,24,23,15,13,14,185,65
89,24,23,15,13,17,185,65
89,24,23,15,18,19,14,185,65
89,24,23,15,18,20,19,14,185,65
89,24,23,15,42,20,18,19,14,185,65
89,24,23,15,42,20,19,14,185,65
89,24,18,15,13,14,185,65
89,24,18,15,13,17,185,65
89,24,18,15,23,14,13,17,185,65
89,24,18,15,23,14,185,65
89,24,18,15,42,20,19,14,13,17,185,65
89,24,18,15,42,20,19,14,185,65
89,24,18,19,20,42,15,13,14,185,65
89,24,18,19,20,42,15,13,17,185,65
89,24,18,19,14,13,17,185,65
89,24,18,19,14,185,65
89,24,18,20,19,14,13,17,185,65
89,24,18,20,19,14,185,65
89,24,18,20,42,15,13,14,185,65
89,24,18,20,42,15,13,17,185,65
89,24,18,20,42,15,23,14,13,17,185,65
89,24,18,20,42,15,23,14,185,65
94,41
94,160,15,13,14,23,24,18,19,20,112
94,160,15,13,14,23,24,18,20,112
94,160,15,13,14,19,18,20,112
94,160,15,13,14,19,20,112
94,160,15,13,17,185,14,23,24,18,19,20,112
94,160,15,13,17,185,14,23,24,18,20,112
94,160,15,13,17,185,14,19,18,20,112
94,160,15,13,17,185,14,19,20,112
94,160,15,18,19,20,112
94,160,15,18,20,112
94,160,15,18,24,23,14,19,20,112
94,160,15,23,14,19,18,20,112
94,160,15,23,14,19,20,112
94,160,15,23,24,18,19,20,112
94,160,15,23,24,18,20,112
94,160,15,42,20,112
94,160
94,160,15,13,14,23,24,18,163
94,160,15,13,14,19,18,163
94,160,15,13,14,19,20,18,163
94,160,15,13,17,185,14,23,24,18,163
94,160,15,13,17,185,14,19,18,163
94,160,15,13,17,185,14,19,20,18,163
94,160,15,18,163
94,160,15,23,14,19,18,163
94,160,15,23,14,19,20,18,163
94,160,15,23,24,18,163
94,160,15,42,20,18,163
94,160,15,42,20,19,18,163
94,160,15,42,20,19,14,23,24,18,163
94,160,15,168
94,160,15,13,14,180
94,160,15,13,17,185,14,180
94,160,15,18,19,14,180
94,160,15,18,20,19,14,180
94,160,15,18,24,23,14,180
94,160,15,23,14,180
94,160,15,23,24,18,19,14,180
94,160,15,23,24,18,20,19,14,180
94,160,15,42,20,18,19,14,180
94,160,15,42,20,18,24,23,14,180
94,160,15,42,20,19,18,24,23,14,180
94,160,15,42,20,19,14,180
94,160,15,13,14,185
94,160,15,13,17,185
94,160,15,18,19,14,185
94,160,15,18,20,19,14,185
94,160,15,18,24,23,14,185
94,160,15,23,14,185
94,160,15,23,24,18,19,14,185
94,160,15,23,24,18,20,19,14,185
94,160,15,42,20,18,19,14,185
94,160,15,42,20,18,24,23,14,185
94,160,15,42,20,19,18,24,23,14,185
94,160,15,42,20,19,14,185
94,160,15,13,14,185,157
94,160,15,13,17,185,157
94,160,15,18,19,14,13,17,185,157
94,160,15,18,19,14,185,157
94,160,15,18,20,19,14,13,17,185,157
94,160,15,18,20,19,14,185,157
94,160,15,18,24,23,14,13,17,185,157
94,160,15,18,24,23,14,185,157
94,160,15,23,14,13,17,185,157
94,160,15,23,14,185,157
94,160,15,23,24,18,19,14,13,17,185,157
94,160,15,23,24,18,19,14,185,157
94,160,15,23,24,18,20,19,14,13,17,185,157
94,160,15,23,24,18,20,19,14,185,157
94,160,15,42,20,18,19,14,13,17,185,157
94,160,15,42,20,18,19,14,185,157
94,160,15,42,20,18,24,23,14,13,17,185,157
94,160,15,42,20,18,24,23,14,185,157
94,160,15,42,20,19,18,24,23,14,13,17,185,157
94,160,15,42,20,19,18,24,23,14,185,157
94,160,15,42,20,19,14,13,17,185,157
94,160,15,42,20,19,14,185,157
94,160,15,13,14,185,65
94,160,15,13,17,185,65
94,160,15,18,19,14,13,17,185,65
94,160,15,18,19,14,185,65
94,160,15,18,20,19,14,13,17,185,65
94,160,15,18,20,19,14,185,65
94,160,15,18,24,23,14,13,17,185,65
94,160,15,18,24,23,14,185,65
94,160,15,23,14,13,17,185,65
94,160,15,23,14,185,65
94,160,15,23,24,18,19,14,13,17,185,65
94,160,15,23,24,18,19,14,185,65
94,160,15,23,24,18,20,19,14,13,17,185,65
94,160,15,23,24,18,20,19,14,185,65
94,160,15,42,20,18,19,14,13,17,185,65
94,160,15,42,20,18,19,14,185,65
94,160,15,42,20,18,24,23,14,13,17,185,65
94,160,15,42,20,18,24,23,14,185,65
94,160,15,42,20,19,18,24,23,14,13,17,185,65
94,160,15,42,20,19,18,24,23,14,185,65
94,160,15,42,20,19,14,13,17,185,65
94,160,15,42,20,19,14,185,65
41,94,160,15,13,14,23,24,18,19,20,112
41,94,160,15,13,14,23,24,18,20,112
41,94,160,15,13,14,19,18,20,112
41,94,160,15,13,14,19,20,112
41,94,160,15,13,17,185,14,23,24,18,19,20,112
41,94,160,15,13,17,185,14,23,24,18,20,112
41,94,160,15,13,17,185,14,19,18,20,112
41,94,160,15,13,17,185,14,19,20,112
41,94,160,15,18,19,20,112
41,94,160,15,18,20,112
41,94,160,15,18,24,23,14,19,20,112
41,94,160,15,23,14,19,18,20,112
41,94,160,15,23,14,19,20,112
41,94,160,15,23,24,18,19,20,112
41,94,160,15,23,24,18,20,112
41,94,160,15,42,20,112
41,94,160
41,94,160,15,13,14,23,24,18,163
41,94,160,15,13,14,19,18,163
41,94,160,15,13,14,19,20,18,163
41,94,160,15,13,17,185,14,23,24,18,163
41,94,160,15,13,17,185,14,19,18,163
41,94,160,15,13,17,185,14,19,20,18,163
41,94,160,15,18,163
41,94,160,15,23,14,19,18,163
41,94,160,15,23,14,19,20,18,163
41,94,160,15,23,24,18,163
41,94,160,15,42,20,18,163
41,94,160,15,42,20,19,18,163
41,94,160,15,42,20,19,14,23,24,18,163
41,94,160,15,168
41,94,160,15,13,14,180
41,94,160,15,13,17,185,14,180
41,94,160,15,18,19,14,180
41,94,160,15,18,20,19,14,180
41,94,160,15,18,24,23,14,180
41,94,160,15,23,14,180
41,94,160,15,23,24,18,19,14,180
41,94,160,15,23,24,18,20,19,14,180
41,94,160,15,42,20,18,19,14,180
41,94,160,15,42,20,18,24,23,14,180
41,94,160,15,42,20,19,18,24,23,14,180
41,94,160,15,42,20,19,14,180
41,94,160,15,13,14,185
41,94,160,15,13,17,185
41,94,160,15,18,19,14,185
41,94,160,15,18,20,19,14,185
41,94,160,15,18,24,23,14,185
41,94,160,15,23,14,185
41,94,160,15,23,24,18,19,14,185
41,94,160,15,23,24,18,20,19,14,185
41,94,160,15,42,20,18,19,14,185
41,94,160,15,42,20,18,24,23,14,185
41,94,160,15,42,20,19,18,24,23,14,185
41,94,160,15,42,20,19,14,185
41,94,160,15,13,14,185,157
41,94,160,15,13,17,185,157
41,94,160,15,18,19,14,13,17,185,157
41,94,160,15,18,19,14,185,157
41,94,160,15,18,20,19,14,13,17,185,157
41,94,160,15,18,20,19,14,185,157
41,94,160,15,18,24,23,14,13,17,185,157
41,94,160,15,18,24,23,14,185,157
41,94,160,15,23,14,13,17,185,157
41,94,160,15,23,14,185,157
41,94,160,15,23,24,18,19,14,13,17,185,157
41,94,160,15,23,24,18,19,14,185,157
41,94,160,15,23,24,18,20,19,14,13,17,185,157
41,94,160,15,23,24,18,20,19,14,185,157
41,94,160,15,42,20,18,19,14,13,17,185,157
41,94,160,15,42,20,18,19,14,185,157
41,94,160,15,42,20,18,24,23,14,13,17,185,157
41,94,160,15,42,20,18,24,23,14,185,157
41,94,160,15,42,20,19,18,24,23,14,13,17,185,157
41,94,160,15,42,20,19,18,24,23,14,185,157
41,94,160,15,42,20,19,14,13,17,185,157
41,94,160,15,42,20,19,14,185,157
41,94,160,15,13,14,185,65
41,94,160,15,13,17,185,65
41,94,160,15,18,19,14,13,17,185,65
41,94,160,15,18,19,14,185,65
41,94,160,15,18,20,19,14,13,17,185,65
41,94,160,15,18,20,19,14,185,65
41,94,160,15,18,24,23,14,13,17,185,65
41,94,160,15,18,24,23,14,185,65
41,94,160,15,23,14,13,17,185,65
41,94,160,15,23,14,185,65
41,94,160,15,23,24,18,19,14,13,17,185,65
41,94,160,15,23,24,18,19,14,185,65
41,94,160,15,23,24,18,20,19,14,13,17,185,65
41,94,160,15,23,24,18,20,19,14,185,65
41,94,160,15,42,20,18,19,14,13,17,185,65
41,94,160,15,42,20,18,19,14,185,65
41,94,160,15,42,20,18,24,23,14,13,17,185,65
41,94,160,15,42,20,18,24,23,14,185,65
41,94,160,15,42,20,19,18,24,23,14,13,17,185,65
41,94,160,15,42,20,19,18,24,23,14,185,65
41,94,160,15,42,20,19,14,13,17,185,65
41,94,160,15,42,20,19,14,185,65
95,39
110,111
110,169
111,110,169
112,20,18,15,160
112,20,18,19,14,13,15,160
112,20,18,19,14,23,15,160
112,20,18,19,14,185,17,13,15,160
112,20,18,24,23,14,13,15,160
112,20,18,24,23,14,185,17,13,15,160
112,20,18,24,23,15,160
112,20,19,18,15,160
112,20,19,18,24,23,14,13,15,160
112,20,19,18,24,23,14,185,17,13,15,160
112,20,19,18,24,23,15,160
112,20,19,14,13,15,160
112,20,19,14,23,15,160
112,20,19,14,23,24,18,15,160
112,20,19,14,185,17,13,15,160
112,20,42,15,160
112,20,18,163
112,20,19,18,163
112,20,19,14,13,15,18,163
112,20,19,14,13,15,23,24,18,163
112,20,19,14,23,15,18,163
112,20,19,14,23,24,18,163
112,20,19,14,185,17,13,15,18,163
112,20,19,14,185,17,13,15,23,24,18,163
112,20,42,15,13,14,23,24,18,163
112,20,42,15,13,14,19,18,163
112,20,42,15,13,17,185,14,23,24,18,163
112,20,42,15,13,17,185,14,19,18,163
112,20,42,15,18,163
112,20,42,15,23,14,19,18,163
112,20,42,15,23,24,18,163
112,20,18,15,168
112,20,18,19,14,13,15,168
112,20,18,19,14,23,15,168
112,20,18,19,14,185,17,13,15,168
112,20,18,24,23,14,13,15,168
112,20,18,24,23,14,185,17,13,15,168
112,20,18,24,23,15,168
112,20,19,18,15,168
112,20,19,18,24,23,14,13,15,168
112,20,19,18,24,23,14,185,17,13,15,168
112,20,19,18,24,23,15,168
112,20,19,14,13,15,168
112,20,19,14,23,15,168
112,20,19,14,23,24,18,15,168
112,20,19,14,185,17,13,15,168
112,20,42,15,168
112,20,18,15,13,14,180
112,20,18,15,13,17,185,14,180
112,20,18,15,23,14,180
112,20,18,19,14,180
112,20,18,24,23,14,180
112,20,18,24,23,15,13,14,180
112,20,18,24,23,15,13,17,185,14,180
112,20,19,18,15,13,14,180
112,20,19,18,15,13,17,185,14,180
112,20,19,18,15,23,14,180
112,20,19,18,24,23,14,180
112,20,19,18,24,23,15,13,14,180
112,20,19,18,24,23,15,13,17,185,14,180
112,20,19,14,180
112,20,42,15,13,14,180
112,20,42,15,13,17,185,14,180
112,20,42,15,18,19,14,180
112,20,42,15,18,24,23,14,180
112,20,42,15,23,14,180
112,20,42,15,23,24,18,19,14,180
112,20,18,15,13,14,185
112,20,18,15,13,17,185
112,20,18,15,23,14,185
112,20,18,19,14,185
112,20,18,24,23,14,185
112,20,18,24,23,15,13,14,185
112,20,18,24,23,15,13,17,185
112,20,19,18,15,13,14,185
112,20,19,18,15,13,17,185
112,20,19,18,15,23,14,185
112,20,19,18,24,23,14,185
112,20,19,18,24,23,15,13,14,185
112,20,19,18,24,23,15,13,17,185
112,20,19,14,185
112,20,42,15,13,14,185
112,20,42,15,13,17,185
112,20,42,15,18,19,14,185
112,20,42,15,18,24,23,14,185
112,20,42,15,23,14,185
112,20,42,15,23,24,18,19,14,185
112,20,18,15,13,14,185,157
112,20,18,15,13,17,185,157
112,20,18,15,23,14,13,17,185,157
112,20,18,15,23,14,185,157
112,20,18,19,14,13,17,185,157
112,20,18,19,14,23,15,13,17,185,157
112,20,18,19,14,185,157
112,20,18,24,23,14,13,17,185,157
112,20,18,24,23,14,185,157
112,20,18,24,23,15,13,14,185,157
112,20,18,24,23,15,13,17,185,157
112,20,19,18,15,13,14,185,157
112,20,19,18,15,13,17,185,157
112,20,19,18,15,23,14,185,157
112,20,19,18,24,23,14,13,17,185,157
112,20,19,18,24,23,14,185,157
112,20,19,18,24,23,15,13,14,185,157
112,20,19,18,24,23,15,13,17,185,157
112,20,19,14,13,17,185,157
112,20,19,14,23,15,13,17,185,157
112,20,19,14,23,24,18,15,13,17,185,157
112,20,19,14,185,157
112,20,42,15,13,14,185,157
112,20,42,15,13,17,185,157
112,20,42,15,18,19,14,13,17,185,157
112,20,42,15,18,19,14,185,157
112,20,42,15,18,24,23,14,13,17,185,157
112,20,42,15,18,24,23,14,185,157
112,20,42,15,23,14,13,17,185,157
112,20,42,15,23,14,185,157
112,20,42,15,23,24,18,19,14,13,17,185,157
112,20,42,15,23,24,18,19,14,185,157
112,20,18,15,13,14,185,65
112,20,18,15,13,17,185,65
112,20,18,15,23,14,13,17,185,65
112,20,18,15,23,14,185,65
112,20,18,19,14,13,17,185,65
112,20,18,19,14,23,15,13,17,185,65
112,20,18,19,14,185,65
112,20,18,24,23,14,13,17,185,65
112,20,18,24,23,14,185,65
112,20,18,24,23,15,13,14,185,65
112,20,18,24,23,15,13,17,185,65
112,20,19,18,15,13,14,185,65
112,20,19,18,15,13,17,185,65
112,20,19,18,15,23,14,185,65
112,20,19,18,24,23,14,13,17,185,65
112,20,19,18,24,23,14,185,65
112,20,19,18,24,23,15,13,14,185,65
112,20,19,18,24,23,15,13,17,185,65
112,20,19,14,13,17,185,65
112,20,19,14,23,15,13,17,185,65
112,20,19,14,23,24,18,15,13,17,185,65
112,20,19,14,185,65
112,20,42,15,13,14,185,65
112,20,42,15,13,17,185,65
112,20,42,15,18,19,14,13,17,185,65
112,20,42,15,18,19,14,185,65
112,20,42,15,18,24,23,14,13,17,185,65
112,20,42,15,18,24,23,14,185,65
112,20,42,15,23,14,13,17,185,65
112,20,42,15,23,14,185,65
112,20,42,15,23,24,18,19,14,13,17,185,65
112,20,42,15,23,24,18,19,14,185,65
113,114
113,114,121
113,114,125
113,114,109
114,121
114,125
114,109
116,44
116,117
116,117,152
116,117,153
116,117,188
116,117,188,172
116,117,188,47
116,117,188,77
44,116,117
44,116,117,152
44,116,117,153
44,116,117,188
44,116,117,188,172
44,116,117,188,47
44,116,117,188,77
117,152
117,153
117,188
117,188,172
117,188,47
117,188,77
121,114,125
121,114,109
125,114,109
129,130
129,131
129,132
129,40
129,133
129,60,177
129,132,179
129,132,179,91
130,129,131
130,129,132
130,129,40
130,129,133
130,129,60,177
130,129,59,60,177
130,129,132,179
130,129,132,179,91
131,129,132
131,129,40
131,129,133
131,129,60,177
131,129,59,60,177
131,129,132,179
131,129,132,179,91
132,129,40
132,129,133
132,129,60,177
132,129,59,60,177
132,179
132,179,91
40,129,133
40,129,60,177
40,129,59,60,177
40,129,132,179
40,129,132,179,91
133,129,60,177
133,129,59,60,177
133,129,132,179
133,129,132,179,91
150,35
152,117,153
152,117,188
152,117,188,172
152,117,188,47
152,117,188,77
153,117,188
153,117,188,172
153,117,188,47
153,117,188,77
160,15,13,14,23,24,18,163
160,15,13,14,19,18,163
160,15,13,14,19,20,18,163
160,15,13,17,185,14,23,24,18,163
160,15,13,17,185,14,19,18,163
160,15,13,17,185,14,19,20,18,163
160,15,18,163
160,15,23,14,19,18,163
160,15,23,14,19,20,18,163
160,15,23,24,18,163
160,15,42,20,18,163
160,15,42,20,19,18,163
160,15,42,20,19,14,23,24,18,163
160,15,168
160,15,13,14,180
160,15,13,17,185,14,180
160,15,18,19,14,180
160,15,18,20,19,14,180
160,15,18,24,23,14,180
160,15,23,14,180
160,15,23,24,18,19,14,180
160,15,23,24,18,20,19,14,180
160,15,42,20,18,19,14,180
160,15,42,20,18,24,23,14,180
160,15,42,20,19,18,24,23,14,180
160,15,42,20,19,14,180
160,15,13,14,185
160,15,13,17,185
160,15,18,19,14,185
160,15,18,20,19,14,185
160,15,18,24,23,14,185
160,15,23,14,185
160,15,23,24,18,19,14,185
160,15,23,24,18,20,19,14,185
160,15,42,20,18,19,14,185
160,15,42,20,18,24,23,14,185
160,15,42,20,19,18,24,23,14,185
160,15,42,20,19,14,185
160,15,13,14,185,157
160,15,13,17,185,157
160,15,18,19,14,13,17,185,157
160,15,18,19,14,185,157
160,15,18,20,19,14,13,17,185,157
160,15,18,20,19,14,185,157
160,15,18,24,23,14,13,17,185,157
160,15,18,24,23,14,185,157
160,15,23,14,13,17,185,157
160,15,23,14,185,157
160,15,23,24,18,19,14,13,17,185,157
160,15,23,24,18,19,14,185,157
160,15,23,24,18,20,19,14,13,17,185,157
160,15,23,24,18,20,19,14,185,157
160,15,42,20,18,19,14,13,17,185,157
160,15,42,20,18,19,14,185,157
160,15,42,20,18,24,23,14,13,17,185,157
160,15,42,20,18,24,23,14,185,157
160,15,42,20,19,18,24,23,14,13,17,185,157
160,15,42,20,19,18,24,23,14,185,157
160,15,42,20,19,14,13,17,185,157
160,15,42,20,19,14,185,157
160,15,13,14,185,65
160,15,13,17,185,65
160,15,18,19,14,13,17,185,65
160,15,18,19,14,185,65
160,15,18,20,19,14,13,17,185,65
160,15,18,20,19,14,185,65
160,15,18,24,23,14,13,17,185,65
160,15,18,24,23,14,185,65
160,15,23,14,13,17,185,65
160,15,23,14,185,65
160,15,23,24,18,19,14,13,17,185,65
160,15,23,24,18,19,14,185,65
160,15,23,24,18,20,19,14,13,17,185,65
160,15,23,24,18,20,19,14,185,65
160,15,42,20,18,19,14,13,17,185,65
160,15,42,20,18,19,14,185,65
160,15,42,20,18,24,23,14,13,17,185,65
160,15,42,20,18,24,23,14,185,65
160,15,42,20,19,18,24,23,14,13,17,185,65
160,15,42,20,19,18,24,23,14,185,65
160,15,42,20,19,14,13,17,185,65
160,15,42,20,19,14,185,65
163,18,15,168
163,18,19,20,42,15,168
163,18,19,14,13,15,168
163,18,19,14,23,15,168
163,18,19,14,185,17,13,15,168
163,18,20,19,14,13,15,168
163,18,20,19,14,23,15,168
163,18,20,19,14,185,17,13,15,168
163,18,20,42,15,168
163,18,24,23,14,13,15,168
163,18,24,23,14,19,20,42,15,168
163,18,24,23,14,185,17,13,15,168
163,18,24,23,15,168
163,18,15,13,14,180
163,18,15,13,17,185,14,180
163,18,15,23,14,180
163,18,15,42,20,19,14,180
163,18,19,20,42,15,13,14,180
163,18,19,20,42,15,13,17,185,14,180
163,18,19,20,42,15,23,14,180
163,18,19,14,180
163,18,20,19,14,180
163,18,20,42,15,13,14,180
163,18,20,42,15,13,17,185,14,180
163,18,20,42,15,23,14,180
163,18,24,23,14,180
163,18,24,23,15,13,14,180
163,18,24,23,15,13,17,185,14,180
163,18,24,23,15,42,20,19,14,180
163,18,15,13,14,185
163,18,15,13,17,185
163,18,15,23,14,185
163,18,15,42,20,19,14,185
163,18,19,20,42,15,13,14,185
163,18,19,20,42,15,13,17,185
163,18,19,20,42,15,23,14,185
163,18,19,14,185
163,18,20,19,14,185
163,18,20,42,15,13,14,185
163,18,20,42,15,13,17,185
163,18,20,42,15,23,14,185
163,18,24,23,14,185
163,18,24,23,15,13,14,185
163,18,24,23,15,13,17,185
163,18,24,23,15,42,20,19,14,185
163,18,15,13,14,185,157
163,18,15,13,17,185,157
163,18,15,23,14,13,17,185,157
163,18,15,23,14,185,157
163,18,15,42,20,19,14,13,17,185,157
163,18,15,42,20,19,14,185,157
163,18,19,20,42,15,13,14,185,157
163,18,19,20,42,15,13,17,185,157
163,18,19,20,42,15,23,14,13,17,185,157
163,18,19,20,42,15,23,14,185,157
163,18,19,14,13,17,185,157
163,18,19,14,23,15,13,17,185,157
163,18,19,14,185,157
163,18,20,19,14,13,17,185,157
163,18,20,19,14,23,15,13,17,185,157
163,18,20,19,14,185,157
163,18,20,42,15,13,14,185,157
163,18,20,42,15,13,17,185,157
163,18,20,42,15,23,14,13,17,185,157
163,18,20,42,15,23,14,185,157
163,18,24,23,14,13,17,185,157
163,18,24,23,14,19,20,42,15,13,17,185,157
163,18,24,23,14,185,157
163,18,24,23,15,13,14,185,157
163,18,24,23,15,13,17,185,157
163,18,24,23,15,42,20,19,14,185,157
163,18,15,13,14,185,65
163,18,15,13,17,185,65
163,18,15,23,14,13,17,185,65
163,18,15,23,14,185,65
163,18,15,42,20,19,14,13,17,185,65
163,18,15,42,20,19,14,185,65
163,18,19,20,42,15,13,14,185,65
163,18,19,20,42,15,13,17,185,65
163,18,19,20,42,15,23,14,13,17,185,65
163,18,19,20,42,15,23,14,185,65
163,18,19,14,13,17,185,65
163,18,19,14,23,15,13,17,185,65
163,18,19,14,185,65
163,18,20,19,14,13,17,185,65
163,18,20,19,14,23,15,13,17,185,65
163,18,20,19,14,185,65
163,18,20,42,15,13,14,185,65
163,18,20,42,15,13,17,185,65
163,18,20,42,15,23,14,13,17,185,65
163,18,20,42,15,23,14,185,65
163,18,24,23,14,13,17,185,65
163,18,24,23,14,19,20,42,15,13,17,185,65
163,18,24,23,14,185,65
163,18,24,23,15,13,14,185,65
163,18,24,23,15,13,17,185,65
163,18,24,23,15,42,20,19,14,185,65
168,15,13,14,180
168,15,13,17,185,14,180
168,15,18,19,14,180
168,15,18,20,19,14,180
168,15,18,24,23,14,180
168,15,23,14,180
168,15,23,24,18,19,14,180
168,15,23,24,18,20,19,14,180
168,15,42,20,18,19,14,180
168,15,42,20,18,24,23,14,180
168,15,42,20,19,18,24,23,14,180
168,15,42,20,19,14,180
168,15,13,14,185
168,15,13,17,185
168,15,18,19,14,185
168,15,18,20,19,14,185
168,15,18,24,23,14,185
168,15,23,14,185
168,15,23,24,18,19,14,185
168,15,23,24,18,20,19,14,185
168,15,42,20,18,19,14,185
168,15,42,20,18,24,23,14,185
168,15,42,20,19,18,24,23,14,185
168,15,42,20,19,14,185
168,15,13,14,185,157
168,15,13,17,185,157
168,15,18,19,14,13,17,185,157
168,15,18,19,14,185,157
168,15,18,20,19,14,13,17,185,157
168,15,18,20,19,14,185,157
168,15,18,24,23,14,13,17,185,157
168,15,18,24,23,14,185,157
168,15,23,14,13,17,185,157
168,15,23,14,185,157
168,15,23,24,18,19,14,13,17,185,157
168,15,23,24,18,19,14,185,157
168,15,23,24,18,20,19,14,13,17,185,157
168,15,23,24,18,20,19,14,185,157
168,15,42,20,18,19,14,13,17,185,157
168,15,42,20,18,19,14,185,157
168,15,42,20,18,24,23,14,13,17,185,157
168,15,42,20,18,24,23,14,185,157
168,15,42,20,19,18,24,23,14,13,17,185,157
168,15,42,20,19,18,24,23,14,185,157
168,15,42,20,19,14,13,17,185,157
168,15,42,20,19,14,185,157
168,15,13,14,185,65
168,15,13,17,185,65
168,15,18,19,14,13,17,185,65
168,15,18,19,14,185,65
168,15,18,20,19,14,13,17,185,65
168,15,18,20,19,14,185,65
168,15,18,24,23,14,13,17,185,65
168,15,18,24,23,14,185,65
168,15,23,14,13,17,185,65
168,15,23,14,185,65
168,15,23,24,18,19,14,13,17,185,65
168,15,23,24,18,19,14,185,65
168,15,23,24,18,20,19,14,13,17,185,65
168,15,23,24,18,20,19,14,185,65
168,15,42,20,18,19,14,13,17,185,65
168,15,42,20,18,19,14,185,65
168,15,42,20,18,24,23,14,13,17,185,65
168,15,42,20,18,24,23,14,185,65
168,15,42,20,19,18,24,23,14,13,17,185,65
168,15,42,20,19,18,24,23,14,185,65
168,15,42,20,19,14,13,17,185,65
168,15,42,20,19,14,185,65
171,88
171,181
88,171,181
177,60,59,129,132,179
177,60,129,132,179
177,60,59,129,132,179,91
177,60,129,132,179,91
179,91
180,14,185
180,14,13,17,185,157
180,14,23,15,13,17,185,157
180,14,23,24,18,15,13,17,185,157
180,14,23,24,18,19,20,42,15,13,17,185,157
180,14,23,24,18,20,42,15,13,17,185,157
180,14,19,18,15,13,17,185,157
180,14,19,18,20,42,15,13,17,185,157
180,14,19,18,24,23,15,13,17,185,157
180,14,19,20,18,15,13,17,185,157
180,14,19,20,18,24,23,15,13,17,185,157
180,14,19,20,42,15,13,17,185,157
180,14,185,157
180,14,13,17,185,65
180,14,23,15,13,17,185,65
180,14,23,24,18,15,13,17,185,65
180,14,23,24,18,19,20,42,15,13,17,185,65
180,14,23,24,18,20,42,15,13,17,185,65
180,14,19,18,15,13,17,185,65
180,14,19,18,20,42,15,13,17,185,65
180,14,19,18,24,23,15,13,17,185,65
180,14,19,20,18,15,13,17,185,65
180,14,19,20,18,24,23,15,13,17,185,65
180,14,19,20,42,15,13,17,185,65
180,14,185,65
25,63,66
185,157
185,65
157,185,65
188,172
188,47
188,77
172,188,47
172,188,77
47,188,77
192,151
192,162
192,191
151,192,162
151,192,191
162,192,191
