19,20
19,255,6,25,26,20
19,255,6,214,548,25,26,20
19,255,6,548,25,26,20
19,20,26,25
19,255,6,25
19,255,6,214,548,25
19,255,6,548,25
19,20,26,25,6
19,20,26,25,548,6
19,20,26,25,548,214,6
19,255,6
19,20,26
19,255,6,25,26
19,255,6,214,548,25,26
19,255,6,548,25,26
19,20,26,25,6,214
19,20,26,25,548,214
19,255,6,214
19,255,6,548,214
19,20,26,25,6,255,254
19,20,26,25,548,6,255,254
19,20,26,25,548,214,6,255,254
19,255,254
19,255
19,20,26,25,6,255,275,274
19,20,26,25,548,6,255,275,274
19,20,26,25,548,214,6,255,275,274
19,255,275,274
19,20,26,25,6,255,275
19,20,26,25,548,6,255,275
19,20,26,25,548,214,6,255,275
19,255,275
19,20,26,25,6,255,403
19,20,26,25,548,6,255,403
19,20,26,25,548,214,6,255,403
19,255,403
19,20,26,25,6,255,275,274,487
19,20,26,25,548,6,255,275,274,487
19,20,26,25,548,214,6,255,275,274,487
19,255,275,274,487
19,20,26,25,6,255,275,274,487,232
19,20,26,25,548,6,255,275,274,487,232
19,20,26,25,548,214,6,255,275,274,487,232
19,255,275,274,487,232
19,20,26,25,548
19,255,6,548
19,20,26,25,6,214,548,33
19,20,26,25,6,548,33
19,20,26,25,548,33
19,255,6,25,548,33
19,255,6,214,548,33
19,255,6,548,33
19,20,26,25,6,214,548,331
19,20,26,25,6,548,331
19,20,26,25,548,331
19,255,6,25,548,331
19,255,6,214,548,331
19,255,6,548,331
20,19,255,6,25
20,19,255,6,214,548,25
20,19,255,6,548,25
20,26,25
20,19,255,6
20,26,25,6
20,26,25,548,6
20,26,25,548,214,6
20,26
20,19,255,6,214
20,19,255,6,548,214
20,26,25,6,214
20,26,25,548,214
20,19,255,254
20,26,25,6,255,254
20,26,25,548,6,255,254
20,26,25,548,214,6,255,254
20,19,255
20,26,25,6,255
20,26,25,548,6,255
20,26,25,548,214,6,255
20,19,255,275,274
20,26,25,6,255,275,274
20,26,25,548,6,255,275,274
20,26,25,548,214,6,255,275,274
20,19,255,275
20,26,25,6,255,275
20,26,25,548,6,255,275
20,26,25,548,214,6,255,275
20,19,255,403
20,26,25,6,255,403
20,26,25,548,6,255,403
20,26,25,548,214,6,255,403
20,19,255,275,274,487
20,26,25,6,255,275,274,487
20,26,25,548,6,255,275,274,487
20,26,25,548,214,6,255,275,274,487
20,19,255,275,274,487,232
20,26,25,6,255,275,274,487,232
20,26,25,548,6,255,275,274,487,232
20,26,25,548,214,6,255,275,274,487,232
20,19,255,6,548
20,26,25,548
20,19,255,6,25,548,33
20,19,255,6,214,548,33
20,19,255,6,548,33
20,26,25,6,214,548,33
20,26,25,6,548,33
20,26,25,548,33
20,19,255,6,25,548,331
20,19,255,6,214,548,331
20,19,255,6,548,331
20,26,25,6,214,548,331
20,26,25,6,548,331
20,26,25,548,331
22,23
25,6
25,548,6
25,548,214,6
25,26
25,6,214
25,26,20,19,255,6,214
25,548,214
25,6,255,254
25,26,20,19,255,254
25,548,6,255,254
25,548,214,6,255,254
25,6,255
25,26,20,19,255
25,548,6,255
25,548,214,6,255
25,6,255,275,274
25,26,20,19,255,275,274
25,548,6,255,275,274
25,548,214,6,255,275,274
25,6,255,275
25,26,20,19,255,275
25,548,6,255,275
25,548,214,6,255,275
25,6,255,403
25,26,20,19,255,403
25,548,6,255,403
25,548,214,6,255,403
25,6,255,275,274,487
25,26,20,19,255,275,274,487
25,548,6,255,275,274,487
25,548,214,6,255,275,274,487
25,6,255,275,274,487,232
25,26,20,19,255,275,274,487,232
25,548,6,255,275,274,487,232
25,548,214,6,255,275,274,487,232
25,548
25,6,214,548,33
25,6,548,33
25,26,20,19,255,6,214,548,33
25,26,20,19,255,6,548,33
25,548,33
25,6,214,548,331
25,6,548,331
25,26,20,19,255,6,214,548,331
25,26,20,19,255,6,548,331
25,548,331
6,25,26
6,214,548,25,26
6,255,19,20,26
6,548,25,26
6,214
6,548,214
6,255,254
6,255
6,255,275,274
6,255,275
6,255,403
6,255,275,274,487
6,255,275,274,487,232
6,548
6,214,548,33
6,548,33
6,214,548,331
6,548,331
26,25,6,214
26,25,548,214
26,20,19,255,6,214
26,20,19,255,6,548,214
26,25,6,255,254
26,25,548,6,255,254
26,25,548,214,6,255,254
26,20,19,255,254
26,25,6,255
26,25,548,6,255
26,25,548,214,6,255
26,20,19,255
26,25,6,255,275,274
26,25,548,6,255,275,274
26,25,548,214,6,255,275,274
26,20,19,255,275,274
26,25,6,255,275
26,25,548,6,255,275
26,25,548,214,6,255,275
26,20,19,255,275
26,25,6,255,403
26,25,548,6,255,403
26,25,548,214,6,255,403
26,20,19,255,403
26,25,6,255,275,274,487
26,25,548,6,255,275,274,487
26,25,548,214,6,255,275,274,487
26,20,19,255,275,274,487
26,25,6,255,275,274,487,232
26,25,548,6,255,275,274,487,232
26,25,548,214,6,255,275,274,487,232
26,20,19,255,275,274,487,232
26,25,548
26,20,19,255,6,548
26,25,6,214,548,33
26,25,6,548,33
26,25,548,33
26,20,19,255,6,214,548,33
26,20,19,255,6,548,33
26,25,6,214,548,331
26,25,6,548,331
26,25,548,331
26,20,19,255,6,214,548,331
26,20,19,255,6,548,331
28,29
38,39
40,41
57,58
57,58,219,223
57,58,223
57,58,219
57,58,344
58,219,223
58,223
58,219
58,344
63,64
63,64,151
63,64,604,151
63,64,181
63,64,181,182
63,64,533
63,64,539
63,64,604
64,151
64,604,151
64,181
64,181,182
64,533
64,539
64,604
67,68
77,31
100,44
100,44,499,500,341,280
100,44,281,280
100,44,499,500,341,280,281
100,44,281
100,44,499,500,341,280,326
100,44,281,280,326
100,44,499,500,341
100,44,281,280,341
100,44,499,500,341,280,281,450
100,44,281,450
100,44,468
100,44,499
100,44,499,500
100,44,281,280,341,500
100,44,499,500,341,280,281,532
100,44,281,532
100,44,499,500,341,280,281,532,545
100,44,281,532,545
44,499,500,341,280
44,281,280
44,499,500,341,280,281
44,281
44,499,500,341,280,326
44,281,280,326
44,499,500,341
44,281,280,341
44,499,500,341,280,281,450
44,281,450
44,468
44,499
44,499,500
44,281,280,341,500
44,499,500,341,280,281,532
44,281,532
44,499,500,341,280,281,532,545
44,281,532,545
110,98
110,317
110,317,318
98,110,317
98,110,317,318
111,112
111,113,242,114,112
111,113,286,112
111,114,242,113,286,112
111,114,112
111,113
111,114,242,113
111,114,112,286,113
111,12
111,114
111,112,286,113,242
111,112,114,242
111,113,242
111,114,242
111,112,286
111,113,286
111,114,242,113,286
111,114,112,286
111,112,286,113,444,443
111,112,114,242,113,444,443
111,113,444,443
111,114,242,113,444,443
111,114,112,286,113,444,443
111,112,286,113,444
111,112,114,242,113,444
111,113,444
111,114,242,113,444
111,114,112,286,113,444
112,111,113
112,286,113
112,114,111,113
112,114,242,113
112,111,12
112,286,113,111,12
112,286,113,242,114,111,12
112,114,111,12
112,114,242,113,111,12
112,286,113,242,114
112,114
112,111,113,242
112,286,113,242
112,114,242
112,286
112,111,113,444,443
112,286,113,444,443
112,114,111,113,444,443
112,114,242,113,444,443
112,111,113,444
112,286,113,444
112,114,111,113,444
112,114,242,113,444
113,111,12
113,242,114,111,12
113,286,112,114,111,12
113,111,114
113,242,114
113,286,112,114
113,242
113,286
113,444,443
113,444
12,111,114
12,111,112,286,113,242
12,111,112,114,242
12,111,113,242
12,111,114,242
12,111,112,286
12,111,113,286
12,111,114,242,113,286
12,111,114,112,286
12,111,112,286,113,444,443
12,111,112,114,242,113,444,443
12,111,113,444,443
12,111,114,242,113,444,443
12,111,114,112,286,113,444,443
12,111,112,286,113,444
12,111,112,114,242,113,444
12,111,113,444
12,111,114,242,113,444
12,111,114,112,286,113,444
114,242
114,111,113,286
114,242,113,286
114,112,286
114,111,113,444,443
114,242,113,444,443
114,112,286,113,444,443
114,111,113,444
114,242,113,444
114,112,286,113,444
119,120
119,590,330,190,189
119,590,189
119,590,330,190
119,590,189,190
119,590,330
119,590
119,590,496
119,590,35
120,119,590,330,190,189
120,119,590,189
120,119,590,330,190
120,119,590,189,190
120,119,590,330
120,119,590
120,119,590,496
120,119,590,35
127,128
127,129
127,130
127,131
127,37
127,75
128,127,129
128,127,130
128,127,131
128,127,37
128,127,75
129,127,130
129,127,131
129,127,37
129,127,75
130,127,131
130,127,37
130,127,75
131,127,37
131,127,75
37,127,75
136,137
136,137,364
136,137,525
136,137,91
137,364
137,525
137,91
147,148
151,64,181
151,604,64,181
151,64,181,182
151,604,64,181,182
151,64,533
151,604,64,533
151,64,539
151,604,64,539
151,604
153,154
153,155
153,622
154,153,155
154,153,622
155,153,622
170,171
170,171,523
170,171,575
171,523
171,575
172,173
181,182
181,64,533
181,64,539
181,64,604
182,181,64,533
182,181,64,539
182,181,64,604
186,187
189,190
189,590,330,190
189,190,330
189,590,330
189,590
189,190,330,590,496
189,590,496
189,190,330,590,35
189,590,35
190,330
190,189,590
190,330,590
190,189,590,496
190,330,590,496
190,189,590,35
190,330,590,35
192,193
192,193,359
192,193,498
193,359
193,498
197,198
197,198,470
198,470
199,200
199,11
199,200,567
200,199,11
200,567
11,199,200,567
204,205
204,237
205,204,237
210,211
210,211,383,382
210,211,383
211,383,382
211,383
212,213
212,269
212,269,149
213,212,269
213,212,269,149
214,6,25,26,20,19,255,254
214,6,255,254
214,548,6,255,254
214,548,25,26,20,19,255,254
214,6,255
214,548,6,255
214,548,25,26,20,19,255
214,6,25,26,20,19,255,275,274
214,6,255,275,274
214,548,6,255,275,274
214,548,25,26,20,19,255,275,274
214,6,25,26,20,19,255,275
214,6,255,275
214,548,6,255,275
214,548,25,26,20,19,255,275
214,6,25,26,20,19,255,403
214,6,255,403
214,548,6,255,403
214,548,25,26,20,19,255,403
214,6,25,26,20,19,255,275,274,487
214,6,255,275,274,487
214,548,6,255,275,274,487
214,548,25,26,20,19,255,275,274,487
214,6,25,26,20,19,255,275,274,487,232
214,6,255,275,274,487,232
214,548,6,255,275,274,487,232
214,548,25,26,20,19,255,275,274,487,232
214,548
214,548,33
214,548,331
220,221
220,221,476
220,221,633
221,476
221,633
223,219
223,219,58,344
223,58,344
219,58,344
224,225
226,227
226,227,263
226,227,264
227,263
227,264
242,113,286
242,114,111,112,286
242,114,112,286
242,113,444,443
242,114,111,112,286,113,444,443
242,114,112,286,113,444,443
242,113,444
242,114,111,112,286,113,444
242,114,112,286,113,444
247,47
252,253
254,255
254,255,275,274
254,255,275
254,255,403
254,255,275,274,487
254,255,275,274,487,232
254,255,6,548
254,255,19,20,26,25,548
254,255,6,25,548,33
254,255,6,214,548,33
254,255,6,548,33
254,255,19,20,26,25,6,214,548,33
254,255,19,20,26,25,6,548,33
254,255,19,20,26,25,548,33
254,255,6,25,548,331
254,255,6,214,548,331
254,255,6,548,331
254,255,19,20,26,25,6,214,548,331
254,255,19,20,26,25,6,548,331
254,255,19,20,26,25,548,331
255,275,274
255,275
255,403
255,275,274,487
255,275,274,487,232
255,6,548
255,19,20,26,25,548
255,6,25,548,33
255,6,214,548,33
255,6,548,33
255,19,20,26,25,548,33
255,6,25,548,331
255,6,214,548,331
255,6,548,331
255,19,20,26,25,548,331
256,241
260,261
263,227,264
269,149
272,273
274,275
274,275,255,403
274,487
274,487,232
274,275,255,6,548
274,275,255,19,20,26,25,548
274,275,255,6,25,548,33
274,275,255,6,214,548,33
274,275,255,6,548,33
274,275,255,19,20,26,25,6,214,548,33
274,275,255,19,20,26,25,6,548,33
274,275,255,19,20,26,25,548,33
274,275,255,6,25,548,331
274,275,255,6,214,548,331
274,275,255,6,548,331
274,275,255,19,20,26,25,6,214,548,331
274,275,255,19,20,26,25,6,548,331
274,275,255,19,20,26,25,548,331
275,255,403
275,274,487
275,274,487,232
275,255,6,548
275,255,19,20,26,25,548
275,255,6,25,548,33
275,255,6,214,548,33
275,255,6,548,33
275,255,19,20,26,25,6,214,548,33
275,255,19,20,26,25,6,548,33
275,255,19,20,26,25,548,33
275,255,6,25,548,331
275,255,6,214,548,331
275,255,6,548,331
275,255,19,20,26,25,6,214,548,331
275,255,19,20,26,25,6,548,331
275,255,19,20,26,25,548,331
280,281
280,326
280,341
280,281,450
280,281,44,468
280,341,500,499,44,468
280,281,44,499
280,341,500,499
280,281,44,499,500
280,341,500
280,281,532
280,281,532,545
281,280,326
281,44,499,500,341,280,326
281,280,341
281,44,499,500,341
281,450
281,280,341,500,499,44,468
281,44,468
281,280,341,500,499
281,44,499
281,280,341,500
281,44,499,500
281,532
281,532,545
286,113,444,443
286,113,444
296,297
296,454,297
296,454
296,297,454,455
296,297,454,456,455
296,454,455
296,454,456,455
296,297,454,333
296,454,333
296,297,454,456
296,454,456
297,454
297,454,455
297,454,456,455
297,454,333
297,454,456
306,152
308,309
308,310
308,311
309,308,310
309,308,311
310,308,311
317,318
325,133
326,280,341
326,280,281,450
326,280,341,500,499,44,281,450
326,280,281,44,468
326,280,341,500,499,44,468
326,280,281,44,499
326,280,341,500,499
326,280,281,44,499,500
326,280,341,500
326,280,281,532
326,280,341,500,499,44,281,532
326,280,281,532,545
326,280,341,500,499,44,281,532,545
330,590
330,590,496
330,590,35
337,338
337,339
337,412
337,505
337,596
338,337,339
338,337,412
338,337,505
338,337,596
339,337,412
339,337,505
339,337,596
341,280,281,450
341,500,499,44,281,450
341,280,281,44,468
341,500,499,44,468
341,280,281,44,499
341,500,499
341,500
341,280,281,532
341,500,499,44,281,532
341,280,281,532,545
341,500,499,44,281,532,545
343,43
343,368
43,343,368
354,355
354,473
355,354,473
378,379
378,379,445
379,445
382,383
398,399
400,401
400,374
400,401,410
401,400,374
401,410
374,400,401,410
412,337,505
412,337,596
419,420
419,420,14
419,420,471
420,14
420,471
423,90
14,420,471
431,432
431,433
431,434
431,207
432,431,433
432,431,434
432,431,207
433,431,434
433,431,207
434,431,207
443,444
447,448
447,449,479,448
447,449
447,448,479
447,449,479
448,447,449
448,479,449
448,479
449,479
450,281,280,341,500,499,44,468
450,281,44,468
450,281,280,341,500,499
450,281,44,499
450,281,280,341,500
450,281,44,499,500
450,281,532
450,281,532,545
453,320
454,455
454,456,455
454,333
454,456
455,454,333
455,456,454,333
455,456
333,454,456
466,467
468,44,499
468,44,499,500
468,44,281,280,341,500
468,44,499,500,341,280,281,532
468,44,281,532
468,44,499,500,341,280,281,532,545
468,44,281,532,545
403,255,275,274,487
403,255,275,274,487,232
403,255,6,548
403,255,19,20,26,25,548
403,255,6,25,548,33
403,255,6,214,548,33
403,255,6,548,33
403,255,19,20,26,25,6,214,548,33
403,255,19,20,26,25,6,548,33
403,255,19,20,26,25,548,33
403,255,6,25,548,331
403,255,6,214,548,331
403,255,6,548,331
403,255,19,20,26,25,6,214,548,331
403,255,19,20,26,25,6,548,331
403,255,19,20,26,25,548,331
359,193,498
476,221,633
487,232
487,274,275,255,6,548
487,274,275,255,19,20,26,25,548
487,274,275,255,6,25,548,33
487,274,275,255,6,214,548,33
487,274,275,255,6,548,33
487,274,275,255,19,20,26,25,6,214,548,33
487,274,275,255,19,20,26,25,6,548,33
487,274,275,255,19,20,26,25,548,33
487,274,275,255,6,25,548,331
487,274,275,255,6,214,548,331
487,274,275,255,6,548,331
487,274,275,255,19,20,26,25,6,214,548,331
487,274,275,255,19,20,26,25,6,548,331
487,274,275,255,19,20,26,25,548,331
232,487,274,275,255,6,548
232,487,274,275,255,19,20,26,25,548
232,487,274,275,255,6,25,548,33
232,487,274,275,255,6,214,548,33
232,487,274,275,255,6,548,33
232,487,274,275,255,19,20,26,25,6,214,548,33
232,487,274,275,255,19,20,26,25,6,548,33
232,487,274,275,255,19,20,26,25,548,33
232,487,274,275,255,6,25,548,331
232,487,274,275,255,6,214,548,331
232,487,274,275,255,6,548,331
232,487,274,275,255,19,20,26,25,6,214,548,331
232,487,274,275,255,19,20,26,25,6,548,331
232,487,274,275,255,19,20,26,25,548,331
492,121
499,500
499,500,341,280,281,532
499,44,281,532
499,500,341,280,281,532,545
499,44,281,532,545
500,499,44,281,532
500,341,280,281,532
500,499,44,281,532,545
500,341,280,281,532,545
503,53
505,337,596
509,92
517,262
517,262,558
262,558
523,171,575
526,459
532,545
533,64,539
533,64,604
538,384
539,64,604
548,33
548,331
33,548,331
572,218
587,59
590,496
590,35
496,590,35
609,610
609,610,42
609,610,591
610,42
610,591
618,314
364,137,525
364,137,91
525,137,91
42,610,591
