1,2
1,2,96
2,96
4,5
6,7
6,8,15,13,14,28,7
6,8,15,13,14,7
6,8,15,13,17,129,14,28,7
6,8,15,13,17,129,14,7
6,8,15,28,14,7
6,8,15,28,7
6,8,15,29,28,14,7
6,8,15,29,28,7
6,8
6,7,28,15,13
6,7,28,14,13
6,7,28,14,129,17,13
6,7,28,29,15,13
6,7,14,13
6,7,14,28,15,13
6,7,14,28,29,15,13
6,7,14,129,17,13
6,8,15,13
6,8,15,28,14,13
6,8,15,28,14,129,17,13
6,8,15,29,28,14,13
6,8,15,29,28,14,129,17,13
6,8,15,29,28,7,14,13
6,8,15,29,28,7,14,129,17,13
6,7,28,15,13,17,129,14
6,7,28,14
6,7,28,29,15,13,17,129,14
6,7,14
6,8,15,13,14
6,8,15,13,17,129,14
6,8,15,28,14
6,8,15,29,28,14
6,7,28,15
6,7,28,29,15
6,7,14,13,15
6,7,14,28,15
6,7,14,28,29,15
6,7,14,129,17,13,15
6,8,15
6,7,28,15,13,16
6,7,28,14,13,16
6,7,28,14,129,17,13,16
6,7,28,29,15,13,16
6,7,14,13,16
6,7,14,28,15,13,16
6,7,14,28,29,15,13,16
6,7,14,129,17,13,16
6,8,15,13,16
6,8,15,28,14,13,16
6,8,15,28,14,129,17,13,16
6,8,15,28,7,14,13,16
6,8,15,28,7,14,129,17,13,16
6,8,15,29,28,14,13,16
6,8,15,29,28,14,129,17,13,16
6,8,15,29,28,7,14,13,16
6,8,15,29,28,7,14,129,17,13,16
6,7,28,15,13,17
6,7,28,14,13,17
6,7,28,14,129,17
6,7,28,29,15,13,17
6,7,14,13,17
6,7,14,28,15,13,17
6,7,14,28,29,15,13,17
6,7,14,129,17
6,8,15,13,17
6,8,15,28,14,13,17
6,8,15,28,14,129,17
6,8,15,28,7,14,13,17
6,8,15,28,7,14,129,17
6,8,15,29,28,14,13,17
6,8,15,29,28,14,129,17
6,8,15,29,28,7,14,13,17
6,8,15,29,28,7,14,129,17
6,7,28,15,23
6,7,28,14,13,15,23
6,7,28,14,129,17,13,15,23
6,7,28,29,15,23
6,7,14,13,15,23
6,7,14,28,15,23
6,7,14,28,29,15,23
6,7,14,129,17,13,15,23
6,8,15,23
6,7,28
6,8,15,28
6,8,15,29,28
6,7,28,29
6,7,14,13,15,29
6,7,14,28,29
6,7,14,129,17,13,15,29
6,8,15,29
6,7,24
6,8,15,13,14,28,7,24
6,8,15,13,14,7,24
6,8,15,13,17,129,14,28,7,24
6,8,15,13,17,129,14,7,24
6,8,15,28,14,7,24
6,8,15,28,7,24
6,8,15,29,28,14,7,24
6,8,15,29,28,7,24
6,7,28,70
6,7,14,13,15,28,70
6,7,14,13,15,29,28,70
6,7,14,28,70
6,7,14,129,17,13,15,28,70
6,7,14,129,17,13,15,29,28,70
6,8,15,13,14,28,70
6,8,15,13,14,7,28,70
6,8,15,13,17,129,14,28,70
6,8,15,13,17,129,14,7,28,70
6,8,15,28,70
6,8,15,29,28,70
6,7,28,111
6,7,14,13,15,28,111
6,7,14,13,15,29,28,111
6,7,14,28,111
6,7,14,129,17,13,15,28,111
6,7,14,129,17,13,15,29,28,111
6,8,15,13,14,28,111
6,8,15,13,14,7,28,111
6,8,15,13,17,129,14,28,111
6,8,15,13,17,129,14,7,28,111
6,8,15,28,111
6,8,15,29,28,111
6,7,28,15,13,14,121
6,7,28,15,13,17,129,14,121
6,7,28,14,121
6,7,28,29,15,13,14,121
6,7,28,29,15,13,17,129,14,121
6,7,14,121
6,8,15,13,14,121
6,8,15,13,17,129,14,121
6,8,15,28,14,121
6,8,15,28,7,14,121
6,8,15,29,28,14,121
6,8,15,29,28,7,14,121
6,7,28,15,13,14,129
6,7,28,15,13,17,129
6,7,28,14,129
6,7,28,29,15,13,14,129
6,7,28,29,15,13,17,129
6,7,14,129
6,8,15,13,14,129
6,8,15,13,17,129
6,8,15,28,14,129
6,8,15,28,7,14,129
6,8,15,29,28,14,129
6,8,15,29,28,7,14,129
6,7,28,15,13,14,129,106
6,7,28,15,13,17,129,106
6,7,28,14,13,17,129,106
6,7,28,14,129,106
6,7,28,29,15,13,14,129,106
6,7,28,29,15,13,17,129,106
6,7,14,13,17,129,106
6,7,14,28,15,13,17,129,106
6,7,14,28,29,15,13,17,129,106
6,7,14,129,106
6,8,15,13,14,129,106
6,8,15,13,17,129,106
6,8,15,28,14,13,17,129,106
6,8,15,28,14,129,106
6,8,15,28,7,14,13,17,129,106
6,8,15,28,7,14,129,106
6,8,15,29,28,14,13,17,129,106
6,8,15,29,28,14,129,106
6,8,15,29,28,7,14,13,17,129,106
6,8,15,29,28,7,14,129,106
6,7,28,15,13,14,129,39
6,7,28,15,13,17,129,39
6,7,28,14,13,17,129,39
6,7,28,14,129,39
6,7,28,29,15,13,14,129,39
6,7,28,29,15,13,17,129,39
6,7,14,13,17,129,39
6,7,14,28,15,13,17,129,39
6,7,14,28,29,15,13,17,129,39
6,7,14,129,39
6,8,15,13,14,129,39
6,8,15,13,17,129,39
6,8,15,28,14,13,17,129,39
6,8,15,28,14,129,39
6,8,15,28,7,14,13,17,129,39
6,8,15,28,7,14,129,39
6,8,15,29,28,14,13,17,129,39
6,8,15,29,28,14,129,39
6,8,15,29,28,7,14,13,17,129,39
6,8,15,29,28,7,14,129,39
7,6,8
7,28,15,8
7,28,14,13,15,8
7,28,14,129,17,13,15,8
7,28,29,15,8
7,14,13,15,8
7,14,28,15,8
7,14,28,29,15,8
7,14,129,17,13,15,8
7,6,8,15,13
7,28,15,13
7,28,14,13
7,28,14,129,17,13
7,28,29,15,13
7,14,13
7,14,28,15,13
7,14,28,29,15,13
7,14,129,17,13
7,28,15,13,17,129,14
7,28,14
7,28,29,15,13,17,129,14
7,14
7,6,8,15
7,28,15
7,28,29,15
7,14,13,15
7,14,28,15
7,14,28,29,15
7,14,129,17,13,15
7,6,8,15,13,16
7,28,15,13,16
7,28,14,13,16
7,28,14,129,17,13,16
7,28,29,15,13,16
7,14,13,16
7,14,28,15,13,16
7,14,28,29,15,13,16
7,14,129,17,13,16
7,6,8,15,13,17
7,28,15,13,17
7,28,14,13,17
7,28,14,129,17
7,28,29,15,13,17
7,14,13,17
7,14,28,15,13,17
7,14,28,29,15,13,17
7,14,129,17
7,6,8,15,23
7,28,15,23
7,28,14,13,15,23
7,28,14,129,17,13,15,23
7,28,29,15,23
7,14,13,15,23
7,14,28,15,23
7,14,28,29,15,23
7,14,129,17,13,15,23
7,28
7,6,8,15,29
7,28,29
7,14,13,15,29
7,14,28,29
7,14,129,17,13,15,29
7,24
7,6,8,15,28,70
7,6,8,15,29,28,70
7,28,70
7,14,13,15,28,70
7,14,13,15,29,28,70
7,14,28,70
7,14,129,17,13,15,28,70
7,14,129,17,13,15,29,28,70
7,6,8,15,28,111
7,6,8,15,29,28,111
7,28,111
7,14,13,15,28,111
7,14,13,15,29,28,111
7,14,28,111
7,14,129,17,13,15,28,111
7,14,129,17,13,15,29,28,111
7,6,8,15,13,14,121
7,6,8,15,13,17,129,14,121
7,28,15,13,14,121
7,28,15,13,17,129,14,121
7,28,14,121
7,28,29,15,13,14,121
7,28,29,15,13,17,129,14,121
7,14,121
7,6,8,15,13,14,129
7,6,8,15,13,17,129
7,28,15,13,14,129
7,28,15,13,17,129
7,28,14,129
7,28,29,15,13,14,129
7,28,29,15,13,17,129
7,14,129
7,6,8,15,13,14,129,106
7,6,8,15,13,17,129,106
7,28,15,13,14,129,106
7,28,15,13,17,129,106
7,28,14,13,17,129,106
7,28,14,129,106
7,28,29,15,13,14,129,106
7,28,29,15,13,17,129,106
7,14,13,17,129,106
7,14,28,15,13,17,129,106
7,14,28,29,15,13,17,129,106
7,14,129,106
7,6,8,15,13,14,129,39
7,6,8,15,13,17,129,39
7,28,15,13,14,129,39
7,28,15,13,17,129,39
7,28,14,13,17,129,39
7,28,14,129,39
7,28,29,15,13,14,129,39
7,28,29,15,13,17,129,39
7,14,13,17,129,39
7,14,28,15,13,17,129,39
7,14,28,29,15,13,17,129,39
7,14,129,39
8,6,7,28,15,13
8,6,7,28,14,13
8,6,7,28,14,129,17,13
8,6,7,28,29,15,13
8,6,7,14,13
8,6,7,14,129,17,13
8,15,13
8,15,28,14,13
8,15,28,14,129,17,13
8,15,29,28,14,13
8,15,29,28,14,129,17,13
8,15,29,28,7,14,13
8,15,29,28,7,14,129,17,13
8,6,7,28,14
8,6,7,14
8,15,13,14
8,15,13,17,129,14
8,15,28,14
8,15,29,28,14
8,15
8,6,7,28,15,13,16
8,6,7,28,14,13,16
8,6,7,28,14,129,17,13,16
8,6,7,28,29,15,13,16
8,6,7,14,13,16
8,6,7,14,129,17,13,16
8,15,13,16
8,15,28,14,13,16
8,15,28,14,129,17,13,16
8,15,28,7,14,13,16
8,15,28,7,14,129,17,13,16
8,15,29,28,14,13,16
8,15,29,28,14,129,17,13,16
8,15,29,28,7,14,13,16
8,15,29,28,7,14,129,17,13,16
8,6,7,28,15,13,17
8,6,7,28,14,13,17
8,6,7,28,14,129,17
8,6,7,28,29,15,13,17
8,6,7,14,13,17
8,6,7,14,129,17
8,15,13,17
8,15,28,14,13,17
8,15,28,14,129,17
8,15,28,7,14,13,17
8,15,28,7,14,129,17
8,15,29,28,14,13,17
8,15,29,28,14,129,17
8,15,29,28,7,14,13,17
8,15,29,28,7,14,129,17
8,6,7,28,15,23
8,6,7,28,14,13,15,23
8,6,7,28,14,129,17,13,15,23
8,6,7,28,29,15,23
8,6,7,14,13,15,23
8,6,7,14,28,15,23
8,6,7,14,28,29,15,23
8,6,7,14,129,17,13,15,23
8,15,23
8,6,7,28
8,15,28
8,15,29,28
8,6,7,28,29
8,6,7,14,13,15,29
8,6,7,14,28,29
8,6,7,14,129,17,13,15,29
8,15,29
8,6,7,24
8,15,13,14,28,7,24
8,15,13,14,7,24
8,15,13,17,129,14,28,7,24
8,15,13,17,129,14,7,24
8,15,28,14,7,24
8,15,28,7,24
8,15,29,28,14,7,24
8,15,29,28,7,24
8,6,7,28,70
8,6,7,14,13,15,29,28,70
8,6,7,14,28,70
8,6,7,14,129,17,13,15,29,28,70
8,15,13,14,28,70
8,15,13,14,7,28,70
8,15,13,17,129,14,28,70
8,15,13,17,129,14,7,28,70
8,15,28,70
8,15,29,28,70
8,6,7,28,111
8,6,7,14,13,15,29,28,111
8,6,7,14,28,111
8,6,7,14,129,17,13,15,29,28,111
8,15,13,14,28,111
8,15,13,14,7,28,111
8,15,13,17,129,14,28,111
8,15,13,17,129,14,7,28,111
8,15,28,111
8,15,29,28,111
8,6,7,28,15,13,14,121
8,6,7,28,15,13,17,129,14,121
8,6,7,28,14,121
8,6,7,28,29,15,13,14,121
8,6,7,28,29,15,13,17,129,14,121
8,6,7,14,121
8,15,13,14,121
8,15,13,17,129,14,121
8,15,28,14,121
8,15,28,7,14,121
8,15,29,28,14,121
8,15,29,28,7,14,121
8,6,7,28,15,13,14,129
8,6,7,28,15,13,17,129
8,6,7,28,14,129
8,6,7,28,29,15,13,14,129
8,6,7,28,29,15,13,17,129
8,6,7,14,129
8,15,13,14,129
8,15,13,17,129
8,15,28,14,129
8,15,28,7,14,129
8,15,29,28,14,129
8,15,29,28,7,14,129
8,6,7,28,15,13,14,129,106
8,6,7,28,15,13,17,129,106
8,6,7,28,14,13,17,129,106
8,6,7,28,14,129,106
8,6,7,28,29,15,13,14,129,106
8,6,7,28,29,15,13,17,129,106
8,6,7,14,13,17,129,106
8,6,7,14,129,106
8,15,13,14,129,106
8,15,13,17,129,106
8,15,28,14,13,17,129,106
8,15,28,14,129,106
8,15,28,7,14,13,17,129,106
8,15,28,7,14,129,106
8,15,29,28,14,13,17,129,106
8,15,29,28,14,129,106
8,15,29,28,7,14,13,17,129,106
8,15,29,28,7,14,129,106
8,6,7,28,15,13,14,129,39
8,6,7,28,15,13,17,129,39
8,6,7,28,14,13,17,129,39
8,6,7,28,14,129,39
8,6,7,28,29,15,13,14,129,39
8,6,7,28,29,15,13,17,129,39
8,6,7,14,13,17,129,39
8,6,7,14,129,39
8,15,13,14,129,39
8,15,13,17,129,39
8,15,28,14,13,17,129,39
8,15,28,14,129,39
8,15,28,7,14,13,17,129,39
8,15,28,7,14,129,39
8,15,29,28,14,13,17,129,39
8,15,29,28,14,129,39
8,15,29,28,7,14,13,17,129,39
8,15,29,28,7,14,129,39
13,14
13,15,28,14
13,15,29,28,14
13,17,129,14
13,15
13,17,129,14,28,15
13,17,129,14,28,29,15
13,16
13,17
13,14,28,15,23
13,14,28,29,15,23
13,14,7,28,29,15,23
13,15,23
13,17,129,14,28,15,23
13,17,129,14,28,29,15,23
13,17,129,14,7,28,29,15,23
13,14,28
13,15,28
13,15,29,28
13,17,129,14,28
13,14,28,29
13,14,7,28,29
13,15,29
13,17,129,14,28,29
13,17,129,14,7,28,29
13,14,28,7,24
13,14,28,29,15,8,6,7,24
13,14,7,24
13,15,28,14,7,24
13,15,28,7,24
13,15,29,28,14,7,24
13,15,29,28,7,24
13,15,8,6,7,24
13,17,129,14,28,7,24
13,17,129,14,28,29,15,8,6,7,24
13,17,129,14,7,24
13,14,28,70
13,14,7,28,70
13,15,28,70
13,15,29,28,70
13,15,8,6,7,28,70
13,17,129,14,28,70
13,17,129,14,7,28,70
13,14,28,111
13,14,7,28,111
13,15,28,111
13,15,29,28,111
13,15,8,6,7,28,111
13,17,129,14,28,111
13,17,129,14,7,28,111
13,14,121
13,15,28,14,121
13,15,29,28,14,121
13,17,129,14,121
13,14,129
13,15,28,14,129
13,15,29,28,14,129
13,17,129
13,14,129,106
13,15,28,14,129,106
13,15,29,28,14,129,106
13,17,129,106
13,14,129,39
13,15,28,14,129,39
13,15,29,28,14,129,39
13,17,129,39
14,13,15
14,28,15
14,28,29,15
14,7,6,8,15
14,129,17,13,15
14,13,16
14,28,15,13,16
14,28,29,15,13,16
14,7,6,8,15,13,16
14,129,17,13,16
14,13,17
14,28,15,13,17
14,28,29,15,13,17
14,7,6,8,15,13,17
14,129,17
14,13,15,23
14,28,15,23
14,28,29,15,23
14,7,6,8,15,23
14,129,17,13,15,23
14,28
14,13,15,29
14,28,29
14,7,6,8,15,29
14,129,17,13,15,29
14,28,7,24
14,7,24
14,129,17,13,15,28,7,24
14,129,17,13,15,29,28,7,24
14,13,15,28,70
14,13,15,29,28,70
14,28,70
14,7,6,8,15,28,70
14,7,6,8,15,29,28,70
14,129,17,13,15,28,70
14,129,17,13,15,29,28,70
14,13,15,28,111
14,13,15,29,28,111
14,28,111
14,7,6,8,15,28,111
14,7,6,8,15,29,28,111
14,129,17,13,15,28,111
14,129,17,13,15,29,28,111
14,121
14,129
14,13,17,129,106
14,28,15,13,17,129,106
14,28,29,15,13,17,129,106
14,7,6,8,15,13,17,129,106
14,129,106
14,13,17,129,39
14,28,15,13,17,129,39
14,28,29,15,13,17,129,39
14,7,6,8,15,13,17,129,39
14,129,39
15,13,16
15,28,14,129,17,13,16
15,28,7,14,129,17,13,16
15,29,28,14,129,17,13,16
15,29,28,7,14,129,17,13,16
15,8,6,7,14,129,17,13,16
15,13,17
15,28,14,129,17
15,28,7,14,129,17
15,29,28,14,129,17
15,29,28,7,14,129,17
15,8,6,7,14,129,17
15,23
15,28
15,29,28
15,29
15,13,14,7,24
15,13,17,129,14,7,24
15,28,14,7,24
15,28,7,24
15,29,28,14,7,24
15,29,28,7,24
15,8,6,7,24
15,28,70
15,29,28,70
15,28,111
15,29,28,111
15,13,14,121
15,13,17,129,14,121
15,28,14,121
15,28,7,14,121
15,29,28,14,121
15,29,28,7,14,121
15,8,6,7,14,121
15,13,14,129
15,13,17,129
15,28,14,129
15,28,7,14,129
15,29,28,14,129
15,29,28,7,14,129
15,8,6,7,14,129
15,13,14,129,106
15,13,17,129,106
15,28,14,129,106
15,28,7,14,129,106
15,29,28,14,129,106
15,29,28,7,14,129,106
15,8,6,7,14,129,106
15,13,14,129,39
15,13,17,129,39
15,28,14,129,39
15,28,7,14,129,39
15,29,28,14,129,39
15,29,28,7,14,129,39
15,8,6,7,14,129,39
16,13,17
16,13,14,28,15,23
16,13,14,28,7,6,8,15,23
16,13,14,28,29,15,23
16,13,14,7,6,8,15,23
16,13,14,7,28,15,23
16,13,14,7,28,29,15,23
16,13,15,23
16,13,17,129,14,28,15,23
16,13,17,129,14,28,7,6,8,15,23
16,13,17,129,14,28,29,15,23
16,13,17,129,14,7,6,8,15,23
16,13,17,129,14,7,28,15,23
16,13,17,129,14,7,28,29,15,23
16,13,14,28
16,13,15,28
16,13,15,29,28
16,13,17,129,14,28
16,13,14,28,29
16,13,14,7,6,8,15,29
16,13,14,7,28,29
16,13,15,29
16,13,17,129,14,28,29
16,13,17,129,14,7,6,8,15,29
16,13,17,129,14,7,28,29
16,13,14,28,15,8,6,7,24
16,13,14,28,7,24
16,13,14,28,29,15,8,6,7,24
16,13,14,7,24
16,13,15,28,14,7,24
16,13,15,28,7,24
16,13,15,29,28,14,7,24
16,13,15,29,28,7,24
16,13,15,8,6,7,24
16,13,17,129,14,28,15,8,6,7,24
16,13,17,129,14,28,7,24
16,13,17,129,14,28,29,15,8,6,7,24
16,13,17,129,14,7,24
16,13,14,28,70
16,13,14,7,6,8,15,28,70
16,13,14,7,6,8,15,29,28,70
16,13,14,7,28,70
16,13,15,28,70
16,13,15,29,28,70
16,13,15,8,6,7,28,70
16,13,17,129,14,28,70
16,13,17,129,14,7,6,8,15,28,70
16,13,17,129,14,7,6,8,15,29,28,70
16,13,17,129,14,7,28,70
16,13,14,28,111
16,13,14,7,6,8,15,28,111
16,13,14,7,6,8,15,29,28,111
16,13,14,7,28,111
16,13,15,28,111
16,13,15,29,28,111
16,13,15,8,6,7,28,111
16,13,17,129,14,28,111
16,13,17,129,14,7,6,8,15,28,111
16,13,17,129,14,7,6,8,15,29,28,111
16,13,17,129,14,7,28,111
16,13,14,121
16,13,15,28,14,121
16,13,15,28,7,14,121
16,13,15,29,28,14,121
16,13,15,29,28,7,14,121
16,13,15,8,6,7,28,14,121
16,13,15,8,6,7,14,121
16,13,17,129,14,121
16,13,14,129
16,13,15,28,14,129
16,13,15,28,7,14,129
16,13,15,29,28,14,129
16,13,15,29,28,7,14,129
16,13,15,8,6,7,28,14,129
16,13,15,8,6,7,14,129
16,13,17,129
16,13,14,129,106
16,13,15,28,14,129,106
16,13,15,28,7,14,129,106
16,13,15,29,28,14,129,106
16,13,15,29,28,7,14,129,106
16,13,15,8,6,7,28,14,129,106
16,13,15,8,6,7,14,129,106
16,13,17,129,106
16,13,14,129,39
16,13,15,28,14,129,39
16,13,15,28,7,14,129,39
16,13,15,29,28,14,129,39
16,13,15,29,28,7,14,129,39
16,13,15,8,6,7,28,14,129,39
16,13,15,8,6,7,14,129,39
16,13,17,129,39
17,13,14,28,15,23
17,13,14,28,7,6,8,15,23
17,13,14,28,29,15,23
17,13,14,7,6,8,15,23
17,13,14,7,28,15,23
17,13,14,7,28,29,15,23
17,13,15,23
17,129,14,28,15,23
17,129,14,28,7,6,8,15,23
17,129,14,28,29,15,23
17,129,14,7,6,8,15,23
17,129,14,7,28,15,23
17,129,14,7,28,29,15,23
17,13,14,28
17,13,15,28
17,13,15,29,28
17,129,14,28
17,13,14,28,29
17,13,14,7,6,8,15,29
17,13,14,7,28,29
17,13,15,29
17,129,14,28,29
17,129,14,7,6,8,15,29
17,129,14,7,28,29
17,13,14,28,15,8,6,7,24
17,13,14,28,7,24
17,13,14,28,29,15,8,6,7,24
17,13,14,7,24
17,13,15,28,14,7,24
17,13,15,28,7,24
17,13,15,29,28,14,7,24
17,13,15,29,28,7,24
17,13,15,8,6,7,24
17,129,14,28,15,8,6,7,24
17,129,14,28,7,24
17,129,14,28,29,15,8,6,7,24
17,129,14,7,24
17,13,14,28,70
17,13,14,7,6,8,15,28,70
17,13,14,7,6,8,15,29,28,70
17,13,14,7,28,70
17,13,15,28,70
17,13,15,29,28,70
17,13,15,8,6,7,28,70
17,129,14,28,70
17,129,14,7,6,8,15,28,70
17,129,14,7,6,8,15,29,28,70
17,129,14,7,28,70
17,13,14,28,111
17,13,14,7,6,8,15,28,111
17,13,14,7,6,8,15,29,28,111
17,13,14,7,28,111
17,13,15,28,111
17,13,15,29,28,111
17,13,15,8,6,7,28,111
17,129,14,28,111
17,129,14,7,6,8,15,28,111
17,129,14,7,6,8,15,29,28,111
17,129,14,7,28,111
17,13,14,121
17,13,15,28,14,121
17,13,15,28,7,14,121
17,13,15,29,28,14,121
17,13,15,29,28,7,14,121
17,13,15,8,6,7,28,14,121
17,13,15,8,6,7,14,121
17,129,14,121
17,129
17,129,106
17,129,39
23,15,28
23,15,29,28
23,15,29
23,15,13,14,28,7,24
23,15,13,14,7,24
23,15,13,17,129,14,28,7,24
23,15,13,17,129,14,7,24
23,15,28,14,7,24
23,15,28,7,24
23,15,29,28,14,7,24
23,15,29,28,7,24
23,15,8,6,7,24
23,15,13,14,28,70
23,15,13,14,7,28,70
23,15,13,17,129,14,28,70
23,15,13,17,129,14,7,28,70
23,15,28,70
23,15,29,28,70
23,15,8,6,7,28,70
23,15,8,6,7,14,28,70
23,15,13,14,28,111
23,15,13,14,7,28,111
23,15,13,17,129,14,28,111
23,15,13,17,129,14,7,28,111
23,15,28,111
23,15,29,28,111
23,15,8,6,7,28,111
23,15,8,6,7,14,28,111
23,15,13,14,121
23,15,13,17,129,14,121
23,15,28,14,121
23,15,28,7,14,121
23,15,29,28,14,121
23,15,29,28,7,14,121
23,15,8,6,7,28,14,121
23,15,8,6,7,14,121
23,15,13,14,129
23,15,13,17,129
23,15,28,14,129
23,15,28,7,14,129
23,15,29,28,14,129
23,15,29,28,7,14,129
23,15,8,6,7,28,14,129
23,15,8,6,7,14,129
23,15,13,14,129,106
23,15,13,17,129,106
23,15,28,14,13,17,129,106
23,15,28,14,129,106
23,15,28,7,14,13,17,129,106
23,15,28,7,14,129,106
23,15,29,28,14,13,17,129,106
23,15,29,28,14,129,106
23,15,29,28,7,14,13,17,129,106
23,15,29,28,7,14,129,106
23,15,8,6,7,28,14,13,17,129,106
23,15,8,6,7,28,14,129,106
23,15,8,6,7,14,13,17,129,106
23,15,8,6,7,14,129,106
23,15,13,14,129,39
23,15,13,17,129,39
23,15,28,14,13,17,129,39
23,15,28,14,129,39
23,15,28,7,14,13,17,129,39
23,15,28,7,14,129,39
23,15,29,28,14,13,17,129,39
23,15,29,28,14,129,39
23,15,29,28,7,14,13,17,129,39
23,15,29,28,7,14,129,39
23,15,8,6,7,28,14,13,17,129,39
23,15,8,6,7,28,14,129,39
23,15,8,6,7,14,13,17,129,39
23,15,8,6,7,14,129,39
26,27
26,27,134
27,134
28,29
28,7,24
28,70
28,111
28,15,13,17,129,14,121
28,14,121
28,29,15,13,17,129,14,121
28,15,13,17,129
28,14,129
28,29,15,13,17,129
28,15,13,17,129,106
28,14,13,17,129,106
28,14,129,106
28,29,15,13,17,129,106
28,15,13,17,129,39
28,14,13,17,129,39
28,14,129,39
28,29,15,13,17,129,39
29,28,14,7,24
29,28,7,24
29,15,13,14,7,24
29,15,13,17,129,14,7,24
29,15,8,6,7,24
29,28,70
29,28,111
29,28,14,121
29,28,7,14,121
29,15,13,14,121
29,15,13,17,129,14,121
29,15,8,6,7,14,121
29,28,14,129
29,28,7,14,129
29,15,13,14,129
29,15,13,17,129
29,15,8,6,7,14,129
29,28,14,13,17,129,106
29,28,14,129,106
29,28,7,14,13,17,129,106
29,28,7,14,129,106
29,15,13,14,129,106
29,15,13,17,129,106
29,15,8,6,7,14,13,17,129,106
29,15,8,6,7,14,129,106
29,28,14,13,17,129,39
29,28,14,129,39
29,28,7,14,13,17,129,39
29,28,7,14,129,39
29,15,13,14,129,39
29,15,13,17,129,39
29,15,8,6,7,14,13,17,129,39
29,15,8,6,7,14,129,39
24,7,6,8,15,13,14,28,70
24,7,6,8,15,13,17,129,14,28,70
24,7,6,8,15,28,70
24,7,6,8,15,29,28,70
24,7,28,70
24,7,14,13,15,28,70
24,7,14,13,15,29,28,70
24,7,14,28,70
24,7,14,129,17,13,15,28,70
24,7,14,129,17,13,15,29,28,70
24,7,6,8,15,13,14,28,111
24,7,6,8,15,13,17,129,14,28,111
24,7,6,8,15,28,111
24,7,6,8,15,29,28,111
24,7,28,111
24,7,14,13,15,28,111
24,7,14,13,15,29,28,111
24,7,14,28,111
24,7,14,129,17,13,15,28,111
24,7,14,129,17,13,15,29,28,111
24,7,6,8,15,13,14,121
24,7,6,8,15,13,17,129,14,121
24,7,6,8,15,28,14,121
24,7,6,8,15,29,28,14,121
24,7,28,15,13,14,121
24,7,28,15,13,17,129,14,121
24,7,28,14,121
24,7,28,29,15,13,14,121
24,7,28,29,15,13,17,129,14,121
24,7,14,121
24,7,6,8,15,13,14,129
24,7,6,8,15,13,17,129
24,7,6,8,15,28,14,129
24,7,6,8,15,29,28,14,129
24,7,28,15,13,14,129
24,7,28,15,13,17,129
24,7,28,14,129
24,7,28,29,15,13,14,129
24,7,28,29,15,13,17,129
24,7,14,129
24,7,6,8,15,13,14,129,106
24,7,6,8,15,13,17,129,106
24,7,6,8,15,28,14,13,17,129,106
24,7,6,8,15,28,14,129,106
24,7,6,8,15,29,28,14,13,17,129,106
24,7,6,8,15,29,28,14,129,106
24,7,28,15,13,14,129,106
24,7,28,15,13,17,129,106
24,7,28,14,13,17,129,106
24,7,28,14,129,106
24,7,28,29,15,13,14,129,106
24,7,28,29,15,13,17,129,106
24,7,14,13,17,129,106
24,7,14,28,15,13,17,129,106
24,7,14,28,29,15,13,17,129,106
24,7,14,129,106
24,7,6,8,15,13,14,129,39
24,7,6,8,15,13,17,129,39
24,7,6,8,15,28,14,13,17,129,39
24,7,6,8,15,28,14,129,39
24,7,6,8,15,29,28,14,13,17,129,39
24,7,6,8,15,29,28,14,129,39
24,7,28,15,13,14,129,39
24,7,28,15,13,17,129,39
24,7,28,14,13,17,129,39
24,7,28,14,129,39
24,7,28,29,15,13,14,129,39
24,7,28,29,15,13,17,129,39
24,7,14,13,17,129,39
24,7,14,28,15,13,17,129,39
24,7,14,28,29,15,13,17,129,39
24,7,14,129,39
36,37
36,82,37
36,37,82,42
36,82,42
36,37,82,42,43
36,82,42,43
36,37,49
36,82,37,49
36,82
36,37,82,83
36,82,83
36,37,82,84
36,82,84
36,37,82,85
36,82,85
36,37,82,86
36,82,86
36,37,82,87
36,82,87
36,37,82,63
36,82,63
36,37,82,88
36,82,88
36,37,82,25
36,82,25
36,37,122
36,82,37,122
36,37,82,86,124
36,82,86,124
36,37,82,86,124,52
36,82,86,124,52
37,82,42
37,82,42,43
37,49
37,82
37,82,83
37,82,84
37,82,85
37,82,86
37,82,87
37,82,63
37,82,88
37,82,25
37,122
37,82,86,124
37,82,86,124,52
42,43
42,82,37,49
42,82,36,37,49
42,82
42,82,83
42,82,84
42,82,85
42,82,86
42,82,87
42,82,63
42,82,88
42,82,25
42,82,37,122
42,82,36,37,122
42,82,86,124
42,82,86,124,52
43,42,82,37,49
43,42,82,36,37,49
43,42,82
43,42,82,83
43,42,82,84
43,42,82,85
43,42,82,86
43,42,82,87
43,42,82,63
43,42,82,88
43,42,82,25
43,42,82,37,122
43,42,82,36,37,122
43,42,82,86,124
43,42,82,86,124,52
47,48
49,37,82
49,37,36,82,83
49,37,82,83
49,37,36,82,84
49,37,82,84
49,37,36,82,85
49,37,82,85
49,37,36,82,86
49,37,82,86
49,37,36,82,87
49,37,82,87
49,37,36,82,63
49,37,82,63
49,37,36,82,88
49,37,82,88
49,37,36,82,25
49,37,82,25
49,37,122
49,37,36,82,86,124
49,37,82,86,124
49,37,36,82,86,124,52
49,37,82,86,124,52
68,69
68,115
69,68,115
70,28,111
70,28,15,13,14,121
70,28,15,13,17,129,14,121
70,28,15,8,6,7,14,121
70,28,14,121
70,28,7,6,8,15,13,14,121
70,28,7,6,8,15,13,17,129,14,121
70,28,7,14,121
70,28,29,15,13,14,121
70,28,29,15,13,17,129,14,121
70,28,29,15,8,6,7,14,121
70,28,15,13,14,129
70,28,15,13,17,129
70,28,15,8,6,7,14,129
70,28,14,129
70,28,7,6,8,15,13,14,129
70,28,7,6,8,15,13,17,129
70,28,7,14,129
70,28,29,15,13,14,129
70,28,29,15,13,17,129
70,28,29,15,8,6,7,14,129
70,28,15,13,14,129,106
70,28,15,13,17,129,106
70,28,15,8,6,7,14,13,17,129,106
70,28,15,8,6,7,14,129,106
70,28,14,13,17,129,106
70,28,14,129,106
70,28,7,6,8,15,13,14,129,106
70,28,7,6,8,15,13,17,129,106
70,28,7,14,13,17,129,106
70,28,7,14,129,106
70,28,29,15,13,14,129,106
70,28,29,15,13,17,129,106
70,28,29,15,8,6,7,14,13,17,129,106
70,28,29,15,8,6,7,14,129,106
70,28,15,13,14,129,39
70,28,15,13,17,129,39
70,28,15,8,6,7,14,13,17,129,39
70,28,15,8,6,7,14,129,39
70,28,14,13,17,129,39
70,28,14,129,39
70,28,7,6,8,15,13,14,129,39
70,28,7,6,8,15,13,17,129,39
70,28,7,14,13,17,129,39
70,28,7,14,129,39
70,28,29,15,13,14,129,39
70,28,29,15,13,17,129,39
70,28,29,15,8,6,7,14,13,17,129,39
70,28,29,15,8,6,7,14,129,39
71,72
71,67
72,71,67
74,75
74,51
74,76
75,74,51
75,74,76
51,74,76
82,83
82,84
82,85
82,86
82,87
82,63
82,88
82,25
82,37,122
82,86,124
82,86,124,52
83,82,84
83,82,85
83,82,86
83,82,87
83,82,63
83,82,88
83,82,25
83,82,37,122
83,82,36,37,122
83,82,86,124
83,82,86,124,52
84,82,85
84,82,86
84,82,87
84,82,63
84,82,88
84,82,25
84,82,37,122
84,82,36,37,122
84,82,86,124
84,82,86,124,52
85,82,86
85,82,87
85,82,63
85,82,88
85,82,25
85,82,37,122
85,82,36,37,122
85,82,86,124
85,82,86,124,52
86,82,87
86,82,63
86,82,88
86,82,25
86,82,37,122
86,82,36,37,122
86,124
86,124,52
87,82,63
87,82,88
87,82,25
87,82,37,122
87,82,36,37,122
87,82,86,124
87,82,86,124,52
63,82,88
63,82,25
63,82,37,122
63,82,36,37,122
63,82,86,124
63,82,86,124,52
88,82,25
88,82,37,122
88,82,36,37,122
88,82,86,124
88,82,86,124,52
25,82,37,122
25,82,36,37,122
25,82,86,124
25,82,86,124,52
94,95
104,46
111,28,15,13,14,121
111,28,15,13,17,129,14,121
111,28,15,8,6,7,14,121
111,28,14,121
111,28,7,6,8,15,13,14,121
111,28,7,6,8,15,13,17,129,14,121
111,28,7,14,121
111,28,29,15,13,14,121
111,28,29,15,13,17,129,14,121
111,28,29,15,8,6,7,14,121
111,28,15,13,14,129
111,28,15,13,17,129
111,28,15,8,6,7,14,129
111,28,14,129
111,28,7,6,8,15,13,14,129
111,28,7,6,8,15,13,17,129
111,28,7,14,129
111,28,29,15,13,14,129
111,28,29,15,13,17,129
111,28,29,15,8,6,7,14,129
111,28,15,13,14,129,106
111,28,15,13,17,129,106
111,28,15,8,6,7,14,13,17,129,106
111,28,15,8,6,7,14,129,106
111,28,14,13,17,129,106
111,28,14,129,106
111,28,7,6,8,15,13,14,129,106
111,28,7,6,8,15,13,17,129,106
111,28,7,14,13,17,129,106
111,28,7,14,129,106
111,28,29,15,13,14,129,106
111,28,29,15,13,17,129,106
111,28,29,15,8,6,7,14,13,17,129,106
111,28,29,15,8,6,7,14,129,106
111,28,15,13,14,129,39
111,28,15,13,17,129,39
111,28,15,8,6,7,14,13,17,129,39
111,28,15,8,6,7,14,129,39
111,28,14,13,17,129,39
111,28,14,129,39
111,28,7,6,8,15,13,14,129,39
111,28,7,6,8,15,13,17,129,39
111,28,7,14,13,17,129,39
111,28,7,14,129,39
111,28,29,15,13,14,129,39
111,28,29,15,13,17,129,39
111,28,29,15,8,6,7,14,13,17,129,39
111,28,29,15,8,6,7,14,129,39
118,10
118,119
10,118,119
121,14,129
121,14,13,17,129,106
121,14,28,15,13,17,129,106
121,14,28,7,6,8,15,13,17,129,106
121,14,28,29,15,13,17,129,106
121,14,7,6,8,15,13,17,129,106
121,14,7,28,15,13,17,129,106
121,14,7,28,29,15,13,17,129,106
121,14,129,106
121,14,13,17,129,39
121,14,28,15,13,17,129,39
121,14,28,7,6,8,15,13,17,129,39
121,14,28,29,15,13,17,129,39
121,14,7,6,8,15,13,17,129,39
121,14,7,28,15,13,17,129,39
121,14,7,28,29,15,13,17,129,39
121,14,129,39
122,37,36,82,86,124
122,37,82,86,124
122,37,36,82,86,124,52
122,37,82,86,124,52
124,52
127,66
127,101
127,45
66,127,101
66,127,45
101,127,45
128,81
129,106
129,39
106,129,39
136,102
136,110
136,135
102,136,110
102,136,135
110,136,135
