5,6
5,7
6,5,7
12,13
12,13,76,75
12,13,76
13,76,75
13,76
20,21
20,21,73
20,21,30
20,21,156
20,21,250
21,73
21,30
21,156
21,250
38,39
42,43
42,123,65,170,61,43
42,43,61
42,123,65,170,61
42,43,61,170,65,107
42,123,65,107
42,43,61,170,65
42,123,65
42,123
42,43,61,170,168
42,123,65,170,168
42,43,61,170,168,169
42,123,65,170,168,169
42,43,61,170
42,123,65,170
42,43,61,170,191,190
42,123,65,170,191,190
42,43,61,170,191
42,123,65,170,191
42,43,61,235
42,123,65,170,61,235
42,43,61,294
42,123,65,170,61,294
42,43,61,170,65,311
42,123,65,311
43,61
43,42,123,65,107
43,61,170,65,107
43,42,123,65
43,61,170,65
43,42,123
43,61,170,65,123
43,42,123,65,170,168
43,61,170,168
43,42,123,65,170,168,169
43,61,170,168,169
43,42,123,65,170
43,61,170
43,42,123,65,170,191,190
43,61,170,191,190
43,42,123,65,170,191
43,61,170,191
43,42,123,65,170,61,235
43,61,235
43,42,123,65,170,61,294
43,61,294
43,42,123,65,311
43,61,170,65,311
47,48
47,48,133
47,48,155
47,48,184
47,48,208
47,48,208,135
47,48,329
48,133
48,155
48,184
48,208
48,208,135
48,329
61,43,42,123,65,107
61,170,65,107
61,43,42,123,65
61,170,65
61,43,42,123
61,170,65,123
61,43,42,123,65,170,168
61,170,168
61,43,42,123,65,170,168,169
61,170,168,169
61,170
61,43,42,123,65,170,191,190
61,170,191,190
61,43,42,123,65,170,191
61,170,191
61,235
61,294
61,43,42,123,65,311
61,170,65,311
62,63
62,63,278
62,63,314
63,278
63,314
73,21,30
73,21,156
73,21,250
30,21,156
30,21,250
75,76
78,79
78,80,104,105,79
78,80,104,105,240,79
78,80,240,79
78,80,240,105,79
78,80
78,79,105,104
78,79,240,80,104
78,79,240,105,104
78,80,104
78,80,240,105,104
78,79,105
78,79,240,105
78,80,104,105
78,80,240,105
78,79,105,104,80,159
78,79,105,240,80,159
78,79,240,80,159
78,79,240,105,104,80,159
78,80,159
78,79,240
78,80,240
78,79,105,104,80,240,14
78,79,105,240,14
78,79,240,14
78,80,104,105,240,14
78,80,240,14
78,79,105,104,80,159,253
78,79,105,240,80,159,253
78,79,240,80,159,253
78,79,240,105,104,80,159,253
78,80,159,253
79,78,80
79,105,104,80
79,105,240,80
79,240,80
79,240,105,104,80
79,78,80,104
79,105,104
79,240,80,104
79,240,105,104
79,105
79,240,105
79,78,80,159
79,105,104,80,159
79,105,240,80,159
79,240,80,159
79,240,105,104,80,159
79,240
79,78,80,240,14
79,105,104,80,240,14
79,105,240,14
79,240,14
79,78,80,159,253
79,105,104,80,159,253
79,105,240,80,159,253
79,240,80,159,253
79,240,105,104,80,159,253
80,104
80,240,105,104
80,78,79,105
80,104,105
80,240,105
80,159
80,240
80,78,79,105,240,14
80,104,105,240,14
80,240,14
80,159,253
82,83
82,83,22
83,22
93,94
93,114
93,114,115
94,93,114
94,93,114,115
104,105
104,80,159
104,105,240,80,159
104,80,240
104,105,240
104,80,78,79,240,14
104,80,240,14
104,105,79,240,14
104,105,240,14
104,80,159,253
104,105,240,80,159,253
105,104,80,159
105,79,78,80,159
105,240,80,159
105,240
105,240,14
105,104,80,159,253
105,79,78,80,159,253
105,240,80,159,253
107,65
107,65,123
107,65,170,61,43,42,123
107,65,123,42,43,61,170,168
107,65,170,168
107,65,123,42,43,61,170,168,169
107,65,170,168,169
107,65,170
107,65,123,42,43,61,170,191,190
107,65,170,191,190
107,65,123,42,43,61,170,191
107,65,170,191
107,65,123,42,43,61,235
107,65,170,61,235
107,65,123,42,43,61,294
107,65,170,61,294
107,65,311
65,123
65,170,168
65,170,168,169
65,170
65,170,191,190
65,170,191
65,123,42,43,61,235
65,170,61,235
65,123,42,43,61,294
65,170,61,294
65,311
114,115
116,117
123,42,43,61,170,168
123,65,170,168
123,42,43,61,170,168,169
123,65,170,168,169
123,42,43,61,170
123,65,170
123,42,43,61,170,191,190
123,65,170,191,190
123,42,43,61,170,191
123,65,170,191
123,42,43,61,235
123,65,170,61,235
123,42,43,61,294
123,65,170,61,294
123,42,43,61,170,65,311
123,65,311
124,125
124,125,171
124,125,233
125,171
125,233
133,48,155
133,48,184
133,48,208
133,48,208,135
133,48,329
138,85
138,85,308
85,308
143,144
143,144,303
143,144,303,309
143,144,303,309,272
144,303
144,303,309
144,303,309,272
151,33
151,33,263
33,263
153,154
155,48,184
155,48,208
155,48,208,135
155,48,329
156,21,250
159,80,240
159,80,78,79,105,240,14
159,80,78,79,240,14
159,80,104,105,79,240,14
159,80,104,105,240,14
159,80,240,14
159,253
162,163
168,169
168,170
168,170,191,190
168,170,191
168,170,61,235
168,170,65,123,42,43,61,235
168,170,61,294
168,170,65,123,42,43,61,294
168,170,61,43,42,123,65,311
168,170,65,311
169,168,170
169,168,170,191,190
169,168,170,191
169,168,170,61,235
169,168,170,65,123,42,43,61,235
169,168,170,61,294
169,168,170,65,123,42,43,61,294
169,168,170,61,43,42,123,65,311
169,168,170,65,311
170,191,190
170,191
170,61,235
170,61,294
170,65,311
171,125,233
172,173
172,174
172,175
172,176
173,172,174
173,172,175
173,172,176
174,172,175
174,172,176
175,172,176
179,180
184,48,208
184,48,208,135
184,48,329
188,189
190,191
190,191,170,61,235
190,191,170,65,123,42,43,61,235
190,191,170,61,294
190,191,170,65,123,42,43,61,294
190,191,170,61,43,42,123,65,311
190,191,170,65,311
191,170,61,235
191,170,65,123,42,43,61,235
191,170,61,294
191,170,65,123,42,43,61,294
191,170,61,43,42,123,65,311
191,170,65,311
192,102
195,196
195,72
195,196,203
196,195,72
196,203
72,195,196,203
198,199
198,223
199,198,223
201,140
208,135
208,48,329
135,208,48,329
212,213
215,216
219,220
219,221,220
219,221
219,112
219,58
220,221
220,219,112
220,221,219,112
220,219,58
220,221,219,58
221,219,112
221,219,58
112,219,58
229,46
232,56
235,61,294
235,61,43,42,123,65,311
235,61,170,65,311
240,14
240,80,159,253
14,240,79,78,80,159,253
14,240,79,105,104,80,159,253
14,240,80,159,253
14,240,105,104,80,159,253
14,240,105,79,78,80,159,253
244,245
251,252
251,252,269
252,269
262,52
266,26
266,247
266,209
26,266,247
26,266,209
247,266,209
271,23
274,275
278,63,314
283,254
286,287
286,287,35
286,287,268
287,35
287,268
294,61,43,42,123,65,311
294,61,170,65,311
303,309
303,309,272
309,272
315,32
35,287,268
325,45
