16,17
21,22
21,278,5,27,28,22
21,278,5,236,593,27,28,22
21,278,5,593,27,28,22
21,22,28,27
21,278,5,27
21,278,5,236,593,27
21,278,5,593,27
21,22,28,27,5
21,22,28,27,593,5
21,22,28,27,593,236,5
21,278,5
21,22,28
21,278,5,27,28
21,278,5,236,593,27,28
21,278,5,593,27,28
21,22,28,27,5,236
21,22,28,27,593,236
21,278,5,236
21,278,5,593,236
21,22,28,27,5,278,277
21,22,28,27,593,5,278,277
21,22,28,27,593,236,5,278,277
21,278,277
21,278
21,22,28,27,5,278,296,295
21,22,28,27,593,5,278,296,295
21,22,28,27,593,236,5,278,296,295
21,278,296,295
21,22,28,27,5,278,296
21,22,28,27,593,5,278,296
21,22,28,27,593,236,5,278,296
21,278,296
21,22,28,27,5,278,433
21,22,28,27,593,5,278,433
21,22,28,27,593,236,5,278,433
21,278,433
21,22,28,27,5,278,296,295,529
21,22,28,27,593,5,278,296,295,529
21,22,28,27,593,236,5,278,296,295,529
21,278,296,295,529
21,22,28,27,5,278,296,295,529,255
21,22,28,27,593,5,278,296,295,529,255
21,22,28,27,593,236,5,278,296,295,529,255
21,278,296,295,529,255
21,22,28,27,593
21,278,5,593
21,22,28,27,5,236,593,35
21,22,28,27,5,593,35
21,22,28,27,593,35
21,278,5,27,593,35
21,278,5,236,593,35
21,278,5,593,35
21,22,28,27,5,236,593,359
21,22,28,27,5,593,359
21,22,28,27,593,359
21,278,5,27,593,359
21,278,5,236,593,359
21,278,5,593,359
22,21,278,5,27
22,21,278,5,236,593,27
22,21,278,5,593,27
22,28,27
22,21,278,5
22,28,27,5
22,28,27,593,5
22,28,27,593,236,5
22,28
22,21,278,5,236
22,21,278,5,593,236
22,28,27,5,236
22,28,27,593,236
22,21,278,277
22,28,27,5,278,277
22,28,27,593,5,278,277
22,28,27,593,236,5,278,277
22,21,278
22,28,27,5,278
22,28,27,593,5,278
22,28,27,593,236,5,278
22,21,278,296,295
22,28,27,5,278,296,295
22,28,27,593,5,278,296,295
22,28,27,593,236,5,278,296,295
22,21,278,296
22,28,27,5,278,296
22,28,27,593,5,278,296
22,28,27,593,236,5,278,296
22,21,278,433
22,28,27,5,278,433
22,28,27,593,5,278,433
22,28,27,593,236,5,278,433
22,21,278,296,295,529
22,28,27,5,278,296,295,529
22,28,27,593,5,278,296,295,529
22,28,27,593,236,5,278,296,295,529
22,21,278,296,295,529,255
22,28,27,5,278,296,295,529,255
22,28,27,593,5,278,296,295,529,255
22,28,27,593,236,5,278,296,295,529,255
22,21,278,5,593
22,28,27,593
22,21,278,5,27,593,35
22,21,278,5,236,593,35
22,21,278,5,593,35
22,28,27,5,236,593,35
22,28,27,5,593,35
22,28,27,593,35
22,21,278,5,27,593,359
22,21,278,5,236,593,359
22,21,278,5,593,359
22,28,27,5,236,593,359
22,28,27,5,593,359
22,28,27,593,359
24,25
27,5
27,593,5
27,593,236,5
27,28
27,5,236
27,28,22,21,278,5,236
27,593,236
27,5,278,277
27,28,22,21,278,277
27,593,5,278,277
27,593,236,5,278,277
27,5,278
27,28,22,21,278
27,593,5,278
27,593,236,5,278
27,5,278,296,295
27,28,22,21,278,296,295
27,593,5,278,296,295
27,593,236,5,278,296,295
27,5,278,296
27,28,22,21,278,296
27,593,5,278,296
27,593,236,5,278,296
27,5,278,433
27,28,22,21,278,433
27,593,5,278,433
27,593,236,5,278,433
27,5,278,296,295,529
27,28,22,21,278,296,295,529
27,593,5,278,296,295,529
27,593,236,5,278,296,295,529
27,5,278,296,295,529,255
27,28,22,21,278,296,295,529,255
27,593,5,278,296,295,529,255
27,593,236,5,278,296,295,529,255
27,593
27,5,236,593,35
27,5,593,35
27,28,22,21,278,5,236,593,35
27,28,22,21,278,5,593,35
27,593,35
27,5,236,593,359
27,5,593,359
27,28,22,21,278,5,236,593,359
27,28,22,21,278,5,593,359
27,593,359
5,27,28
5,236,593,27,28
5,278,21,22,28
5,593,27,28
5,236
5,593,236
5,278,277
5,278
5,278,296,295
5,278,296
5,278,433
5,278,296,295,529
5,278,296,295,529,255
5,593
5,236,593,35
5,593,35
5,236,593,359
5,593,359
28,27,5,236
28,27,593,236
28,22,21,278,5,236
28,22,21,278,5,593,236
28,27,5,278,277
28,27,593,5,278,277
28,27,593,236,5,278,277
28,22,21,278,277
28,27,5,278
28,27,593,5,278
28,27,593,236,5,278
28,22,21,278
28,27,5,278,296,295
28,27,593,5,278,296,295
28,27,593,236,5,278,296,295
28,22,21,278,296,295
28,27,5,278,296
28,27,593,5,278,296
28,27,593,236,5,278,296
28,22,21,278,296
28,27,5,278,433
28,27,593,5,278,433
28,27,593,236,5,278,433
28,22,21,278,433
28,27,5,278,296,295,529
28,27,593,5,278,296,295,529
28,27,593,236,5,278,296,295,529
28,22,21,278,296,295,529
28,27,5,278,296,295,529,255
28,27,593,5,278,296,295,529,255
28,27,593,236,5,278,296,295,529,255
28,22,21,278,296,295,529,255
28,27,593
28,22,21,278,5,593
28,27,5,236,593,35
28,27,5,593,35
28,27,593,35
28,22,21,278,5,236,593,35
28,22,21,278,5,593,35
28,27,5,236,593,359
28,27,5,593,359
28,27,593,359
28,22,21,278,5,236,593,359
28,22,21,278,5,593,359
30,31
42,43
44,45
49,50
49,51
49,52
49,53
49,54
50,49,51
50,49,52
50,49,53
50,49,54
51,49,52
51,49,53
51,49,54
52,49,53
52,49,54
53,49,54
55,56
55,57
55,58
55,59
55,60
55,61
55,62
55,63
55,64
55,118
55,542,543,368,301,124,123
55,124,123
55,542,543,368,301,124
55,124
55,542,543,368,301
55,124,301
55,542,543,368,301,354
55,124,301,354
55,542,543,368
55,124,301,368
55,510
55,542
55,542,543
55,124,301,368,543
55,542,543,368,301,124,576
55,124,576
55,542,543,368,301,124,576,589
55,124,576,589
56,55,57
56,55,58
56,55,59
56,55,60
56,55,61
56,55,62
56,55,63
56,55,64
56,55,118
56,55,542,543,368,301,124,123
56,55,124,123
56,55,542,543,368,301,124
56,55,124
56,55,542,543,368,301
56,55,124,301
56,55,542,543,368,301,354
56,55,124,301,354
56,55,542,543,368
56,55,124,301,368
56,55,510
56,55,542
56,55,542,543
56,55,124,301,368,543
56,55,542,543,368,301,124,576
56,55,124,576
56,55,542,543,368,301,124,576,589
56,55,124,576,589
57,55,58
57,55,59
57,55,60
57,55,61
57,55,62
57,55,63
57,55,64
57,55,118
57,55,542,543,368,301,124,123
57,55,124,123
57,55,542,543,368,301,124
57,55,124
57,55,542,543,368,301
57,55,124,301
57,55,542,543,368,301,354
57,55,124,301,354
57,55,542,543,368
57,55,124,301,368
57,55,510
57,55,542
57,55,542,543
57,55,124,301,368,543
57,55,542,543,368,301,124,576
57,55,124,576
57,55,542,543,368,301,124,576,589
57,55,124,576,589
58,55,59
58,55,60
58,55,61
58,55,62
58,55,63
58,55,64
58,55,118
58,55,542,543,368,301,124,123
58,55,124,123
58,55,542,543,368,301,124
58,55,124
58,55,542,543,368,301
58,55,124,301
58,55,542,543,368,301,354
58,55,124,301,354
58,55,542,543,368
58,55,124,301,368
58,55,510
58,55,542
58,55,542,543
58,55,124,301,368,543
58,55,542,543,368,301,124,576
58,55,124,576
58,55,542,543,368,301,124,576,589
58,55,124,576,589
59,55,60
59,55,61
59,55,62
59,55,63
59,55,64
59,55,118
59,55,542,543,368,301,124,123
59,55,124,123
59,55,542,543,368,301,124
59,55,124
59,55,542,543,368,301
59,55,124,301
59,55,542,543,368,301,354
59,55,124,301,354
59,55,542,543,368
59,55,124,301,368
59,55,510
59,55,542
59,55,542,543
59,55,124,301,368,543
59,55,542,543,368,301,124,576
59,55,124,576
59,55,542,543,368,301,124,576,589
59,55,124,576,589
60,55,61
60,55,62
60,55,63
60,55,64
60,55,118
60,55,542,543,368,301,124,123
60,55,124,123
60,55,542,543,368,301,124
60,55,124
60,55,542,543,368,301
60,55,124,301
60,55,542,543,368,301,354
60,55,124,301,354
60,55,542,543,368
60,55,124,301,368
60,55,510
60,55,542
60,55,542,543
60,55,124,301,368,543
60,55,542,543,368,301,124,576
60,55,124,576
60,55,542,543,368,301,124,576,589
60,55,124,576,589
61,55,62
61,55,63
61,55,64
61,55,118
61,55,542,543,368,301,124,123
61,55,124,123
61,55,542,543,368,301,124
61,55,124
61,55,542,543,368,301
61,55,124,301
61,55,542,543,368,301,354
61,55,124,301,354
61,55,542,543,368
61,55,124,301,368
61,55,510
61,55,542
61,55,542,543
61,55,124,301,368,543
61,55,542,543,368,301,124,576
61,55,124,576
61,55,542,543,368,301,124,576,589
61,55,124,576,589
62,55,63
62,55,64
62,55,118
62,55,542,543,368,301,124,123
62,55,124,123
62,55,542,543,368,301,124
62,55,124
62,55,542,543,368,301
62,55,124,301
62,55,542,543,368,301,354
62,55,124,301,354
62,55,542,543,368
62,55,124,301,368
62,55,510
62,55,542
62,55,542,543
62,55,124,301,368,543
62,55,542,543,368,301,124,576
62,55,124,576
62,55,542,543,368,301,124,576,589
62,55,124,576,589
63,55,64
63,55,118
63,55,542,543,368,301,124,123
63,55,124,123
63,55,542,543,368,301,124
63,55,124
63,55,542,543,368,301
63,55,124,301
63,55,542,543,368,301,354
63,55,124,301,354
63,55,542,543,368
63,55,124,301,368
63,55,510
63,55,542
63,55,542,543
63,55,124,301,368,543
63,55,542,543,368,301,124,576
63,55,124,576
63,55,542,543,368,301,124,576,589
63,55,124,576,589
64,55,118
64,55,542,543,368,301,124,123
64,55,124,123
64,55,542,543,368,301,124
64,55,124
64,55,542,543,368,301
64,55,124,301
64,55,542,543,368,301,354
64,55,124,301,354
64,55,542,543,368
64,55,124,301,368
64,55,510
64,55,542
64,55,542,543
64,55,124,301,368,543
64,55,542,543,368,301,124,576
64,55,124,576
64,55,542,543,368,301,124,576,589
64,55,124,576,589
77,78
77,78,241,245
77,78,245
77,78,241
77,78,371
78,241,245
78,245
78,241
78,371
83,84
83,84,172
83,84,651,172
83,84,201
83,84,201,202
83,84,581
83,84,651
83,84,653
83,84,653,169
83,84,691
84,172
84,651,172
84,201
84,201,202
84,581
84,651
84,653
84,653,169
84,691
87,88
96,33
118,55,542,543,368,301,124,123
118,55,124,123
118,55,542,543,368,301,124
118,55,124
118,55,542,543,368,301
118,55,124,301
118,55,542,543,368,301,354
118,55,124,301,354
118,55,542,543,368
118,55,124,301,368
118,55,510
118,55,542
118,55,542,543
118,55,124,301,368,543
118,55,542,543,368,301,124,576
118,55,124,576
118,55,542,543,368,301,124,576,589
118,55,124,576,589
123,124
123,124,301
123,124,301,354
123,124,55,542,543,368,301,354
123,124,301,368
123,124,55,542,543,368
123,124,301,368,543,542,55,510
123,124,55,510
123,124,301,368,543,542
123,124,55,542
123,124,301,368,543
123,124,55,542,543
123,124,576
123,124,576,589
124,301
124,301,354
124,55,542,543,368,301,354
124,301,368
124,55,542,543,368
124,301,368,543,542,55,510
124,55,510
124,301,368,543,542
124,55,542
124,301,368,543
124,55,542,543
124,576
124,576,589
133,116
133,341
133,341,342
116,133,341
116,133,341,342
134,135
134,136,266,137,135
134,136,310,135
134,137,266,136,310,135
134,137,135
134,136
134,137,266,136
134,137,135,310,136
134,12
134,137
134,135,310,136,266
134,135,137,266
134,136,266
134,137,266
134,135,310
134,136,310
134,137,266,136,310
134,137,135,310
134,135,310,136,484,483
134,135,137,266,136,484,483
134,136,484,483
134,137,266,136,484,483
134,137,135,310,136,484,483
134,135,310,136,484
134,135,137,266,136,484
134,136,484
134,137,266,136,484
134,137,135,310,136,484
135,134,136
135,310,136
135,137,134,136
135,137,266,136
135,134,12
135,310,136,134,12
135,310,136,266,137,134,12
135,137,134,12
135,137,266,136,134,12
135,310,136,266,137
135,137
135,134,136,266
135,310,136,266
135,137,266
135,310
135,134,136,484,483
135,310,136,484,483
135,137,134,136,484,483
135,137,266,136,484,483
135,134,136,484
135,310,136,484
135,137,134,136,484
135,137,266,136,484
136,134,12
136,266,137,134,12
136,310,135,137,134,12
136,134,137
136,266,137
136,310,135,137
136,266
136,310
136,484,483
136,484
12,134,137
12,134,135,310,136,266
12,134,135,137,266
12,134,136,266
12,134,137,266
12,134,135,310
12,134,136,310
12,134,137,266,136,310
12,134,137,135,310
12,134,135,310,136,484,483
12,134,135,137,266,136,484,483
12,134,136,484,483
12,134,137,266,136,484,483
12,134,137,135,310,136,484,483
12,134,135,310,136,484
12,134,135,137,266,136,484
12,134,136,484
12,134,137,266,136,484
12,134,137,135,310,136,484
137,266
137,134,136,310
137,266,136,310
137,135,310
137,134,136,484,483
137,266,136,484,483
137,135,310,136,484,483
137,134,136,484
137,266,136,484
137,135,310,136,484
142,143
142,638,358,210,209
142,638,209
142,638,358,210
142,638,209,210
142,638,358
142,638
142,638,540
142,638,39
143,142,638,358,210,209
143,142,638,209
143,142,638,358,210
143,142,638,209,210
143,142,638,358
143,142,638
143,142,638,540
143,142,638,39
148,149
148,150
148,151
148,152
148,41
148,94
149,148,150
149,148,151
149,148,152
149,148,41
149,148,94
150,148,151
150,148,152
150,148,41
150,148,94
151,148,152
151,148,41
151,148,94
152,148,41
152,148,94
41,148,94
157,158
157,158,392
157,158,569
157,158,110
158,392
158,569
158,110
167,168
172,84,201
172,651,84,201
172,84,201,202
172,651,84,201,202
172,84,581
172,651,84,581
172,651
172,84,653
172,651,84,653
172,84,653,169
172,651,84,653,169
172,84,691
172,651,84,691
175,176
175,177
175,670
176,175,177
176,175,670
177,175,670
191,192
191,192,567
191,192,621
192,567
192,621
194,195
201,202
201,84,581
201,84,651
201,84,653
201,84,653,169
201,84,691
202,201,84,581
202,201,84,651
202,201,84,653
202,201,84,653,169
202,201,84,691
206,207
209,210
209,638,358,210
209,210,358
209,638,358
209,638
209,210,358,638,540
209,638,540
209,210,358,638,39
209,638,39
210,358
210,209,638
210,358,638
210,209,638,540
210,358,638,540
210,209,638,39
210,358,638,39
212,213
212,213,246
212,213,386
213,246
213,386
217,218
217,218,513
218,513
219,220
219,11
219,220,610
220,219,11
220,610
11,219,220,610
221,222
221,223
221,224
222,221,223
222,221,224
223,221,224
229,230
229,260
230,229,260
234,235
234,235,412,411
234,235,412
235,412,411
235,412
236,5,27,28,22,21,278,277
236,5,278,277
236,593,5,278,277
236,593,27,28,22,21,278,277
236,5,278
236,593,5,278
236,593,27,28,22,21,278
236,5,27,28,22,21,278,296,295
236,5,278,296,295
236,593,5,278,296,295
236,593,27,28,22,21,278,296,295
236,5,27,28,22,21,278,296
236,5,278,296
236,593,5,278,296
236,593,27,28,22,21,278,296
236,5,27,28,22,21,278,433
236,5,278,433
236,593,5,278,433
236,593,27,28,22,21,278,433
236,5,27,28,22,21,278,296,295,529
236,5,278,296,295,529
236,593,5,278,296,295,529
236,593,27,28,22,21,278,296,295,529
236,5,27,28,22,21,278,296,295,529,255
236,5,278,296,295,529,255
236,593,5,278,296,295,529,255
236,593,27,28,22,21,278,296,295,529,255
236,593
236,593,35
236,593,359
242,243
242,243,519
242,243,683
243,519
243,683
245,241
245,241,78,371
245,78,371
241,78,371
246,213,386
247,248
249,250
249,250,286
249,250,287
250,286
250,287
266,136,310
266,137,134,135,310
266,137,135,310
266,136,484,483
266,137,134,135,310,136,484,483
266,137,135,310,136,484,483
266,136,484
266,137,134,135,310,136,484
266,137,135,310,136,484
270,67
277,278
277,278,296,295
277,278,296
277,278,433
277,278,296,295,529
277,278,296,295,529,255
277,278,5,593
277,278,21,22,28,27,593
277,278,5,27,593,35
277,278,5,236,593,35
277,278,5,593,35
277,278,21,22,28,27,5,236,593,35
277,278,21,22,28,27,5,593,35
277,278,21,22,28,27,593,35
277,278,5,27,593,359
277,278,5,236,593,359
277,278,5,593,359
277,278,21,22,28,27,5,236,593,359
277,278,21,22,28,27,5,593,359
277,278,21,22,28,27,593,359
278,296,295
278,296
278,433
278,296,295,529
278,296,295,529,255
278,5,593
278,21,22,28,27,593
278,5,27,593,35
278,5,236,593,35
278,5,593,35
278,21,22,28,27,593,35
278,5,27,593,359
278,5,236,593,359
278,5,593,359
278,21,22,28,27,593,359
279,265
283,284
286,250,287
295,296
295,296,278,433
295,529
295,529,255
295,296,278,5,593
295,296,278,21,22,28,27,593
295,296,278,5,27,593,35
295,296,278,5,236,593,35
295,296,278,5,593,35
295,296,278,21,22,28,27,5,236,593,35
295,296,278,21,22,28,27,5,593,35
295,296,278,21,22,28,27,593,35
295,296,278,5,27,593,359
295,296,278,5,236,593,359
295,296,278,5,593,359
295,296,278,21,22,28,27,5,236,593,359
295,296,278,21,22,28,27,5,593,359
295,296,278,21,22,28,27,593,359
296,278,433
296,295,529
296,295,529,255
296,278,5,593
296,278,21,22,28,27,593
296,278,5,27,593,35
296,278,5,236,593,35
296,278,5,593,35
296,278,21,22,28,27,5,236,593,35
296,278,21,22,28,27,5,593,35
296,278,21,22,28,27,593,35
296,278,5,27,593,359
296,278,5,236,593,359
296,278,5,593,359
296,278,21,22,28,27,5,236,593,359
296,278,21,22,28,27,5,593,359
296,278,21,22,28,27,593,359
301,354
301,368
301,124,55,510
301,368,543,542,55,510
301,124,55,542
301,368,543,542
301,124,55,542,543
301,368,543
301,124,576
301,124,576,589
308,309
310,136,484,483
310,136,484
321,322
321,494,322
321,494
321,322,494,495
321,322,494,496,495
321,494,495
321,494,496,495
321,322,494,361
321,494,361
321,322,494,496
321,494,496
322,494
322,494,495
322,494,496,495
322,494,361
322,494,496
327,328
332,174
334,335
334,336
334,337
335,334,336
335,334,337
336,334,337
341,342
343,344
343,344,276
343,344,434
344,276
344,434
351,154
352,353
354,301,368
354,301,124,55,510
354,301,368,543,542,55,510
354,301,124,55,542
354,301,368,543,542
354,301,124,55,542,543
354,301,368,543
354,301,124,576
354,301,368,543,542,55,124,576
354,301,124,576,589
354,301,368,543,542,55,124,576,589
358,638
358,638,540
358,638,39
365,366
365,367
365,443
365,547
365,644
366,365,367
366,365,443
366,365,547
366,365,644
367,365,443
367,365,547
367,365,644
368,301,124,55,510
368,543,542,55,510
368,301,124,55,542
368,543,542
368,543
368,301,124,576
368,543,542,55,124,576
368,301,124,576,589
368,543,542,55,124,576,589
370,48
370,396
48,370,396
383,384
383,516
384,383,516
407,408
407,408,485
408,485
411,412
428,429
430,431
430,402
430,431,442
431,430,402
431,442
402,430,431,442
443,365,547
443,365,644
448,449
456,457
456,457,14
456,457,514
457,14
457,514
460,109
463,414
14,457,514
470,471
470,472
470,473
470,232
471,470,472
471,470,473
471,470,232
472,470,473
472,470,232
473,470,232
483,484
488,489
488,490,522,489
488,490
488,489,522
488,490,522
489,488,490
489,522,490
489,522
490,522
493,345
494,495
494,496,495
494,361
494,496
495,494,361
495,496,494,361
495,496
361,494,496
276,344,434
508,509
510,55,542
510,55,542,543
510,55,124,301,368,543
510,55,542,543,368,301,124,576
510,55,124,576
510,55,542,543,368,301,124,576,589
510,55,124,576,589
433,278,296,295,529
433,278,296,295,529,255
433,278,5,593
433,278,21,22,28,27,593
433,278,5,27,593,35
433,278,5,236,593,35
433,278,5,593,35
433,278,21,22,28,27,5,236,593,35
433,278,21,22,28,27,5,593,35
433,278,21,22,28,27,593,35
433,278,5,27,593,359
433,278,5,236,593,359
433,278,5,593,359
433,278,21,22,28,27,5,236,593,359
433,278,21,22,28,27,5,593,359
433,278,21,22,28,27,593,359
519,243,683
529,255
529,295,296,278,5,593
529,295,296,278,21,22,28,27,593
529,295,296,278,5,27,593,35
529,295,296,278,5,236,593,35
529,295,296,278,5,593,35
529,295,296,278,21,22,28,27,5,236,593,35
529,295,296,278,21,22,28,27,5,593,35
529,295,296,278,21,22,28,27,593,35
529,295,296,278,5,27,593,359
529,295,296,278,5,236,593,359
529,295,296,278,5,593,359
529,295,296,278,21,22,28,27,5,236,593,359
529,295,296,278,21,22,28,27,5,593,359
529,295,296,278,21,22,28,27,593,359
255,529,295,296,278,5,593
255,529,295,296,278,21,22,28,27,593
255,529,295,296,278,5,27,593,35
255,529,295,296,278,5,236,593,35
255,529,295,296,278,5,593,35
255,529,295,296,278,21,22,28,27,5,236,593,35
255,529,295,296,278,21,22,28,27,5,593,35
255,529,295,296,278,21,22,28,27,593,35
255,529,295,296,278,5,27,593,359
255,529,295,296,278,5,236,593,359
255,529,295,296,278,5,593,359
255,529,295,296,278,21,22,28,27,5,236,593,359
255,529,295,296,278,21,22,28,27,5,593,359
255,529,295,296,278,21,22,28,27,593,359
535,144
542,543
542,543,368,301,124,576
542,55,124,576
542,543,368,301,124,576,589
542,55,124,576,589
543,542,55,124,576
543,368,301,124,576
543,542,55,124,576,589
543,368,301,124,576,589
545,73
547,365,644
553,111
561,285
561,285,603
285,603
567,192,621
570,500
576,589
581,84,651
581,84,653
581,84,653,169
581,84,691
593,35
593,359
35,593,359
618,240
635,79
638,540
638,39
540,638,39
651,84,653
651,84,653,169
651,84,691
653,169
653,84,691
169,653,84,691
657,658
657,658,47
657,658,639
658,47
658,639
667,338
392,158,569
392,158,110
569,158,110
47,658,639
