2,3
2,3,48
2,3,127
2,3,400
2,3,507
2,3,737
2,3,1390
3,48
3,127
3,400
3,507
3,737
3,1390
22,23
22,23,281
22,23,407
22,23,893
22,23,897
22,23,1276
22,23,1438
22,23,1477
22,23,1556
22,23,1559
23,281
23,407
23,893
23,897
23,1276
23,1438
23,1477
23,1556
23,1559
36,37
36,37,63,62
36,37,63,151,64,62
36,37,63,65,62
36,37,63,67,62
36,37,63,64,62
36,37,63
36,37,63,151,64
36,37,63,65,62,64
36,37,63,67,62,64
36,37,63,64
36,37,63,151,64,62,65
36,37,63,65
36,37,63,67,62,65
36,37,63,62,66
36,37,63,151,64,62,66
36,37,63,65,62,66
36,37,63,67,62,66
36,37,63,64,62,66
36,37,63,151,64,62,67
36,37,63,67
36,37,63,151
36,37,63,567
36,37,63,1273,1272,567
36,37,63,1042
36,37,63,567,1272
36,37,63,1273,1272
36,37,63,1273
36,37,63,62,64,73
36,37,63,151,64,73
36,37,63,65,62,64,73
36,37,63,67,62,64,73
36,37,63,64,73
37,63,62
37,63,151,64,62
37,63,65,62
37,63,67,62
37,63,64,62
37,63
37,63,151,64
37,63,65,62,64
37,63,67,62,64
37,63,64
37,63,151,64,62,65
37,63,65
37,63,67,62,65
37,63,62,66
37,63,151,64,62,66
37,63,65,62,66
37,63,67,62,66
37,63,64,62,66
37,63,151,64,62,67
37,63,67
37,63,151
37,63,567
37,63,1273,1272,567
37,63,1042
37,63,567,1272
37,63,1273,1272
37,63,1273
37,63,62,64,73
37,63,151,64,73
37,63,65,62,64,73
37,63,67,62,64,73
37,63,64,73
39,40
48,3,127
48,3,400
48,3,507
48,3,737
48,3,1390
54,55
54,56
54,56,1259
54,56,1088
55,54,56
55,54,56,1259
55,54,56,1088
56,1259
56,1088
62,63
62,64,151,63
62,64,63
62,65,63
62,67,63
62,64
62,65,63,151,64
62,65,63,64
62,67,63,151,64
62,67,63,64
62,65
62,67,63,65
62,66
62,67
62,63,151
62,64,151
62,65,63,151
62,67,63,151
62,63,567
62,63,1273,1272,567
62,64,151,63,567
62,64,151,63,1273,1272,567
62,64,63,567
62,64,63,1273,1272,567
62,65,63,567
62,65,63,1273,1272,567
62,67,63,567
62,67,63,1273,1272,567
62,63,1042
62,64,151,63,1042
62,64,63,1042
62,65,63,1042
62,67,63,1042
62,63,567,1272
62,63,1273,1272
62,64,151,63,567,1272
62,64,151,63,1273,1272
62,64,63,567,1272
62,64,63,1273,1272
62,65,63,567,1272
62,65,63,1273,1272
62,67,63,567,1272
62,67,63,1273,1272
62,63,1273
62,64,151,63,1273
62,64,63,1273
62,65,63,1273
62,67,63,1273
62,63,151,64,73
62,63,64,73
62,64,73
62,65,63,151,64,73
62,65,63,64,73
62,67,63,151,64,73
62,67,63,64,73
63,151,64
63,64
63,65
63,62,66
63,151,64,62,66
63,65,62,66
63,67,62,66
63,64,62,66
63,67
63,151
63,567
63,1273,1272,567
63,1042
63,567,1272
63,1273,1272
63,1273
63,151,64,73
63,64,73
64,62,65
64,62,67,63,65
64,151,63,65
64,151,63,67,62,65
64,63,65
64,62,66
64,151,63,65,62,66
64,151,63,67,62,66
64,63,65,62,66
64,63,67,62,66
64,62,67
64,151,63,67
64,63,67
64,151
64,62,65,63,567
64,62,65,63,1273,1272,567
64,62,67,63,567
64,62,67,63,1273,1272,567
64,151,63,567
64,151,63,1273,1272,567
64,63,567
64,63,1273,1272,567
64,62,65,63,1042
64,62,67,63,1042
64,151,63,1042
64,63,1042
64,62,65,63,567,1272
64,62,65,63,1273,1272
64,62,67,63,567,1272
64,62,67,63,1273,1272
64,151,63,567,1272
64,151,63,1273,1272
64,63,567,1272
64,63,1273,1272
64,62,65,63,1273
64,62,67,63,1273
64,151,63,1273
64,63,1273
64,73
65,62,66
65,63,67,62,66
65,62,67
65,63,67
65,62,64,151
65,62,67,63,151
65,63,151
65,62,64,151,63,567
65,62,64,151,63,1273,1272,567
65,62,67,63,567
65,62,67,63,1273,1272,567
65,63,567
65,63,1273,1272,567
65,62,64,151,63,1042
65,62,67,63,1042
65,63,1042
65,62,64,151,63,567,1272
65,62,64,151,63,1273,1272
65,62,67,63,567,1272
65,62,67,63,1273,1272
65,63,567,1272
65,63,1273,1272
65,62,64,151,63,1273
65,62,67,63,1273
65,63,1273
65,62,64,73
65,62,67,63,151,64,73
65,62,67,63,64,73
65,63,151,64,73
65,63,64,73
66,62,67
66,62,63,151
66,62,64,151
66,62,65,63,151
66,62,67,63,151
66,62,63,567
66,62,63,1273,1272,567
66,62,64,151,63,567
66,62,64,151,63,1273,1272,567
66,62,64,63,567
66,62,64,63,1273,1272,567
66,62,65,63,567
66,62,65,63,1273,1272,567
66,62,67,63,567
66,62,67,63,1273,1272,567
66,62,63,1042
66,62,64,151,63,1042
66,62,64,63,1042
66,62,65,63,1042
66,62,67,63,1042
66,62,63,567,1272
66,62,63,1273,1272
66,62,64,151,63,567,1272
66,62,64,151,63,1273,1272
66,62,64,63,567,1272
66,62,64,63,1273,1272
66,62,65,63,567,1272
66,62,65,63,1273,1272
66,62,67,63,567,1272
66,62,67,63,1273,1272
66,62,63,1273
66,62,64,151,63,1273
66,62,64,63,1273
66,62,65,63,1273
66,62,67,63,1273
66,62,63,151,64,73
66,62,63,64,73
66,62,64,73
66,62,65,63,151,64,73
66,62,65,63,64,73
66,62,67,63,151,64,73
66,62,67,63,64,73
67,62,64,151
67,63,151
67,62,64,151,63,567
67,62,64,151,63,1273,1272,567
67,63,567
67,63,1273,1272,567
67,62,64,151,63,1042
67,63,1042
67,62,64,151,63,567,1272
67,62,64,151,63,1273,1272
67,63,567,1272
67,63,1273,1272
67,62,64,151,63,1273
67,63,1273
67,62,64,73
67,63,151,64,73
67,63,64,73
81,82
84,85
84,1196,1102,795,1052,1092,85
84,1092,85
84,85,675,156
84,1196,1102,795,1052,1092,85,675,156
84,1092,85,675,156
84,85,675
84,1196,1102,795,1052,1092,85,675
84,1092,85,675
84,85,1092,1052
84,1196,1102,795,1052
84,1092,1052
84,85,1092,1052,892
84,1196,1102,795,1052,892
84,1092,1052,892
84,85,1092,1052,795
84,1196,1102,795
84,1092,1052,795
84,85,1092,1052,795,1102,1058
84,1196,1102,1058
84,1092,1052,795,1102,1058
84,85,1092,1052,795,1102,1058,929
84,1196,1102,1058,929
84,1092,1052,795,1102,1058,929
84,1196,1102,795,1052,1092
84,1092
84,85,1092,1052,795,1102
84,1196,1102
84,1092,1052,795,1102
84,1196
84,85,1092,1052,795,1102,1196,251
84,1196,251
84,1092,1052,795,1102,1196,251
85,675,156
85,675
85,84,1196,1102,795,1052
85,1092,1052
85,84,1196,1102,795,1052,892
85,1092,84,1196,1102,795,1052,892
85,1092,1052,892
85,84,1196,1102,795
85,1092,84,1196,1102,795
85,1092,1052,795
85,84,1196,1102,1058
85,1092,84,1196,1102,1058
85,1092,1052,795,1102,1058
85,84,1196,1102,1058,929
85,1092,84,1196,1102,1058,929
85,1092,1052,795,1102,1058,929
85,1092
85,84,1196,1102
85,1092,84,1196,1102
85,1092,1052,795,1102
85,84,1196
85,1092,84,1196
85,1092,1052,795,1102,1196
85,84,1196,251
85,1092,84,1196,251
85,1092,1052,795,1102,1196,251
90,91
90,1227
90,1227,1053
91,90,1227
91,90,1227,1053
92,93
92,93,1465
92,93,1471,1470
92,93,1471,1470,197
92,93,1471
93,1465
93,1471,1470
93,1471,1470,197
93,1471
110,744
117,118
117,922
117,922,923
117,922,924
117,922,925
117,922,926
117,922,927
117,922,926,864
117,922,923,325
117,922,924,243
117,922,925,434
117,922,927,219
118,117,922
118,117,922,923
118,117,922,924
118,117,922,925
118,117,922,926
118,117,922,927
118,117,922,926,864
118,117,922,923,325
118,117,922,924,243
118,117,922,925,434
118,117,922,927,219
127,3,400
127,3,507
127,3,737
127,3,1390
132,133
132,134
132,133,1473
133,132,134
133,1473
134,132,133,1473
138,139
138,139,255
138,139,255,256
138,139,733
138,139,917
138,139,917,918
138,139,917,918,1022
138,139,255,256,1114
138,139,255,256,1527
139,255
139,255,256
139,733
139,917
139,917,918
139,917,918,1022
139,255,256,1114
139,255,256,1527
151,63,567
151,63,1273,1272,567
151,63,1042
151,63,567,1272
151,63,1273,1272
151,63,1273
151,64,73
156,675
156,675,85,84,1196,1102,795,1052
156,675,85,84,1092,1052
156,675,85,1092,1052
156,675,85,84,1196,1102,795,1052,892
156,675,85,84,1092,1052,892
156,675,85,1092,84,1196,1102,795,1052,892
156,675,85,1092,1052,892
156,675,85,84,1196,1102,795
156,675,85,84,1092,1052,795
156,675,85,1092,84,1196,1102,795
156,675,85,1092,1052,795
156,675,85,84,1196,1102,1058
156,675,85,84,1092,1052,795,1102,1058
156,675,85,1092,84,1196,1102,1058
156,675,85,1092,1052,795,1102,1058
156,675,85,84,1196,1102,1058,929
156,675,85,84,1092,1052,795,1102,1058,929
156,675,85,1092,84,1196,1102,1058,929
156,675,85,1092,1052,795,1102,1058,929
156,675,85,1092
156,675,85,84,1196,1102
156,675,85,84,1092,1052,795,1102
156,675,85,1092,84,1196,1102
156,675,85,1092,1052,795,1102
156,675,85,84,1196
156,675,85,1092,84,1196
156,675,85,1092,1052,795,1102,1196
156,675,85,84,1196,251
156,675,85,84,1092,1052,795,1102,1196,251
156,675,85,1092,84,1196,251
156,675,85,1092,1052,795,1102,1196,251
170,171
184,185
184,186
184,187
184,188
184,189
184,1485
184,1485,1261
184,1485,1282
184,1485,968
184,1485,1486
185,184,186
185,184,187
185,184,188
185,184,189
185,184,1485
185,184,1485,1261
185,184,1485,1282
185,184,1485,968
185,184,1485,1486
186,184,187
186,184,188
186,184,189
186,184,1485
186,184,1485,1261
186,184,1485,1282
186,184,1485,968
186,184,1485,1486
187,184,188
187,184,189
187,184,1485
187,184,1485,1261
187,184,1485,1282
187,184,1485,968
187,184,1485,1486
188,184,189
188,184,1485
188,184,1485,1261
188,184,1485,1282
188,184,1485,968
188,184,1485,1486
189,184,1485
189,184,1485,1261
189,184,1485,1282
189,184,1485,968
189,184,1485,1486
204,205
217,218
228,229
237,238
246,247
246,248
247,246,248
255,256
255,139,733
255,139,917
255,139,917,918
255,139,917,918,1022
255,256,1114
255,256,1527
256,255,139,733
256,255,139,917
256,255,139,917,918
256,255,139,917,918,1022
256,1114
256,1527
259,260
259,261,743,102,260
259,261,743,102,1449,398,260
259,261,1449,102,260
259,261,1449,398,260
259,261
259,262
259,263
259,264
259,265
259,260,102,743,261,487
259,260,102,1449,261,487
259,260,398,1449,102,743,261,487
259,260,398,1449,261,487
259,261,487
259,260,102,743
259,260,102,1449,261,743
259,260,398,1449,102,743
259,260,398,1449,261,743
259,261,743
259,261,1449,102,743
259,260,102
259,260,398,1449,102
259,261,743,102
259,261,1449,102
259,261,1449,398,260,102
259,260,398
259,261,743,102,260,398
259,261,743,102,1449,398
259,261,1449,398
259,260,102,1449
259,260,398,1449
259,261,1449
259,260,102,743,261,1565
259,260,102,1449,261,1565
259,260,398,1449,102,743,261,1565
259,260,398,1449,261,1565
259,261,1565
260,259,261
260,102,743,261
260,102,1449,261
260,398,1449,102,743,261
260,398,1449,261
260,259,262
260,102,743,261,259,262
260,102,1449,261,259,262
260,398,1449,102,743,261,259,262
260,398,1449,261,259,262
260,259,263
260,102,743,261,259,263
260,102,1449,261,259,263
260,398,1449,102,743,261,259,263
260,398,1449,261,259,263
260,259,264
260,102,743,261,259,264
260,102,1449,261,259,264
260,398,1449,102,743,261,259,264
260,398,1449,261,259,264
260,259,265
260,102,743,261,259,265
260,102,1449,261,259,265
260,398,1449,102,743,261,259,265
260,398,1449,261,259,265
260,259,261,487
260,102,743,261,487
260,102,1449,261,487
260,398,1449,102,743,261,487
260,398,1449,261,487
260,259,261,743
260,102,743
260,102,1449,261,743
260,398,1449,102,743
260,398,1449,261,743
260,102
260,398,1449,102
260,398
260,259,261,1449
260,102,1449
260,398,1449
260,259,261,1565
260,102,743,261,1565
260,102,1449,261,1565
260,398,1449,102,743,261,1565
260,398,1449,261,1565
261,259,262
261,259,263
261,259,264
261,259,265
261,487
261,743
261,1449,102,743
261,259,260,102
261,743,102
261,1449,102
261,1449,398,260,102
261,259,260,398
261,743,102,260,398
261,743,102,1449,398
261,1449,398
261,1449
261,1565
262,259,263
262,259,264
262,259,265
262,259,260,102,743,261,487
262,259,260,102,1449,261,487
262,259,260,398,1449,102,743,261,487
262,259,260,398,1449,261,487
262,259,261,487
262,259,260,102,743
262,259,260,102,1449,261,743
262,259,260,398,1449,102,743
262,259,260,398,1449,261,743
262,259,261,743
262,259,261,1449,102,743
262,259,260,102
262,259,260,398,1449,102
262,259,261,743,102
262,259,261,1449,102
262,259,261,1449,398,260,102
262,259,260,398
262,259,261,743,102,260,398
262,259,261,743,102,1449,398
262,259,261,1449,398
262,259,260,102,1449
262,259,260,398,1449
262,259,261,1449
262,259,260,102,743,261,1565
262,259,260,102,1449,261,1565
262,259,260,398,1449,102,743,261,1565
262,259,260,398,1449,261,1565
262,259,261,1565
263,259,264
263,259,265
263,259,260,102,743,261,487
263,259,260,102,1449,261,487
263,259,260,398,1449,102,743,261,487
263,259,260,398,1449,261,487
263,259,261,487
263,259,260,102,743
263,259,260,102,1449,261,743
263,259,260,398,1449,102,743
263,259,260,398,1449,261,743
263,259,261,743
263,259,261,1449,102,743
263,259,260,102
263,259,260,398,1449,102
263,259,261,743,102
263,259,261,1449,102
263,259,261,1449,398,260,102
263,259,260,398
263,259,261,743,102,260,398
263,259,261,743,102,1449,398
263,259,261,1449,398
263,259,260,102,1449
263,259,260,398,1449
263,259,261,1449
263,259,260,102,743,261,1565
263,259,260,102,1449,261,1565
263,259,260,398,1449,102,743,261,1565
263,259,260,398,1449,261,1565
263,259,261,1565
264,259,265
264,259,260,102,743,261,487
264,259,260,102,1449,261,487
264,259,260,398,1449,102,743,261,487
264,259,260,398,1449,261,487
264,259,261,487
264,259,260,102,743
264,259,260,102,1449,261,743
264,259,260,398,1449,102,743
264,259,260,398,1449,261,743
264,259,261,743
264,259,261,1449,102,743
264,259,260,102
264,259,260,398,1449,102
264,259,261,743,102
264,259,261,1449,102
264,259,261,1449,398,260,102
264,259,260,398
264,259,261,743,102,260,398
264,259,261,743,102,1449,398
264,259,261,1449,398
264,259,260,102,1449
264,259,260,398,1449
264,259,261,1449
264,259,260,102,743,261,1565
264,259,260,102,1449,261,1565
264,259,260,398,1449,102,743,261,1565
264,259,260,398,1449,261,1565
264,259,261,1565
265,259,260,102,743,261,487
265,259,260,102,1449,261,487
265,259,260,398,1449,102,743,261,487
265,259,260,398,1449,261,487
265,259,261,487
265,259,260,102,743
265,259,260,102,1449,261,743
265,259,260,398,1449,102,743
265,259,260,398,1449,261,743
265,259,261,743
265,259,261,1449,102,743
265,259,260,102
265,259,260,398,1449,102
265,259,261,743,102
265,259,261,1449,102
265,259,261,1449,398,260,102
265,259,260,398
265,259,261,743,102,260,398
265,259,261,743,102,1449,398
265,259,261,1449,398
265,259,260,102,1449
265,259,260,398,1449
265,259,261,1449
265,259,260,102,743,261,1565
265,259,260,102,1449,261,1565
265,259,260,398,1449,102,743,261,1565
265,259,260,398,1449,261,1565
265,259,261,1565
279,164
281,23,407
281,23,893
281,23,897
281,23,1276
281,23,1438
281,23,1477
281,23,1556
281,23,1559
286,540
296,297
302,303
302,303,535
302,303,577
302,303,1144
302,303,1224,1145,1144
302,303,1144,1145
302,303,1224,1145
302,303,1144,1145,1224,1223
302,303,1224,1223
302,303,1144,1145,1224,1223,190
302,303,1224,1223,190
302,303,1224
302,303,1312
302,303,1507
303,535
303,577
303,1144
303,1224,1145,1144
303,1144,1145
303,1224,1145
303,1144,1145,1224,1223
303,1224,1223
303,1144,1145,1224,1223,190
303,1224,1223,190
303,1224
303,1312
303,1507
308,309
308,309,380
308,1139
308,1139,560
309,380
309,308,1139
309,308,1139,560
318,283
330,331
330,331,638
330,331,691
330,331,716
330,331,979
331,638
331,691
331,716
331,979
332,333
332,201
332,333,720
332,333,720,125
332,333,1050
332,333,1050,860
332,333,1130
332,333,1130,1131
332,333,1306
332,333,1306,1289
332,333,1432
332,333,1432,1350
333,332,201
333,720
333,720,125
333,1050
333,1050,860
333,1130
333,1130,1131
333,1306
333,1306,1289
333,1432
333,1432,1350
201,332,333,720
201,332,333,720,125
201,332,333,1050
201,332,333,1050,860
201,332,333,1130
201,332,333,1130,1131
201,332,333,1306
201,332,333,1306,1289
201,332,333,1432
201,332,333,1432,1350
336,9
336,337,366,9
336,338,366,9
336,339,367,365,366,9
336,339,366,9
336,365,366,9
336,337
336,338,366,337
336,339,367,365,366,337
336,339,366,337
336,365,366,337
336,338
336,339,367,365,366,338
336,339,366,338
336,365,366,338
336,339
336,365,366,339
336,365,367,339
336,365
336,9,366
336,337,366
336,338,366
336,339,367,365,366
336,339,366
336,365,366
336,9,366,365,367
336,9,366,339,367
336,337,366,365,367
336,337,366,339,367
336,338,366,365,367
336,338,366,339,367
336,339,367
336,365,367
336,9,366,365,367,339,791
336,9,366,339,791
336,337,366,365,367,339,791
336,337,366,339,791
336,338,366,365,367,339,791
336,338,366,339,791
336,339,791
336,365,366,339,791
336,365,367,339,791
9,336,337
9,336,338,366,337
9,336,339,367,365,366,337
9,336,339,366,337
9,336,365,366,337
9,366,337
9,336,338
9,336,339,367,365,366,338
9,336,339,366,338
9,336,365,366,338
9,366,338
9,336,339
9,336,365,366,339
9,336,365,367,339
9,366,365,367,339
9,366,339
9,336,365
9,366,365
9,366
9,336,337,366,365,367
9,336,337,366,339,367
9,336,338,366,365,367
9,336,338,366,339,367
9,336,339,367
9,336,365,367
9,366,365,367
9,366,339,367
9,336,337,366,365,367,339,791
9,336,337,366,339,791
9,336,338,366,365,367,339,791
9,336,338,366,339,791
9,336,339,791
9,336,365,366,339,791
9,336,365,367,339,791
9,366,365,367,339,791
9,366,339,791
337,336,338
337,336,339,367,365,366,338
337,336,339,366,338
337,336,365,366,338
337,366,338
337,336,339
337,336,365,366,339
337,336,365,367,339
337,366,365,367,339
337,366,339
337,336,365
337,366,365
337,366
337,336,338,366,365,367
337,336,338,366,339,367
337,336,339,367
337,336,365,367
337,366,365,367
337,366,339,367
337,336,338,366,365,367,339,791
337,336,338,366,339,791
337,336,339,791
337,336,365,366,339,791
337,336,365,367,339,791
337,366,365,367,339,791
337,366,339,791
338,336,339
338,336,365,366,339
338,336,365,367,339
338,366,365,367,339
338,366,339
338,336,365
338,366,365
338,366
338,336,339,367
338,336,365,367
338,366,365,367
338,366,339,367
338,336,339,791
338,336,365,366,339,791
338,336,365,367,339,791
338,366,365,367,339,791
338,366,339,791
339,336,365
339,367,365
339,366,365
339,367,365,366
339,366
339,367
339,791
342,343
342,344
342,343,317
343,342,344
343,317
344,342,343,317
358,359
358,360,1009,359
358,360
358,359,1009,360,425
358,360,425
358,359,1009,360,633
358,360,633
358,359,1009
358,360,1009
359,358,360
359,1009,360
359,358,360,425
359,1009,360,425
359,358,360,633
359,1009,360,633
359,1009
360,425
360,633
360,1009
365,366
365,367
365,366,339,791
365,336,339,791
365,367,339,791
366,365,367
366,339,367
366,365,367,339,791
366,339,791
367,339,791
380,309,308,1139
380,309,308,1139,560
386,387
391,392
391,1575
391,1575,210
392,391,1575
392,391,1575,210
393,394
393,395
393,394,861
393,394,1156,861
393,394,1156
393,394,1526
393,394,1526,619
393,394,1526,1525
394,393,395
394,861
394,1156,861
394,1156
394,1526
394,1526,619
394,1526,1525
395,393,394,861
395,393,394,1156,861
395,393,394,1156
395,393,394,1526
395,393,394,1526,619
395,393,394,1526,1525
400,3,507
400,3,737
400,3,1390
407,23,893
407,23,897
407,23,1276
407,23,1438
407,23,1477
407,23,1556
407,23,1559
425,360,633
425,360,1009
432,433
432,433,1064
432,433,1274
433,1064
433,1274
436,437
436,119,662,437
436,119,662,663,758,437
436,119,662,663,1404,437
436,119,758,437
436,119,758,663,1404,437
436,119,985,437
436,119,1404,437
436,119
436,437,662
436,437,758,119,662
436,437,758,119,1404,663,662
436,437,758,663,662
436,437,985,119,662
436,437,985,119,758,663,662
436,437,985,119,1404,663,662
436,437,1404,119,662
436,437,1404,663,662
436,119,662
436,119,758,663,662
436,119,1404,663,662
436,437,662,663
436,437,758,663
436,437,985,119,662,663
436,437,985,119,758,663
436,437,985,119,1404,663
436,437,1404,663
436,119,662,663
436,119,758,663
436,119,1404,663
436,437,758
436,437,985,119,758
436,437,985,119,1404,663,758
436,437,1404,119,758
436,437,1404,663,758
436,119,758
436,119,1404,663,758
436,437,985
436,437,1404,119,985
436,119,985
436,437,1404
436,119,1404
437,436,119
437,662,119
437,662,663,758,119
437,662,663,1404,119
437,758,119
437,758,663,1404,119
437,985,119
437,1404,119
437,662
437,758,119,662
437,758,119,1404,663,662
437,758,663,662
437,985,119,662
437,985,119,758,663,662
437,985,119,1404,663,662
437,1404,119,662
437,1404,663,662
437,436,119,662,663
437,436,119,758,663
437,436,119,1404,663
437,662,663
437,758,663
437,985,119,662,663
437,985,119,758,663
437,985,119,1404,663
437,1404,663
437,758
437,985,119,758
437,985,119,1404,663,758
437,1404,119,758
437,1404,663,758
437,985
437,1404,119,985
437,1404
119,662
119,758,663,662
119,1404,663,662
119,662,663
119,758,663
119,1404,663
119,758
119,1404,663,758
119,985
119,1404
448,105
448,105,516
448,105,684
448,105,956
105,516
105,684
105,956
459,456
471,305
478,479
478,479,1508
479,1508
487,261,743
487,261,1449,102,743
487,261,259,260,102
487,261,259,260,398,1449,102
487,261,743,102
487,261,1449,102
487,261,1449,398,260,102
487,261,259,260,398
487,261,743,102,260,398
487,261,743,102,1449,398
487,261,1449,398
487,261,1449
487,261,1565
495,278
495,202
278,495,202
498,475
498,499,1278,475
498,499
498,475,1278
498,499,1278
475,498,499
475,1278,499
475,1278
499,1278
507,3,737
507,3,1390
516,105,684
516,105,956
520,521
520,521,1175
520,521,1302
521,1175
521,1302
526,313
527,528
527,529
527,530
527,172
527,531
527,426
527,532
527,533
527,534
528,527,529
528,527,530
528,527,172
528,527,531
528,527,426
528,527,532
528,527,533
528,527,534
529,527,530
529,527,172
529,527,531
529,527,426
529,527,532
529,527,533
529,527,534
530,527,172
530,527,531
530,527,426
530,527,532
530,527,533
530,527,534
172,527,531
172,527,426
172,527,532
172,527,533
172,527,534
531,527,426
531,527,532
531,527,533
531,527,534
426,527,532
426,527,533
426,527,534
532,527,533
532,527,534
533,527,534
535,303,577
535,303,1144
535,303,1224,1145,1144
535,303,1144,1145
535,303,1224,1145
535,303,1144,1145,1224,1223
535,303,1224,1223
535,303,1144,1145,1224,1223,190
535,303,1224,1223,190
535,303,1224
535,303,1312
535,303,1507
562,295
567,63,1042
567,1272,1273,63,1042
567,1272
567,63,1273
567,1272,1273
567,63,62,64,73
567,63,151,64,73
567,63,65,62,64,73
567,63,67,62,64,73
567,63,64,73
567,1272,1273,63,62,64,73
567,1272,1273,63,151,64,73
567,1272,1273,63,65,62,64,73
567,1272,1273,63,67,62,64,73
567,1272,1273,63,64,73
568,88
568,88,1387
88,1387
569,570
577,303,1144
577,303,1224,1145,1144
577,303,1144,1145
577,303,1224,1145
577,303,1144,1145,1224,1223
577,303,1224,1223
577,303,1144,1145,1224,1223,190
577,303,1224,1223,190
577,303,1224
577,303,1312
577,303,1507
578,95
578,95,1153
95,1153
579,580
579,580,1018
580,1018
582,583
582,1199
583,582,1199
586,587
588,589
588,589,672
588,1096
588,589,1533
588,589,1533,424
588,589,1533,1054
589,672
589,588,1096
589,1533
589,1533,424
589,1533,1054
598,599
600,601
604,462
604,605
462,604,605
622,509
623,624
623,624,827
623,624,876
624,827
624,876
638,331,691
638,331,716
638,331,979
647,644
647,648
647,648,1007
644,647,648
644,647,648,1007
648,1007
658,659
658,806
659,658,806
662,663
662,437,758
662,437,985,119,758
662,437,985,119,1404,663,758
662,437,1404,119,758
662,437,1404,663,758
662,119,758
662,119,1404,663,758
662,663,758
662,437,985
662,437,1404,119,985
662,119,985
662,663,758,437,985
662,663,758,119,985
662,663,1404,437,985
662,663,1404,119,985
662,437,1404
662,119,1404
662,663,1404
663,758
663,662,437,985
663,662,119,985
663,758,437,985
663,758,119,985
663,1404,437,985
663,1404,119,985
663,1404
672,589,588,1096
672,589,1533
672,589,1533,424
672,589,1533,1054
675,85,84,1196,1102,795,1052
675,85,84,1092,1052
675,85,1092,1052
675,85,84,1196,1102,795,1052,892
675,85,84,1092,1052,892
675,85,1092,84,1196,1102,795,1052,892
675,85,1092,1052,892
675,85,84,1196,1102,795
675,85,84,1092,1052,795
675,85,1092,84,1196,1102,795
675,85,1092,1052,795
675,85,84,1196,1102,1058
675,85,84,1092,1052,795,1102,1058
675,85,1092,84,1196,1102,1058
675,85,1092,1052,795,1102,1058
675,85,84,1196,1102,1058,929
675,85,84,1092,1052,795,1102,1058,929
675,85,1092,84,1196,1102,1058,929
675,85,1092,1052,795,1102,1058,929
675,85,1092
675,85,84,1196,1102
675,85,84,1092,1052,795,1102
675,85,1092,84,1196,1102
675,85,1092,1052,795,1102
675,85,84,1196
675,85,1092,84,1196
675,85,1092,1052,795,1102,1196
675,85,84,1196,251
675,85,84,1092,1052,795,1102,1196,251
675,85,1092,84,1196,251
675,85,1092,1052,795,1102,1196,251
681,682
684,105,956
691,331,716
691,331,979
692,693
697,698
697,698,781
698,781
714,370
716,331,979
717,718
720,125
720,333,1050
720,333,1050,860
720,333,1130
720,333,1130,1131
720,333,1306
720,333,1306,1289
720,333,1432
720,333,1432,1350
125,720,333,1050
125,720,333,1050,860
125,720,333,1130
125,720,333,1130,1131
125,720,333,1306
125,720,333,1306,1289
125,720,333,1432
125,720,333,1432,1350
727,728
733,139,917
733,139,917,918
733,139,917,918,1022
733,139,255,256,1114
733,139,255,256,1527
737,3,1390
739,257
741,293
741,293,880
741,293,913
741,293,1074
741,293,1535
293,880
293,913
293,1074
293,1535
743,102
743,261,259,260,398
743,261,1449,398
743,102,260,398
743,102,1449,398
743,261,1449
743,102,1449
743,261,1565
743,102,1449,261,1565
102,260,398
102,1449,398
102,1449
102,743,261,1565
102,260,259,261,1565
102,260,398,1449,261,1565
102,1449,398,260,259,261,1565
102,1449,261,1565
753,754
758,437,985
758,437,1404,119,985
758,119,985
758,663,1404,437,985
758,663,1404,119,985
758,437,1404
758,119,1404
758,663,1404
796,145
633,360,1009
819,613
821,822
825,181
828,452
398,1449
398,260,259,261,1565
398,260,102,743,261,1565
398,1449,102,743,261,1565
398,1449,261,1565
844,845
846,847
846,258
846,710
846,710,1468
846,710,1468,971
846,710,1468,14
846,710,1514
847,846,258
847,846,710
847,846,710,1468
847,846,710,1468,971
847,846,710,1468,14
847,846,710,1514
258,846,710
258,846,710,1468
258,846,710,1468,971
258,846,710,1468,14
258,846,710,1514
710,1468
710,1468,971
710,1468,14
710,1514
852,853
861,1156
861,394,1526
861,1156,394,1526
861,394,1526,619
861,1156,394,1526,619
861,394,1526,1525
861,1156,394,1526,1525
827,624,876
880,293,913
880,293,1074
880,293,1535
893,23,897
893,23,1276
893,23,1438
893,23,1477
893,23,1556
893,23,1559
895,896
897,23,1276
897,23,1438
897,23,1477
897,23,1556
897,23,1559
912,406
912,406,1034
406,1034
913,293,1074
913,293,1535
914,915
914,377
914,837
914,916
915,914,377
915,914,837
915,914,916
377,914,837
377,914,916
837,914,916
917,918
917,918,1022
917,139,255,256,1114
917,139,255,256,1527
918,1022
918,917,139,255,256,1114
918,917,139,255,256,1527
922,923
922,924
922,925
922,926
922,927
922,926,864
922,923,325
922,924,243
922,925,434
922,927,219
923,922,924
923,922,925
923,922,926
923,922,927
923,922,926,864
923,325
923,922,924,243
923,922,925,434
923,922,927,219
924,922,925
924,922,926
924,922,927
924,922,926,864
924,922,923,325
924,243
924,922,925,434
924,922,927,219
925,922,926
925,922,927
925,922,926,864
925,922,923,325
925,922,924,243
925,434
925,922,927,219
926,922,927
926,864
926,922,923,325
926,922,924,243
926,922,925,434
926,922,927,219
927,922,926,864
927,922,923,325
927,922,924,243
927,922,925,434
927,219
953,353
959,960
964,191
965,275
965,966
275,965,966
985,437,1404
985,119,1404
988,211
988,211,1263
211,1263
989,990
989,298
990,989,298
864,926,922,923,325
864,926,922,924,243
864,926,922,925,434
864,926,922,927,219
1010,1011
1010,307
1011,1010,307
1012,1013
1022,918,917,139,255,256,1114
1022,918,917,139,255,256,1527
1024,612
1037,1038
1037,1038,334,1453
1037,1038,334
1037,1038,1475
1038,334,1453
1038,334
1038,1475
1042,63,567,1272
1042,63,1273,1272
1042,63,1273
1042,63,62,64,73
1042,63,151,64,73
1042,63,65,62,64,73
1042,63,67,62,64,73
1042,63,64,73
1045,335
1050,860
1050,333,1130
1050,333,1130,1131
1050,333,1306
1050,333,1306,1289
1050,333,1432
1050,333,1432,1350
860,1050,333,1130
860,1050,333,1130,1131
860,1050,333,1306
860,1050,333,1306,1289
860,1050,333,1432
860,1050,333,1432,1350
1052,892
1052,795
1052,795,1102,1058
1052,1092,85,84,1196,1102,1058
1052,1092,84,1196,1102,1058
1052,795,1102,1058,929
1052,1092,85,84,1196,1102,1058,929
1052,1092,84,1196,1102,1058,929
1052,1092
1052,795,1102
1052,1092,85,84,1196,1102
1052,1092,84,1196,1102
1052,795,1102,1196
1052,1092,85,84,1196
1052,1092,84,1196
1052,795,1102,1196,251
1052,1092,85,84,1196,251
1052,1092,84,1196,251
892,1052,795
892,1052,1092,84,1196,1102,795
892,1052,795,1102,1058
892,1052,1092,85,84,1196,1102,1058
892,1052,1092,84,1196,1102,1058
892,1052,795,1102,1058,929
892,1052,1092,85,84,1196,1102,1058,929
892,1052,1092,84,1196,1102,1058,929
892,1052,1092
892,1052,795,1102
892,1052,1092,85,84,1196,1102
892,1052,1092,84,1196,1102
892,1052,795,1102,1196
892,1052,1092,85,84,1196
892,1052,1092,84,1196
892,1052,795,1102,1196,251
892,1052,1092,85,84,1196,251
892,1052,1092,84,1196,251
795,1052,1092,85,84,1196,1102,1058
795,1052,1092,84,1196,1102,1058
795,1102,1058
795,1052,1092,85,84,1196,1102,1058,929
795,1052,1092,84,1196,1102,1058,929
795,1102,1058,929
795,1052,1092
795,1102,1196,84,1092
795,1102
795,1052,1092,85,84,1196
795,1052,1092,84,1196
795,1102,1196
795,1052,1092,85,84,1196,251
795,1052,1092,84,1196,251
795,1102,1196,251
1058,929
1058,1102,795,1052,1092
1058,1102,1196,84,1092
1058,1102
1058,1102,1196
1058,1102,795,1052,1092,85,84,1196,251
1058,1102,795,1052,1092,84,1196,251
1058,1102,1196,251
929,1058,1102,795,1052,1092
929,1058,1102,1196,84,1092
929,1058,1102
929,1058,1102,1196
929,1058,1102,795,1052,1092,85,84,1196,251
929,1058,1102,795,1052,1092,84,1196,251
929,1058,1102,1196,251
1064,433,1274
1071,1072
1071,1382
1072,1071,1382
1074,293,1535
1078,1030
1078,1030,1498
1030,1498
1092,84,1196,1102
1092,1052,795,1102
1092,84,1196
1092,1052,795,1102,1196
1092,84,1196,251
1092,1052,795,1102,1196,251
1096,588,589,1533
1096,588,589,1533,424
1096,588,589,1533,1054
1102,1196
1102,1196,251
1104,571
1104,571,1192
571,1192
1106,651
1114,256,1527
1115,291
1118,1119
1121,399
1130,1131
1130,333,1306
1130,333,1306,1289
1130,333,1432
1130,333,1432,1350
1131,1130,333,1306
1131,1130,333,1306,1289
1131,1130,333,1432
1131,1130,333,1432,1350
1139,560
1141,287
1144,1145
1144,303,1224,1223
1144,1145,1224,1223
1144,303,1224,1223,190
1144,1145,1224,1223,190
1144,303,1224
1144,1145,1224
1144,303,1312
1144,1145,1224,303,1312
1144,303,1507
1144,1145,1224,303,1507
1145,1224,1223
1145,1224,1223,190
1145,1224
1145,1144,303,1312
1145,1224,303,1312
1145,1144,303,1507
1145,1224,303,1507
1156,394,1526
1156,394,1526,619
1156,394,1526,1525
1170,670
1174,883
1174,1482
1174,1482,1305
1174,1482,1203
883,1174,1482
883,1174,1482,1305
883,1174,1482,1203
1175,521,1302
1179,1180
1196,251
1197,1198
1206,1207
1223,190
1223,1224
1223,1224,303,1312
1223,1224,1145,1144,303,1312
1223,1224,303,1507
1223,1224,1145,1144,303,1507
190,1223,1224
190,1223,1224,303,1312
190,1223,1224,1145,1144,303,1312
190,1223,1224,303,1507
190,1223,1224,1145,1144,303,1507
1224,303,1312
1224,303,1507
1227,1053
325,923,922,924,243
325,923,922,925,434
325,923,922,927,219
1271,900
1271,183
900,1271,183
1272,1273
1272,1273,63,62,64,73
1272,1273,63,151,64,73
1272,1273,63,65,62,64,73
1272,1273,63,67,62,64,73
1272,1273,63,64,73
1272,567,63,62,64,73
1272,567,63,151,64,73
1272,567,63,65,62,64,73
1272,567,63,67,62,64,73
1272,567,63,64,73
1273,63,62,64,73
1273,63,151,64,73
1273,63,65,62,64,73
1273,63,67,62,64,73
1273,63,64,73
1276,23,1438
1276,23,1477
1276,23,1556
1276,23,1559
1280,902
243,924,922,925,434
243,924,922,927,219
1284,661
1306,1289
1306,333,1432
1306,333,1432,1350
1289,1306,333,1432
1289,1306,333,1432,1350
1312,303,1507
1334,941
1357,1161
1357,1161,1405
1161,1405
1358,793
1259,56,1088
1370,320
1374,652
1410,457
1425,608
1432,1350
1438,23,1477
1438,23,1556
1438,23,1559
1444,584
1449,261,1565
1453,334
1453,334,1038,1475
334,1038,1475
1454,1435
434,925,922,927,219
1464,1194
1465,93,1471,1470
1465,93,1471,1470,197
1465,93,1471
1466,1112
1468,971
1468,14
1468,710,1514
971,1468,14
971,1468,710,1514
14,1468,710,1514
1470,197
1470,1471
197,1470,1471
1472,447
1477,23,1556
1477,23,1559
1482,1305
1482,1203
1305,1482,1203
1485,1261
1485,1282
1485,968
1485,1486
1261,1485,1282
1261,1485,968
1261,1485,1486
1282,1485,968
1282,1485,1486
968,1485,1486
1488,1087
1488,486
1488,1560
1087,1488,486
1087,1488,1560
486,1488,1560
1492,1253
1509,30
1522,1111
1526,619
1526,1525
619,1526,1525
1533,424
1533,1054
424,1533,1054
1539,766
1540,1417
1554,630
1556,23,1559
1558,777
1570,919
1575,210
1576,1124
1580,1347
