6,7
6,8
7,6,8
19,20
25,26
25,27
25,28,49,27
25,178,413,48,49,27
25,178,413,414,49,27
25,28
25,178,413,48,49,28
25,178,413,414,49,28
25,27,49,48
25,27,49,414,413,48
25,28,49,48
25,28,49,414,413,48
25,178,413,48
25,178,413,414,49,48
25,27,49
25,28,49
25,178,413,48,49
25,178,413,414,49
25,27,49,48,50
25,27,49,414,413,48,50
25,28,49,48,50
25,28,49,414,413,48,50
25,178,413,48,50
25,178,413,414,49,48,50
25,27,49,48,51
25,27,49,414,413,48,51
25,28,49,48,51
25,28,49,414,413,48,51
25,178,413,48,51
25,178,413,414,49,48,51
25,178
25,27,49,28,161
25,28,161
25,178,413,48,49,28,161
25,178,413,414,49,28,161
25,27,49,28,266
25,28,266
25,178,413,48,49,28,266
25,178,413,414,49,28,266
25,27,49,48,413
25,27,49,414,413
25,28,49,48,413
25,28,49,414,413
25,178,413
25,27,49,414
25,28,49,414
25,178,413,414
25,27,492
25,28,49,27,492
25,178,413,48,49,27,492
25,178,413,414,49,27,492
25,27,493
25,28,49,27,493
25,178,413,48,49,27,493
25,178,413,414,49,27,493
25,27,49,48,413,414,567
25,27,49,414,567
25,28,49,48,413,414,567
25,28,49,414,567
25,178,413,48,49,414,567
25,178,413,414,567
25,27,49,48,413,414,508
25,27,49,414,508
25,28,49,48,413,414,508
25,28,49,414,508
25,178,413,48,49,414,508
25,178,413,414,508
26,25,27
26,25,28,49,27
26,25,178,413,48,49,27
26,25,178,413,414,49,27
26,25,28
26,25,178,413,48,49,28
26,25,178,413,414,49,28
26,25,27,49,48
26,25,27,49,414,413,48
26,25,28,49,48
26,25,28,49,414,413,48
26,25,178,413,48
26,25,178,413,414,49,48
26,25,27,49
26,25,28,49
26,25,178,413,48,49
26,25,178,413,414,49
26,25,27,49,48,50
26,25,27,49,414,413,48,50
26,25,28,49,48,50
26,25,28,49,414,413,48,50
26,25,178,413,48,50
26,25,178,413,414,49,48,50
26,25,27,49,48,51
26,25,27,49,414,413,48,51
26,25,28,49,48,51
26,25,28,49,414,413,48,51
26,25,178,413,48,51
26,25,178,413,414,49,48,51
26,25,178
26,25,27,49,28,161
26,25,28,161
26,25,178,413,48,49,28,161
26,25,178,413,414,49,28,161
26,25,27,49,28,266
26,25,28,266
26,25,178,413,48,49,28,266
26,25,178,413,414,49,28,266
26,25,27,49,48,413
26,25,27,49,414,413
26,25,28,49,48,413
26,25,28,49,414,413
26,25,178,413
26,25,27,49,414
26,25,28,49,414
26,25,178,413,414
26,25,27,492
26,25,28,49,27,492
26,25,178,413,48,49,27,492
26,25,178,413,414,49,27,492
26,25,27,493
26,25,28,49,27,493
26,25,178,413,48,49,27,493
26,25,178,413,414,49,27,493
26,25,27,49,48,413,414,567
26,25,27,49,414,567
26,25,28,49,48,413,414,567
26,25,28,49,414,567
26,25,178,413,48,49,414,567
26,25,178,413,414,567
26,25,27,49,48,413,414,508
26,25,27,49,414,508
26,25,28,49,48,413,414,508
26,25,28,49,414,508
26,25,178,413,48,49,414,508
26,25,178,413,414,508
27,25,28
27,25,178,413,48,49,28
27,25,178,413,414,49,28
27,49,28
27,25,28,49,48
27,25,28,49,414,413,48
27,25,178,413,48
27,25,178,413,414,49,48
27,49,48
27,49,414,413,48
27,49
27,25,28,49,48,50
27,25,28,49,414,413,48,50
27,25,178,413,48,50
27,25,178,413,414,49,48,50
27,49,48,50
27,49,28,25,178,413,48,50
27,49,414,413,48,50
27,25,28,49,48,51
27,25,28,49,414,413,48,51
27,25,178,413,48,51
27,25,178,413,414,49,48,51
27,49,48,51
27,49,28,25,178,413,48,51
27,49,414,413,48,51
27,25,178
27,49,48,413,178
27,49,28,25,178
27,49,414,413,178
27,25,28,161
27,25,178,413,48,49,28,161
27,25,178,413,414,49,28,161
27,49,28,161
27,25,28,266
27,25,178,413,48,49,28,266
27,25,178,413,414,49,28,266
27,49,28,266
27,25,28,49,48,413
27,25,28,49,414,413
27,25,178,413
27,49,48,413
27,49,28,25,178,413
27,49,414,413
27,25,28,49,414
27,25,178,413,414
27,49,414
27,492
27,493
27,25,28,49,48,413,414,567
27,25,28,49,414,567
27,25,178,413,48,49,414,567
27,25,178,413,414,567
27,49,48,413,414,567
27,49,28,25,178,413,414,567
27,49,414,567
27,25,28,49,48,413,414,508
27,25,28,49,414,508
27,25,178,413,48,49,414,508
27,25,178,413,414,508
27,49,48,413,414,508
27,49,28,25,178,413,414,508
27,49,414,508
28,25,178,413,48
28,25,178,413,414,49,48
28,49,48
28,49,414,413,48
28,49
28,25,178,413,48,50
28,25,178,413,414,49,48,50
28,49,48,50
28,49,414,413,48,50
28,25,178,413,48,51
28,25,178,413,414,49,48,51
28,49,48,51
28,49,414,413,48,51
28,25,178
28,49,48,413,178
28,49,414,413,178
28,161
28,266
28,25,178,413
28,49,48,413
28,49,414,413
28,25,178,413,414
28,49,414
28,25,27,492
28,25,178,413,48,49,27,492
28,25,178,413,414,49,27,492
28,49,27,492
28,25,27,493
28,25,178,413,48,49,27,493
28,25,178,413,414,49,27,493
28,49,27,493
28,25,178,413,48,49,414,567
28,25,178,413,414,567
28,49,48,413,414,567
28,49,414,567
28,25,178,413,48,49,414,508
28,25,178,413,414,508
28,49,48,413,414,508
28,49,414,508
36,37
36,37,385
36,37,386
36,37,387
36,37,388,483,387
36,37,388
36,37,387,483
36,37,388,483
36,37,387,483,513
36,37,388,483,513
37,385
37,386
37,387
37,388,483,387
37,388
37,387,483
37,388,483
37,387,483,513
37,388,483,513
38,39
48,49
48,413,414,49
48,50
48,51
48,49,28,25,178
48,49,27,25,178
48,49,414,413,178
48,413,178
48,49,28,161
48,49,27,25,28,161
48,49,414,413,178,25,28,161
48,413,178,25,28,161
48,413,414,49,28,161
48,413,414,49,27,25,28,161
48,49,28,266
48,49,27,25,28,266
48,49,414,413,178,25,28,266
48,413,178,25,28,266
48,413,414,49,28,266
48,413,414,49,27,25,28,266
48,413
48,49,414
48,413,414
48,49,28,25,27,492
48,49,27,492
48,49,414,413,178,25,27,492
48,413,178,25,27,492
48,413,414,49,28,25,27,492
48,413,414,49,27,492
48,49,28,25,27,493
48,49,27,493
48,49,414,413,178,25,27,493
48,413,178,25,27,493
48,413,414,49,28,25,27,493
48,413,414,49,27,493
48,49,414,567
48,413,414,567
48,49,414,508
48,413,414,508
49,48,50
49,28,25,178,413,48,50
49,27,25,178,413,48,50
49,414,413,48,50
49,48,51
49,28,25,178,413,48,51
49,27,25,178,413,48,51
49,414,413,48,51
49,48,413,178
49,28,25,178
49,27,25,178
49,414,413,178
49,28,161
49,28,266
49,48,413
49,28,25,178,413
49,27,25,178,413
49,414,413
49,414
49,27,492
49,27,493
49,48,413,414,567
49,28,25,178,413,414,567
49,27,25,178,413,414,567
49,414,567
49,48,413,414,508
49,28,25,178,413,414,508
49,27,25,178,413,414,508
49,414,508
50,48,51
50,48,49,28,25,178
50,48,49,27,25,178
50,48,49,414,413,178
50,48,413,178
50,48,49,28,161
50,48,49,27,25,28,161
50,48,49,414,413,178,25,28,161
50,48,413,178,25,27,49,28,161
50,48,413,178,25,28,161
50,48,413,414,49,28,161
50,48,413,414,49,27,25,28,161
50,48,49,28,266
50,48,49,27,25,28,266
50,48,49,414,413,178,25,28,266
50,48,413,178,25,27,49,28,266
50,48,413,178,25,28,266
50,48,413,414,49,28,266
50,48,413,414,49,27,25,28,266
50,48,413
50,48,49,414
50,48,413,414
50,48,49,28,25,27,492
50,48,49,27,492
50,48,49,414,413,178,25,27,492
50,48,413,178,25,27,492
50,48,413,178,25,28,49,27,492
50,48,413,414,49,28,25,27,492
50,48,413,414,49,27,492
50,48,49,28,25,27,493
50,48,49,27,493
50,48,49,414,413,178,25,27,493
50,48,413,178,25,27,493
50,48,413,178,25,28,49,27,493
50,48,413,414,49,28,25,27,493
50,48,413,414,49,27,493
50,48,49,28,25,178,413,414,567
50,48,49,27,25,178,413,414,567
50,48,49,414,567
50,48,413,414,567
50,48,49,28,25,178,413,414,508
50,48,49,27,25,178,413,414,508
50,48,49,414,508
50,48,413,414,508
51,48,49,28,25,178
51,48,49,27,25,178
51,48,49,414,413,178
51,48,413,178
51,48,49,28,161
51,48,49,27,25,28,161
51,48,49,414,413,178,25,28,161
51,48,413,178,25,27,49,28,161
51,48,413,178,25,28,161
51,48,413,414,49,28,161
51,48,413,414,49,27,25,28,161
51,48,49,28,266
51,48,49,27,25,28,266
51,48,49,414,413,178,25,28,266
51,48,413,178,25,27,49,28,266
51,48,413,178,25,28,266
51,48,413,414,49,28,266
51,48,413,414,49,27,25,28,266
51,48,413
51,48,49,414
51,48,413,414
51,48,49,28,25,27,492
51,48,49,27,492
51,48,49,414,413,178,25,27,492
51,48,413,178,25,27,492
51,48,413,178,25,28,49,27,492
51,48,413,414,49,28,25,27,492
51,48,413,414,49,27,492
51,48,49,28,25,27,493
51,48,49,27,493
51,48,49,414,413,178,25,27,493
51,48,413,178,25,27,493
51,48,413,178,25,28,49,27,493
51,48,413,414,49,28,25,27,493
51,48,413,414,49,27,493
51,48,49,28,25,178,413,414,567
51,48,49,27,25,178,413,414,567
51,48,49,414,567
51,48,413,414,567
51,48,49,28,25,178,413,414,508
51,48,49,27,25,178,413,414,508
51,48,49,414,508
51,48,413,414,508
72,73
72,73,119
72,73,559
73,119
73,559
74,75
74,75,187
75,187
98,99
98,99,97,110
98,99,110
98,99,97
99,97,110
99,110
99,97
103,104
110,97
119,73,559
132,133
132,133,265,264
132,133,265
132,133,817
133,265,264
133,265
133,817
153,154
153,31
153,11
153,155
153,156
153,157
153,67
154,153,31
154,153,11
154,153,155
154,153,156
154,153,157
154,153,67
31,153,11
31,153,155
31,153,156
31,153,157
31,153,67
11,153,155
11,153,156
11,153,157
11,153,67
155,153,156
155,153,157
155,153,67
156,153,157
156,153,67
157,153,67
176,177
176,177,515
177,515
178,25,27,49,28,161
178,25,28,161
178,413,48,49,28,161
178,413,414,49,28,161
178,25,27,49,28,266
178,25,28,266
178,413,48,49,28,266
178,413,414,49,28,266
178,413
178,25,27,49,414
178,25,28,49,414
178,413,414
178,25,27,492
178,25,28,49,27,492
178,413,48,49,27,492
178,413,414,49,27,492
178,25,27,493
178,25,28,49,27,493
178,413,48,49,27,493
178,413,414,49,27,493
178,25,27,49,414,567
178,25,28,49,414,567
178,413,48,49,414,567
178,413,414,567
178,25,27,49,414,508
178,25,28,49,414,508
178,413,48,49,414,508
178,413,414,508
181,182
181,138
181,5
181,183
181,184
181,184,353
181,182,488
181,138,623
181,183,863
181,5,905
182,181,138
182,181,5
182,181,183
182,181,184
182,181,184,353
182,488
182,181,138,623
182,181,183,863
182,181,5,905
138,181,5
138,181,183
138,181,184
138,181,184,353
138,181,182,488
138,623
138,181,183,863
138,181,5,905
5,181,183
5,181,184
5,181,184,353
5,181,182,488
5,181,138,623
5,181,183,863
5,905
183,181,184
183,181,184,353
183,181,182,488
183,181,138,623
183,863
183,181,5,905
184,353
184,181,182,488
184,181,138,623
184,181,183,863
184,181,5,905
202,203
202,204
202,205
202,206
202,207
202,208
202,203,226
202,208,664
202,203,226,727
203,202,204
203,202,205
203,202,206
203,202,207
203,202,208
203,226
203,202,208,664
203,226,727
204,202,205
204,202,206
204,202,207
204,202,208
204,202,203,226
204,202,208,664
204,202,203,226,727
205,202,206
205,202,207
205,202,208
205,202,203,226
205,202,208,664
205,202,203,226,727
206,202,207
206,202,208
206,202,203,226
206,202,208,664
206,202,203,226,727
207,202,208
207,202,203,226
207,202,208,664
207,202,203,226,727
208,202,203,226
208,664
208,202,203,226,727
226,203,202,208,664
226,727
237,238
237,239,348,238
237,240,348,238
237,347,348,238
237,239
237,240,348,239
237,347,348,239
237,240
237,347,348,240
237,347
237,238,348
237,239,348
237,240,348
237,347,348
237,238,348,675
237,239,348,675
237,240,348,675
237,347,348,675
237,238,348,675,703
237,239,348,675,703
237,240,348,675,703
237,347,348,675,703
237,238,348,675,703,704
237,239,348,675,703,704
237,240,348,675,703,704
237,347,348,675,703,704
237,238,348,675,703,704,305
237,239,348,675,703,704,305
237,240,348,675,703,704,305
237,347,348,675,703,704,305
238,237,239
238,237,240,348,239
238,237,347,348,239
238,348,239
238,237,240
238,237,347,348,240
238,348,240
238,237,347
238,348,347
238,348
238,237,239,348,675
238,237,240,348,675
238,237,347,348,675
238,348,675
238,237,239,348,675,703
238,237,240,348,675,703
238,237,347,348,675,703
238,348,675,703
238,237,239,348,675,703,704
238,237,240,348,675,703,704
238,237,347,348,675,703,704
238,348,675,703,704
238,237,239,348,675,703,704,305
238,237,240,348,675,703,704,305
238,237,347,348,675,703,704,305
238,348,675,703,704,305
239,237,240
239,237,347,348,240
239,348,240
239,237,347
239,348,347
239,348
239,237,240,348,675
239,237,347,348,675
239,348,675
239,237,240,348,675,703
239,237,347,348,675,703
239,348,675,703
239,237,240,348,675,703,704
239,237,347,348,675,703,704
239,348,675,703,704
239,237,240,348,675,703,704,305
239,237,347,348,675,703,704,305
239,348,675,703,704,305
240,237,347
240,348,347
240,348
240,237,347,348,675
240,348,675
240,237,347,348,675,703
240,348,675,703
240,237,347,348,675,703,704
240,348,675,703,704
240,237,347,348,675,703,704,305
240,348,675,703,704,305
244,245
244,245,467,466
244,245,467
245,467,466
245,467
264,265
264,265,133,817
265,133,817
268,107
281,222
281,222,365
222,365
288,289
317,318
337,338
339,340
161,28,266
161,28,25,27,49,48,413
161,28,25,27,49,414,413
161,28,25,178,413
161,28,49,48,413
161,28,49,27,25,178,413
161,28,49,414,413
161,28,25,27,49,414
161,28,25,178,413,414
161,28,49,414
161,28,25,27,492
161,28,25,178,413,48,49,27,492
161,28,25,178,413,414,49,27,492
161,28,49,27,492
161,28,25,27,493
161,28,25,178,413,48,49,27,493
161,28,25,178,413,414,49,27,493
161,28,49,27,493
161,28,25,27,49,48,413,414,567
161,28,25,27,49,414,567
161,28,25,178,413,48,49,414,567
161,28,25,178,413,414,567
161,28,49,48,413,414,567
161,28,49,27,25,178,413,414,567
161,28,49,414,567
161,28,25,27,49,48,413,414,508
161,28,25,27,49,414,508
161,28,25,178,413,48,49,414,508
161,28,25,178,413,414,508
161,28,49,48,413,414,508
161,28,49,27,25,178,413,414,508
161,28,49,414,508
266,28,25,27,49,48,413
266,28,25,27,49,414,413
266,28,25,178,413
266,28,49,48,413
266,28,49,27,25,178,413
266,28,49,414,413
266,28,25,27,49,414
266,28,25,178,413,414
266,28,49,414
266,28,25,27,492
266,28,25,178,413,48,49,27,492
266,28,25,178,413,414,49,27,492
266,28,49,27,492
266,28,25,27,493
266,28,25,178,413,48,49,27,493
266,28,25,178,413,414,49,27,493
266,28,49,27,493
266,28,25,27,49,48,413,414,567
266,28,25,27,49,414,567
266,28,25,178,413,48,49,414,567
266,28,25,178,413,414,567
266,28,49,48,413,414,567
266,28,49,27,25,178,413,414,567
266,28,49,414,567
266,28,25,27,49,48,413,414,508
266,28,25,27,49,414,508
266,28,25,178,413,48,49,414,508
266,28,25,178,413,414,508
266,28,49,48,413,414,508
266,28,49,27,25,178,413,414,508
266,28,49,414,508
345,346
347,348
347,348,675
347,348,675,703
347,348,675,703,704
347,348,675,703,704,305
348,675
348,675,703
348,675,703,704
348,675,703,704,305
353,184,181,182,488
353,184,181,138,623
353,184,181,183,863
353,184,181,5,905
385,37,386
385,37,387
385,37,388,483,387
385,37,388
385,37,387,483
385,37,388,483
385,37,387,483,513
385,37,388,483,513
386,37,387
386,37,388,483,387
386,37,388
386,37,387,483
386,37,388,483
386,37,387,483,513
386,37,388,483,513
387,37,388
387,483,388
387,483
387,37,388,483,513
387,483,513
388,483
388,483,513
390,391
393,375
397,398
413,414
413,178,25,27,492
413,178,25,28,49,27,492
413,48,49,28,25,27,492
413,48,49,27,492
413,414,49,28,25,27,492
413,414,49,27,492
413,178,25,27,493
413,178,25,28,49,27,493
413,48,49,28,25,27,493
413,48,49,27,493
413,414,49,28,25,27,493
413,414,49,27,493
413,414,567
413,414,508
414,413,178,25,27,492
414,49,28,25,27,492
414,49,27,492
414,413,178,25,27,493
414,49,28,25,27,493
414,49,27,493
414,567
414,508
431,432
431,433
431,273
432,431,433
432,431,273
433,431,273
457,458
466,467
480,481
480,481,591
481,591
483,513
488,182,181,138,623
488,182,181,183,863
488,182,181,5,905
492,27,493
492,27,25,28,49,48,413,414,567
492,27,25,28,49,414,567
492,27,25,178,413,48,49,414,567
492,27,25,178,413,414,567
492,27,49,48,413,414,567
492,27,49,28,25,178,413,414,567
492,27,49,414,567
492,27,25,28,49,48,413,414,508
492,27,25,28,49,414,508
492,27,25,178,413,48,49,414,508
492,27,25,178,413,414,508
492,27,49,48,413,414,508
492,27,49,28,25,178,413,414,508
492,27,49,414,508
493,27,25,28,49,48,413,414,567
493,27,25,28,49,414,567
493,27,25,178,413,48,49,414,567
493,27,25,178,413,414,567
493,27,49,48,413,414,567
493,27,49,28,25,178,413,414,567
493,27,49,414,567
493,27,25,28,49,48,413,414,508
493,27,25,28,49,414,508
493,27,25,178,413,48,49,414,508
493,27,25,178,413,414,508
493,27,49,48,413,414,508
493,27,49,28,25,178,413,414,508
493,27,49,414,508
502,503
502,504
503,502,504
519,520
565,213
567,414,508
596,597
598,599
623,138,181,183,863
623,138,181,5,905
664,208,202,203,226,727
675,703
675,703,704
675,703,704,305
703,704
703,704,305
704,305
734,396
781,615
788,589
793,17
809,441
814,815
862,46
863,183,181,5,905
902,669
930,152
939,568
