4,5
4,6
4,7
4,8
4,8,169
4,8,169,170
4,8,322
4,8,323
5,4,6
5,4,7
5,4,8
5,4,8,169
5,4,8,169,170
5,4,8,322
5,4,8,323
6,4,7
6,4,8
6,4,8,169
6,4,8,169,170
6,4,8,322
6,4,8,323
7,4,8
7,4,8,169
7,4,8,169,170
7,4,8,322
7,4,8,323
8,169
8,169,170
8,322
8,323
12,13
12,13,103
12,13,103,104
12,13,103,104,55
12,13,248
12,13,154
13,103
13,103,104
13,103,104,55
13,248
13,154
15,16
15,16,152
16,152
17,18
17,18,35
17,18,37,35
17,18,36
17,18,37
18,35
18,37,35
18,36
18,37
26,27
26,138,144,27
26,138,100,27
26,46
26,46,47
26,27,100,138,67
26,27,100,138,142,68,67
26,27,144,138,67
26,27,144,138,142,68,67
26,138,67
26,138,142,68,67
26,27,100,138,67,68
26,27,100,138,142,68
26,27,144,138,67,68
26,27,144,138,142,68
26,138,67,68
26,138,142,68
26,27,100,138,87
26,27,144,138,87
26,138,87
26,27,100,138,87,88
26,27,144,138,87,88
26,138,87,88
26,27,100
26,27,144,138,100
26,138,100
26,27,100,138,140,319,125,124
26,27,144,138,140,319,125,124
26,138,140,319,125,124
26,27,100,138,140,319,125
26,27,144,138,140,319,125
26,138,140,319,125
26,27,100,138,140,319,125,124,126
26,27,144,138,140,319,125,124,126
26,138,140,319,125,124,126
26,138
26,27,100,138,139
26,27,100,138,141,139
26,27,144,138,139
26,27,144,138,141,139
26,138,139
26,138,141,139
26,27,100,138,140
26,27,144,138,140
26,138,140
26,27,100,138,141
26,27,144,138,141
26,138,141
26,27,100,138,142
26,27,144,138,142
26,138,142
26,27,100,138,143
26,27,144,138,143
26,138,143
26,27,100,138,60
26,27,144,138,60
26,138,60
26,27,144
26,138,144
26,27,100,138,145
26,27,144,138,145
26,138,145
26,27,100,138,143,193
26,27,144,138,143,193
26,138,143,193
26,27,100,138,143,193,271
26,27,144,138,143,193,271
26,138,143,193,271
26,27,100,138,143,193,271,61
26,27,144,138,143,193,271,61
26,138,143,193,271,61
26,27,100,138,139,274
26,27,100,138,141,139,274
26,27,144,138,139,274
26,27,144,138,141,139,274
26,138,139,274
26,138,141,139,274
26,27,100,138,140,319
26,27,144,138,140,319
26,138,140,319
26,27,100,138,140,319,220
26,27,144,138,140,319,220
26,138,140,319,220
26,27,328
26,138,144,27,328
26,138,100,27,328
26,27,328,329
26,138,144,27,328,329
26,138,100,27,328,329
26,27,100,138,140,319,125,360
26,27,144,138,140,319,125,360
26,138,140,319,125,360
27,26,46
27,100,138,26,46
27,144,138,26,46
27,26,46,47
27,100,138,26,46,47
27,144,138,26,46,47
27,26,138,67
27,26,138,142,68,67
27,100,138,67
27,100,138,142,68,67
27,144,138,67
27,144,138,142,68,67
27,26,138,67,68
27,26,138,142,68
27,100,138,67,68
27,100,138,142,68
27,144,138,67,68
27,144,138,142,68
27,26,138,87
27,100,138,87
27,144,138,87
27,26,138,87,88
27,100,138,87,88
27,144,138,87,88
27,100
27,144,138,100
27,26,138,140,319,125,124
27,100,138,140,319,125,124
27,144,138,140,319,125,124
27,26,138,140,319,125
27,100,138,140,319,125
27,144,138,140,319,125
27,26,138,140,319,125,124,126
27,100,138,140,319,125,124,126
27,144,138,140,319,125,124,126
27,26,138
27,100,138
27,144,138
27,26,138,139
27,26,138,141,139
27,100,138,139
27,100,138,141,139
27,144,138,139
27,144,138,141,139
27,26,138,140
27,100,138,140
27,144,138,140
27,26,138,141
27,100,138,141
27,144,138,141
27,26,138,142
27,100,138,142
27,144,138,142
27,26,138,143
27,100,138,143
27,144,138,143
27,26,138,60
27,100,138,60
27,144,138,60
27,144
27,26,138,145
27,100,138,145
27,144,138,145
27,26,138,143,193
27,100,138,143,193
27,144,138,143,193
27,26,138,143,193,271
27,100,138,143,193,271
27,144,138,143,193,271
27,26,138,143,193,271,61
27,100,138,143,193,271,61
27,144,138,143,193,271,61
27,26,138,139,274
27,26,138,141,139,274
27,100,138,139,274
27,100,138,141,139,274
27,144,138,139,274
27,144,138,141,139,274
27,26,138,140,319
27,100,138,140,319
27,144,138,140,319
27,26,138,140,319,220
27,100,138,140,319,220
27,144,138,140,319,220
27,328
27,328,329
27,26,138,140,319,125,360
27,100,138,140,319,125,360
27,144,138,140,319,125,360
28,29
28,258,241,240,85,29
28,258,85,29
28,29,85,240,33,32
28,29,85,258,241,240,33,32
28,258,241,240,33,32
28,258,85,240,33,32
28,29,85,240,33
28,29,85,258,241,240,33
28,258,241,240,33
28,258,85,240,33
28,29,85
28,258,241,240,85
28,258,85
28,29,85,86
28,258,241,240,85,86
28,258,85,86
28,133
28,186
28,29,85,240,33,197
28,29,85,258,241,240,33,197
28,258,241,240,33,197
28,258,85,240,33,197
28,29,85,240,33,204
28,29,85,258,241,240,33,204
28,258,241,240,33,204
28,258,85,240,33,204
28,29,85,240
28,258,241,240
28,258,85,240
28,29,85,240,241
28,29,85,258,241
28,258,241
28,258
28,29,85,240,241,259
28,29,85,258,241,259
28,258,241,259
28,258,85,240,241,259
28,29,85,240,311
28,29,85,258,241,240,311
28,258,241,240,311
28,258,85,240,311
28,29,85,240,311,312
28,29,85,258,241,240,311,312
28,258,241,240,311,312
28,258,85,240,311,312
28,29,85,240,311,277
28,29,85,258,241,240,311,277
28,258,241,240,311,277
28,258,85,240,311,277
28,29,85,240,311,312,298
28,29,85,258,241,240,311,312,298
28,258,241,240,311,312,298
28,258,85,240,311,312,298
28,29,85,240,241,258,343
28,29,85,258,343
28,258,343
28,29,85,347,346
28,258,241,240,85,347,346
28,258,85,347,346
28,29,85,347,346,187
28,258,241,240,85,347,346,187
28,258,85,347,346,187
28,29,85,347
28,258,241,240,85,347
28,258,85,347
29,28,258,241,240,33,32
29,28,258,85,240,33,32
29,85,240,33,32
29,85,258,241,240,33,32
29,28,258,241,240,33
29,28,258,85,240,33
29,85,240,33
29,85,258,241,240,33
29,85
29,28,258,241,240,85,86
29,28,258,85,86
29,85,86
29,28,133
29,85,240,241,258,28,133
29,85,258,28,133
29,28,186
29,85,240,241,258,28,186
29,85,258,28,186
29,28,258,241,240,33,197
29,28,258,85,240,33,197
29,85,240,33,197
29,85,258,241,240,33,197
29,28,258,241,240,33,204
29,28,258,85,240,33,204
29,85,240,33,204
29,85,258,241,240,33,204
29,28,258,241,240
29,28,258,85,240
29,85,240
29,85,258,241,240
29,28,258,241
29,85,240,241
29,85,258,241
29,28,258
29,85,258
29,28,258,241,259
29,28,258,85,240,241,259
29,85,240,241,259
29,85,258,241,259
29,28,258,241,240,311
29,28,258,85,240,311
29,85,240,311
29,85,258,241,240,311
29,28,258,241,240,311,312
29,28,258,85,240,311,312
29,85,240,311,312
29,85,258,241,240,311,312
29,28,258,241,240,311,277
29,28,258,85,240,311,277
29,85,240,311,277
29,85,258,241,240,311,277
29,28,258,241,240,311,312,298
29,28,258,85,240,311,312,298
29,85,240,311,312,298
29,85,258,241,240,311,312,298
29,28,258,343
29,85,240,241,258,343
29,85,258,343
29,28,258,241,240,85,347,346
29,28,258,85,347,346
29,85,347,346
29,28,258,241,240,85,347,346,187
29,28,258,85,347,346,187
29,85,347,346,187
29,28,258,241,240,85,347
29,28,258,85,347
29,85,347
32,33
32,33,240,85
32,33,240,241,258,85
32,33,240,85,86
32,33,240,241,258,85,86
32,33,240,241,258,28,29,85,86
32,33,240,85,258,28,133
32,33,240,85,29,28,133
32,33,240,241,258,85,29,28,133
32,33,240,241,258,28,133
32,33,240,85,258,28,186
32,33,240,85,29,28,186
32,33,240,241,258,85,29,28,186
32,33,240,241,258,28,186
32,33,197
32,33,204
32,33,240
32,33,240,241
32,33,240,85,258
32,33,240,241,258
32,33,240,85,258,241,259
32,33,240,85,29,28,258,241,259
32,33,240,241,259
32,33,240,311
32,33,240,311,312
32,33,240,311,277
32,33,240,311,312,298
32,33,240,85,258,343
32,33,240,85,29,28,258,343
32,33,240,241,258,343
32,33,240,85,347,346
32,33,240,241,258,85,347,346
32,33,240,241,258,28,29,85,347,346
32,33,240,85,347,346,187
32,33,240,241,258,85,347,346,187
32,33,240,241,258,28,29,85,347,346,187
32,33,240,85,347
32,33,240,241,258,85,347
32,33,240,241,258,28,29,85,347
33,240,85
33,240,241,258,85
33,240,85,86
33,240,241,258,85,86
33,240,241,258,28,29,85,86
33,240,85,258,28,133
33,240,85,29,28,133
33,240,241,258,85,29,28,133
33,240,241,258,28,133
33,240,85,258,28,186
33,240,85,29,28,186
33,240,241,258,85,29,28,186
33,240,241,258,28,186
33,197
33,204
33,240
33,240,241
33,240,85,258
33,240,241,258
33,240,85,258,241,259
33,240,85,29,28,258,241,259
33,240,241,259
33,240,311
33,240,311,312
33,240,311,277
33,240,311,312,298
33,240,85,258,343
33,240,85,29,28,258,343
33,240,241,258,343
33,240,85,347,346
33,240,241,258,85,347,346
33,240,241,258,28,29,85,347,346
33,240,85,347,346,187
33,240,241,258,85,347,346,187
33,240,241,258,28,29,85,347,346,187
33,240,85,347
33,240,241,258,85,347
33,240,241,258,28,29,85,347
35,18,36
35,37,18,36
35,37
36,18,37
40,41
40,41,232
40,41,232,267,266
40,41,232,267
41,232
41,232,267,266
41,232,267
42,43
42,43,218,217
42,43,218
43,218,217
43,218
44,45
44,45,3
44,304
45,3
45,44,304
46,47
46,26,27,100,138,67
46,26,27,100,138,142,68,67
46,26,27,144,138,67
46,26,27,144,138,142,68,67
46,26,138,67
46,26,138,142,68,67
46,26,27,100,138,67,68
46,26,27,100,138,142,68
46,26,27,144,138,67,68
46,26,27,144,138,142,68
46,26,138,67,68
46,26,138,142,68
46,26,27,100,138,87
46,26,27,144,138,87
46,26,138,87
46,26,27,100,138,87,88
46,26,27,144,138,87,88
46,26,138,87,88
46,26,27,100
46,26,27,144,138,100
46,26,138,100
46,26,27,100,138,140,319,125,124
46,26,27,144,138,140,319,125,124
46,26,138,140,319,125,124
46,26,27,100,138,140,319,125
46,26,27,144,138,140,319,125
46,26,138,140,319,125
46,26,27,100,138,140,319,125,124,126
46,26,27,144,138,140,319,125,124,126
46,26,138,140,319,125,124,126
46,26,138
46,26,27,100,138,139
46,26,27,100,138,141,139
46,26,27,144,138,139
46,26,27,144,138,141,139
46,26,138,139
46,26,138,141,139
46,26,27,100,138,140
46,26,27,144,138,140
46,26,138,140
46,26,27,100,138,141
46,26,27,144,138,141
46,26,138,141
46,26,27,100,138,142
46,26,27,144,138,142
46,26,138,142
46,26,27,100,138,143
46,26,27,144,138,143
46,26,138,143
46,26,27,100,138,60
46,26,27,144,138,60
46,26,138,60
46,26,27,144
46,26,138,144
46,26,27,100,138,145
46,26,27,144,138,145
46,26,138,145
46,26,27,100,138,143,193
46,26,27,144,138,143,193
46,26,138,143,193
46,26,27,100,138,143,193,271
46,26,27,144,138,143,193,271
46,26,138,143,193,271
46,26,27,100,138,143,193,271,61
46,26,27,144,138,143,193,271,61
46,26,138,143,193,271,61
46,26,27,100,138,139,274
46,26,27,100,138,141,139,274
46,26,27,144,138,139,274
46,26,27,144,138,141,139,274
46,26,138,139,274
46,26,138,141,139,274
46,26,27,100,138,140,319
46,26,27,144,138,140,319
46,26,138,140,319
46,26,27,100,138,140,319,220
46,26,27,144,138,140,319,220
46,26,138,140,319,220
46,26,27,328
46,26,138,144,27,328
46,26,138,100,27,328
46,26,27,328,329
46,26,138,144,27,328,329
46,26,138,100,27,328,329
46,26,27,100,138,140,319,125,360
46,26,27,144,138,140,319,125,360
46,26,138,140,319,125,360
47,46,26,27,100,138,67
47,46,26,27,100,138,142,68,67
47,46,26,27,144,138,67
47,46,26,27,144,138,142,68,67
47,46,26,138,67
47,46,26,138,142,68,67
47,46,26,27,100,138,67,68
47,46,26,27,100,138,142,68
47,46,26,27,144,138,67,68
47,46,26,27,144,138,142,68
47,46,26,138,67,68
47,46,26,138,142,68
47,46,26,27,100,138,87
47,46,26,27,144,138,87
47,46,26,138,87
47,46,26,27,100,138,87,88
47,46,26,27,144,138,87,88
47,46,26,138,87,88
47,46,26,27,100
47,46,26,27,144,138,100
47,46,26,138,100
47,46,26,27,100,138,140,319,125,124
47,46,26,27,144,138,140,319,125,124
47,46,26,138,140,319,125,124
47,46,26,27,100,138,140,319,125
47,46,26,27,144,138,140,319,125
47,46,26,138,140,319,125
47,46,26,27,100,138,140,319,125,124,126
47,46,26,27,144,138,140,319,125,124,126
47,46,26,138,140,319,125,124,126
47,46,26,138
47,46,26,27,100,138,139
47,46,26,27,100,138,141,139
47,46,26,27,144,138,139
47,46,26,27,144,138,141,139
47,46,26,138,139
47,46,26,138,141,139
47,46,26,27,100,138,140
47,46,26,27,144,138,140
47,46,26,138,140
47,46,26,27,100,138,141
47,46,26,27,144,138,141
47,46,26,138,141
47,46,26,27,100,138,142
47,46,26,27,144,138,142
47,46,26,138,142
47,46,26,27,100,138,143
47,46,26,27,144,138,143
47,46,26,138,143
47,46,26,27,100,138,60
47,46,26,27,144,138,60
47,46,26,138,60
47,46,26,27,144
47,46,26,138,144
47,46,26,27,100,138,145
47,46,26,27,144,138,145
47,46,26,138,145
47,46,26,27,100,138,143,193
47,46,26,27,144,138,143,193
47,46,26,138,143,193
47,46,26,27,100,138,143,193,271
47,46,26,27,144,138,143,193,271
47,46,26,138,143,193,271
47,46,26,27,100,138,143,193,271,61
47,46,26,27,144,138,143,193,271,61
47,46,26,138,143,193,271,61
47,46,26,27,100,138,139,274
47,46,26,27,100,138,141,139,274
47,46,26,27,144,138,139,274
47,46,26,27,144,138,141,139,274
47,46,26,138,139,274
47,46,26,138,141,139,274
47,46,26,27,100,138,140,319
47,46,26,27,144,138,140,319
47,46,26,138,140,319
47,46,26,27,100,138,140,319,220
47,46,26,27,144,138,140,319,220
47,46,26,138,140,319,220
47,46,26,27,328
47,46,26,138,144,27,328
47,46,26,138,100,27,328
47,46,26,27,328,329
47,46,26,138,144,27,328,329
47,46,26,138,100,27,328,329
47,46,26,27,100,138,140,319,125,360
47,46,26,27,144,138,140,319,125,360
47,46,26,138,140,319,125,360
48,49
48,49,137
48,49,78
48,49,318
49,137
49,78
49,318
56,57
56,57,64
56,57,361,66,64
56,57,64,65
56,57,361,66,64,65
56,57,64,66
56,57,361,66
56,57,361
56,57,64,66,361,331
56,57,361,331
56,57,64,66,361,282
56,57,361,282
57,64
57,361,66,64
57,64,65
57,361,66,64,65
57,64,66
57,361,66
57,361
57,64,66,361,331
57,361,331
57,64,66,361,282
57,361,282
64,65
64,66
64,57,361
64,66,361
64,57,361,331
64,66,361,331
64,57,361,282
64,66,361,282
65,64,66
65,64,57,361
65,64,66,361
65,64,57,361,331
65,64,66,361,331
65,64,57,361,282
65,64,66,361,282
66,361
66,361,331
66,361,282
67,68
67,138,142,68
67,68,142,138,87
67,138,87
67,68,142,138,87,88
67,138,87,88
67,68,142,138,144,27,100
67,68,142,138,100
67,138,144,27,100
67,138,100
67,68,142,138,140,319,125,124
67,138,140,319,125,124
67,68,142,138,140,319,125
67,138,140,319,125
67,68,142,138,140,319,125,124,126
67,138,140,319,125,124,126
67,138
67,68,142,138,139
67,68,142,138,141,139
67,138,139
67,138,141,139
67,68,142,138,140
67,138,140
67,68,142,138,141
67,138,141
67,68,142
67,138,142
67,68,142,138,143
67,138,143
67,68,142,138,60
67,138,60
67,68,142,138,144
67,138,144
67,68,142,138,145
67,138,145
67,68,142,138,143,193
67,138,143,193
67,68,142,138,143,193,271
67,138,143,193,271
67,68,142,138,143,193,271,61
67,138,143,193,271,61
67,68,142,138,139,274
67,68,142,138,141,139,274
67,138,139,274
67,138,141,139,274
67,68,142,138,140,319
67,138,140,319
67,68,142,138,140,319,220
67,138,140,319,220
67,68,142,138,26,27,328
67,68,142,138,144,27,328
67,68,142,138,100,27,328
67,138,26,27,328
67,138,144,27,328
67,138,100,27,328
67,68,142,138,26,27,328,329
67,68,142,138,144,27,328,329
67,68,142,138,100,27,328,329
67,138,26,27,328,329
67,138,144,27,328,329
67,138,100,27,328,329
67,68,142,138,140,319,125,360
67,138,140,319,125,360
68,67,138,87
68,142,138,87
68,67,138,87,88
68,142,138,87,88
68,67,138,144,27,100
68,67,138,100
68,142,138,144,27,100
68,142,138,100
68,67,138,140,319,125,124
68,142,138,140,319,125,124
68,67,138,140,319,125
68,142,138,140,319,125
68,67,138,140,319,125,124,126
68,142,138,140,319,125,124,126
68,67,138
68,142,138
68,67,138,139
68,67,138,141,139
68,142,138,139
68,142,138,141,139
68,67,138,140
68,142,138,140
68,67,138,141
68,142,138,141
68,142
68,67,138,143
68,142,138,143
68,67,138,60
68,142,138,60
68,67,138,144
68,142,138,144
68,67,138,145
68,142,138,145
68,67,138,143,193
68,142,138,143,193
68,67,138,143,193,271
68,142,138,143,193,271
68,67,138,143,193,271,61
68,142,138,143,193,271,61
68,67,138,139,274
68,67,138,141,139,274
68,142,138,139,274
68,142,138,141,139,274
68,67,138,140,319
68,142,138,140,319
68,67,138,140,319,220
68,142,138,140,319,220
68,67,138,26,27,328
68,67,138,144,27,328
68,67,138,100,27,328
68,142,138,26,27,328
68,142,138,144,27,328
68,142,138,100,27,328
68,67,138,26,27,328,329
68,67,138,144,27,328,329
68,67,138,100,27,328,329
68,142,138,26,27,328,329
68,142,138,144,27,328,329
68,142,138,100,27,328,329
68,67,138,140,319,125,360
68,142,138,140,319,125,360
69,70
69,70,216,98,97
69,70,255,97
69,70,216,98
69,70,255,97,98
69,70,216,83,105
69,70,255,97,98,216,83,105
69,70,216,83
69,70,255,97,98,216,83
69,70,216
69,70,255,97,98,216
69,70,255
69,70,216,83,288
69,70,255,97,98,216,83,288
70,216,98,97
70,255,97
70,216,98
70,255,97,98
70,216,83,105
70,255,97,98,216,83,105
70,216,83
70,255,97,98,216,83
70,216
70,255,97,98,216
70,255
70,216,83,288
70,255,97,98,216,83,288
73,74
73,75,174,74
73,75,264,74
73,75
73,127
73,74,174
73,74,264,75,174
73,75,174
73,74,174,175
73,74,264,75,174,175
73,75,174,175
73,74,174,175,176
73,74,264,75,174,175,176
73,75,174,175,176
73,74,174,75,264,263
73,74,264,263
73,75,264,263
73,74,264
73,75,264
74,73,75
74,174,75
74,264,75
74,73,127
74,174,75,73,127
74,264,75,73,127
74,174
74,264,75,174
74,73,75,174,175
74,174,175
74,264,75,174,175
74,73,75,174,175,176
74,174,175,176
74,264,75,174,175,176
74,73,75,264,263
74,174,75,264,263
74,264,263
74,264
75,73,127
75,174
75,174,175
75,174,175,176
75,264,263
75,264
85,86
85,240,241,258,28,133
85,258,28,133
85,29,28,133
85,240,241,258,28,186
85,258,28,186
85,29,28,186
85,240,33,197
85,258,241,240,33,197
85,240,33,204
85,258,241,240,33,204
85,240
85,258,241,240
85,240,241
85,258,241
85,258
85,240,241,259
85,258,241,259
85,240,311
85,258,241,240,311
85,240,311,312
85,258,241,240,311,312
85,240,311,277
85,258,241,240,311,277
85,240,311,312,298
85,258,241,240,311,312,298
85,240,241,258,343
85,258,343
85,347,346
85,347,346,187
85,347
86,85,240,241,258,28,133
86,85,258,28,133
86,85,29,28,133
86,85,240,241,258,28,186
86,85,258,28,186
86,85,29,28,186
86,85,240,33,197
86,85,258,241,240,33,197
86,85,29,28,258,241,240,33,197
86,85,240,33,204
86,85,258,241,240,33,204
86,85,29,28,258,241,240,33,204
86,85,240
86,85,258,241,240
86,85,240,241
86,85,258,241
86,85,29,28,258,241
86,85,258
86,85,240,241,259
86,85,258,241,259
86,85,29,28,258,241,259
86,85,240,311
86,85,258,241,240,311
86,85,29,28,258,241,240,311
86,85,240,311,312
86,85,258,241,240,311,312
86,85,29,28,258,241,240,311,312
86,85,240,311,277
86,85,258,241,240,311,277
86,85,29,28,258,241,240,311,277
86,85,240,311,312,298
86,85,258,241,240,311,312,298
86,85,29,28,258,241,240,311,312,298
86,85,240,241,258,343
86,85,258,343
86,85,29,28,258,343
86,85,347,346
86,85,347,346,187
86,85,347
87,88
87,138,144,27,100
87,138,100
87,138,140,319,125,124
87,138,140,319,125
87,138,140,319,125,124,126
87,138
87,138,139
87,138,141,139
87,138,140
87,138,141
87,138,142
87,138,143
87,138,60
87,138,144
87,138,145
87,138,143,193
87,138,143,193,271
87,138,143,193,271,61
87,138,139,274
87,138,141,139,274
87,138,140,319
87,138,140,319,220
87,138,26,27,328
87,138,144,27,328
87,138,100,27,328
87,138,26,27,328,329
87,138,144,27,328,329
87,138,100,27,328,329
87,138,140,319,125,360
88,87,138,144,27,100
88,87,138,100
88,87,138,140,319,125,124
88,87,138,140,319,125
88,87,138,140,319,125,124,126
88,87,138
88,87,138,139
88,87,138,141,139
88,87,138,140
88,87,138,141
88,87,138,142
88,87,138,143
88,87,138,60
88,87,138,144
88,87,138,145
88,87,138,143,193
88,87,138,143,193,271
88,87,138,143,193,271,61
88,87,138,139,274
88,87,138,141,139,274
88,87,138,140,319
88,87,138,140,319,220
88,87,138,26,27,328
88,87,138,144,27,328
88,87,138,100,27,328
88,87,138,26,27,328,329
88,87,138,144,27,328,329
88,87,138,100,27,328,329
88,87,138,140,319,125,360
97,98
97,98,216,83,105
97,255,70,216,83,105
97,98,216,83
97,255,70,216,83
97,98,216
97,255,70,216
97,255
97,98,216,83,288
97,255,70,216,83,288
98,216,83,105
98,216,83
98,216
98,97,255
98,216,70,255
98,216,83,288
100,27,144,138,140,319,125,124
100,138,140,319,125,124
100,27,144,138,140,319,125
100,138,140,319,125
100,27,144,138,140,319,125,124,126
100,138,140,319,125,124,126
100,138
100,27,144,138,139
100,27,144,138,141,139
100,138,139
100,138,141,139
100,27,144,138,140
100,138,140
100,27,144,138,141
100,138,141
100,27,144,138,142
100,138,142
100,27,144,138,143
100,138,143
100,27,144,138,60
100,138,60
100,27,144
100,138,144
100,27,144,138,145
100,138,145
100,27,144,138,143,193
100,138,143,193
100,27,144,138,143,193,271
100,138,143,193,271
100,27,144,138,143,193,271,61
100,138,143,193,271,61
100,27,144,138,139,274
100,27,144,138,141,139,274
100,138,139,274
100,138,141,139,274
100,27,144,138,140,319
100,138,140,319
100,27,144,138,140,319,220
100,138,140,319,220
100,27,328
100,138,144,27,328
100,27,328,329
100,138,144,27,328,329
100,27,144,138,140,319,125,360
100,138,140,319,125,360
103,104
103,104,55
103,13,248
103,13,154
104,55
104,103,13,248
104,103,13,154
55,104,103,13,248
55,104,103,13,154
105,83
105,83,216
105,83,216,98,97,255
105,83,216,70,255
105,83,288
83,216
83,216,98,97,255
83,216,70,255
83,288
108,109
114,115
117,118
122,123
122,123,289
122,123,289,54
122,123,289,54,293
122,123,294
122,123,196
123,289
123,289,54
123,289,54,293
123,294
123,196
124,125
124,126
124,125,319,140,138
124,125,319,140,138,139
124,125,319,140,138,141,139
124,125,319,140
124,125,319,140,138,141
124,125,319,140,138,142
124,125,319,140,138,143
124,125,319,140,138,60
124,125,319,140,138,144
124,125,319,140,138,145
124,125,319,140,138,143,193
124,125,319,140,138,143,193,271
124,125,319,140,138,143,193,271,61
124,125,319,140,138,139,274
124,125,319,140,138,141,139,274
124,125,319
124,125,319,220
124,125,319,140,138,26,27,328
124,125,319,140,138,144,27,328
124,125,319,140,138,100,27,328
124,125,319,140,138,26,27,328,329
124,125,319,140,138,144,27,328,329
124,125,319,140,138,100,27,328,329
124,125,360
125,124,126
125,319,140,138
125,319,140,138,139
125,319,140,138,141,139
125,319,140
125,319,140,138,141
125,319,140,138,142
125,319,140,138,143
125,319,140,138,60
125,319,140,138,144
125,319,140,138,145
125,319,140,138,143,193
125,319,140,138,143,193,271
125,319,140,138,143,193,271,61
125,319,140,138,139,274
125,319,140,138,141,139,274
125,319
125,319,220
125,319,140,138,26,27,328
125,319,140,138,144,27,328
125,319,140,138,100,27,328
125,319,140,138,26,27,328,329
125,319,140,138,144,27,328,329
125,319,140,138,100,27,328,329
125,360
126,124,125,319,140,138
126,124,125,319,140,138,139
126,124,125,319,140,138,141,139
126,124,125,319,140
126,124,125,319,140,138,141
126,124,125,319,140,138,142
126,124,125,319,140,138,143
126,124,125,319,140,138,60
126,124,125,319,140,138,144
126,124,125,319,140,138,145
126,124,125,319,140,138,143,193
126,124,125,319,140,138,143,193,271
126,124,125,319,140,138,143,193,271,61
126,124,125,319,140,138,139,274
126,124,125,319,140,138,141,139,274
126,124,125,319
126,124,125,319,220
126,124,125,319,140,138,26,27,328
126,124,125,319,140,138,144,27,328
126,124,125,319,140,138,100,27,328
126,124,125,319,140,138,26,27,328,329
126,124,125,319,140,138,144,27,328,329
126,124,125,319,140,138,100,27,328,329
126,124,125,360
127,73,74,174
127,73,74,264,75,174
127,73,75,174
127,73,74,174,175
127,73,74,264,75,174,175
127,73,75,174,175
127,73,74,174,175,176
127,73,74,264,75,174,175,176
127,73,75,174,175,176
127,73,74,174,75,264,263
127,73,74,264,263
127,73,75,264,263
127,73,74,264
127,73,75,264
129,130
129,324
129,324,25
130,129,324
130,129,324,25
133,28,186
133,28,29,85,240,33,197
133,28,29,85,258,241,240,33,197
133,28,258,241,240,33,197
133,28,258,85,240,33,197
133,28,29,85,240,33,204
133,28,29,85,258,241,240,33,204
133,28,258,241,240,33,204
133,28,258,85,240,33,204
133,28,29,85,240
133,28,258,241,240
133,28,258,85,240
133,28,29,85,240,241
133,28,29,85,258,241
133,28,258,241
133,28,258
133,28,29,85,240,241,259
133,28,29,85,258,241,259
133,28,258,241,259
133,28,258,85,240,241,259
133,28,29,85,240,311
133,28,29,85,258,241,240,311
133,28,258,241,240,311
133,28,258,85,240,311
133,28,29,85,240,311,312
133,28,29,85,258,241,240,311,312
133,28,258,241,240,311,312
133,28,258,85,240,311,312
133,28,29,85,240,311,277
133,28,29,85,258,241,240,311,277
133,28,258,241,240,311,277
133,28,258,85,240,311,277
133,28,29,85,240,311,312,298
133,28,29,85,258,241,240,311,312,298
133,28,258,241,240,311,312,298
133,28,258,85,240,311,312,298
133,28,29,85,240,241,258,343
133,28,29,85,258,343
133,28,258,343
133,28,29,85,347,346
133,28,258,241,240,85,347,346
133,28,258,85,347,346
133,28,29,85,347,346,187
133,28,258,241,240,85,347,346,187
133,28,258,85,347,346,187
133,28,29,85,347
133,28,258,241,240,85,347
133,28,258,85,347
137,49,78
137,49,318
138,139
138,141,139
138,140
138,141
138,142
138,143
138,60
138,144
138,145
138,143,193
138,143,193,271
138,143,193,271,61
138,139,274
138,141,139,274
138,140,319
138,140,319,220
138,26,27,328
138,144,27,328
138,100,27,328
138,26,27,328,329
138,144,27,328,329
138,100,27,328,329
138,140,319,125,360
139,138,140
139,141,138,140
139,141
139,138,142
139,141,138,142
139,138,143
139,141,138,143
139,138,60
139,141,138,60
139,138,144
139,141,138,144
139,138,145
139,141,138,145
139,138,143,193
139,141,138,143,193
139,138,143,193,271
139,141,138,143,193,271
139,138,143,193,271,61
139,141,138,143,193,271,61
139,274
139,138,140,319
139,141,138,140,319
139,138,140,319,220
139,141,138,140,319,220
139,138,26,27,328
139,138,144,27,328
139,138,100,27,328
139,141,138,26,27,328
139,141,138,144,27,328
139,141,138,100,27,328
139,138,26,27,328,329
139,138,144,27,328,329
139,138,100,27,328,329
139,141,138,26,27,328,329
139,141,138,144,27,328,329
139,141,138,100,27,328,329
139,138,140,319,125,360
139,141,138,140,319,125,360
140,138,141
140,138,142
140,138,143
140,138,60
140,138,144
140,138,145
140,138,143,193
140,138,143,193,271
140,138,143,193,271,61
140,138,139,274
140,138,141,139,274
140,319
140,319,220
140,138,26,27,328
140,138,144,27,328
140,138,100,27,328
140,138,26,27,328,329
140,138,144,27,328,329
140,138,100,27,328,329
140,319,125,360
141,138,142
141,138,143
141,138,60
141,138,144
141,138,145
141,138,143,193
141,138,143,193,271
141,138,143,193,271,61
141,139,274
141,138,140,319
141,138,140,319,220
141,138,26,27,328
141,138,144,27,328
141,138,100,27,328
141,138,26,27,328,329
141,138,144,27,328,329
141,138,100,27,328,329
141,138,140,319,125,360
142,138,143
142,138,60
142,138,144
142,138,145
142,138,143,193
142,138,143,193,271
142,138,143,193,271,61
142,138,139,274
142,138,141,139,274
142,138,140,319
142,138,140,319,220
142,138,26,27,328
142,138,144,27,328
142,138,100,27,328
142,138,26,27,328,329
142,138,144,27,328,329
142,138,100,27,328,329
142,138,140,319,125,360
143,138,60
143,138,144
143,138,145
143,193
143,193,271
143,193,271,61
143,138,139,274
143,138,141,139,274
143,138,140,319
143,138,140,319,220
143,138,26,27,328
143,138,144,27,328
143,138,100,27,328
143,138,26,27,328,329
143,138,144,27,328,329
143,138,100,27,328,329
143,138,140,319,125,360
60,138,144
60,138,145
60,138,143,193
60,138,143,193,271
60,138,143,193,271,61
60,138,139,274
60,138,141,139,274
60,138,140,319
60,138,140,319,220
60,138,26,27,328
60,138,144,27,328
60,138,100,27,328
60,138,26,27,328,329
60,138,144,27,328,329
60,138,100,27,328,329
60,138,140,319,125,360
144,138,145
144,138,143,193
144,138,143,193,271
144,138,143,193,271,61
144,138,139,274
144,138,141,139,274
144,138,140,319
144,138,140,319,220
144,27,328
144,27,328,329
144,138,140,319,125,360
145,138,143,193
145,138,143,193,271
145,138,143,193,271,61
145,138,139,274
145,138,141,139,274
145,138,140,319
145,138,140,319,220
145,138,26,27,328
145,138,144,27,328
145,138,100,27,328
145,138,26,27,328,329
145,138,144,27,328,329
145,138,100,27,328,329
145,138,140,319,125,360
153,91
153,91,212
91,212
157,158
159,160
3,45,44,304
169,170
169,8,322
169,8,323
170,169,8,322
170,169,8,323
174,175
174,175,176
174,74,264,263
174,75,264,263
174,74,264
174,75,264
175,176
175,174,74,73,75,264,263
175,174,74,264,263
175,174,75,264,263
175,174,74,264
175,174,75,264
176,175,174,74,73,75,264,263
176,175,174,74,264,263
176,175,174,75,264,263
176,175,174,74,264
176,175,174,75,264
178,161
178,183
178,183,171
178,183,369
178,183,369,209
161,178,183
161,178,183,171
161,178,183,369
161,178,183,369,209
183,171
183,369
183,369,209
171,183,369
171,183,369,209
186,28,29,85,240,33,197
186,28,29,85,258,241,240,33,197
186,28,258,241,240,33,197
186,28,258,85,240,33,197
186,28,29,85,240,33,204
186,28,29,85,258,241,240,33,204
186,28,258,241,240,33,204
186,28,258,85,240,33,204
186,28,29,85,240
186,28,258,241,240
186,28,258,85,240
186,28,29,85,240,241
186,28,29,85,258,241
186,28,258,241
186,28,258
186,28,29,85,240,241,259
186,28,29,85,258,241,259
186,28,258,241,259
186,28,258,85,240,241,259
186,28,29,85,240,311
186,28,29,85,258,241,240,311
186,28,258,241,240,311
186,28,258,85,240,311
186,28,29,85,240,311,312
186,28,29,85,258,241,240,311,312
186,28,258,241,240,311,312
186,28,258,85,240,311,312
186,28,29,85,240,311,277
186,28,29,85,258,241,240,311,277
186,28,258,241,240,311,277
186,28,258,85,240,311,277
186,28,29,85,240,311,312,298
186,28,29,85,258,241,240,311,312,298
186,28,258,241,240,311,312,298
186,28,258,85,240,311,312,298
186,28,29,85,240,241,258,343
186,28,29,85,258,343
186,28,258,343
186,28,29,85,347,346
186,28,258,241,240,85,347,346
186,28,258,85,347,346
186,28,29,85,347,346,187
186,28,258,241,240,85,347,346,187
186,28,258,85,347,346,187
186,28,29,85,347
186,28,258,241,240,85,347
186,28,258,85,347
193,271
193,271,61
193,143,138,139,274
193,143,138,141,139,274
193,143,138,140,319
193,143,138,140,319,220
193,143,138,26,27,328
193,143,138,144,27,328
193,143,138,100,27,328
193,143,138,26,27,328,329
193,143,138,144,27,328,329
193,143,138,100,27,328,329
193,143,138,140,319,125,360
194,96
194,96,286
194,96,313
96,286
96,313
197,33,204
197,33,240
197,33,240,241
197,33,240,85,258
197,33,240,241,258
197,33,240,85,258,241,259
197,33,240,85,29,28,258,241,259
197,33,240,241,259
197,33,240,311
197,33,240,311,312
197,33,240,311,277
197,33,240,311,312,298
197,33,240,85,258,343
197,33,240,85,29,28,258,343
197,33,240,241,258,343
197,33,240,85,347,346
197,33,240,241,258,85,347,346
197,33,240,241,258,28,29,85,347,346
197,33,240,85,347,346,187
197,33,240,241,258,85,347,346,187
197,33,240,241,258,28,29,85,347,346,187
197,33,240,85,347
197,33,240,241,258,85,347
197,33,240,241,258,28,29,85,347
204,33,240
204,33,240,241
204,33,240,85,258
204,33,240,241,258
204,33,240,85,258,241,259
204,33,240,85,29,28,258,241,259
204,33,240,241,259
204,33,240,311
204,33,240,311,312
204,33,240,311,277
204,33,240,311,312,298
204,33,240,85,258,343
204,33,240,85,29,28,258,343
204,33,240,241,258,343
204,33,240,85,347,346
204,33,240,241,258,85,347,346
204,33,240,241,258,28,29,85,347,346
204,33,240,85,347,346,187
204,33,240,241,258,85,347,346,187
204,33,240,241,258,28,29,85,347,346,187
204,33,240,85,347
204,33,240,241,258,85,347
204,33,240,241,258,28,29,85,347
205,206
216,98,97,255
216,70,255
216,83,288
217,218
224,79
232,267,266
232,267
240,241
240,85,258
240,241,258
240,85,258,241,259
240,241,259
240,311
240,311,312
240,311,277
240,311,312,298
240,85,258,343
240,85,29,28,258,343
240,241,258,343
240,85,347,346
240,241,258,85,347,346
240,85,347,346,187
240,241,258,85,347,346,187
240,85,347
240,241,258,85,347
241,258
241,259
241,240,311
241,240,311,312
241,240,311,277
241,240,311,312,298
241,258,343
241,240,85,347,346
241,258,85,347,346
241,258,28,29,85,347,346
241,240,85,347,346,187
241,258,85,347,346,187
241,258,28,29,85,347,346,187
241,240,85,347
241,258,85,347
241,258,28,29,85,347
243,184
243,63
184,243,63
248,13,154
255,97,98,216,83,288
255,70,216,83,288
256,257
258,241,259
258,241,240,311
258,85,240,311
258,241,240,311,312
258,85,240,311,312
258,241,240,311,277
258,85,240,311,277
258,241,240,311,312,298
258,85,240,311,312,298
258,343
258,85,347,346
258,85,347,346,187
258,85,347
259,241,240,311
259,241,258,85,240,311
259,241,258,28,29,85,240,311
259,241,240,311,312
259,241,258,85,240,311,312
259,241,258,28,29,85,240,311,312
259,241,240,311,277
259,241,258,85,240,311,277
259,241,258,28,29,85,240,311,277
259,241,240,311,312,298
259,241,258,85,240,311,312,298
259,241,258,28,29,85,240,311,312,298
259,241,240,85,258,343
259,241,240,85,29,28,258,343
259,241,258,343
259,241,240,85,347,346
259,241,258,85,347,346
259,241,258,28,29,85,347,346
259,241,240,85,347,346,187
259,241,258,85,347,346,187
259,241,258,28,29,85,347,346,187
259,241,240,85,347
259,241,258,85,347
259,241,258,28,29,85,347
263,264
266,267
271,61
271,193,143,138,139,274
271,193,143,138,141,139,274
271,193,143,138,140,319
271,193,143,138,140,319,220
271,193,143,138,26,27,328
271,193,143,138,144,27,328
271,193,143,138,100,27,328
271,193,143,138,26,27,328,329
271,193,143,138,144,27,328,329
271,193,143,138,100,27,328,329
271,193,143,138,140,319,125,360
61,271,193,143,138,139,274
61,271,193,143,138,141,139,274
61,271,193,143,138,140,319
61,271,193,143,138,140,319,220
61,271,193,143,138,26,27,328
61,271,193,143,138,144,27,328
61,271,193,143,138,100,27,328
61,271,193,143,138,26,27,328,329
61,271,193,143,138,144,27,328,329
61,271,193,143,138,100,27,328,329
61,271,193,143,138,140,319,125,360
273,179
274,139,138,140,319
274,139,141,138,140,319
274,139,138,140,319,220
274,139,141,138,140,319,220
274,139,138,26,27,328
274,139,138,144,27,328
274,139,138,100,27,328
274,139,141,138,26,27,328
274,139,141,138,144,27,328
274,139,141,138,100,27,328
274,139,138,26,27,328,329
274,139,138,144,27,328,329
274,139,138,100,27,328,329
274,139,141,138,26,27,328,329
274,139,141,138,144,27,328,329
274,139,141,138,100,27,328,329
274,139,138,140,319,125,360
274,139,141,138,140,319,125,360
275,30
286,96,313
289,54
289,54,293
289,123,294
289,123,196
54,293
54,289,123,294
54,289,123,196
293,54,289,123,294
293,54,289,123,196
294,123,196
311,312
311,277
311,312,298
311,240,85,258,343
311,240,85,29,28,258,343
311,240,241,258,343
311,240,85,347,346
311,240,241,258,85,347,346
311,240,241,258,28,29,85,347,346
311,240,85,347,346,187
311,240,241,258,85,347,346,187
311,240,241,258,28,29,85,347,346,187
311,240,85,347
311,240,241,258,85,347
311,240,241,258,28,29,85,347
312,311,277
312,298
312,311,240,85,258,343
312,311,240,85,29,28,258,343
312,311,240,241,258,343
312,311,240,85,347,346
312,311,240,241,258,85,347,346
312,311,240,241,258,28,29,85,347,346
312,311,240,85,347,346,187
312,311,240,241,258,85,347,346,187
312,311,240,241,258,28,29,85,347,346,187
312,311,240,85,347
312,311,240,241,258,85,347
312,311,240,241,258,28,29,85,347
277,311,312,298
277,311,240,85,258,343
277,311,240,85,29,28,258,343
277,311,240,241,258,343
277,311,240,85,347,346
277,311,240,241,258,85,347,346
277,311,240,241,258,28,29,85,347,346
277,311,240,85,347,346,187
277,311,240,241,258,85,347,346,187
277,311,240,241,258,28,29,85,347,346,187
277,311,240,85,347
277,311,240,241,258,85,347
277,311,240,241,258,28,29,85,347
316,162
319,220
319,140,138,26,27,328
319,140,138,144,27,328
319,140,138,100,27,328
319,140,138,26,27,328,329
319,140,138,144,27,328,329
319,140,138,100,27,328,329
319,125,360
220,319,140,138,26,27,328
220,319,140,138,144,27,328
220,319,140,138,100,27,328
220,319,140,138,26,27,328,329
220,319,140,138,144,27,328,329
220,319,140,138,100,27,328,329
220,319,125,360
321,270
322,8,323
298,312,311,240,85,258,343
298,312,311,240,85,29,28,258,343
298,312,311,240,241,258,343
298,312,311,240,85,347,346
298,312,311,240,241,258,85,347,346
298,312,311,240,241,258,28,29,85,347,346
298,312,311,240,85,347,346,187
298,312,311,240,241,258,85,347,346,187
298,312,311,240,241,258,28,29,85,347,346,187
298,312,311,240,85,347
298,312,311,240,241,258,85,347
298,312,311,240,241,258,28,29,85,347
324,25
328,329
328,27,26,138,140,319,125,360
328,27,100,138,140,319,125,360
328,27,144,138,140,319,125,360
329,328,27,26,138,140,319,125,360
329,328,27,100,138,140,319,125,360
329,328,27,144,138,140,319,125,360
78,49,318
341,269
341,358
269,341,358
343,258,241,240,85,347,346
343,258,85,347,346
343,258,28,29,85,347,346
343,258,241,240,85,347,346,187
343,258,85,347,346,187
343,258,28,29,85,347,346,187
343,258,241,240,85,347
343,258,85,347
343,258,28,29,85,347
346,187
346,347
187,346,347
361,331
361,282
331,361,282
369,209
