7,8
7,8,54,53
7,8,54
8,54,53
8,54
16,17
20,21
20,21,24
20,21,25
20,21,102
20,21,164
21,24
21,25
21,102
21,164
24,21,25
24,21,102
24,21,164
25,21,102
25,21,164
30,31
34,35
40,41
40,41,184
40,41,208
41,184
41,208
42,43
48,49
48,135,136,177,29,50
48,135,136,177,50
48,135,136,177,29
48,135,136,177,29,50,51
48,135,136,177,50,51
48,49,64
48,135
48,135,136
48,135,136,177
48,135,136,177,59
48,135,136,177,178,59
48,135,136,177,178
48,49,190
49,48,135,136,177,29,50
49,48,135,136,177,50
49,48,135,136,177,29
49,48,135,136,177,29,50,51
49,48,135,136,177,50,51
49,64
49,48,135
49,48,135,136
49,48,135,136,177
49,48,135,136,177,59
49,48,135,136,177,178,59
49,48,135,136,177,178
49,190
50,29
50,177,29
50,51
50,29,177,136,135,48,49,64
50,177,136,135,48,49,64
50,29,177,136,135
50,177,136,135
50,29,177,136
50,177,136
50,177
50,29,177,59
50,29,177,178,59
50,177,59
50,177,178,59
50,29,177,178
50,177,178
50,29,177,136,135,48,49,190
50,177,136,135,48,49,190
29,50,51
29,177,50,51
29,177,136,135,48,49,64
29,177,136,135
29,177,136
29,177
29,177,59
29,177,178,59
29,177,178
29,177,136,135,48,49,190
51,50,29,177,136,135,48,49,64
51,50,177,136,135,48,49,64
51,50,29,177,136,135
51,50,177,136,135
51,50,29,177,136
51,50,177,136
51,50,177
51,50,29,177,59
51,50,29,177,178,59
51,50,177,59
51,50,177,178,59
51,50,29,177,178
51,50,177,178
51,50,29,177,136,135,48,49,190
51,50,177,136,135,48,49,190
53,54
56,57
56,58,74,75,57
56,58,74,75,159,57
56,58,159,57
56,58,159,75,57
56,58
56,57,75,74
56,57,159,58,74
56,57,159,75,74
56,58,74
56,58,159,75,74
56,57,75
56,57,159,75
56,58,74,75
56,58,159,75
56,57,75,74,58,110
56,57,75,159,58,110
56,57,159,58,110
56,57,159,75,74,58,110
56,58,110
56,57,159
56,58,159
56,57,75,74,58,159,10
56,57,75,159,10
56,57,159,10
56,58,74,75,159,10
56,58,159,10
56,57,75,74,58,110,169
56,57,75,159,58,110,169
56,57,159,58,110,169
56,57,159,75,74,58,110,169
56,58,110,169
57,56,58
57,75,74,58
57,75,159,58
57,159,58
57,159,75,74,58
57,56,58,74
57,75,74
57,159,58,74
57,159,75,74
57,75
57,159,75
57,56,58,110
57,75,74,58,110
57,75,159,58,110
57,159,58,110
57,159,75,74,58,110
57,159
57,56,58,159,10
57,75,74,58,159,10
57,75,159,10
57,159,10
57,56,58,110,169
57,75,74,58,110,169
57,75,159,58,110,169
57,159,58,110,169
57,159,75,74,58,110,169
58,74
58,159,75,74
58,56,57,75
58,74,75
58,159,75
58,110
58,159
58,56,57,75,159,10
58,74,75,159,10
58,159,10
58,110,169
64,49,48,135
64,49,48,135,136
64,49,48,135,136,177
64,49,48,135,136,177,59
64,49,48,135,136,177,178,59
64,49,48,135,136,177,178
64,49,190
68,69
68,81
68,81,82
69,68,81
69,68,81,82
74,75
74,58,110
74,75,159,58,110
74,58,159
74,75,159
74,58,56,57,159,10
74,58,159,10
74,75,57,159,10
74,75,159,10
74,58,110,169
74,75,159,58,110,169
75,74,58,110
75,57,56,58,110
75,159,58,110
75,159
75,159,10
75,74,58,110,169
75,57,56,58,110,169
75,159,58,110,169
76,77
76,77,180,103,151
76,77,180,103
76,77,180,103,153
76,77,180,103,153,154
76,77,180,103,153,155
76,77,180,103,153,156
76,77,180,103,153,157
76,77,180,103,153,155,160
76,77,180,103,153,155,160,161
76,77,180,103,153,155,160,162
76,77,180,103,163
76,77,180
77,180,103,151
77,180,103
77,180,103,153
77,180,103,153,154
77,180,103,153,155
77,180,103,153,156
77,180,103,153,157
77,180,103,153,155,160
77,180,103,153,155,160,161
77,180,103,153,155,160,162
77,180,103,163
77,180
80,63
80,63,217
63,217
81,82
92,93
92,93,204
92,93,204,206
92,93,204,206,207
93,204
93,204,206
93,204,206,207
98,99
98,86
98,86,101
98,86,106
98,86,128
98,86,129
98,86,174
98,86,224
99,98,86
99,98,86,101
99,98,86,106
99,98,86,128
99,98,86,129
99,98,86,174
99,98,86,224
86,101
86,106
86,128
86,129
86,174
86,224
101,86,106
101,86,128
101,86,129
101,86,174
101,86,224
102,21,164
106,86,128
106,86,129
106,86,174
106,86,224
110,58,159
110,58,56,57,75,159,10
110,58,56,57,159,10
110,58,74,75,57,159,10
110,58,74,75,159,10
110,58,159,10
110,169
119,120
119,121
119,122
119,123
120,119,121
120,119,122
120,119,123
121,119,122
121,119,123
122,119,123
128,86,129
128,86,174
128,86,224
129,86,174
129,86,224
135,136
135,136,177
135,136,177,59
135,136,177,178,59
135,136,177,178
135,48,49,190
136,177
136,177,59
136,177,178,59
136,177,178
136,135,48,49,190
137,89
144,145
144,146
144,147
144,38
145,144,146
145,144,147
145,144,38
146,144,147
146,144,38
147,144,38
149,150
151,103
151,103,153
151,103,153,154
151,103,153,155
151,103,153,156
151,103,153,157
151,103,153,155,160
151,103,153,155,160,161
151,103,153,155,160,162
151,103,163
151,103,180
103,153
103,153,154
103,153,155
103,153,156
103,153,157
103,153,155,160
103,153,155,160,161
103,153,155,160,162
103,163
103,180
153,154
153,155
153,156
153,157
153,155,160
153,155,160,161
153,155,160,162
153,103,163
153,103,180
154,153,155
154,153,156
154,153,157
154,153,155,160
154,153,155,160,161
154,153,155,160,162
154,153,103,163
154,153,103,180
155,153,156
155,153,157
155,160
155,160,161
155,160,162
155,153,103,163
155,153,103,180
156,153,157
156,153,155,160
156,153,155,160,161
156,153,155,160,162
156,153,103,163
156,153,103,180
157,153,155,160
157,153,155,160,161
157,153,155,160,162
157,153,103,163
157,153,103,180
159,10
159,58,110,169
10,159,57,56,58,110,169
10,159,57,75,74,58,110,169
10,159,58,110,169
10,159,75,74,58,110,169
10,159,75,57,56,58,110,169
160,161
160,162
160,155,153,103,163
160,155,153,103,180
161,160,162
161,160,155,153,103,163
161,160,155,153,103,180
162,160,155,153,103,163
162,160,155,153,103,180
163,103,180
167,168
167,168,179
168,179
174,86,224
177,59
177,178,59
177,178
177,136,135,48,49,190
59,178
59,177,136,135,48,49,190
59,178,177,136,135,48,49,190
178,177,136,135,48,49,190
184,41,208
189,170
204,206
204,206,207
206,207
212,109
