6,7
6,8
7,6,8
13,14
13,14,80,79
13,14,80
14,80,79
14,80
17,18
17,18,158
18,158
23,24
23,24,76
23,24,33
23,24,164
23,24,267
24,76
24,33
24,164
24,267
40,41
44,45
44,129,68,201,62,45
44,45,62
44,129,68,201,62
44,45,62,201,68,113
44,129,68,113
44,45,62,201,68
44,129,68
44,129
44,45,62,201,198,197
44,129,68,201,198,197
44,45,62,201,198
44,129,68,201,198
44,45,62,201,199
44,129,68,201,199
44,45,62,201,199,200
44,129,68,201,199,200
44,45,62,201
44,129,68,201
44,45,62,246
44,129,68,201,62,246
44,45,62,310
44,129,68,201,62,310
44,45,62,201,68,327
44,129,68,327
45,62
45,44,129,68,113
45,62,201,68,113
45,44,129,68
45,62,201,68
45,44,129
45,62,201,68,129
45,44,129,68,201,198,197
45,62,201,198,197
45,44,129,68,201,198
45,62,201,198
45,44,129,68,201,199
45,62,201,199
45,44,129,68,201,199,200
45,62,201,199,200
45,44,129,68,201
45,62,201
45,44,129,68,201,62,246
45,62,246
45,44,129,68,201,62,310
45,62,310
45,44,129,68,327
45,62,201,68,327
48,49
48,49,139
48,49,163
48,49,190
48,49,220
48,49,220,141
48,49,351
49,139
49,163
49,190
49,220
49,220,141
49,351
62,45,44,129,68,113
62,201,68,113
62,45,44,129,68
62,201,68
62,45,44,129
62,201,68,129
62,45,44,129,68,201,198,197
62,201,198,197
62,45,44,129,68,201,198
62,201,198
62,45,44,129,68,201,199
62,201,199
62,45,44,129,68,201,199,200
62,201,199,200
62,201
62,246
62,310
62,45,44,129,68,327
62,201,68,327
64,65
64,65,295
64,65,332
65,295
65,332
76,24,33
76,24,164
76,24,267
33,24,164
33,24,267
79,80
82,83
82,84,109,110,83
82,84,109,110,250,83
82,84,250,83
82,84,250,110,83
82,84
82,83,110,109
82,83,250,84,109
82,83,250,110,109
82,84,109
82,84,250,110,109
82,83,110
82,83,250,110
82,84,109,110
82,84,250,110
82,83,110,109,84,168
82,83,110,250,84,168
82,83,250,84,168
82,83,250,110,109,84,168
82,84,168
82,83,250
82,84,250
82,83,110,109,84,250,15
82,83,110,250,15
82,83,250,15
82,84,109,110,250,15
82,84,250,15
82,83,110,109,84,168,270
82,83,110,250,84,168,270
82,83,250,84,168,270
82,83,250,110,109,84,168,270
82,84,168,270
83,82,84
83,110,109,84
83,110,250,84
83,250,84
83,250,110,109,84
83,82,84,109
83,110,109
83,250,84,109
83,250,110,109
83,110
83,250,110
83,82,84,168
83,110,109,84,168
83,110,250,84,168
83,250,84,168
83,250,110,109,84,168
83,250
83,82,84,250,15
83,110,109,84,250,15
83,110,250,15
83,250,15
83,82,84,168,270
83,110,109,84,168,270
83,110,250,84,168,270
83,250,84,168,270
83,250,110,109,84,168,270
84,109
84,250,110,109
84,82,83,110
84,109,110
84,250,110
84,168
84,250
84,82,83,110,250,15
84,109,110,250,15
84,250,15
84,168,270
86,87
86,87,25
87,25
97,98
97,121
97,121,122
98,97,121
98,97,121,122
109,110
109,84,168
109,110,250,84,168
109,84,250
109,110,250
109,84,82,83,250,15
109,84,250,15
109,110,83,250,15
109,110,250,15
109,84,168,270
109,110,250,84,168,270
110,109,84,168
110,83,82,84,168
110,250,84,168
110,250
110,250,15
110,109,84,168,270
110,83,82,84,168,270
110,250,84,168,270
113,68
113,68,129
113,68,201,62,45,44,129
113,68,129,44,45,62,201,198,197
113,68,201,198,197
113,68,129,44,45,62,201,198
113,68,201,198
113,68,129,44,45,62,201,199
113,68,201,199
113,68,129,44,45,62,201,199,200
113,68,201,199,200
113,68,201
113,68,129,44,45,62,246
113,68,201,62,246
113,68,129,44,45,62,310
113,68,201,62,310
113,68,327
68,129
68,201,198,197
68,201,198
68,201,199
68,201,199,200
68,201
68,129,44,45,62,246
68,201,62,246
68,129,44,45,62,310
68,201,62,310
68,327
121,122
123,124
129,44,45,62,201,198,197
129,68,201,198,197
129,44,45,62,201,198
129,68,201,198
129,44,45,62,201,199
129,68,201,199
129,44,45,62,201,199,200
129,68,201,199,200
129,44,45,62,201
129,68,201
129,44,45,62,246
129,68,201,62,246
129,44,45,62,310
129,68,201,62,310
129,44,45,62,201,68,327
129,68,327
130,131
130,131,177
130,131,244
131,177
131,244
139,49,163
139,49,190
139,49,220
139,49,220,141
139,49,351
144,89
144,89,325
89,325
150,151
150,151,320
150,151,320,326
150,151,320,326,291
151,320
151,320,326
151,320,326,291
161,162
163,49,190
163,49,220
163,49,220,141
163,49,351
164,24,267
168,84,250
168,84,82,83,110,250,15
168,84,82,83,250,15
168,84,109,110,83,250,15
168,84,109,110,250,15
168,84,250,15
168,270
171,172
177,131,244
178,179
178,180
178,181
178,182
179,178,180
179,178,181
179,178,182
180,178,181
180,178,182
181,178,182
185,186
190,49,220
190,49,220,141
190,49,351
192,193
195,196
197,198
197,198,201,199
197,198,201,199,200
197,198,201
197,198,201,62,246
197,198,201,68,129,44,45,62,246
197,198,201,62,310
197,198,201,68,129,44,45,62,310
197,198,201,62,45,44,129,68,327
197,198,201,68,327
198,201,199
198,201,199,200
198,201
198,201,62,246
198,201,68,129,44,45,62,246
198,201,62,310
198,201,68,129,44,45,62,310
198,201,62,45,44,129,68,327
198,201,68,327
199,200
199,201
199,201,62,246
199,201,68,129,44,45,62,246
199,201,62,310
199,201,68,129,44,45,62,310
199,201,62,45,44,129,68,327
199,201,68,327
200,199,201
200,199,201,62,246
200,199,201,68,129,44,45,62,246
200,199,201,62,310
200,199,201,68,129,44,45,62,310
200,199,201,62,45,44,129,68,327
200,199,201,68,327
201,62,246
201,62,310
201,68,327
202,106
205,206
205,75
205,206,213
206,205,75
206,213
75,205,206,213
208,209
208,236
209,208,236
211,147
220,141
220,49,351
141,220,49,351
224,225
227,228
231,232
231,233,232
231,233
231,118
231,59
232,233
232,231,118
232,233,231,118
232,231,59
232,233,231,59
233,231,118
233,231,59
118,231,59
240,47
243,57
246,62,310
246,62,45,44,129,68,327
246,62,201,68,327
250,15
250,84,168,270
15,250,83,82,84,168,270
15,250,83,110,109,84,168,270
15,250,84,168,270
15,250,110,109,84,168,270
15,250,110,83,82,84,168,270
251,160
258,259
268,269
268,269,288
269,288
282,52
285,29
285,261
285,221
29,285,261
29,285,221
261,285,221
290,26
295,65,332
300,271
304,305
304,305,37
304,305,287
305,37
305,287
310,62,45,44,129,68,327
310,62,201,68,327
320,326
320,326,291
326,291
333,35
37,305,287
347,46
