3,4
3,4,203
4,203
14,15
37,38
37,38,92
37,38,99
37,38,528
37,38,721
37,38,840
37,38,1153
37,38,1205
37,38,1327
37,38,1341
38,92
38,99
38,528
38,721
38,840
38,1153
38,1205
38,1327
38,1341
52,53
52,54
52,1075
53,52,54
53,52,1075
54,52,1075
59,60
59,60,1361
60,1361
64,65
84,85
84,85,252
84,85,734
84,85,759
85,252
85,734
85,759
92,38,99
92,38,528
92,38,721
92,38,840
92,38,1153
92,38,1205
92,38,1327
92,38,1341
97,98
99,38,528
99,38,721
99,38,840
99,38,1153
99,38,1205
99,38,1327
99,38,1341
116,117
116,117,338
116,117,612
116,117,829
116,117,1196
116,117,1271
116,117,1306
117,338
117,612
117,829
117,1196
117,1271
117,1306
120,121
120,121,230
120,121,230,231
120,121,510
120,121,510,511
121,230
121,230,231
121,510
121,510,511
123,124
127,128
127,128,964
128,964
141,142
141,142,357
142,357
144,145
144,599,145
144,599
144,696
144,696,697
144,1276
144,1276,446
144,1276,1277
145,599
145,144,696
145,599,144,696
145,144,696,697
145,599,144,696,697
145,144,1276
145,599,144,1276
145,144,1276,446
145,599,144,1276,446
145,144,1276,1277
145,599,144,1276,1277
147,148
147,149
147,150
147,151
148,147,149
148,147,150
148,147,151
149,147,150
149,147,151
150,147,151
153,154
153,155
153,155,302
153,154,336
153,155,483
153,155,483,399
153,155,483,399,530
153,155,1240
153,155,483,399,1279
154,153,155
154,153,155,302
154,336
154,153,155,483
154,153,155,483,399
154,153,155,483,399,530
154,153,155,1240
154,153,155,483,399,1279
155,302
155,153,154,336
155,483
155,483,399
155,483,399,530
155,1240
155,483,399,1279
160,161
162,163
162,164
162,165
162,166
162,167
162,168
162,165,253
162,167,32
162,163,597
162,164,460
162,166,758
162,168,432
163,162,164
163,162,165
163,162,166
163,162,167
163,162,168
163,162,165,253
163,162,167,32
163,597
163,162,164,460
163,162,166,758
163,162,168,432
164,162,165
164,162,166
164,162,167
164,162,168
164,162,165,253
164,162,167,32
164,162,163,597
164,460
164,162,166,758
164,162,168,432
165,162,166
165,162,167
165,162,168
165,253
165,162,167,32
165,162,163,597
165,162,164,460
165,162,166,758
165,162,168,432
166,162,167
166,162,168
166,162,165,253
166,162,167,32
166,162,163,597
166,162,164,460
166,758
166,162,168,432
167,162,168
167,162,165,253
167,32
167,162,163,597
167,162,164,460
167,162,166,758
167,162,168,432
168,162,165,253
168,162,167,32
168,162,163,597
168,162,164,460
168,162,166,758
168,432
187,1
187,1,1089
1,1089
197,198
207,208
207,973,974,239,237
207,973,974,258,260,238,237
207,973,239,237
207,973,239,974,258,260,238,237
207,973,974,239,237,238
207,973,974,258,260,238
207,973,239,237,238
207,973,239,974,258,260,238
207,973,974,239
207,973,239
207,973,974,239,237,240
207,973,974,258,260,238,237,240
207,973,239,237,240
207,973,239,974,258,260,238,237,240
207,973,974,239,237,238,242
207,973,974,258,260,238,242
207,973,239,237,238,242
207,973,239,974,258,260,238,242
207,973,974,239,237,238,242,243
207,973,974,258,260,238,242,243
207,973,239,237,238,242,243
207,973,239,974,258,260,238,242,243
207,973,974,258
207,973,239,237,238,260,258
207,973,239,974,258
207,973,974,239,237,238,260,258,259
207,973,974,258,259
207,973,239,237,238,260,258,259
207,973,239,974,258,259
207,973,974,239,237,238,260
207,973,974,258,260
207,973,239,237,238,260
207,973,239,974,258,260
207,973
207,973,974
208,207,973,974,239,237
208,207,973,974,258,260,238,237
208,207,973,239,237
208,207,973,239,974,258,260,238,237
208,207,973,974,239,237,238
208,207,973,974,258,260,238
208,207,973,239,237,238
208,207,973,239,974,258,260,238
208,207,973,974,239
208,207,973,239
208,207,973,974,239,237,240
208,207,973,974,258,260,238,237,240
208,207,973,239,237,240
208,207,973,239,974,258,260,238,237,240
208,207,973,974,239,237,238,242
208,207,973,974,258,260,238,242
208,207,973,239,237,238,242
208,207,973,239,974,258,260,238,242
208,207,973,974,239,237,238,242,243
208,207,973,974,258,260,238,242,243
208,207,973,239,237,238,242,243
208,207,973,239,974,258,260,238,242,243
208,207,973,974,258
208,207,973,239,237,238,260,258
208,207,973,239,974,258
208,207,973,974,239,237,238,260,258,259
208,207,973,974,258,259
208,207,973,239,237,238,260,258,259
208,207,973,239,974,258,259
208,207,973,974,239,237,238,260
208,207,973,974,258,260
208,207,973,239,237,238,260
208,207,973,239,974,258,260
208,207,973
208,207,973,974
212,213
230,231
230,121,510
230,121,510,511
231,230,121,510
231,230,121,510,511
237,238
237,239,974,258,260,238
237,239,973,974,258,260,238
237,239
237,240
237,238,242
237,239,974,258,260,238,242
237,239,973,974,258,260,238,242
237,238,242,243
237,239,974,258,260,238,242,243
237,239,973,974,258,260,238,242,243
237,238,260,258
237,239,974,258
237,239,973,974,258
237,238,260,258,259
237,239,974,258,259
237,239,973,974,258,259
237,238,260
237,239,974,258,260
237,239,973,974,258,260
237,238,260,258,974,973
237,239,974,973
237,239,973
237,238,260,258,974
237,239,974
238,237,239
238,260,258,974,973,239
238,260,258,974,239
238,237,240
238,260,258,974,973,239,237,240
238,260,258,974,239,237,240
238,242
238,242,243
238,237,239,974,258
238,237,239,973,974,258
238,260,258
238,237,239,974,258,259
238,237,239,973,974,258,259
238,260,258,259
238,260
238,237,239,974,973
238,237,239,973
238,260,258,974,973
238,237,239,974
238,260,258,974
239,237,240
239,237,238,242
239,974,258,260,238,242
239,973,974,258,260,238,242
239,237,238,242,243
239,974,258,260,238,242,243
239,973,974,258,260,238,242,243
239,237,238,260,258
239,974,258
239,973,974,258
239,237,238,260,258,259
239,974,258,259
239,973,974,258,259
239,237,238,260
239,974,258,260
239,973,974,258,260
239,974,973
239,973
239,974
240,237,238,242
240,237,239,974,258,260,238,242
240,237,239,973,974,258,260,238,242
240,237,238,242,243
240,237,239,974,258,260,238,242,243
240,237,239,973,974,258,260,238,242,243
240,237,238,260,258
240,237,239,974,258
240,237,239,973,974,258
240,237,238,260,258,259
240,237,239,974,258,259
240,237,239,973,974,258,259
240,237,238,260
240,237,239,974,258,260
240,237,239,973,974,258,260
240,237,238,260,258,974,973
240,237,239,974,973
240,237,239,973
240,237,238,260,258,974
240,237,239,974
242,243
242,238,237,239,974,258
242,238,237,239,973,974,258
242,238,260,258
242,238,237,239,974,258,259
242,238,237,239,973,974,258,259
242,238,260,258,259
242,238,260
242,238,237,239,974,973
242,238,237,239,973
242,238,260,258,974,973
242,238,237,239,974
242,238,260,258,974
243,242,238,237,239,974,258
243,242,238,237,239,973,974,258
243,242,238,260,258
243,242,238,237,239,974,258,259
243,242,238,237,239,973,974,258,259
243,242,238,260,258,259
243,242,238,260
243,242,238,237,239,974,973
243,242,238,237,239,973
243,242,238,260,258,974,973
243,242,238,237,239,974
243,242,238,260,258,974
247,139
247,1051
247,1051,1052
139,247,1051
139,247,1051,1052
252,85,734
252,85,759
253,165,162,167,32
253,165,162,163,597
253,165,162,164,460
253,165,162,166,758
253,165,162,168,432
258,259
258,260
258,260,238,237,239,973
258,974,973
258,974
259,258,260
259,258,974,973,239,237,238,260
259,258,974,239,237,238,260
259,258,260,238,237,239,973
259,258,974,973
259,258,974
260,258,974,973
260,238,237,239,974,973
260,238,237,239,973
260,258,974
260,238,237,239,974
272,169
276,277
276,278
277,276,278
289,290
289,290,377
289,290,738
290,377
290,738
293,294
293,201,890,294
293,201,890,295,1185,294
293,201,956,294
293,201,1152,294
293,201,1185,294
293,295,890,294
293,295,890,201,956,294
293,295,890,201,1152,294
293,295,1185,294
293,295,1185,201,956,294
293,295,1185,201,1152,294
293,201
293,295,890,201
293,295,1185,201
293,295
293,294,890
293,294,956,201,890
293,294,956,201,1185,295,890
293,294,1152,201,890
293,294,1152,201,1185,295,890
293,294,1185,201,890
293,294,1185,295,890
293,201,890
293,201,1185,295,890
293,295,890
293,294,956
293,294,1152,201,956
293,294,1185,201,956
293,201,956
293,295,890,294,956
293,295,890,294,1152,201,956
293,295,890,201,956
293,295,1185,294,956
293,295,1185,294,1152,201,956
293,295,1185,201,956
293,294,1152
293,294,1185,201,1152
293,201,1152
293,295,890,294,1152
293,295,890,201,1152
293,295,1185,294,1152
293,295,1185,201,1152
293,294,1185
293,201,1185
293,295,1185
294,293,201
294,293,295,890,201
294,293,295,1185,201
294,890,201
294,890,295,1185,201
294,956,201
294,1152,201
294,1185,201
294,293,295
294,890,295
294,956,201,293,295
294,956,201,890,295
294,956,201,1185,295
294,1152,201,293,295
294,1152,201,890,295
294,1152,201,1185,295
294,1185,295
294,890
294,956,201,890
294,956,201,1185,295,890
294,1152,201,890
294,1152,201,1185,295,890
294,1185,201,890
294,1185,295,890
294,956
294,1152,201,956
294,1185,201,956
294,1152
294,1185,201,1152
294,1185
201,293,295
201,890,295
201,1185,295
201,890
201,1185,295,890
201,956
201,1152
201,1185
295,890
295,293,294,956
295,293,294,1152,201,956
295,293,201,956
295,890,294,956
295,890,294,1152,201,956
295,890,201,956
295,1185,294,956
295,1185,294,1152,201,956
295,1185,201,956
295,293,294,1152
295,293,201,1152
295,890,294,1152
295,890,201,1152
295,1185,294,1152
295,1185,201,1152
295,1185
302,155,153,154,336
302,155,483
302,155,483,399
302,155,483,399,530
302,155,1240
302,155,483,399,1279
32,167,162,163,597
32,167,162,164,460
32,167,162,166,758
32,167,162,168,432
317,318
317,319
318,317,319
320,321
320,130
320,321,1083
321,320,130
321,1083
130,320,321,1083
322,323
325,119
332,146
336,154,153,155,483
336,154,153,155,483,399
336,154,153,155,483,399,530
336,154,153,155,1240
336,154,153,155,483,399,1279
338,117,612
338,117,829
338,117,1196
338,117,1271
338,117,1306
342,343
372,373
372,373,983
373,983
374,375
377,290,738
384,385
384,26
384,385,556
384,385,556,557
384,385,615
384,385,615,409
384,385,910
384,385,910,870
384,385,1146
384,385,1146,1006
384,385,1218
384,385,1218,273
385,384,26
385,556
385,556,557
385,615
385,615,409
385,910
385,910,870
385,1146
385,1146,1006
385,1218
385,1218,273
26,384,385,556
26,384,385,556,557
26,384,385,615
26,384,385,615,409
26,384,385,910
26,384,385,910,870
26,384,385,1146
26,384,385,1146,1006
26,384,385,1218
26,384,385,1218,273
390,391
390,391,1112
390,391,1112,1087
391,1112
391,1112,1087
394,43
394,395
394,396
394,397
394,398
394,1213
394,1213,812
394,1213,845
394,1213,233
394,1213,1214
43,394,395
43,394,396
43,394,397
43,394,398
43,394,1213
43,394,1213,812
43,394,1213,845
43,394,1213,233
43,394,1213,1214
395,394,396
395,394,397
395,394,398
395,394,1213
395,394,1213,812
395,394,1213,845
395,394,1213,233
395,394,1213,1214
396,394,397
396,394,398
396,394,1213
396,394,1213,812
396,394,1213,845
396,394,1213,233
396,394,1213,1214
397,394,398
397,394,1213
397,394,1213,812
397,394,1213,845
397,394,1213,233
397,394,1213,1214
398,394,1213
398,394,1213,812
398,394,1213,845
398,394,1213,233
398,394,1213,1214
411,412
431,369
442,39
442,39,1373
39,1373
464,465
464,423
465,464,423
483,399
483,399,530
483,155,1240
483,399,1279
399,530
399,483,155,1240
399,1279
486,487
486,488,1166,199,487
486,488,1166,701,487
486,488,1250,199,1166,701,487
486,488,1250,199,487
486,488
486,489
486,490
486,491
486,492
486,487,199,1166,488,625
486,487,199,1250,488,625
486,487,701,1166,199,1250,488,625
486,487,701,1166,488,625
486,488,625
486,487,199,1166
486,487,199,1250,488,1166
486,487,701,1166
486,488,1166
486,488,1250,199,1166
486,487,199
486,487,701,1166,199
486,488,1166,199
486,488,1166,701,487,199
486,488,1250,199
486,487,701
486,488,1166,701
486,488,1250,199,1166,701
486,488,1250,199,487,701
486,487,199,1250
486,487,701,1166,199,1250
486,487,701,1166,488,1250
486,488,1250
486,487,199,1166,488,1352
486,487,199,1250,488,1352
486,487,701,1166,199,1250,488,1352
486,487,701,1166,488,1352
486,488,1352
487,486,488
487,199,1166,488
487,199,1250,488
487,701,1166,199,1250,488
487,701,1166,488
487,486,489
487,199,1166,488,486,489
487,199,1250,488,486,489
487,701,1166,199,1250,488,486,489
487,701,1166,488,486,489
487,486,490
487,199,1166,488,486,490
487,199,1250,488,486,490
487,701,1166,199,1250,488,486,490
487,701,1166,488,486,490
487,486,491
487,199,1166,488,486,491
487,199,1250,488,486,491
487,701,1166,199,1250,488,486,491
487,701,1166,488,486,491
487,486,492
487,199,1166,488,486,492
487,199,1250,488,486,492
487,701,1166,199,1250,488,486,492
487,701,1166,488,486,492
487,486,488,625
487,199,1166,488,625
487,199,1250,488,625
487,701,1166,199,1250,488,625
487,701,1166,488,625
487,486,488,1166
487,199,1166
487,199,1250,488,1166
487,701,1166
487,199
487,701,1166,199
487,701
487,486,488,1250
487,199,1250
487,701,1166,199,1250
487,701,1166,488,1250
487,486,488,1352
487,199,1166,488,1352
487,199,1250,488,1352
487,701,1166,199,1250,488,1352
487,701,1166,488,1352
488,486,489
488,486,490
488,486,491
488,486,492
488,625
488,1166
488,1250,199,1166
488,486,487,199
488,1166,199
488,1166,701,487,199
488,1250,199
488,486,487,701
488,1166,701
488,1250,199,1166,701
488,1250,199,487,701
488,1250
488,1352
489,486,490
489,486,491
489,486,492
489,486,487,199,1166,488,625
489,486,487,199,1250,488,625
489,486,487,701,1166,199,1250,488,625
489,486,487,701,1166,488,625
489,486,488,625
489,486,487,199,1166
489,486,487,199,1250,488,1166
489,486,487,701,1166
489,486,488,1166
489,486,488,1250,199,1166
489,486,487,199
489,486,487,701,1166,199
489,486,488,1166,199
489,486,488,1166,701,487,199
489,486,488,1250,199
489,486,487,701
489,486,488,1166,701
489,486,488,1250,199,1166,701
489,486,488,1250,199,487,701
489,486,487,199,1250
489,486,487,701,1166,199,1250
489,486,487,701,1166,488,1250
489,486,488,1250
489,486,487,199,1166,488,1352
489,486,487,199,1250,488,1352
489,486,487,701,1166,199,1250,488,1352
489,486,487,701,1166,488,1352
489,486,488,1352
490,486,491
490,486,492
490,486,487,199,1166,488,625
490,486,487,199,1250,488,625
490,486,487,701,1166,199,1250,488,625
490,486,487,701,1166,488,625
490,486,488,625
490,486,487,199,1166
490,486,487,199,1250,488,1166
490,486,487,701,1166
490,486,488,1166
490,486,488,1250,199,1166
490,486,487,199
490,486,487,701,1166,199
490,486,488,1166,199
490,486,488,1166,701,487,199
490,486,488,1250,199
490,486,487,701
490,486,488,1166,701
490,486,488,1250,199,1166,701
490,486,488,1250,199,487,701
490,486,487,199,1250
490,486,487,701,1166,199,1250
490,486,487,701,1166,488,1250
490,486,488,1250
490,486,487,199,1166,488,1352
490,486,487,199,1250,488,1352
490,486,487,701,1166,199,1250,488,1352
490,486,487,701,1166,488,1352
490,486,488,1352
491,486,492
491,486,487,199,1166,488,625
491,486,487,199,1250,488,625
491,486,487,701,1166,199,1250,488,625
491,486,487,701,1166,488,625
491,486,488,625
491,486,487,199,1166
491,486,487,199,1250,488,1166
491,486,487,701,1166
491,486,488,1166
491,486,488,1250,199,1166
491,486,487,199
491,486,487,701,1166,199
491,486,488,1166,199
491,486,488,1166,701,487,199
491,486,488,1250,199
491,486,487,701
491,486,488,1166,701
491,486,488,1250,199,1166,701
491,486,488,1250,199,487,701
491,486,487,199,1250
491,486,487,701,1166,199,1250
491,486,487,701,1166,488,1250
491,486,488,1250
491,486,487,199,1166,488,1352
491,486,487,199,1250,488,1352
491,486,487,701,1166,199,1250,488,1352
491,486,487,701,1166,488,1352
491,486,488,1352
492,486,487,199,1166,488,625
492,486,487,199,1250,488,625
492,486,487,701,1166,199,1250,488,625
492,486,487,701,1166,488,625
492,486,488,625
492,486,487,199,1166
492,486,487,199,1250,488,1166
492,486,487,701,1166
492,486,488,1166
492,486,488,1250,199,1166
492,486,487,199
492,486,487,701,1166,199
492,486,488,1166,199
492,486,488,1166,701,487,199
492,486,488,1250,199
492,486,487,701
492,486,488,1166,701
492,486,488,1250,199,1166,701
492,486,488,1250,199,487,701
492,486,487,199,1250
492,486,487,701,1166,199,1250
492,486,487,701,1166,488,1250
492,486,488,1250
492,486,487,199,1166,488,1352
492,486,487,199,1250,488,1352
492,486,487,701,1166,199,1250,488,1352
492,486,487,701,1166,488,1352
492,486,488,1352
510,511
518,519
528,38,721
528,38,840
528,38,1153
528,38,1205
528,38,1327
528,38,1341
530,399,483,155,1240
530,399,1279
536,537
540,945
556,557
556,385,615
556,385,615,409
556,385,910
556,385,910,870
556,385,1146
556,385,1146,1006
556,385,1218
556,385,1218,273
557,556,385,615
557,556,385,615,409
557,556,385,910
557,556,385,910,870
557,556,385,1146
557,556,385,1146,1006
557,556,385,1218
557,556,385,1218,273
565,246
568,569
568,569,581
568,569,581,655
569,581
569,581,655
570,571
570,571,637
571,637
572,544
576,55
581,655
599,144,696
599,144,696,697
599,144,1276
599,144,1276,446
599,144,1276,1277
612,117,829
612,117,1196
612,117,1271
612,117,1306
615,409
615,385,910
615,385,910,870
615,385,1146
615,385,1146,1006
615,385,1218
615,385,1218,273
409,615,385,910
409,615,385,910,870
409,615,385,1146
409,615,385,1146,1006
409,615,385,1218
409,615,385,1218,273
616,11
616,617,660,11
616,618,660,11
616,619,660,11
616,619,661,659,660,11
616,659,660,11
616,617
616,618,660,617
616,619,660,617
616,619,661,659,660,617
616,659,660,617
616,618
616,619,660,618
616,619,661,659,660,618
616,659,660,618
616,619
616,659,660,619
616,659,661,619
616,659
616,11,660
616,617,660
616,618,660
616,619,660
616,619,661,659,660
616,659,660
616,11,660,659,661
616,11,660,619,661
616,617,660,659,661
616,617,660,619,661
616,618,660,659,661
616,618,660,619,661
616,619,661
616,659,661
616,11,660,659,661,619,916
616,11,660,619,916
616,617,660,659,661,619,916
616,617,660,619,916
616,618,660,659,661,619,916
616,618,660,619,916
616,619,916
616,659,660,619,916
616,659,661,619,916
11,616,617
11,616,618,660,617
11,616,619,660,617
11,616,619,661,659,660,617
11,616,659,660,617
11,660,617
11,616,618
11,616,619,660,618
11,616,619,661,659,660,618
11,616,659,660,618
11,660,618
11,616,619
11,616,659,660,619
11,616,659,661,619
11,660,659,661,619
11,660,619
11,616,659
11,660,659
11,660
11,616,617,660,659,661
11,616,617,660,619,661
11,616,618,660,659,661
11,616,618,660,619,661
11,616,619,661
11,616,659,661
11,660,659,661
11,660,619,661
11,616,617,660,659,661,619,916
11,616,617,660,619,916
11,616,618,660,659,661,619,916
11,616,618,660,619,916
11,616,619,916
11,616,659,660,619,916
11,616,659,661,619,916
11,660,659,661,619,916
11,660,619,916
617,616,618
617,616,619,660,618
617,616,619,661,659,660,618
617,616,659,660,618
617,660,618
617,616,619
617,616,659,660,619
617,616,659,661,619
617,660,659,661,619
617,660,619
617,616,659
617,660,659
617,660
617,616,618,660,659,661
617,616,618,660,619,661
617,616,619,661
617,616,659,661
617,660,659,661
617,660,619,661
617,616,618,660,659,661,619,916
617,616,618,660,619,916
617,616,619,916
617,616,659,660,619,916
617,616,659,661,619,916
617,660,659,661,619,916
617,660,619,916
618,616,619
618,616,659,660,619
618,616,659,661,619
618,660,659,661,619
618,660,619
618,616,659
618,660,659
618,660
618,616,619,661
618,616,659,661
618,660,659,661
618,660,619,661
618,616,619,916
618,616,659,660,619,916
618,616,659,661,619,916
618,660,659,661,619,916
618,660,619,916
619,616,659
619,660,659
619,661,659
619,660
619,661,659,660
619,661
619,916
625,488,1166
625,488,1250,199,1166
625,488,486,487,199
625,488,486,487,701,1166,199
625,488,1166,199
625,488,1166,701,487,199
625,488,1250,199
625,488,486,487,701
625,488,1166,701
625,488,1250,199,1166,701
625,488,1250,199,487,701
625,488,1250
625,488,1352
638,68
638,1209
638,1209,907
638,1209,691
68,638,1209
68,638,1209,907
68,638,1209,691
641,642
641,642,832
642,832
643,185
643,185,900
643,185,920
185,900
185,920
646,647
659,660
659,661
659,660,619,916
659,616,619,916
659,661,619,916
660,659,661
660,619,661
660,659,661,619,916
660,619,916
661,619,916
680,681
683,684
683,684,225
684,225
696,697
696,144,1276
696,144,1276,446
696,144,1276,1277
697,696,144,1276
697,696,144,1276,446
697,696,144,1276,1277
710,711
710,711,976
710,711,1151
710,711,1274
711,976
711,1151
711,1274
721,38,840
721,38,1153
721,38,1205
721,38,1327
721,38,1341
734,85,759
743,744
748,749
748,749,1170
748,749,364
749,1170
749,364
766,767
766,768
766,767,831
767,766,768
767,831
768,766,767,831
597,163,162,164,460
597,163,162,166,758
597,163,162,168,432
803,800
827,424
829,117,1196
829,117,1271
829,117,1306
835,103
835,393
103,835,393
840,38,1153
840,38,1205
840,38,1327
840,38,1341
841,837
841,842,887,837
841,842
841,837,887
841,842,887
837,841,842
837,887,842
837,887
842,887
844,110
460,164,162,166,758
460,164,162,168,432
848,849
848,849,1246
849,1246
850,851
861,862
890,294,956
890,294,1152,201,956
890,294,1185,201,956
890,201,956
890,295,1185,294,956
890,295,1185,294,1152,201,956
890,295,1185,201,956
890,294,1152
890,294,1185,201,1152
890,201,1152
890,295,1185,294,1152
890,295,1185,201,1152
890,294,1185
890,201,1185
890,295,1185
899,50
899,50,1203
50,1203
900,185,920
910,870
910,385,1146
910,385,1146,1006
910,385,1218
910,385,1218,273
870,910,385,1146
870,910,385,1146,1006
870,910,385,1218
870,910,385,1218,273
921,427
928,929
930,586
932,933
932,934
932,16
932,365
932,623
932,752
932,935
932,786
932,936
933,932,934
933,932,16
933,932,365
933,932,623
933,932,752
933,932,935
933,932,786
933,932,936
934,932,16
934,932,365
934,932,623
934,932,752
934,932,935
934,932,786
934,932,936
16,932,365
16,932,623
16,932,752
16,932,935
16,932,786
16,932,936
365,932,623
365,932,752
365,932,935
365,932,786
365,932,936
623,932,752
623,932,935
623,932,786
623,932,936
752,932,935
752,932,786
752,932,936
935,932,786
935,932,936
786,932,936
942,943
956,294,1152
956,294,1185,201,1152
956,201,1152
956,294,1185
956,201,1185
960,918
960,477
960,961
960,961,975
960,961,975,143
960,961,975,622
918,960,477
918,960,961
918,960,961,975
918,960,961,975,143
918,960,961,975,622
477,960,961
477,960,961,975
477,960,961,975,143
477,960,961,975,622
961,975
961,975,143
961,975,622
965,48
965,48,1286
48,1286
973,974
975,143
975,622
143,975,622
976,711,1151
976,711,1274
978,189
992,564
1016,610
1016,610,1105
610,1105
1036,591
1041,1042
1045,1046
1048,1049
1051,1052
1054,807
1054,613
807,1054,613
1074,61
1112,1087
1113,801
1128,1129
1132,90
1132,1337
90,1132,1337
1134,1059
1139,1182
1146,1006
1146,385,1218
1146,385,1218,273
1006,1146,385,1218
1006,1146,385,1218,273
1151,711,1274
1152,294,1185
1152,201,1185
1153,38,1205
1153,38,1327
1153,38,1341
1159,1021
1163,107
1166,199
1166,701
1166,199,1250
1166,488,1250
1166,199,1250,488,1352
1166,488,1352
199,1166,701
199,487,701
199,1250
199,1166,701,487,486,488,1352
199,1166,488,1352
199,1250,488,1352
199,487,486,488,1352
199,487,701,1166,488,1352
701,1166,199,1250
701,1166,488,1250
701,487,486,488,1250
701,487,199,1250
701,1166,199,1250,488,1352
701,1166,488,1352
701,487,486,488,1352
701,487,199,1250,488,1352
1168,730
1170,749,364
1173,1148
758,166,162,168,432
1188,669
1192,527
1196,117,1271
1196,117,1306
1205,38,1327
1205,38,1341
1209,907
1209,691
907,1209,691
1213,812
1213,845
1213,233
1213,1214
812,1213,845
812,1213,233
812,1213,1214
845,1213,233
845,1213,1214
233,1213,1214
1216,485
1216,860
1216,1342
485,1216,860
485,1216,1342
860,1216,1342
1218,273
1240,155,483,399,1279
1247,484
1250,488,1352
1251,46
1265,1266
1270,526
1271,117,1306
1276,446
1276,1277
446,1276,1277
1320,311
1326,1080
1327,38,1341
1362,1064
1363,156
1369,542
1371,514
1376,388
1379,791
