[295, 296]
[131, 53, 54]
[268, 65, 66, 200, 129, 67]
[300, 301]
[268, 65, 66, 67, 68]
[91, 138, 225]
[138, 225]
[166, 91, 138, 147]
[237, 149]
[111, 1]
[335, 11]
[69, 211]
[173, 83]
[301, 107, 158]
[215, 189, 17, 43]
[268, 65, 66, 129, 130]
[96, 4, 52]
[87, 271]
[117, 118]
[52, 4, 16, 162]
[91, 138, 214]
[231, 62, 287]
[138, 214]
[8, 4, 5]
[8, 9, 4, 16, 162]
[147, 103, 129, 130]
[89, 90]
[169, 79, 78, 219]
[46, 47]
[65, 66, 157]
[65, 66, 363]
[263, 162]
[122, 123]
[128, 78]
[231, 62, 2, 3]
[216, 227]
[4, 16]
[78, 79]
[21, 29, 30]
[37, 234]
[147, 103, 129, 67, 68]
[189, 17, 260, 261]
[52, 4]
[69, 70]
[189, 17, 260, 273]
[143, 144]
[166, 91, 138]
[138, 19]
[169, 79]
[65, 66, 67, 68]
[190, 72]
[215, 189]
[147, 319]
[259, 65, 66, 200, 129, 67, 68]
[36, 17, 80]
[268, 65, 66, 200, 129, 68]
[29, 201]
[228, 199]
[84, 4]
[33, 98]
[240, 241]
[305, 306]
[96, 4, 162]
[140, 72]
[232, 233]
[74, 75]
[66, 67, 286]
[156, 83]
[66, 67]
[259, 231, 62, 316]
[17, 58]
[111, 199]
[215, 189, 17, 58]
[190, 72, 86]
[327, 270]
[272, 7]
[96, 58]
[215, 189, 17, 51]
[92, 1]
[138, 147, 103, 129]
[268, 62, 2, 3]
[268, 65, 66, 363]
[26, 270]
[84, 102, 7]
[360, 361]
[17, 260, 273]
[17, 260, 261]
[278, 5]
[21, 22]
[282, 160]
[213, 343]
[254, 203]
[307, 4, 162]
[255, 83, 51]
[83, 51]
[62, 330]
[259, 231, 62, 2, 245]
[138, 147, 103, 104]
[42, 43, 7]
[366, 367]
[171, 4, 5]
[2, 3]
[138, 147, 103, 129, 67, 68]
[36, 4, 16]
[71, 53]
[128, 78, 79]
[189, 4, 16]
[210, 23]
[87, 88]
[21, 242]
[352, 79]
[128, 78, 219]
[21, 172, 30]
[195, 229]
[218, 142]
[138, 147, 103]
[180, 181]
[259, 65, 66]
[65, 66, 157, 158]
[141, 142]
[29, 30]
[178, 132, 133]
[190, 53]
[42, 43]
[266, 267]
[62, 2, 245]
[84, 4, 16]
[69, 134, 304]
[84, 194]
[134, 304]
[66, 129, 67]
[282, 283]
[91, 138]
[91, 138, 147, 103]
[91, 138, 147, 103, 129, 67]
[124, 194]
[154, 28]
[268, 62, 316]
[82, 99]
[129, 130]
[215, 189, 4]
[71, 72, 86]
[36, 4, 5]
[9, 4, 16]
[148, 149]
[37, 158]
[231, 62, 330]
[31, 197]
[66, 157]
[91, 138, 147]
[66, 363]
[164, 165]
[238, 72, 86]
[268, 62, 2]
[268, 65, 66, 157]
[66, 129, 68]
[303, 304]
[255, 43]
[297, 298]
[342, 321]
[217, 43]
[124, 4, 52]
[25, 26, 270]
[67, 68]
[259, 65, 66, 157, 158]
[184, 53, 54]
[91, 138, 147, 103, 129, 68]
[215, 189, 4, 162]
[132, 133]
[346, 213, 343]
[91, 138, 19]
[140, 53, 54]
[189, 17, 80]
[268, 65, 66, 200, 129]
[65, 66]
[36, 17, 18]
[36, 4, 162]
[66, 200, 129, 68]
[63, 64]
[166, 91, 138, 147, 103, 129, 68]
[31, 24]
[65, 66, 200, 129, 67, 68]
[65, 66, 200, 129]
[171, 4, 162]
[17, 162]
[174, 188]
[338, 137]
[129, 67, 68]
[204, 11]
[221, 222]
[170, 102]
[36, 4, 52]
[322, 11]
[53, 54]
[84, 109]
[66, 200, 129, 67, 286]
[268, 65, 66, 200, 104]
[370, 213, 343]
[55, 56]
[147, 103, 129, 200]
[259, 65, 66, 200, 129]
[339, 340]
[66, 200, 129, 67]
[157, 158]
[129, 68]
[216, 133]
[259, 65, 66, 129, 200]
[166, 91, 287]
[307, 4]
[115, 116]
[17, 260]
[103, 129, 200, 104]
[106, 107, 158]
[17, 284]
[268, 62, 2, 245]
[131, 72]
[178, 132]
[262, 56]
[111, 101]
[174, 250]
[124, 4, 16]
[268, 65, 66, 191]
[97, 5]
[147, 105]
[215, 189, 4, 16, 162]
[189, 58]
[348, 162]
[300, 301, 107]
[182, 183]
[208, 209]
[177, 11]
[103, 104]
[166, 91, 138, 214]
[46, 47, 12]
[10, 11]
[66, 191]
[178, 179]
[17, 293]
[8, 9, 4, 16]
[129, 200, 104]
[138, 147, 103, 129, 68]
[268, 65, 66, 67]
[103, 129, 68]
[259, 65, 66, 200, 129, 67, 286]
[365, 13]
[17, 51]
[119, 120]
[138, 147, 103, 129, 200]
[103, 129, 200]
[49, 73]
[186, 187]
[66, 200, 129, 67, 68]
[65, 66, 129, 200]
[16, 162]
[25, 26]
[166, 91, 138, 147, 103, 129, 67]
[212, 213]
[166, 91, 138, 225]
[73, 41]
[92, 116]
[21, 29]
[0, 1]
[279, 54]
[106, 107, 245]
[215, 189, 17, 18]
[91, 105]
[138, 147, 103, 129, 67]
[65, 66, 67, 286]
[106, 107]
[170, 102, 7]
[63, 350]
[174, 175]
[184, 72]
[91, 20]
[112, 113]
[259, 231, 62, 298]
[8, 9, 4, 162]
[189, 17, 162]
[192, 193]
[215, 189, 17]
[62, 298]
[79, 78, 219]
[23, 24]
[290, 11]
[21, 172]
[271, 227]
[131, 53]
[189, 17, 284]
[91, 138, 19, 20]
[189, 17, 260]
[96, 171, 4]
[103, 129, 67, 286]
[114, 24]
[8, 4, 162]
[111, 116]
[166, 91, 95]
[117, 118, 320]
[277, 49, 73]
[8, 4]
[206, 313]
[268, 62, 330]
[100, 229]
[147, 103, 129, 67, 286]
[103, 129]
[167, 168]
[186, 294]
[215, 189, 4, 16]
[215, 189, 17, 260, 273]
[215, 189, 17, 260, 261]
[65, 66, 200, 129, 68]
[69, 134, 135]
[78, 219]
[66, 129, 67, 286]
[81, 11]
[103, 129, 67]
[259, 65, 66, 67, 286]
[314, 315]
[212, 213, 343]
[259, 65, 66, 200, 104]
[285, 286]
[171, 4, 52]
[206, 207]
[103, 129, 67, 68]
[237, 151]
[268, 65, 66, 129, 200]
[84, 328]
[42, 83]
[121, 41]
[124, 4, 16, 162]
[173, 83, 51]
[50, 51]
[166, 91, 138, 19]
[69, 134, 332]
[231, 62, 316]
[280, 56]
[264, 265, 324]
[9, 4]
[17, 43]
[265, 324]
[108, 246]
[108, 258]
[274, 149]
[40, 41]
[347, 77]
[9, 4, 5]
[66, 129, 67, 68]
[62, 287]
[108, 51]
[259, 65, 66, 200, 129, 68]
[345, 11]
[65, 66, 200, 104]
[138, 147, 103, 129, 200, 104]
[259, 65, 66, 200, 129, 67]
[259, 65, 66, 67]
[323, 324]
[200, 129, 67, 286]
[4, 16, 162]
[189, 17, 293]
[279, 86]
[131, 72, 86]
[259, 65]
[66, 129, 130]
[66, 200, 129, 130]
[178, 179, 227]
[96, 4]
[268, 65, 66, 200, 129, 67, 68]
[84, 4, 162]
[259, 65, 66, 191]
[326, 90]
[42, 83, 51]
[231, 62, 2, 245]
[111, 229]
[103, 129, 130]
[166, 91]
[364, 144]
[8, 9]
[189, 4, 52]
[9, 4, 16, 162]
[172, 30]
[259, 65, 66, 129, 130]
[65, 66, 129, 130]
[252, 256]
[36, 17, 58]
[46, 47, 12, 13]
[171, 4]
[63, 369]
[91, 138, 147, 319]
[147, 103, 129]
[124, 4, 5]
[184, 53]
[268, 65]
[352, 79, 78]
[52, 4, 5]
[48, 49]
[155, 5]
[17, 80]
[259, 231, 62, 2, 3]
[8, 4, 16]
[85, 45]
[166, 91, 138, 20]
[189, 17]
[60, 61]
[215, 189, 4, 52]
[268, 65, 66, 200, 129, 130]
[107, 245]
[291, 292]
[65, 66, 129, 67, 286]
[91, 138, 147, 103, 129, 67, 286]
[372, 373]
[166, 91, 138, 147, 103, 129, 130]
[362, 113]
[166, 91, 138, 147, 319]
[21, 29, 201]
[228, 229]
[84, 4, 52]
[182, 183, 302]
[138, 147, 319]
[65, 66, 200, 129, 130]
[72, 86]
[84, 246]
[231, 62]
[205, 6]
[237, 151, 349]
[268, 65, 66, 129, 67, 68]
[39, 11]
[67, 286]
[166, 358]
[36, 17, 43, 7]
[91, 138, 147, 103, 129]
[124, 4]
[138, 147, 103, 129, 130]
[36, 17]
[346, 213]
[96, 171, 4, 16]
[223, 224]
[65, 66, 200, 129, 67]
[176, 35]
[300, 301, 107, 158]
[189, 17, 51]
[96, 171, 4, 5]
[87, 88, 133]
[159, 160]
[65, 66, 191]
[107, 158]
[259, 231, 62, 287]
[22, 198]
[91, 138, 147, 103, 104]
[259, 65, 66, 129, 67, 286]
[76, 77]
[259, 65, 66, 200, 129, 130]
[17, 351]
[84, 220]
[333, 334]
[33, 5]
[134, 135]
[147, 103, 104]
[215, 189, 4, 5]
[126, 127]
[268, 62]
[151, 349]
[277, 49, 73, 41]
[147, 103]
[215, 189, 17, 351]
[62, 2, 3]
[318, 241]
[17, 43, 7]
[166, 91, 138, 225, 325]
[275, 276]
[331, 79, 78]
[93, 72]
[331, 79, 78, 219]
[307, 4, 52]
[259, 65, 66, 129]
[31, 32]
[269, 188]
[166, 91, 138, 147, 103, 129, 67, 68]
[189, 162]
[166, 91, 138, 147, 103, 129]
[277, 49]
[150, 151]
[300, 301, 107, 245]
[36, 17, 284]
[96, 4, 16]
[159, 283]
[47, 12, 13]
[312, 11]
[36, 17, 260]
[12, 13]
[268, 65, 66, 129, 67]
[228, 101]
[238, 72]
[114, 99]
[262, 281]
[166, 91, 138, 19, 20]
[166, 91, 138, 147, 103, 129, 200, 104]
[259, 231, 62, 330]
[91, 138, 147, 103, 129, 200, 104]
[189, 17, 58]
[36, 17, 43]
[166, 91, 138, 147, 103, 104]
[259, 65, 66, 67, 68]
[126, 230]
[259, 231, 62, 2]
[97, 98]
[8, 4, 16, 162]
[189, 4, 162]
[36, 17, 162]
[166, 91, 20]
[185, 11]
[195, 199]
[268, 65, 66]
[91, 138, 225, 325]
[166, 91, 138, 225, 226]
[268, 65, 66, 129, 68]
[118, 320]
[93, 72, 86]
[268, 62, 298]
[307, 4, 16, 162]
[8, 9, 4, 52]
[108, 328]
[129, 67]
[210, 23, 24]
[259, 65, 66, 129, 67, 68]
[36, 4, 16, 162]
[100, 101]
[19, 20]
[189, 17, 351]
[317, 28]
[65, 66, 129, 67]
[139, 116]
[150, 151, 349]
[259, 231]
[225, 226]
[217, 83, 51]
[138, 147, 103, 129, 67, 286]
[189, 17, 43]
[4, 52]
[84, 102]
[66, 129, 200]
[268, 65, 66, 157, 158]
[138, 20]
[215, 189, 58]
[102, 7]
[268, 62, 287]
[37, 285, 286]
[92, 86]
[108, 109]
[91, 138, 147, 103, 129, 130]
[202, 203]
[236, 123]
[190, 53, 54]
[215, 189, 162]
[169, 79, 78]
[156, 83, 51]
[63, 257]
[65, 66, 129, 68]
[370, 213]
[124, 125]
[138, 225, 325]
[65, 66, 129, 200, 104]
[94, 5]
[8, 9, 4]
[36, 17, 293]
[96, 171, 4, 16, 162]
[138, 147, 105]
[57, 58]
[71, 72]
[307, 4, 16]
[91, 138, 225, 226]
[2, 245]
[196, 11]
[259, 65, 66, 129, 67]
[79, 78]
[140, 53]
[8, 9, 4, 5]
[173, 43, 7]
[341, 209]
[88, 133]
[65, 66, 104]
[200, 129]
[225, 325]
[307, 4, 5]
[234, 235]
[91, 138, 147, 105]
[147, 103, 129, 67]
[173, 43]
[66, 129, 200, 104]
[268, 65, 66, 200, 129, 67, 286]
[189, 4, 16, 162]
[288, 54]
[200, 129, 67]
[217, 43, 7]
[66, 200]
[259, 65, 66, 129, 68]
[305, 344]
[336, 337]
[251, 252]
[268, 65, 66, 67, 286]
[47, 12]
[96, 4, 5]
[238, 239]
[268, 65, 66, 200]
[36, 17, 51]
[65, 66, 129]
[37, 234, 235]
[166, 91, 138, 147, 105]
[138, 225, 226]
[37, 38]
[189, 17, 43, 7]
[215, 189, 17, 260]
[145, 146]
[215, 189, 17, 284]
[200, 129, 130]
[200, 129, 68]
[310, 311]
[65, 66, 67]
[249, 250]
[247, 248]
[171, 4, 16]
[309, 175]
[52, 4, 16]
[255, 43, 7]
[37, 285]
[96, 4, 16, 162]
[243, 244]
[264, 265]
[27, 28]
[66, 200, 104]
[9, 4, 52]
[280, 281]
[36, 58]
[48, 49, 73]
[6, 7]
[232, 70]
[65, 66, 129, 67, 68]
[260, 261]
[62, 2]
[66, 67, 68]
[260, 273]
[23, 99]
[183, 368]
[259, 65, 66, 104]
[66, 157, 158]
[92, 54]
[308, 75]
[71, 53, 54]
[17, 18]
[259, 65, 66, 200]
[65, 66, 200, 129, 67, 286]
[110, 11]
[189, 4, 5]
[166, 91, 138, 147, 103, 129, 67, 286]
[200, 104]
[36, 17, 260, 273]
[184, 72, 86]
[84, 4, 16, 162]
[353, 354]
[289, 5]
[36, 17, 260, 261]
[166, 91, 138, 147, 103]
[254, 113]
[147, 103, 129, 68]
[195, 101]
[4, 162]
[147, 103, 129, 200, 104]
[91, 138, 147, 103, 129, 67, 68]
[352, 79, 78, 219]
[84, 51]
[152, 153]
[253, 20]
[329, 181]
[100, 199]
[205, 6, 7]
[14, 15]
[171, 4, 16, 162]
[179, 227]
[21, 201]
[69, 134]
[268, 65, 66, 129, 67, 286]
[215, 189, 17, 293]
[91, 95]
[87, 271, 227]
[200, 129, 67, 68]
[141, 321]
[288, 86]
[301, 107]
[215, 189, 17, 80]
[183, 302]
[91, 138, 20]
[8, 4, 52]
[215, 189, 17, 43, 7]
[140, 72, 86]
[96, 171, 4, 162]
[155, 51]
[189, 17, 18]
[259, 65, 66, 157]
[259, 65, 66, 363]
[189, 4]
[357, 113]
[66, 200, 129]
[52, 4, 162]
[91, 138, 147, 103, 129, 200]
[161, 162]
[91, 287]
[66, 104]
[371, 51]
[186, 236, 123]
[9, 4, 162]
[82, 24]
[124, 4, 162]
[231, 62, 298]
[49, 73, 41]
[44, 45]
[4, 5]
[129, 67, 286]
[259, 65, 66, 129, 200, 104]
[134, 332]
[259, 231, 62]
[166, 91, 138, 147, 103, 129, 200]
[21, 22, 198]
[163, 56]
[268, 65, 66, 104]
[251, 252, 256]
[331, 79]
[36, 17, 351]
[96, 171, 4, 52]
[59, 13]
[215, 189, 17, 162]
[301, 107, 245]
[43, 7]
[355, 356]
[138, 147]
[217, 83]
[136, 137]
[231, 62, 2]
[66, 129]
[186, 236]
[96, 171]
[62, 316]
[84, 4, 5]
[34, 35]
[36, 162]
[210, 23, 99]
[166, 91, 105]
[36, 4]
[31, 99]
[255, 83]
[268, 65, 66, 129]
[268, 65, 66, 129, 200, 104]
[182, 183, 368]
[138, 19, 20]
[289, 359]
[299, 28]
[48, 49, 73, 41]
[129, 200]
[65, 66, 200]
