12,13
32,33
32,33,79
32,33,82
32,33,492
32,33,683
32,33,791
32,33,1079
32,33,1124
32,33,1238
32,33,1247
33,79
33,82
33,492
33,683
33,791
33,1079
33,1124
33,1238
33,1247
46,47
46,48
46,1009
47,46,48
47,46,1009
48,46,1009
52,53
64,65
64,1234
64,1234,433
65,64,1234
65,64,1234,433
67,68
67,69,146,68
67,69,146,70,438,68
67,69,328,68
67,69,438,68
67,69,607,68
67,70,146,68
67,70,146,69,328,68
67,70,146,69,607,68
67,70,438,68
67,70,438,69,328,68
67,70,438,69,607,68
67,69
67,70,146,69
67,70,438,69
67,70
67,68,146
67,68,328,69,146
67,68,328,69,438,70,146
67,68,438,69,146
67,68,438,70,146
67,68,607,69,146
67,68,607,69,438,70,146
67,69,146
67,69,438,70,146
67,70,146
67,68,328
67,68,438,69,328
67,68,607,69,328
67,69,328
67,70,146,68,328
67,70,146,68,607,69,328
67,70,146,69,328
67,70,438,68,328
67,70,438,68,607,69,328
67,70,438,69,328
67,68,438
67,68,607,69,438
67,69,438
67,70,438
67,68,607
67,69,607
67,70,146,68,607
67,70,146,69,607
67,70,438,68,607
67,70,438,69,607
68,67,69
68,67,70,146,69
68,67,70,438,69
68,146,69
68,146,70,438,69
68,328,69
68,438,69
68,607,69
68,67,70
68,146,70
68,328,69,67,70
68,328,69,146,70
68,328,69,438,70
68,438,70
68,607,69,67,70
68,607,69,146,70
68,607,69,438,70
68,146
68,328,69,146
68,328,69,438,70,146
68,438,69,146
68,438,70,146
68,607,69,146
68,607,69,438,70,146
68,328
68,438,69,328
68,607,69,328
68,438
68,607,69,438
68,607
69,67,70
69,146,70
69,438,70
69,146
69,438,70,146
69,328
69,438
69,607
70,146
70,67,68,328
70,67,68,607,69,328
70,67,69,328
70,146,68,328
70,146,68,607,69,328
70,146,69,328
70,438,68,328
70,438,68,607,69,328
70,438,69,328
70,438
70,67,68,607
70,67,69,607
70,146,68,607
70,146,69,607
70,438,68,607
70,438,69,607
79,33,82
79,33,492
79,33,683
79,33,791
79,33,1079
79,33,1124
79,33,1238
79,33,1247
82,33,492
82,33,683
82,33,791
82,33,1079
82,33,1124
82,33,1238
82,33,1247
98,57
101,102
104,105
104,105,905
105,905
112,113
112,568,113
112,568
112,661
112,661,662
112,1196
112,1196,403
112,1196,1197
113,568
113,112,661
113,568,112,661
113,112,661,662
113,568,112,661,662
113,112,1196
113,568,112,1196
113,112,1196,403
113,568,112,1196,403
113,112,1196,1197
113,568,112,1196,1197
116,117
118,35
118,119
118,35,327
35,118,119
35,327
119,118,35,327
120,1205
121,122
121,61
121,61,360,296,295
121,61,360,296
121,61,360
121,61,529
121,61,690
121,61,360,296,1039
121,122,1158
122,121,61
122,121,61,360,296,295
122,121,61,360,296
122,121,61,360
122,121,61,529
122,121,61,690
122,121,61,360,296,1039
122,1158
61,360,296,295
61,360,296
61,360
61,529
61,690
61,360,296,1039
61,121,122,1158
125,126
125,127
125,698,477,946,945,127
125,698,699,946,945,127
125,698,700,946,945,127
125,698,945,127
125,946,945,127
125,698
125,946,945,698
125,946,477,698
125,946,699,698
125,946,700,698
125,127,945,946,477
125,127,945,946,699,698,477
125,127,945,946,700,698,477
125,127,945,698,477
125,698,477
125,698,699,946,477
125,698,700,946,477
125,698,945,946,477
125,946,477
125,127,945,946,699
125,127,945,946,700,698,699
125,127,945,698,699
125,698,699
125,698,700,946,699
125,698,945,946,699
125,946,699
125,127,945,946,700
125,127,945,698,700
125,698,700
125,698,945,946,700
125,946,700
125,127,945
125,698,945
125,946,945
125,946
126,125,127
126,125,698,477,946,945,127
126,125,698,699,946,945,127
126,125,698,700,946,945,127
126,125,698,945,127
126,125,946,945,127
126,125,698
126,125,946,945,698
126,125,946,477,698
126,125,946,699,698
126,125,946,700,698
126,125,127,945,946,477
126,125,127,945,946,699,698,477
126,125,127,945,946,700,698,477
126,125,127,945,698,477
126,125,698,477
126,125,698,699,946,477
126,125,698,700,946,477
126,125,698,945,946,477
126,125,946,477
126,125,127,945,946,699
126,125,127,945,946,700,698,699
126,125,127,945,698,699
126,125,698,699
126,125,698,700,946,699
126,125,698,945,946,699
126,125,946,699
126,125,127,945,946,700
126,125,127,945,698,700
126,125,698,700
126,125,698,945,946,700
126,125,946,700
126,125,127,945
126,125,698,945
126,125,946,945
126,125,946
127,125,698
127,125,946,945,698
127,125,946,477,698
127,125,946,699,698
127,125,946,700,698
127,945,946,477,698
127,945,946,699,698
127,945,946,700,698
127,945,698
127,125,698,477
127,125,698,699,946,477
127,125,698,700,946,477
127,125,946,477
127,945,946,477
127,945,946,699,698,477
127,945,946,700,698,477
127,945,698,477
127,125,698,699
127,125,698,700,946,699
127,125,946,699
127,945,946,699
127,945,946,700,698,699
127,945,698,699
127,125,698,700
127,125,946,700
127,945,946,700
127,945,698,700
127,945
127,125,946
127,945,946
131,132
131,133
131,134
131,135
131,136
131,137
131,134,220
131,136,29
131,132,567
131,133,416
131,135,716
131,137,392
132,131,133
132,131,134
132,131,135
132,131,136
132,131,137
132,131,134,220
132,131,136,29
132,567
132,131,133,416
132,131,135,716
132,131,137,392
133,131,134
133,131,135
133,131,136
133,131,137
133,131,134,220
133,131,136,29
133,131,132,567
133,416
133,131,135,716
133,131,137,392
134,131,135
134,131,136
134,131,137
134,220
134,131,136,29
134,131,132,567
134,131,133,416
134,131,135,716
134,131,137,392
135,131,136
135,131,137
135,131,134,220
135,131,136,29
135,131,132,567
135,131,133,416
135,716
135,131,137,392
136,131,137
136,131,134,220
136,29
136,131,132,567
136,131,133,416
136,131,135,716
136,131,137,392
137,131,134,220
137,131,136,29
137,131,132,567
137,131,133,416
137,131,135,716
137,392
146,68,328
146,68,438,69,328
146,68,607,69,328
146,69,328
146,70,438,68,328
146,70,438,68,607,69,328
146,70,438,69,328
146,68,438
146,68,607,69,438
146,69,438
146,70,438
146,68,607
146,69,607
146,70,438,68,607
146,70,438,69,607
174,175
174,502,203,201
174,502,922,203,201
174,502,203,201,202
174,502,922,203,201,202
174,502,203
174,502,922,203
174,502,203,201,204
174,502,922,203,201,204
174,502,203,922,226
174,502,922,226
174,502,203,922,226,227
174,502,922,226,227
174,502
174,502,922
175,174,502,203,201
175,174,502,922,203,201
175,174,502,203,201,202
175,174,502,922,203,201,202
175,174,502,203
175,174,502,922,203
175,174,502,203,201,204
175,174,502,922,203,201,204
175,174,502,203,922,226
175,174,502,922,226
175,174,502,203,922,226,227
175,174,502,922,226,227
175,174,502
175,174,502,922
177,178
182,183
182,183,460
183,460
191,192
191,193
191,193,472
191,193,472,473
191,193,595
192,191,193
192,191,193,472
192,191,193,472,473
192,191,193,595
193,472
193,472,473
193,595
201,202
201,203
201,204
201,203,502,922,226
201,203,922,226
201,203,502,922,226,227
201,203,922,226,227
201,203,502
201,203,922,502
201,203,922
202,201,203
202,201,204
202,201,203,502,922,226
202,201,203,922,226
202,201,203,502,922,226,227
202,201,203,922,226,227
202,201,203,502
202,201,203,922,502
202,201,203,922
203,201,204
203,502,922,226
203,922,226
203,502,922,226,227
203,922,226,227
203,502
203,922,502
203,922
204,201,203,502,922,226
204,201,203,922,226
204,201,203,502,922,226,227
204,201,203,922,226,227
204,201,203,502
204,201,203,922,502
204,201,203,922
217,218
217,218,519
218,519
220,134,131,136,29
220,134,131,132,567
220,134,131,133,416
220,134,131,135,716
220,134,131,137,392
226,227
226,922,502
226,922
227,226,922,502
227,226,922
232,233
239,240
245,246
245,247
246,245,247
255,256
255,256,350
255,256,702
256,350
256,702
29,136,131,132,567
29,136,131,133,416
29,136,131,135,716
29,136,131,137,392
286,287
286,288
287,286,288
291,292
295,296
295,296,360
295,296,360,61,529
295,296,360,61,690
295,296,1039
295,296,360,61,121,122,1158
296,360
296,360,61,529
296,360,61,690
296,1039
296,360,61,121,122,1158
303,115
308,147
308,147,776
147,776
328,68,438
328,68,607,69,438
328,69,438
328,68,607
328,69,607
329,330
329,330,998,851
329,330,998,851,852
329,330,466
329,330,998
330,998,851
330,998,851,852
330,466
330,998
340,341
344,345
344,345,933
345,933
347,348
350,256,702
356,357
356,23
356,357,520
356,357,520,521
356,357,587
356,357,587,372
356,357,863
356,357,863,819
356,357,1072
356,357,1072,954
356,357,1134
356,357,1134,238
357,356,23
357,520
357,520,521
357,587
357,587,372
357,863
357,863,819
357,1072
357,1072,954
357,1134
357,1134,238
23,356,357,520
23,356,357,520,521
23,356,357,587
23,356,357,587,372
23,356,357,863
23,356,357,863,819
23,356,357,1072
23,356,357,1072,954
23,356,357,1134
23,356,357,1134,238
360,61,529
360,61,690
360,296,1039
360,61,121,122,1158
374,375
391,342
423,424
423,384
424,423,384
427,428
427,428,961
427,1270
428,961
428,427,1270
438,68,607
438,69,607
446,447
446,448,1091,168,447
446,448,1091,665,447
446,448,1176,168,1091,665,447
446,448,1176,168,447
446,448
446,449
446,450
446,451
446,452
446,447,168,1091,448,564
446,447,168,1176,448,564
446,447,665,1091,168,1176,448,564
446,447,665,1091,448,564
446,448,564
446,447,168,1091
446,447,168,1176,448,1091
446,447,665,1091
446,448,1091
446,448,1176,168,1091
446,447,168
446,447,665,1091,168
446,448,1091,168
446,448,1091,665,447,168
446,448,1176,168
446,447,665
446,448,1091,665
446,448,1176,168,1091,665
446,448,1176,168,447,665
446,447,168,1176
446,447,665,1091,168,1176
446,447,665,1091,448,1176
446,448,1176
446,447,168,1091,448,1258
446,447,168,1176,448,1258
446,447,665,1091,168,1176,448,1258
446,447,665,1091,448,1258
446,448,1258
447,446,448
447,168,1091,448
447,168,1176,448
447,665,1091,168,1176,448
447,665,1091,448
447,446,449
447,168,1091,448,446,449
447,168,1176,448,446,449
447,665,1091,168,1176,448,446,449
447,665,1091,448,446,449
447,446,450
447,168,1091,448,446,450
447,168,1176,448,446,450
447,665,1091,168,1176,448,446,450
447,665,1091,448,446,450
447,446,451
447,168,1091,448,446,451
447,168,1176,448,446,451
447,665,1091,168,1176,448,446,451
447,665,1091,448,446,451
447,446,452
447,168,1091,448,446,452
447,168,1176,448,446,452
447,665,1091,168,1176,448,446,452
447,665,1091,448,446,452
447,446,448,564
447,168,1091,448,564
447,168,1176,448,564
447,665,1091,168,1176,448,564
447,665,1091,448,564
447,446,448,1091
447,168,1091
447,168,1176,448,1091
447,665,1091
447,168
447,665,1091,168
447,665
447,446,448,1176
447,168,1176
447,665,1091,168,1176
447,665,1091,448,1176
447,446,448,1258
447,168,1091,448,1258
447,168,1176,448,1258
447,665,1091,168,1176,448,1258
447,665,1091,448,1258
448,446,449
448,446,450
448,446,451
448,446,452
448,564
448,1091
448,1176,168,1091
448,446,447,168
448,1091,168
448,1091,665,447,168
448,1176,168
448,446,447,665
448,1091,665
448,1176,168,1091,665
448,1176,168,447,665
448,1176
448,1258
449,446,450
449,446,451
449,446,452
449,446,447,168,1091,448,564
449,446,447,168,1176,448,564
449,446,447,665,1091,168,1176,448,564
449,446,447,665,1091,448,564
449,446,448,564
449,446,447,168,1091
449,446,447,168,1176,448,1091
449,446,447,665,1091
449,446,448,1091
449,446,448,1176,168,1091
449,446,447,168
449,446,447,665,1091,168
449,446,448,1091,168
449,446,448,1091,665,447,168
449,446,448,1176,168
449,446,447,665
449,446,448,1091,665
449,446,448,1176,168,1091,665
449,446,448,1176,168,447,665
449,446,447,168,1176
449,446,447,665,1091,168,1176
449,446,447,665,1091,448,1176
449,446,448,1176
449,446,447,168,1091,448,1258
449,446,447,168,1176,448,1258
449,446,447,665,1091,168,1176,448,1258
449,446,447,665,1091,448,1258
449,446,448,1258
450,446,451
450,446,452
450,446,447,168,1091,448,564
450,446,447,168,1176,448,564
450,446,447,665,1091,168,1176,448,564
450,446,447,665,1091,448,564
450,446,448,564
450,446,447,168,1091
450,446,447,168,1176,448,1091
450,446,447,665,1091
450,446,448,1091
450,446,448,1176,168,1091
450,446,447,168
450,446,447,665,1091,168
450,446,448,1091,168
450,446,448,1091,665,447,168
450,446,448,1176,168
450,446,447,665
450,446,448,1091,665
450,446,448,1176,168,1091,665
450,446,448,1176,168,447,665
450,446,447,168,1176
450,446,447,665,1091,168,1176
450,446,447,665,1091,448,1176
450,446,448,1176
450,446,447,168,1091,448,1258
450,446,447,168,1176,448,1258
450,446,447,665,1091,168,1176,448,1258
450,446,447,665,1091,448,1258
450,446,448,1258
451,446,452
451,446,447,168,1091,448,564
451,446,447,168,1176,448,564
451,446,447,665,1091,168,1176,448,564
451,446,447,665,1091,448,564
451,446,448,564
451,446,447,168,1091
451,446,447,168,1176,448,1091
451,446,447,665,1091
451,446,448,1091
451,446,448,1176,168,1091
451,446,447,168
451,446,447,665,1091,168
451,446,448,1091,168
451,446,448,1091,665,447,168
451,446,448,1176,168
451,446,447,665
451,446,448,1091,665
451,446,448,1176,168,1091,665
451,446,448,1176,168,447,665
451,446,447,168,1176
451,446,447,665,1091,168,1176
451,446,447,665,1091,448,1176
451,446,448,1176
451,446,447,168,1091,448,1258
451,446,447,168,1176,448,1258
451,446,447,665,1091,168,1176,448,1258
451,446,447,665,1091,448,1258
451,446,448,1258
452,446,447,168,1091,448,564
452,446,447,168,1176,448,564
452,446,447,665,1091,168,1176,448,564
452,446,447,665,1091,448,564
452,446,448,564
452,446,447,168,1091
452,446,447,168,1176,448,1091
452,446,447,665,1091
452,446,448,1091
452,446,448,1176,168,1091
452,446,447,168
452,446,447,665,1091,168
452,446,448,1091,168
452,446,448,1091,665,447,168
452,446,448,1176,168
452,446,447,665
452,446,448,1091,665
452,446,448,1176,168,1091,665
452,446,448,1176,168,447,665
452,446,447,168,1176
452,446,447,665,1091,168,1176
452,446,447,665,1091,448,1176
452,446,448,1176
452,446,447,168,1091,448,1258
452,446,447,168,1176,448,1258
452,446,447,665,1091,168,1176,448,1258
452,446,447,665,1091,448,1258
452,446,448,1258
472,473
472,193,595
473,472,193,595
474,475
474,476
475,474,476
483,484
492,33,683
492,33,791
492,33,1079
492,33,1124
492,33,1238
492,33,1247
500,501
502,922
507,508
509,893
520,521
520,357,587
520,357,587,372
520,357,863
520,357,863,819
520,357,1072
520,357,1072,954
520,357,1134
520,357,1134,238
521,520,357,587
521,520,357,587,372
521,520,357,863
521,520,357,863,819
521,520,357,1072
521,520,357,1072,954
521,520,357,1134
521,520,357,1134,238
529,61,690
529,61,360,296,1039
529,61,121,122,1158
530,208
531,532
531,532,546
531,532,546,615
532,546
532,546,615
533,534
533,534,604
534,604
536,512
540,49
546,615
547,548
547,548,552
547,548,569
547,548,849
548,552
548,569
548,849
550,551
550,551,695
551,695
552,548,569
552,548,849
564,448,1091
564,448,1176,168,1091
564,448,446,447,168
564,448,446,447,665,1091,168
564,448,1091,168
564,448,1091,665,447,168
564,448,1176,168
564,448,446,447,665
564,448,1091,665
564,448,1176,168,1091,665
564,448,1176,168,447,665
564,448,1176
564,448,1258
568,112,661
568,112,661,662
568,112,1196
568,112,1196,403
568,112,1196,1197
569,548,849
580,581
580,582
580,5
580,583
580,11
580,195
580,584
580,207
580,585
581,580,582
581,580,5
581,580,583
581,580,11
581,580,195
581,580,584
581,580,207
581,580,585
582,580,5
582,580,583
582,580,11
582,580,195
582,580,584
582,580,207
582,580,585
5,580,583
5,580,11
5,580,195
5,580,584
5,580,207
5,580,585
583,580,11
583,580,195
583,580,584
583,580,207
583,580,585
11,580,195
11,580,584
11,580,207
11,580,585
195,580,584
195,580,207
195,580,585
584,580,207
584,580,585
207,580,585
587,372
587,357,863
587,357,863,819
587,357,1072
587,357,1072,954
587,357,1134
587,357,1134,238
372,587,357,863
372,587,357,863,819
372,587,357,1072
372,587,357,1072,954
372,587,357,1134
372,587,357,1134,238
605,55
605,1126
605,1126,860
605,1126,652
55,605,1126
55,605,1126,860
55,605,1126,652
632,388
632,907,906
632,907
388,632,907,906
388,632,907
661,662
661,112,1196
661,112,1196,403
661,112,1196,1197
662,661,112,1196
662,661,112,1196,403
662,661,112,1196,1197
671,364
672,673
672,673,926
672,673,1076
672,673,1193
673,926
673,1076
673,1193
683,33,791
683,33,1079
683,33,1124
683,33,1238
683,33,1247
690,61,360,296,1039
690,61,121,122,1158
692,693
692,694
693,692,694
698,477
698,699,946,477
698,700,946,477
698,945,946,477
698,699
698,700,946,699
698,945,946,699
698,700
698,945,946,700
698,945
698,477,946
698,699,946
698,700,946
698,125,946
698,945,946
477,698,699
477,698,700,946,699
477,698,945,946,699
477,946,699
477,698,700
477,698,945,946,700
477,946,700
477,698,945
477,946,945
477,946
699,698,700
699,698,945,946,700
699,946,700
699,698,945
699,946,945
699,946
700,698,945
700,946,945
700,946
706,707
706,707,1095
706,707,335
707,1095
707,335
714,715
567,132,131,133,416
567,132,131,135,716
567,132,131,137,392
751,748
754,755
777,385
791,33,1079
791,33,1124
791,33,1238
791,33,1247
416,133,131,135,716
416,133,131,137,392
798,799
798,799,1168
799,1168
851,852
851,998,330,466
851,998
852,851,998,330,466
852,851,998
863,819
863,357,1072
863,357,1072,954
863,357,1134
863,357,1134,238
819,863,357,1072
819,863,357,1072,954
819,863,357,1134
819,863,357,1134,238
870,871
880,759
890,891
906,907
926,673,1076
926,673,1193
929,157
942,59
945,946
960,577
960,577,1037
577,1037
975,21
975,21,1071
21,1071
977,562
985,986
988,989
466,330,998
1039,296,360,61,121,122,1158
1043,749
1053,299
961,428,427,1270
1063,996
1068,467
1072,954
1072,357,1134
1072,357,1134,238
954,1072,357,1134
954,1072,357,1134,238
1076,673,1193
1079,33,1124
1079,33,1238
1079,33,1247
1085,966
1089,92
1091,168
1091,665
1091,168,1176
1091,448,1176
1091,168,1176,448,1258
1091,448,1258
168,1091,665
168,447,665
168,1176
168,1091,665,447,446,448,1258
168,1091,448,1258
168,1176,448,1258
168,447,446,448,1258
168,447,665,1091,448,1258
665,1091,168,1176
665,1091,448,1176
665,447,446,448,1176
665,447,168,1176
665,1091,168,1176,448,1258
665,1091,448,1258
665,447,446,448,1258
665,447,168,1176,448,1258
1092,689
1095,707,335
1098,1073
716,135,131,137,392
1111,636
1113,491
1124,33,1238
1124,33,1247
1126,860
1126,652
860,1126,652
1131,445
1131,812
1131,1248
445,1131,812
445,1131,1248
812,1131,1248
1134,238
1145,1146
1171,444
1176,448,1258
1177,39
1186,1187
1196,403
1196,1197
403,1196,1197
1232,279
1234,433
1237,1015
1238,33,1247
1267,124
1269,1097
1272,511
1273,480
1276,358
1284,742
1302,1105
