0 1
0 2
3 4
5 6
7 8
9 10
11 12
13 14
15 16
17 18
19 20
21 22
23 24
25 26
27 28
29 30
31 32
33 34
35 36
37 6
38 39
40 41
42 43
44 45
46 47
48 49
50 51
52 53
54 55
56 57
58 59
60 61
62 63
64 65
66 67
68 69
70 71
72 73
70 74
70 75
76 77
78 79
80 81
82 83
84 85
86 87
88 89
90 91
92 93
94 89
95 96
97 63
98 99
100 101
102 103
80 104
105 106
107 108
109 110
28 111
112 113
114 115
116 117
118 85
119 120
121 122
78 123
124 125
126 127
76 128
129 130
131 132
133 134
135 136
137 30
62 138
139 140
141 142
143 144
145 146
56 147
148 149
150 151
152 153
154 155
156 157
102 158
159 160
161 162
163 164
165 166
167 168
169 170
171 172
173 174
175 176
177 61
178 179
180 181
79 182
183 184
185 186
187 188
189 190
191 192
193 85
194 195
196 197
198 199
200 201
202 203
45 204
205 206
207 208
209 210
211 212
213 72
214 215
216 217
129 106
218 219
220 221
222 223
116 224
225 226
227 228
229 230
231 232
233 234
235 2
236 237
238 2
239 240
241 242
3 243
244 245
246 247
248 249
250 251
252 253
254 255
256 257
258 259
260 261
262 212
263 264
265 84
67 266
267 41
268 269
270 271
272 273
112 274
275 276
277 278
279 280
281 282
283 284
285 286
287 84
288 289
290 291
292 293
294 295
296 297
15 298
299 300
285 295
301 130
97 302
303 91
304 305
306 32
29 307
308 309
310 311
56 106
312 313
9 314
315 316
317 318
319 320
321 322
323 324
325 326
327 73
88 328
329 330
331 332
333 334
80 335
336 337
338 188
52 339
340 341
133 342
343 344
345 346
347 57
348 349
25 125
52 350
351 302
352 353
354 355
356 181
62 357
358 359
360 361
80 362
140 363
341 273
364 365
366 367
368 369
162 370
371 111
372 373
374 375
376 377
378 379
380 381
382 383
384 385
52 386
315 57
387 124
388 389
105 130
390 391
116 392
393 84
394 134
395 396
397 398
399 400
7 26
238 85
401 402
200 403
404 103
405 85
325 276
406 407
16 408
44 409
410 411
412 413
265 255
414 284
193 415
416 417
283 418
419 420
421 422
423 424
315 425
426 427
428 429
430 431
432 433
434 435
436 437
438 407
139 84
97 439
440 130
441 442
443 444
445 61
95 446
447 448
449 450
451 452
453 305
454 455
456 457
458 459
460 20
461 462
115 463
464 465
466 467
468 85
461 395
469 470
471 32
472 473
287 255
474 475
78 476
477 478
479 480
130 1
481 482
80 483
484 485
352 486
348 487
488 61
489 490
102 491
492 493
325 422
494 495
496 41
497 498
137 391
236 499
500 501
502 503
504 505
176 506
507 508
509 510
343 511
512 513
514 515
516 517
518 519
47 125
520 521
522 523
524 127
287 115
31 525
193 115
526 208
527 26
528 529
530 531
130 532
25 6
202 533
534 195
535 20
428 536
537 538
539 540
456 201
231 188
541 542
543 544
545 546
547 548
549 20
428 155
550 551
552 553
554 349
555 280
556 20
27 85
557 558
559 560
561 562
563 564
268 565
566 567
568 569
570 571
566 572
573 4
574 203
0 459
575 326
254 184
576 577
578 181
579 580
287 140
139 255
581 582
583 247
584 585
584 586
587 588
589 490
590 529
453 591
592 266
593 594
595 596
132 597
272 598
116 599
600 601
602 1
449 603
604 57
605 26
97 606
607 608
243 609
236 610
611 181
612 613
522 614
615 616
617 480
618 619
319 208
620 621
584 622
415 623
624 625
626 30
627 127
628 344
629 630
631 632
633 20
634 635
636 637
130 415
116 638
639 127
135 359
640 641
241 642
643 644
645 646
647 40
648 649
650 651
652 653
654 20
655 43
656 657
658 659
660 61
661 487
662 208
663 664
665 666
667 668
366 669
670 221
671 672
673 674
675 158
676 677
678 679
56 316
680 1
681 682
460 61
683 684
685 686
56 425
405 687
688 689
690 659
691 415
692 234
693 20
477 659
428 694
695 696
697 698
699 700
365 701
702 703
704 0
426 705
706 707
708 709
368 710
338 711
712 713
714 208
715 716
717 718
719 311
720 721
118 415
722 243
723 425
724 84
725 84
726 727
663 728
193 729
730 731
732 733
734 487
27 255
735 736
304 737
738 739
738 740
738 741
742 141
743 744
35 187
329 745
746 130
747 748
749 20
750 115
751 34
5 26
752 24
753 754
206 702
755 756
757 217
758 759
52 760
761 632
459 463
762 763
374 764
755 765
766 533
105 238
767 701
239 768
11 769
757 770
771 632
532 772
27 729
116 773
455 774
775 85
407 776
441 777
757 359
778 618
779 668
238 337
780 75
780 74
675 71
58 429
675 75
781 782
783 2
675 74
784 631
592 785
786 57
595 787
780 71
788 482
789 790
791 20
792 793
794 795
796 797
798 203
799 450
749 217
299 800
11 801
802 276
803 20
804 805
806 175
807 808
16 809
810 82
811 812
813 487
480 814
9 815
816 817
35 818
819 320
820 821
468 415
380 822
823 824
825 826
827 32
472 828
94 328
829 6
830 831
832 833
834 2
835 836
837 328
169 22
239 838
839 840
841 842
358 136
177 20
598 664
843 328
844 845
830 659
846 266
410 847
262 61
848 496
376 849
114 140
850 203
851 103
852 853
854 855
856 4
857 858
859 860
166 170
757 136
861 862
254 85
863 277
864 865
691 337
866 867
168 796
570 868
333 869
870 871
872 32
441 873
874 875
876 511
460 127
116 877
878 879
880 881
882 883
884 885
886 733
887 888
143 333
889 890
286 891
892 893
430 894
895 896
897 619
898 375
80 63
702 899
900 901
902 286
903 38
904 905
906 907
908 68
909 910
31 72
911 912
468 140
306 525
786 85
913 223
52 914
578 157
78 337
915 916
570 917
341 614
918 85
156 170
919 20
469 920
911 676
921 922
923 924
884 925
926 103
794 237
927 111
193 84
202 928
929 208
930 931
97 932
933 391
233 157
934 935
556 61
936 30
592 937
938 30
742 362
939 940
428 59
15 941
942 943
827 669
944 525
945 946
947 948
425 463
949 203
950 951
85 415
296 952
97 953
954 6
955 20
219 782
956 957
356 958
959 32
540 960
961 130
193 337
962 117
273 963
505 964
965 966
967 85
968 344
969 970
971 470
972 916
973 32
974 8
229 867
102 975
547 976
977 506
236 978
0 337
27 2
46 26
458 57
806 979
492 733
252 980
981 982
425 1
983 984
985 986
91 61
987 988
989 686
990 24
991 992
993 994
449 995
804 429
996 997
393 130
629 998
857 999
827 525
1000 733
1001 487
187 1002
1003 1004
207 378
1005 537
922 529
84 1006
804 1007
1008 556
676 6
1009 1010
685 588
1011 845
1012 203
68 1013
1014 39
453 1015
1016 1017
210 3
236 1018
1019 646
56 85
1020 398
1021 713
1022 234
1023 386
1024 83
1025 378
80 1026
64 1027
254 1028
1029 330
1030 61
1031 284
260 1032
1033 106
80 1034
319 1035
80 1036
1037 1038
1039 597
1040 1041
27 407
112 1042
1043 280
1044 1045
365 396
1046 391
1023 1
1047 1048
1049 1050
1051 1052
185 297
1053 1054
1055 433
1056 73
84 463
1057 1058
1059 556
576 1060
1061 573
378 1062
1063 646
469 745
1064 1065
706 1066
1067 1068
1069 1070
1071 59
102 157
1072 293
639 307
1073 1074
84 772
130 2
1075 41
1076 1077
895 1078
911 1079
1080 1081
908 1082
743 1083
856 1084
329 920
911 1085
1086 1087
1088 580
1089 89
455 1090
1091 1092
895 1093
989 588
401 1094
1095 1096
1097 39
961 84
1098 632
1099 391
1100 1101
1102 24
471 41
1103 71
1103 75
1104 1105
1103 74
1106 323
1107 1108
1109 280
1110 417
1111 531
518 1112
1113 122
281 1114
602 772
1115 1116
611 1117
347 184
1118 1119
589 1120
1121 59
1122 1090
1123 1124
341 435
233 764
813 632
1125 307
1126 1127
143 869
35 1128
1086 314
265 106
1129 84
1130 475
1131 1132
522 664
429 1133
1134 487
1071 805
834 140
723 316
1135 709
116 1136
1137 1138
118 476
1097 1139
1140 572
1141 160
1140 567
338 1142
947 1143
839 1144
380 1145
725 255
1057 344
468 2
1146 646
918 78
1147 1148
1149 1150
1151 508
1152 646
468 115
1153 1154
254 84
1155 349
154 1156
52 84
1157 1158
340 522
64 1159
1160 1161
272 1162
250 1163
1164 1165
1166 1167
426 1168
1169 1170
80 599
1171 140
1172 24
296 1173
1174 85
857 1175
180 157
1176 1177
62 483
723 85
1178 1179
380 302
1180 149
84 532
52 1181
315 184
472 1182
185 1183
1184 833
1185 845
1186 1187
1188 887
1189 1190
1191 1192
916 1193
336 463
1194 487
1195 1196
1197 1198
1199 1163
1200 1201
1202 1203
380 1204
884 1205
729 510
1206 61
884 768
85 463
857 1207
806 73
726 1208
592 1209
1210 320
1211 1048
374 234
1212 208
783 255
205 946
1071 195
258 1213
1214 71
933 307
1214 74
1214 75
301 84
1215 1216
472 1217
1218 1219
771 349
1220 422
1221 181
1222 1223
1224 556
414 418
425 415
1225 1163
1226 865
792 1227
884 1228
116 1229
19 871
1230 1231
1232 245
1233 1234
1235 141
695 1236
1237 204
1238 1239
1240 26
636 1241
15 320
216 136
973 525
1134 674
1242 20
193 1181
843 89
315 140
1019 1243
1025 1244
854 1245
132 1246
1053 1247
1057 1138
358 770
1248 238
1249 1250
1251 980
169 157
459 415
210 91
706 1252
1253 971
1254 1255
1256 1090
1257 1258
1259 208
244 992
1033 84
279 979
561 1260
66 181
52 1261
1262 1263
1053 1264
785 375
119 1265
1266 1267
634 935
92 1268
1269 1103
1270 487
80 1048
1271 330
1272 1203
281 1273
56 786
1274 1275
215 230
235 130
1276 1265
331 479
1277 1278
1279 971
1043 979
786 84
1280 922
908 1281
1282 580
1283 501
238 476
1284 86
1285 1133
1286 905
723 57
561 1287
68 1288
1289 1290
193 1291
401 733
738 1292
738 1293
1294 840
846 157
1295 1296
401 845
1297 30
1298 1299
738 1300
1289 1301
738 1302
56 130
1303 84
1304 1305
561 1306
1307 1308
1180 32
1309 567
236 1310
1309 572
512 1311
1047 594
347 1312
62 1313
356 375
1314 964
1315 1316
1317 992
803 334
329 418
1318 1319
1320 363
281 1321
1322 466
1262 120
1323 569
1324 1325
1258 1326
1262 1077
784 377
1327 417
1328 311
1329 608
575 276
1330 1331
807 920
951 1332
415 2
116 1235
233 958
1333 668
46 5
552 546
252 1301
1334 1335
1336 1337
19 334
1123 975
1262 1338
17 976
183 57
1339 30
895 1340
834 255
1341 391
1342 1343
1344 1161
319 1345
57 85
680 337
1346 624
183 84
1347 1348
507 25
436 1349
1350 580
575 422
319 1351
1352 1353
1354 1355
724 130
1356 1090
1357 1358
239 1205
31 367
534 155
241 1359
436 1360
767 365
1361 1362
136 701
1363 1364
135 770
1365 1366
797 467
454 882
329 1367
661 349
1368 1369
1370 1371
1372 808
648 1373
1374 217
1375 249
80 1376
414 745
1377 117
1289 1378
48 1138
1379 1380
1381 203
1382 1383
1384 1163
1385 367
1386 1387
97 1388
500 1337
656 1389
512 1390
837 43
446 61
1059 1391
129 255
936 20
472 1392
278 41
761 377
1393 1394
1395 664
1396 992
1397 650
260 1398
500 1161
1399 1048
1400 1401
1402 1403
105 255
1404 1405
977 267
1146 24
861 1406
1407 963
1408 1120
1409 1410
152 1120
0 415
69 1411
532 687
1412 1413
116 63
1414 337
1258 1415
652 1416
1417 375
458 425
1418 415
1270 377
411 365
1419 140
325 1420
1421 1422
1423 487
1424 620
1425 739
1426 1427
1428 812
1425 740
0 85
1425 741
105 775
507 974
34 61
1429 391
1430 1431
857 1432
1433 1434
193 140
1435 1243
1436 1437
5 1438
1439 349
281 1440
1383 389
1441 1442
1443 1444
1445 1446
1443 1447
1443 1448
1443 1449
119 1450
97 1316
1451 1452
962 1453
1454 944
1455 1456
1457 1458
1141 318
1459 355
1460 1461
143 134
695 1462
1463 0
1464 181
505 1465
1466 1467
1238 1468
1332 1469
611 1263
884 240
1470 345
233 181
1471 1472
1473 1474
1023 316
1475 1476
1477 1478
139 57
1479 800
1480 237
1481 43
1343 332
634 971
440 184
154 59
750 130
1377 1482
454 1256
1436 1483
1484 1485
1160 501
414 920
1486 1487
468 57
1262 353
1251 1378
1488 1489
366 1490
1491 1130
1001 349
198 493
1492 495
1350 899
1262 486
185 1493
1082 344
231 1494
1160 1495
1496 1497
184 255
1498 1241
582 463
900 1499
1500 1077
1501 330
1502 1120
1503 1504
97 224
895 1400
194 59
35 1505
550 975
1218 1506
426 1507
1409 142
148 32
27 1508
1509 1510
1511 204
1512 495
72 1282
133 1513
97 1514
1515 20
1160 1337
792 1516
35 1517
889 1518
1519 1520
1521 1522
1523 157
154 195
1524 1525
1526 579
393 57
80 117
1527 41
1528 1529
343 1281
726 1530
56 927
488 1531
1057 782
1532 1533
1534 659
438 130
1535 1536
547 396
629 1537
236 1533
255 687
581 1538
1539 1540
1541 320
189 1542
1543 320
458 85
1544 1545
658 1546
1547 120
1548 320
1194 632
130 85
1549 627
92 1550
1414 415
1065 702
1025 320
1551 1552
1553 1554
1555 391
595 1556
1341 307
595 1557
959 471
950 1558
1559 812
581 255
1560 391
1561 344
1562 1563
1564 477
724 2
1317 487
62 822
343 1565
1057 1566
1567 1331
1251 1290
1046 307
1568 992
1569 61
592 486
913 1570
881 1571
154 429
680 85
1523 1487
1572 1573
1222 1409
977 1350
184 2
795 237
1503 1574
90 333
1575 1576
1577 1578
1579 34
1580 1581
95 1281
1222 1582
1342 1583
488 19
1584 1585
441 181
1586 328
1587 678
1588 1589
1319 168
105 459
1590 22
884 1591
1029 745
343 1592
1404 1038
1521 1593
481 59
1594 320
260 1595
1596 1597
663 1008
826 748
17 365
202 1598
524 30
1599 1600
1601 498
1344 402
319 1602
974 26
1603 1604
194 694
99 217
1605 328
1606 495
985 276
1607 61
1608 1609
1610 731
80 1611
468 463
472 1612
1185 1160
135 217
66 157
245 487
260 1533
193 57
746 184
749 365
1613 30
444 1614
1152 1139
571 808
1615 176
275 326
1616 1617
944 367
374 1263
1317 849
1141 429
529 659
260 1618
484 1619
107 1620
1621 1622
1623 580
1197 1624
312 221
570 1625
94 43
1327 531
1057 1626
1627 396
1628 293
1629 1444
1414 1
1629 1447
1629 1448
1630 1631
1629 1449
1025 1632
1121 155
1633 1634
876 1281
1635 1636
1637 976
1590 1060
784 487
262 1525
938 391
1638 1639
1397 203
781 1640
1603 1641
781 1234
1642 1527
861 487
1071 694
1129 106
1039 1246
876 344
656 964
1605 89
135 61
60 19
1025 208
1643 24
995 1644
1645 1646
1418 687
884 798
260 1647
695 1648
1649 1650
19 1120
72 367
749 61
1372 1651
192 1461
1652 1653
329 808
78 407
1569 20
1654 1655
421 276
215 867
1656 1657
633 127
1658 871
1637 770
500 402
750 84
1659 320
1660 1661
483 141
1479 300
458 927
1662 1090
374 266
405 415
1663 1338
430 1664
78 106
189 1665
503 203
1666 1667
173 1668
1155 377
423 1314
1254 1669
102 1670
1671 791
250 1384
1672 1673
1607 136
35 1674
281 1675
660 976
340 1676
1677 435
1433 68
50 1678
702 41
1679 1680
1681 1682
1683 41
554 632
1684 26
660 847
285 546
699 1002
1685 1090
366 32
116 1377
678 190
1205 208
1498 391
1686 103
648 1687
1186 498
819 668
193 510
1688 1278
1348 41
918 57
1689 871
493 1094
1690 43
143 1691
581 130
1692 556
341 963
1298 1693
206 73
729 85
570 1694
156 1695
1489 266
1696 1697
1303 106
78 425
398 849
1333 320
911 1698
252 1699
78 2
724 255
846 1263
1519 1700
1701 1702
80 155
1031 808
156 1703
1488 569
654 307
1704 375
205 1065
397 377
1129 57
592 1705
1706 1707
425 2
1708 1709
484 664
1710 1711
1712 701
1713 47
398 245
872 525
1714 24
472 1715
581 967
1716 871
1717 1718
509 316
481 1719
44 1720
857 362
392 782
1721 1444
1238 1722
301 106
1000 1723
1721 1448
691 2
1721 1447
520 659
884 556
1562 1724
1725 1726
1727 1615
1123 103
21 181
159 318
50 1728
207 320
1729 1730
1731 1732
1733 217
380 1734
1160 564
813 349
1262 157
56 459
1419 85
850 1735
1736 452
352 1737
1738 738
1226 1739
1057 49
654 61
481 155
116 1740
640 149
827 1741
1742 1743
1414 85
1609 444
1744 833
919 61
1147 1745
112 1746
1342 479
27 1747
356 234
827 149
1086 815
1748 1749
1750 1224
33 20
1199 1751
1752 1753
1754 553
354 467
1690 328
942 1755
249 1756
356 157
1757 1758
62 1759
283 1367
1254 320
235 255
1760 690
1041 125
1761 1762
281 1763
936 221
1414 2
472 1764
1045 391
1765 1766
229 619
425 85
68 1767
886 1094
1360 896
1768 1465
1769 1770
592 375
1426 1771
315 84
137 307
1643 1772
154 1048
660 217
84 2
867 619
1503 1773
167 1774
193 316
936 307
148 471
1775 456
116 1776
1777 111
1588 1778
1779 1780
706 1781
1782 85
1783 1784
1099 127
826 1785
1786 1787
97 1788
1475 1789
143 1626
1790 689
1473 1791
287 106
78 85
100 1381
1792 1108
1607 359
946 1793
52 1
1029 920
1794 1150
143 1795
58 195
1796 1797
784 349
319 1798
607 621
1799 1800
1801 208
1799 1802
354 466
1803 1804
977 899
238 415
693 871
954 125
1805 609
47 6
27 1463
1284 1806
180 1263
1197 1807
1808 1461
1809 127
1810 619
340 1811
1812 217
1813 26
507 26
1078 1093
561 1814
706 1815
401 1816
468 1181
1817 349
250 1405
627 30
1818 1718
837 89
1819 391
1820 1821
136 976
184 336
1000 1816
1822 1823
1824 1825
1232 377
1046 1241
184 1
1480 795
1826 248
1827 389
336 425
1233 896
1057 511
656 1828
1829 195
52 463
749 359
1830 1831
652 1832
1833 1410
1725 1578
1242 1673
449 1834
17 61
1835 149
38 1243
116 483
1836 1039
914 1837
592 1838
236 91
1839 74
1839 75
1839 71
27 1
1840 1709
154 536
1841 1461
1651 659
1332 1842
1843 427
1844 1213
52 316
1845 556
1846 731
42 89
1847 280
1848 1849
1821 1850
1851 20
660 359
1000 1852
1853 1854
1855 871
1856 1689
1023 1857
1361 1858
78 130
652 1859
1033 57
1262 1590
1069 1860
1861 1716
1503 1862
991 632
1519 1863
481 20
1289 1699
27 1181
570 1501
695 1864
750 255
368 1826
1613 127
1865 3
729 459
728 144
481 429
1464 1866
1867 1445
459 85
1868 149
414 808
1869 1870
1871 293
50 1872
1873 632
799 1874
806 1875
401 1852
901 1876
449 1724
1877 1878
211 18
116 1879
1123 1880
1881 1882
1289 980
1883 43
1330 1884
268 446
944 1741
255 85
1885 444
1886 1772
1887 1888
857 1889
1262 1737
406 84
1396 245
1890 1891
1892 208
211 136
699 1893
48 1058
1894 1726
52 1023
1895 1461
799 1896
1451 103
1897 935
489 1120
333 871
1898 1751
1899 452
1151 507
1900 842
1069 1901
1902 307
211 359
1873 245
1903 830
1904 1723
650 533
1905 83
1336 1161
1906 1907
365 548
1908 1909
352 1077
1910 1139
17 847
1543 1149
329 470
1340 1400
602 386
654 221
1911 983
213 944
1069 1912
1029 808
395 548
323 1913
1307 1914
1915 1286
868 470
858 1150
1627 548
188 1096
1130 569
788 195
338 1916
393 255
1917 41
835 1585
21 157
1031 1367
250 295
1918 245
156 1263
633 61
1248 337
1919 557
1920 1921
1385 1741
1289 253
530 417
1637 548
62 302
1883 328
62 1235
1922 26
1887 1923
1924 1925
723 130
681 1326
291 290
1123 1926
1433 908
296 1927
1555 1241
1928 1904
419 1929
119 1930
692 1931
846 181
799 1932
1933 1934
990 1243
509 85
1569 1673
1935 1816
1936 276
949 533
1053 1937
1001 632
1938 1216
1939 1449
124 6
315 85
1940 20
1941 1163
1419 130
1897 971
1942 1943
1884 34
1941 1038
119 1944
449 1932
315 147
1050 1683
1361 1945
1078 1946
1947 567
1947 572
1948 1949
380 1950
1951 1094
723 106
9 457
1952 1120
48 869
1381 533
1423 849
378 819
578 266
1953 1799
52 1954
656 1955
1952 383
426 1956
1957 1156
725 316
1885 1179
116 362
1541 668
598 1958
180 551
1959 637
804 155
1960 1961
462 976
1962 718
250 286
1738 1425
1963 1964
220 1965
726 1966
80 1967
596 1888
1519 1968
116 1969
116 1970
340 484
331 617
500 564
804 195
1971 1972
5 125
0 140
1372 971
1973 1772
857 1974
1975 556
1976 1977
1978 1979
27 316
1980 1981
645 1243
640 1982
1344 1337
729 425
1528 71
1528 74
1983 922
1528 75
757 18
1625 920
1561 1767
1984 1194
1586 43
1985 964
930 1451
1110 531
695 1986
1987 1108
1988 957
472 1989
27 425
1881 580
1990 84
1991 24
1057 628
802 326
115 337
80 1235
1992 293
592 1993
1994 1995
1996 305
1081 1997
523 963
1998 1024
64 1999
153 1177
105 425
743 2000
239 798
2001 195
2002 567
481 195
241 2003
2002 572
869 1120
443 1472
1466 2004
84 415
2005 2006
1393 2007
1081 2008
116 2009
1372 470
1974 1150
2010 546
1467 2011
374 181
1918 632
786 130
565 2012
459 1
166 157
1068 2013
199 845
2014 2015
2016 957
743 2017
283 470
1020 992
1489 181
554 487
1202 474
406 85
102 1590
1741 73
102 1487
1375 1948
2018 2019
1014 1139
2020 2021
2022 1750
2023 1444
2023 1447
2023 1448
2023 1449
1810 2024
1071 1048
2025 647
428 195
430 2026
105 2027
255 1
1158 2028
1267 223
459 337
1000 845
80 638
185 2029
1000 402
1395 435
804 694
1121 195
2030 1889
817 223
1554 2031
2032 26
85 1538
1902 30
861 632
2033 195
2034 2035
255 1006
105 78
2036 646
660 18
629 2037
1082 1411
1515 1658
905 1876
1144 74
475 1590
2038 1108
1144 75
1144 71
29 391
1417 2039
380 439
726 2040
2041 1364
1607 20
255 337
260 91
348 674
947 2042
678 1665
2043 2044
637 626
791 34
1795 963
2045 75
2045 71
2046 2047
334 61
543 893
604 140
2048 2049
260 2050
947 2051
105 2
2052 2053
2054 2055
2045 74
347 255
2056 2057
367 73
857 2058
238 1
2059 659
2060 508
951 1469
492 845
2061 470
655 328
1254 208
156 1077
2062 2063
561 2064
472 2065
2066 1772
1069 2067
2068 577
66 22
1637 2069
185 2070
143 1566
1071 155
1723 402
98 847
57 106
1081 2071
183 130
2072 308
11 2073
2074 1187
1588 2075
241 2076
2077 2078
2079 267
708 2080
2081 2082
1057 869
1439 2083
143 782
624 659
2084 1544
988 1651
1670 2085
97 2086
2087 330
2088 686
340 2089
1225 1038
1637 217
130 337
233 266
833 871
923 1739
1558 1469
1731 1120
99 2090
1433 2091
959 149
859 2092
193 459
2093 718
27 459
2094 2095
260 2096
806 2097
794 2098
44 2099
2100 127
1547 353
2101 375
241 2102
1141 2103
788 429
105 533
2104 289
1671 1413
260 2105
2106 988
211 365
205 1741
2107 1372
2060 7
428 1156
27 84
2108 184
78 510
46 25
2109 2110
80 2111
1249 1010
244 849
1855 20
0 115
2112 2113
1025 2114
522 1677
211 61
1251 253
1681 964
440 255
1041 6
532 1
343 565
2115 2116
827 367
2077 2117
884 2118
2119 812
9 1087
2120 2121
1711 1090
406 115
991 245
4 1365
456 10
1819 30
383 1716
380 2122
376 349
419 93
2123 684
697 2124
116 1026
2125 2126
947 2127
2128 195
1851 34
2129 74
2129 71
2129 75
453 2130
747 2131
656 1465
304 2132
67 181
888 957
2120 2133
2134 1090
675 389
1041 2135
706 2136
1297 391
458 2137
2138 71
2138 75
1379 738
1090 2139
2140 427
2138 74
380 2141
950 2142
2143 110
550 1124
213 149
1561 1411
1029 284
2144 594
405 2
2145 2146
2147 217
678 2148
1404 1163
2149 1412
1425 74
803 871
1425 75
1425 71
294 1101
143 1513
2150 871
80 2151
317 160
154 2152
762 2153
17 359
1433 268
1817 487
859 2154
1176 1120
2128 429
441 764
2155 2156
534 429
2157 311
2060 2158
2159 2160
2046 103
2161 1455
105 203
1835 471
633 307
2162 607
484 434
652 2063
430 2163
79 2164
1627 976
1844 259
80 2165
453 2166
2167 808
1412 2168
2169 1995
1480 2098
2170 24
1480 2171
52 2172
2173 2174
500 1495
1336 564
283 808
1284 538
2101 486
1503 2175
345 1891
1654 2176
505 423
522 484
397 349
1135 2080
1456 41
1712 20
2177 1352
285 553
1125 30
85 2
189 2178
340 523
2179 2180
380 483
1984 377
2181 1890
703 41
2182 320
309 41
236 2183
172 983
425 337
578 2184
458 106
788 59
1579 20
327 1350
2185 2186
2187 1894
2188 1284
565 1767
2189 2039
1562 1874
1679 1467
1942 2190
1761 963
1521 2191
52 1857
315 130
861 2192
1429 637
2193 2194
2195 71
483 362
2195 75
2196 666
509 57
52 2197
1397 2198
2199 2200
2201 1670
1341 1241
2195 74
272 435
255 1418
1809 391
2019 979
558 41
416 531
2202 848
2203 2204
1686 389
627 307
1224 2205
1856 20
458 363
846 2206
343 1767
2207 2208
183 140
726 2209
750 184
1828 247
2210 731
447 560
908 269
960 41
503 2211
2212 1774
2213 1465
341 1958
543 2214
91 20
405 337
2215 2216
3 2217
771 487
1016 320
1933 2218
66 266
854 293
854 378
2219 63
84 1
2220 1243
1340 1078
2221 2222
2223 1930
46 7
166 1703
1071 1007
2120 2224
2225 2226
356 1263
236 894
1109 979
405 1
675 840
661 377
2227 2228
2229 873
255 2
589 160
806 1630
2230 2231
453 2232
839 1452
80 1377
367 1623
2233 1582
139 1312
1297 307
2234 871
2235 1816
1733 395
489 239
1601 1582
654 30
2236 736
1738 740
102 1926
1738 739
1738 741
2237 2238
272 2239
1238 2240
1933 2241
1710 161
723 786
654 391
458 1777
2242 2243
1547 486
2244 389
660 754
947 2245
550 181
380 224
1406 632
233 1263
1404 1581
1577 1726
2246 74
611 2184
866 230
2246 71
2246 75
2247 2248
414 470
742 63
1508 111
2249 2231
162 2250
2251 375
2252 2253
456 403
118 1
211 2254
1141 391
2100 307
510 0
1454 2255
341 598
2256 658
2257 2258
2259 311
849 632
563 845
2260 718
2261 418
254 130
2262 2263
48 1575
0 57
62 381
967 140
313 417
723 927
447 2264
1980 122
1320 84
2265 2266
1053 2267
883 1090
1619 435
532 78
806 367
35 2268
2049 452
1406 487
52 2269
97 2270
636 30
2271 2272
62 1145
1804 1917
239 2273
1878 2274
670 1111
2275 2075
807 745
1454 2276
268 1975
783 1181
884 1594
767 217
2277 845
1984 487
105 57
2278 1525
2279 2135
523 435
829 1653
753 359
1558 2142
1672 20
2280 177
829 982
1014 24
1433 2281
1400 556
47 26
1185 1094
1057 2282
643 2283
2284 2285
916 2286
2287 2288
380 2289
2290 1449
1221 2184
336 459
2291 2292
1211 594
2293 1243
2294 1631
1568 487
2295 2296
2297 2298
1450 764
1586 89
78 84
1342 617
2299 1165
2059 2300
252 2301
2302 2303
1029 470
1585 659
1768 964
1489 569
1059 2098
2304 993
2205 2305
884 833
2306 293
593 1048
1081 2307
220 2308
1464 572
618 230
1464 567
1022 1931
2309 2153
37 2135
2310 208
1197 2311
870 34
2312 2313
2314 2250
985 326
319 1921
118 337
1506 466
2315 2316
691 85
116 439
220 2317
702 580
231 2318
220 2319
2320 853
2321 443
2322 2323
1134 349
1481 328
746 255
2324 208
2325 293
92 2326
2327 2328
2329 91
1477 2330
2331 2332
2333 106
1731 490
2 2137
211 20
1637 396
1607 365
97 2334
1609 1961
169 1263
64 2335
333 20
2336 389
2337 2338
1523 675
1941 1405
2315 1193
1053 2339
723 2137
1567 2340
132 1836
1498 30
2341 1150
1262 2342
80 439
2343 91
460 30
1724 1644
92 2344
1113 2345
102 1263
550 266
2201 1265
2346 1873
680 476
2347 2348
1766 375
2280 1120
1238 2349
27 337
2350 2351
1155 487
118 2
97 1235
468 425
2352 964
67 157
323 2353
1123 675
1059 795
1498 307
1843 569
35 2354
2355 2356
260 237
673 1152
1057 694
2357 125
866 619
114 255
2358 2359
663 1677
102 2360
105 320
1607 18
1151 7
401 493
799 603
1078 91
2361 2362
1526 73
1439 398
1286 1533
761 487
924 2363
691 476
2364 2126
2365 24
889 295
233 375
236 2366
1562 450
550 2184
631 487
2367 845
602 914
788 1719
4 2368
2369 41
486 572
825 2370
486 567
135 18
1940 34
1237 2371
826 2372
854 320
1941 1581
2373 1352
792 2374
105 118
1829 59
1898 1163
1357 2375
488 333
116 2165
387 1438
779 320
441 266
426 569
640 2018
1061 3
102 1880
971 659
1980 518
449 1896
1479 6
882 109
2376 1343
2143 2377
2378 567
2378 572
95 344
2185 2379
1743 2380
255 2381
356 2382
2383 289
1141 885
2384 433
1713 508
2385 293
2336 1452
145 422
227 2386
356 266
799 2387
1941 286
857 2388
2389 355
1936 986
661 632
46 508
340 2390
1180 471
2391 1219
1479 125
2392 2308
1936 326
317 61
1385 72
2201 1930
876 1411
489 160
1078 2393
640 2394
561 2395
1719 1048
272 664
1710 882
1141 20
275 422
263 2396
184 85
193 425
757 61
2397 2332
2398 1461
2399 1657
1235 1150
2400 520
1713 7
143 273
340 663
82 444
1221 551
1910 1243
56 84
2401 1799
2402 295
1053 2403
57 255
272 614
2189 2382
2404 2405
2406 2407
185 952
1123 1670
857 2408
1031 2409
509 371
2410 2411
634 2412
2329 2305
584 2413
584 2414
469 1457
1835 32
602 2415
1712 365
2416 615
2417 91
449 1874
2418 2419
1454 2420
62 2421
366 525
1153 2422
1535 2423
50 2424
936 61
1016 2425
184 84
940 659
503 533
2426 2427
2428 1995
1819 1241
1232 632
2193 659
702 1793
2429 493
535 61
1270 349
675 1670
430 2430
2431 779
2432 1224
21 1263
2433 1717
252 1290
1984 632
643 2434
315 2
2435 2436
886 845
1910 39
97 2437
80 224
859 2438
2439 71
761 2083
2439 74
1089 2440
2439 75
1097 646
1577 2055
287 130
184 115
2441 2442
283 745
2443 594
545 553
561 2444
743 2445
497 2446
185 2447
792 2448
78 140
2449 2450
2220 24
258 2451
121 2345
1336 402
1336 501
2452 2453
227 1603
2046 1452
1562 1932
193 336
2454 1389
1091 2455
2456 373
660 770
2457 1090
1464 1838
2419 2458
8 1438
211 217
1488 2459
2460 2461
977 1623
1399 594
903 674
554 992
1189 2462
1462 2463
578 1263
16 302
2158 26
143 963
194 155
1980 519
2432 1539
857 1543
119 785
468 1
1991 646
1985 2464
2465 1457
944 32
1408 1716
441 1450
1822 1884
596 2466
1123 1487
112 2467
2213 964
726 2468
453 2469
193 786
2404 1116
2470 1955
611 551
796 355
338 2471
1178 444
199 493
525 979
255 463
1547 1944
1125 1339
1303 140
432 2472
323 2473
728 61
145 276
1089 2474
735 1286
995 1563
1793 41
2475 2079
1729 949
1713 1684
783 115
133 2476
884 177
752 1139
454 1711
338 1095
534 59
2477 1571
380 63
2094 1372
2478 3
358 217
112 2479
445 20
112 2480
1395 963
1979 2481
116 2482
1052 2483
1562 1896
1000 493
697 2484
449 1563
947 2027
618 867
2485 2486
2207 1506
1151 47
445 1133
329 2021
2487 1840
2036 24
799 1724
2336 103
2488 2489
961 115
207 2490
368 2450
2367 564
894 1620
85 316
454 2457
876 2012
2491 580
322 823
2492 495
411 136
977 1282
693 334
1902 391
1402 2493
786 510
2028 1048
35 2494
1712 61
2219 1410
947 2495
541 2496
2497 1891
1309 937
2407 1533
884 1120
268 1767
2498 2288
2499 5
892 1239
430 2500
1819 307
1030 20
509 130
2501 2502
568 475
2352 2503
857 2504
2505 733
380 2506
854 2507
1761 728
358 18
2508 2059
97 2509
430 2510
2511 2512
592 569
1189 2513
31 1741
374 958
1270 632
2514 3
1199 2515
205 367
627 391
1129 255
2516 812
1309 1705
1309 2405
1125 2517
1868 32
1487 404
2518 652
2199 2519
851 1452
2520 293
1271 808
2521 311
2522 1448
2522 1449
1433 1082
2522 1444
1387 718
2522 1447
78 57
105 84
2466 1656
2523 2524
1307 2525
366 149
141 1410
1528 1144
447 221
1000 1094
2205 333
592 2526
380 1759
143 694
2527 1077
1343 2528
2501 2167
993 1673
1117 1203
472 2529
2530 2288
884 2280
1485 2531
2532 1096
905 2018
725 115
1339 307
1056 977
447 2533
1433 2534
2535 1924
726 2027
1713 507
2536 2537
1560 30
2538 208
453 2539
1519 2540
859 2541
105 85
2542 2543
2155 4
1251 1699
994 61
832 556
1016 2544
194 429
1191 2545
555 979
806 1741
2546 1163
105 337
254 407
2547 2548
2549 2004
2550 1543
222 2551
2552 996
380 2553
589 2554
1941 295
156 22
458 316
1534 2348
205 1631
2108 79
177 334
180 266
2555 733
37 125
59 195
660 365
549 34
254 57
1020 487
955 61
296 2556
2433 1449
1743 659
2433 1448
2433 1447
2557 2558
2433 1444
2559 568
2560 893
129 84
788 20
380 1235
2561 2562
2563 1090
2564 1907
2565 1642
78 115
876 565
2128 59
1057 2566
2144 1048
1659 668
102 675
1433 876
626 391
301 115
1843 592
908 1767
414 1367
0 255
1270 1098
667 320
1342 2567
85 1
99 548
2568 345
2569 1347
272 963
88 43
2570 175
2571 938
2068 1489
857 439
2572 355
2376 332
405 532
2573 202
62 224
2574 1816
706 2575
430 2576
1690 89
112 892
752 39
2505 1723
2577 2018
2578 2579
116 2580
441 2581
80 302
2582 2583
269 1411
2584 311
1069 2585
2253 2586
508 26
1532 2393
933 30
587 686
19 1673
2587 1816
2588 2589
180 2184
1523 266
58 155
1336 1495
2590 26
1829 429
414 330
143 342
114 130
1883 89
751 871
1396 632
116 302
1761 614
2591 599
554 398
2592 567
2592 572
2593 2594
1384 1405
66 1263
900 1330
1957 91
2595 2596
871 61
454 1662
62 2597
2598 75
650 2599
2598 71
2598 74
239 2118
1868 471
2052 24
2054 1726
2476 2600
329 1271
1063 1243
2601 1178
1847 979
581 57
1638 2602
2603 1271
857 63
343 2012
80 392
193 2
2604 1553
262 20
2365 2605
207 2606
1473 2607
940 2608
1052 659
1023 463
1081 2609
2485 203
1894 2055
626 127
2610 24
2409 891
2611 2018
534 694
854 208
799 1563
2083 1020
1567 2612
1523 1263
458 255
1744 333
2613 1413
1817 632
2614 2615
129 140
2616 370
556 334
102 1124
35 2617
1786 1103
112 2618
2619 659
1071 1156
1649 389
733 564
716 659
2620 1367
380 2621
1123 158
1297 1241
804 1156
843 43
1155 632
1503 2622
347 140
2595 2623
931 2336
1464 2624
834 84
2625 206
1069 2626
366 1741
2627 666
545 286
352 1944
2628 2629
459 2
468 255
652 2630
887 2631
255 415
592 2632
1350 702
347 130
1342 332
161 109
421 326
1081 291
869 1861
2633 2436
1239 2463
2357 6
97 483
231 2634
458 84
897 230
2635 2285
1529 71
1529 75
2636 2637
1529 74
231 2638
17 217
365 2090
509 729
2639 2640
1562 2387
2120 2641
1467 2642
2643 78
168 821
2443 1048
900 91
1562 1834
2644 924
734 632
239 1594
348 632
215 619
17 770
428 2152
2376 2645
322 1533
2646 1193
2647 572
2647 567
2293 646
1694 745
2550 2648
2649 2298
1692 869
511 344
2426 2650
680 2
2651 422
161 2314
440 1312
2646 2316
2652 2568
106 85
2653 2654
430 2655
454 1122
1481 89
857 2656
2657 2619
2658 2146
993 61
581 463
236 2659
2088 588
2660 2661
52 115
2547 2662
723 147
2201 1450
354 2572
260 2663
726 2664
788 155
792 2665
2666 1885
680 415
971 1271
32 280
21 266
376 487
1945 1620
1020 632
255 532
2295 24
1108 812
742 439
802 422
2667 2668
154 694
2669 1554
2661 2369
2670 1449
2670 1447
2670 1448
1426 2671
2670 1444
738 74
390 307
1071 429
469 808
738 71
738 75
723 84
2672 208
691 1
2644 2673
942 1791
1855 334
1904 733
352 120
1567 1876
1894 1578
1314 1465
1023 1954
857 2674
2428 332
1477 1504
695 1239
993 20
2675 1631
2676 293
252 1378
1731 160
1827 433
27 415
80 2677
1369 1075
1134 632
1414 476
1418 1
301 255
1638 89
42 328
2678 1108
743 2679
850 2680
1238 2681
1435 24
1521 2671
2682 2657
506 41
441 234
361 517
1748 2683
193 1
2684 782
2685 1352
345 1219
1425 1300
1425 1302
1425 1292
1425 1293
1233 237
84 337
189 2686
611 157
844 1723
390 1241
1177 1716
1251 1301
2687 375
193 407
804 59
1020 349
825 2688
421 2689
857 2690
374 157
784 632
1232 349
484 1958
338 2691
2692 997
2485 533
1597 422
1288 1411
2693 2694
1637 2695
358 61
884 2273
2696 2697
2062 2630
626 307
2698 293
1873 349
283 920
1418 1006
2699 931
67 1263
1218 355
1918 992
184 415
380 2700
2701 515
799 1834
2702 2378
1423 992
1568 849
2703 1364
1753 349
323 2704
2028 594
723 459
2705 2706
143 91
382 833
1248 85
92 2707
1430 1529
114 84
193 106
850 2708
911 2709
2710 451
578 551
1707 703
1341 30
207 2711
734 349
663 598
2712 2713
1169 1492
747 2714
2715 442
2716 2299
62 439
1068 659
1171 255
27 115
2717 821
2705 2718
365 770
2719 2720
440 140
2721 123
474 569
356 1930
2722 217
129 115
2723 2724
1753 487
897 867
936 391
2725 955
469 284
2726 572
2726 567
859 2727
2728 293
2274 41
2729 690
724 57
2730 1303
2299 2731
283 330
1464 266
2732 61
2733 1504
1077 567
1077 572
145 326
130 463
2734 2277
387 26
2735 1445
2429 733
1845 833
1057 91
271 1534
2736 1881
2532 1002
177 1673
2039 851
1984 349
1009 1250
884 2737
1184 1952
2426 2738
750 57
361 1219
1121 429
446 2282
1733 462
1332 2142
2247 2739
611 266
797 2740
193 463
829 125
133 869
173 2424
166 1263
1672 61
1670 375
2741 26
2115 2742
490 871
2112 2743
116 2744
1548 668
406 130
343 1411
333 1673
2745 37
2746 1735
1151 1684
961 255
2747 1286
1016 208
1753 849
2108 84
1254 2748
1045 307
97 2030
406 255
461 217
16 224
1057 333
2749 1179
2560 2463
2750 1299
655 89
1741 899
620 608
2555 845
1640 2751
561 2752
372 2753
859 2754
2755 26
387 8
56 2137
193 130
1046 30
917 284
68 2012
2756 2193
706 2757
911 2758
652 2759
1562 603
2760 1911
2761 1816
675 103
636 307
436 896
415 85
2762 2515
80 2763
1719 594
2764 2146
2429 845
196 2765
90 2305
1464 592
1323 475
1560 1241
272 1958
725 130
1979 659
2054 1578
1372 1271
99 2766
2767 733
2768 2361
260 2769
977 580
1081 2770
545 295
454 109
1385 1490
1262 1944
2189 930
1149 362
783 130
