20,21
20,235,7,26,27,21
20,235,7,197,505,26,27,21
20,235,7,505,26,27,21
20,21,27,26
20,235,7,26
20,235,7,197,505,26
20,235,7,505,26
20,21,27,26,7
20,21,27,26,505,7
20,21,27,26,505,197,7
20,235,7
20,21,27
20,235,7,26,27
20,235,7,197,505,26,27
20,235,7,505,26,27
20,21,27,26,7,197
20,21,27,26,505,197
20,235,7,197
20,235,7,505,197
20,21,27,26,7,235,234
20,21,27,26,505,7,235,234
20,21,27,26,505,197,7,235,234
20,235,234
20,235
20,21,27,26,7,235,254,253
20,21,27,26,505,7,235,254,253
20,21,27,26,505,197,7,235,254,253
20,235,254,253
20,21,27,26,7,235,254
20,21,27,26,505,7,235,254
20,21,27,26,505,197,7,235,254
20,235,254
20,21,27,26,7,235,373
20,21,27,26,505,7,235,373
20,21,27,26,505,197,7,235,373
20,235,373
20,21,27,26,7,235,254,253,444
20,21,27,26,505,7,235,254,253,444
20,21,27,26,505,197,7,235,254,253,444
20,235,254,253,444
20,21,27,26,7,235,254,253,444,214
20,21,27,26,505,7,235,254,253,444,214
20,21,27,26,505,197,7,235,254,253,444,214
20,235,254,253,444,214
20,21,27,26,505
20,235,7,505
20,21,27,26,7,197,505,33
20,21,27,26,7,505,33
20,21,27,26,505,33
20,235,7,26,505,33
20,235,7,197,505,33
20,235,7,505,33
20,21,27,26,7,197,505,304
20,21,27,26,7,505,304
20,21,27,26,505,304
20,235,7,26,505,304
20,235,7,197,505,304
20,235,7,505,304
21,20,235,7,26
21,20,235,7,197,505,26
21,20,235,7,505,26
21,27,26
21,20,235,7
21,27,26,7
21,27,26,505,7
21,27,26,505,197,7
21,27
21,20,235,7,197
21,20,235,7,505,197
21,27,26,7,197
21,27,26,505,197
21,20,235,234
21,27,26,7,235,234
21,27,26,505,7,235,234
21,27,26,505,197,7,235,234
21,20,235
21,27,26,7,235
21,27,26,505,7,235
21,27,26,505,197,7,235
21,20,235,254,253
21,27,26,7,235,254,253
21,27,26,505,7,235,254,253
21,27,26,505,197,7,235,254,253
21,20,235,254
21,27,26,7,235,254
21,27,26,505,7,235,254
21,27,26,505,197,7,235,254
21,20,235,373
21,27,26,7,235,373
21,27,26,505,7,235,373
21,27,26,505,197,7,235,373
21,20,235,254,253,444
21,27,26,7,235,254,253,444
21,27,26,505,7,235,254,253,444
21,27,26,505,197,7,235,254,253,444
21,20,235,254,253,444,214
21,27,26,7,235,254,253,444,214
21,27,26,505,7,235,254,253,444,214
21,27,26,505,197,7,235,254,253,444,214
21,20,235,7,505
21,27,26,505
21,20,235,7,26,505,33
21,20,235,7,197,505,33
21,20,235,7,505,33
21,27,26,7,197,505,33
21,27,26,7,505,33
21,27,26,505,33
21,20,235,7,26,505,304
21,20,235,7,197,505,304
21,20,235,7,505,304
21,27,26,7,197,505,304
21,27,26,7,505,304
21,27,26,505,304
22,23
26,7
26,505,7
26,505,197,7
26,27
26,7,197
26,27,21,20,235,7,197
26,505,197
26,7,235,234
26,27,21,20,235,234
26,505,7,235,234
26,505,197,7,235,234
26,7,235
26,27,21,20,235
26,505,7,235
26,505,197,7,235
26,7,235,254,253
26,27,21,20,235,254,253
26,505,7,235,254,253
26,505,197,7,235,254,253
26,7,235,254
26,27,21,20,235,254
26,505,7,235,254
26,505,197,7,235,254
26,7,235,373
26,27,21,20,235,373
26,505,7,235,373
26,505,197,7,235,373
26,7,235,254,253,444
26,27,21,20,235,254,253,444
26,505,7,235,254,253,444
26,505,197,7,235,254,253,444
26,7,235,254,253,444,214
26,27,21,20,235,254,253,444,214
26,505,7,235,254,253,444,214
26,505,197,7,235,254,253,444,214
26,505
26,7,197,505,33
26,7,505,33
26,27,21,20,235,7,197,505,33
26,27,21,20,235,7,505,33
26,505,33
26,7,197,505,304
26,7,505,304
26,27,21,20,235,7,197,505,304
26,27,21,20,235,7,505,304
26,505,304
7,26,27
7,197,505,26,27
7,235,20,21,27
7,505,26,27
7,197
7,505,197
7,235,234
7,235
7,235,254,253
7,235,254
7,235,373
7,235,254,253,444
7,235,254,253,444,214
7,505
7,197,505,33
7,505,33
7,197,505,304
7,505,304
27,26,7,197
27,26,505,197
27,21,20,235,7,197
27,21,20,235,7,505,197
27,26,7,235,234
27,26,505,7,235,234
27,26,505,197,7,235,234
27,21,20,235,234
27,26,7,235
27,26,505,7,235
27,26,505,197,7,235
27,21,20,235
27,26,7,235,254,253
27,26,505,7,235,254,253
27,26,505,197,7,235,254,253
27,21,20,235,254,253
27,26,7,235,254
27,26,505,7,235,254
27,26,505,197,7,235,254
27,21,20,235,254
27,26,7,235,373
27,26,505,7,235,373
27,26,505,197,7,235,373
27,21,20,235,373
27,26,7,235,254,253,444
27,26,505,7,235,254,253,444
27,26,505,197,7,235,254,253,444
27,21,20,235,254,253,444
27,26,7,235,254,253,444,214
27,26,505,7,235,254,253,444,214
27,26,505,197,7,235,254,253,444,214
27,21,20,235,254,253,444,214
27,26,505
27,21,20,235,7,505
27,26,7,197,505,33
27,26,7,505,33
27,26,505,33
27,21,20,235,7,197,505,33
27,21,20,235,7,505,33
27,26,7,197,505,304
27,26,7,505,304
27,26,505,304
27,21,20,235,7,197,505,304
27,21,20,235,7,505,304
38,39
54,55
54,55,202,206
54,55,206
54,55,202
54,55,316
55,202,206
55,206
55,202
55,316
59,60
59,60,134
59,60,555,134
59,60,162
59,60,162,163
59,60,489
59,60,495
59,60,555
60,134
60,555,134
60,162
60,162,163
60,489
60,495
60,555
63,64
71,31
91,42
91,42,455,456,312,260,246,245
91,42,246,245
91,42,455,456,312,260,246
91,42,246
91,42,455,456,312,260
91,42,246,260
91,42,455,456,312,260,299
91,42,246,260,299
91,42,455,456,312
91,42,246,260,312
91,42,433
91,42,455
91,42,455,456
91,42,246,260,312,456
91,42,455,456,312,260,246,488
91,42,246,488
91,42,455,456,312,260,246,488,501
91,42,246,488,501
42,455,456,312,260,246,245
42,246,245
42,455,456,312,260,246
42,246
42,455,456,312,260
42,246,260
42,455,456,312,260,299
42,246,260,299
42,455,456,312
42,246,260,312
42,433
42,455
42,455,456
42,246,260,312,456
42,455,456,312,260,246,488
42,246,488
42,455,456,312,260,246,488,501
42,246,488,501
100,89
101,102
101,103,225,104,102
101,103,265,102
101,104,225,103,265,102
101,104,102
101,103
101,104,225,103
101,104,102,265,103
101,14
101,104
101,102,265,103,225
101,102,104,225
101,103,225
101,104,225
101,102,265
101,103,265
101,104,225,103,265
101,104,102,265
101,102,265,103,409,408
101,102,104,225,103,409,408
101,103,409,408
101,104,225,103,409,408
101,104,102,265,103,409,408
101,102,265,103,409
101,102,104,225,103,409
101,103,409
101,104,225,103,409
101,104,102,265,103,409
102,101,103
102,265,103
102,104,101,103
102,104,225,103
102,101,14
102,265,103,101,14
102,265,103,225,104,101,14
102,104,101,14
102,104,225,103,101,14
102,265,103,225,104
102,104
102,101,103,225
102,265,103,225
102,104,225
102,265
102,101,103,409,408
102,265,103,409,408
102,104,101,103,409,408
102,104,225,103,409,408
102,101,103,409
102,265,103,409
102,104,101,103,409
102,104,225,103,409
103,101,14
103,225,104,101,14
103,265,102,104,101,14
103,101,104
103,225,104
103,265,102,104
103,225
103,265
103,409,408
103,409
14,101,104
14,101,102,265,103,225
14,101,102,104,225
14,101,103,225
14,101,104,225
14,101,102,265
14,101,103,265
14,101,104,225,103,265
14,101,104,102,265
14,101,102,265,103,409,408
14,101,102,104,225,103,409,408
14,101,103,409,408
14,101,104,225,103,409,408
14,101,104,102,265,103,409,408
14,101,102,265,103,409
14,101,102,104,225,103,409
14,101,103,409
14,101,104,225,103,409
14,101,104,102,265,103,409
104,225
104,101,103,265
104,225,103,265
104,102,265
104,101,103,409,408
104,225,103,409,408
104,102,265,103,409,408
104,101,103,409
104,225,103,409
104,102,265,103,409
109,110
109,543,303,171,170
109,543,170
109,543,303,171
109,543,170,171
109,543,303
109,543
109,543,453
109,543,35
110,109,543,303,171,170
110,109,543,170
110,109,543,303,171
110,109,543,170,171
110,109,543,303
110,109,543
110,109,543,453
110,109,543,35
114,115
114,116
114,117
114,118
114,37
115,114,116
115,114,117
115,114,118
115,114,37
116,114,117
116,114,118
116,114,37
117,114,118
117,114,37
118,114,37
122,123
122,123,334
122,123,482
122,123,85
123,334
123,482
123,85
132,133
134,60,162
134,555,60,162
134,60,162,163
134,555,60,162,163
134,60,489
134,555,60,489
134,60,495
134,555,60,495
134,555
136,137
136,138
136,572
137,136,138
137,136,572
138,136,572
152,153
152,153,480
152,153,531
153,480
153,531
154,155
160,161
162,163
162,60,489
162,60,495
162,60,555
163,162,60,489
163,162,60,495
163,162,60,555
167,168
170,171
170,543,303,171
170,171,303
170,543,303
170,543
170,171,303,543,453
170,543,453
170,171,303,543,35
170,543,35
171,303
171,170,543
171,303,543
171,170,543,453
171,303,543,453
171,170,543,35
171,303,543,35
173,174
173,174,374
173,174,329
174,374
174,329
179,180
179,180,435
180,435
182,183
182,13
182,183,523
183,182,13
183,523
13,182,183,523
187,188
187,219
188,187,219
193,194
193,194,354,353
193,194,354
194,354,353
194,354
195,196
195,249
196,195,249
197,7,26,27,21,20,235,234
197,7,235,234
197,505,7,235,234
197,505,26,27,21,20,235,234
197,7,235
197,505,7,235
197,505,26,27,21,20,235
197,7,26,27,21,20,235,254,253
197,7,235,254,253
197,505,7,235,254,253
197,505,26,27,21,20,235,254,253
197,7,26,27,21,20,235,254
197,7,235,254
197,505,7,235,254
197,505,26,27,21,20,235,254
197,7,26,27,21,20,235,373
197,7,235,373
197,505,7,235,373
197,505,26,27,21,20,235,373
197,7,26,27,21,20,235,254,253,444
197,7,235,254,253,444
197,505,7,235,254,253,444
197,505,26,27,21,20,235,254,253,444
197,7,26,27,21,20,235,254,253,444,214
197,7,235,254,253,444,214
197,505,7,235,254,253,444,214
197,505,26,27,21,20,235,254,253,444,214
197,505
197,505,33
197,505,304
203,204
203,204,441
203,204,581
204,441
204,581
206,202
206,202,55,316
206,55,316
202,55,316
207,208
209,210
209,210,243
209,210,244
210,243
210,244
225,103,265
225,104,101,102,265
225,104,102,265
225,103,409,408
225,104,101,102,265,103,409,408
225,104,102,265,103,409,408
225,103,409
225,104,101,102,265,103,409
225,104,102,265,103,409
230,46
234,235
234,235,254,253
234,235,254
234,235,373
234,235,254,253,444
234,235,254,253,444,214
234,235,7,505
234,235,20,21,27,26,505
234,235,7,26,505,33
234,235,7,197,505,33
234,235,7,505,33
234,235,20,21,27,26,7,197,505,33
234,235,20,21,27,26,7,505,33
234,235,20,21,27,26,505,33
234,235,7,26,505,304
234,235,7,197,505,304
234,235,7,505,304
234,235,20,21,27,26,7,197,505,304
234,235,20,21,27,26,7,505,304
234,235,20,21,27,26,505,304
235,254,253
235,254
235,373
235,254,253,444
235,254,253,444,214
235,7,505
235,20,21,27,26,505
235,7,26,505,33
235,7,197,505,33
235,7,505,33
235,20,21,27,26,505,33
235,7,26,505,304
235,7,197,505,304
235,7,505,304
235,20,21,27,26,505,304
236,224
240,241
243,210,244
245,246
245,246,260
245,246,260,299
245,246,42,455,456,312,260,299
245,246,260,312
245,246,42,455,456,312
245,246,260,312,456,455,42,433
245,246,42,433
245,246,260,312,456,455
245,246,42,455
245,246,260,312,456
245,246,42,455,456
245,246,488
245,246,488,501
246,260
246,260,299
246,42,455,456,312,260,299
246,260,312
246,42,455,456,312
246,260,312,456,455,42,433
246,42,433
246,260,312,456,455
246,42,455
246,260,312,456
246,42,455,456
246,488
246,488,501
251,252
253,254
253,254,235,373
253,444
253,444,214
253,254,235,7,505
253,254,235,20,21,27,26,505
253,254,235,7,26,505,33
253,254,235,7,197,505,33
253,254,235,7,505,33
253,254,235,20,21,27,26,7,197,505,33
253,254,235,20,21,27,26,7,505,33
253,254,235,20,21,27,26,505,33
253,254,235,7,26,505,304
253,254,235,7,197,505,304
253,254,235,7,505,304
253,254,235,20,21,27,26,7,197,505,304
253,254,235,20,21,27,26,7,505,304
253,254,235,20,21,27,26,505,304
254,235,373
254,253,444
254,253,444,214
254,235,7,505
254,235,20,21,27,26,505
254,235,7,26,505,33
254,235,7,197,505,33
254,235,7,505,33
254,235,20,21,27,26,7,197,505,33
254,235,20,21,27,26,7,505,33
254,235,20,21,27,26,505,33
254,235,7,26,505,304
254,235,7,197,505,304
254,235,7,505,304
254,235,20,21,27,26,7,197,505,304
254,235,20,21,27,26,7,505,304
254,235,20,21,27,26,505,304
260,299
260,312
260,246,42,433
260,312,456,455,42,433
260,246,42,455
260,312,456,455
260,246,42,455,456
260,312,456
260,246,488
260,246,488,501
265,103,409,408
265,103,409
275,276
275,417,276
275,417
275,276,417,418
275,276,417,419,418
275,417,418
275,417,419,418
275,276,417,306
275,417,306
275,276,417,419
275,417,419
276,417
276,417,418
276,417,419,418
276,417,306
276,417,419
283,135
285,286
285,287
285,288
286,285,287
286,285,288
287,285,288
298,120
299,260,312
299,260,246,42,433
299,260,312,456,455,42,433
299,260,246,42,455
299,260,312,456,455
299,260,246,42,455,456
299,260,312,456
299,260,246,488
299,260,312,456,455,42,246,488
299,260,246,488,501
299,260,312,456,455,42,246,488,501
303,543
303,543,453
303,543,35
309,310
309,311
309,383
309,459
309,548
310,309,311
310,309,383
310,309,459
310,309,548
311,309,383
311,309,459
311,309,548
312,260,246,42,433
312,456,455,42,433
312,260,246,42,455
312,456,455
312,456
312,260,246,488
312,456,455,42,246,488
312,260,246,488,501
312,456,455,42,246,488,501
315,41
315,338
41,315,338
325,326
325,437
326,325,437
349,350
349,350,410
350,410
353,354
368,369
370,371
370,345
370,371,382
371,370,345
371,382
345,370,371,382
374,174,329
383,309,459
383,309,548
391,84
397,398
397,399
397,400
397,191
398,397,399
398,397,400
398,397,191
399,397,400
399,397,191
400,397,191
408,409
415,293
417,418
417,419,418
417,306
417,419
418,417,306
418,419,417,306
418,419
306,417,419
431,432
433,42,455
433,42,455,456
433,42,246,260,312,456
433,42,455,456,312,260,246,488
433,42,246,488
433,42,455,456,312,260,246,488,501
433,42,246,488,501
373,235,254,253,444
373,235,254,253,444,214
373,235,7,505
373,235,20,21,27,26,505
373,235,7,26,505,33
373,235,7,197,505,33
373,235,7,505,33
373,235,20,21,27,26,7,197,505,33
373,235,20,21,27,26,7,505,33
373,235,20,21,27,26,505,33
373,235,7,26,505,304
373,235,7,197,505,304
373,235,7,505,304
373,235,20,21,27,26,7,197,505,304
373,235,20,21,27,26,7,505,304
373,235,20,21,27,26,505,304
441,204,581
444,214
444,253,254,235,7,505
444,253,254,235,20,21,27,26,505
444,253,254,235,7,26,505,33
444,253,254,235,7,197,505,33
444,253,254,235,7,505,33
444,253,254,235,20,21,27,26,7,197,505,33
444,253,254,235,20,21,27,26,7,505,33
444,253,254,235,20,21,27,26,505,33
444,253,254,235,7,26,505,304
444,253,254,235,7,197,505,304
444,253,254,235,7,505,304
444,253,254,235,20,21,27,26,7,197,505,304
444,253,254,235,20,21,27,26,7,505,304
444,253,254,235,20,21,27,26,505,304
214,444,253,254,235,7,505
214,444,253,254,235,20,21,27,26,505
214,444,253,254,235,7,26,505,33
214,444,253,254,235,7,197,505,33
214,444,253,254,235,7,505,33
214,444,253,254,235,20,21,27,26,7,197,505,33
214,444,253,254,235,20,21,27,26,7,505,33
214,444,253,254,235,20,21,27,26,505,33
214,444,253,254,235,7,26,505,304
214,444,253,254,235,7,197,505,304
214,444,253,254,235,7,505,304
214,444,253,254,235,20,21,27,26,7,197,505,304
214,444,253,254,235,20,21,27,26,7,505,304
214,444,253,254,235,20,21,27,26,505,304
449,111
455,456
455,456,312,260,246,488
455,42,246,488
455,456,312,260,246,488,501
455,42,246,488,501
456,455,42,246,488
456,312,260,246,488
456,455,42,246,488,501
456,312,260,246,488,501
457,50
459,309,548
465,86
472,242
472,242,515
242,515
480,153,531
483,423
488,501
489,60,495
489,60,555
494,355
495,60,555
504,461
505,33
505,304
33,505,304
506,143
527,201
541,56
543,453
543,35
453,543,35
558,559
558,559,40
558,559,544
559,40
559,544
568,290
334,123,482
334,123,85
482,123,85
40,559,544
