0 1
2 3
4 5
6 7
8 9
10 11
12 13
14 15
16 17
18 19
20 21
22 23
24 25
26 27
28 29
30 31
32 33
34 35
36 37
38 39
18 40
29 41
42 33
0 43
40 44
45 46
47 48
31 49
50 51
52 53
54 55
14 42
56 19
57 58
59 18
36 60
61 62
63 64
65 27
66 67
68 44
69 70
71 72
73 74
75 76
77 78
79 80
12 81
82 39
16 83
84 18
85 86
87 88
89 90
91 3
92 6
93 94
95 21
63 96
76 97
98 99
100 101
102 80
59 29
80 103
104 105
106 107
108 109
0 110
29 63
111 19
112 99
29 113
114 27
115 48
46 39
116 117
118 119
12 18
12 39
29 120
121 74
122 123
124 125
126 127
92 128
129 19
109 16
25 18
130 27
131 132
54 133
134 33
29 135
136 19
134 137
138 18
139 91
140 141
142 143
97 144
115 133
145 21
143 146
147 148
149 46
134 150
151 152
153 10
154 3
2 117
61 81
155 156
6 11
157 27
158 18
159 105
160 161
162 133
163 27
164 165
166 167
168 169
54 48
56 141
170 67
92 171
2 91
172 173
29 72
118 174
24 18
175 117
112 176
88 177
139 117
12 145
134 128
143 112
178 179
180 181
142 182
14 33
169 183
184 27
185 186
172 18
187 188
61 39
14 142
28 189
15 190
191 192
193 194
195 196
38 19
197 46
144 198
199 127
200 174
201 44
140 19
36 198
202 18
125 177
203 86
61 13
200 119
12 204
71 46
205 206
207 208
78 209
92 210
211 134
0 212
213 214
215 117
216 27
217 145
138 202
212 51
149 72
218 146
219 179
220 221
222 58
223 27
103 67
87 224
225 109
97 112
226 208
97 146
28 44
227 192
112 98
228 94
229 230
52 154
231 27
97 218
45 72
232 233
162 48
91 117
155 234
235 27
112 218
28 18
29 39
236 232
0 50
237 238
97 239
124 93
240 241
12 242
243 107
244 27
54 245
215 3
246 44
43 247
218 112
194 248
50 110
249 250
251 27
75 92
252 20
152 10
53 117
10 198
253 254
166 255
256 230
257 47
116 3
142 150
258 232
59 44
14 259
260 261
262 28
228 177
263 161
18 44
264 72
59 189
264 46
211 265
139 3
98 123
12 266
129 267
268 269
138 189
97 270
18 84
15 271
224 94
92 148
272 273
172 242
61 204
47 133
274 232
275 39
97 98
175 3
70 186
37 276
36 122
227 194
72 21
134 14
277 181
