1,2
1,3
1,2,183,53,79
1,2,183,53
1,2,183
2,1,3
2,183,53,79
2,183,53
2,183
3,1,2,183,53,79
3,1,2,183,53
3,1,2,183
14,15
14,15,42
14,15,42,6
14,15,42,45,91,6
14,15,42,45,180,6
14,15,42,46,180,6
14,15,42,46,180,45,91,6
14,15,42,47,180,6
14,15,42,47,180,45,91,6
14,15,42,43
14,15,42,44
14,15,42,45
14,15,42,46,180,45
14,15,42,47,180,45
14,15,42,46
14,15,42,47,180,46
14,15,42,47
14,15,75
14,15,42,6,91,45,76
14,15,42,6,180,45,76
14,15,42,45,76
14,15,42,46,180,6,91,45,76
14,15,42,46,180,45,76
14,15,42,47,180,6,91,45,76
14,15,42,47,180,45,76
14,15,42,6,91,45,76,77
14,15,42,6,180,45,76,77
14,15,42,45,76,77
14,15,42,46,180,6,91,45,76,77
14,15,42,46,180,45,76,77
14,15,42,47,180,6,91,45,76,77
14,15,42,47,180,45,76,77
14,15,42,6,91,45,76,78
14,15,42,6,180,45,76,78
14,15,42,45,76,78
14,15,42,46,180,6,91,45,76,78
14,15,42,46,180,45,76,78
14,15,42,47,180,6,91,45,76,78
14,15,42,47,180,45,76,78
14,15,42,6,91,45,76,29
14,15,42,6,180,45,76,29
14,15,42,45,76,29
14,15,42,46,180,6,91,45,76,29
14,15,42,46,180,45,76,29
14,15,42,47,180,6,91,45,76,29
14,15,42,47,180,45,76,29
14,15,42,6,91,45,76,28
14,15,42,6,180,45,76,28
14,15,42,45,76,28
14,15,42,46,180,6,91,45,76,28
14,15,42,46,180,45,76,28
14,15,42,47,180,6,91,45,76,28
14,15,42,47,180,45,76,28
14,15,42,6,85
14,15,42,45,91,6,85
14,15,42,45,180,6,85
14,15,42,46,180,6,85
14,15,42,46,180,45,91,6,85
14,15,42,47,180,6,85
14,15,42,47,180,45,91,6,85
14,15,42,6,91
14,15,42,6,180,45,91
14,15,42,45,91
14,15,42,46,180,6,91
14,15,42,46,180,45,91
14,15,42,47,180,6,91
14,15,42,47,180,45,91
14,15,42,6,91,45,122
14,15,42,6,180,45,122
14,15,42,45,122
14,15,42,46,180,6,91,45,122
14,15,42,46,180,45,122
14,15,42,47,180,6,91,45,122
14,15,42,47,180,45,122
14,15,156
14,15,42,6,91,45,180,18,159
14,15,42,6,180,18,159
14,15,42,45,180,18,159
14,15,42,46,180,18,159
14,15,42,47,180,18,159
14,15,42,6,91,45,180,18
14,15,42,6,180,18
14,15,42,45,180,18
14,15,42,46,180,18
14,15,42,47,180,18
14,15,42,6,180
14,15,42,45,180
14,15,42,46,180
14,15,42,47,180
14,15,42,6,91,45,180,169
14,15,42,6,180,169
14,15,42,45,180,169
14,15,42,46,180,169
14,15,42,47,180,169
15,42
15,42,6
15,42,45,91,6
15,42,45,180,6
15,42,46,180,6
15,42,46,180,45,91,6
15,42,47,180,6
15,42,47,180,45,91,6
15,42,43
15,42,44
15,42,45
15,42,46,180,45
15,42,47,180,45
15,42,46
15,42,47,180,46
15,42,47
15,75
15,42,6,91,45,76
15,42,6,180,45,76
15,42,45,76
15,42,46,180,6,91,45,76
15,42,46,180,45,76
15,42,47,180,6,91,45,76
15,42,47,180,45,76
15,42,6,91,45,76,77
15,42,6,180,45,76,77
15,42,45,76,77
15,42,46,180,6,91,45,76,77
15,42,46,180,45,76,77
15,42,47,180,6,91,45,76,77
15,42,47,180,45,76,77
15,42,6,91,45,76,78
15,42,6,180,45,76,78
15,42,45,76,78
15,42,46,180,6,91,45,76,78
15,42,46,180,45,76,78
15,42,47,180,6,91,45,76,78
15,42,47,180,45,76,78
15,42,6,91,45,76,29
15,42,6,180,45,76,29
15,42,45,76,29
15,42,46,180,6,91,45,76,29
15,42,46,180,45,76,29
15,42,47,180,6,91,45,76,29
15,42,47,180,45,76,29
15,42,6,91,45,76,28
15,42,6,180,45,76,28
15,42,45,76,28
15,42,46,180,6,91,45,76,28
15,42,46,180,45,76,28
15,42,47,180,6,91,45,76,28
15,42,47,180,45,76,28
15,42,6,85
15,42,45,91,6,85
15,42,45,180,6,85
15,42,46,180,6,85
15,42,46,180,45,91,6,85
15,42,47,180,6,85
15,42,47,180,45,91,6,85
15,42,6,91
15,42,6,180,45,91
15,42,45,91
15,42,46,180,6,91
15,42,46,180,45,91
15,42,47,180,6,91
15,42,47,180,45,91
15,42,6,91,45,122
15,42,6,180,45,122
15,42,45,122
15,42,46,180,6,91,45,122
15,42,46,180,45,122
15,42,47,180,6,91,45,122
15,42,47,180,45,122
15,156
15,42,6,91,45,180,18,159
15,42,6,180,18,159
15,42,45,180,18,159
15,42,46,180,18,159
15,42,47,180,18,159
15,42,6,91,45,180,18
15,42,6,180,18
15,42,45,180,18
15,42,46,180,18
15,42,47,180,18
15,42,6,180
15,42,45,180
15,42,46,180
15,42,47,180
15,42,6,91,45,180,169
15,42,6,180,169
15,42,45,180,169
15,42,46,180,169
15,42,47,180,169
21,22
21,22,124
22,124
37,38
37,39
37,39,157
38,37,39
38,37,39,157
39,157
42,6
42,45,91,6
42,45,180,6
42,46,180,6
42,46,180,45,91,6
42,47,180,6
42,47,180,45,91,6
42,43
42,44
42,45
42,46,180,45
42,47,180,45
42,46
42,47,180,46
42,47
42,15,75
42,6,91,45,76
42,6,180,45,76
42,45,76
42,46,180,6,91,45,76
42,46,180,45,76
42,47,180,6,91,45,76
42,47,180,45,76
42,6,91,45,76,77
42,6,180,45,76,77
42,45,76,77
42,46,180,6,91,45,76,77
42,46,180,45,76,77
42,47,180,6,91,45,76,77
42,47,180,45,76,77
42,6,91,45,76,78
42,6,180,45,76,78
42,45,76,78
42,46,180,6,91,45,76,78
42,46,180,45,76,78
42,47,180,6,91,45,76,78
42,47,180,45,76,78
42,6,91,45,76,29
42,6,180,45,76,29
42,45,76,29
42,46,180,6,91,45,76,29
42,46,180,45,76,29
42,47,180,6,91,45,76,29
42,47,180,45,76,29
42,6,91,45,76,28
42,6,180,45,76,28
42,45,76,28
42,46,180,6,91,45,76,28
42,46,180,45,76,28
42,47,180,6,91,45,76,28
42,47,180,45,76,28
42,6,85
42,45,91,6,85
42,45,180,6,85
42,46,180,6,85
42,46,180,45,91,6,85
42,47,180,6,85
42,47,180,45,91,6,85
42,6,91
42,6,180,45,91
42,45,91
42,46,180,6,91
42,46,180,45,91
42,47,180,6,91
42,47,180,45,91
42,6,91,45,122
42,6,180,45,122
42,45,122
42,46,180,6,91,45,122
42,46,180,45,122
42,47,180,6,91,45,122
42,47,180,45,122
42,15,156
42,6,91,45,180,18,159
42,6,180,18,159
42,45,180,18,159
42,46,180,18,159
42,47,180,18,159
42,6,91,45,180,18
42,6,180,18
42,45,180,18
42,46,180,18
42,47,180,18
42,6,180
42,45,180
42,46,180
42,47,180
42,6,91,45,180,169
42,6,180,169
42,45,180,169
42,46,180,169
42,47,180,169
6,42,43
6,91,45,42,43
6,91,45,180,46,42,43
6,91,45,180,47,42,43
6,180,45,42,43
6,180,46,42,43
6,180,47,42,43
6,42,44
6,91,45,42,44
6,91,45,180,46,42,44
6,91,45,180,47,42,44
6,180,45,42,44
6,180,46,42,44
6,180,47,42,44
6,42,45
6,42,46,180,45
6,42,47,180,45
6,91,45
6,180,45
6,42,46
6,42,47,180,46
6,91,45,42,46
6,91,45,42,47,180,46
6,91,45,180,46
6,180,46
6,42,47
6,91,45,42,47
6,91,45,180,47
6,180,47
6,42,15,75
6,91,45,42,15,75
6,91,45,180,46,42,15,75
6,91,45,180,47,42,15,75
6,180,45,42,15,75
6,180,46,42,15,75
6,180,47,42,15,75
6,42,45,76
6,42,46,180,45,76
6,42,47,180,45,76
6,91,45,76
6,180,45,76
6,42,45,76,77
6,42,46,180,45,76,77
6,42,47,180,45,76,77
6,91,45,76,77
6,180,45,76,77
6,42,45,76,78
6,42,46,180,45,76,78
6,42,47,180,45,76,78
6,91,45,76,78
6,180,45,76,78
6,42,45,76,29
6,42,46,180,45,76,29
6,42,47,180,45,76,29
6,91,45,76,29
6,180,45,76,29
6,42,45,76,28
6,42,46,180,45,76,28
6,42,47,180,45,76,28
6,91,45,76,28
6,180,45,76,28
6,85
6,91
6,180,45,91
6,42,45,122
6,42,46,180,45,122
6,42,47,180,45,122
6,91,45,122
6,180,45,122
6,42,15,156
6,91,45,42,15,156
6,91,45,180,46,42,15,156
6,91,45,180,47,42,15,156
6,180,45,42,15,156
6,180,46,42,15,156
6,180,47,42,15,156
6,42,45,180,18,159
6,42,46,180,18,159
6,42,47,180,18,159
6,91,45,42,46,180,18,159
6,91,45,42,47,180,18,159
6,91,45,180,18,159
6,180,18,159
6,42,45,180,18
6,42,46,180,18
6,42,47,180,18
6,91,45,42,46,180,18
6,91,45,42,47,180,18
6,91,45,180,18
6,180,18
6,180
6,42,45,180,169
6,42,46,180,169
6,42,47,180,169
6,91,45,42,46,180,169
6,91,45,42,47,180,169
6,91,45,180,169
6,180,169
43,42,44
43,42,45
43,42,46,180,45
43,42,47,180,45
43,42,46
43,42,47,180,46
43,42,47
43,42,15,75
43,42,6,91,45,76
43,42,6,180,45,76
43,42,45,76
43,42,46,180,6,91,45,76
43,42,46,180,45,76
43,42,47,180,6,91,45,76
43,42,47,180,45,76
43,42,6,91,45,76,77
43,42,6,180,45,76,77
43,42,45,76,77
43,42,46,180,6,91,45,76,77
43,42,46,180,45,76,77
43,42,47,180,6,91,45,76,77
43,42,47,180,45,76,77
43,42,6,91,45,76,78
43,42,6,180,45,76,78
43,42,45,76,78
43,42,46,180,6,91,45,76,78
43,42,46,180,45,76,78
43,42,47,180,6,91,45,76,78
43,42,47,180,45,76,78
43,42,6,91,45,76,29
43,42,6,180,45,76,29
43,42,45,76,29
43,42,46,180,6,91,45,76,29
43,42,46,180,45,76,29
43,42,47,180,6,91,45,76,29
43,42,47,180,45,76,29
43,42,6,91,45,76,28
43,42,6,180,45,76,28
43,42,45,76,28
43,42,46,180,6,91,45,76,28
43,42,46,180,45,76,28
43,42,47,180,6,91,45,76,28
43,42,47,180,45,76,28
43,42,6,85
43,42,45,91,6,85
43,42,45,180,6,85
43,42,46,180,6,85
43,42,46,180,45,91,6,85
43,42,47,180,6,85
43,42,47,180,45,91,6,85
43,42,6,91
43,42,6,180,45,91
43,42,45,91
43,42,46,180,6,91
43,42,46,180,45,91
43,42,47,180,6,91
43,42,47,180,45,91
43,42,6,91,45,122
43,42,6,180,45,122
43,42,45,122
43,42,46,180,6,91,45,122
43,42,46,180,45,122
43,42,47,180,6,91,45,122
43,42,47,180,45,122
43,42,15,156
43,42,6,91,45,180,18,159
43,42,6,180,18,159
43,42,45,180,18,159
43,42,46,180,18,159
43,42,47,180,18,159
43,42,6,91,45,180,18
43,42,6,180,18
43,42,45,180,18
43,42,46,180,18
43,42,47,180,18
43,42,6,180
43,42,45,180
43,42,46,180
43,42,47,180
43,42,6,91,45,180,169
43,42,6,180,169
43,42,45,180,169
43,42,46,180,169
43,42,47,180,169
44,42,45
44,42,46,180,45
44,42,47,180,45
44,42,46
44,42,47,180,46
44,42,47
44,42,15,75
44,42,6,91,45,76
44,42,6,180,45,76
44,42,45,76
44,42,46,180,6,91,45,76
44,42,46,180,45,76
44,42,47,180,6,91,45,76
44,42,47,180,45,76
44,42,6,91,45,76,77
44,42,6,180,45,76,77
44,42,45,76,77
44,42,46,180,6,91,45,76,77
44,42,46,180,45,76,77
44,42,47,180,6,91,45,76,77
44,42,47,180,45,76,77
44,42,6,91,45,76,78
44,42,6,180,45,76,78
44,42,45,76,78
44,42,46,180,6,91,45,76,78
44,42,46,180,45,76,78
44,42,47,180,6,91,45,76,78
44,42,47,180,45,76,78
44,42,6,91,45,76,29
44,42,6,180,45,76,29
44,42,45,76,29
44,42,46,180,6,91,45,76,29
44,42,46,180,45,76,29
44,42,47,180,6,91,45,76,29
44,42,47,180,45,76,29
44,42,6,91,45,76,28
44,42,6,180,45,76,28
44,42,45,76,28
44,42,46,180,6,91,45,76,28
44,42,46,180,45,76,28
44,42,47,180,6,91,45,76,28
44,42,47,180,45,76,28
44,42,6,85
44,42,45,91,6,85
44,42,45,180,6,85
44,42,46,180,6,85
44,42,46,180,45,91,6,85
44,42,47,180,6,85
44,42,47,180,45,91,6,85
44,42,6,91
44,42,6,180,45,91
44,42,45,91
44,42,46,180,6,91
44,42,46,180,45,91
44,42,47,180,6,91
44,42,47,180,45,91
44,42,6,91,45,122
44,42,6,180,45,122
44,42,45,122
44,42,46,180,6,91,45,122
44,42,46,180,45,122
44,42,47,180,6,91,45,122
44,42,47,180,45,122
44,42,15,156
44,42,6,91,45,180,18,159
44,42,6,180,18,159
44,42,45,180,18,159
44,42,46,180,18,159
44,42,47,180,18,159
44,42,6,91,45,180,18
44,42,6,180,18
44,42,45,180,18
44,42,46,180,18
44,42,47,180,18
44,42,6,180
44,42,45,180
44,42,46,180
44,42,47,180
44,42,6,91,45,180,169
44,42,6,180,169
44,42,45,180,169
44,42,46,180,169
44,42,47,180,169
45,42,46
45,42,47,180,46
45,180,46
45,42,47
45,180,47
45,42,15,75
45,180,46,42,15,75
45,180,47,42,15,75
45,76
45,76,77
45,76,78
45,76,29
45,76,28
45,42,6,85
45,42,46,180,6,85
45,42,47,180,6,85
45,91,6,85
45,180,6,85
45,91
45,122
45,42,15,156
45,180,46,42,15,156
45,180,47,42,15,156
45,42,46,180,18,159
45,42,47,180,18,159
45,180,18,159
45,42,46,180,18
45,42,47,180,18
45,180,18
45,180
45,42,46,180,169
45,42,47,180,169
45,180,169
46,42,47
46,180,47
46,42,15,75
46,180,47,42,15,75
46,42,6,91,45,76
46,42,45,76
46,42,47,180,6,91,45,76
46,42,47,180,45,76
46,180,6,91,45,76
46,180,45,76
46,42,6,91,45,76,77
46,42,45,76,77
46,42,47,180,6,91,45,76,77
46,42,47,180,45,76,77
46,180,6,91,45,76,77
46,180,45,76,77
46,42,6,91,45,76,78
46,42,45,76,78
46,42,47,180,6,91,45,76,78
46,42,47,180,45,76,78
46,180,6,91,45,76,78
46,180,45,76,78
46,42,6,91,45,76,29
46,42,45,76,29
46,42,47,180,6,91,45,76,29
46,42,47,180,45,76,29
46,180,6,91,45,76,29
46,180,45,76,29
46,42,6,91,45,76,28
46,42,45,76,28
46,42,47,180,6,91,45,76,28
46,42,47,180,45,76,28
46,180,6,91,45,76,28
46,180,45,76,28
46,42,6,85
46,42,45,91,6,85
46,42,47,180,6,85
46,42,47,180,45,91,6,85
46,180,6,85
46,180,45,91,6,85
46,42,6,91
46,42,45,91
46,42,47,180,6,91
46,42,47,180,45,91
46,180,6,91
46,180,45,91
46,42,6,91,45,122
46,42,45,122
46,42,47,180,6,91,45,122
46,42,47,180,45,122
46,180,6,91,45,122
46,180,45,122
46,42,15,156
46,180,47,42,15,156
46,42,47,180,18,159
46,180,18,159
46,42,47,180,18
46,180,18
46,180
46,42,47,180,169
46,180,169
47,42,15,75
47,42,6,91,45,76
47,42,45,76
47,180,6,91,45,76
47,180,45,76
47,42,6,91,45,76,77
47,42,45,76,77
47,180,6,91,45,76,77
47,180,45,76,77
47,42,6,91,45,76,78
47,42,45,76,78
47,180,6,91,45,76,78
47,180,45,76,78
47,42,6,91,45,76,29
47,42,45,76,29
47,180,6,91,45,76,29
47,180,45,76,29
47,42,6,91,45,76,28
47,42,45,76,28
47,180,6,91,45,76,28
47,180,45,76,28
47,42,6,85
47,42,45,91,6,85
47,180,6,85
47,180,45,91,6,85
47,42,6,91
47,42,45,91
47,180,6,91
47,180,45,91
47,42,6,91,45,122
47,42,45,122
47,180,6,91,45,122
47,180,45,122
47,42,15,156
47,180,18,159
47,180,18
47,180
47,180,169
75,15,42,6,91,45,76
75,15,42,6,180,45,76
75,15,42,45,76
75,15,42,46,180,6,91,45,76
75,15,42,46,180,45,76
75,15,42,47,180,6,91,45,76
75,15,42,47,180,45,76
75,15,42,6,91,45,76,77
75,15,42,6,180,45,76,77
75,15,42,45,76,77
75,15,42,46,180,6,91,45,76,77
75,15,42,46,180,45,76,77
75,15,42,47,180,6,91,45,76,77
75,15,42,47,180,45,76,77
75,15,42,6,91,45,76,78
75,15,42,6,180,45,76,78
75,15,42,45,76,78
75,15,42,46,180,6,91,45,76,78
75,15,42,46,180,45,76,78
75,15,42,47,180,6,91,45,76,78
75,15,42,47,180,45,76,78
75,15,42,6,91,45,76,29
75,15,42,6,180,45,76,29
75,15,42,45,76,29
75,15,42,46,180,6,91,45,76,29
75,15,42,46,180,45,76,29
75,15,42,47,180,6,91,45,76,29
75,15,42,47,180,45,76,29
75,15,42,6,91,45,76,28
75,15,42,6,180,45,76,28
75,15,42,45,76,28
75,15,42,46,180,6,91,45,76,28
75,15,42,46,180,45,76,28
75,15,42,47,180,6,91,45,76,28
75,15,42,47,180,45,76,28
75,15,42,6,85
75,15,42,45,91,6,85
75,15,42,45,180,6,85
75,15,42,46,180,6,85
75,15,42,46,180,45,91,6,85
75,15,42,47,180,6,85
75,15,42,47,180,45,91,6,85
75,15,42,6,91
75,15,42,6,180,45,91
75,15,42,45,91
75,15,42,46,180,6,91
75,15,42,46,180,45,91
75,15,42,47,180,6,91
75,15,42,47,180,45,91
75,15,42,6,91,45,122
75,15,42,6,180,45,122
75,15,42,45,122
75,15,42,46,180,6,91,45,122
75,15,42,46,180,45,122
75,15,42,47,180,6,91,45,122
75,15,42,47,180,45,122
75,15,156
75,15,42,6,91,45,180,18,159
75,15,42,6,180,18,159
75,15,42,45,180,18,159
75,15,42,46,180,18,159
75,15,42,47,180,18,159
75,15,42,6,91,45,180,18
75,15,42,6,180,18
75,15,42,45,180,18
75,15,42,46,180,18
75,15,42,47,180,18
75,15,42,6,180
75,15,42,45,180
75,15,42,46,180
75,15,42,47,180
75,15,42,6,91,45,180,169
75,15,42,6,180,169
75,15,42,45,180,169
75,15,42,46,180,169
75,15,42,47,180,169
76,77
76,78
76,29
76,28
76,45,42,6,85
76,45,42,46,180,6,85
76,45,42,47,180,6,85
76,45,91,6,85
76,45,180,6,85
76,45,91
76,45,180,6,91
76,45,122
76,45,42,15,156
76,45,91,6,42,15,156
76,45,91,6,180,46,42,15,156
76,45,91,6,180,47,42,15,156
76,45,180,6,42,15,156
76,45,180,46,42,15,156
76,45,180,47,42,15,156
76,45,42,6,180,18,159
76,45,42,46,180,18,159
76,45,42,47,180,18,159
76,45,91,6,42,46,180,18,159
76,45,91,6,42,47,180,18,159
76,45,91,6,180,18,159
76,45,180,18,159
76,45,42,6,180,18
76,45,42,46,180,18
76,45,42,47,180,18
76,45,91,6,42,46,180,18
76,45,91,6,42,47,180,18
76,45,91,6,180,18
76,45,180,18
76,45,180
76,45,42,6,180,169
76,45,42,46,180,169
76,45,42,47,180,169
76,45,91,6,42,46,180,169
76,45,91,6,42,47,180,169
76,45,91,6,180,169
76,45,180,169
77,76,78
77,76,29
77,76,28
77,76,45,42,6,85
77,76,45,42,46,180,6,85
77,76,45,42,47,180,6,85
77,76,45,91,6,85
77,76,45,180,6,85
77,76,45,91
77,76,45,180,6,91
77,76,45,122
77,76,45,42,15,156
77,76,45,91,6,42,15,156
77,76,45,91,6,180,46,42,15,156
77,76,45,91,6,180,47,42,15,156
77,76,45,180,6,42,15,156
77,76,45,180,46,42,15,156
77,76,45,180,47,42,15,156
77,76,45,42,6,180,18,159
77,76,45,42,46,180,18,159
77,76,45,42,47,180,18,159
77,76,45,91,6,42,46,180,18,159
77,76,45,91,6,42,47,180,18,159
77,76,45,91,6,180,18,159
77,76,45,180,18,159
77,76,45,42,6,180,18
77,76,45,42,46,180,18
77,76,45,42,47,180,18
77,76,45,91,6,42,46,180,18
77,76,45,91,6,42,47,180,18
77,76,45,91,6,180,18
77,76,45,180,18
77,76,45,180
77,76,45,42,6,180,169
77,76,45,42,46,180,169
77,76,45,42,47,180,169
77,76,45,91,6,42,46,180,169
77,76,45,91,6,42,47,180,169
77,76,45,91,6,180,169
77,76,45,180,169
78,76,29
78,76,28
78,76,45,42,6,85
78,76,45,42,46,180,6,85
78,76,45,42,47,180,6,85
78,76,45,91,6,85
78,76,45,180,6,85
78,76,45,91
78,76,45,180,6,91
78,76,45,122
78,76,45,42,15,156
78,76,45,91,6,42,15,156
78,76,45,91,6,180,46,42,15,156
78,76,45,91,6,180,47,42,15,156
78,76,45,180,6,42,15,156
78,76,45,180,46,42,15,156
78,76,45,180,47,42,15,156
78,76,45,42,6,180,18,159
78,76,45,42,46,180,18,159
78,76,45,42,47,180,18,159
78,76,45,91,6,42,46,180,18,159
78,76,45,91,6,42,47,180,18,159
78,76,45,91,6,180,18,159
78,76,45,180,18,159
78,76,45,42,6,180,18
78,76,45,42,46,180,18
78,76,45,42,47,180,18
78,76,45,91,6,42,46,180,18
78,76,45,91,6,42,47,180,18
78,76,45,91,6,180,18
78,76,45,180,18
78,76,45,180
78,76,45,42,6,180,169
78,76,45,42,46,180,169
78,76,45,42,47,180,169
78,76,45,91,6,42,46,180,169
78,76,45,91,6,42,47,180,169
78,76,45,91,6,180,169
78,76,45,180,169
29,76,28
29,76,45,42,6,85
29,76,45,42,46,180,6,85
29,76,45,42,47,180,6,85
29,76,45,91,6,85
29,76,45,180,6,85
29,76,45,91
29,76,45,180,6,91
29,76,45,122
29,76,45,42,15,156
29,76,45,91,6,42,15,156
29,76,45,91,6,180,46,42,15,156
29,76,45,91,6,180,47,42,15,156
29,76,45,180,6,42,15,156
29,76,45,180,46,42,15,156
29,76,45,180,47,42,15,156
29,76,45,42,6,180,18,159
29,76,45,42,46,180,18,159
29,76,45,42,47,180,18,159
29,76,45,91,6,42,46,180,18,159
29,76,45,91,6,42,47,180,18,159
29,76,45,91,6,180,18,159
29,76,45,180,18,159
29,76,45,42,6,180,18
29,76,45,42,46,180,18
29,76,45,42,47,180,18
29,76,45,91,6,42,46,180,18
29,76,45,91,6,42,47,180,18
29,76,45,91,6,180,18
29,76,45,180,18
29,76,45,180
29,76,45,42,6,180,169
29,76,45,42,46,180,169
29,76,45,42,47,180,169
29,76,45,91,6,42,46,180,169
29,76,45,91,6,42,47,180,169
29,76,45,91,6,180,169
29,76,45,180,169
28,76,45,42,6,85
28,76,45,42,46,180,6,85
28,76,45,42,47,180,6,85
28,76,45,91,6,85
28,76,45,180,6,85
28,76,45,91
28,76,45,180,6,91
28,76,45,122
28,76,45,42,15,156
28,76,45,91,6,42,15,156
28,76,45,91,6,180,46,42,15,156
28,76,45,91,6,180,47,42,15,156
28,76,45,180,6,42,15,156
28,76,45,180,46,42,15,156
28,76,45,180,47,42,15,156
28,76,45,42,6,180,18,159
28,76,45,42,46,180,18,159
28,76,45,42,47,180,18,159
28,76,45,91,6,42,46,180,18,159
28,76,45,91,6,42,47,180,18,159
28,76,45,91,6,180,18,159
28,76,45,180,18,159
28,76,45,42,6,180,18
28,76,45,42,46,180,18
28,76,45,42,47,180,18
28,76,45,91,6,42,46,180,18
28,76,45,91,6,42,47,180,18
28,76,45,91,6,180,18
28,76,45,180,18
28,76,45,180
28,76,45,42,6,180,169
28,76,45,42,46,180,169
28,76,45,42,47,180,169
28,76,45,91,6,42,46,180,169
28,76,45,91,6,42,47,180,169
28,76,45,91,6,180,169
28,76,45,180,169
79,53
79,53,183
53,183
85,6,91
85,6,180,45,91
85,6,42,45,122
85,6,42,46,180,45,122
85,6,42,47,180,45,122
85,6,91,45,122
85,6,180,45,122
85,6,42,15,156
85,6,91,45,42,15,156
85,6,91,45,180,46,42,15,156
85,6,91,45,180,47,42,15,156
85,6,180,45,42,15,156
85,6,180,46,42,15,156
85,6,180,47,42,15,156
85,6,42,45,180,18,159
85,6,42,46,180,18,159
85,6,42,47,180,18,159
85,6,91,45,42,46,180,18,159
85,6,91,45,42,47,180,18,159
85,6,91,45,180,18,159
85,6,180,18,159
85,6,42,45,180,18
85,6,42,46,180,18
85,6,42,47,180,18
85,6,91,45,42,46,180,18
85,6,91,45,42,47,180,18
85,6,91,45,180,18
85,6,180,18
85,6,180
85,6,42,45,180,169
85,6,42,46,180,169
85,6,42,47,180,169
85,6,91,45,42,46,180,169
85,6,91,45,42,47,180,169
85,6,91,45,180,169
85,6,180,169
88,89
91,45,122
91,6,180,45,122
91,45,42,15,156
91,45,180,6,42,15,156
91,45,180,46,42,15,156
91,45,180,47,42,15,156
91,6,42,15,156
91,6,180,46,42,15,156
91,6,180,47,42,15,156
91,45,42,46,180,18,159
91,45,42,47,180,18,159
91,45,180,18,159
91,6,42,46,180,18,159
91,6,42,47,180,18,159
91,6,180,18,159
91,45,42,46,180,18
91,45,42,47,180,18
91,45,180,18
91,6,42,46,180,18
91,6,42,47,180,18
91,6,180,18
91,45,180
91,6,180
91,45,42,46,180,169
91,45,42,47,180,169
91,45,180,169
91,6,42,46,180,169
91,6,42,47,180,169
91,6,180,169
104,105
104,106
105,104,106
122,45,42,15,156
122,45,91,6,42,15,156
122,45,91,6,180,46,42,15,156
122,45,91,6,180,47,42,15,156
122,45,180,6,42,15,156
122,45,180,46,42,15,156
122,45,180,47,42,15,156
122,45,42,6,180,18,159
122,45,42,46,180,18,159
122,45,42,47,180,18,159
122,45,91,6,42,46,180,18,159
122,45,91,6,42,47,180,18,159
122,45,91,6,180,18,159
122,45,180,18,159
122,45,42,6,180,18
122,45,42,46,180,18
122,45,42,47,180,18
122,45,91,6,42,46,180,18
122,45,91,6,42,47,180,18
122,45,91,6,180,18
122,45,180,18
122,45,180
122,45,42,6,180,169
122,45,42,46,180,169
122,45,42,47,180,169
122,45,91,6,42,46,180,169
122,45,91,6,42,47,180,169
122,45,91,6,180,169
122,45,180,169
156,15,42,6,91,45,180,18,159
156,15,42,6,180,18,159
156,15,42,45,180,18,159
156,15,42,46,180,18,159
156,15,42,47,180,18,159
156,15,42,6,91,45,180,18
156,15,42,6,180,18
156,15,42,45,180,18
156,15,42,46,180,18
156,15,42,47,180,18
156,15,42,6,180
156,15,42,45,180
156,15,42,46,180
156,15,42,47,180
156,15,42,6,91,45,180,169
156,15,42,6,180,169
156,15,42,45,180,169
156,15,42,46,180,169
156,15,42,47,180,169
159,18
159,18,180
159,18,180,169
18,180
18,180,169
163,164
167,20
172,137
172,41
137,172,41
180,169
