[39, 40, 219]
[0, 71, 72, 40, 219]
[43, 0, 1, 315]
[40, 204, 255]
[40, 41, 42]
[239, 240]
[145, 102, 103]
[155, 25, 318]
[125, 66, 138]
[232, 8, 92, 33]
[195, 140, 328]
[172, 173]
[39, 41, 40, 204]
[66, 78]
[60, 18]
[282, 176]
[56, 57, 17]
[210, 185]
[259, 43, 0, 71, 283]
[54, 108]
[22, 27]
[12, 56, 151, 105]
[130, 131]
[164, 140]
[43, 0, 1, 338]
[321, 3, 153, 154]
[202, 176]
[54, 55]
[66, 146, 147]
[128, 112, 29, 105]
[25, 44]
[211, 212]
[71, 72, 40]
[60, 18, 6]
[177, 84]
[284, 48]
[0, 1, 111]
[259, 43, 0, 263]
[156, 39, 40, 41]
[25, 318]
[199, 200]
[155, 156, 39, 40, 41]
[208, 322]
[69, 70]
[277, 200]
[143, 144]
[60, 18, 5]
[218, 17]
[94, 95]
[72, 40, 41]
[120, 81, 15, 105]
[125, 18, 300]
[28, 197]
[25, 208]
[93, 18]
[115, 32, 33]
[149, 33]
[265, 38, 269]
[160, 332]
[307, 211]
[39, 40, 204]
[71, 72, 42]
[146, 147]
[0, 71, 72, 40, 204]
[120, 81, 15]
[205, 33]
[306, 94, 159]
[155, 25, 208]
[74, 75]
[0, 48]
[275, 165, 166]
[300, 18, 6, 5]
[68, 18, 6, 5]
[128, 206]
[66, 67]
[155, 156, 39, 41, 40, 219]
[253, 166]
[174, 220, 18]
[314, 89]
[54, 218]
[58, 59]
[120, 15, 105]
[43, 0, 71, 72, 40]
[186, 92, 33]
[29, 105]
[12, 56, 151]
[39, 133]
[196, 86, 101]
[331, 140]
[190, 191]
[4, 18]
[40, 204, 251]
[119, 218, 17]
[156, 39, 41, 40, 255]
[66, 146]
[307, 211, 212, 224]
[118, 119, 108, 105]
[247, 4, 66, 146, 147]
[68, 93, 18, 300]
[188, 189]
[327, 19]
[14, 15, 105]
[125, 18]
[43, 0, 71]
[235, 236]
[1, 111]
[22, 23]
[247, 4, 66, 84, 203]
[271, 62]
[247, 4, 66, 78]
[152, 136]
[2, 3]
[66, 84, 203]
[65, 151, 105]
[60, 18, 300]
[174, 220, 18, 19]
[87, 88]
[187, 19]
[215, 178]
[248, 249]
[335, 78]
[128, 112, 197]
[43, 0, 71, 72, 42]
[258, 102]
[7, 8, 92]
[40, 255]
[325, 99]
[333, 287]
[247, 4, 66, 67]
[201, 55]
[258, 102, 103]
[180, 181]
[141, 142]
[308, 182]
[72, 40, 255]
[18, 6, 5]
[43, 0]
[266, 267]
[174, 18, 6, 5]
[259, 43, 0, 284]
[4, 18, 5]
[114, 203]
[120, 81]
[125, 18, 19]
[192, 329]
[14, 24, 17]
[217, 5]
[276, 272]
[290, 291]
[34, 19]
[259, 43, 0, 71, 72]
[208, 159]
[220, 18, 6, 5]
[12, 151, 105]
[66, 169]
[4, 18, 6]
[300, 18, 19]
[125, 66, 84]
[198, 92, 33]
[303, 304]
[39, 41, 40, 204, 251]
[83, 84]
[155, 25, 208, 159]
[247, 4, 18]
[135, 178]
[301, 302, 94, 159]
[157, 32]
[198, 92]
[73, 18, 19]
[193, 329]
[140, 305]
[275, 210, 185]
[20, 78]
[20, 18, 300]
[155, 156, 39, 41, 40]
[331, 140, 305]
[4, 66, 169]
[43, 207]
[71, 72, 40, 41, 42]
[39, 41, 40, 255]
[63, 64]
[155, 156, 39, 41, 40, 204, 255]
[156, 39, 41, 40, 219]
[220, 18, 6]
[41, 40, 204, 251]
[270, 5]
[73, 18, 6]
[220, 18, 300]
[4, 66]
[300, 18, 5]
[39, 221]
[66, 146, 175]
[220, 18]
[156, 39, 41, 42]
[192, 193, 329]
[213, 214]
[331, 140, 328]
[4, 66, 146]
[73, 18, 300]
[81, 15]
[34, 309]
[220, 18, 5]
[46, 19]
[155, 156, 39, 40, 219]
[259, 43]
[73, 18, 5]
[155, 156, 39, 49]
[37, 38, 269]
[94, 159]
[118, 119, 218, 17]
[43, 0, 71, 72]
[156, 39, 41, 40, 204, 255]
[300, 18, 6]
[247, 4, 66]
[68, 18]
[12, 56]
[28, 197, 17]
[211, 212, 224]
[102, 103]
[104, 17]
[229, 230]
[247, 4, 18, 300]
[43, 0, 1, 111]
[182, 183]
[113, 114, 203]
[123, 124]
[41, 40, 219]
[91, 92, 33]
[56, 151]
[300, 18]
[155, 25, 26]
[177, 59]
[186, 92]
[144, 291]
[84, 203]
[35, 36]
[43, 44]
[155, 156, 39, 204, 251]
[3, 153, 209]
[18, 5]
[108, 105]
[259, 43, 0, 48]
[167, 168, 234]
[96, 19]
[156, 39, 41, 40]
[259, 43, 0, 71, 72, 40, 255]
[25, 26]
[65, 57]
[153, 209]
[52, 98]
[125, 66, 146, 147]
[215, 136]
[0, 1]
[0, 71, 72, 40, 255]
[106, 107]
[43, 0, 284]
[326, 70]
[285, 33]
[83, 59]
[93, 18, 5]
[164, 140, 305]
[68, 93, 18, 19]
[125, 66, 146]
[20, 18, 5]
[192, 193]
[156, 39, 40, 255]
[99, 134]
[155, 156, 39, 133, 95]
[2, 3, 153]
[41, 40, 204, 255]
[155, 156, 39, 40, 204]
[155, 156, 39, 41, 40, 204]
[247, 4, 66, 146, 175]
[125, 66, 78]
[292, 293]
[18, 19]
[40, 204]
[158, 80]
[294, 295]
[43, 0, 263]
[11, 8, 92]
[118, 108, 105]
[30, 31]
[155, 25, 208, 322]
[28, 206]
[93, 18, 6]
[155, 156, 39, 204]
[156, 39, 41, 40, 204, 251]
[316, 317]
[1, 338]
[39, 40, 41, 42]
[125, 66, 169]
[20, 45]
[8, 92, 33]
[81, 24, 17]
[319, 320]
[155, 156, 39, 41, 40, 204, 251]
[167, 168]
[0, 71, 72, 40, 204, 251]
[12, 56, 57]
[71, 171]
[68, 18, 19]
[72, 40, 41, 42]
[125, 66, 67]
[156, 39, 41, 40, 204]
[247, 4, 18, 19]
[20, 21]
[68, 18, 5]
[259, 43, 0, 71, 171]
[133, 95]
[259, 43, 0, 71, 72, 42]
[247, 4, 18, 6]
[155, 25, 110]
[307, 211, 212]
[93, 18, 19]
[275, 210]
[85, 86]
[112, 29]
[155, 156, 39, 41, 42]
[306, 94]
[28, 29]
[71, 283]
[125, 66, 330]
[50, 51]
[259, 43, 0, 71, 72, 40, 41]
[286, 287]
[68, 18, 6]
[0, 71, 72, 40, 204, 255]
[65, 151]
[155, 156, 39, 42]
[81, 24]
[99, 100]
[195, 140, 305]
[174, 18, 6]
[93, 18, 6, 5]
[43, 48]
[121, 122]
[39, 133, 95]
[1, 315]
[125, 18, 6]
[288, 253, 166]
[109, 110]
[247, 4, 18, 5]
[71, 72, 40, 255]
[125, 18, 5]
[155, 156, 39, 204, 255]
[292, 51]
[265, 38]
[250, 194]
[40, 41]
[174, 220, 18, 300]
[321, 3, 153]
[174, 220, 18, 6]
[11, 8]
[22, 246, 251]
[174, 220, 18, 5]
[12, 151]
[323, 324]
[20, 18, 6]
[104, 105]
[157, 32, 33]
[289, 185]
[73, 21]
[321, 3]
[184, 185]
[259, 43, 0, 1, 338]
[22, 95]
[247, 4, 66, 146]
[112, 197]
[113, 114]
[243, 32, 33]
[25, 208, 159]
[155, 156, 39, 40]
[0, 71, 283]
[155, 25, 44]
[177, 84, 203]
[15, 105]
[56, 151, 105]
[250, 105]
[4, 66, 84, 203]
[56, 57]
[85, 86, 101]
[20, 179]
[259, 43, 0, 1, 315]
[72, 40, 204, 255]
[40, 219]
[155, 156, 39]
[247, 4, 66, 169]
[132, 5]
[43, 0, 71, 283]
[302, 94, 95]
[155, 156, 39, 41]
[325, 99, 100]
[259, 43, 44]
[268, 84, 203]
[156, 39, 40, 219]
[174, 18, 5]
[82, 32, 33]
[155, 156]
[9, 10]
[39, 40, 204, 251]
[4, 18, 300]
[0, 71, 72, 40, 41]
[54, 108, 105]
[156, 39, 40, 204, 255]
[259, 43, 0, 71, 72, 40, 204, 251]
[0, 71, 72]
[123, 176]
[337, 189]
[222, 161]
[128, 112, 197, 17]
[76, 78]
[334, 181]
[47, 105]
[43, 0, 71, 171]
[223, 224]
[79, 80]
[4, 18, 19]
[184, 166]
[53, 17]
[43, 0, 71, 72, 40, 204, 251]
[43, 0, 1]
[90, 59]
[83, 84, 203]
[164, 140, 328]
[228, 211, 212]
[125, 66, 146, 175]
[256, 33]
[196, 86]
[128, 112, 29]
[177, 59, 78]
[76, 77]
[250, 17]
[4, 66, 146, 147]
[58, 84, 203]
[71, 72, 40, 41]
[118, 119]
[288, 289, 185]
[4, 66, 84]
[52, 10]
[72, 40, 219]
[325, 99, 134]
[156, 39]
[126, 127]
[4, 97]
[174, 220]
[259, 43, 0, 71, 72, 40]
[321, 3, 153, 209]
[39, 204]
[24, 17]
[156, 39, 204, 251]
[38, 269]
[128, 112]
[0, 71]
[18, 6]
[39, 41]
[156, 39, 49]
[0, 71, 72, 40, 41, 42]
[247, 4, 66, 138]
[259, 43, 0, 71, 72, 40, 204]
[118, 55]
[308, 182, 183]
[63, 134]
[4, 66, 78]
[212, 224]
[155, 156, 39, 41, 40, 255]
[20, 18]
[156, 39, 40, 204]
[259, 43, 0, 71, 72, 40, 41, 42]
[273, 274]
[68, 93, 18, 6, 5]
[168, 234]
[41, 40, 204]
[120, 15]
[306, 94, 95]
[39, 40, 41]
[302, 94]
[155, 156, 39, 133]
[6, 5]
[39, 204, 251]
[12, 13]
[296, 102, 103]
[39, 40]
[72, 40, 204, 251]
[195, 140]
[112, 197, 17]
[197, 17]
[216, 189]
[53, 105]
[4, 66, 67]
[39, 41, 42]
[259, 43, 171]
[4, 66, 138]
[313, 13]
[155, 156, 39, 40, 255]
[2, 3, 153, 209]
[7, 8]
[8, 92]
[288, 289]
[0, 71, 72, 42]
[165, 166]
[63, 231]
[18, 300]
[72, 42]
[156, 39, 133]
[0, 71, 171]
[11, 8, 92, 33]
[59, 78]
[268, 84]
[145, 102]
[151, 105]
[39, 40, 204, 255]
[43, 0, 284, 48]
[259, 43, 48]
[288, 253]
[310, 206]
[275, 165]
[226, 227]
[63, 100]
[247, 4, 18, 6, 5]
[247, 4, 66, 330]
[93, 18, 300]
[246, 251]
[220, 18, 19]
[301, 302, 94]
[71, 72, 40, 204, 251]
[43, 0, 71, 72, 40, 255]
[14, 89]
[116, 225]
[43, 0, 71, 72, 40, 204, 255]
[156, 39, 221]
[190, 242]
[259, 43, 0, 71, 72, 40, 219]
[39, 42]
[125, 97]
[140, 328]
[247, 4, 97]
[4, 66, 330]
[65, 13]
[76, 45]
[86, 101]
[128, 29, 105]
[39, 41, 40]
[129, 78]
[174, 18, 300]
[155, 25]
[0, 1, 315]
[72, 40]
[116, 117]
[32, 33]
[43, 0, 71, 72, 40, 41]
[156, 39, 204, 255]
[60, 18, 19]
[228, 211]
[155, 156, 39, 221]
[16, 17]
[53, 194]
[125, 66]
[71, 72]
[20, 179, 203]
[66, 138]
[257, 189]
[311, 249]
[170, 92]
[22, 23, 244]
[125, 18, 6, 5]
[153, 154]
[302, 94, 159]
[68, 93, 18, 5]
[73, 18]
[28, 29, 105]
[4, 18, 6, 5]
[187, 107]
[65, 57, 17]
[259, 43, 0, 284, 48]
[0, 1, 338]
[204, 251]
[71, 72, 40, 204]
[160, 264]
[243, 32]
[0, 284, 48]
[61, 62]
[118, 119, 108]
[39, 204, 255]
[228, 211, 212, 224]
[68, 93, 18, 6]
[137, 134]
[202, 124]
[43, 0, 71, 72, 40, 204]
[7, 8, 92, 33]
[90, 59, 78]
[9, 98]
[14, 24]
[115, 32]
[37, 38]
[125, 66, 84, 203]
[254, 127]
[106, 19]
[301, 302, 94, 95]
[39, 41, 40, 204, 255]
[82, 32]
[268, 59]
[312, 200]
[155, 156, 39, 40, 204, 255]
[247, 4, 5]
[66, 84]
[71, 72, 40, 204, 255]
[66, 330]
[162, 163]
[156, 39, 133, 95]
[20, 18, 19]
[12, 56, 57, 17]
[279, 203]
[174, 220, 18, 6, 5]
[43, 0, 71, 72, 40, 219]
[298, 8]
[280, 281]
[139, 140]
[260, 261]
[259, 43, 0, 1, 111]
[68, 97]
[120, 81, 24, 17]
[156, 39, 42]
[146, 175]
[262, 122]
[2, 3, 153, 154]
[119, 108, 105]
[20, 233]
[259, 43, 0]
[37, 274]
[41, 42]
[43, 0, 48]
[174, 18]
[4, 66, 146, 175]
[0, 71, 72, 40]
[71, 72, 40, 219]
[299, 224]
[150, 100]
[0, 284]
[20, 148]
[20, 245]
[47, 17]
[3, 153]
[301, 302]
[43, 0, 71, 72, 40, 41, 42]
[298, 8, 92, 33]
[39, 49]
[156, 39, 41]
[22, 246]
[252, 200]
[259, 43, 0, 1]
[237, 238]
[118, 108]
[68, 18, 300]
[268, 59, 78]
[0, 263]
[179, 203]
[14, 15]
[259, 297]
[39, 40, 255]
[170, 92, 33]
[83, 59, 78]
[3, 153, 154]
[259, 43, 207]
[204, 255]
[23, 244]
[72, 40, 204]
[156, 39, 40]
[58, 84]
[271, 272]
[232, 8]
[41, 40]
[25, 208, 322]
[41, 40, 255]
[39, 41, 40, 219]
[68, 93, 18]
[16, 105]
[135, 136]
[278, 31]
[150, 134]
[155, 156, 39, 40, 41, 42]
[120, 81, 24]
[20, 18, 6, 5]
[118, 119, 218]
[156, 39, 40, 204, 251]
[292, 336]
[296, 102]
[76, 245]
[76, 233]
[247, 4]
[259, 43, 0, 71, 72, 40, 204, 255]
[92, 33]
[4, 5]
[81, 15, 105]
[155, 156, 39, 40, 204, 251]
[60, 18, 6, 5]
[143, 144, 291]
[119, 108]
[232, 8, 92]
[125, 5]
[241, 36]
[46, 78]
[160, 161]
[120, 89]
[43, 171]
[112, 29, 105]
[139, 140, 328]
[73, 18, 6, 5]
[156, 39, 204]
[128, 29]
[54, 218, 17]
[298, 8, 92]
[137, 100]
[57, 17]
[58, 59, 78]
[68, 93]
[174, 18, 19]
[119, 218]
[259, 43, 0, 71]
[25, 110]
[91, 92]
[156, 39, 40, 41, 42]
[139, 140, 305]
[247, 4, 66, 84]
