[177, 61]
[53, 263]
[87, 151]
[228, 1, 109, 147]
[262, 27, 324]
[49, 290]
[144, 229]
[26, 153]
[26, 262]
[159, 6, 65, 106]
[321, 322]
[111, 112, 26, 262, 27, 212, 172]
[26, 262, 27, 212]
[264, 332]
[30, 95, 96, 63, 55]
[30, 95, 96, 63, 27, 342]
[91, 92, 17, 77]
[134, 275, 33, 4]
[30, 95, 96, 63]
[130, 131]
[39, 297]
[90, 49, 50]
[111, 112, 26, 262]
[111, 112, 26, 153]
[223, 156, 77]
[90, 49, 74]
[169, 2, 49, 293, 308]
[179, 30, 95, 96, 63, 27, 262]
[112, 26, 27]
[117, 118]
[63, 27, 324]
[179, 30, 305]
[194, 137]
[260, 190]
[27, 324]
[135, 65, 106]
[32, 146]
[145, 33]
[232, 279]
[178, 104]
[253, 374]
[62, 42, 74]
[334, 335]
[46, 47]
[130, 166]
[111, 112, 26, 27, 324]
[70, 71]
[179, 30, 95]
[122, 152, 33, 213]
[30, 95, 217]
[214, 352, 149]
[312, 252]
[99, 100, 359]
[78, 79]
[112, 26, 27, 262]
[167, 258]
[39, 297, 77]
[32, 220]
[152, 33, 21]
[111, 112, 26, 27, 212]
[112, 26, 266]
[243, 313]
[272, 42, 74]
[13, 12]
[262, 27, 212, 172]
[86, 87]
[2, 49, 142, 143]
[7, 297, 77]
[355, 158]
[177, 56, 13, 12]
[2, 49, 119]
[275, 33]
[167, 259]
[138, 139]
[222, 118]
[2, 49, 74]
[82, 83]
[32, 124]
[90, 49, 293, 308]
[2, 33, 213]
[2, 49, 50]
[63, 27]
[66, 67]
[159, 6]
[30, 320]
[114, 115]
[287, 288]
[26, 262, 27, 324]
[134, 275, 33, 3]
[112, 26, 27, 212, 172]
[317, 89]
[353, 104, 278]
[30, 95, 96, 305]
[264, 333]
[269, 238]
[49, 50]
[6, 65, 106]
[317, 123]
[49, 74]
[33, 21]
[111, 112, 26, 94]
[216, 217]
[224, 61]
[16, 316, 12]
[150, 3]
[27, 212]
[26, 262, 27, 212, 172]
[169, 2, 49, 119]
[169, 2, 49]
[241, 66, 300]
[114, 346]
[2, 49, 293, 308]
[38, 12]
[235, 236]
[286, 74]
[70, 256]
[90, 49, 293, 294]
[22, 23]
[323, 252]
[26, 262, 27]
[30, 95, 216]
[49, 293, 308]
[53, 74]
[30, 95, 96, 63, 27, 324]
[243, 12]
[152, 33, 4]
[2, 3]
[91, 17, 77]
[326, 327]
[356, 241, 66, 67]
[90, 49, 371]
[276, 298]
[90, 49, 142]
[26, 262, 27, 342]
[32, 33, 213]
[82, 83, 143]
[354, 6, 65]
[248, 249]
[63, 27, 212, 172]
[185, 142]
[30, 217]
[179, 30, 95, 253, 374]
[125, 126]
[169, 2, 49, 142, 143]
[33, 213]
[152, 33, 3]
[257, 6, 65, 106]
[336, 58, 106]
[179, 30, 95, 96, 63, 27, 342]
[98, 97]
[203, 106]
[27, 212, 342]
[98, 73]
[213, 33, 21]
[90, 49, 142, 143]
[93, 3]
[122, 33, 3]
[134, 33, 4]
[144, 300]
[179, 30, 95, 96, 63]
[44, 73]
[92, 17]
[272, 142]
[26, 27, 212, 172]
[95, 96, 63, 27]
[44, 97]
[2, 33, 3]
[282, 283]
[101, 102]
[122, 33, 213]
[88, 123]
[219, 210, 158]
[223, 151]
[62, 42]
[140, 141]
[122, 33, 4]
[196, 197]
[314, 100, 242]
[26, 27]
[49, 293]
[91, 92, 316]
[95, 253]
[148, 149]
[112, 26, 212, 342]
[169, 2, 33]
[169, 2, 33, 4, 3]
[169, 2, 69]
[96, 63, 27, 212, 172]
[154, 256]
[169, 2, 33, 4]
[2, 33, 4]
[30, 95, 216, 217]
[30, 95, 96, 63, 27, 212]
[14, 144, 300]
[48, 297, 77]
[168, 172]
[96, 63, 27, 262]
[132, 133]
[95, 96, 63, 27, 262]
[49, 371]
[134, 275, 33]
[96, 63, 55]
[272, 42]
[2, 33, 4, 3]
[32, 33, 4, 3]
[76, 12]
[276, 277]
[258, 337]
[328, 219, 210, 158]
[304, 65, 106]
[169, 2, 33, 3]
[95, 96, 63, 27, 212, 342]
[17, 77]
[57, 58, 106]
[30, 305]
[111, 112]
[293, 294]
[356, 241, 66]
[30, 95, 96, 63, 27]
[178, 104, 278]
[49, 142]
[122, 152, 33]
[306, 307]
[26, 212, 172]
[53, 54]
[86, 139]
[107, 108]
[112, 26, 55]
[179, 30, 95, 345]
[187, 188]
[156, 77]
[7, 39]
[177, 56]
[339, 340]
[157, 158]
[42, 74]
[112, 26, 262, 27, 212]
[14, 144, 229]
[134, 33, 3]
[43, 33, 4]
[9, 13, 12]
[183, 184]
[99, 100, 242]
[179, 30, 95, 253, 366]
[30, 95, 96, 63, 27, 262]
[41, 42, 74]
[214, 215, 118]
[208, 209]
[112, 26, 262, 27, 342]
[267, 268]
[103, 104]
[262, 27, 342]
[7, 39, 297, 77]
[169, 2, 3]
[179, 30, 95, 96, 63, 27, 212, 172]
[30, 95, 96, 63, 27, 212, 172]
[218, 219, 210]
[204, 205]
[349, 188]
[95, 253, 366]
[344, 283]
[33, 4, 3]
[116, 100]
[180, 42, 74]
[6, 65]
[253, 280]
[90, 33, 213]
[9, 10, 77]
[90, 33, 3]
[90, 33, 21]
[114, 372]
[155, 115]
[35, 12]
[122, 33, 21]
[304, 65]
[111, 14, 144, 300]
[112, 26]
[303, 161]
[285, 174]
[30, 95, 253, 366]
[133, 250]
[244, 100, 242]
[63, 55]
[111, 112, 26, 27]
[177, 10]
[185, 42, 74]
[103, 104, 278]
[122, 152]
[191, 148, 149]
[0, 1]
[223, 156]
[257, 6]
[7, 39, 40, 12]
[63, 27, 342]
[84, 325]
[90, 33, 4]
[43, 33]
[328, 219, 210]
[228, 1]
[48, 8]
[63, 27, 212]
[111, 14, 144]
[321, 338]
[347, 261, 348]
[180, 142, 143]
[192, 193]
[112, 26, 262, 27, 324]
[179, 30, 95, 217]
[132, 250]
[10, 77]
[49, 293, 294]
[90, 33, 4, 3]
[214, 215]
[18, 19]
[159, 6, 65]
[343, 252]
[9, 13]
[30, 31]
[176, 81]
[347, 261]
[38, 313]
[254, 309]
[167, 258, 337]
[145, 33, 4, 3]
[239, 21]
[26, 262, 55]
[32, 33, 21]
[329, 330]
[167, 168]
[179, 30, 95, 216]
[275, 33, 213]
[362, 319]
[95, 96]
[90, 49, 290]
[92, 316]
[112, 26, 262, 27, 212, 342]
[20, 21]
[39, 40, 12]
[179, 30]
[219, 210]
[124, 143]
[95, 96, 63, 27, 262, 55]
[32, 124, 143]
[109, 147]
[112, 26, 262, 27]
[32, 74]
[95, 345]
[206, 207]
[254, 306]
[1, 109]
[222, 149]
[116, 100, 242]
[28, 29]
[112, 26, 262]
[134, 69]
[315, 60, 75]
[112, 26, 153]
[90, 49, 293]
[134, 33]
[354, 6, 65, 106]
[99, 100]
[356, 241, 66, 300]
[360, 66]
[179, 30, 95, 96, 199]
[145, 33, 21]
[262, 55]
[120, 121]
[262, 27, 212, 342]
[109, 110]
[180, 142]
[228, 1, 109, 110]
[30, 95, 253, 374]
[275, 33, 21]
[53, 220]
[221, 127]
[306, 309]
[102, 205]
[189, 190]
[60, 75]
[179, 30, 95, 96]
[262, 27, 212]
[111, 112, 26, 94, 67]
[111, 112, 26, 27, 342]
[86, 87, 151]
[132, 133, 250]
[297, 77]
[145, 33, 213]
[230, 231]
[318, 106]
[113, 58, 106]
[64, 65]
[179, 30, 95, 253]
[111, 14]
[2, 49]
[26, 27, 342]
[186, 3]
[96, 63, 27, 212, 342]
[177, 56, 13]
[232, 21]
[187, 268]
[179, 211]
[87, 151, 12]
[7, 39, 297]
[20, 361]
[80, 81]
[72, 73]
[72, 97]
[289, 310]
[101, 102, 205]
[360, 66, 300]
[365, 8]
[2, 49, 142]
[111, 112, 26, 262, 27, 324]
[275, 33, 4, 3]
[90, 33]
[90, 69]
[112, 26, 27, 324]
[134, 33, 21]
[202, 108]
[291, 292]
[41, 142, 143]
[26, 94, 67]
[206, 373]
[134, 33, 213]
[105, 106]
[56, 10]
[2, 49, 371]
[9, 10]
[86, 156, 77]
[96, 63, 27, 212]
[260, 261, 348]
[44, 331]
[169, 2, 49, 290]
[215, 118]
[315, 60]
[356, 241]
[95, 216]
[195, 143]
[84, 85]
[41, 142]
[91, 92, 316, 12]
[7, 297]
[86, 156]
[142, 143]
[223, 139]
[91, 17]
[43, 33, 21]
[100, 359]
[303, 161, 162]
[33, 4]
[91, 92, 17]
[90, 49, 119]
[111, 112, 26, 262, 27, 212]
[179, 30, 95, 96, 305]
[63, 27, 262]
[244, 100]
[95, 217]
[111, 112, 26, 55]
[59, 60]
[95, 96, 63, 27, 342]
[96, 63, 27, 324]
[26, 27, 212]
[272, 142, 143]
[134, 275, 33, 4, 3]
[95, 96, 305]
[341, 137]
[68, 21]
[244, 100, 359]
[76, 77]
[112, 26, 212, 172]
[152, 33]
[257, 6, 65]
[111, 112, 26, 262, 27]
[35, 77]
[91, 319]
[27, 262, 55]
[40, 12]
[111, 112, 26, 262, 27, 212, 342]
[86, 87, 156]
[129, 65]
[218, 219]
[2, 69]
[26, 94]
[177, 56, 10, 77]
[30, 95, 253, 280]
[111, 112, 26, 212, 342]
[167, 168, 172]
[34, 74]
[180, 42]
[314, 100]
[273, 274]
[363, 171]
[86, 87, 156, 77]
[261, 348]
[2, 33]
[233, 234]
[30, 95]
[14, 79]
[254, 306, 309]
[111, 112, 26, 27, 262]
[56, 13]
[214, 352]
[14, 31]
[14, 144]
[5, 6, 65]
[134, 275, 33, 213]
[202, 310]
[169, 2]
[39, 40]
[111, 14, 144, 229]
[129, 65, 106]
[111, 112, 26, 27, 212, 342]
[122, 152, 33, 4, 3]
[351, 246]
[56, 13, 12]
[7, 8]
[2, 33, 21]
[163, 164]
[173, 174]
[11, 12]
[33, 3]
[49, 119]
[16, 319]
[48, 297]
[88, 89]
[181, 182]
[112, 26, 262, 55]
[296, 97]
[26, 27, 324]
[22, 240]
[111, 14, 227]
[296, 73]
[179, 30, 320]
[36, 37]
[43, 33, 3]
[299, 271]
[154, 71]
[16, 17, 77]
[367, 368]
[63, 27, 262, 55]
[95, 253, 374]
[112, 26, 27, 262, 55]
[165, 25]
[225, 226]
[254, 306, 307]
[169, 2, 49, 293]
[2, 49, 293]
[134, 275]
[111, 112, 26, 212]
[262, 27]
[111, 14, 79]
[122, 33, 4, 3]
[122, 33]
[169, 2, 49, 50]
[167, 67]
[212, 342]
[111, 14, 31]
[96, 305]
[28, 236]
[179, 30, 95, 96, 63, 55]
[177, 56, 10]
[293, 308]
[96, 63, 27]
[30, 95, 96, 199]
[116, 100, 359]
[112, 26, 27, 212, 342]
[104, 278]
[32, 33]
[16, 17]
[111, 112, 26, 262, 27, 342]
[169, 2, 49, 74]
[64, 65, 106]
[57, 58]
[0, 1, 109, 147]
[169, 2, 33, 213]
[0, 1, 109]
[9, 61]
[169, 2, 49, 293, 294]
[112, 26, 262, 27, 212, 172]
[275, 33, 3]
[191, 148]
[112, 26, 212]
[16, 316]
[185, 142, 143]
[26, 262, 27, 212, 342]
[83, 143]
[32, 160]
[357, 358]
[221, 127, 128]
[169, 2, 49, 142]
[170, 171]
[241, 66]
[0, 1, 109, 110]
[63, 27, 212, 342]
[30, 95, 345]
[281, 58, 106]
[26, 27, 262]
[32, 295]
[111, 112, 26, 27, 212, 172]
[247, 126]
[251, 252]
[179, 30, 95, 216, 217]
[328, 219]
[206, 37]
[26, 212]
[111, 112, 26, 212, 172]
[2, 49, 290]
[27, 212, 172]
[169, 2, 49, 371]
[179, 30, 31]
[145, 146]
[56, 10, 77]
[53, 160]
[92, 17, 77]
[241, 66, 67]
[58, 106]
[135, 65]
[49, 142, 143]
[111, 112, 26]
[113, 58]
[145, 33, 4]
[100, 242]
[213, 33, 4, 3]
[5, 6, 65, 106]
[27, 342]
[94, 67]
[198, 123]
[264, 265]
[32, 33, 4]
[51, 52]
[26, 27, 212, 342]
[175, 106]
[179, 30, 95, 96, 63, 27, 212]
[43, 33, 4, 3]
[111, 112, 26, 27, 262, 55]
[87, 156]
[364, 137]
[90, 3]
[212, 172]
[151, 12]
[260, 261]
[112, 26, 27, 342]
[213, 33, 4]
[96, 199]
[145, 33, 3]
[185, 42]
[275, 33, 4]
[111, 112, 26, 262, 55]
[281, 58]
[352, 149]
[350, 19]
[41, 42]
[360, 66, 67]
[48, 40]
[200, 201]
[38, 77]
[96, 63]
[32, 33, 3]
[92, 316, 12]
[210, 158]
[179, 30, 95, 96, 63, 27, 262, 55]
[48, 40, 12]
[301, 302]
[179, 30, 95, 96, 63, 27, 324]
[254, 29]
[112, 26, 27, 212]
[179, 30, 217]
[2, 49, 293, 294]
[112, 26, 94, 67]
[66, 300]
[95, 96, 63, 27, 212, 172]
[4, 3]
[213, 33, 3]
[237, 238]
[7, 39, 40]
[14, 15]
[95, 96, 63]
[96, 63, 27, 342]
[11, 77]
[111, 112, 26, 266]
[228, 1, 109]
[289, 108]
[28, 284]
[223, 151, 12]
[254, 255]
[90, 49]
[127, 128]
[134, 275, 33, 21]
[26, 212, 342]
[122, 152, 33, 4]
[26, 27, 262, 55]
[30, 95, 96, 63, 27, 262, 55]
[32, 263]
[34, 21]
[369, 370]
[30, 95, 96, 63, 27, 212, 342]
[218, 219, 210, 158]
[253, 366]
[27, 262]
[95, 96, 63, 27, 324]
[95, 216, 217]
[191, 117, 118]
[95, 253, 280]
[169, 2, 33, 21]
[191, 117]
[161, 162]
[311, 279]
[1, 109, 110]
[336, 58]
[95, 96, 63, 27, 212]
[122, 152, 33, 3]
[243, 77]
[59, 60, 75]
[134, 33, 4, 3]
[30, 95, 253]
[316, 12]
[44, 45]
[112, 26, 94]
[96, 63, 27, 262, 55]
[95, 96, 63, 55]
[179, 30, 95, 253, 280]
[179, 30, 95, 96, 63, 27, 212, 342]
[152, 33, 213]
[14, 227]
[245, 246]
[177, 10, 77]
[5, 6]
[314, 100, 359]
[179, 30, 95, 96, 63, 27]
[86, 87, 151, 12]
[87, 156, 77]
[270, 271]
[95, 96, 199]
[111, 14, 15]
[122, 152, 33, 21]
[43, 33, 213]
[136, 137]
[26, 55]
[152, 33, 4, 3]
[311, 21]
[24, 25]
[26, 266]
[213, 33]
[30, 95, 96]
[65, 106]
[354, 6]
[1, 109, 147]
[91, 92]
[353, 104]
