2,3
2,3,47
2,3,126
2,3,397
2,3,508
2,3,740
2,3,1386
3,47
3,126
3,397
3,508
3,740
3,1386
23,24
23,24,279
23,24,407
23,24,895
23,24,899
23,24,1275
23,24,1435
23,24,1476
23,24,1555
23,24,1558
24,279
24,407
24,895
24,899
24,1275
24,1435
24,1476
24,1555
24,1558
35,36
35,36,62,61
35,36,62,149,63,61
35,36,62,64,61
35,36,62,66,61
35,36,62,63,61
35,36,62
35,36,62,149,63
35,36,62,64,61,63
35,36,62,66,61,63
35,36,62,63
35,36,62,149,63,61,64
35,36,62,64
35,36,62,66,61,64
35,36,62,61,65
35,36,62,149,63,61,65
35,36,62,64,61,65
35,36,62,66,61,65
35,36,62,63,61,65
35,36,62,149,63,61,66
35,36,62,66
35,36,62,149
35,36,62,568
35,36,62,1271,1270,568
35,36,62,1043
35,36,62,568,1270
35,36,62,1271,1270
35,36,62,1271
35,36,62,61,63,72
35,36,62,149,63,72
35,36,62,64,61,63,72
35,36,62,66,61,63,72
35,36,62,63,72
36,62,61
36,62,149,63,61
36,62,64,61
36,62,66,61
36,62,63,61
36,62
36,62,149,63
36,62,64,61,63
36,62,66,61,63
36,62,63
36,62,149,63,61,64
36,62,64
36,62,66,61,64
36,62,61,65
36,62,149,63,61,65
36,62,64,61,65
36,62,66,61,65
36,62,63,61,65
36,62,149,63,61,66
36,62,66
36,62,149
36,62,568
36,62,1271,1270,568
36,62,1043
36,62,568,1270
36,62,1271,1270
36,62,1271
36,62,61,63,72
36,62,149,63,72
36,62,64,61,63,72
36,62,66,61,63,72
36,62,63,72
38,39
47,3,126
47,3,397
47,3,508
47,3,740
47,3,1386
54,55
54,56
54,56,1257
54,56,1088
55,54,56
55,54,56,1257
55,54,56,1088
56,1257
56,1088
61,62
61,63,149,62
61,63,62
61,64,62
61,66,62
61,63
61,64,62,149,63
61,64,62,63
61,66,62,149,63
61,66,62,63
61,64
61,66,62,64
61,65
61,66
61,62,149
61,63,149
61,64,62,149
61,66,62,149
61,62,568
61,62,1271,1270,568
61,63,149,62,568
61,63,149,62,1271,1270,568
61,63,62,568
61,63,62,1271,1270,568
61,64,62,568
61,64,62,1271,1270,568
61,66,62,568
61,66,62,1271,1270,568
61,62,1043
61,63,149,62,1043
61,63,62,1043
61,64,62,1043
61,66,62,1043
61,62,568,1270
61,62,1271,1270
61,63,149,62,568,1270
61,63,149,62,1271,1270
61,63,62,568,1270
61,63,62,1271,1270
61,64,62,568,1270
61,64,62,1271,1270
61,66,62,568,1270
61,66,62,1271,1270
61,62,1271
61,63,149,62,1271
61,63,62,1271
61,64,62,1271
61,66,62,1271
61,62,149,63,72
61,62,63,72
61,63,72
61,64,62,149,63,72
61,64,62,63,72
61,66,62,149,63,72
61,66,62,63,72
62,149,63
62,63
62,64
62,61,65
62,149,63,61,65
62,64,61,65
62,66,61,65
62,63,61,65
62,66
62,149
62,568
62,1271,1270,568
62,1043
62,568,1270
62,1271,1270
62,1271
62,149,63,72
62,63,72
63,61,64
63,61,66,62,64
63,149,62,64
63,149,62,66,61,64
63,62,64
63,61,65
63,149,62,64,61,65
63,149,62,66,61,65
63,62,64,61,65
63,62,66,61,65
63,61,66
63,149,62,66
63,62,66
63,149
63,61,64,62,568
63,61,64,62,1271,1270,568
63,61,66,62,568
63,61,66,62,1271,1270,568
63,149,62,568
63,149,62,1271,1270,568
63,62,568
63,62,1271,1270,568
63,61,64,62,1043
63,61,66,62,1043
63,149,62,1043
63,62,1043
63,61,64,62,568,1270
63,61,64,62,1271,1270
63,61,66,62,568,1270
63,61,66,62,1271,1270
63,149,62,568,1270
63,149,62,1271,1270
63,62,568,1270
63,62,1271,1270
63,61,64,62,1271
63,61,66,62,1271
63,149,62,1271
63,62,1271
63,72
64,61,65
64,62,66,61,65
64,61,66
64,62,66
64,61,63,149
64,61,66,62,149
64,62,149
64,61,63,149,62,568
64,61,63,149,62,1271,1270,568
64,61,66,62,568
64,61,66,62,1271,1270,568
64,62,568
64,62,1271,1270,568
64,61,63,149,62,1043
64,61,66,62,1043
64,62,1043
64,61,63,149,62,568,1270
64,61,63,149,62,1271,1270
64,61,66,62,568,1270
64,61,66,62,1271,1270
64,62,568,1270
64,62,1271,1270
64,61,63,149,62,1271
64,61,66,62,1271
64,62,1271
64,61,63,72
64,61,66,62,149,63,72
64,61,66,62,63,72
64,62,149,63,72
64,62,63,72
65,61,66
65,61,62,149
65,61,63,149
65,61,64,62,149
65,61,66,62,149
65,61,62,568
65,61,62,1271,1270,568
65,61,63,149,62,568
65,61,63,149,62,1271,1270,568
65,61,63,62,568
65,61,63,62,1271,1270,568
65,61,64,62,568
65,61,64,62,1271,1270,568
65,61,66,62,568
65,61,66,62,1271,1270,568
65,61,62,1043
65,61,63,149,62,1043
65,61,63,62,1043
65,61,64,62,1043
65,61,66,62,1043
65,61,62,568,1270
65,61,62,1271,1270
65,61,63,149,62,568,1270
65,61,63,149,62,1271,1270
65,61,63,62,568,1270
65,61,63,62,1271,1270
65,61,64,62,568,1270
65,61,64,62,1271,1270
65,61,66,62,568,1270
65,61,66,62,1271,1270
65,61,62,1271
65,61,63,149,62,1271
65,61,63,62,1271
65,61,64,62,1271
65,61,66,62,1271
65,61,62,149,63,72
65,61,62,63,72
65,61,63,72
65,61,64,62,149,63,72
65,61,64,62,63,72
65,61,66,62,149,63,72
65,61,66,62,63,72
66,61,63,149
66,62,149
66,61,63,149,62,568
66,61,63,149,62,1271,1270,568
66,62,568
66,62,1271,1270,568
66,61,63,149,62,1043
66,62,1043
66,61,63,149,62,568,1270
66,61,63,149,62,1271,1270
66,62,568,1270
66,62,1271,1270
66,61,63,149,62,1271
66,62,1271
66,61,63,72
66,62,149,63,72
66,62,63,72
80,81
83,84
83,1195,1102,798,1052,1092,84
83,1092,84
83,84,679,154
83,1195,1102,798,1052,1092,84,679,154
83,1092,84,679,154
83,84,679
83,1195,1102,798,1052,1092,84,679
83,1092,84,679
83,84,1092,1052
83,1195,1102,798,1052
83,1092,1052
83,84,1092,1052,894
83,1195,1102,798,1052,894
83,1092,1052,894
83,84,1092,1052,798
83,1195,1102,798
83,1092,1052,798
83,84,1092,1052,798,1102,1058
83,1195,1102,1058
83,1092,1052,798,1102,1058
83,84,1092,1052,798,1102,1058,931
83,1195,1102,1058,931
83,1092,1052,798,1102,1058,931
83,1195,1102,798,1052,1092
83,1092
83,84,1092,1052,798,1102
83,1195,1102
83,1092,1052,798,1102
83,1195
83,84,1092,1052,798,1102,1195,249
83,1195,249
83,1092,1052,798,1102,1195,249
84,679,154
84,679
84,83,1195,1102,798,1052
84,1092,1052
84,83,1195,1102,798,1052,894
84,1092,83,1195,1102,798,1052,894
84,1092,1052,894
84,83,1195,1102,798
84,1092,83,1195,1102,798
84,1092,1052,798
84,83,1195,1102,1058
84,1092,83,1195,1102,1058
84,1092,1052,798,1102,1058
84,83,1195,1102,1058,931
84,1092,83,1195,1102,1058,931
84,1092,1052,798,1102,1058,931
84,1092
84,83,1195,1102
84,1092,83,1195,1102
84,1092,1052,798,1102
84,83,1195
84,1092,83,1195
84,1092,1052,798,1102,1195
84,83,1195,249
84,1092,83,1195,249
84,1092,1052,798,1102,1195,249
89,90
89,1224
89,1224,1053
90,89,1224
90,89,1224,1053
91,92
91,92,1465
91,92,1470,1469
91,92,1470,1469,194
91,92,1470
92,1465
92,1470,1469
92,1470,1469,194
92,1470
109,747
116,117
116,924
116,924,925
116,924,926
116,924,927
116,924,928
116,924,929
116,924,928,867
116,924,925,321
116,924,926,241
116,924,927,435
116,924,929,216
117,116,924
117,116,924,925
117,116,924,926
117,116,924,927
117,116,924,928
117,116,924,929
117,116,924,928,867
117,116,924,925,321
117,116,924,926,241
117,116,924,927,435
117,116,924,929,216
126,3,397
126,3,508
126,3,740
126,3,1386
131,132
131,133
131,132,1472
132,131,133
132,1472
133,131,132,1472
136,137
136,137,253
136,137,253,254
136,137,736
136,137,919
136,137,919,920
136,137,919,920,1025
136,137,253,254,1114
136,137,253,254,1527
137,253
137,253,254
137,736
137,919
137,919,920
137,919,920,1025
137,253,254,1114
137,253,254,1527
149,62,568
149,62,1271,1270,568
149,62,1043
149,62,568,1270
149,62,1271,1270
149,62,1271
149,63,72
154,679
154,679,84,83,1195,1102,798,1052
154,679,84,83,1092,1052
154,679,84,1092,1052
154,679,84,83,1195,1102,798,1052,894
154,679,84,83,1092,1052,894
154,679,84,1092,83,1195,1102,798,1052,894
154,679,84,1092,1052,894
154,679,84,83,1195,1102,798
154,679,84,83,1092,1052,798
154,679,84,1092,83,1195,1102,798
154,679,84,1092,1052,798
154,679,84,83,1195,1102,1058
154,679,84,83,1092,1052,798,1102,1058
154,679,84,1092,83,1195,1102,1058
154,679,84,1092,1052,798,1102,1058
154,679,84,83,1195,1102,1058,931
154,679,84,83,1092,1052,798,1102,1058,931
154,679,84,1092,83,1195,1102,1058,931
154,679,84,1092,1052,798,1102,1058,931
154,679,84,1092
154,679,84,83,1195,1102
154,679,84,83,1092,1052,798,1102
154,679,84,1092,83,1195,1102
154,679,84,1092,1052,798,1102
154,679,84,83,1195
154,679,84,1092,83,1195
154,679,84,1092,1052,798,1102,1195
154,679,84,83,1195,249
154,679,84,83,1092,1052,798,1102,1195,249
154,679,84,1092,83,1195,249
154,679,84,1092,1052,798,1102,1195,249
167,168
181,182
181,183
181,184
181,185
181,186
181,1484
181,1484,1259
181,1484,1281
181,1484,971
181,1484,1485
182,181,183
182,181,184
182,181,185
182,181,186
182,181,1484
182,181,1484,1259
182,181,1484,1281
182,181,1484,971
182,181,1484,1485
183,181,184
183,181,185
183,181,186
183,181,1484
183,181,1484,1259
183,181,1484,1281
183,181,1484,971
183,181,1484,1485
184,181,185
184,181,186
184,181,1484
184,181,1484,1259
184,181,1484,1281
184,181,1484,971
184,181,1484,1485
185,181,186
185,181,1484
185,181,1484,1259
185,181,1484,1281
185,181,1484,971
185,181,1484,1485
186,181,1484
186,181,1484,1259
186,181,1484,1281
186,181,1484,971
186,181,1484,1485
201,202
214,215
226,227
235,236
244,245
244,246
245,244,246
253,254
253,137,736
253,137,919
253,137,919,920
253,137,919,920,1025
253,254,1114
253,254,1527
254,253,137,736
254,253,137,919
254,253,137,919,920
254,253,137,919,920,1025
254,1114
254,1527
257,258
257,259,746,101,258
257,259,746,101,1446,395,258
257,259,1446,101,258
257,259,1446,395,258
257,259
257,260
257,261
257,262
257,263
257,258,101,746,259,442
257,258,101,1446,259,442
257,258,395,1446,101,746,259,442
257,258,395,1446,259,442
257,259,442
257,258,101,746
257,258,101,1446,259,746
257,258,395,1446,101,746
257,258,395,1446,259,746
257,259,746
257,259,1446,101,746
257,258,101
257,258,395,1446,101
257,259,746,101
257,259,1446,101
257,259,1446,395,258,101
257,258,395
257,259,746,101,258,395
257,259,746,101,1446,395
257,259,1446,395
257,258,101,1446
257,258,395,1446
257,259,1446
257,258,101,746,259,1563
257,258,101,1446,259,1563
257,258,395,1446,101,746,259,1563
257,258,395,1446,259,1563
257,259,1563
258,257,259
258,101,746,259
258,101,1446,259
258,395,1446,101,746,259
258,395,1446,259
258,257,260
258,101,746,259,257,260
258,101,1446,259,257,260
258,395,1446,101,746,259,257,260
258,395,1446,259,257,260
258,257,261
258,101,746,259,257,261
258,101,1446,259,257,261
258,395,1446,101,746,259,257,261
258,395,1446,259,257,261
258,257,262
258,101,746,259,257,262
258,101,1446,259,257,262
258,395,1446,101,746,259,257,262
258,395,1446,259,257,262
258,257,263
258,101,746,259,257,263
258,101,1446,259,257,263
258,395,1446,101,746,259,257,263
258,395,1446,259,257,263
258,257,259,442
258,101,746,259,442
258,101,1446,259,442
258,395,1446,101,746,259,442
258,395,1446,259,442
258,257,259,746
258,101,746
258,101,1446,259,746
258,395,1446,101,746
258,395,1446,259,746
258,101
258,395,1446,101
258,395
258,257,259,1446
258,101,1446
258,395,1446
258,257,259,1563
258,101,746,259,1563
258,101,1446,259,1563
258,395,1446,101,746,259,1563
258,395,1446,259,1563
259,257,260
259,257,261
259,257,262
259,257,263
259,442
259,746
259,1446,101,746
259,257,258,101
259,746,101
259,1446,101
259,1446,395,258,101
259,257,258,395
259,746,101,258,395
259,746,101,1446,395
259,1446,395
259,1446
259,1563
260,257,261
260,257,262
260,257,263
260,257,258,101,746,259,442
260,257,258,101,1446,259,442
260,257,258,395,1446,101,746,259,442
260,257,258,395,1446,259,442
260,257,259,442
260,257,258,101,746
260,257,258,101,1446,259,746
260,257,258,395,1446,101,746
260,257,258,395,1446,259,746
260,257,259,746
260,257,259,1446,101,746
260,257,258,101
260,257,258,395,1446,101
260,257,259,746,101
260,257,259,1446,101
260,257,259,1446,395,258,101
260,257,258,395
260,257,259,746,101,258,395
260,257,259,746,101,1446,395
260,257,259,1446,395
260,257,258,101,1446
260,257,258,395,1446
260,257,259,1446
260,257,258,101,746,259,1563
260,257,258,101,1446,259,1563
260,257,258,395,1446,101,746,259,1563
260,257,258,395,1446,259,1563
260,257,259,1563
261,257,262
261,257,263
261,257,258,101,746,259,442
261,257,258,101,1446,259,442
261,257,258,395,1446,101,746,259,442
261,257,258,395,1446,259,442
261,257,259,442
261,257,258,101,746
261,257,258,101,1446,259,746
261,257,258,395,1446,101,746
261,257,258,395,1446,259,746
261,257,259,746
261,257,259,1446,101,746
261,257,258,101
261,257,258,395,1446,101
261,257,259,746,101
261,257,259,1446,101
261,257,259,1446,395,258,101
261,257,258,395
261,257,259,746,101,258,395
261,257,259,746,101,1446,395
261,257,259,1446,395
261,257,258,101,1446
261,257,258,395,1446
261,257,259,1446
261,257,258,101,746,259,1563
261,257,258,101,1446,259,1563
261,257,258,395,1446,101,746,259,1563
261,257,258,395,1446,259,1563
261,257,259,1563
262,257,263
262,257,258,101,746,259,442
262,257,258,101,1446,259,442
262,257,258,395,1446,101,746,259,442
262,257,258,395,1446,259,442
262,257,259,442
262,257,258,101,746
262,257,258,101,1446,259,746
262,257,258,395,1446,101,746
262,257,258,395,1446,259,746
262,257,259,746
262,257,259,1446,101,746
262,257,258,101
262,257,258,395,1446,101
262,257,259,746,101
262,257,259,1446,101
262,257,259,1446,395,258,101
262,257,258,395
262,257,259,746,101,258,395
262,257,259,746,101,1446,395
262,257,259,1446,395
262,257,258,101,1446
262,257,258,395,1446
262,257,259,1446
262,257,258,101,746,259,1563
262,257,258,101,1446,259,1563
262,257,258,395,1446,101,746,259,1563
262,257,258,395,1446,259,1563
262,257,259,1563
263,257,258,101,746,259,442
263,257,258,101,1446,259,442
263,257,258,395,1446,101,746,259,442
263,257,258,395,1446,259,442
263,257,259,442
263,257,258,101,746
263,257,258,101,1446,259,746
263,257,258,395,1446,101,746
263,257,258,395,1446,259,746
263,257,259,746
263,257,259,1446,101,746
263,257,258,101
263,257,258,395,1446,101
263,257,259,746,101
263,257,259,1446,101
263,257,259,1446,395,258,101
263,257,258,395
263,257,259,746,101,258,395
263,257,259,746,101,1446,395
263,257,259,1446,395
263,257,258,101,1446
263,257,258,395,1446
263,257,259,1446
263,257,258,101,746,259,1563
263,257,258,101,1446,259,1563
263,257,258,395,1446,101,746,259,1563
263,257,258,395,1446,259,1563
263,257,259,1563
277,161
279,24,407
279,24,895
279,24,899
279,24,1275
279,24,1435
279,24,1476
279,24,1555
279,24,1558
284,540
294,295
304,305
304,305,377
304,1136
304,1136,561
305,377
305,304,1136
305,304,1136,561
314,281
326,327
326,327,642
326,327,694
326,327,719
326,327,982
327,642
327,694
327,719
327,982
328,329
328,329,535
328,329,949
328,329,1221,950,949
328,329,949,950
328,329,1221,950
328,329,1143
328,329,949,950,1221,1220
328,329,1221,1220
328,329,949,950,1221,1220,187
328,329,1221,1220,187
328,329,1221
328,329,1309
328,329,1458
329,535
329,949
329,1221,950,949
329,949,950
329,1221,950
329,1143
329,949,950,1221,1220
329,1221,1220
329,949,950,1221,1220,187
329,1221,1220,187
329,1221
329,1309
329,1458
330,331
330,198
330,331,723
330,331,723,124
330,331,1050
330,331,1050,863
330,331,1128
330,331,1128,1129
330,331,1303
330,331,1303,1288
330,331,1429
330,331,1429,1348
331,330,198
331,723
331,723,124
331,1050
331,1050,863
331,1128
331,1128,1129
331,1303
331,1303,1288
331,1429
331,1429,1348
198,330,331,723
198,330,331,723,124
198,330,331,1050
198,330,331,1050,863
198,330,331,1128
198,330,331,1128,1129
198,330,331,1303
198,330,331,1303,1288
198,330,331,1429
198,330,331,1429,1348
334,9
334,335,363,9
334,336,363,9
334,337,364,362,363,9
334,337,363,9
334,362,363,9
334,335
334,336,363,335
334,337,364,362,363,335
334,337,363,335
334,362,363,335
334,336
334,337,364,362,363,336
334,337,363,336
334,362,363,336
334,337
334,362,363,337
334,362,364,337
334,362
334,9,363
334,335,363
334,336,363
334,337,364,362,363
334,337,363
334,362,363
334,9,363,362,364
334,9,363,337,364
334,335,363,362,364
334,335,363,337,364
334,336,363,362,364
334,336,363,337,364
334,337,364
334,362,364
334,9,363,362,364,337,794
334,9,363,337,794
334,335,363,362,364,337,794
334,335,363,337,794
334,336,363,362,364,337,794
334,336,363,337,794
334,337,794
334,362,363,337,794
334,362,364,337,794
9,334,335
9,334,336,363,335
9,334,337,364,362,363,335
9,334,337,363,335
9,334,362,363,335
9,363,335
9,334,336
9,334,337,364,362,363,336
9,334,337,363,336
9,334,362,363,336
9,363,336
9,334,337
9,334,362,363,337
9,334,362,364,337
9,363,362,364,337
9,363,337
9,334,362
9,363,362
9,363
9,334,335,363,362,364
9,334,335,363,337,364
9,334,336,363,362,364
9,334,336,363,337,364
9,334,337,364
9,334,362,364
9,363,362,364
9,363,337,364
9,334,335,363,362,364,337,794
9,334,335,363,337,794
9,334,336,363,362,364,337,794
9,334,336,363,337,794
9,334,337,794
9,334,362,363,337,794
9,334,362,364,337,794
9,363,362,364,337,794
9,363,337,794
335,334,336
335,334,337,364,362,363,336
335,334,337,363,336
335,334,362,363,336
335,363,336
335,334,337
335,334,362,363,337
335,334,362,364,337
335,363,362,364,337
335,363,337
335,334,362
335,363,362
335,363
335,334,336,363,362,364
335,334,336,363,337,364
335,334,337,364
335,334,362,364
335,363,362,364
335,363,337,364
335,334,336,363,362,364,337,794
335,334,336,363,337,794
335,334,337,794
335,334,362,363,337,794
335,334,362,364,337,794
335,363,362,364,337,794
335,363,337,794
336,334,337
336,334,362,363,337
336,334,362,364,337
336,363,362,364,337
336,363,337
336,334,362
336,363,362
336,363
336,334,337,364
336,334,362,364
336,363,362,364
336,363,337,364
336,334,337,794
336,334,362,363,337,794
336,334,362,364,337,794
336,363,362,364,337,794
336,363,337,794
337,334,362
337,364,362
337,363,362
337,364,362,363
337,363
337,364
337,794
340,341
340,342
340,341,313
341,340,342
341,313
342,340,341,313
357,358
357,359,1012,358
357,359
357,358,1012,359,426
357,359,426
357,358,1012,359,637
357,359,637
357,358,1012
357,359,1012
358,357,359
358,1012,359
358,357,359,426
358,1012,359,426
358,357,359,637
358,1012,359,637
358,1012
359,426
359,637
359,1012
362,363
362,364
362,363,337,794
362,334,337,794
362,364,337,794
363,362,364
363,337,364
363,362,364,337,794
363,337,794
364,337,794
377,305,304,1136
377,305,304,1136,561
383,384
388,389
388,1573
388,1573,207
389,388,1573
389,388,1573,207
390,391
390,392
390,391,864
390,391,1152,864
390,391,1152
390,391,1526
390,391,1526,623
390,391,1526,1525
391,390,392
391,864
391,1152,864
391,1152
391,1526
391,1526,623
391,1526,1525
392,390,391,864
392,390,391,1152,864
392,390,391,1152
392,390,391,1526
392,390,391,1526,623
392,390,391,1526,1525
397,3,508
397,3,740
397,3,1386
407,24,895
407,24,899
407,24,1275
407,24,1435
407,24,1476
407,24,1555
407,24,1558
426,359,637
426,359,1012
433,434
433,434,1064
433,434,1272
434,1064
434,1272
437,438
437,118,666,438
437,118,666,667,761,438
437,118,666,667,1401,438
437,118,761,438
437,118,761,667,1401,438
437,118,988,438
437,118,1401,438
437,118
437,438,666
437,438,761,118,666
437,438,761,118,1401,667,666
437,438,761,667,666
437,438,988,118,666
437,438,988,118,761,667,666
437,438,988,118,1401,667,666
437,438,1401,118,666
437,438,1401,667,666
437,118,666
437,118,761,667,666
437,118,1401,667,666
437,438,666,667
437,438,761,667
437,438,988,118,666,667
437,438,988,118,761,667
437,438,988,118,1401,667
437,438,1401,667
437,118,666,667
437,118,761,667
437,118,1401,667
437,438,761
437,438,988,118,761
437,438,988,118,1401,667,761
437,438,1401,118,761
437,438,1401,667,761
437,118,761
437,118,1401,667,761
437,438,988
437,438,1401,118,988
437,118,988
437,438,1401
437,118,1401
438,437,118
438,666,118
438,666,667,761,118
438,666,667,1401,118
438,761,118
438,761,667,1401,118
438,988,118
438,1401,118
438,666
438,761,118,666
438,761,118,1401,667,666
438,761,667,666
438,988,118,666
438,988,118,761,667,666
438,988,118,1401,667,666
438,1401,118,666
438,1401,667,666
438,437,118,666,667
438,437,118,761,667
438,437,118,1401,667
438,666,667
438,761,667
438,988,118,666,667
438,988,118,761,667
438,988,118,1401,667
438,1401,667
438,761
438,988,118,761
438,988,118,1401,667,761
438,1401,118,761
438,1401,667,761
438,988
438,1401,118,988
438,1401
118,666
118,761,667,666
118,1401,667,666
118,666,667
118,761,667
118,1401,667
118,761
118,1401,667,761
118,988
118,1401
442,259,746
442,259,1446,101,746
442,259,257,258,101
442,259,257,258,395,1446,101
442,259,746,101
442,259,1446,101
442,259,1446,395,258,101
442,259,257,258,395
442,259,746,101,258,395
442,259,746,101,1446,395
442,259,1446,395
442,259,1446
442,259,1563
450,104
450,104,516
450,104,687
450,104,959
104,516
104,687
104,959
460,457
461,462
461,462,332,1450
461,462,332
461,462,1474
462,332,1450
462,332
462,1474
474,301
480,481
480,481,1506
481,1506
497,276
497,199
276,497,199
499,477
499,500,1277,477
499,500
499,477,1277
499,500,1277
477,499,500
477,1277,500
477,1277
500,1277
508,3,740
508,3,1386
516,104,687
516,104,959
520,521
520,521,1176
520,521,1300
521,1176
521,1300
526,309
527,528
527,529
527,530
527,169
527,531
527,427
527,532
527,533
527,534
528,527,529
528,527,530
528,527,169
528,527,531
528,527,427
528,527,532
528,527,533
528,527,534
529,527,530
529,527,169
529,527,531
529,527,427
529,527,532
529,527,533
529,527,534
530,527,169
530,527,531
530,527,427
530,527,532
530,527,533
530,527,534
169,527,531
169,527,427
169,527,532
169,527,533
169,527,534
531,527,427
531,527,532
531,527,533
531,527,534
427,527,532
427,527,533
427,527,534
532,527,533
532,527,534
533,527,534
535,329,949
535,329,1221,950,949
535,329,949,950
535,329,1221,950
535,329,1143
535,329,949,950,1221,1220
535,329,1221,1220
535,329,949,950,1221,1220,187
535,329,1221,1220,187
535,329,1221
535,329,1309
535,329,1458
563,293
568,62,1043
568,1270,1271,62,1043
568,1270
568,62,1271
568,1270,1271
568,62,61,63,72
568,62,149,63,72
568,62,64,61,63,72
568,62,66,61,63,72
568,62,63,72
568,1270,1271,62,61,63,72
568,1270,1271,62,149,63,72
568,1270,1271,62,64,61,63,72
568,1270,1271,62,66,61,63,72
568,1270,1271,62,63,72
569,87
569,87,1383
87,1383
570,571
580,94
580,94,1149
94,1149
581,582
581,582,1021
582,1021
584,585
584,1198
585,584,1198
588,589
590,591
590,591,676
590,1096
590,591,1533
590,591,1533,425
590,591,1533,1054
591,676
591,590,1096
591,1533
591,1533,425
591,1533,1054
601,602
604,605
608,465
608,609
465,608,609
626,510
627,628
627,628,830
627,628,879
628,830
628,879
642,327,694
642,327,719
642,327,982
651,648
651,652
651,652,1010
648,651,652
648,651,652,1010
652,1010
662,663
662,810
663,662,810
666,667
666,438,761
666,438,988,118,761
666,438,988,118,1401,667,761
666,438,1401,118,761
666,438,1401,667,761
666,118,761
666,118,1401,667,761
666,667,761
666,438,988
666,438,1401,118,988
666,118,988
666,667,761,438,988
666,667,761,118,988
666,667,1401,438,988
666,667,1401,118,988
666,438,1401
666,118,1401
666,667,1401
667,761
667,666,438,988
667,666,118,988
667,761,438,988
667,761,118,988
667,1401,438,988
667,1401,118,988
667,1401
676,591,590,1096
676,591,1533
676,591,1533,425
676,591,1533,1054
679,84,83,1195,1102,798,1052
679,84,83,1092,1052
679,84,1092,1052
679,84,83,1195,1102,798,1052,894
679,84,83,1092,1052,894
679,84,1092,83,1195,1102,798,1052,894
679,84,1092,1052,894
679,84,83,1195,1102,798
679,84,83,1092,1052,798
679,84,1092,83,1195,1102,798
679,84,1092,1052,798
679,84,83,1195,1102,1058
679,84,83,1092,1052,798,1102,1058
679,84,1092,83,1195,1102,1058
679,84,1092,1052,798,1102,1058
679,84,83,1195,1102,1058,931
679,84,83,1092,1052,798,1102,1058,931
679,84,1092,83,1195,1102,1058,931
679,84,1092,1052,798,1102,1058,931
679,84,1092
679,84,83,1195,1102
679,84,83,1092,1052,798,1102
679,84,1092,83,1195,1102
679,84,1092,1052,798,1102
679,84,83,1195
679,84,1092,83,1195
679,84,1092,1052,798,1102,1195
679,84,83,1195,249
679,84,83,1092,1052,798,1102,1195,249
679,84,1092,83,1195,249
679,84,1092,1052,798,1102,1195,249
684,685
687,104,959
694,327,719
694,327,982
695,696
700,701
700,701,784
701,784
717,367
719,327,982
720,721
723,124
723,331,1050
723,331,1050,863
723,331,1128
723,331,1128,1129
723,331,1303
723,331,1303,1288
723,331,1429
723,331,1429,1348
124,723,331,1050
124,723,331,1050,863
124,723,331,1128
124,723,331,1128,1129
124,723,331,1303
124,723,331,1303,1288
124,723,331,1429
124,723,331,1429,1348
730,731
736,137,919
736,137,919,920
736,137,919,920,1025
736,137,253,254,1114
736,137,253,254,1527
740,3,1386
742,255
744,291
744,291,883
744,291,915
744,291,1075
744,291,1535
291,883
291,915
291,1075
291,1535
746,101
746,259,257,258,395
746,259,1446,395
746,101,258,395
746,101,1446,395
746,259,1446
746,101,1446
746,259,1563
746,101,1446,259,1563
101,258,395
101,1446,395
101,1446
101,746,259,1563
101,258,257,259,1563
101,258,395,1446,259,1563
101,1446,395,258,257,259,1563
101,1446,259,1563
756,757
761,438,988
761,438,1401,118,988
761,118,988
761,667,1401,438,988
761,667,1401,118,988
761,438,1401
761,118,1401
761,667,1401
799,143
637,359,1012
822,616
825,826
828,178
831,454
395,1446
395,258,257,259,1563
395,258,101,746,259,1563
395,1446,101,746,259,1563
395,1446,259,1563
848,849
850,851
850,256
850,713
850,713,1468
850,713,1468,974
850,713,1468,14
850,713,1514
851,850,256
851,850,713
851,850,713,1468
851,850,713,1468,974
851,850,713,1468,14
851,850,713,1514
256,850,713
256,850,713,1468
256,850,713,1468,974
256,850,713,1468,14
256,850,713,1514
713,1468
713,1468,974
713,1468,14
713,1514
856,857
864,1152
864,391,1526
864,1152,391,1526
864,391,1526,623
864,1152,391,1526,623
864,391,1526,1525
864,1152,391,1526,1525
830,628,879
883,291,915
883,291,1075
883,291,1535
895,24,899
895,24,1275
895,24,1435
895,24,1476
895,24,1555
895,24,1558
897,898
899,24,1275
899,24,1435
899,24,1476
899,24,1555
899,24,1558
914,406
914,406,1037
406,1037
915,291,1075
915,291,1535
916,917
916,374
916,840
916,918
917,916,374
917,916,840
917,916,918
374,916,840
374,916,918
840,916,918
919,920
919,920,1025
919,137,253,254,1114
919,137,253,254,1527
920,1025
920,919,137,253,254,1114
920,919,137,253,254,1527
924,925
924,926
924,927
924,928
924,929
924,928,867
924,925,321
924,926,241
924,927,435
924,929,216
925,924,926
925,924,927
925,924,928
925,924,929
925,924,928,867
925,321
925,924,926,241
925,924,927,435
925,924,929,216
926,924,927
926,924,928
926,924,929
926,924,928,867
926,924,925,321
926,241
926,924,927,435
926,924,929,216
927,924,928
927,924,929
927,924,928,867
927,924,925,321
927,924,926,241
927,435
927,924,929,216
928,924,929
928,867
928,924,925,321
928,924,926,241
928,924,927,435
928,924,929,216
929,924,928,867
929,924,925,321
929,924,926,241
929,924,927,435
929,216
949,950
949,329,1143
949,950,1221,329,1143
949,329,1221,1220
949,950,1221,1220
949,329,1221,1220,187
949,950,1221,1220,187
949,329,1221
949,950,1221
949,329,1309
949,950,1221,329,1309
949,329,1458
949,950,1221,329,1458
950,949,329,1143
950,1221,329,1143
950,1221,1220
950,1221,1220,187
950,1221
950,949,329,1309
950,1221,329,1309
950,949,329,1458
950,1221,329,1458
956,352
962,963
967,188
968,273
968,969
273,968,969
988,438,1401
988,118,1401
991,208
991,208,1261
208,1261
992,993
992,296
993,992,296
867,928,924,925,321
867,928,924,926,241
867,928,924,927,435
867,928,924,929,216
1013,1014
1013,303
1014,1013,303
1015,1016
1025,920,919,137,253,254,1114
1025,920,919,137,253,254,1527
1027,615
1043,62,568,1270
1043,62,1271,1270
1043,62,1271
1043,62,61,63,72
1043,62,149,63,72
1043,62,64,61,63,72
1043,62,66,61,63,72
1043,62,63,72
1046,333
1050,863
1050,331,1128
1050,331,1128,1129
1050,331,1303
1050,331,1303,1288
1050,331,1429
1050,331,1429,1348
863,1050,331,1128
863,1050,331,1128,1129
863,1050,331,1303
863,1050,331,1303,1288
863,1050,331,1429
863,1050,331,1429,1348
1052,894
1052,798
1052,798,1102,1058
1052,1092,84,83,1195,1102,1058
1052,1092,83,1195,1102,1058
1052,798,1102,1058,931
1052,1092,84,83,1195,1102,1058,931
1052,1092,83,1195,1102,1058,931
1052,1092
1052,798,1102
1052,1092,84,83,1195,1102
1052,1092,83,1195,1102
1052,798,1102,1195
1052,1092,84,83,1195
1052,1092,83,1195
1052,798,1102,1195,249
1052,1092,84,83,1195,249
1052,1092,83,1195,249
894,1052,798
894,1052,1092,83,1195,1102,798
894,1052,798,1102,1058
894,1052,1092,84,83,1195,1102,1058
894,1052,1092,83,1195,1102,1058
894,1052,798,1102,1058,931
894,1052,1092,84,83,1195,1102,1058,931
894,1052,1092,83,1195,1102,1058,931
894,1052,1092
894,1052,798,1102
894,1052,1092,84,83,1195,1102
894,1052,1092,83,1195,1102
894,1052,798,1102,1195
894,1052,1092,84,83,1195
894,1052,1092,83,1195
894,1052,798,1102,1195,249
894,1052,1092,84,83,1195,249
894,1052,1092,83,1195,249
798,1052,1092,84,83,1195,1102,1058
798,1052,1092,83,1195,1102,1058
798,1102,1058
798,1052,1092,84,83,1195,1102,1058,931
798,1052,1092,83,1195,1102,1058,931
798,1102,1058,931
798,1052,1092
798,1102,1195,83,1092
798,1102
798,1052,1092,84,83,1195
798,1052,1092,83,1195
798,1102,1195
798,1052,1092,84,83,1195,249
798,1052,1092,83,1195,249
798,1102,1195,249
1058,931
1058,1102,798,1052,1092
1058,1102,1195,83,1092
1058,1102
1058,1102,1195
1058,1102,798,1052,1092,84,83,1195,249
1058,1102,798,1052,1092,83,1195,249
1058,1102,1195,249
931,1058,1102,798,1052,1092
931,1058,1102,1195,83,1092
931,1058,1102
931,1058,1102,1195
931,1058,1102,798,1052,1092,84,83,1195,249
931,1058,1102,798,1052,1092,83,1195,249
931,1058,1102,1195,249
1064,434,1272
1072,1073
1072,1378
1073,1072,1378
1075,291,1535
1079,1033
1079,1033,1497
1033,1497
1092,83,1195,1102
1092,1052,798,1102
1092,83,1195
1092,1052,798,1102,1195
1092,83,1195,249
1092,1052,798,1102,1195,249
1096,590,591,1533
1096,590,591,1533,425
1096,590,591,1533,1054
1102,1195
1102,1195,249
1104,572
1104,572,1191
572,1191
1106,655
1114,254,1527
1115,289
1119,396
1128,1129
1128,331,1303
1128,331,1303,1288
1128,331,1429
1128,331,1429,1348
1129,1128,331,1303
1129,1128,331,1303,1288
1129,1128,331,1429
1129,1128,331,1429,1348
1136,561
1138,285
1143,329,949,950,1221,1220
1143,329,1221,1220
1143,329,949,950,1221,1220,187
1143,329,1221,1220,187
1143,329,1221
1143,329,1309
1143,329,1458
1152,391,1526
1152,391,1526,623
1152,391,1526,1525
1166,674
1169,1170
1174,886
1174,1481
1174,1481,1302
1174,1481,1202
886,1174,1481
886,1174,1481,1302
886,1174,1481,1202
1176,521,1300
1179,1180
1195,249
1196,1197
1204,1205
1220,187
1220,1221
1220,1221,329,1309
1220,1221,950,949,329,1309
1220,1221,329,1458
1220,1221,950,949,329,1458
187,1220,1221
187,1220,1221,329,1309
187,1220,1221,950,949,329,1309
187,1220,1221,329,1458
187,1220,1221,950,949,329,1458
1221,329,1309
1221,329,1458
1224,1053
321,925,924,926,241
321,925,924,927,435
321,925,924,929,216
1269,902
1269,180
902,1269,180
1270,1271
1270,1271,62,61,63,72
1270,1271,62,149,63,72
1270,1271,62,64,61,63,72
1270,1271,62,66,61,63,72
1270,1271,62,63,72
1270,568,62,61,63,72
1270,568,62,149,63,72
1270,568,62,64,61,63,72
1270,568,62,66,61,63,72
1270,568,62,63,72
1271,62,61,63,72
1271,62,149,63,72
1271,62,64,61,63,72
1271,62,66,61,63,72
1271,62,63,72
1275,24,1435
1275,24,1476
1275,24,1555
1275,24,1558
1279,904
241,926,924,927,435
241,926,924,929,216
1283,665
1303,1288
1303,331,1429
1303,331,1429,1348
1288,1303,331,1429
1288,1303,331,1429,1348
1309,329,1458
1332,942
1354,1157
1354,1157,1402
1157,1402
1355,796
1257,56,1088
1367,316
1371,656
1407,458
1422,612
1429,1348
1435,24,1476
1435,24,1555
1435,24,1558
1441,586
1446,259,1563
1450,332
1450,332,462,1474
332,462,1474
1451,1432
435,927,924,929,216
1464,1193
1465,92,1470,1469
1465,92,1470,1469,194
1465,92,1470
1466,1112
1468,974
1468,14
1468,713,1514
974,1468,14
974,1468,713,1514
14,1468,713,1514
1469,194
1469,1470
194,1469,1470
1471,449
1476,24,1555
1476,24,1558
1481,1302
1481,1202
1302,1481,1202
1484,1259
1484,1281
1484,971
1484,1485
1259,1484,1281
1259,1484,971
1259,1484,1485
1281,1484,971
1281,1484,1485
971,1484,1485
1487,1087
1487,488
1487,1559
1087,1487,488
1087,1487,1559
488,1487,1559
1491,1252
1507,29
1522,1111
1526,623
1526,1525
623,1526,1525
1533,425
1533,1054
425,1533,1054
1539,769
1540,1414
1553,634
1555,24,1558
1557,780
1568,921
1573,207
1574,1122
1578,1345
