8,9
8,9,28
8,9,30,28
8,9,29
8,9,30
9,28
9,30,28
9,29
9,30
17,18
17,18,284
17,18,292
18,284
18,292
19,20
19,131,137,20
19,131,93,20
19,20,93,131,61
19,20,93,131,135,62,61
19,20,137,131,61
19,20,137,131,135,62,61
19,131,61
19,131,135,62,61
19,20,93,131,61,62
19,20,93,131,135,62
19,20,137,131,61,62
19,20,137,131,135,62
19,131,61,62
19,131,135,62
19,20,93,131,82
19,20,137,131,82
19,131,82
19,20,93,131,82,83
19,20,137,131,82,83
19,131,82,83
19,20,93
19,20,137,131,93
19,131,93
19,20,93,131,133,317,118,117
19,20,137,131,133,317,118,117
19,131,133,317,118,117
19,20,93,131,133,317,118
19,20,137,131,133,317,118
19,131,133,317,118
19,20,93,131,133,317,118,117,119
19,20,137,131,133,317,118,117,119
19,131,133,317,118,117,119
19,131
19,20,93,131,132
19,20,93,131,134,132
19,20,137,131,132
19,20,137,131,134,132
19,131,132
19,131,134,132
19,20,93,131,133
19,20,137,131,133
19,131,133
19,20,93,131,134
19,20,137,131,134
19,131,134
19,20,93,131,135
19,20,137,131,135
19,131,135
19,20,93,131,136
19,20,137,131,136
19,131,136
19,20,93,131,53
19,20,137,131,53
19,131,53
19,20,137
19,131,137
19,20,93,131,138
19,20,137,131,138
19,131,138
19,20,156
19,131,137,20,156
19,131,93,20,156
19,20,156,157
19,131,137,20,156,157
19,131,93,20,156,157
19,189
19,189,190
19,20,93,131,136,192
19,20,137,131,136,192
19,131,136,192
19,20,93,131,136,192,268
19,20,137,131,136,192,268
19,131,136,192,268
19,20,93,131,136,192,268,54
19,20,137,131,136,192,268,54
19,131,136,192,268,54
19,20,93,131,132,273
19,20,93,131,134,132,273
19,20,137,131,132,273
19,20,137,131,134,132,273
19,131,132,273
19,131,134,132,273
19,20,93,131,133,317
19,20,137,131,133,317
19,131,133,317
19,20,93,131,133,317,215
19,20,137,131,133,317,215
19,131,133,317,215
19,20,93,131,133,317,118,359
19,20,137,131,133,317,118,359
19,131,133,317,118,359
20,19,131,61
20,19,131,135,62,61
20,93,131,61
20,93,131,135,62,61
20,137,131,61
20,137,131,135,62,61
20,19,131,61,62
20,19,131,135,62
20,93,131,61,62
20,93,131,135,62
20,137,131,61,62
20,137,131,135,62
20,19,131,82
20,93,131,82
20,137,131,82
20,19,131,82,83
20,93,131,82,83
20,137,131,82,83
20,93
20,137,131,93
20,19,131,133,317,118,117
20,93,131,133,317,118,117
20,137,131,133,317,118,117
20,19,131,133,317,118
20,93,131,133,317,118
20,137,131,133,317,118
20,19,131,133,317,118,117,119
20,93,131,133,317,118,117,119
20,137,131,133,317,118,117,119
20,19,131
20,93,131
20,137,131
20,19,131,132
20,19,131,134,132
20,93,131,132
20,93,131,134,132
20,137,131,132
20,137,131,134,132
20,19,131,133
20,93,131,133
20,137,131,133
20,19,131,134
20,93,131,134
20,137,131,134
20,19,131,135
20,93,131,135
20,137,131,135
20,19,131,136
20,93,131,136
20,137,131,136
20,19,131,53
20,93,131,53
20,137,131,53
20,137
20,19,131,138
20,93,131,138
20,137,131,138
20,156
20,156,157
20,19,189
20,93,131,19,189
20,137,131,19,189
20,19,189,190
20,93,131,19,189,190
20,137,131,19,189,190
20,19,131,136,192
20,93,131,136,192
20,137,131,136,192
20,19,131,136,192,268
20,93,131,136,192,268
20,137,131,136,192,268
20,19,131,136,192,268,54
20,93,131,136,192,268,54
20,137,131,136,192,268,54
20,19,131,132,273
20,19,131,134,132,273
20,93,131,132,273
20,93,131,134,132,273
20,137,131,132,273
20,137,131,134,132,273
20,19,131,133,317
20,93,131,133,317
20,137,131,133,317
20,19,131,133,317,215
20,93,131,133,317,215
20,137,131,133,317,215
20,19,131,133,317,118,359
20,93,131,133,317,118,359
20,137,131,133,317,118,359
21,22
21,253,235,234,80,22
21,253,80,22
21,22,80,234,26,25
21,22,80,253,235,234,26,25
21,253,235,234,26,25
21,253,80,234,26,25
21,22,80,234,26
21,22,80,253,235,234,26
21,253,235,234,26
21,253,80,234,26
21,22,80
21,253,235,234,80
21,253,80
21,22,80,81
21,253,235,234,80,81
21,253,80,81
21,126
21,183
21,22,80,234,26,195
21,22,80,253,235,234,26,195
21,253,235,234,26,195
21,253,80,234,26,195
21,22,80,234,26,202
21,22,80,253,235,234,26,202
21,253,235,234,26,202
21,253,80,234,26,202
21,22,80,234
21,253,235,234
21,253,80,234
21,22,80,234,235
21,22,80,253,235
21,253,235
21,253
21,22,80,234,235,254
21,22,80,253,235,254
21,253,235,254
21,253,80,234,235,254
21,22,80,234,310
21,22,80,253,235,234,310
21,253,235,234,310
21,253,80,234,310
21,22,80,234,310,311
21,22,80,253,235,234,310,311
21,253,235,234,310,311
21,253,80,234,310,311
21,22,80,234,310,276
21,22,80,253,235,234,310,276
21,253,235,234,310,276
21,253,80,234,310,276
21,22,80,234,310,311,297
21,22,80,253,235,234,310,311,297
21,253,235,234,310,311,297
21,253,80,234,310,311,297
21,22,80,234,235,253,340
21,22,80,253,340
21,253,340
21,22,80,344,343
21,253,235,234,80,344,343
21,253,80,344,343
21,22,80,344,343,184
21,253,235,234,80,344,343,184
21,253,80,344,343,184
21,22,80,344
21,253,235,234,80,344
21,253,80,344
22,21,253,235,234,26,25
22,21,253,80,234,26,25
22,80,234,26,25
22,80,253,235,234,26,25
22,21,253,235,234,26
22,21,253,80,234,26
22,80,234,26
22,80,253,235,234,26
22,80
22,21,253,235,234,80,81
22,21,253,80,81
22,80,81
22,21,126
22,80,234,235,253,21,126
22,80,253,21,126
22,21,183
22,80,234,235,253,21,183
22,80,253,21,183
22,21,253,235,234,26,195
22,21,253,80,234,26,195
22,80,234,26,195
22,80,253,235,234,26,195
22,21,253,235,234,26,202
22,21,253,80,234,26,202
22,80,234,26,202
22,80,253,235,234,26,202
22,21,253,235,234
22,21,253,80,234
22,80,234
22,80,253,235,234
22,21,253,235
22,80,234,235
22,80,253,235
22,21,253
22,80,253
22,21,253,235,254
22,21,253,80,234,235,254
22,80,234,235,254
22,80,253,235,254
22,21,253,235,234,310
22,21,253,80,234,310
22,80,234,310
22,80,253,235,234,310
22,21,253,235,234,310,311
22,21,253,80,234,310,311
22,80,234,310,311
22,80,253,235,234,310,311
22,21,253,235,234,310,276
22,21,253,80,234,310,276
22,80,234,310,276
22,80,253,235,234,310,276
22,21,253,235,234,310,311,297
22,21,253,80,234,310,311,297
22,80,234,310,311,297
22,80,253,235,234,310,311,297
22,21,253,340
22,80,234,235,253,340
22,80,253,340
22,21,253,235,234,80,344,343
22,21,253,80,344,343
22,80,344,343
22,21,253,235,234,80,344,343,184
22,21,253,80,344,343,184
22,80,344,343,184
22,21,253,235,234,80,344
22,21,253,80,344
22,80,344
25,26
25,26,234,80
25,26,234,235,253,80
25,26,234,80,81
25,26,234,235,253,80,81
25,26,234,235,253,21,22,80,81
25,26,234,80,253,21,126
25,26,234,80,22,21,126
25,26,234,235,253,80,22,21,126
25,26,234,235,253,21,126
25,26,234,80,253,21,183
25,26,234,80,22,21,183
25,26,234,235,253,80,22,21,183
25,26,234,235,253,21,183
25,26,195
25,26,202
25,26,234
25,26,234,235
25,26,234,80,253
25,26,234,235,253
25,26,234,80,253,235,254
25,26,234,80,22,21,253,235,254
25,26,234,235,254
25,26,234,310
25,26,234,310,311
25,26,234,310,276
25,26,234,310,311,297
25,26,234,80,253,340
25,26,234,80,22,21,253,340
25,26,234,235,253,340
25,26,234,80,344,343
25,26,234,235,253,80,344,343
25,26,234,235,253,21,22,80,344,343
25,26,234,80,344,343,184
25,26,234,235,253,80,344,343,184
25,26,234,235,253,21,22,80,344,343,184
25,26,234,80,344
25,26,234,235,253,80,344
25,26,234,235,253,21,22,80,344
26,234,80
26,234,235,253,80
26,234,80,81
26,234,235,253,80,81
26,234,235,253,21,22,80,81
26,234,80,253,21,126
26,234,80,22,21,126
26,234,235,253,80,22,21,126
26,234,235,253,21,126
26,234,80,253,21,183
26,234,80,22,21,183
26,234,235,253,80,22,21,183
26,234,235,253,21,183
26,195
26,202
26,234
26,234,235
26,234,80,253
26,234,235,253
26,234,80,253,235,254
26,234,80,22,21,253,235,254
26,234,235,254
26,234,310
26,234,310,311
26,234,310,276
26,234,310,311,297
26,234,80,253,340
26,234,80,22,21,253,340
26,234,235,253,340
26,234,80,344,343
26,234,235,253,80,344,343
26,234,235,253,21,22,80,344,343
26,234,80,344,343,184
26,234,235,253,80,344,343,184
26,234,235,253,21,22,80,344,343,184
26,234,80,344
26,234,235,253,80,344
26,234,235,253,21,22,80,344
28,9,29
28,30,9,29
28,30
29,9,30
33,34
33,34,226
33,34,226,264,263
33,34,226,264
34,226
34,226,264,263
34,226,264
35,36
35,36,213,212
35,36,213
36,213,212
36,213
38,39
38,39,3
38,306
39,3
39,38,306
40,41
40,41,130
40,41,73
40,41,316
41,130
41,73
41,316
49,50
49,50,58
49,50,360,60,58
49,50,58,59
49,50,360,60,58,59
49,50,58,60
49,50,360,60
49,50,360
49,50,58,60,360,327
49,50,360,327
49,50,58,60,360,280
49,50,360,280
50,58
50,360,60,58
50,58,59
50,360,60,58,59
50,58,60
50,360,60
50,360
50,58,60,360,327
50,360,327
50,58,60,360,280
50,360,280
58,59
58,60
58,50,360
58,60,360
58,50,360,327
58,60,360,327
58,50,360,280
58,60,360,280
59,58,60
59,58,50,360
59,58,60,360
59,58,50,360,327
59,58,60,360,327
59,58,50,360,280
59,58,60,360,280
60,360
60,360,327
60,360,280
61,62
61,131,135,62
61,62,135,131,82
61,131,82
61,62,135,131,82,83
61,131,82,83
61,62,135,131,137,20,93
61,62,135,131,93
61,131,137,20,93
61,131,93
61,62,135,131,133,317,118,117
61,131,133,317,118,117
61,62,135,131,133,317,118
61,131,133,317,118
61,62,135,131,133,317,118,117,119
61,131,133,317,118,117,119
61,131
61,62,135,131,132
61,62,135,131,134,132
61,131,132
61,131,134,132
61,62,135,131,133
61,131,133
61,62,135,131,134
61,131,134
61,62,135
61,131,135
61,62,135,131,136
61,131,136
61,62,135,131,53
61,131,53
61,62,135,131,137
61,131,137
61,62,135,131,138
61,131,138
61,62,135,131,19,20,156
61,62,135,131,137,20,156
61,62,135,131,93,20,156
61,131,19,20,156
61,131,137,20,156
61,131,93,20,156
61,62,135,131,19,20,156,157
61,62,135,131,137,20,156,157
61,62,135,131,93,20,156,157
61,131,19,20,156,157
61,131,137,20,156,157
61,131,93,20,156,157
61,62,135,131,19,189
61,62,135,131,137,20,19,189
61,62,135,131,93,20,19,189
61,131,19,189
61,131,137,20,19,189
61,131,93,20,19,189
61,62,135,131,19,189,190
61,62,135,131,137,20,19,189,190
61,62,135,131,93,20,19,189,190
61,131,19,189,190
61,131,137,20,19,189,190
61,131,93,20,19,189,190
61,62,135,131,136,192
61,131,136,192
61,62,135,131,136,192,268
61,131,136,192,268
61,62,135,131,136,192,268,54
61,131,136,192,268,54
61,62,135,131,132,273
61,62,135,131,134,132,273
61,131,132,273
61,131,134,132,273
61,62,135,131,133,317
61,131,133,317
61,62,135,131,133,317,215
61,131,133,317,215
61,62,135,131,133,317,118,359
61,131,133,317,118,359
62,61,131,82
62,135,131,82
62,61,131,82,83
62,135,131,82,83
62,61,131,137,20,93
62,61,131,93
62,135,131,137,20,93
62,135,131,93
62,61,131,133,317,118,117
62,135,131,133,317,118,117
62,61,131,133,317,118
62,135,131,133,317,118
62,61,131,133,317,118,117,119
62,135,131,133,317,118,117,119
62,61,131
62,135,131
62,61,131,132
62,61,131,134,132
62,135,131,132
62,135,131,134,132
62,61,131,133
62,135,131,133
62,61,131,134
62,135,131,134
62,135
62,61,131,136
62,135,131,136
62,61,131,53
62,135,131,53
62,61,131,137
62,135,131,137
62,61,131,138
62,135,131,138
62,61,131,19,20,156
62,61,131,137,20,156
62,61,131,93,20,156
62,135,131,19,20,156
62,135,131,137,20,156
62,135,131,93,20,156
62,61,131,19,20,156,157
62,61,131,137,20,156,157
62,61,131,93,20,156,157
62,135,131,19,20,156,157
62,135,131,137,20,156,157
62,135,131,93,20,156,157
62,61,131,19,189
62,61,131,137,20,19,189
62,61,131,93,20,19,189
62,135,131,19,189
62,135,131,137,20,19,189
62,135,131,93,20,19,189
62,61,131,19,189,190
62,61,131,137,20,19,189,190
62,61,131,93,20,19,189,190
62,135,131,19,189,190
62,135,131,137,20,19,189,190
62,135,131,93,20,19,189,190
62,61,131,136,192
62,135,131,136,192
62,61,131,136,192,268
62,135,131,136,192,268
62,61,131,136,192,268,54
62,135,131,136,192,268,54
62,61,131,132,273
62,61,131,134,132,273
62,135,131,132,273
62,135,131,134,132,273
62,61,131,133,317
62,135,131,133,317
62,61,131,133,317,215
62,135,131,133,317,215
62,61,131,133,317,118,359
62,135,131,133,317,118,359
63,64
63,64,211,91,90
63,64,250,90
63,64,211,91
63,64,250,90,91
63,64,211,78,99
63,64,250,90,91,211,78,99
63,64,211,78
63,64,250,90,91,211,78
63,64,211
63,64,250,90,91,211
63,64,250
63,64,211,78,286
63,64,250,90,91,211,78,286
64,211,91,90
64,250,90
64,211,91
64,250,90,91
64,211,78,99
64,250,90,91,211,78,99
64,211,78
64,250,90,91,211,78
64,211
64,250,90,91,211
64,250
64,211,78,286
64,250,90,91,211,78,286
68,69
68,70,170,69
68,70,260,69
68,70
68,120
68,69,170
68,69,260,70,170
68,70,170
68,69,170,171
68,69,260,70,170,171
68,70,170,171
68,69,170,171,172
68,69,260,70,170,171,172
68,70,170,171,172
68,69,170,70,260,259
68,69,260,259
68,70,260,259
68,69,260
68,70,260
69,68,70
69,170,70
69,260,70
69,68,120
69,170,70,68,120
69,260,70,68,120
69,170
69,260,70,170
69,68,70,170,171
69,170,171
69,260,70,170,171
69,68,70,170,171,172
69,170,171,172
69,260,70,170,171,172
69,68,70,260,259
69,170,70,260,259
69,260,259
69,260
70,68,120
70,170
70,170,171
70,170,171,172
70,260,259
70,260
80,81
80,234,235,253,21,126
80,253,21,126
80,22,21,126
80,234,235,253,21,183
80,253,21,183
80,22,21,183
80,234,26,195
80,253,235,234,26,195
80,234,26,202
80,253,235,234,26,202
80,234
80,253,235,234
80,234,235
80,253,235
80,253
80,234,235,254
80,253,235,254
80,234,310
80,253,235,234,310
80,234,310,311
80,253,235,234,310,311
80,234,310,276
80,253,235,234,310,276
80,234,310,311,297
80,253,235,234,310,311,297
80,234,235,253,340
80,253,340
80,344,343
80,344,343,184
80,344
81,80,234,235,253,21,126
81,80,253,21,126
81,80,22,21,126
81,80,234,235,253,21,183
81,80,253,21,183
81,80,22,21,183
81,80,234,26,195
81,80,253,235,234,26,195
81,80,22,21,253,235,234,26,195
81,80,234,26,202
81,80,253,235,234,26,202
81,80,22,21,253,235,234,26,202
81,80,234
81,80,253,235,234
81,80,234,235
81,80,253,235
81,80,22,21,253,235
81,80,253
81,80,234,235,254
81,80,253,235,254
81,80,22,21,253,235,254
81,80,234,310
81,80,253,235,234,310
81,80,22,21,253,235,234,310
81,80,234,310,311
81,80,253,235,234,310,311
81,80,22,21,253,235,234,310,311
81,80,234,310,276
81,80,253,235,234,310,276
81,80,22,21,253,235,234,310,276
81,80,234,310,311,297
81,80,253,235,234,310,311,297
81,80,22,21,253,235,234,310,311,297
81,80,234,235,253,340
81,80,253,340
81,80,22,21,253,340
81,80,344,343
81,80,344,343,184
81,80,344
82,83
82,131,137,20,93
82,131,93
82,131,133,317,118,117
82,131,133,317,118
82,131,133,317,118,117,119
82,131
82,131,132
82,131,134,132
82,131,133
82,131,134
82,131,135
82,131,136
82,131,53
82,131,137
82,131,138
82,131,19,20,156
82,131,137,20,156
82,131,93,20,156
82,131,19,20,156,157
82,131,137,20,156,157
82,131,93,20,156,157
82,131,19,189
82,131,137,20,19,189
82,131,93,20,19,189
82,131,19,189,190
82,131,137,20,19,189,190
82,131,93,20,19,189,190
82,131,136,192
82,131,136,192,268
82,131,136,192,268,54
82,131,132,273
82,131,134,132,273
82,131,133,317
82,131,133,317,215
82,131,133,317,118,359
83,82,131,137,20,93
83,82,131,93
83,82,131,133,317,118,117
83,82,131,133,317,118
83,82,131,133,317,118,117,119
83,82,131
83,82,131,132
83,82,131,134,132
83,82,131,133
83,82,131,134
83,82,131,135
83,82,131,136
83,82,131,53
83,82,131,137
83,82,131,138
83,82,131,19,20,156
83,82,131,137,20,156
83,82,131,93,20,156
83,82,131,19,20,156,157
83,82,131,137,20,156,157
83,82,131,93,20,156,157
83,82,131,19,189
83,82,131,137,20,19,189
83,82,131,93,20,19,189
83,82,131,19,189,190
83,82,131,137,20,19,189,190
83,82,131,93,20,19,189,190
83,82,131,136,192
83,82,131,136,192,268
83,82,131,136,192,268,54
83,82,131,132,273
83,82,131,134,132,273
83,82,131,133,317
83,82,131,133,317,215
83,82,131,133,317,118,359
90,91
90,91,211,78,99
90,250,64,211,78,99
90,91,211,78
90,250,64,211,78
90,91,211
90,250,64,211
90,250
90,91,211,78,286
90,250,64,211,78,286
91,211,78,99
91,211,78
91,211
91,90,250
91,211,64,250
91,211,78,286
93,20,137,131,133,317,118,117
93,131,133,317,118,117
93,20,137,131,133,317,118
93,131,133,317,118
93,20,137,131,133,317,118,117,119
93,131,133,317,118,117,119
93,131
93,20,137,131,132
93,20,137,131,134,132
93,131,132
93,131,134,132
93,20,137,131,133
93,131,133
93,20,137,131,134
93,131,134
93,20,137,131,135
93,131,135
93,20,137,131,136
93,131,136
93,20,137,131,53
93,131,53
93,20,137
93,131,137
93,20,137,131,138
93,131,138
93,20,156
93,131,137,20,156
93,20,156,157
93,131,137,20,156,157
93,20,19,189
93,20,137,131,19,189
93,131,19,189
93,20,19,189,190
93,20,137,131,19,189,190
93,131,19,189,190
93,20,137,131,136,192
93,131,136,192
93,20,137,131,136,192,268
93,131,136,192,268
93,20,137,131,136,192,268,54
93,131,136,192,268,54
93,20,137,131,132,273
93,20,137,131,134,132,273
93,131,132,273
93,131,134,132,273
93,20,137,131,133,317
93,131,133,317
93,20,137,131,133,317,215
93,131,133,317,215
93,20,137,131,133,317,118,359
93,131,133,317,118,359
96,97
96,98
96,98,48
96,97,242
96,97,148
96,97,326
97,96,98
97,96,98,48
97,242
97,148
97,326
98,48
98,96,97,242
98,96,97,148
98,96,97,326
48,98,96,97,242
48,98,96,97,148
48,98,96,97,326
99,78
99,78,211
99,78,211,91,90,250
99,78,211,64,250
99,78,286
78,211
78,211,91,90,250
78,211,64,250
78,286
102,103
108,109
111,112
115,116
115,116,287
115,116,287,47
115,116,287,47,291
115,116,293
115,116,194
116,287
116,287,47
116,287,47,291
116,293
116,194
117,118
117,119
117,118,317,133,131
117,118,317,133,131,132
117,118,317,133,131,134,132
117,118,317,133
117,118,317,133,131,134
117,118,317,133,131,135
117,118,317,133,131,136
117,118,317,133,131,53
117,118,317,133,131,137
117,118,317,133,131,138
117,118,317,133,131,19,20,156
117,118,317,133,131,137,20,156
117,118,317,133,131,93,20,156
117,118,317,133,131,19,20,156,157
117,118,317,133,131,137,20,156,157
117,118,317,133,131,93,20,156,157
117,118,317,133,131,19,189
117,118,317,133,131,137,20,19,189
117,118,317,133,131,93,20,19,189
117,118,317,133,131,19,189,190
117,118,317,133,131,137,20,19,189,190
117,118,317,133,131,93,20,19,189,190
117,118,317,133,131,136,192
117,118,317,133,131,136,192,268
117,118,317,133,131,136,192,268,54
117,118,317,133,131,132,273
117,118,317,133,131,134,132,273
117,118,317
117,118,317,215
117,118,359
118,117,119
118,317,133,131
118,317,133,131,132
118,317,133,131,134,132
118,317,133
118,317,133,131,134
118,317,133,131,135
118,317,133,131,136
118,317,133,131,53
118,317,133,131,137
118,317,133,131,138
118,317,133,131,19,20,156
118,317,133,131,137,20,156
118,317,133,131,93,20,156
118,317,133,131,19,20,156,157
118,317,133,131,137,20,156,157
118,317,133,131,93,20,156,157
118,317,133,131,19,189
118,317,133,131,137,20,19,189
118,317,133,131,93,20,19,189
118,317,133,131,19,189,190
118,317,133,131,137,20,19,189,190
118,317,133,131,93,20,19,189,190
118,317,133,131,136,192
118,317,133,131,136,192,268
118,317,133,131,136,192,268,54
118,317,133,131,132,273
118,317,133,131,134,132,273
118,317
118,317,215
118,359
119,117,118,317,133,131
119,117,118,317,133,131,132
119,117,118,317,133,131,134,132
119,117,118,317,133
119,117,118,317,133,131,134
119,117,118,317,133,131,135
119,117,118,317,133,131,136
119,117,118,317,133,131,53
119,117,118,317,133,131,137
119,117,118,317,133,131,138
119,117,118,317,133,131,19,20,156
119,117,118,317,133,131,137,20,156
119,117,118,317,133,131,93,20,156
119,117,118,317,133,131,19,20,156,157
119,117,118,317,133,131,137,20,156,157
119,117,118,317,133,131,93,20,156,157
119,117,118,317,133,131,19,189
119,117,118,317,133,131,137,20,19,189
119,117,118,317,133,131,93,20,19,189
119,117,118,317,133,131,19,189,190
119,117,118,317,133,131,137,20,19,189,190
119,117,118,317,133,131,93,20,19,189,190
119,117,118,317,133,131,136,192
119,117,118,317,133,131,136,192,268
119,117,118,317,133,131,136,192,268,54
119,117,118,317,133,131,132,273
119,117,118,317,133,131,134,132,273
119,117,118,317
119,117,118,317,215
119,117,118,359
120,68,69,170
120,68,69,260,70,170
120,68,70,170
120,68,69,170,171
120,68,69,260,70,170,171
120,68,70,170,171
120,68,69,170,171,172
120,68,69,260,70,170,171,172
120,68,70,170,171,172
120,68,69,170,70,260,259
120,68,69,260,259
120,68,70,260,259
120,68,69,260
120,68,70,260
122,123
122,354
122,354,16
123,122,354
123,122,354,16
126,21,183
126,21,22,80,234,26,195
126,21,22,80,253,235,234,26,195
126,21,253,235,234,26,195
126,21,253,80,234,26,195
126,21,22,80,234,26,202
126,21,22,80,253,235,234,26,202
126,21,253,235,234,26,202
126,21,253,80,234,26,202
126,21,22,80,234
126,21,253,235,234
126,21,253,80,234
126,21,22,80,234,235
126,21,22,80,253,235
126,21,253,235
126,21,253
126,21,22,80,234,235,254
126,21,22,80,253,235,254
126,21,253,235,254
126,21,253,80,234,235,254
126,21,22,80,234,310
126,21,22,80,253,235,234,310
126,21,253,235,234,310
126,21,253,80,234,310
126,21,22,80,234,310,311
126,21,22,80,253,235,234,310,311
126,21,253,235,234,310,311
126,21,253,80,234,310,311
126,21,22,80,234,310,276
126,21,22,80,253,235,234,310,276
126,21,253,235,234,310,276
126,21,253,80,234,310,276
126,21,22,80,234,310,311,297
126,21,22,80,253,235,234,310,311,297
126,21,253,235,234,310,311,297
126,21,253,80,234,310,311,297
126,21,22,80,234,235,253,340
126,21,22,80,253,340
126,21,253,340
126,21,22,80,344,343
126,21,253,235,234,80,344,343
126,21,253,80,344,343
126,21,22,80,344,343,184
126,21,253,235,234,80,344,343,184
126,21,253,80,344,343,184
126,21,22,80,344
126,21,253,235,234,80,344
126,21,253,80,344
130,41,73
130,41,316
131,132
131,134,132
131,133
131,134
131,135
131,136
131,53
131,137
131,138
131,19,20,156
131,137,20,156
131,93,20,156
131,19,20,156,157
131,137,20,156,157
131,93,20,156,157
131,19,189
131,19,189,190
131,136,192
131,136,192,268
131,136,192,268,54
131,132,273
131,134,132,273
131,133,317
131,133,317,215
131,133,317,118,359
132,131,133
132,134,131,133
132,134
132,131,135
132,134,131,135
132,131,136
132,134,131,136
132,131,53
132,134,131,53
132,131,137
132,134,131,137
132,131,138
132,134,131,138
132,131,19,20,156
132,131,137,20,156
132,131,93,20,156
132,134,131,19,20,156
132,134,131,137,20,156
132,134,131,93,20,156
132,131,19,20,156,157
132,131,137,20,156,157
132,131,93,20,156,157
132,134,131,19,20,156,157
132,134,131,137,20,156,157
132,134,131,93,20,156,157
132,131,19,189
132,131,137,20,19,189
132,131,93,20,19,189
132,134,131,19,189
132,134,131,137,20,19,189
132,134,131,93,20,19,189
132,131,19,189,190
132,131,137,20,19,189,190
132,131,93,20,19,189,190
132,134,131,19,189,190
132,134,131,137,20,19,189,190
132,134,131,93,20,19,189,190
132,131,136,192
132,134,131,136,192
132,131,136,192,268
132,134,131,136,192,268
132,131,136,192,268,54
132,134,131,136,192,268,54
132,273
132,131,133,317
132,134,131,133,317
132,131,133,317,215
132,134,131,133,317,215
132,131,133,317,118,359
132,134,131,133,317,118,359
133,131,134
133,131,135
133,131,136
133,131,53
133,131,137
133,131,138
133,131,19,20,156
133,131,137,20,156
133,131,93,20,156
133,131,19,20,156,157
133,131,137,20,156,157
133,131,93,20,156,157
133,131,19,189
133,131,137,20,19,189
133,131,93,20,19,189
133,131,19,189,190
133,131,137,20,19,189,190
133,131,93,20,19,189,190
133,131,136,192
133,131,136,192,268
133,131,136,192,268,54
133,131,132,273
133,131,134,132,273
133,317
133,317,215
133,317,118,359
134,131,135
134,131,136
134,131,53
134,131,137
134,131,138
134,131,19,20,156
134,131,137,20,156
134,131,93,20,156
134,131,19,20,156,157
134,131,137,20,156,157
134,131,93,20,156,157
134,131,19,189
134,131,137,20,19,189
134,131,93,20,19,189
134,131,19,189,190
134,131,137,20,19,189,190
134,131,93,20,19,189,190
134,131,136,192
134,131,136,192,268
134,131,136,192,268,54
134,132,273
134,131,133,317
134,131,133,317,215
134,131,133,317,118,359
135,131,136
135,131,53
135,131,137
135,131,138
135,131,19,20,156
135,131,137,20,156
135,131,93,20,156
135,131,19,20,156,157
135,131,137,20,156,157
135,131,93,20,156,157
135,131,19,189
135,131,137,20,19,189
135,131,93,20,19,189
135,131,19,189,190
135,131,137,20,19,189,190
135,131,93,20,19,189,190
135,131,136,192
135,131,136,192,268
135,131,136,192,268,54
135,131,132,273
135,131,134,132,273
135,131,133,317
135,131,133,317,215
135,131,133,317,118,359
136,131,53
136,131,137
136,131,138
136,131,19,20,156
136,131,137,20,156
136,131,93,20,156
136,131,19,20,156,157
136,131,137,20,156,157
136,131,93,20,156,157
136,131,19,189
136,131,137,20,19,189
136,131,93,20,19,189
136,131,19,189,190
136,131,137,20,19,189,190
136,131,93,20,19,189,190
136,192
136,192,268
136,192,268,54
136,131,132,273
136,131,134,132,273
136,131,133,317
136,131,133,317,215
136,131,133,317,118,359
53,131,137
53,131,138
53,131,19,20,156
53,131,137,20,156
53,131,93,20,156
53,131,19,20,156,157
53,131,137,20,156,157
53,131,93,20,156,157
53,131,19,189
53,131,137,20,19,189
53,131,93,20,19,189
53,131,19,189,190
53,131,137,20,19,189,190
53,131,93,20,19,189,190
53,131,136,192
53,131,136,192,268
53,131,136,192,268,54
53,131,132,273
53,131,134,132,273
53,131,133,317
53,131,133,317,215
53,131,133,317,118,359
137,131,138
137,20,156
137,20,156,157
137,131,19,189
137,20,19,189
137,131,19,189,190
137,20,19,189,190
137,131,136,192
137,131,136,192,268
137,131,136,192,268,54
137,131,132,273
137,131,134,132,273
137,131,133,317
137,131,133,317,215
137,131,133,317,118,359
138,131,19,20,156
138,131,137,20,156
138,131,93,20,156
138,131,19,20,156,157
138,131,137,20,156,157
138,131,93,20,156,157
138,131,19,189
138,131,137,20,19,189
138,131,93,20,19,189
138,131,19,189,190
138,131,137,20,19,189,190
138,131,93,20,19,189,190
138,131,136,192
138,131,136,192,268
138,131,136,192,268,54
138,131,132,273
138,131,134,132,273
138,131,133,317
138,131,133,317,215
138,131,133,317,118,359
145,146
145,146,243
146,243
147,85
147,85,208
85,208
152,153
154,155
3,39,38,306
156,157
156,20,19,189
156,20,93,131,19,189
156,20,137,131,19,189
156,20,19,189,190
156,20,93,131,19,189,190
156,20,137,131,19,189,190
156,20,19,131,136,192
156,20,93,131,136,192
156,20,137,131,136,192
156,20,19,131,136,192,268
156,20,93,131,136,192,268
156,20,137,131,136,192,268
156,20,19,131,136,192,268,54
156,20,93,131,136,192,268,54
156,20,137,131,136,192,268,54
156,20,19,131,132,273
156,20,19,131,134,132,273
156,20,93,131,132,273
156,20,93,131,134,132,273
156,20,137,131,132,273
156,20,137,131,134,132,273
156,20,19,131,133,317
156,20,93,131,133,317
156,20,137,131,133,317
156,20,19,131,133,317,215
156,20,93,131,133,317,215
156,20,137,131,133,317,215
156,20,19,131,133,317,118,359
156,20,93,131,133,317,118,359
156,20,137,131,133,317,118,359
157,156,20,19,189
157,156,20,93,131,19,189
157,156,20,137,131,19,189
157,156,20,19,189,190
157,156,20,93,131,19,189,190
157,156,20,137,131,19,189,190
157,156,20,19,131,136,192
157,156,20,93,131,136,192
157,156,20,137,131,136,192
157,156,20,19,131,136,192,268
157,156,20,93,131,136,192,268
157,156,20,137,131,136,192,268
157,156,20,19,131,136,192,268,54
157,156,20,93,131,136,192,268,54
157,156,20,137,131,136,192,268,54
157,156,20,19,131,132,273
157,156,20,19,131,134,132,273
157,156,20,93,131,132,273
157,156,20,93,131,134,132,273
157,156,20,137,131,132,273
157,156,20,137,131,134,132,273
157,156,20,19,131,133,317
157,156,20,93,131,133,317
157,156,20,137,131,133,317
157,156,20,19,131,133,317,215
157,156,20,93,131,133,317,215
157,156,20,137,131,133,317,215
157,156,20,19,131,133,317,118,359
157,156,20,93,131,133,317,118,359
157,156,20,137,131,133,317,118,359
164,165
164,166
164,166,318
164,166,318,186
164,166,318,37
164,166,318,67
164,166,320
164,166,321
165,164,166
165,164,166,318
165,164,166,318,186
165,164,166,318,37
165,164,166,318,67
165,164,166,320
165,164,166,321
166,318
166,318,186
166,318,37
166,318,67
166,320
166,321
170,171
170,171,172
170,69,260,259
170,70,260,259
170,69,260
170,70,260
171,172
171,170,69,68,70,260,259
171,170,69,260,259
171,170,70,260,259
171,170,69,260
171,170,70,260
172,171,170,69,68,70,260,259
172,171,170,69,260,259
172,171,170,70,260,259
172,171,170,69,260
172,171,170,70,260
175,158
175,180
175,180,167
175,180,367
175,180,367,205
158,175,180
158,175,180,167
158,175,180,367
158,175,180,367,205
180,167
180,367
180,367,205
167,180,367
167,180,367,205
183,21,22,80,234,26,195
183,21,22,80,253,235,234,26,195
183,21,253,235,234,26,195
183,21,253,80,234,26,195
183,21,22,80,234,26,202
183,21,22,80,253,235,234,26,202
183,21,253,235,234,26,202
183,21,253,80,234,26,202
183,21,22,80,234
183,21,253,235,234
183,21,253,80,234
183,21,22,80,234,235
183,21,22,80,253,235
183,21,253,235
183,21,253
183,21,22,80,234,235,254
183,21,22,80,253,235,254
183,21,253,235,254
183,21,253,80,234,235,254
183,21,22,80,234,310
183,21,22,80,253,235,234,310
183,21,253,235,234,310
183,21,253,80,234,310
183,21,22,80,234,310,311
183,21,22,80,253,235,234,310,311
183,21,253,235,234,310,311
183,21,253,80,234,310,311
183,21,22,80,234,310,276
183,21,22,80,253,235,234,310,276
183,21,253,235,234,310,276
183,21,253,80,234,310,276
183,21,22,80,234,310,311,297
183,21,22,80,253,235,234,310,311,297
183,21,253,235,234,310,311,297
183,21,253,80,234,310,311,297
183,21,22,80,234,235,253,340
183,21,22,80,253,340
183,21,253,340
183,21,22,80,344,343
183,21,253,235,234,80,344,343
183,21,253,80,344,343
183,21,22,80,344,343,184
183,21,253,235,234,80,344,343,184
183,21,253,80,344,343,184
183,21,22,80,344
183,21,253,235,234,80,344
183,21,253,80,344
189,190
189,19,20,93,131,136,192
189,19,20,137,131,136,192
189,19,131,136,192
189,19,20,93,131,136,192,268
189,19,20,137,131,136,192,268
189,19,131,136,192,268
189,19,20,93,131,136,192,268,54
189,19,20,137,131,136,192,268,54
189,19,131,136,192,268,54
189,19,20,93,131,132,273
189,19,20,93,131,134,132,273
189,19,20,137,131,132,273
189,19,20,137,131,134,132,273
189,19,131,132,273
189,19,131,134,132,273
189,19,20,93,131,133,317
189,19,20,137,131,133,317
189,19,131,133,317
189,19,20,93,131,133,317,215
189,19,20,137,131,133,317,215
189,19,131,133,317,215
189,19,20,93,131,133,317,118,359
189,19,20,137,131,133,317,118,359
189,19,131,133,317,118,359
190,189,19,20,93,131,136,192
190,189,19,20,137,131,136,192
190,189,19,131,136,192
190,189,19,20,93,131,136,192,268
190,189,19,20,137,131,136,192,268
190,189,19,131,136,192,268
190,189,19,20,93,131,136,192,268,54
190,189,19,20,137,131,136,192,268,54
190,189,19,131,136,192,268,54
190,189,19,20,93,131,132,273
190,189,19,20,93,131,134,132,273
190,189,19,20,137,131,132,273
190,189,19,20,137,131,134,132,273
190,189,19,131,132,273
190,189,19,131,134,132,273
190,189,19,20,93,131,133,317
190,189,19,20,137,131,133,317
190,189,19,131,133,317
190,189,19,20,93,131,133,317,215
190,189,19,20,137,131,133,317,215
190,189,19,131,133,317,215
190,189,19,20,93,131,133,317,118,359
190,189,19,20,137,131,133,317,118,359
190,189,19,131,133,317,118,359
192,268
192,268,54
192,136,131,132,273
192,136,131,134,132,273
192,136,131,133,317
192,136,131,133,317,215
192,136,131,133,317,118,359
195,26,202
195,26,234
195,26,234,235
195,26,234,80,253
195,26,234,235,253
195,26,234,80,253,235,254
195,26,234,80,22,21,253,235,254
195,26,234,235,254
195,26,234,310
195,26,234,310,311
195,26,234,310,276
195,26,234,310,311,297
195,26,234,80,253,340
195,26,234,80,22,21,253,340
195,26,234,235,253,340
195,26,234,80,344,343
195,26,234,235,253,80,344,343
195,26,234,235,253,21,22,80,344,343
195,26,234,80,344,343,184
195,26,234,235,253,80,344,343,184
195,26,234,235,253,21,22,80,344,343,184
195,26,234,80,344
195,26,234,235,253,80,344
195,26,234,235,253,21,22,80,344
202,26,234
202,26,234,235
202,26,234,80,253
202,26,234,235,253
202,26,234,80,253,235,254
202,26,234,80,22,21,253,235,254
202,26,234,235,254
202,26,234,310
202,26,234,310,311
202,26,234,310,276
202,26,234,310,311,297
202,26,234,80,253,340
202,26,234,80,22,21,253,340
202,26,234,235,253,340
202,26,234,80,344,343
202,26,234,235,253,80,344,343
202,26,234,235,253,21,22,80,344,343
202,26,234,80,344,343,184
202,26,234,235,253,80,344,343,184
202,26,234,235,253,21,22,80,344,343,184
202,26,234,80,344
202,26,234,235,253,80,344
202,26,234,235,253,21,22,80,344
203,204
211,91,90,250
211,64,250
211,78,286
212,213
219,74
226,264,263
226,264
234,235
234,80,253
234,235,253
234,80,253,235,254
234,235,254
234,310
234,310,311
234,310,276
234,310,311,297
234,80,253,340
234,80,22,21,253,340
234,235,253,340
234,80,344,343
234,235,253,80,344,343
234,80,344,343,184
234,235,253,80,344,343,184
234,80,344
234,235,253,80,344
235,253
235,254
235,234,310
235,234,310,311
235,234,310,276
235,234,310,311,297
235,253,340
235,234,80,344,343
235,253,80,344,343
235,253,21,22,80,344,343
235,234,80,344,343,184
235,253,80,344,343,184
235,253,21,22,80,344,343,184
235,234,80,344
235,253,80,344
235,253,21,22,80,344
237,181
237,57
181,237,57
242,97,148
242,97,326
148,97,326
250,90,91,211,78,286
250,64,211,78,286
251,252
253,235,254
253,235,234,310
253,80,234,310
253,235,234,310,311
253,80,234,310,311
253,235,234,310,276
253,80,234,310,276
253,235,234,310,311,297
253,80,234,310,311,297
253,340
253,80,344,343
253,80,344,343,184
253,80,344
254,235,234,310
254,235,253,80,234,310
254,235,253,21,22,80,234,310
254,235,234,310,311
254,235,253,80,234,310,311
254,235,253,21,22,80,234,310,311
254,235,234,310,276
254,235,253,80,234,310,276
254,235,253,21,22,80,234,310,276
254,235,234,310,311,297
254,235,253,80,234,310,311,297
254,235,253,21,22,80,234,310,311,297
254,235,234,80,253,340
254,235,234,80,22,21,253,340
254,235,253,340
254,235,234,80,344,343
254,235,253,80,344,343
254,235,253,21,22,80,344,343
254,235,234,80,344,343,184
254,235,253,80,344,343,184
254,235,253,21,22,80,344,343,184
254,235,234,80,344
254,235,253,80,344
254,235,253,21,22,80,344
259,260
263,264
268,54
268,192,136,131,132,273
268,192,136,131,134,132,273
268,192,136,131,133,317
268,192,136,131,133,317,215
268,192,136,131,133,317,118,359
54,268,192,136,131,132,273
54,268,192,136,131,134,132,273
54,268,192,136,131,133,317
54,268,192,136,131,133,317,215
54,268,192,136,131,133,317,118,359
272,176
273,132,131,133,317
273,132,134,131,133,317
273,132,131,133,317,215
273,132,134,131,133,317,215
273,132,131,133,317,118,359
273,132,134,131,133,317,118,359
274,23
284,18,292
287,47
287,47,291
287,116,293
287,116,194
47,291
47,287,116,293
47,287,116,194
291,47,287,116,293
291,47,287,116,194
293,116,194
310,311
310,276
310,311,297
310,234,80,253,340
310,234,80,22,21,253,340
310,234,235,253,340
310,234,80,344,343
310,234,235,253,80,344,343
310,234,235,253,21,22,80,344,343
310,234,80,344,343,184
310,234,235,253,80,344,343,184
310,234,235,253,21,22,80,344,343,184
310,234,80,344
310,234,235,253,80,344
310,234,235,253,21,22,80,344
311,310,276
311,297
311,310,234,80,253,340
311,310,234,80,22,21,253,340
311,310,234,235,253,340
311,310,234,80,344,343
311,310,234,235,253,80,344,343
311,310,234,235,253,21,22,80,344,343
311,310,234,80,344,343,184
311,310,234,235,253,80,344,343,184
311,310,234,235,253,21,22,80,344,343,184
311,310,234,80,344
311,310,234,235,253,80,344
311,310,234,235,253,21,22,80,344
276,310,311,297
276,310,234,80,253,340
276,310,234,80,22,21,253,340
276,310,234,235,253,340
276,310,234,80,344,343
276,310,234,235,253,80,344,343
276,310,234,235,253,21,22,80,344,343
276,310,234,80,344,343,184
276,310,234,235,253,80,344,343,184
276,310,234,235,253,21,22,80,344,343,184
276,310,234,80,344
276,310,234,235,253,80,344
276,310,234,235,253,21,22,80,344
314,159
317,215
317,118,359
215,317,118,359
318,186
318,37
318,67
318,166,320
318,166,321
186,318,37
186,318,67
186,318,166,320
186,318,166,321
37,318,67
37,318,166,320
37,318,166,321
67,318,166,320
67,318,166,321
320,166,321
297,311,310,234,80,253,340
297,311,310,234,80,22,21,253,340
297,311,310,234,235,253,340
297,311,310,234,80,344,343
297,311,310,234,235,253,80,344,343
297,311,310,234,235,253,21,22,80,344,343
297,311,310,234,80,344,343,184
297,311,310,234,235,253,80,344,343,184
297,311,310,234,235,253,21,22,80,344,343,184
297,311,310,234,80,344
297,311,310,234,235,253,80,344
297,311,310,234,235,253,21,22,80,344
73,41,316
337,266
337,338
266,337,338
340,253,235,234,80,344,343
340,253,80,344,343
340,253,21,22,80,344,343
340,253,235,234,80,344,343,184
340,253,80,344,343,184
340,253,21,22,80,344,343,184
340,253,235,234,80,344
340,253,80,344
340,253,21,22,80,344
343,184
343,344
184,343,344
354,16
358,267
360,327
360,280
327,360,280
367,205
