3,4
3,4,190
4,190
14,15
16,17
38,39
38,39,91
38,39,96
38,39,509
38,39,699
38,39,817
38,39,1121
38,39,1171
38,39,1285
38,39,1298
39,91
39,96
39,509
39,699
39,817
39,1121
39,1171
39,1285
39,1298
52,53
52,54,710,53
52,54
52,53,710
52,54,710
53,52,54
53,710,54
53,710
54,710
55,56
55,57
55,1045
56,55,57
56,55,1045
57,55,1045
62,63
62,63,1317
63,1317
67,68
84,85
84,85,235
84,85,716
84,85,739
85,235
85,716
85,739
91,39,96
91,39,509
91,39,699
91,39,817
91,39,1121
91,39,1171
91,39,1285
91,39,1298
94,95
96,39,509
96,39,699
96,39,817
96,39,1121
96,39,1171
96,39,1285
96,39,1298
119,120
123,124
123,124,935
124,935
137,138
137,138,340
138,340
140,141
140,580,141
140,580
140,670
140,670,671
140,1235
140,1235,424
140,1235,1236
141,580
141,140,670
141,580,140,670
141,140,670,671
141,580,140,670,671
141,140,1235
141,580,140,1235
141,140,1235,424
141,580,140,1235,424
141,140,1235,1236
141,580,140,1235,1236
143,144
143,145
143,145,288
143,144,320
143,145,462
143,145,462,377
143,145,462,377,511
143,145,1202
143,145,462,377,1238
144,143,145
144,143,145,288
144,320
144,143,145,462
144,143,145,462,377
144,143,145,462,377,511
144,143,145,1202
144,143,145,462,377,1238
145,288
145,143,144,320
145,462
145,462,377
145,462,377,511
145,1202
145,462,377,1238
149,150
149,151
149,152
149,153
149,154
149,155
149,152,238
149,154,35
149,150,579
149,151,438
149,153,738
149,155,410
150,149,151
150,149,152
150,149,153
150,149,154
150,149,155
150,149,152,238
150,149,154,35
150,579
150,149,151,438
150,149,153,738
150,149,155,410
151,149,152
151,149,153
151,149,154
151,149,155
151,149,152,238
151,149,154,35
151,149,150,579
151,438
151,149,153,738
151,149,155,410
152,149,153
152,149,154
152,149,155
152,238
152,149,154,35
152,149,150,579
152,149,151,438
152,149,153,738
152,149,155,410
153,149,154
153,149,155
153,149,152,238
153,149,154,35
153,149,150,579
153,149,151,438
153,738
153,149,155,410
154,149,155
154,149,152,238
154,35
154,149,150,579
154,149,151,438
154,149,153,738
154,149,155,410
155,149,152,238
155,149,154,35
155,149,150,579
155,149,151,438
155,149,153,738
155,410
183,184
193,194
193,520,225,223
193,520,949,225,223
193,520,225,223,224
193,520,949,225,223,224
193,520,225
193,520,949,225
193,520,225,223,226
193,520,949,225,223,226
193,520,225,949,243
193,520,949,243
193,520,225,949,243,244
193,520,949,243,244
193,520
193,520,949
194,193,520,225,223
194,193,520,949,225,223
194,193,520,225,223,224
194,193,520,949,225,223,224
194,193,520,225
194,193,520,949,225
194,193,520,225,223,226
194,193,520,949,225,223,226
194,193,520,225,949,243
194,193,520,949,243
194,193,520,225,949,243,244
194,193,520,949,243,244
194,193,520
194,193,520,949
197,198
202,203
216,217
216,218
216,218,492
216,218,492,493
216,218,1309
217,216,218
217,216,218,492
217,216,218,492,493
217,216,218,1309
218,492
218,492,493
218,1309
223,224
223,225
223,226
223,225,520,949,243
223,225,949,243
223,225,520,949,243,244
223,225,949,243,244
223,225,520
223,225,949,520
223,225,949
224,223,225
224,223,226
224,223,225,520,949,243
224,223,225,949,243
224,223,225,520,949,243,244
224,223,225,949,243,244
224,223,225,520
224,223,225,949,520
224,223,225,949
225,223,226
225,520,949,243
225,949,243
225,520,949,243,244
225,949,243,244
225,520
225,949,520
225,949
226,223,225,520,949,243
226,223,225,949,243
226,223,225,520,949,243,244
226,223,225,949,243,244
226,223,225,520
226,223,225,949,520
226,223,225,949
229,134
229,1022
229,1022,1023
134,229,1022
134,229,1022,1023
235,85,716
235,85,739
236,237
236,237,425
236,237,541
237,425
237,541
238,152,149,154,35
238,152,149,150,579
238,152,149,151,438
238,152,149,153,738
238,152,149,155,410
243,244
243,949,520
243,949
244,243,949,520
244,243,949
254,156
259,260
259,261
260,259,261
274,275
274,275,363
274,275,719
275,363
275,719
278,279
278,188,863,279
278,188,863,280,1150,279
278,188,926,279
278,188,1119,279
278,188,1150,279
278,280,863,279
278,280,863,188,926,279
278,280,863,188,1119,279
278,280,1150,279
278,280,1150,188,926,279
278,280,1150,188,1119,279
278,188
278,280,863,188
278,280,1150,188
278,280
278,279,863
278,279,926,188,863
278,279,926,188,1150,280,863
278,279,1119,188,863
278,279,1119,188,1150,280,863
278,279,1150,188,863
278,279,1150,280,863
278,188,863
278,188,1150,280,863
278,280,863
278,279,926
278,279,1119,188,926
278,279,1150,188,926
278,188,926
278,280,863,279,926
278,280,863,279,1119,188,926
278,280,863,188,926
278,280,1150,279,926
278,280,1150,279,1119,188,926
278,280,1150,188,926
278,279,1119
278,279,1150,188,1119
278,188,1119
278,280,863,279,1119
278,280,863,188,1119
278,280,1150,279,1119
278,280,1150,188,1119
278,279,1150
278,188,1150
278,280,1150
279,278,188
279,278,280,863,188
279,278,280,1150,188
279,863,188
279,863,280,1150,188
279,926,188
279,1119,188
279,1150,188
279,278,280
279,863,280
279,926,188,278,280
279,926,188,863,280
279,926,188,1150,280
279,1119,188,278,280
279,1119,188,863,280
279,1119,188,1150,280
279,1150,280
279,863
279,926,188,863
279,926,188,1150,280,863
279,1119,188,863
279,1119,188,1150,280,863
279,1150,188,863
279,1150,280,863
279,926
279,1119,188,926
279,1150,188,926
279,1119
279,1150,188,1119
279,1150
188,278,280
188,863,280
188,1150,280
188,863
188,1150,280,863
188,926
188,1119
188,1150
280,863
280,278,279,926
280,278,279,1119,188,926
280,278,188,926
280,863,279,926
280,863,279,1119,188,926
280,863,188,926
280,1150,279,926
280,1150,279,1119,188,926
280,1150,188,926
280,278,279,1119
280,278,188,1119
280,863,279,1119
280,863,188,1119
280,1150,279,1119
280,1150,188,1119
280,1150
288,145,143,144,320
288,145,462
288,145,462,377
288,145,462,377,511
288,145,1202
288,145,462,377,1238
35,154,149,150,579
35,154,149,151,438
35,154,149,153,738
35,154,149,155,410
303,304
303,305
304,303,305
306,307
306,126
306,307,1053
307,306,126
307,1053
126,306,307,1053
308,309
311,117
317,142
320,144,143,145,462
320,144,143,145,462,377
320,144,143,145,462,377,511
320,144,143,145,1202
320,144,143,145,462,377,1238
343,344
343,344,1031,873
343,344,1031,873,874
343,344,485
343,344,1031
344,1031,873
344,1031,873,874
344,485
344,1031
358,359
358,359,958
359,958
360,361
363,275,719
369,370
369,28
369,370,542
369,370,542,543
369,370,593
369,370,593,389
369,370,882
369,370,882,844
369,370,1114
369,370,1114,982
369,370,1181
369,370,1181,255
370,369,28
370,542
370,542,543
370,593
370,593,389
370,882
370,882,844
370,1114
370,1114,982
370,1181
370,1181,255
28,369,370,542
28,369,370,542,543
28,369,370,593
28,369,370,593,389
28,369,370,882
28,369,370,882,844
28,369,370,1114
28,369,370,1114,982
28,369,370,1181
28,369,370,1181,255
375,376
375,376,1082
375,376,1082,1057
376,1082
376,1082,1057
390,391
409,355
420,40
420,40,1327
40,1327
425,237,541
443,444
443,402
444,443,402
462,377
462,377,511
462,145,1202
462,377,1238
377,511
377,462,145,1202
377,1238
465,466
465,467,1132,185,466
465,467,1132,675,466
465,467,1212,185,1132,675,466
465,467,1212,185,466
465,467
465,468
465,469
465,470
465,471
465,466,185,1132
465,466,185,1212,467,1132
465,466,675,1132
465,467,1132
465,467,1212,185,1132
465,466,185
465,466,675,1132,185
465,467,1132,185
465,467,1132,675,466,185
465,467,1212,185
465,466,675
465,467,1132,675
465,467,1212,185,1132,675
465,467,1212,185,466,675
465,466,185,1212
465,466,675,1132,185,1212
465,466,675,1132,467,1212
465,467,1212
465,466,185,1132,467,1310
465,466,185,1212,467,1310
465,466,675,1132,185,1212,467,1310
465,466,675,1132,467,1310
465,467,1310
465,466,185,1132,467,1321
465,466,185,1212,467,1321
465,466,675,1132,185,1212,467,1321
465,466,675,1132,467,1321
465,467,1321
466,465,467
466,185,1132,467
466,185,1212,467
466,675,1132,185,1212,467
466,675,1132,467
466,465,468
466,185,1132,467,465,468
466,185,1212,467,465,468
466,675,1132,185,1212,467,465,468
466,675,1132,467,465,468
466,465,469
466,185,1132,467,465,469
466,185,1212,467,465,469
466,675,1132,185,1212,467,465,469
466,675,1132,467,465,469
466,465,470
466,185,1132,467,465,470
466,185,1212,467,465,470
466,675,1132,185,1212,467,465,470
466,675,1132,467,465,470
466,465,471
466,185,1132,467,465,471
466,185,1212,467,465,471
466,675,1132,185,1212,467,465,471
466,675,1132,467,465,471
466,465,467,1132
466,185,1132
466,185,1212,467,1132
466,675,1132
466,185
466,675,1132,185
466,675
466,465,467,1212
466,185,1212
466,675,1132,185,1212
466,675,1132,467,1212
466,465,467,1310
466,185,1132,467,1310
466,185,1212,467,1310
466,675,1132,185,1212,467,1310
466,675,1132,467,1310
466,465,467,1321
466,185,1132,467,1321
466,185,1212,467,1321
466,675,1132,185,1212,467,1321
466,675,1132,467,1321
467,465,468
467,465,469
467,465,470
467,465,471
467,1132
467,1212,185,1132
467,465,466,185
467,1132,185
467,1132,675,466,185
467,1212,185
467,465,466,675
467,1132,675
467,1212,185,1132,675
467,1212,185,466,675
467,1212
467,1310
467,1321
468,465,469
468,465,470
468,465,471
468,465,466,185,1132
468,465,466,185,1212,467,1132
468,465,466,675,1132
468,465,467,1132
468,465,467,1212,185,1132
468,465,466,185
468,465,466,675,1132,185
468,465,467,1132,185
468,465,467,1132,675,466,185
468,465,467,1212,185
468,465,466,675
468,465,467,1132,675
468,465,467,1212,185,1132,675
468,465,467,1212,185,466,675
468,465,466,185,1212
468,465,466,675,1132,185,1212
468,465,466,675,1132,467,1212
468,465,467,1212
468,465,466,185,1132,467,1310
468,465,466,185,1212,467,1310
468,465,466,675,1132,185,1212,467,1310
468,465,466,675,1132,467,1310
468,465,467,1310
468,465,466,185,1132,467,1321
468,465,466,185,1212,467,1321
468,465,466,675,1132,185,1212,467,1321
468,465,466,675,1132,467,1321
468,465,467,1321
469,465,470
469,465,471
469,465,466,185,1132
469,465,466,185,1212,467,1132
469,465,466,675,1132
469,465,467,1132
469,465,467,1212,185,1132
469,465,466,185
469,465,466,675,1132,185
469,465,467,1132,185
469,465,467,1132,675,466,185
469,465,467,1212,185
469,465,466,675
469,465,467,1132,675
469,465,467,1212,185,1132,675
469,465,467,1212,185,466,675
469,465,466,185,1212
469,465,466,675,1132,185,1212
469,465,466,675,1132,467,1212
469,465,467,1212
469,465,466,185,1132,467,1310
469,465,466,185,1212,467,1310
469,465,466,675,1132,185,1212,467,1310
469,465,466,675,1132,467,1310
469,465,467,1310
469,465,466,185,1132,467,1321
469,465,466,185,1212,467,1321
469,465,466,675,1132,185,1212,467,1321
469,465,466,675,1132,467,1321
469,465,467,1321
470,465,471
470,465,466,185,1132
470,465,466,185,1212,467,1132
470,465,466,675,1132
470,465,467,1132
470,465,467,1212,185,1132
470,465,466,185
470,465,466,675,1132,185
470,465,467,1132,185
470,465,467,1132,675,466,185
470,465,467,1212,185
470,465,466,675
470,465,467,1132,675
470,465,467,1212,185,1132,675
470,465,467,1212,185,466,675
470,465,466,185,1212
470,465,466,675,1132,185,1212
470,465,466,675,1132,467,1212
470,465,467,1212
470,465,466,185,1132,467,1310
470,465,466,185,1212,467,1310
470,465,466,675,1132,185,1212,467,1310
470,465,466,675,1132,467,1310
470,465,467,1310
470,465,466,185,1132,467,1321
470,465,466,185,1212,467,1321
470,465,466,675,1132,185,1212,467,1321
470,465,466,675,1132,467,1321
470,465,467,1321
471,465,466,185,1132
471,465,466,185,1212,467,1132
471,465,466,675,1132
471,465,467,1132
471,465,467,1212,185,1132
471,465,466,185
471,465,466,675,1132,185
471,465,467,1132,185
471,465,467,1132,675,466,185
471,465,467,1212,185
471,465,466,675
471,465,467,1132,675
471,465,467,1212,185,1132,675
471,465,467,1212,185,466,675
471,465,466,185,1212
471,465,466,675,1132,185,1212
471,465,466,675,1132,467,1212
471,465,467,1212
471,465,466,185,1132,467,1310
471,465,466,185,1212,467,1310
471,465,466,675,1132,185,1212,467,1310
471,465,466,675,1132,467,1310
471,465,467,1310
471,465,466,185,1132,467,1321
471,465,466,185,1212,467,1321
471,465,466,675,1132,185,1212,467,1321
471,465,466,675,1132,467,1321
471,465,467,1321
492,493
492,218,1309
493,492,218,1309
499,1
499,1,1059
1,1059
500,501
509,39,699
509,39,817
509,39,1121
509,39,1171
509,39,1285
509,39,1298
511,377,462,145,1202
511,377,1238
518,519
520,949
523,524
525,915
542,543
542,370,593
542,370,593,389
542,370,882
542,370,882,844
542,370,1114
542,370,1114,982
542,370,1181
542,370,1181,255
543,542,370,593
543,542,370,593,389
543,542,370,882
543,542,370,882,844
543,542,370,1114
543,542,370,1114,982
543,542,370,1181
543,542,370,1181,255
550,228
551,552
551,552,563
551,552,563,629
552,563
552,563,629
553,554
553,554,614
554,614
555,529
559,58
563,629
580,140,670
580,140,670,671
580,140,1235
580,140,1235,424
580,140,1235,1236
593,389
593,370,882
593,370,882,844
593,370,1114
593,370,1114,982
593,370,1181
593,370,1181,255
389,593,370,882
389,593,370,882,844
389,593,370,1114
389,593,370,1114,982
389,593,370,1181
389,593,370,1181,255
594,487
595,11
595,596,635,11
595,597,635,11
595,598,635,11
595,598,636,634,635,11
595,634,635,11
595,596
595,597,635,596
595,598,635,596
595,598,636,634,635,596
595,634,635,596
595,597
595,598,635,597
595,598,636,634,635,597
595,634,635,597
595,598
595,634,635,598
595,634,636,598
595,634
595,11,635
595,596,635
595,597,635
595,598,635
595,598,636,634,635
595,634,635
595,11,635,634,636
595,11,635,598,636
595,596,635,634,636
595,596,635,598,636
595,597,635,634,636
595,597,635,598,636
595,598,636
595,634,636
595,11,635,634,636,598,889
595,11,635,598,889
595,596,635,634,636,598,889
595,596,635,598,889
595,597,635,634,636,598,889
595,597,635,598,889
595,598,889
595,634,635,598,889
595,634,636,598,889
11,595,596
11,595,597,635,596
11,595,598,635,596
11,595,598,636,634,635,596
11,595,634,635,596
11,635,596
11,595,597
11,595,598,635,597
11,595,598,636,634,635,597
11,595,634,635,597
11,635,597
11,595,598
11,595,634,635,598
11,595,634,636,598
11,635,634,636,598
11,635,598
11,595,634
11,635,634
11,635
11,595,596,635,634,636
11,595,596,635,598,636
11,595,597,635,634,636
11,595,597,635,598,636
11,595,598,636
11,595,634,636
11,635,634,636
11,635,598,636
11,595,596,635,634,636,598,889
11,595,596,635,598,889
11,595,597,635,634,636,598,889
11,595,597,635,598,889
11,595,598,889
11,595,634,635,598,889
11,595,634,636,598,889
11,635,634,636,598,889
11,635,598,889
596,595,597
596,595,598,635,597
596,595,598,636,634,635,597
596,595,634,635,597
596,635,597
596,595,598
596,595,634,635,598
596,595,634,636,598
596,635,634,636,598
596,635,598
596,595,634
596,635,634
596,635
596,595,597,635,634,636
596,595,597,635,598,636
596,595,598,636
596,595,634,636
596,635,634,636
596,635,598,636
596,595,597,635,634,636,598,889
596,595,597,635,598,889
596,595,598,889
596,595,634,635,598,889
596,595,634,636,598,889
596,635,634,636,598,889
596,635,598,889
597,595,598
597,595,634,635,598
597,595,634,636,598
597,635,634,636,598
597,635,598
597,595,634
597,635,634
597,635
597,595,598,636
597,595,634,636
597,635,634,636
597,635,598,636
597,595,598,889
597,595,634,635,598,889
597,595,634,636,598,889
597,635,634,636,598,889
597,635,598,889
598,595,634
598,635,634
598,636,634
598,635
598,636,634,635
598,636
598,889
615,70
615,1175
615,1175,879
615,1175,667
70,615,1175
70,615,1175,879
70,615,1175,667
618,619
618,619,898
619,898
622,623
634,635
634,636
634,635,598,889
634,595,598,889
634,636,598,889
635,634,636
635,598,636
635,634,636,598,889
635,598,889
636,598,889
657,658
670,671
670,140,1235
670,140,1235,424
670,140,1235,1236
671,670,140,1235
671,670,140,1235,424
671,670,140,1235,1236
681,384
685,686
685,686,952
685,686,1118
685,686,1234
686,952
686,1118
686,1234
691,692
691,693
692,691,693
699,39,817
699,39,1121
699,39,1171
699,39,1285
699,39,1298
716,85,739
723,724
729,730
729,730,1136
729,730,350
730,1136
730,350
746,747
746,748
746,747,809
747,746,748
747,809
748,746,747,809
579,150,149,151,438
579,150,149,153,738
579,150,149,155,410
782,779
806,403
817,39,1121
817,39,1171
817,39,1285
817,39,1298
820,108
438,151,149,153,738
438,151,149,155,410
823,824
823,824,1207
824,1207
825,826
837,838
863,279,926
863,279,1119,188,926
863,279,1150,188,926
863,188,926
863,280,1150,279,926
863,280,1150,279,1119,188,926
863,280,1150,188,926
863,279,1119
863,279,1150,188,1119
863,188,1119
863,280,1150,279,1119
863,280,1150,188,1119
863,279,1150
863,188,1150
863,280,1150
872,49
872,49,1169
49,1169
873,874
873,1031,344,485
873,1031
874,873,1031,344,485
874,873,1031
882,844
882,370,1114
882,370,1114,982
882,370,1181
882,370,1181,255
844,882,370,1114
844,882,370,1114,982
844,882,370,1181
844,882,370,1181,255
893,406
899,900
901,569
903,904
903,905
903,18
903,351
903,602
903,734
903,906
903,765
903,907
904,903,905
904,903,18
904,903,351
904,903,602
904,903,734
904,903,906
904,903,765
904,903,907
905,903,18
905,903,351
905,903,602
905,903,734
905,903,906
905,903,765
905,903,907
18,903,351
18,903,602
18,903,734
18,903,906
18,903,765
18,903,907
351,903,602
351,903,734
351,903,906
351,903,765
351,903,907
602,903,734
602,903,906
602,903,765
602,903,907
734,903,906
734,903,765
734,903,907
906,903,765
906,903,907
765,903,907
912,913
926,279,1119
926,279,1150,188,1119
926,188,1119
926,279,1150
926,188,1150
929,891
929,456
929,930
929,930,951
929,930,951,139
929,930,951,601
891,929,456
891,929,930
891,929,930,951
891,929,930,951,139
891,929,930,951,601
456,929,930
456,929,930,951
456,929,930,951,139
456,929,930,951,601
930,951
930,951,139
930,951,601
936,47
936,47,1245
47,1245
951,139
951,601
139,951,601
952,686,1118
952,686,1234
954,174
991,589
991,589,1076
589,1076
992,160
992,160,1244
160,1244
1011,574
1016,1017
1020,1021
1022,1023
1024,787
1024,591
787,1024,591
485,344,1031
1044,64
1082,1057
1083,780
1102,89
1102,1295
89,1102,1295
1104,1029
1108,1147
1114,982
1114,370,1181
1114,370,1181,255
982,1114,370,1181
982,1114,370,1181,255
1118,686,1234
1119,279,1150
1119,188,1150
1121,39,1171
1121,39,1285
1121,39,1298
1126,997
1130,105
1132,185
1132,675
1132,185,1212
1132,467,1212
1132,185,1212,467,1310
1132,467,1310
1132,185,1212,467,1321
1132,467,1321
185,1132,675
185,466,675
185,1212
185,1132,675,466,465,467,1310
185,1132,467,1310
185,1212,467,1310
185,466,465,467,1310
185,466,675,1132,467,1310
185,1132,675,466,465,467,1321
185,1132,467,1321
185,1212,467,1321
185,466,465,467,1321
185,466,675,1132,467,1321
675,1132,185,1212
675,1132,467,1212
675,466,465,467,1212
675,466,185,1212
675,1132,185,1212,467,1310
675,1132,467,1310
675,466,465,467,1310
675,466,185,1212,467,1310
675,1132,185,1212,467,1321
675,1132,467,1321
675,466,465,467,1321
675,466,185,1212,467,1321
1134,708
1136,730,350
1138,1116
738,153,149,155,410
1155,645
1160,508
1171,39,1285
1171,39,1298
1175,879
1175,667
879,1175,667
1180,464
1180,835
1180,1299
464,1180,835
464,1180,1299
835,1180,1299
1181,255
1190,1191
1202,145,462,377,1238
1208,463
1212,467,1310
1212,467,1321
1213,45
1225,1226
1235,424
1235,1236
424,1235,1236
1277,297
1284,1050
1285,39,1298
1310,467,1321
1318,146
1324,527
1325,496
1330,373
1333,770
1352,1145
