7,8
7,9,342,8
7,10,342,8
7,9
7,10,342,9
7,10
7,50
7,8,342
7,9,342
7,10,342
7,8,342,397
7,9,342,397
7,10,342,397
8,7,9
8,7,10,342,9
8,342,9
8,7,10
8,342,10
8,7,50
8,342,9,7,50
8,342,10,7,50
8,342
8,7,9,342,397
8,7,10,342,397
8,342,397
9,7,10
9,342,10
9,7,50
9,342,10,7,50
9,342
9,7,10,342,397
9,342,397
10,7,50
10,342
10,342,397
22,23
27,28
27,318,11,33,34,28
27,318,11,263,658,33,34,28
27,318,11,658,33,34,28
27,28,34,33
27,318,11,33
27,318,11,263,658,33
27,318,11,658,33
27,28,34,33,11
27,28,34,33,658,11
27,28,34,33,658,263,11
27,318,11
27,28,34
27,318,11,33,34
27,318,11,263,658,33,34
27,318,11,658,33,34
27,28,34,33,11,263
27,28,34,33,658,263
27,318,11,263
27,318,11,658,263
27,28,34,33,11,318,317
27,28,34,33,658,11,318,317
27,28,34,33,658,263,11,318,317
27,318,317
27,318
27,28,34,33,11,318,344,343
27,28,34,33,658,11,318,344,343
27,28,34,33,658,263,11,318,344,343
27,318,344,343
27,28,34,33,11,318,344
27,28,34,33,658,11,318,344
27,28,34,33,658,263,11,318,344
27,318,344
27,28,34,33,11,318,487
27,28,34,33,658,11,318,487
27,28,34,33,658,263,11,318,487
27,318,487
27,28,34,33,11,318,344,343,593
27,28,34,33,658,11,318,344,343,593
27,28,34,33,658,263,11,318,344,343,593
27,318,344,343,593
27,28,34,33,11,318,344,343,593,286
27,28,34,33,658,11,318,344,343,593,286
27,28,34,33,658,263,11,318,344,343,593,286
27,318,344,343,593,286
27,28,34,33,658
27,318,11,658
27,28,34,33,11,263,658,43
27,28,34,33,11,658,43
27,28,34,33,658,43
27,318,11,33,658,43
27,318,11,263,658,43
27,318,11,658,43
27,28,34,33,11,263,658,410
27,28,34,33,11,658,410
27,28,34,33,658,410
27,318,11,33,658,410
27,318,11,263,658,410
27,318,11,658,410
28,27,318,11,33
28,27,318,11,263,658,33
28,27,318,11,658,33
28,34,33
28,27,318,11
28,34,33,11
28,34,33,658,11
28,34,33,658,263,11
28,34
28,27,318,11,263
28,27,318,11,658,263
28,34,33,11,263
28,34,33,658,263
28,27,318,317
28,34,33,11,318,317
28,34,33,658,11,318,317
28,34,33,658,263,11,318,317
28,27,318
28,34,33,11,318
28,34,33,658,11,318
28,34,33,658,263,11,318
28,27,318,344,343
28,34,33,11,318,344,343
28,34,33,658,11,318,344,343
28,34,33,658,263,11,318,344,343
28,27,318,344
28,34,33,11,318,344
28,34,33,658,11,318,344
28,34,33,658,263,11,318,344
28,27,318,487
28,34,33,11,318,487
28,34,33,658,11,318,487
28,34,33,658,263,11,318,487
28,27,318,344,343,593
28,34,33,11,318,344,343,593
28,34,33,658,11,318,344,343,593
28,34,33,658,263,11,318,344,343,593
28,27,318,344,343,593,286
28,34,33,11,318,344,343,593,286
28,34,33,658,11,318,344,343,593,286
28,34,33,658,263,11,318,344,343,593,286
28,27,318,11,658
28,34,33,658
28,27,318,11,33,658,43
28,27,318,11,263,658,43
28,27,318,11,658,43
28,34,33,11,263,658,43
28,34,33,11,658,43
28,34,33,658,43
28,27,318,11,33,658,410
28,27,318,11,263,658,410
28,27,318,11,658,410
28,34,33,11,263,658,410
28,34,33,11,658,410
28,34,33,658,410
30,31
33,11
33,658,11
33,658,263,11
33,34
33,11,263
33,34,28,27,318,11,263
33,658,263
33,11,318,317
33,34,28,27,318,317
33,658,11,318,317
33,658,263,11,318,317
33,11,318
33,34,28,27,318
33,658,11,318
33,658,263,11,318
33,11,318,344,343
33,34,28,27,318,344,343
33,658,11,318,344,343
33,658,263,11,318,344,343
33,11,318,344
33,34,28,27,318,344
33,658,11,318,344
33,658,263,11,318,344
33,11,318,487
33,34,28,27,318,487
33,658,11,318,487
33,658,263,11,318,487
33,11,318,344,343,593
33,34,28,27,318,344,343,593
33,658,11,318,344,343,593
33,658,263,11,318,344,343,593
33,11,318,344,343,593,286
33,34,28,27,318,344,343,593,286
33,658,11,318,344,343,593,286
33,658,263,11,318,344,343,593,286
33,658
33,11,263,658,43
33,11,658,43
33,34,28,27,318,11,263,658,43
33,34,28,27,318,11,658,43
33,658,43
33,11,263,658,410
33,11,658,410
33,34,28,27,318,11,263,658,410
33,34,28,27,318,11,658,410
33,658,410
11,33,34
11,263,658,33,34
11,318,27,28,34
11,658,33,34
11,263
11,658,263
11,318,317
11,318
11,318,344,343
11,318,344
11,318,487
11,318,344,343,593
11,318,344,343,593,286
11,658
11,263,658,43
11,658,43
11,263,658,410
11,658,410
34,33,11,263
34,33,658,263
34,28,27,318,11,263
34,28,27,318,11,658,263
34,33,11,318,317
34,33,658,11,318,317
34,33,658,263,11,318,317
34,28,27,318,317
34,33,11,318
34,33,658,11,318
34,33,658,263,11,318
34,28,27,318
34,33,11,318,344,343
34,33,658,11,318,344,343
34,33,658,263,11,318,344,343
34,28,27,318,344,343
34,33,11,318,344
34,33,658,11,318,344
34,33,658,263,11,318,344
34,28,27,318,344
34,33,11,318,487
34,33,658,11,318,487
34,33,658,263,11,318,487
34,28,27,318,487
34,33,11,318,344,343,593
34,33,658,11,318,344,343,593
34,33,658,263,11,318,344,343,593
34,28,27,318,344,343,593
34,33,11,318,344,343,593,286
34,33,658,11,318,344,343,593,286
34,33,658,263,11,318,344,343,593,286
34,28,27,318,344,343,593,286
34,33,658
34,28,27,318,11,658
34,33,11,263,658,43
34,33,11,658,43
34,33,658,43
34,28,27,318,11,263,658,43
34,28,27,318,11,658,43
34,33,11,263,658,410
34,33,11,658,410
34,33,658,410
34,28,27,318,11,263,658,410
34,28,27,318,11,658,410
37,38
48,49
50,7,8,342
50,7,9,342
50,7,10,342
50,7,8,342,397
50,7,9,342,397
50,7,10,342,397
51,52
56,57
56,58
56,59
56,60
56,61
56,62
56,63
56,64
56,65
56,125
56,607,608,421,350
56,351,350
56,607,608,421,350,351
56,351
56,607,608,421,350,404
56,351,350,404
56,607,608,421
56,351,350,421
56,570
56,607
56,607,608
56,351,350,421,608
56,607,608,421,350,351,642
56,351,642
56,607,608,421,350,351,642,654
56,351,642,654
56,607,608,421,350,351,673
56,351,673
57,56,58
57,56,59
57,56,60
57,56,61
57,56,62
57,56,63
57,56,64
57,56,65
57,56,125
57,56,607,608,421,350
57,56,351,350
57,56,607,608,421,350,351
57,56,351
57,56,607,608,421,350,404
57,56,351,350,404
57,56,607,608,421
57,56,351,350,421
57,56,570
57,56,607
57,56,607,608
57,56,351,350,421,608
57,56,607,608,421,350,351,642
57,56,351,642
57,56,607,608,421,350,351,642,654
57,56,351,642,654
57,56,607,608,421,350,351,673
57,56,351,673
58,56,59
58,56,60
58,56,61
58,56,62
58,56,63
58,56,64
58,56,65
58,56,125
58,56,607,608,421,350
58,56,351,350
58,56,607,608,421,350,351
58,56,351
58,56,607,608,421,350,404
58,56,351,350,404
58,56,607,608,421
58,56,351,350,421
58,56,570
58,56,607
58,56,607,608
58,56,351,350,421,608
58,56,607,608,421,350,351,642
58,56,351,642
58,56,607,608,421,350,351,642,654
58,56,351,642,654
58,56,607,608,421,350,351,673
58,56,351,673
59,56,60
59,56,61
59,56,62
59,56,63
59,56,64
59,56,65
59,56,125
59,56,607,608,421,350
59,56,351,350
59,56,607,608,421,350,351
59,56,351
59,56,607,608,421,350,404
59,56,351,350,404
59,56,607,608,421
59,56,351,350,421
59,56,570
59,56,607
59,56,607,608
59,56,351,350,421,608
59,56,607,608,421,350,351,642
59,56,351,642
59,56,607,608,421,350,351,642,654
59,56,351,642,654
59,56,607,608,421,350,351,673
59,56,351,673
60,56,61
60,56,62
60,56,63
60,56,64
60,56,65
60,56,125
60,56,607,608,421,350
60,56,351,350
60,56,607,608,421,350,351
60,56,351
60,56,607,608,421,350,404
60,56,351,350,404
60,56,607,608,421
60,56,351,350,421
60,56,570
60,56,607
60,56,607,608
60,56,351,350,421,608
60,56,607,608,421,350,351,642
60,56,351,642
60,56,607,608,421,350,351,642,654
60,56,351,642,654
60,56,607,608,421,350,351,673
60,56,351,673
61,56,62
61,56,63
61,56,64
61,56,65
61,56,125
61,56,607,608,421,350
61,56,351,350
61,56,607,608,421,350,351
61,56,351
61,56,607,608,421,350,404
61,56,351,350,404
61,56,607,608,421
61,56,351,350,421
61,56,570
61,56,607
61,56,607,608
61,56,351,350,421,608
61,56,607,608,421,350,351,642
61,56,351,642
61,56,607,608,421,350,351,642,654
61,56,351,642,654
61,56,607,608,421,350,351,673
61,56,351,673
62,56,63
62,56,64
62,56,65
62,56,125
62,56,607,608,421,350
62,56,351,350
62,56,607,608,421,350,351
62,56,351
62,56,607,608,421,350,404
62,56,351,350,404
62,56,607,608,421
62,56,351,350,421
62,56,570
62,56,607
62,56,607,608
62,56,351,350,421,608
62,56,607,608,421,350,351,642
62,56,351,642
62,56,607,608,421,350,351,642,654
62,56,351,642,654
62,56,607,608,421,350,351,673
62,56,351,673
63,56,64
63,56,65
63,56,125
63,56,607,608,421,350
63,56,351,350
63,56,607,608,421,350,351
63,56,351
63,56,607,608,421,350,404
63,56,351,350,404
63,56,607,608,421
63,56,351,350,421
63,56,570
63,56,607
63,56,607,608
63,56,351,350,421,608
63,56,607,608,421,350,351,642
63,56,351,642
63,56,607,608,421,350,351,642,654
63,56,351,642,654
63,56,607,608,421,350,351,673
63,56,351,673
64,56,65
64,56,125
64,56,607,608,421,350
64,56,351,350
64,56,607,608,421,350,351
64,56,351
64,56,607,608,421,350,404
64,56,351,350,404
64,56,607,608,421
64,56,351,350,421
64,56,570
64,56,607
64,56,607,608
64,56,351,350,421,608
64,56,607,608,421,350,351,642
64,56,351,642
64,56,607,608,421,350,351,642,654
64,56,351,642,654
64,56,607,608,421,350,351,673
64,56,351,673
65,56,125
65,56,607,608,421,350
65,56,351,350
65,56,607,608,421,350,351
65,56,351
65,56,607,608,421,350,404
65,56,351,350,404
65,56,607,608,421
65,56,351,350,421
65,56,570
65,56,607
65,56,607,608
65,56,351,350,421,608
65,56,607,608,421,350,351,642
65,56,351,642
65,56,607,608,421,350,351,642,654
65,56,351,642,654
65,56,607,608,421,350,351,673
65,56,351,673
80,81
80,81,270,275
80,81,275
80,81,270
80,81,424
81,270,275
81,275
81,270
81,424
86,87
86,87,189
86,87,720,189
86,87,229
86,87,229,230
86,87,648
86,87,720
86,87,723
86,87,723,186
86,87,772
87,189
87,720,189
87,229
87,229,230
87,648
87,720
87,723
87,723,186
87,772
90,91
100,41
125,56,607,608,421,350
125,56,351,350
125,56,607,608,421,350,351
125,56,351
125,56,607,608,421,350,404
125,56,351,350,404
125,56,607,608,421
125,56,351,350,421
125,56,570
125,56,607
125,56,607,608
125,56,351,350,421,608
125,56,607,608,421,350,351,642
125,56,351,642
125,56,607,608,421,350,351,642,654
125,56,351,642,654
125,56,607,608,421,350,351,673
125,56,351,673
142,123
142,395
142,395,396
123,142,395
123,142,395,396
143,144
143,145,298,146,144
143,145,359,144
143,146,298,145,359,144
143,146,144
143,145
143,146,298,145
143,146,144,359,145
143,18
143,146
143,144,359,145,298
143,144,146,298
143,145,298
143,146,298
143,144,359
143,145,359
143,146,298,145,359
143,146,144,359
143,144,359,145,542,541
143,144,146,298,145,542,541
143,145,542,541
143,146,298,145,542,541
143,146,144,359,145,542,541
143,144,359,145,542
143,144,146,298,145,542
143,145,542
143,146,298,145,542
143,146,144,359,145,542
144,143,145
144,359,145
144,146,143,145
144,146,298,145
144,143,18
144,359,145,143,18
144,359,145,298,146,143,18
144,146,143,18
144,146,298,145,143,18
144,359,145,298,146
144,146
144,143,145,298
144,359,145,298
144,146,298
144,359
144,143,145,542,541
144,359,145,542,541
144,146,143,145,542,541
144,146,298,145,542,541
144,143,145,542
144,359,145,542
144,146,143,145,542
144,146,298,145,542
145,143,18
145,298,146,143,18
145,359,144,146,143,18
145,143,146
145,298,146
145,359,144,146
145,298
145,359
145,542,541
145,542
18,143,146
18,143,144,359,145,298
18,143,144,146,298
18,143,145,298
18,143,146,298
18,143,144,359
18,143,145,359
18,143,146,298,145,359
18,143,146,144,359
18,143,144,359,145,542,541
18,143,144,146,298,145,542,541
18,143,145,542,541
18,143,146,298,145,542,541
18,143,146,144,359,145,542,541
18,143,144,359,145,542
18,143,144,146,298,145,542
18,143,145,542
18,143,146,298,145,542
18,143,146,144,359,145,542
146,298
146,143,145,359
146,298,145,359
146,144,359
146,143,145,542,541
146,298,145,542,541
146,144,359,145,542,541
146,143,145,542
146,298,145,542
146,144,359,145,542
152,153
152,706,409,239,238
152,706,238
152,706,409,239
152,706,238,239
152,706,409
152,706
152,706,604
152,706,45
153,152,706,409,239,238
153,152,706,238
153,152,706,409,239
153,152,706,238,239
153,152,706,409
153,152,706
153,152,706,604
153,152,706,45
161,162
161,163
161,164
161,165
161,47
161,98
162,161,163
162,161,164
162,161,165
162,161,47
162,161,98
163,161,164
163,161,165
163,161,47
163,161,98
164,161,165
164,161,47
164,161,98
165,161,47
165,161,98
47,161,98
171,172
171,172,444
171,172,634
171,172,116
172,444
172,634
172,116
184,185
189,87,229
189,720,87,229
189,87,229,230
189,720,87,229,230
189,87,648
189,720,87,648
189,720
189,87,723
189,720,87,723
189,87,723,186
189,720,87,723,186
189,87,772
189,720,87,772
192,193
192,194
192,746
193,192,194
193,192,746
194,192,746
204,1
204,69
204,205
204,179
204,206
204,207,206
204,207
204,206,207,316
204,207,316
204,206,207,489
204,207,489
1,204,69
1,204,205
1,204,179
1,204,206
1,204,207,206
1,204,207
1,204,206,207,316
1,204,207,316
1,204,206,207,489
1,204,207,489
69,204,205
69,204,179
69,204,206
69,204,207,206
69,204,207
69,204,206,207,316
69,204,207,316
69,204,206,207,489
69,204,207,489
205,204,179
205,204,206
205,204,207,206
205,204,207
205,204,206,207,316
205,204,207,316
205,204,206,207,489
205,204,207,489
179,204,206
179,204,207,206
179,204,207
179,204,206,207,316
179,204,207,316
179,204,206,207,489
179,204,207,489
206,207
206,207,316
206,207,489
207,316
207,489
219,220
219,220,632
219,220,690
220,632
220,690
222,223
229,230
229,87,648
229,87,720
229,87,723
229,87,723,186
229,87,772
230,229,87,648
230,229,87,720
230,229,87,723
230,229,87,723,186
230,229,87,772
235,236
238,239
238,706,409,239
238,239,409
238,706,409
238,706
238,239,409,706,604
238,706,604
238,239,409,706,45
238,706,45
239,409
239,238,706
239,409,706
239,238,706,604
239,409,706,604
239,238,706,45
239,409,706,45
241,242
241,242,438
241,242,645
242,438
242,645
245,246
248,249
248,249,572
249,572
250,251
250,17
250,251,680
251,250,17
251,680
17,250,251,680
255,256
255,291
256,255,291
260,261
260,261,465,464
260,261,465
261,465,464
261,465
263,11,33,34,28,27,318,317
263,11,318,317
263,658,11,318,317
263,658,33,34,28,27,318,317
263,11,318
263,658,11,318
263,658,33,34,28,27,318
263,11,33,34,28,27,318,344,343
263,11,318,344,343
263,658,11,318,344,343
263,658,33,34,28,27,318,344,343
263,11,33,34,28,27,318,344
263,11,318,344
263,658,11,318,344
263,658,33,34,28,27,318,344
263,11,33,34,28,27,318,487
263,11,318,487
263,658,11,318,487
263,658,33,34,28,27,318,487
263,11,33,34,28,27,318,344,343,593
263,11,318,344,343,593
263,658,11,318,344,343,593
263,658,33,34,28,27,318,344,343,593
263,11,33,34,28,27,318,344,343,593,286
263,11,318,344,343,593,286
263,658,11,318,344,343,593,286
263,658,33,34,28,27,318,344,343,593,286
263,658
263,658,43
263,658,410
271,272
271,272,580
271,272,763
272,580
272,763
275,270
275,270,81,424
275,81,424
270,81,424
277,278
279,280
279,280,327
279,280,328
280,327
280,328
298,145,359
298,146,143,144,359
298,146,144,359
298,145,542,541
298,146,143,144,359,145,542,541
298,146,144,359,145,542,541
298,145,542
298,146,143,144,359,145,542
298,146,144,359,145,542
300,135
300,301
300,302
300,282
300,303
300,308
300,441
300,302,211
300,303,657
135,300,301
135,300,302
135,300,282
135,300,303
135,300,308
135,300,441
135,300,302,211
135,300,303,657
301,300,302
301,300,282
301,300,303
301,300,308
301,300,441
301,300,302,211
301,300,303,657
302,300,282
302,300,303
302,300,308
302,300,441
302,211
302,300,303,657
282,300,303
282,300,308
282,300,441
282,300,302,211
282,300,303,657
303,300,308
303,300,441
303,300,302,211
303,657
307,68
308,300,441
308,300,302,211
308,300,303,657
317,318
317,318,344,343
317,318,344
317,318,487
317,318,344,343,593
317,318,344,343,593,286
317,318,11,658
317,318,27,28,34,33,658
317,318,11,33,658,43
317,318,11,263,658,43
317,318,11,658,43
317,318,27,28,34,33,11,263,658,43
317,318,27,28,34,33,11,658,43
317,318,27,28,34,33,658,43
317,318,11,33,658,410
317,318,11,263,658,410
317,318,11,658,410
317,318,27,28,34,33,11,263,658,410
317,318,27,28,34,33,11,658,410
317,318,27,28,34,33,658,410
318,344,343
318,344
318,487
318,344,343,593
318,344,343,593,286
318,11,658
318,27,28,34,33,658
318,11,33,658,43
318,11,263,658,43
318,11,658,43
318,27,28,34,33,658,43
318,11,33,658,410
318,11,263,658,410
318,11,658,410
318,27,28,34,33,658,410
320,297
324,325
327,280,328
329,330
329,331
329,332
329,333
329,334
330,329,331
330,329,332
330,329,333
330,329,334
331,329,332
331,329,333
331,329,334
332,329,333
332,329,334
333,329,334
342,397
343,344
343,344,318,487
343,593
343,593,286
343,344,318,11,658
343,344,318,27,28,34,33,658
343,344,318,11,33,658,43
343,344,318,11,263,658,43
343,344,318,11,658,43
343,344,318,27,28,34,33,11,263,658,43
343,344,318,27,28,34,33,11,658,43
343,344,318,27,28,34,33,658,43
343,344,318,11,33,658,410
343,344,318,11,263,658,410
343,344,318,11,658,410
343,344,318,27,28,34,33,11,263,658,410
343,344,318,27,28,34,33,11,658,410
343,344,318,27,28,34,33,658,410
344,318,487
344,343,593
344,343,593,286
344,318,11,658
344,318,27,28,34,33,658
344,318,11,33,658,43
344,318,11,263,658,43
344,318,11,658,43
344,318,27,28,34,33,11,263,658,43
344,318,27,28,34,33,11,658,43
344,318,27,28,34,33,658,43
344,318,11,33,658,410
344,318,11,263,658,410
344,318,11,658,410
344,318,27,28,34,33,11,263,658,410
344,318,27,28,34,33,11,658,410
344,318,27,28,34,33,658,410
350,351
350,404
350,421
350,351,56,570
350,421,608,607,56,570
350,351,56,607
350,421,608,607
350,351,56,607,608
350,421,608
350,351,642
350,351,642,654
350,351,673
351,350,404
351,56,607,608,421,350,404
351,350,421
351,56,607,608,421
351,350,421,608,607,56,570
351,56,570
351,350,421,608,607
351,56,607
351,350,421,608
351,56,607,608
351,642
351,642,654
351,673
359,145,542,541
359,145,542
373,374
373,553,374
373,553
373,374,553,554
373,374,553,555,554
373,553,554
373,553,555,554
373,374,553,412
373,553,412
373,374,553,555
373,553,555
374,553
374,553,554
374,553,555,554
374,553,412
374,553,555
381,191
384,385
384,386
384,387
385,384,386
385,384,387
386,384,387
388,389
388,390
388,391
388,13
389,388,390
389,388,391
389,388,13
390,388,391
390,388,13
391,388,13
395,396
403,167
404,350,421
404,350,351,56,570
404,350,421,608,607,56,570
404,350,351,56,607
404,350,421,608,607
404,350,351,56,607,608
404,350,421,608
404,350,351,642
404,350,421,608,607,56,351,642
404,350,351,642,654
404,350,421,608,607,56,351,642,654
404,350,351,673
404,350,421,608,607,56,351,673
409,706
409,706,604
409,706,45
418,419
418,420
418,499
418,612
418,712
419,418,420
419,418,499
419,418,612
419,418,712
420,418,499
420,418,612
420,418,712
421,350,351,56,570
421,608,607,56,570
421,350,351,56,607
421,608,607
421,608
421,350,351,642
421,608,607,56,351,642
421,350,351,642,654
421,608,607,56,351,642,654
421,350,351,673
421,608,607,56,351,673
423,55
423,448
55,423,448
434,435
434,577
435,434,577
441,300,302,211
441,300,303,657
461,462
461,462,543
462,543
464,465
482,483
484,485
484,456
484,485,498
485,484,456
485,498
456,484,485,498
499,418,612
499,418,712
511,512
511,512,20
511,512,575
512,20
512,575
515,115
518,467
20,512,575
527,528
527,529
527,530
527,258
528,527,529
528,527,530
528,527,258
529,527,530
529,527,258
530,527,258
211,302,300,303,657
541,542
546,547
546,548,585,547
546,548
546,547,585
546,548,585
547,546,548
547,585,548
547,585
548,585
551,398
553,554
553,555,554
553,412
553,555
554,553,412
554,555,553,412
554,555
412,553,555
316,207,489
568,569
570,56,607
570,56,607,608
570,56,351,350,421,608
570,56,607,608,421,350,351,642
570,56,351,642
570,56,607,608,421,350,351,642,654
570,56,351,642,654
570,56,607,608,421,350,351,673
570,56,351,673
573,574
487,318,344,343,593
487,318,344,343,593,286
487,318,11,658
487,318,27,28,34,33,658
487,318,11,33,658,43
487,318,11,263,658,43
487,318,11,658,43
487,318,27,28,34,33,11,263,658,43
487,318,27,28,34,33,11,658,43
487,318,27,28,34,33,658,43
487,318,11,33,658,410
487,318,11,263,658,410
487,318,11,658,410
487,318,27,28,34,33,11,263,658,410
487,318,27,28,34,33,11,658,410
487,318,27,28,34,33,658,410
438,242,645
580,272,763
593,286
593,343,344,318,11,658
593,343,344,318,27,28,34,33,658
593,343,344,318,11,33,658,43
593,343,344,318,11,263,658,43
593,343,344,318,11,658,43
593,343,344,318,27,28,34,33,11,263,658,43
593,343,344,318,27,28,34,33,11,658,43
593,343,344,318,27,28,34,33,658,43
593,343,344,318,11,33,658,410
593,343,344,318,11,263,658,410
593,343,344,318,11,658,410
593,343,344,318,27,28,34,33,11,263,658,410
593,343,344,318,27,28,34,33,11,658,410
593,343,344,318,27,28,34,33,658,410
286,593,343,344,318,11,658
286,593,343,344,318,27,28,34,33,658
286,593,343,344,318,11,33,658,43
286,593,343,344,318,11,263,658,43
286,593,343,344,318,11,658,43
286,593,343,344,318,27,28,34,33,11,263,658,43
286,593,343,344,318,27,28,34,33,11,658,43
286,593,343,344,318,27,28,34,33,658,43
286,593,343,344,318,11,33,658,410
286,593,343,344,318,11,263,658,410
286,593,343,344,318,11,658,410
286,593,343,344,318,27,28,34,33,11,263,658,410
286,593,343,344,318,27,28,34,33,11,658,410
286,593,343,344,318,27,28,34,33,658,410
599,154
607,608
607,608,421,350,351,642
607,56,351,642
607,608,421,350,351,642,654
607,56,351,642,654
607,608,421,350,351,673
607,56,351,673
608,607,56,351,642
608,421,350,351,642
608,607,56,351,642,654
608,421,350,351,642,654
608,607,56,351,673
608,421,350,351,673
610,75
612,418,712
616,117
624,326
624,326,669
326,669
632,220,690
635,560
642,654
642,351,673
648,87,720
648,87,723
648,87,723,186
648,87,772
654,642,351,673
658,43
658,410
43,658,410
686,267
702,82
706,604
706,45
604,706,45
720,87,723
720,87,723,186
720,87,772
723,186
723,87,772
186,723,87,772
728,729
728,729,54
728,729,707
729,54
729,707
740,392
444,172,634
444,172,116
634,172,116
757,758
757,759
757,760
758,757,759
758,757,760
759,757,760
54,729,707
