[84, 18, 40, 44]
[150, 10]
[12, 143, 21]
[24, 25, 18]
[195, 46]
[42, 33]
[75, 76, 96, 215, 111, 98]
[260, 28]
[260, 28, 18, 44]
[14, 140, 141, 111, 215, 144]
[28, 18, 40]
[170, 240]
[75, 76, 96, 111]
[0, 210, 51]
[141, 111]
[54, 55]
[211, 212]
[75, 76, 96, 268]
[59, 29, 41]
[14, 140, 141, 144]
[149, 150, 10, 11]
[38, 39]
[89, 90]
[193, 194]
[141, 111, 97, 120]
[209, 131, 14, 140, 141, 111, 215, 144]
[24, 18, 84]
[222, 108]
[0, 50, 109]
[76, 96, 215, 144]
[59, 18]
[262, 72]
[36, 60]
[198, 172]
[260, 28, 29, 63, 64]
[10, 196]
[185, 186]
[75, 76, 96, 144]
[96, 111, 174]
[108, 16]
[260, 28, 29, 117]
[43, 245]
[76, 96, 97, 98]
[91, 146]
[135, 18, 84]
[71, 46]
[69, 70]
[76, 96, 215]
[14, 140, 141, 111]
[61, 81]
[28, 29, 63, 95]
[138, 19]
[75, 76, 96, 111, 174]
[59, 29]
[111, 174]
[96, 97, 120]
[28, 29, 72, 21]
[36, 119, 120]
[111, 97]
[76, 96, 215, 111, 174]
[96, 268]
[91, 169]
[131, 14, 257]
[138, 139]
[59, 29, 63]
[200, 18, 84]
[84, 18, 44]
[255, 47]
[96, 111]
[110, 19]
[131, 14, 140, 180]
[66, 67]
[234, 230]
[76, 96, 97]
[84, 18]
[209, 131, 14, 42]
[209, 131, 14, 140, 141, 111, 98]
[15, 188]
[29, 117]
[141, 144]
[75, 76, 96, 142]
[170, 18, 40]
[107, 108, 16, 83]
[76, 96, 237]
[131, 14, 140, 141, 111, 98]
[75, 76, 96, 215, 111, 97, 120]
[164, 253]
[209, 131, 14, 140, 141, 111, 97]
[28, 18, 84]
[47, 130]
[96, 215, 111, 97, 98]
[254, 227]
[235, 236]
[260, 28, 29, 63, 95]
[22, 23]
[260, 28, 29, 112]
[30, 31, 49]
[28, 44]
[107, 108, 16]
[131, 14, 140, 141, 111, 215, 144]
[131, 14, 140, 141, 111, 97]
[2, 3]
[203, 204]
[87, 88]
[16, 83]
[272, 230]
[46, 39]
[258, 259]
[75, 76, 96, 215, 144]
[131, 14, 140, 141, 144]
[12, 81]
[12, 18, 84]
[76, 96, 142, 196]
[24, 25, 18, 84]
[229, 27]
[135, 18, 40]
[52, 228]
[266, 267]
[96, 144]
[156, 18, 84]
[76, 96, 111, 174]
[209, 131, 14, 140, 141, 111, 97, 120]
[131, 14, 140, 141, 111]
[36, 37, 274]
[140, 141]
[29, 112]
[2, 137]
[26, 27]
[91, 125]
[56, 139]
[96, 111, 97, 98]
[45, 72]
[14, 140, 141, 111, 97, 120]
[215, 144]
[272, 230, 231]
[164, 165]
[14, 140, 141, 111, 174]
[96, 215, 111, 97, 120]
[170, 18, 44]
[75, 91, 169]
[75, 76, 96, 215]
[141, 111, 215, 144]
[63, 64]
[191, 192]
[217, 218]
[0, 50, 51]
[215, 111]
[73, 74]
[225, 175]
[59, 18, 44]
[75, 76, 96, 215, 111]
[131, 14, 140, 141]
[273, 39]
[0, 43, 245]
[75, 76, 96, 215, 111, 174]
[25, 18, 84]
[91, 6, 11]
[201, 86]
[260, 28, 29, 132]
[107, 108]
[29, 41]
[101, 80, 102]
[111, 97, 98]
[31, 49]
[14, 140, 180]
[155, 27]
[45, 46]
[242, 27]
[260, 28, 187]
[77, 78, 207]
[115, 116]
[183, 184]
[131, 14, 140, 141, 111, 174]
[14, 15, 269]
[87, 88, 175]
[135, 18]
[12, 18, 40]
[75, 76, 96, 142, 196]
[75, 76, 96, 237]
[250, 20]
[123, 124]
[135, 18, 44]
[103, 104]
[260, 28, 18, 19]
[122, 175]
[10, 11]
[131, 14, 42, 33]
[135, 187]
[76, 96, 215, 111, 98]
[156, 18, 40]
[178, 179]
[126, 265]
[170, 18, 19]
[111, 215, 144]
[59, 29, 112]
[209, 131, 125]
[76, 96, 215, 111, 97, 120]
[114, 130]
[209, 131, 14, 42, 33]
[76, 96, 111]
[119, 120]
[135, 200, 18]
[76, 96, 268]
[209, 131, 14, 257]
[166, 167]
[29, 63]
[209, 131, 14, 15, 188]
[158, 159]
[24, 25, 18, 40, 44]
[142, 196]
[76, 96, 215, 111, 97]
[0, 1]
[135, 200, 18, 40]
[260, 28, 29, 41]
[59, 29, 72, 21]
[209, 131, 148]
[173, 152]
[140, 141, 111, 174]
[262, 46]
[76, 96, 144]
[111, 98]
[131, 14, 42]
[75, 91, 125]
[96, 215]
[220, 27]
[24, 18, 19]
[222, 108, 16, 83]
[121, 92, 93]
[28, 18, 44]
[96, 215, 111, 174]
[29, 72]
[59, 18, 40]
[209, 131, 14, 140, 141, 111, 174]
[96, 215, 111, 98]
[262, 46, 39]
[76, 96, 215, 111, 97, 98]
[6, 11]
[18, 19]
[61, 39]
[114, 48]
[25, 18, 40]
[140, 141, 111, 98]
[200, 18, 40, 44]
[30, 31]
[76, 96, 111, 97, 120]
[28, 29, 39]
[0, 109]
[215, 111, 97, 120]
[140, 180]
[209, 131, 14, 140, 148]
[38, 19]
[78, 207]
[170, 18]
[260, 28, 29, 63]
[20, 21]
[12, 18, 44]
[140, 141, 144]
[209, 131, 134]
[199, 44]
[91, 208]
[140, 141, 111, 97]
[75, 91, 6, 11]
[59, 187]
[141, 111, 215]
[71, 72, 21]
[96, 237]
[76, 96, 142]
[85, 86]
[221, 93]
[96, 111, 97, 120]
[260, 28, 29, 72, 21]
[28, 29]
[50, 51]
[56, 19]
[99, 100]
[149, 150, 10, 196]
[200, 18]
[156, 18, 44]
[121, 122]
[140, 141, 111]
[260, 28, 29, 72]
[59, 29, 132]
[209, 131, 14, 33]
[205, 206]
[54, 243]
[25, 18, 40, 44]
[176, 177]
[75, 91, 146]
[118, 74]
[84, 18, 40]
[189, 190]
[28, 18]
[157, 104]
[45, 46, 39]
[59, 29, 39]
[135, 200, 18, 84]
[219, 58]
[36, 119]
[230, 231]
[75, 76]
[96, 215, 111, 97]
[40, 44]
[87, 221, 93]
[8, 9]
[147, 46]
[68, 44]
[2, 152]
[59, 18, 84]
[12, 18]
[260, 28, 29, 39]
[76, 96, 111, 215, 144]
[127, 27]
[75, 91]
[131, 33]
[25, 18, 44]
[191, 192, 246]
[244, 44]
[71, 46, 39]
[29, 63, 64]
[200, 18, 19]
[28, 18, 19]
[209, 131, 14, 140, 141, 144]
[224, 192]
[170, 18, 40, 44]
[96, 111, 215, 144]
[65, 27]
[29, 72, 21]
[14, 140, 141]
[215, 111, 98]
[135, 18, 19]
[105, 106]
[198, 116]
[59, 29, 117]
[70, 184]
[101, 80, 102, 67]
[28, 29, 132]
[131, 14, 15, 269]
[14, 15, 188]
[214, 143]
[256, 230, 231]
[18, 44]
[92, 93]
[262, 72, 21]
[79, 80, 102, 67]
[61, 13]
[75, 91, 6, 7]
[143, 21]
[167, 181]
[12, 264]
[12, 240]
[107, 108, 16, 17]
[96, 111, 215]
[149, 150, 10]
[209, 131, 14]
[12, 18, 40, 44]
[12, 143]
[131, 14, 140, 141, 111, 97, 120]
[79, 80]
[140, 141, 111, 215, 144]
[214, 143, 21]
[54, 130]
[24, 18]
[131, 14, 33]
[111, 215]
[14, 140]
[24, 18, 40, 44]
[209, 131, 14, 15, 269]
[147, 46, 39]
[63, 95]
[131, 14, 140, 148]
[260, 28, 44]
[12, 39]
[75, 76, 96, 111, 215]
[222, 108, 16, 17]
[102, 67]
[75, 76, 96, 111, 215, 144]
[18, 40, 44]
[82, 39]
[209, 131, 14, 140]
[275, 179]
[182, 27]
[215, 111, 97, 98]
[223, 206]
[94, 21]
[153, 232]
[160, 48]
[234, 230, 231]
[209, 131, 14, 140, 141]
[131, 14, 15]
[249, 27]
[209, 131, 14, 15]
[61, 202]
[12, 13]
[135, 200, 18, 40, 44]
[75, 91, 6]
[97, 120]
[101, 80]
[209, 131, 14, 140, 141, 111, 97, 98]
[24, 25, 18, 19]
[216, 177]
[0, 210]
[96, 142, 196]
[140, 141, 111, 97, 120]
[97, 98]
[50, 109]
[131, 134]
[209, 131, 14, 140, 141, 111]
[226, 227]
[140, 141, 111, 97, 98]
[121, 122, 175]
[76, 96, 111, 215]
[136, 152]
[14, 140, 141, 111, 215]
[36, 37]
[52, 53]
[77, 78]
[151, 10, 11]
[87, 221]
[233, 27]
[121, 92]
[209, 131, 33]
[25, 18]
[135, 200, 18, 44]
[108, 16, 83]
[32, 33]
[14, 42]
[16, 17]
[147, 72, 21]
[131, 148]
[209, 131]
[12, 18, 19]
[57, 58]
[71, 72]
[170, 18, 84]
[91, 6, 7]
[75, 76, 96, 111, 97, 98]
[14, 42, 33]
[96, 111, 97]
[153, 154]
[96, 142]
[12, 202]
[260, 28, 18, 84]
[28, 29, 117]
[150, 10, 196]
[135, 200, 18, 19]
[170, 171]
[14, 257]
[72, 21]
[131, 125]
[0, 50]
[131, 14, 140, 141, 111, 215]
[47, 48]
[61, 62]
[96, 215, 144]
[166, 167, 181]
[133, 19]
[209, 263]
[225, 93]
[151, 10]
[135, 18, 40, 44]
[213, 27]
[96, 111, 98]
[14, 140, 141, 111, 97]
[108, 16, 17]
[251, 252]
[256, 230]
[75, 76, 96, 215, 111, 97, 98]
[24, 18, 44]
[28, 29, 63]
[96, 97, 98]
[238, 239]
[115, 172]
[80, 102]
[145, 146]
[131, 14, 140, 141, 111, 97, 98]
[24, 25, 18, 40]
[75, 76, 96, 97]
[255, 47, 48]
[260, 28, 29]
[247, 248]
[173, 3]
[14, 140, 141, 111, 98]
[18, 84]
[69, 70, 184]
[162, 163]
[14, 33]
[168, 67]
[14, 140, 148]
[75, 76, 96]
[131, 14, 140]
[156, 18, 19]
[25, 18, 19]
[59, 29, 63, 95]
[6, 7]
[29, 132]
[200, 18, 44]
[75, 76, 96, 97, 120]
[80, 102, 67]
[91, 6]
[250, 20, 21]
[197, 124]
[28, 29, 41]
[131, 14]
[140, 141, 111, 215]
[151, 10, 196]
[37, 274]
[75, 91, 208]
[150, 10, 11]
[261, 159]
[15, 269]
[160, 130]
[59, 44]
[215, 111, 174]
[111, 97, 120]
[126, 19]
[96, 215, 111]
[45, 72, 21]
[54, 48]
[260, 28, 18, 40, 44]
[0, 43]
[255, 47, 130]
[76, 96]
[260, 28, 18, 40]
[192, 246]
[156, 18]
[14, 15]
[59, 18, 40, 44]
[76, 96, 215, 111]
[141, 111, 98]
[28, 187]
[141, 111, 97, 98]
[241, 106]
[209, 131, 14, 140, 141, 111, 215]
[260, 28, 18]
[140, 148]
[28, 18, 40, 44]
[36, 196]
[222, 108, 16]
[210, 51]
[24, 18, 40]
[141, 111, 97]
[75, 76, 96, 111, 97, 120]
[28, 29, 112]
[29, 63, 95]
[96, 97]
[209, 131, 14, 140, 180]
[75, 76, 96, 111, 97]
[131, 14, 15, 188]
[59, 29, 63, 64]
[24, 25, 18, 44]
[76, 96, 111, 98]
[224, 192, 246]
[14, 140, 141, 111, 97, 98]
[18, 40]
[59, 29, 72]
[28, 29, 63, 64]
[141, 111, 174]
[75, 76, 96, 97, 98]
[4, 5]
[215, 111, 97]
[147, 72]
[28, 29, 72]
[84, 18, 19]
[79, 80, 102]
[76, 96, 111, 97, 98]
[88, 175]
[76, 96, 97, 120]
[135, 200]
[75, 76, 96, 111, 98]
[270, 271]
[29, 39]
[156, 18, 40, 44]
[76, 96, 111, 97]
[149, 150]
[224, 190]
[136, 137]
[161, 27]
[200, 18, 40]
[34, 35]
[75, 76, 96, 215, 111, 97]
[113, 27]
[128, 129]
[24, 25]
[59, 18, 19]
[195, 46, 39]
