[295, 296]
[184, 217]
[4, 14]
[103, 154]
[104, 47]
[291, 4, 14]
[87, 272]
[204, 178, 15, 269]
[246, 60, 61, 62, 271]
[285, 286, 103, 154]
[87, 134, 213, 306]
[89, 67, 81]
[32, 15, 75]
[99, 125, 62, 63]
[134, 143, 99, 125, 62, 63]
[242, 78]
[15, 247, 248]
[134, 143, 99, 125, 189, 100]
[172, 173]
[174, 67]
[73, 208]
[253, 254]
[60, 61, 62]
[32, 4, 50]
[130, 288]
[255, 60, 61, 189, 125]
[50, 4, 5]
[79, 4, 158]
[130, 131]
[32, 158]
[92, 4]
[178, 4, 158]
[61, 189]
[120, 4, 50]
[120, 4, 158]
[61, 153]
[8, 4, 5]
[74, 73]
[38, 39]
[92, 165, 4, 158]
[127, 67, 81]
[120, 4]
[284, 24]
[199, 21, 95]
[255, 60, 61, 189, 100]
[178, 15, 39, 7]
[334, 335]
[46, 47]
[206, 78, 47]
[246, 60, 61, 153, 154]
[62, 63]
[241, 109]
[125, 189, 100]
[61, 62, 63]
[136, 51]
[122, 123]
[48, 235]
[256, 215]
[194, 6, 7]
[204, 178, 15, 247]
[69, 70]
[162, 87, 91]
[255, 60, 61, 189, 125, 62, 271]
[262, 45, 68]
[289, 290]
[99, 125, 62, 271]
[255, 57, 2, 233]
[255, 60, 61, 180]
[178, 212]
[87, 134, 143, 99, 125, 189, 100]
[124, 74, 73, 208]
[239, 243]
[8, 9, 4, 14, 158]
[146, 147]
[174, 51, 52]
[204, 178, 15, 212]
[170, 128, 129]
[178, 4, 5]
[82, 83]
[162, 87, 134, 213]
[291, 4, 14, 158]
[66, 67]
[166, 26]
[287, 288]
[58, 59]
[179, 51, 52]
[240, 18]
[285, 286, 103]
[204, 178, 15, 332]
[246, 219, 57, 2, 3]
[263, 5]
[333, 74, 73]
[61, 125, 62, 63]
[64, 200]
[134, 143, 99, 125, 62, 271]
[29, 5]
[99, 125, 189]
[8, 9, 4, 158]
[107, 97]
[299, 229]
[216, 217]
[4, 158]
[246, 60, 61, 189, 125, 63]
[124, 73]
[165, 4, 158]
[162, 87, 134, 143, 101]
[246, 60, 61, 189, 125, 62, 271]
[93, 5]
[312, 74, 73]
[74, 73, 208]
[291, 4, 158]
[252, 305]
[21, 22]
[204, 178, 4, 14, 158]
[255, 60, 61, 125, 62, 271]
[92, 165, 4, 50]
[4, 14, 158]
[246, 60, 61, 125, 62]
[219, 57, 2, 3]
[257, 7]
[60, 61, 100]
[219, 57, 311]
[58, 244]
[124, 74, 73]
[201, 202]
[246, 60, 61, 180]
[124, 74]
[246, 60, 61, 189, 125, 62]
[87, 134, 143]
[2, 3]
[162, 87, 134, 203]
[255, 57, 2, 3]
[255, 60, 61, 189, 125, 62, 63]
[9, 4, 14]
[162, 87, 134, 17, 18]
[32, 15, 247, 258]
[255, 57]
[27, 95]
[189, 125, 126]
[255, 60, 61, 125, 189]
[219, 57, 2]
[163, 74, 73, 208]
[246, 60, 61, 125, 63]
[176, 224, 119]
[60, 61, 125]
[88, 112]
[125, 126]
[242, 78, 47]
[162, 87, 134, 143, 99, 125, 189]
[103, 233]
[61, 125, 126]
[79, 183]
[204, 178, 15, 39]
[246, 219]
[141, 142]
[162, 87, 134, 213, 214]
[143, 99, 125, 63]
[42, 43]
[83, 129]
[150, 24]
[241, 192]
[15, 247, 258]
[32, 212]
[134, 17]
[104, 308]
[162, 87, 134, 17]
[162, 87]
[246, 60, 61]
[282, 283]
[102, 103, 154]
[60, 61, 344]
[50, 4, 14, 158]
[151, 5]
[171, 215]
[189, 125, 63]
[58, 331]
[15, 75]
[204, 178, 15, 16]
[148, 149]
[134, 18]
[124, 73, 74]
[162, 87, 134, 18]
[143, 99, 125, 189, 100]
[19, 166, 26]
[114, 301]
[134, 143, 99]
[178, 158]
[57, 2, 3]
[224, 119]
[175, 11]
[117, 37]
[61, 189, 125]
[134, 143, 300]
[178, 4, 14, 158]
[60, 61, 189, 125, 62, 271]
[132, 133]
[164, 98]
[61, 100]
[32, 15, 47]
[42, 43, 310]
[195, 294]
[87, 134, 143, 99, 125, 189]
[246, 60, 61, 189, 125, 62, 63]
[319, 133]
[146, 147, 330]
[226, 67]
[276, 277]
[191, 192]
[92, 165, 4, 14]
[87, 134, 203]
[73, 74]
[80, 41]
[87, 134, 143, 99]
[102, 103, 233]
[104, 245]
[57, 283]
[262, 45]
[111, 112]
[167, 39, 7]
[226, 67, 81]
[61, 125]
[165, 4, 50]
[195, 196]
[107, 217]
[246, 60]
[53, 54]
[57, 297]
[213, 214]
[15, 39, 7]
[55, 56]
[76, 11]
[157, 158]
[207, 138]
[143, 99, 125, 62]
[99, 125, 63]
[99, 125]
[178, 15, 212]
[255, 60, 61, 125, 62]
[323, 302]
[242, 39]
[79, 98, 7]
[115, 116]
[178, 15, 16]
[57, 272]
[92, 4, 5]
[189, 125, 62]
[60, 61, 125, 62, 271]
[179, 67, 81]
[162, 87, 134, 143, 99, 125, 63]
[102, 103]
[96, 217]
[44, 45, 68]
[88, 1]
[255, 57, 311]
[267, 268]
[293, 11]
[10, 11]
[92, 212]
[162, 87, 134, 143, 99, 125, 189, 100]
[87, 134, 213]
[165, 4]
[178, 15, 332]
[255, 60, 61, 125, 126]
[178, 15, 247]
[165, 4, 14, 158]
[50, 4, 158]
[64, 130]
[204, 178, 212]
[255, 60, 61, 189, 125, 62]
[205, 129]
[255, 60, 61, 125, 62, 63]
[60, 61, 62, 271]
[86, 48]
[162, 87, 134, 143, 99, 125, 62, 63]
[286, 103, 233]
[33, 34]
[162, 87, 134, 143, 99, 125, 62]
[170, 128]
[25, 26]
[113, 114, 301]
[264, 81]
[206, 39, 7]
[246, 60, 61, 344]
[79, 4, 14, 158]
[98, 7]
[32, 15, 247, 248]
[246, 60, 61, 62, 63]
[0, 1]
[104, 234]
[205, 215]
[312, 74]
[60, 61, 189, 125, 62, 63]
[292, 70]
[246, 60, 61, 125, 126]
[174, 51]
[32, 15, 269]
[162, 87, 134, 143, 99, 100]
[23, 24]
[341, 342]
[125, 189]
[20, 187]
[32, 4, 14, 158]
[179, 67]
[32, 4, 5]
[79, 308]
[162, 87, 134, 213, 306]
[8, 9, 4, 14]
[178, 15, 269]
[184, 97]
[50, 4, 14]
[199, 21]
[204, 178, 15]
[274, 340]
[8, 4, 14, 158]
[60, 61, 62, 63]
[30, 31]
[231, 232]
[61, 125, 189, 100]
[333, 74, 73, 208]
[178, 4, 14]
[32, 4]
[136, 67]
[92, 165, 4, 5]
[275, 11]
[204, 178, 15, 278]
[8, 4]
[204, 178, 4, 14]
[134, 143, 99, 125, 126]
[162, 87, 134, 143, 99, 125]
[92, 4, 14]
[152, 78, 47]
[35, 11]
[255, 60, 61, 189, 125, 63]
[314, 315]
[60, 61, 125, 126]
[25, 190]
[285, 286]
[78, 47]
[43, 310]
[204, 178, 15, 158]
[38, 39, 7]
[32, 15, 247]
[169, 11]
[29, 94]
[178, 15, 158]
[255, 60, 61, 125, 63]
[32, 15, 332]
[87, 134, 143, 99, 125, 62, 271]
[246, 60, 61, 125, 62, 63]
[19, 190]
[99, 100]
[225, 145]
[79, 209]
[219, 57]
[178, 15, 39]
[9, 4]
[120, 121]
[107, 1]
[79, 4, 14]
[176, 177]
[77, 95]
[134, 143, 101]
[40, 41]
[9, 4, 5]
[32, 4, 158]
[61, 189, 100]
[66, 51, 52]
[68, 37]
[345, 140]
[15, 47]
[216, 97]
[222, 223]
[225, 147, 330]
[45, 68]
[178, 15, 278]
[204, 178, 15, 39, 7]
[32, 15, 212]
[104, 105]
[19, 25, 26]
[61, 153, 154]
[246, 219, 57, 311]
[87, 134, 17, 18]
[60, 61, 189, 125, 126]
[167, 39]
[249, 54]
[33, 154]
[236, 237]
[246, 60, 61, 125, 189, 100]
[64, 65]
[60, 61, 125, 189, 100]
[255, 60, 61, 189, 125, 126]
[120, 4, 5]
[8, 9]
[298, 24]
[82, 256, 215]
[92, 4, 14, 158]
[113, 114]
[120, 183]
[27, 22]
[338, 109]
[178, 4]
[27, 186]
[179, 51]
[329, 158]
[163, 74]
[225, 147]
[184, 188]
[48, 49]
[255, 60, 61, 153, 154]
[246, 219, 57]
[44, 45, 68, 37]
[45, 68, 37]
[291, 4]
[147, 330]
[60, 61, 125, 63]
[60, 61]
[197, 198]
[87, 134, 143, 99, 125, 126]
[107, 112]
[136, 51, 52]
[346, 347]
[66, 67, 81]
[87, 134, 143, 99, 125, 63]
[32, 15, 39, 7]
[213, 306]
[32, 15, 278]
[204, 178, 4, 50]
[259, 145]
[106, 11]
[228, 229]
[327, 202, 324]
[57, 2, 233]
[155, 156]
[304, 305]
[9, 4, 158]
[264, 52]
[163, 74, 73]
[246, 60, 61, 189, 125]
[327, 202]
[67, 81]
[159, 54]
[84, 85]
[87, 91]
[82, 83, 129]
[193, 11]
[32, 15, 158]
[79, 4, 5]
[251, 252, 305]
[206, 78]
[77, 22]
[178, 15, 47]
[255, 60, 61, 100]
[19, 166]
[204, 178, 15, 75]
[9, 4, 14, 158]
[32, 15, 16]
[8, 4, 14]
[62, 271]
[317, 318]
[79, 4, 50]
[15, 39]
[350, 47]
[118, 119]
[86, 48, 49]
[246, 219, 57, 2]
[19, 25]
[167, 78, 47]
[220, 221]
[32, 15, 39]
[255, 60, 61, 344]
[125, 62]
[320, 321]
[143, 99]
[176, 279]
[246, 60, 61, 125]
[79, 98]
[143, 300]
[255, 60, 61, 125, 189, 100]
[15, 16]
[143, 99, 125, 62, 63]
[216, 188]
[120, 4, 14]
[162, 339]
[199, 21, 22]
[134, 143, 99, 125]
[60, 61, 180]
[8, 4, 158]
[246, 60, 61, 189, 125, 126]
[242, 39, 7]
[4, 50]
[60, 61, 125, 189]
[165, 4, 14]
[32, 4, 14]
[33, 270]
[307, 85]
[61, 125, 62, 271]
[64, 130, 313]
[162, 87, 134, 143, 99]
[12, 13]
[286, 103, 154]
[125, 63]
[178, 15, 247, 258]
[312, 74, 73, 208]
[162, 87, 101]
[238, 239, 243]
[61, 62, 271]
[246, 60, 61, 189, 100]
[246, 60, 61, 100]
[246, 60, 61, 125, 189]
[143, 99, 125, 62, 271]
[219, 57, 283]
[246, 60, 61, 125, 62, 271]
[134, 143, 99, 100]
[255, 60, 61, 62]
[79, 105]
[255, 60, 61, 125]
[61, 344]
[185, 11]
[87, 101]
[167, 78]
[219, 57, 2, 233]
[88, 52]
[99, 125, 189, 100]
[181, 182]
[226, 227]
[265, 266]
[351, 352]
[93, 94]
[36, 37]
[134, 17, 18]
[152, 78]
[87, 134, 143, 99, 125, 62]
[19, 20]
[219, 57, 272]
[255, 60, 61]
[14, 158]
[178, 4, 50]
[60, 61, 189, 100]
[99, 125, 62]
[155, 268]
[178, 15, 247, 248]
[137, 302]
[165, 4, 5]
[60, 61, 189, 125, 63]
[267, 156]
[33, 270, 271]
[108, 109]
[202, 324]
[39, 7]
[33, 222, 223]
[204, 178, 4, 5]
[143, 99, 125, 126]
[210, 211]
[204, 178, 158]
[110, 95]
[219, 57, 297]
[134, 143]
[194, 6]
[265, 54]
[8, 9, 4]
[328, 72]
[19, 25, 190]
[71, 72]
[2, 233]
[151, 47]
[60, 61, 189, 125, 62]
[60, 61, 153, 154]
[120, 4, 14, 158]
[162, 87, 134]
[153, 154]
[247, 258]
[8, 9, 4, 50]
[61, 180]
[162, 87, 134, 143]
[309, 173]
[8, 9, 4, 5]
[255, 57, 272]
[291, 4, 5]
[92, 4, 50]
[127, 67]
[143, 99, 125, 189]
[15, 278]
[170, 171]
[333, 74]
[162, 87, 134, 143, 99, 125, 62, 271]
[204, 178]
[61, 125, 63]
[246, 60, 61, 62]
[61, 189, 125, 62, 271]
[38, 78, 47]
[87, 134]
[61, 62]
[125, 62, 271]
[87, 134, 213, 214]
[9, 4, 50]
[33, 222]
[255, 60, 61, 62, 63]
[176, 224]
[21, 95]
[286, 103]
[143, 101]
[87, 134, 143, 101]
[162, 87, 134, 143, 99, 125, 126]
[336, 337]
[92, 165, 4]
[251, 252]
[255, 57, 297]
[107, 188]
[60, 61, 189, 125]
[303, 11]
[238, 239]
[349, 202]
[164, 98, 7]
[174, 67, 81]
[262, 45, 68, 37]
[15, 158]
[61, 189, 125, 126]
[90, 5]
[255, 57, 2]
[189, 125]
[79, 234]
[61, 125, 62]
[57, 311]
[87, 134, 143, 99, 125]
[58, 348]
[204, 178, 15, 47]
[285, 286, 103, 233]
[61, 189, 125, 62]
[134, 143, 99, 125, 189]
[247, 248]
[96, 188]
[178, 15, 75]
[50, 4]
[134, 203]
[204, 178, 4, 158]
[99, 125, 126]
[273, 81]
[27, 28]
[38, 78]
[51, 52]
[168, 31]
[64, 130, 288]
[220, 65]
[274, 5]
[64, 130, 131]
[87, 134, 143, 99, 100]
[178, 15]
[280, 281]
[139, 140]
[6, 7]
[61, 189, 125, 63]
[134, 213, 214]
[260, 261]
[86, 48, 235]
[127, 51, 52]
[255, 57, 283]
[17, 18]
[87, 134, 18]
[87, 18]
[15, 269]
[206, 39]
[61, 189, 125, 62, 63]
[204, 178, 15, 247, 258]
[250, 158]
[246, 60, 61, 153]
[130, 313]
[134, 213, 306]
[92, 165, 4, 14, 158]
[92, 165]
[127, 51]
[87, 134, 143, 300]
[326, 11]
[89, 67]
[291, 4, 50]
[246, 60, 61, 189]
[87, 134, 143, 99, 125, 62, 63]
[134, 143, 99, 125, 62]
[134, 213]
[87, 134, 17]
[110, 22]
[122, 218]
[162, 87, 18]
[143, 99, 100]
[189, 125, 62, 63]
[246, 219, 57, 297]
[137, 138]
[88, 81]
[322, 198]
[79, 47]
[134, 143, 99, 125, 63]
[143, 99, 125]
[60, 61, 189]
[15, 332]
[255, 60, 61, 153]
[19, 230]
[15, 247]
[96, 97]
[170, 171, 215]
[255, 60, 61, 189]
[32, 15]
[60, 61, 153]
[204, 178, 15, 247, 248]
[246, 219, 57, 272]
[289, 325]
[135, 112]
[273, 52]
[60, 61, 125, 62]
[343, 109]
[44, 45]
[92, 4, 158]
[349, 202, 324]
[60, 61, 125, 62, 63]
[4, 5]
[82, 256]
[255, 60, 61, 62, 271]
[19, 20, 187]
[201, 202, 324]
[15, 212]
[160, 161]
[255, 60]
[189, 125, 62, 271]
[246, 219, 57, 283]
[189, 100]
[270, 271]
[246, 219, 57, 2, 233]
[162, 87, 134, 143, 300]
[61, 125, 189]
[8, 4, 50]
[162, 87, 272]
[316, 11]
[66, 51]
[128, 129]
[204, 178, 4]
[144, 145]
[136, 67, 81]
[79, 4]
[124, 73, 208]
[249, 266]
[125, 62, 63]
[57, 2]
