[200, 201, 214]
[301, 85]
[63, 18, 5]
[106, 185, 17]
[41, 40, 192, 239]
[40, 41, 42]
[71, 40, 192, 239]
[122, 106, 29]
[265, 191]
[245, 43, 0, 117, 48]
[65, 94]
[274, 275]
[22, 27]
[181, 18, 19]
[245, 43, 0, 184]
[59, 80, 191]
[0, 70, 53]
[28, 195]
[114, 77, 24]
[147, 148, 39, 41, 40, 192, 239]
[43, 0, 1, 302]
[25, 44]
[148, 39, 192, 239]
[261, 155, 156]
[154, 133, 311]
[89, 90]
[145, 198]
[16, 99]
[39, 41, 40, 239]
[297, 195]
[278, 51]
[18, 287]
[34, 296]
[63, 18, 4]
[112, 56]
[127, 5]
[70, 71]
[81, 82, 95]
[148, 39, 40]
[20, 165, 191]
[114, 77, 15, 99]
[57, 58, 17]
[245, 43, 0, 184, 48]
[173, 101]
[39, 41, 40, 192, 239]
[294, 200, 201]
[67, 13]
[28, 185]
[43, 0, 53]
[129, 164]
[186, 88]
[25, 305]
[251, 38]
[170, 156]
[78, 32]
[77, 15, 99]
[9, 92]
[148, 39, 41]
[70, 71, 40, 192]
[232, 233]
[245, 43, 0, 70, 71, 40, 192, 235]
[0, 48]
[261, 199]
[159, 88, 33]
[72, 221]
[82, 95]
[70, 71, 40]
[207, 208, 269]
[244, 96, 97]
[288, 289, 89]
[192, 239]
[39, 6, 90]
[122, 106, 29, 99]
[20, 229]
[245, 43, 0, 270]
[268, 162]
[118, 162]
[41, 40, 192]
[65, 219]
[230, 235]
[43, 0, 184, 48]
[149, 32]
[309, 69]
[39, 40, 239]
[71, 40]
[112, 113, 102, 99]
[43, 0, 1, 105]
[182, 133, 311]
[216, 217]
[150, 76, 140]
[11, 8, 88, 33]
[313, 133, 292]
[20, 18, 287]
[2, 3, 145, 146]
[20, 74]
[245, 43, 0, 6]
[98, 99]
[11, 8, 88]
[209, 18]
[22, 23]
[245, 43, 53]
[43, 0, 211]
[237, 156]
[148, 39, 192, 235]
[54, 99]
[201, 214]
[43, 0, 70, 71, 40]
[124, 74]
[2, 3]
[147, 148, 39, 49]
[245, 43, 0, 70, 71, 40, 239]
[87, 88]
[154, 133]
[248, 116]
[12, 57, 58]
[43, 0, 70]
[136, 137, 277]
[20, 18, 4, 5]
[67, 58]
[125, 126]
[0, 193]
[43, 0, 117]
[245, 43, 44]
[12, 143, 99]
[208, 269]
[39, 41, 40, 192, 235]
[43, 0, 70, 193]
[71, 42]
[43, 0]
[76, 140]
[266, 267]
[262, 258]
[256, 5]
[77, 24, 17]
[55, 102, 99]
[63, 18]
[63, 64, 286]
[148, 39, 40, 192]
[0, 70, 71]
[254, 80, 191]
[0, 70, 71, 40, 192, 239]
[0, 184]
[117, 48]
[225, 36]
[14, 24, 17]
[129, 130]
[15, 99]
[43, 0, 249]
[290, 291]
[295, 168]
[34, 19]
[148, 39, 6]
[39, 40, 192, 235]
[147, 148, 39, 192, 235]
[43, 0, 70, 71, 42]
[147, 25, 197]
[303, 304]
[257, 62]
[163, 60, 74]
[83, 84]
[141, 33]
[132, 133]
[0, 70, 193]
[65, 66]
[245, 43, 0]
[276, 277]
[295, 168, 169]
[63, 64]
[254, 60, 74]
[148, 39, 211]
[234, 99]
[67, 143, 99]
[112, 102, 99]
[107, 108, 191]
[189, 56]
[245, 43, 0, 70, 71, 40, 192]
[244, 96]
[245, 43, 0, 241]
[12, 57]
[306, 307]
[107, 108]
[187, 188]
[0, 117]
[213, 214]
[55, 56]
[93, 128]
[157, 158]
[115, 116]
[46, 19]
[197, 308]
[254, 80]
[43, 0, 270]
[113, 102, 99]
[114, 15]
[58, 17]
[64, 286]
[88, 33]
[194, 33]
[57, 143, 99]
[0, 70, 71, 40, 239]
[18, 4]
[274, 237]
[43, 0, 70, 71, 40, 192, 235]
[103, 104]
[148, 39, 40, 192, 239]
[274, 275, 171]
[287, 18, 4, 5]
[178, 179]
[63, 242]
[1, 105]
[35, 36]
[43, 44]
[138, 96, 97]
[163, 80]
[181, 18, 5]
[39, 40, 192]
[18, 5]
[282, 96]
[29, 99]
[166, 167]
[0, 6, 90]
[25, 26]
[245, 43, 0, 1]
[245, 283]
[147, 148, 39, 192, 239]
[70, 53]
[0, 1]
[25, 197, 151]
[37, 38, 255]
[131, 94]
[147, 148, 39, 192]
[251, 38, 255]
[163, 80, 191]
[174, 175]
[112, 113]
[147, 148, 39, 42]
[185, 17]
[186, 88, 33]
[57, 143]
[20, 18, 5]
[236, 188]
[41, 40, 192, 235]
[71, 40, 192, 235]
[220, 8, 88, 33]
[218, 200, 201, 214]
[80, 191]
[18, 19]
[147, 148, 39, 41, 40]
[30, 31]
[190, 162]
[106, 29, 99]
[0, 117, 48]
[79, 80, 191]
[218, 200]
[39, 40, 41, 42]
[71, 40, 192]
[147, 148, 39, 41]
[158, 222]
[43, 0, 270, 48]
[20, 45]
[147, 25, 26]
[181, 18, 287]
[20, 18, 4]
[70, 71, 42]
[8, 88]
[152, 314]
[7, 8, 88]
[254, 60]
[20, 21]
[147, 148, 39, 40, 192]
[110, 215]
[147, 148, 39, 40, 41, 42]
[52, 92]
[245, 43, 196]
[40, 239]
[1, 302]
[147, 148, 39, 41, 40, 192, 235]
[147, 148, 39, 6]
[12, 57, 143]
[148, 39, 40, 192, 235]
[148, 39, 40, 41, 42]
[28, 29]
[43, 0, 70, 71, 40, 192, 239]
[50, 51]
[47, 99]
[43, 0, 70, 71, 40, 41, 42]
[43, 48]
[43, 0, 241]
[147, 148, 39, 41, 42]
[120, 121]
[245, 43, 0, 211]
[43, 0, 70, 71, 40, 41]
[112, 102]
[176, 177]
[39, 211]
[138, 96]
[59, 80]
[40, 41]
[245, 43, 0, 70, 71, 40, 192, 239]
[11, 8]
[300, 13]
[70, 71, 40, 192, 239]
[113, 206, 17]
[245, 43, 0, 48]
[178, 179, 312]
[75, 76]
[122, 29]
[245, 43, 0, 6, 90]
[148, 39, 41, 40, 192, 235]
[142, 94]
[197, 151]
[245, 43, 0, 249]
[60, 74]
[91, 19]
[257, 258]
[148, 39, 41, 42]
[113, 102]
[182, 133]
[14, 15, 99]
[22, 23, 228]
[284, 8]
[0, 6]
[284, 8, 88, 33]
[168, 169]
[72, 73]
[77, 24]
[2, 3, 145]
[122, 106, 185, 17]
[210, 202]
[133, 292]
[147, 148]
[318, 175]
[147, 25, 305]
[278, 279]
[199, 171]
[227, 32]
[72, 74]
[155, 156]
[9, 10]
[270, 48]
[40, 192, 235]
[71, 40, 41, 42]
[1, 319]
[207, 208]
[147, 148, 39, 40]
[148, 39, 41, 40]
[313, 133, 311]
[70, 71, 40, 192, 235]
[147, 148, 39, 41, 40, 239]
[12, 143]
[43, 0, 70, 71, 40, 192]
[20, 165]
[147, 148, 39, 40, 192, 235]
[205, 5]
[112, 113, 102]
[70, 193]
[109, 32, 33]
[223, 224]
[63, 202]
[79, 80]
[284, 8, 88]
[157, 158, 222]
[243, 175]
[14, 85]
[144, 130]
[182, 133, 292]
[43, 0, 1]
[3, 145, 198]
[147, 25, 197, 308]
[59, 60]
[245, 43, 0, 117]
[154, 133, 292]
[147, 25]
[252, 253]
[245, 43, 0, 70, 71, 40, 41]
[148, 39, 40, 239]
[68, 69]
[118, 119]
[52, 10]
[75, 76, 140]
[134, 135]
[289, 89]
[24, 17]
[209, 18, 19]
[240, 33]
[203, 164]
[39, 41]
[293, 89]
[0, 1, 319]
[67, 143]
[143, 99]
[148, 39, 41, 40, 192, 239]
[173, 19]
[63, 210, 202]
[20, 18]
[245, 43, 0, 70, 71, 40, 41, 42]
[0, 211]
[70, 71, 40, 41]
[159, 88]
[299, 188]
[39, 40, 41]
[55, 206, 17]
[110, 111]
[79, 60, 74]
[0, 70]
[264, 31]
[294, 200, 201, 214]
[12, 13]
[39, 40]
[63, 123]
[22, 230, 235]
[39, 41, 42]
[23, 228]
[132, 133, 292]
[7, 8]
[55, 102]
[288, 289]
[0, 70, 71, 40]
[293, 89, 90]
[41, 40, 239]
[43, 0, 193]
[100, 19]
[67, 58, 17]
[245, 43, 0, 70, 71]
[70, 71, 40, 239]
[122, 106, 185]
[40, 192, 239]
[288, 289, 89, 90]
[181, 18, 4]
[86, 60, 74]
[38, 255]
[220, 8]
[289, 89, 151]
[245, 43, 0, 1, 105]
[287, 18, 19]
[39, 6]
[93, 94]
[172, 88]
[0, 249]
[122, 195]
[149, 32, 33]
[98, 17]
[100, 101]
[183, 82]
[79, 60]
[114, 15, 99]
[245, 43, 0, 53]
[43, 0, 184]
[63, 210]
[220, 8, 88]
[245, 43, 0, 70, 193]
[109, 32]
[163, 60]
[238, 121]
[183, 82, 95]
[43, 53]
[148, 39, 41, 40, 239]
[112, 113, 206, 17]
[39, 42]
[54, 17]
[114, 77]
[147, 25, 44]
[22, 90]
[25, 197]
[234, 180]
[113, 206]
[148, 39, 6, 90]
[39, 41, 40]
[310, 19]
[7, 8, 88, 33]
[184, 48]
[40, 192]
[0, 70, 71, 42]
[0, 70, 71, 40, 41, 42]
[78, 32, 33]
[32, 33]
[172, 88, 33]
[16, 17]
[106, 29]
[3, 145]
[57, 58]
[22, 230]
[147, 25, 104]
[122, 29, 99]
[147, 25, 197, 151]
[114, 77, 24, 17]
[272, 273]
[39, 40, 192, 239]
[12, 57, 58, 17]
[170, 171]
[210, 242]
[287, 18, 5]
[20, 139]
[81, 82]
[72, 45]
[0, 1, 302]
[148, 39, 40, 41]
[61, 62]
[122, 106]
[63, 18, 19]
[209, 18, 287]
[245, 43, 0, 1, 302]
[0, 270, 48]
[39, 192]
[28, 29, 99]
[245, 43]
[39, 192, 235]
[315, 273]
[218, 200, 201]
[37, 260]
[148, 39, 41, 40, 192]
[181, 18]
[28, 185, 17]
[65, 128]
[14, 24]
[37, 38]
[147, 148, 39, 41, 40, 192]
[25, 104]
[0, 270]
[145, 146]
[294, 200]
[0, 70, 71, 40, 41]
[39, 41, 40, 192]
[203, 130]
[285, 214]
[0, 70, 71, 40, 192, 235]
[89, 151]
[245, 43, 48]
[234, 17]
[245, 43, 0, 70, 71, 42]
[0, 53]
[147, 148, 39, 40, 41]
[20, 18, 19]
[43, 0, 6, 90]
[71, 40, 239]
[148, 39, 192]
[46, 74]
[43, 0, 117, 48]
[181, 18, 4, 5]
[280, 281]
[209, 18, 4, 5]
[147, 148, 39, 40, 239]
[176, 226]
[114, 85]
[3, 145, 146]
[54, 180]
[63, 210, 231]
[287, 18]
[137, 277]
[148, 39, 49]
[20, 221]
[43, 0, 70, 53]
[41, 42]
[43, 0, 48]
[72, 229]
[142, 128]
[112, 113, 206]
[132, 133, 311]
[200, 201]
[204, 175]
[287, 18, 4]
[0, 1, 105]
[210, 231]
[147, 148, 39, 6, 90]
[12, 57, 143, 99]
[47, 17]
[43, 0, 1, 319]
[271, 33]
[148, 39, 42]
[275, 171]
[63, 210, 242]
[259, 260]
[39, 49]
[152, 153]
[152, 250]
[261, 199, 171]
[227, 32, 33]
[2, 3, 145, 198]
[14, 15]
[190, 119]
[278, 317]
[43, 0, 70, 71, 40, 239]
[179, 312]
[131, 128]
[55, 206]
[108, 191]
[71, 40, 41]
[25, 197, 308]
[316, 167]
[209, 18, 4]
[6, 90]
[147, 148, 39, 211]
[39, 192, 239]
[41, 40]
[106, 185]
[245, 43, 0, 70]
[245, 43, 0, 70, 71, 40]
[282, 96, 97]
[96, 97]
[206, 17]
[43, 196]
[114, 77, 15]
[150, 76]
[209, 18, 5]
[212, 153]
[246, 247]
[293, 89, 151]
[245, 43, 0, 270, 48]
[289, 89, 90]
[43, 0, 70, 71]
[245, 43, 0, 1, 319]
[4, 5]
[165, 191]
[288, 289, 89, 151]
[0, 241]
[70, 71, 40, 41, 42]
[8, 88, 33]
[313, 133]
[160, 161]
[63, 18, 287]
[0, 184, 48]
[147, 148, 39]
[245, 43, 0, 70, 53]
[136, 137]
[274, 237, 156]
[59, 60, 74]
[133, 311]
[261, 155]
[18, 4, 5]
[147, 148, 39, 40, 192, 239]
[0, 70, 71, 40, 192]
[263, 188]
[148, 39]
[192, 235]
[102, 99]
[178, 312]
[245, 43, 0, 193]
[63, 18, 4, 5]
[77, 15]
[298, 233]
[43, 0, 6]
[86, 60]
[87, 88, 33]
