14,15
14,173,5,19,20,15
14,173,5,138,365,19,20,15
14,173,5,365,19,20,15
14,15,20,19
14,173,5,19
14,173,5,138,365,19
14,173,5,365,19
14,15,20,19,5
14,15,20,19,365,5
14,15,20,19,365,138,5
14,173,5
14,15,20
14,173,5,19,20
14,173,5,138,365,19,20
14,173,5,365,19,20
14,15,20,19,5,138
14,15,20,19,365,138
14,173,5,138
14,173,5,365,138
14,15,20,19,5,173,172
14,15,20,19,365,5,173,172
14,15,20,19,365,138,5,173,172
14,173,172
14,173
14,15,20,19,5,173,185,184
14,15,20,19,365,5,173,185,184
14,15,20,19,365,138,5,173,185,184
14,173,185,184
14,15,20,19,5,173,185
14,15,20,19,365,5,173,185
14,15,20,19,365,138,5,173,185
14,173,185
14,15,20,19,5,173,270
14,15,20,19,365,5,173,270
14,15,20,19,365,138,5,173,270
14,173,270
14,15,20,19,5,173,185,184,320
14,15,20,19,365,5,173,185,184,320
14,15,20,19,365,138,5,173,185,184,320
14,173,185,184,320
14,15,20,19,5,173,185,184,320,154
14,15,20,19,365,5,173,185,184,320,154
14,15,20,19,365,138,5,173,185,184,320,154
14,173,185,184,320,154
14,15,20,19,365
14,173,5,365
14,15,20,19,5,138,365,23
14,15,20,19,5,365,23
14,15,20,19,365,23
14,173,5,19,365,23
14,173,5,138,365,23
14,173,5,365,23
14,15,20,19,5,138,365,218
14,15,20,19,5,365,218
14,15,20,19,365,218
14,173,5,19,365,218
14,173,5,138,365,218
14,173,5,365,218
15,14,173,5,19
15,14,173,5,138,365,19
15,14,173,5,365,19
15,20,19
15,14,173,5
15,20,19,5
15,20,19,365,5
15,20,19,365,138,5
15,20
15,14,173,5,138
15,14,173,5,365,138
15,20,19,5,138
15,20,19,365,138
15,14,173,172
15,20,19,5,173,172
15,20,19,365,5,173,172
15,20,19,365,138,5,173,172
15,14,173
15,20,19,5,173
15,20,19,365,5,173
15,20,19,365,138,5,173
15,14,173,185,184
15,20,19,5,173,185,184
15,20,19,365,5,173,185,184
15,20,19,365,138,5,173,185,184
15,14,173,185
15,20,19,5,173,185
15,20,19,365,5,173,185
15,20,19,365,138,5,173,185
15,14,173,270
15,20,19,5,173,270
15,20,19,365,5,173,270
15,20,19,365,138,5,173,270
15,14,173,185,184,320
15,20,19,5,173,185,184,320
15,20,19,365,5,173,185,184,320
15,20,19,365,138,5,173,185,184,320
15,14,173,185,184,320,154
15,20,19,5,173,185,184,320,154
15,20,19,365,5,173,185,184,320,154
15,20,19,365,138,5,173,185,184,320,154
15,14,173,5,365
15,20,19,365
15,14,173,5,19,365,23
15,14,173,5,138,365,23
15,14,173,5,365,23
15,20,19,5,138,365,23
15,20,19,5,365,23
15,20,19,365,23
15,14,173,5,19,365,218
15,14,173,5,138,365,218
15,14,173,5,365,218
15,20,19,5,138,365,218
15,20,19,5,365,218
15,20,19,365,218
16,17
19,5
19,365,5
19,365,138,5
19,20
19,5,138
19,20,15,14,173,5,138
19,365,138
19,5,173,172
19,20,15,14,173,172
19,365,5,173,172
19,365,138,5,173,172
19,5,173
19,20,15,14,173
19,365,5,173
19,365,138,5,173
19,5,173,185,184
19,20,15,14,173,185,184
19,365,5,173,185,184
19,365,138,5,173,185,184
19,5,173,185
19,20,15,14,173,185
19,365,5,173,185
19,365,138,5,173,185
19,5,173,270
19,20,15,14,173,270
19,365,5,173,270
19,365,138,5,173,270
19,5,173,185,184,320
19,20,15,14,173,185,184,320
19,365,5,173,185,184,320
19,365,138,5,173,185,184,320
19,5,173,185,184,320,154
19,20,15,14,173,185,184,320,154
19,365,5,173,185,184,320,154
19,365,138,5,173,185,184,320,154
19,365
19,5,138,365,23
19,5,365,23
19,20,15,14,173,5,138,365,23
19,20,15,14,173,5,365,23
19,365,23
19,5,138,365,218
19,5,365,218
19,20,15,14,173,5,138,365,218
19,20,15,14,173,5,365,218
19,365,218
5,19,20
5,138,365,19,20
5,173,14,15,20
5,365,19,20
5,138
5,365,138
5,173,172
5,173
5,173,185,184
5,173,185
5,173,270
5,173,185,184,320
5,173,185,184,320,154
5,365
5,138,365,23
5,365,23
5,138,365,218
5,365,218
20,19,5,138
20,19,365,138
20,15,14,173,5,138
20,15,14,173,5,365,138
20,19,5,173,172
20,19,365,5,173,172
20,19,365,138,5,173,172
20,15,14,173,172
20,19,5,173
20,19,365,5,173
20,19,365,138,5,173
20,15,14,173
20,19,5,173,185,184
20,19,365,5,173,185,184
20,19,365,138,5,173,185,184
20,15,14,173,185,184
20,19,5,173,185
20,19,365,5,173,185
20,19,365,138,5,173,185
20,15,14,173,185
20,19,5,173,270
20,19,365,5,173,270
20,19,365,138,5,173,270
20,15,14,173,270
20,19,5,173,185,184,320
20,19,365,5,173,185,184,320
20,19,365,138,5,173,185,184,320
20,15,14,173,185,184,320
20,19,5,173,185,184,320,154
20,19,365,5,173,185,184,320,154
20,19,365,138,5,173,185,184,320,154
20,15,14,173,185,184,320,154
20,19,365
20,15,14,173,5,365
20,19,5,138,365,23
20,19,5,365,23
20,19,365,23
20,15,14,173,5,138,365,23
20,15,14,173,5,365,23
20,19,5,138,365,218
20,19,5,365,218
20,19,365,218
20,15,14,173,5,138,365,218
20,15,14,173,5,365,218
26,27
38,39
38,39,142,146
38,39,146
38,39,142
38,39,226
39,142,146
39,146
39,142
39,226
43,44
43,44,93
43,44,116
43,44,116,117
43,44,255
43,44,354
43,44,358
44,93
44,116
44,116,117
44,255
44,354
44,358
46,47
66,30
66,30,330,331,151
66,30,353,152,151
66,30,330,331,151,152
66,30,353,152
66,30,330,331,151,152,282
66,30,353,152,282
66,30,313
66,30,330
66,30,353,152,151,331,330
66,30,330,331
66,30,353,152,151,331
66,30,330,331,151,152,353,352
66,30,353,352
66,30,353
66,30,330,331,151,152,353,352,361
66,30,353,352,361
66,30,330,331,151,152,382
66,30,353,152,382
66,30,330,331,151,152,353,412
66,30,353,412
66,30,330,331,151,152,353,412,413
66,30,353,412,413
30,330,331,151
30,353,152,151
30,330,331,151,152
30,353,152
30,330,331,151,152,282
30,353,152,282
30,313
30,330
30,353,152,151,331,330
30,330,331
30,353,152,151,331
30,330,331,151,152,353,352
30,353,352
30,353
30,330,331,151,152,353,352,361
30,353,352,361
30,330,331,151,152,382
30,353,152,382
30,330,331,151,152,353,412
30,353,412
30,330,331,151,152,353,412,413
30,353,412,413
72,64
73,74
73,75,162,76,74
73,75,190,74
73,76,162,75,190,74
73,76,74
73,75
73,76,162,75
73,76,74,190,75
73,10
73,76
73,74,190,75,162
73,74,76,162
73,75,162
73,76,162
73,74,190
73,75,190
73,76,162,75,190
73,76,74,190
73,74,190,75,297,296
73,74,76,162,75,297,296
73,75,297,296
73,76,162,75,297,296
73,76,74,190,75,297,296
73,74,190,75,297
73,74,76,162,75,297
73,75,297
73,76,162,75,297
73,76,74,190,75,297
74,73,75
74,190,75
74,76,73,75
74,76,162,75
74,73,10
74,190,75,73,10
74,190,75,162,76,73,10
74,76,73,10
74,76,162,75,73,10
74,190,75,162,76
74,76
74,73,75,162
74,190,75,162
74,76,162
74,190
74,73,75,297,296
74,190,75,297,296
74,76,73,75,297,296
74,76,162,75,297,296
74,73,75,297
74,190,75,297
74,76,73,75,297
74,76,162,75,297
75,73,10
75,162,76,73,10
75,190,74,76,73,10
75,73,76
75,162,76
75,190,74,76
75,162
75,190
75,297,296
75,297
10,73,76
10,73,74,190,75,162
10,73,74,76,162
10,73,75,162
10,73,76,162
10,73,74,190
10,73,75,190
10,73,76,162,75,190
10,73,76,74,190
10,73,74,190,75,297,296
10,73,74,76,162,75,297,296
10,73,75,297,296
10,73,76,162,75,297,296
10,73,76,74,190,75,297,296
10,73,74,190,75,297
10,73,74,76,162,75,297
10,73,75,297
10,73,76,162,75,297
10,73,76,74,190,75,297
76,162
76,73,75,190
76,162,75,190
76,74,190
76,73,75,297,296
76,162,75,297,296
76,74,190,75,297,296
76,73,75,297
76,162,75,297
76,74,190,75,297
86,87
93,44,116
93,44,116,117
93,44,255
93,44,354
93,44,358
106,107
106,107,347
106,107,381
107,347
107,381
110,111
116,117
116,44,255
116,44,354
116,44,358
117,116,44,255
117,116,44,354
117,116,44,358
121,122
124,125
124,125,170
125,170
127,128
127,9
127,128,375
128,127,9
128,375
9,127,128,375
130,131
130,159
131,130,159
134,135
134,135,254,253
134,135,254
135,254,253
135,254
136,137
136,180
137,136,180
138,5,19,20,15,14,173,172
138,5,173,172
138,365,5,173,172
138,365,19,20,15,14,173,172
138,5,173
138,365,5,173
138,365,19,20,15,14,173
138,5,19,20,15,14,173,185,184
138,5,173,185,184
138,365,5,173,185,184
138,365,19,20,15,14,173,185,184
138,5,19,20,15,14,173,185
138,5,173,185
138,365,5,173,185
138,365,19,20,15,14,173,185
138,5,19,20,15,14,173,270
138,5,173,270
138,365,5,173,270
138,365,19,20,15,14,173,270
138,5,19,20,15,14,173,185,184,320
138,5,173,185,184,320
138,365,5,173,185,184,320
138,365,19,20,15,14,173,185,184,320
138,5,19,20,15,14,173,185,184,320,154
138,5,173,185,184,320,154
138,365,5,173,185,184,320,154
138,365,19,20,15,14,173,185,184,320,154
138,365
138,365,23
138,365,218
143,144
143,144,316
143,144,421
144,316
144,421
146,142
146,142,39,226
146,39,226
142,39,226
147,148
151,152
151,152,282
151,331,330,30,353,152,282
151,152,353,30,313
151,331,330,30,313
151,152,353,30,330
151,331,330
151,331
151,152,353,352
151,331,330,30,353,352
151,152,353
151,331,330,30,353
151,152,353,352,361
151,331,330,30,353,352,361
151,152,382
151,331,330,30,353,152,382
151,152,353,412
151,331,330,30,353,412
151,152,353,412,413
151,331,330,30,353,412,413
152,282
152,151,331,330,30,313
152,353,30,313
152,151,331,330
152,353,30,330
152,151,331
152,353,30,330,331
152,353,352
152,353
152,353,352,361
152,382
152,353,412
152,353,412,413
162,75,190
162,76,73,74,190
162,76,74,190
162,75,297,296
162,76,73,74,190,75,297,296
162,76,74,190,75,297,296
162,75,297
162,76,73,74,190,75,297
162,76,74,190,75,297
172,173
172,173,185,184
172,173,185
172,173,270
172,173,185,184,320
172,173,185,184,320,154
172,173,5,365
172,173,14,15,20,19,365
172,173,5,19,365,23
172,173,5,138,365,23
172,173,5,365,23
172,173,14,15,20,19,5,138,365,23
172,173,14,15,20,19,5,365,23
172,173,14,15,20,19,365,23
172,173,5,19,365,218
172,173,5,138,365,218
172,173,5,365,218
172,173,14,15,20,19,5,138,365,218
172,173,14,15,20,19,5,365,218
172,173,14,15,20,19,365,218
173,185,184
173,185
173,270
173,185,184,320
173,185,184,320,154
173,5,365
173,14,15,20,19,365
173,5,19,365,23
173,5,138,365,23
173,5,365,23
173,14,15,20,19,365,23
173,5,19,365,218
173,5,138,365,218
173,5,365,218
173,14,15,20,19,365,218
174,175
174,176
174,36
174,71
175,174,176
175,174,36
175,174,71
176,174,36
176,174,71
36,174,71
177,178
182,183
184,185
184,185,173,270
184,320
184,320,154
184,185,173,5,365
184,185,173,14,15,20,19,365
184,185,173,5,19,365,23
184,185,173,5,138,365,23
184,185,173,5,365,23
184,185,173,14,15,20,19,5,138,365,23
184,185,173,14,15,20,19,5,365,23
184,185,173,14,15,20,19,365,23
184,185,173,5,19,365,218
184,185,173,5,138,365,218
184,185,173,5,365,218
184,185,173,14,15,20,19,5,138,365,218
184,185,173,14,15,20,19,5,365,218
184,185,173,14,15,20,19,365,218
185,173,270
185,184,320
185,184,320,154
185,173,5,365
185,173,14,15,20,19,365
185,173,5,19,365,23
185,173,5,138,365,23
185,173,5,365,23
185,173,14,15,20,19,5,138,365,23
185,173,14,15,20,19,5,365,23
185,173,14,15,20,19,365,23
185,173,5,19,365,218
185,173,5,138,365,218
185,173,5,365,218
185,173,14,15,20,19,5,138,365,218
185,173,14,15,20,19,5,365,218
185,173,14,15,20,19,365,218
190,75,297,296
190,75,297
198,199
198,302,199
198,302
198,199,302,303
198,199,302,304,303
198,302,303
198,302,304,303
198,199,302,219
198,302,219
198,199,302,304
198,302,304
199,302
199,302,303
199,302,304,303
199,302,219
199,302,304
212,213
215,85
222,223
222,224
222,275
222,333
222,397
223,222,224
223,222,275
223,222,333
223,222,397
224,222,275
224,222,333
224,222,397
225,29
225,242
29,225,242
250,251
250,251,298
251,298
253,254
255,44,354
255,44,358
265,266
267,268
267,247
267,268,274
268,267,247
268,274
247,267,268,274
275,222,333
275,222,397
277,278
282,152,151,331,330,30,313
282,152,353,30,313
282,152,151,331,330
282,152,353,30,330
282,152,151,331
282,152,353,30,330,331
282,152,151,331,330,30,353,352
282,152,353,352
282,152,353
282,152,151,331,330,30,353,352,361
282,152,353,352,361
282,152,382
282,152,151,331,330,30,353,412
282,152,353,412
282,152,151,331,330,30,353,412,413
282,152,353,412,413
290,291
290,292
290,293
290,133
291,290,292
291,290,293
291,290,133
292,290,293
292,290,133
293,290,133
296,297
301,211
301,257
211,301,257
302,303
302,304,303
302,219
302,304
303,302,219
303,304,302,219
303,304
219,302,304
311,312
313,30,330
313,30,353,152,151,331,330
313,30,330,331
313,30,353,152,151,331
313,30,330,331,151,152,353,352
313,30,353,352
313,30,353
313,30,330,331,151,152,353,352,361
313,30,353,352,361
313,30,330,331,151,152,382
313,30,353,152,382
313,30,330,331,151,152,353,412
313,30,353,412
313,30,330,331,151,152,353,412,413
313,30,353,412,413
270,173,185,184,320
270,173,185,184,320,154
270,173,5,365
270,173,14,15,20,19,365
270,173,5,19,365,23
270,173,5,138,365,23
270,173,5,365,23
270,173,14,15,20,19,5,138,365,23
270,173,14,15,20,19,5,365,23
270,173,14,15,20,19,365,23
270,173,5,19,365,218
270,173,5,138,365,218
270,173,5,365,218
270,173,14,15,20,19,5,138,365,218
270,173,14,15,20,19,5,365,218
270,173,14,15,20,19,365,218
316,144,421
320,154
320,184,185,173,5,365
320,184,185,173,14,15,20,19,365
320,184,185,173,5,19,365,23
320,184,185,173,5,138,365,23
320,184,185,173,5,365,23
320,184,185,173,14,15,20,19,5,138,365,23
320,184,185,173,14,15,20,19,5,365,23
320,184,185,173,14,15,20,19,365,23
320,184,185,173,5,19,365,218
320,184,185,173,5,138,365,218
320,184,185,173,5,365,218
320,184,185,173,14,15,20,19,5,138,365,218
320,184,185,173,14,15,20,19,5,365,218
320,184,185,173,14,15,20,19,365,218
154,320,184,185,173,5,365
154,320,184,185,173,14,15,20,19,365
154,320,184,185,173,5,19,365,23
154,320,184,185,173,5,138,365,23
154,320,184,185,173,5,365,23
154,320,184,185,173,14,15,20,19,5,138,365,23
154,320,184,185,173,14,15,20,19,5,365,23
154,320,184,185,173,14,15,20,19,365,23
154,320,184,185,173,5,19,365,218
154,320,184,185,173,5,138,365,218
154,320,184,185,173,5,365,218
154,320,184,185,173,14,15,20,19,5,138,365,218
154,320,184,185,173,14,15,20,19,5,365,218
154,320,184,185,173,14,15,20,19,365,218
325,81
330,331
330,331,151,152,353,352
330,30,353,352
330,331,151,152,353
330,30,353
330,331,151,152,353,352,361
330,30,353,352,361
330,331,151,152,382
330,30,353,152,382
330,331,151,152,353,412
330,30,353,412
330,331,151,152,353,412,413
330,30,353,412,413
331,330,30,353,352
331,151,152,353,352
331,330,30,353
331,151,152,353
331,330,30,353,352,361
331,151,152,353,352,361
331,330,30,353,152,382
331,151,152,382
331,330,30,353,412
331,151,152,353,412
331,330,30,353,412,413
331,151,152,353,412,413
332,35
333,222,397
340,61
347,107,381
349,307
352,353
352,361
352,353,30,330,331,151,152,382
352,353,152,382
352,353,412
352,353,412,413
353,352,361
353,152,382
353,412
353,412,413
354,44,358
357,256
361,352,353,30,330,331,151,152,382
361,352,353,152,382
361,352,353,412
361,352,353,412,413
364,335
365,23
365,218
23,365,218
382,152,151,331,330,30,353,412
382,152,353,412
382,152,151,331,330,30,353,412,413
382,152,353,412,413
391,40
403,404
403,404,28
403,404,393
404,28
404,393
406,407
412,413
414,208
28,404,393
