0 1
2 3
4 5
6 5
0 7
8 9
10 11
12 9
13 14
15 16
17 18
19 20
21 22
23 24
25 18
26 27
23 28
29 30
31 32
33 34
35 20
36 37
38 39
40 41
42 43
44 45
21 19
21 46
47 20
19 6
48 18
44 49
40 50
51 52
53 11
0 54
55 18
56 57
58 59
60 61
62 63
64 65
66 14
67 68
69 19
70 71
72 73
74 75
44 0
21 76
40 43
77 78
79 25
80 33
81 82
83 84
85 86
15 87
88 61
73 41
89 90
69 91
92 93
59 18
94 20
4 95
10 96
97 98
61 76
84 99
100 101
102 103
104 105
106 103
107 108
1 109
110 30
111 112
113 33
114 115
116 117
118 79
119 120
0 121
122 123
124 5
125 126
13 58
124 19
127 110
128 76
129 130
131 5
7 93
0 72
97 132
133 134
135 132
67 136
74 76
137 138
139 140
141 142
143 100
144 145
21 146
78 147
148 34
149 98
73 43
150 103
151 134
152 153
154 155
121 49
156 33
157 78
67 144
92 158
159 160
161 162
163 138
15 25
164 165
166 167
26 45
67 168
169 90
44 54
170 171
4 19
144 172
122 173
174 61
133 175
4 67
40 7
21 176
177 178
179 180
181 182
183 90
184 105
185 186
187 188
189 190
69 95
155 40
55 191
91 19
42 41
192 138
193 84
194 49
110 195
196 90
19 5
197 198
199 57
200 173
82 201
41 202
0 203
26 108
204 34
127 205
44 206
26 207
154 26
152 208
209 182
210 211
47 76
207 158
212 175
213 186
214 5
3 152
117 215
216 19
40 217
53 96
0 217
218 160
184 20
116 106
219 220
114 221
222 223
224 210
225 226
64 227
228 9
74 229
167 230
231 232
233 234
235 37
187 236
237 33
55 103
24 238
118 16
30 103
74 239
23 240
241 4
40 42
60 82
242 243
244 191
240 245
246 198
29 195
247 165
248 126
202 249
250 34
48 103
21 229
118 87
0 251
112 201
13 150
17 103
252 186
176 201
253 100
102 18
254 44
174 82
255 256
257 120
0 258
159 259
260 39
261 262
263 82
39 264
265 5
266 267
268 269
270 209
271 267
56 106
81 61
38 269
23 93
272 198
124 95
273 32
274 201
275 276
277 173
72 203
270 164
212 134
41 42
74 46
0 278
279 34
280 281
282 283
284 285
286 287
288 289
64 98
66 150
67 76
290 100
286 52
211 220
254 291
90 34
292 9
127 30
293 220
58 150
79 16
202 245
19 294
142 285
282 247
66 59
295 296
297 298
263 61
67 82
138 299
278 49
16 103
300 92
301 210
116 57
21 239
302 179
35 303
181 165
304 205
40 202
305 243
56 215
306 198
307 14
9 90
308 87
283 182
1 309
310 311
29 205
117 106
26 312
313 314
315 3
207 316
64 132
0 194
104 20
317 318
215 18
319 71
320 20
72 54
195 18
296 92
138 321
0 49
244 103
149 132
189 322
67 323
324 138
244 18
41 249
159 325
326 281
327 178
266 63
135 98
294 19
286 328
190 322
329 186
200 123
1 330
124 67
