10,11
33,34
33,35
34,33,35
38,39
38,40,351,39
38,40,856,41,929,39
38,40,905,39
38,40,929,39
38,41,856,40,351,39
38,41,856,40,905,39
38,41,929,39
38,41,929,40,351,39
38,41,929,40,905,39
38,40
38,41,856,40
38,41,929,40
38,41
38,92
38,39,351
38,39,905,40,351
38,39,929,41,856,40,351
38,39,929,40,351
38,40,351
38,41,856,40,351
38,41,856,40,905,39,351
38,41,929,39,351
38,41,929,39,905,40,351
38,41,929,40,351
38,664
38,39,351,40,856
38,39,905,40,856
38,39,905,40,929,41,856
38,39,929,41,856
38,39,929,40,856
38,40,856
38,40,929,41,856
38,41,856
38,39,905
38,39,929,40,905
38,40,905
38,41,856,40,905
38,41,929,39,905
38,41,929,40,905
38,39,929
38,40,929
38,41,929
39,38,40
39,38,41,856,40
39,38,41,929,40
39,351,40
39,905,40
39,929,41,856,40
39,929,40
39,38,41
39,351,40,38,41
39,351,40,856,41
39,351,40,929,41
39,905,40,38,41
39,905,40,856,41
39,905,40,929,41
39,929,41
39,38,92
39,351,40,38,92
39,351,40,856,41,38,92
39,351,40,929,41,38,92
39,905,40,38,92
39,905,40,856,41,38,92
39,905,40,929,41,38,92
39,929,41,38,92
39,929,41,856,40,38,92
39,929,40,38,92
39,351
39,905,40,351
39,929,41,856,40,351
39,929,40,351
39,38,664
39,351,40,38,664
39,351,40,856,41,38,664
39,351,40,929,41,38,664
39,905,40,38,664
39,905,40,856,41,38,664
39,905,40,929,41,38,664
39,929,41,38,664
39,929,41,856,40,38,664
39,929,40,38,664
39,38,40,856
39,38,41,856
39,351,40,856
39,905,40,856
39,905,40,929,41,856
39,929,41,856
39,929,40,856
39,905
39,929,40,905
39,929
40,38,41
40,856,41
40,929,41
40,38,92
40,856,41,38,92
40,929,41,38,92
40,351
40,38,664
40,856,41,38,664
40,929,41,38,664
40,856
40,929,41,856
40,905
40,929
41,38,92
41,38,39,351
41,38,39,905,40,351
41,38,40,351
41,856,40,351
41,856,40,905,39,351
41,929,39,351
41,929,39,905,40,351
41,929,40,351
41,38,664
41,856
41,38,39,905
41,38,40,905
41,856,40,905
41,929,39,905
41,929,40,905
41,929
42,7
55,56
55,57
55,58
56,55,57
56,55,58
57,55,58
59,60
59,61,60
59,61
60,61
71,72
71,941,72
71,191
71,458
71,941
71,1009
72,71,191
72,941,71,191
72,71,458
72,941,71,458
72,941
72,71,1009
72,941,71,1009
74,75
74,75,858
74,75,982
74,75,1201
75,858
75,982
75,1201
79,80
79,30,216,217,80
79,30
79,80,217,216
79,30,216
79,80,217
79,30,216,217
79,80,217,121
79,30,216,217,121
79,80,217,227
79,30,216,217,227
79,80,217,228
79,30,216,217,228
80,79,30
80,217,216,30
80,79,30,216
80,217,216
80,217
80,79,30,216,217,121
80,217,121
80,79,30,216,217,227
80,217,227
80,79,30,216,217,228
80,217,228
30,216
30,79,80,217
30,216,217
30,79,80,217,121
30,216,217,121
30,79,80,217,227
30,216,217,227
30,79,80,217,228
30,216,217,228
92,38,39,351
92,38,39,905,40,351
92,38,39,929,41,856,40,351
92,38,39,929,40,351
92,38,40,351
92,38,41,856,40,351
92,38,41,856,40,905,39,351
92,38,41,929,39,351
92,38,41,929,39,905,40,351
92,38,41,929,40,351
92,38,664
92,38,39,351,40,856
92,38,39,905,40,856
92,38,39,905,40,929,41,856
92,38,39,929,41,856
92,38,39,929,40,856
92,38,40,856
92,38,40,929,41,856
92,38,41,856
92,38,39,905
92,38,39,929,40,905
92,38,40,905
92,38,41,856,40,905
92,38,41,929,39,905
92,38,41,929,40,905
92,38,39,929
92,38,40,929
92,38,41,929
99,100
99,101,332,100
99,101,332,102,1031,100
99,101,332,103,1031,100
99,101,1031,100
99,102,332,100
99,102,332,103,1031,100
99,102,1031,100
99,103,332,100
99,103,1031,100
99,101
99,102,332,103,1031,101
99,102,332,101
99,102,1031,101
99,103,332,101
99,103,1031,101
99,102
99,103,332,102
99,103,1031,102
99,103
99,104
99,105,335,104
99,105
99,104,335
99,105,335
99,100,332
99,100,1031,101,332
99,100,1031,102,332
99,100,1031,103,332
99,101,332
99,101,1031,102,332
99,101,1031,103,332
99,102,332
99,102,1031,103,332
99,103,332
99,100,1031
99,101,1031
99,102,1031
99,103,1031
100,99,101
100,99,102,332,103,1031,101
100,99,102,332,101
100,99,102,1031,101
100,99,103,332,101
100,99,103,1031,101
100,332,102,1031,101
100,332,103,1031,101
100,332,101
100,1031,101
100,99,102
100,99,103,332,102
100,99,103,1031,102
100,332,102
100,332,103,1031,102
100,1031,102
100,99,103
100,332,103
100,1031,103
100,99,104
100,99,105,335,104
100,332,102,99,104
100,332,102,99,105,335,104
100,332,102,1031,101,99,104
100,332,102,1031,101,99,105,335,104
100,332,102,1031,103,99,104
100,332,102,1031,103,99,105,335,104
100,332,103,99,104
100,332,103,99,105,335,104
100,332,103,1031,101,99,104
100,332,103,1031,101,99,105,335,104
100,332,101,99,104
100,332,101,99,105,335,104
100,1031,101,99,104
100,1031,101,99,105,335,104
100,1031,102,99,104
100,1031,102,99,105,335,104
100,1031,103,99,104
100,1031,103,99,105,335,104
100,99,105
100,332,102,99,105
100,332,102,1031,101,99,105
100,332,102,1031,103,99,105
100,332,103,99,105
100,332,103,1031,101,99,105
100,332,101,99,105
100,1031,101,99,105
100,1031,102,99,105
100,1031,103,99,105
100,99,104,335
100,99,105,335
100,332,102,99,104,335
100,332,102,99,105,335
100,332,102,1031,101,99,104,335
100,332,102,1031,101,99,105,335
100,332,102,1031,103,99,104,335
100,332,102,1031,103,99,105,335
100,332,103,99,104,335
100,332,103,99,105,335
100,332,103,1031,101,99,104,335
100,332,103,1031,101,99,105,335
100,332,101,99,104,335
100,332,101,99,105,335
100,1031,101,99,104,335
100,1031,101,99,105,335
100,1031,102,99,104,335
100,1031,102,99,105,335
100,1031,103,99,104,335
100,1031,103,99,105,335
100,332
100,1031,101,332
100,1031,102,332
100,1031,103,332
100,1031
101,99,102
101,99,103,332,102
101,99,103,1031,102
101,332,102
101,332,103,1031,102
101,1031,102
101,99,103
101,332,103
101,1031,103
101,99,104
101,99,105,335,104
101,332,102,99,104
101,332,102,99,105,335,104
101,332,102,1031,103,99,104
101,332,102,1031,103,99,105,335,104
101,332,103,99,104
101,332,103,99,105,335,104
101,1031,102,99,104
101,1031,102,99,105,335,104
101,1031,103,99,104
101,1031,103,99,105,335,104
101,99,105
101,332,102,99,105
101,332,102,1031,103,99,105
101,332,103,99,105
101,1031,102,99,105
101,1031,103,99,105
101,99,104,335
101,99,105,335
101,332,102,99,104,335
101,332,102,99,105,335
101,332,102,1031,103,99,104,335
101,332,102,1031,103,99,105,335
101,332,103,99,104,335
101,332,103,99,105,335
101,1031,102,99,104,335
101,1031,102,99,105,335
101,1031,103,99,104,335
101,1031,103,99,105,335
101,332
101,1031,102,332
101,1031,103,332
101,1031
102,99,103
102,332,103
102,1031,103
102,99,104
102,99,105,335,104
102,332,103,99,104
102,332,103,99,105,335,104
102,1031,103,99,104
102,1031,103,99,105,335,104
102,99,105
102,332,103,99,105
102,1031,103,99,105
102,99,104,335
102,99,105,335
102,332,103,99,104,335
102,332,103,99,105,335
102,1031,103,99,104,335
102,1031,103,99,105,335
102,332
102,1031,103,332
102,1031
103,99,104
103,99,105,335,104
103,99,105
103,99,104,335
103,99,105,335
103,332
103,1031
104,99,105
104,335,105
104,335
104,99,100,332
104,99,100,1031,101,332
104,99,100,1031,102,332
104,99,100,1031,103,332
104,99,101,332
104,99,101,1031,102,332
104,99,101,1031,103,332
104,99,102,332
104,99,102,1031,103,332
104,99,103,332
104,335,105,99,100,332
104,335,105,99,100,1031,101,332
104,335,105,99,100,1031,102,332
104,335,105,99,100,1031,103,332
104,335,105,99,101,332
104,335,105,99,101,1031,102,332
104,335,105,99,101,1031,103,332
104,335,105,99,102,332
104,335,105,99,102,1031,103,332
104,335,105,99,103,332
104,99,100,1031
104,99,101,1031
104,99,102,1031
104,99,103,1031
104,335,105,99,100,1031
104,335,105,99,101,1031
104,335,105,99,102,1031
104,335,105,99,103,1031
105,335
105,99,100,332
105,99,100,1031,101,332
105,99,100,1031,102,332
105,99,100,1031,103,332
105,99,101,332
105,99,101,1031,102,332
105,99,101,1031,103,332
105,99,102,332
105,99,102,1031,103,332
105,99,103,332
105,99,100,1031
105,99,101,1031
105,99,102,1031
105,99,103,1031
117,118
119,120
119,120,1046
120,1046
127,128
127,129
127,129,224
127,129,504
127,129,655
127,129,996
128,127,129
128,127,129,224
128,127,129,504
128,127,129,655
128,127,129,996
129,224
129,504
129,655
129,996
138,139
138,139,745
138,139,820
139,745
139,820
151,22
159,160
166,167
184,185
191,71,458
191,71,941
191,71,1009
201,202
201,203
201,203,583
201,202,826
202,201,203
202,201,203,583
202,826
203,583
203,201,202,826
205,206
216,217
216,217,121
216,217,227
216,217,228
217,121
217,227
217,228
218,140
218,448
218,448,447
218,448,447,460
140,218,448
140,218,448,447
140,218,448,447,460
224,129,504
224,129,655
224,129,996
121,217,227
121,217,228
227,217,228
236,237
236,303
236,397,398,499,498,308,307
236,397,398,499,1112,369,367,308,307
236,397,398,499,1112,369,367,214,876,308,307
236,397,398,499,1112,369,876,308,307
236,681,398,499,498,308,307
236,681,398,499,1112,369,367,308,307
236,681,398,499,1112,369,367,214,876,308,307
236,681,398,499,1112,369,876,308,307
236,1112,369,367,308,307
236,1112,369,367,214,876,308,307
236,1112,369,876,308,307
236,1112,499,498,308,307
236,397,398,499,498,308
236,397,398,499,1112,369,367,308
236,397,398,499,1112,369,367,214,876,308
236,397,398,499,1112,369,876,308
236,681,398,499,498,308
236,681,398,499,1112,369,367,308
236,681,398,499,1112,369,367,214,876,308
236,681,398,499,1112,369,876,308
236,1112,369,367,308
236,1112,369,367,214,876,308
236,1112,369,876,308
236,1112,499,498,308
236,397,398,499,498,308,367
236,397,398,499,498,308,876,214,367
236,397,398,499,498,308,876,369,367
236,397,398,499,1112,369,367
236,397,398,499,1112,369,876,308,367
236,397,398,499,1112,369,876,214,367
236,681,398,499,498,308,367
236,681,398,499,498,308,876,214,367
236,681,398,499,498,308,876,369,367
236,681,398,499,1112,369,367
236,681,398,499,1112,369,876,308,367
236,681,398,499,1112,369,876,214,367
236,1112,369,367
236,1112,369,876,308,367
236,1112,369,876,214,367
236,1112,499,498,308,367
236,1112,499,498,308,876,214,367
236,1112,499,498,308,876,369,367
236,397,398,499,498,308,367,214
236,397,398,499,498,308,367,369,876,214
236,397,398,499,498,308,876,214
236,397,398,499,1112,369,367,214
236,397,398,499,1112,369,876,214
236,681,398,499,498,308,367,214
236,681,398,499,498,308,367,369,876,214
236,681,398,499,498,308,876,214
236,681,398,499,1112,369,367,214
236,681,398,499,1112,369,876,214
236,1112,369,367,214
236,1112,369,876,214
236,1112,499,498,308,367,214
236,1112,499,498,308,367,369,876,214
236,1112,499,498,308,876,214
236,397,398,499,498,308,367,368
236,397,398,499,498,308,876,214,367,368
236,397,398,499,498,308,876,369,367,368
236,397,398,499,1112,369,367,368
236,397,398,499,1112,369,876,308,367,368
236,397,398,499,1112,369,876,214,367,368
236,681,398,499,498,308,367,368
236,681,398,499,498,308,876,214,367,368
236,681,398,499,498,308,876,369,367,368
236,681,398,499,1112,369,367,368
236,681,398,499,1112,369,876,308,367,368
236,681,398,499,1112,369,876,214,367,368
236,1112,369,367,368
236,1112,369,876,308,367,368
236,1112,369,876,214,367,368
236,1112,499,498,308,367,368
236,1112,499,498,308,876,214,367,368
236,1112,499,498,308,876,369,367,368
236,397,398,499,498,308,367,369
236,397,398,499,498,308,876,369
236,397,398,499,1112,369
236,681,398,499,498,308,367,369
236,681,398,499,498,308,876,369
236,681,398,499,1112,369
236,1112,369
236,1112,499,498,308,367,369
236,1112,499,498,308,876,369
236,397
236,681,398,397
236,1112,369,367,308,498,499,398,397
236,1112,369,367,214,876,308,498,499,398,397
236,1112,369,876,308,498,499,398,397
236,1112,499,398,397
236,397,398
236,681,398
236,1112,369,367,308,498,499,398
236,1112,369,367,214,876,308,498,499,398
236,1112,369,876,308,498,499,398
236,1112,499,398
236,397,398,499,498
236,681,398,499,498
236,681,398,499,1112,369,367,308,498
236,681,398,499,1112,369,367,214,876,308,498
236,681,398,499,1112,369,876,308,498
236,1112,369,367,308,498
236,1112,369,367,214,876,308,498
236,1112,369,876,308,498
236,1112,499,498
236,397,398,499
236,681,398,499
236,1112,499
236,397,398,499,498,308,541
236,397,398,499,1112,369,367,308,541
236,397,398,499,1112,369,367,214,876,308,541
236,397,398,499,1112,369,876,308,541
236,681,398,499,498,308,541
236,681,398,499,1112,369,367,308,541
236,681,398,499,1112,369,367,214,876,308,541
236,681,398,499,1112,369,876,308,541
236,1112,369,367,308,541
236,1112,369,367,214,876,308,541
236,1112,369,876,308,541
236,1112,499,498,308,541
236,397,398,499,498,308,661
236,397,398,499,1112,369,367,308,661
236,397,398,499,1112,369,367,214,876,308,661
236,397,398,499,1112,369,876,308,661
236,681,398,499,498,308,661
236,681,398,499,1112,369,367,308,661
236,681,398,499,1112,369,367,214,876,308,661
236,681,398,499,1112,369,876,308,661
236,1112,369,367,308,661
236,1112,369,367,214,876,308,661
236,1112,369,876,308,661
236,1112,499,498,308,661
236,681
236,1112,499,398,681
236,397,398,748
236,681,398,748
236,1112,369,367,308,498,499,398,748
236,1112,369,367,214,876,308,498,499,398,748
236,1112,369,876,308,498,499,398,748
236,1112,499,398,748
236,397,398,499,498,308,774
236,397,398,499,1112,369,367,308,774
236,397,398,499,1112,369,367,214,876,308,774
236,397,398,499,1112,369,876,308,774
236,681,398,499,498,308,774
236,681,398,499,1112,369,367,308,774
236,681,398,499,1112,369,367,214,876,308,774
236,681,398,499,1112,369,876,308,774
236,1112,369,367,308,774
236,1112,369,367,214,876,308,774
236,1112,369,876,308,774
236,1112,499,498,308,774
236,397,398,499,498,308,876
236,397,398,499,1112,369,876
236,681,398,499,498,308,876
236,681,398,499,1112,369,876
236,1112,369,876
236,1112,499,498,308,876
236,397,398,499,498,308,367,214,876,877
236,397,398,499,498,308,367,369,876,877
236,397,398,499,498,308,876,877
236,397,398,499,1112,369,367,308,876,877
236,397,398,499,1112,369,367,214,876,877
236,397,398,499,1112,369,876,877
236,681,398,499,498,308,367,214,876,877
236,681,398,499,498,308,367,369,876,877
236,681,398,499,498,308,876,877
236,681,398,499,1112,369,367,308,876,877
236,681,398,499,1112,369,367,214,876,877
236,681,398,499,1112,369,876,877
236,1112,369,367,308,876,877
236,1112,369,367,214,876,877
236,1112,369,876,877
236,1112,499,498,308,367,214,876,877
236,1112,499,498,308,367,369,876,877
236,1112,499,498,308,876,877
236,1112
236,397,398,499,498,308,367,214,876,369,1112,1095
236,397,398,499,498,308,367,369,1112,1095
236,397,398,499,498,308,876,369,1112,1095
236,397,398,499,1112,1095
236,681,398,499,498,308,367,214,876,369,1112,1095
236,681,398,499,498,308,367,369,1112,1095
236,681,398,499,498,308,876,369,1112,1095
236,681,398,499,1112,1095
236,1112,1095
236,397,398,499,498,308,1135
236,397,398,499,1112,369,367,308,1135
236,397,398,499,1112,369,367,214,876,308,1135
236,397,398,499,1112,369,876,308,1135
236,681,398,499,498,308,1135
236,681,398,499,1112,369,367,308,1135
236,681,398,499,1112,369,367,214,876,308,1135
236,681,398,499,1112,369,876,308,1135
236,1112,369,367,308,1135
236,1112,369,367,214,876,308,1135
236,1112,369,876,308,1135
236,1112,499,498,308,1135
237,236,303
237,236,397,398,499,498,308,307
237,236,397,398,499,1112,369,367,308,307
237,236,397,398,499,1112,369,367,214,876,308,307
237,236,397,398,499,1112,369,876,308,307
237,236,681,398,499,498,308,307
237,236,681,398,499,1112,369,367,308,307
237,236,681,398,499,1112,369,367,214,876,308,307
237,236,681,398,499,1112,369,876,308,307
237,236,1112,369,367,308,307
237,236,1112,369,367,214,876,308,307
237,236,1112,369,876,308,307
237,236,1112,499,498,308,307
237,236,397,398,499,498,308
237,236,397,398,499,1112,369,367,308
237,236,397,398,499,1112,369,367,214,876,308
237,236,397,398,499,1112,369,876,308
237,236,681,398,499,498,308
237,236,681,398,499,1112,369,367,308
237,236,681,398,499,1112,369,367,214,876,308
237,236,681,398,499,1112,369,876,308
237,236,1112,369,367,308
237,236,1112,369,367,214,876,308
237,236,1112,369,876,308
237,236,1112,499,498,308
237,236,397,398,499,498,308,367
237,236,397,398,499,498,308,876,214,367
237,236,397,398,499,498,308,876,369,367
237,236,397,398,499,1112,369,367
237,236,397,398,499,1112,369,876,308,367
237,236,397,398,499,1112,369,876,214,367
237,236,681,398,499,498,308,367
237,236,681,398,499,498,308,876,214,367
237,236,681,398,499,498,308,876,369,367
237,236,681,398,499,1112,369,367
237,236,681,398,499,1112,369,876,308,367
237,236,681,398,499,1112,369,876,214,367
237,236,1112,369,367
237,236,1112,369,876,308,367
237,236,1112,369,876,214,367
237,236,1112,499,498,308,367
237,236,1112,499,498,308,876,214,367
237,236,1112,499,498,308,876,369,367
237,236,397,398,499,498,308,367,214
237,236,397,398,499,498,308,367,369,876,214
237,236,397,398,499,498,308,876,214
237,236,397,398,499,1112,369,367,214
237,236,397,398,499,1112,369,876,214
237,236,681,398,499,498,308,367,214
237,236,681,398,499,498,308,367,369,876,214
237,236,681,398,499,498,308,876,214
237,236,681,398,499,1112,369,367,214
237,236,681,398,499,1112,369,876,214
237,236,1112,369,367,214
237,236,1112,369,876,214
237,236,1112,499,498,308,367,214
237,236,1112,499,498,308,367,369,876,214
237,236,1112,499,498,308,876,214
237,236,397,398,499,498,308,367,368
237,236,397,398,499,498,308,876,214,367,368
237,236,397,398,499,498,308,876,369,367,368
237,236,397,398,499,1112,369,367,368
237,236,397,398,499,1112,369,876,308,367,368
237,236,397,398,499,1112,369,876,214,367,368
237,236,681,398,499,498,308,367,368
237,236,681,398,499,498,308,876,214,367,368
237,236,681,398,499,498,308,876,369,367,368
237,236,681,398,499,1112,369,367,368
237,236,681,398,499,1112,369,876,308,367,368
237,236,681,398,499,1112,369,876,214,367,368
237,236,1112,369,367,368
237,236,1112,369,876,308,367,368
237,236,1112,369,876,214,367,368
237,236,1112,499,498,308,367,368
237,236,1112,499,498,308,876,214,367,368
237,236,1112,499,498,308,876,369,367,368
237,236,397,398,499,498,308,367,369
237,236,397,398,499,498,308,876,369
237,236,397,398,499,1112,369
237,236,681,398,499,498,308,367,369
237,236,681,398,499,498,308,876,369
237,236,681,398,499,1112,369
237,236,1112,369
237,236,1112,499,498,308,367,369
237,236,1112,499,498,308,876,369
237,236,397
237,236,681,398,397
237,236,1112,369,367,308,498,499,398,397
237,236,1112,369,367,214,876,308,498,499,398,397
237,236,1112,369,876,308,498,499,398,397
237,236,1112,499,398,397
237,236,397,398
237,236,681,398
237,236,1112,369,367,308,498,499,398
237,236,1112,369,367,214,876,308,498,499,398
237,236,1112,369,876,308,498,499,398
237,236,1112,499,398
237,236,397,398,499,498
237,236,681,398,499,498
237,236,681,398,499,1112,369,367,308,498
237,236,681,398,499,1112,369,367,214,876,308,498
237,236,681,398,499,1112,369,876,308,498
237,236,1112,369,367,308,498
237,236,1112,369,367,214,876,308,498
237,236,1112,369,876,308,498
237,236,1112,499,498
237,236,397,398,499
237,236,681,398,499
237,236,1112,499
237,236,397,398,499,498,308,541
237,236,397,398,499,1112,369,367,308,541
237,236,397,398,499,1112,369,367,214,876,308,541
237,236,397,398,499,1112,369,876,308,541
237,236,681,398,499,498,308,541
237,236,681,398,499,1112,369,367,308,541
237,236,681,398,499,1112,369,367,214,876,308,541
237,236,681,398,499,1112,369,876,308,541
237,236,1112,369,367,308,541
237,236,1112,369,367,214,876,308,541
237,236,1112,369,876,308,541
237,236,1112,499,498,308,541
237,236,397,398,499,498,308,661
237,236,397,398,499,1112,369,367,308,661
237,236,397,398,499,1112,369,367,214,876,308,661
237,236,397,398,499,1112,369,876,308,661
237,236,681,398,499,498,308,661
237,236,681,398,499,1112,369,367,308,661
237,236,681,398,499,1112,369,367,214,876,308,661
237,236,681,398,499,1112,369,876,308,661
237,236,1112,369,367,308,661
237,236,1112,369,367,214,876,308,661
237,236,1112,369,876,308,661
237,236,1112,499,498,308,661
237,236,681
237,236,1112,499,398,681
237,236,397,398,748
237,236,681,398,748
237,236,1112,369,367,308,498,499,398,748
237,236,1112,369,367,214,876,308,498,499,398,748
237,236,1112,369,876,308,498,499,398,748
237,236,1112,499,398,748
237,236,397,398,499,498,308,774
237,236,397,398,499,1112,369,367,308,774
237,236,397,398,499,1112,369,367,214,876,308,774
237,236,397,398,499,1112,369,876,308,774
237,236,681,398,499,498,308,774
237,236,681,398,499,1112,369,367,308,774
237,236,681,398,499,1112,369,367,214,876,308,774
237,236,681,398,499,1112,369,876,308,774
237,236,1112,369,367,308,774
237,236,1112,369,367,214,876,308,774
237,236,1112,369,876,308,774
237,236,1112,499,498,308,774
237,236,397,398,499,498,308,876
237,236,397,398,499,1112,369,876
237,236,681,398,499,498,308,876
237,236,681,398,499,1112,369,876
237,236,1112,369,876
237,236,1112,499,498,308,876
237,236,397,398,499,498,308,367,214,876,877
237,236,397,398,499,498,308,367,369,876,877
237,236,397,398,499,498,308,876,877
237,236,397,398,499,1112,369,367,308,876,877
237,236,397,398,499,1112,369,367,214,876,877
237,236,397,398,499,1112,369,876,877
237,236,681,398,499,498,308,367,214,876,877
237,236,681,398,499,498,308,367,369,876,877
237,236,681,398,499,498,308,876,877
237,236,681,398,499,1112,369,367,308,876,877
237,236,681,398,499,1112,369,367,214,876,877
237,236,681,398,499,1112,369,876,877
237,236,1112,369,367,308,876,877
237,236,1112,369,367,214,876,877
237,236,1112,369,876,877
237,236,1112,499,498,308,367,214,876,877
237,236,1112,499,498,308,367,369,876,877
237,236,1112,499,498,308,876,877
237,236,1112
237,236,397,398,499,498,308,367,214,876,369,1112,1095
237,236,397,398,499,498,308,367,369,1112,1095
237,236,397,398,499,498,308,876,369,1112,1095
237,236,397,398,499,1112,1095
237,236,681,398,499,498,308,367,214,876,369,1112,1095
237,236,681,398,499,498,308,367,369,1112,1095
237,236,681,398,499,498,308,876,369,1112,1095
237,236,681,398,499,1112,1095
237,236,1112,1095
237,236,397,398,499,498,308,1135
237,236,397,398,499,1112,369,367,308,1135
237,236,397,398,499,1112,369,367,214,876,308,1135
237,236,397,398,499,1112,369,876,308,1135
237,236,681,398,499,498,308,1135
237,236,681,398,499,1112,369,367,308,1135
237,236,681,398,499,1112,369,367,214,876,308,1135
237,236,681,398,499,1112,369,876,308,1135
237,236,1112,369,367,308,1135
237,236,1112,369,367,214,876,308,1135
237,236,1112,369,876,308,1135
237,236,1112,499,498,308,1135
252,253
252,254
252,255
252,256
252,257
252,255,64
252,254,788
252,817
252,847
253,252,254
253,252,255
253,252,256
253,252,257
253,252,255,64
253,252,254,788
253,252,817
253,252,847
254,252,255
254,252,256
254,252,257
254,252,255,64
254,788
254,252,817
254,252,847
255,252,256
255,252,257
255,64
255,252,254,788
255,252,817
255,252,847
256,252,257
256,252,255,64
256,252,254,788
256,252,817
256,252,847
257,252,255,64
257,252,254,788
257,252,817
257,252,847
270,271
270,272,628,271
270,272,273,735,271
270,272,273,1124,271
270,273,735,271
270,273,1124,271
270,273,272,628,271
270,272
270,273,735,271,628,272
270,273,1124,271,628,272
270,273,272
270,273
270,271,628
270,272,628
270,273,735,271,628
270,273,1124,271,628
270,273,272,628
270,271,628,272,691
270,271,735,273,272,691
270,271,1124,273,272,691
270,272,691
270,273,735,271,628,272,691
270,273,1124,271,628,272,691
270,273,272,691
270,271,735
270,271,1124,273,735
270,272,628,271,735
270,272,628,271,1124,273,735
270,272,273,735
270,272,273,1124,271,735
270,273,735
270,918
270,271,1124
270,272,628,271,1124
270,272,273,1124
270,273,1124
270,271,628,272,273,892
270,271,735,273,892
270,271,1124,273,892
270,272,628,271,735,273,892
270,272,628,271,1124,273,892
270,272,273,892
270,273,892
271,270,272
271,270,273,272
271,628,272
271,735,273,272
271,1124,273,272
271,270,273
271,628,272,273
271,735,273
271,1124,273
271,628
271,735,273,272,628
271,1124,273,272,628
271,270,272,691
271,270,273,272,691
271,628,272,691
271,735,273,272,691
271,1124,273,272,691
271,735
271,1124,273,735
271,270,918
271,628,272,270,918
271,628,272,273,270,918
271,735,273,270,918
271,735,273,272,270,918
271,1124,273,270,918
271,1124,273,272,270,918
271,1124
271,270,272,273,892
271,270,273,892
271,628,272,273,892
271,735,273,892
271,1124,273,892
272,273
272,628
272,691
272,270,271,735
272,628,271,735
272,628,271,1124,273,735
272,273,735
272,273,1124,271,735
272,270,918
272,628,271,735,273,270,918
272,628,271,1124,273,270,918
272,273,270,918
272,270,271,1124
272,628,271,1124
272,273,1124
272,270,271,735,273,892
272,270,271,1124,273,892
272,628,271,735,273,892
272,628,271,1124,273,892
272,273,892
273,270,271,628
273,735,271,628
273,1124,271,628
273,272,628
273,270,271,628,272,691
273,735,271,628,272,691
273,1124,271,628,272,691
273,272,691
273,735
273,270,918
273,1124
273,892
290,291
303,236,397,398,499,498,308,307
303,236,397,398,499,1112,369,367,308,307
303,236,397,398,499,1112,369,367,214,876,308,307
303,236,397,398,499,1112,369,876,308,307
303,236,681,398,499,498,308,307
303,236,681,398,499,1112,369,367,308,307
303,236,681,398,499,1112,369,367,214,876,308,307
303,236,681,398,499,1112,369,876,308,307
303,236,1112,369,367,308,307
303,236,1112,369,367,214,876,308,307
303,236,1112,369,876,308,307
303,236,1112,499,498,308,307
303,236,397,398,499,498,308
303,236,397,398,499,1112,369,367,308
303,236,397,398,499,1112,369,367,214,876,308
303,236,397,398,499,1112,369,876,308
303,236,681,398,499,498,308
303,236,681,398,499,1112,369,367,308
303,236,681,398,499,1112,369,367,214,876,308
303,236,681,398,499,1112,369,876,308
303,236,1112,369,367,308
303,236,1112,369,367,214,876,308
303,236,1112,369,876,308
303,236,1112,499,498,308
303,236,397,398,499,498,308,367
303,236,397,398,499,498,308,876,214,367
303,236,397,398,499,498,308,876,369,367
303,236,397,398,499,1112,369,367
303,236,397,398,499,1112,369,876,308,367
303,236,397,398,499,1112,369,876,214,367
303,236,681,398,499,498,308,367
303,236,681,398,499,498,308,876,214,367
303,236,681,398,499,498,308,876,369,367
303,236,681,398,499,1112,369,367
303,236,681,398,499,1112,369,876,308,367
303,236,681,398,499,1112,369,876,214,367
303,236,1112,369,367
303,236,1112,369,876,308,367
303,236,1112,369,876,214,367
303,236,1112,499,498,308,367
303,236,1112,499,498,308,876,214,367
303,236,1112,499,498,308,876,369,367
303,236,397,398,499,498,308,367,214
303,236,397,398,499,498,308,367,369,876,214
303,236,397,398,499,498,308,876,214
303,236,397,398,499,1112,369,367,214
303,236,397,398,499,1112,369,876,214
303,236,681,398,499,498,308,367,214
303,236,681,398,499,498,308,367,369,876,214
303,236,681,398,499,498,308,876,214
303,236,681,398,499,1112,369,367,214
303,236,681,398,499,1112,369,876,214
303,236,1112,369,367,214
303,236,1112,369,876,214
303,236,1112,499,498,308,367,214
303,236,1112,499,498,308,367,369,876,214
303,236,1112,499,498,308,876,214
303,236,397,398,499,498,308,367,368
303,236,397,398,499,498,308,876,214,367,368
303,236,397,398,499,498,308,876,369,367,368
303,236,397,398,499,1112,369,367,368
303,236,397,398,499,1112,369,876,308,367,368
303,236,397,398,499,1112,369,876,214,367,368
303,236,681,398,499,498,308,367,368
303,236,681,398,499,498,308,876,214,367,368
303,236,681,398,499,498,308,876,369,367,368
303,236,681,398,499,1112,369,367,368
303,236,681,398,499,1112,369,876,308,367,368
303,236,681,398,499,1112,369,876,214,367,368
303,236,1112,369,367,368
303,236,1112,369,876,308,367,368
303,236,1112,369,876,214,367,368
303,236,1112,499,498,308,367,368
303,236,1112,499,498,308,876,214,367,368
303,236,1112,499,498,308,876,369,367,368
303,236,397,398,499,498,308,367,369
303,236,397,398,499,498,308,876,369
303,236,397,398,499,1112,369
303,236,681,398,499,498,308,367,369
303,236,681,398,499,498,308,876,369
303,236,681,398,499,1112,369
303,236,1112,369
303,236,1112,499,498,308,367,369
303,236,1112,499,498,308,876,369
303,236,397
303,236,681,398,397
303,236,1112,369,367,308,498,499,398,397
303,236,1112,369,367,214,876,308,498,499,398,397
303,236,1112,369,876,308,498,499,398,397
303,236,1112,499,398,397
303,236,397,398
303,236,681,398
303,236,1112,369,367,308,498,499,398
303,236,1112,369,367,214,876,308,498,499,398
303,236,1112,369,876,308,498,499,398
303,236,1112,499,398
303,236,397,398,499,498
303,236,681,398,499,498
303,236,681,398,499,1112,369,367,308,498
303,236,681,398,499,1112,369,367,214,876,308,498
303,236,681,398,499,1112,369,876,308,498
303,236,1112,369,367,308,498
303,236,1112,369,367,214,876,308,498
303,236,1112,369,876,308,498
303,236,1112,499,498
303,236,397,398,499
303,236,681,398,499
303,236,1112,499
303,236,397,398,499,498,308,541
303,236,397,398,499,1112,369,367,308,541
303,236,397,398,499,1112,369,367,214,876,308,541
303,236,397,398,499,1112,369,876,308,541
303,236,681,398,499,498,308,541
303,236,681,398,499,1112,369,367,308,541
303,236,681,398,499,1112,369,367,214,876,308,541
303,236,681,398,499,1112,369,876,308,541
303,236,1112,369,367,308,541
303,236,1112,369,367,214,876,308,541
303,236,1112,369,876,308,541
303,236,1112,499,498,308,541
303,236,397,398,499,498,308,661
303,236,397,398,499,1112,369,367,308,661
303,236,397,398,499,1112,369,367,214,876,308,661
303,236,397,398,499,1112,369,876,308,661
303,236,681,398,499,498,308,661
303,236,681,398,499,1112,369,367,308,661
303,236,681,398,499,1112,369,367,214,876,308,661
303,236,681,398,499,1112,369,876,308,661
303,236,1112,369,367,308,661
303,236,1112,369,367,214,876,308,661
303,236,1112,369,876,308,661
303,236,1112,499,498,308,661
303,236,681
303,236,1112,499,398,681
303,236,397,398,748
303,236,681,398,748
303,236,1112,369,367,308,498,499,398,748
303,236,1112,369,367,214,876,308,498,499,398,748
303,236,1112,369,876,308,498,499,398,748
303,236,1112,499,398,748
303,236,397,398,499,498,308,774
303,236,397,398,499,1112,369,367,308,774
303,236,397,398,499,1112,369,367,214,876,308,774
303,236,397,398,499,1112,369,876,308,774
303,236,681,398,499,498,308,774
303,236,681,398,499,1112,369,367,308,774
303,236,681,398,499,1112,369,367,214,876,308,774
303,236,681,398,499,1112,369,876,308,774
303,236,1112,369,367,308,774
303,236,1112,369,367,214,876,308,774
303,236,1112,369,876,308,774
303,236,1112,499,498,308,774
303,236,397,398,499,498,308,876
303,236,397,398,499,1112,369,876
303,236,681,398,499,498,308,876
303,236,681,398,499,1112,369,876
303,236,1112,369,876
303,236,1112,499,498,308,876
303,236,397,398,499,498,308,367,214,876,877
303,236,397,398,499,498,308,367,369,876,877
303,236,397,398,499,498,308,876,877
303,236,397,398,499,1112,369,367,308,876,877
303,236,397,398,499,1112,369,367,214,876,877
303,236,397,398,499,1112,369,876,877
303,236,681,398,499,498,308,367,214,876,877
303,236,681,398,499,498,308,367,369,876,877
303,236,681,398,499,498,308,876,877
303,236,681,398,499,1112,369,367,308,876,877
303,236,681,398,499,1112,369,367,214,876,877
303,236,681,398,499,1112,369,876,877
303,236,1112,369,367,308,876,877
303,236,1112,369,367,214,876,877
303,236,1112,369,876,877
303,236,1112,499,498,308,367,214,876,877
303,236,1112,499,498,308,367,369,876,877
303,236,1112,499,498,308,876,877
303,236,1112
303,236,397,398,499,498,308,367,214,876,369,1112,1095
303,236,397,398,499,498,308,367,369,1112,1095
303,236,397,398,499,498,308,876,369,1112,1095
303,236,397,398,499,1112,1095
303,236,681,398,499,498,308,367,214,876,369,1112,1095
303,236,681,398,499,498,308,367,369,1112,1095
303,236,681,398,499,498,308,876,369,1112,1095
303,236,681,398,499,1112,1095
303,236,1112,1095
303,236,397,398,499,498,308,1135
303,236,397,398,499,1112,369,367,308,1135
303,236,397,398,499,1112,369,367,214,876,308,1135
303,236,397,398,499,1112,369,876,308,1135
303,236,681,398,499,498,308,1135
303,236,681,398,499,1112,369,367,308,1135
303,236,681,398,499,1112,369,367,214,876,308,1135
303,236,681,398,499,1112,369,876,308,1135
303,236,1112,369,367,308,1135
303,236,1112,369,367,214,876,308,1135
303,236,1112,369,876,308,1135
303,236,1112,499,498,308,1135
307,308
307,308,367
307,308,498,499,1112,369,367
307,308,498,499,1112,369,876,214,367
307,308,498,499,398,397,236,1112,369,367
307,308,498,499,398,397,236,1112,369,876,214,367
307,308,498,499,398,681,236,1112,369,367
307,308,498,499,398,681,236,1112,369,876,214,367
307,308,876,214,367
307,308,876,369,367
307,308,367,214
307,308,367,369,876,214
307,308,498,499,1112,369,367,214
307,308,498,499,1112,369,876,214
307,308,498,499,398,397,236,1112,369,367,214
307,308,498,499,398,397,236,1112,369,876,214
307,308,498,499,398,681,236,1112,369,367,214
307,308,498,499,398,681,236,1112,369,876,214
307,308,876,214
307,308,367,368
307,308,498,499,1112,369,367,368
307,308,498,499,1112,369,876,214,367,368
307,308,498,499,398,397,236,1112,369,367,368
307,308,498,499,398,397,236,1112,369,876,214,367,368
307,308,498,499,398,681,236,1112,369,367,368
307,308,498,499,398,681,236,1112,369,876,214,367,368
307,308,876,214,367,368
307,308,876,369,367,368
307,308,367,369
307,308,498,499,1112,369
307,308,498,499,398,397,236,1112,369
307,308,498,499,398,681,236,1112,369
307,308,876,369
307,308,367,214,876,369,1112,236,397
307,308,367,214,876,369,1112,236,681,398,397
307,308,367,214,876,369,1112,499,398,397
307,308,367,214,876,369,1112,499,398,681,236,397
307,308,367,369,1112,236,397
307,308,367,369,1112,236,681,398,397
307,308,367,369,1112,499,398,397
307,308,367,369,1112,499,398,681,236,397
307,308,498,499,1112,236,397
307,308,498,499,1112,236,681,398,397
307,308,498,499,398,397
307,308,498,499,398,681,236,397
307,308,876,369,1112,236,397
307,308,876,369,1112,236,681,398,397
307,308,876,369,1112,499,398,397
307,308,876,369,1112,499,398,681,236,397
307,308,367,214,876,369,1112,236,397,398
307,308,367,214,876,369,1112,236,681,398
307,308,367,214,876,369,1112,499,398
307,308,367,369,1112,236,397,398
307,308,367,369,1112,236,681,398
307,308,367,369,1112,499,398
307,308,498,499,1112,236,397,398
307,308,498,499,1112,236,681,398
307,308,498,499,398
307,308,876,369,1112,236,397,398
307,308,876,369,1112,236,681,398
307,308,876,369,1112,499,398
307,308,498
307,308,876,369,1112,236,397,398,499,498
307,308,876,369,1112,236,681,398,499,498
307,308,876,369,1112,499,498
307,308,367,214,876,369,1112,499
307,308,367,369,1112,499
307,308,498,499
307,308,876,369,1112,499
307,308,541
307,308,661
307,308,367,214,876,369,1112,236,681
307,308,367,214,876,369,1112,499,398,681
307,308,367,369,1112,236,681
307,308,367,369,1112,499,398,681
307,308,498,499,1112,236,681
307,308,498,499,398,681
307,308,876,369,1112,236,681
307,308,876,369,1112,499,398,681
307,308,367,214,876,369,1112,236,397,398,748
307,308,367,214,876,369,1112,236,681,398,748
307,308,367,214,876,369,1112,499,398,748
307,308,367,369,1112,236,397,398,748
307,308,367,369,1112,236,681,398,748
307,308,367,369,1112,499,398,748
307,308,498,499,1112,236,397,398,748
307,308,498,499,1112,236,681,398,748
307,308,498,499,398,748
307,308,876,369,1112,236,397,398,748
307,308,876,369,1112,236,681,398,748
307,308,876,369,1112,499,398,748
307,308,774
307,308,876
307,308,367,214,876,877
307,308,367,369,876,877
307,308,498,499,1112,369,367,214,876,877
307,308,498,499,1112,369,876,877
307,308,498,499,398,397,236,1112,369,367,214,876,877
307,308,498,499,398,397,236,1112,369,876,877
307,308,498,499,398,681,236,1112,369,367,214,876,877
307,308,498,499,398,681,236,1112,369,876,877
307,308,876,877
307,308,367,214,876,369,1112
307,308,367,369,1112
307,308,498,499,1112
307,308,876,369,1112
307,308,367,214,876,369,1112,1095
307,308,367,369,1112,1095
307,308,498,499,1112,1095
307,308,498,499,398,397,236,1112,1095
307,308,498,499,398,681,236,1112,1095
307,308,876,369,1112,1095
307,308,1135
308,367
308,498,499,1112,369,367
308,498,499,1112,369,876,214,367
308,876,214,367
308,876,369,367
308,367,214
308,367,369,876,214
308,498,499,1112,369,367,214
308,498,499,1112,369,876,214
308,498,499,398,397,236,1112,369,367,214
308,498,499,398,397,236,1112,369,876,214
308,498,499,398,681,236,1112,369,367,214
308,498,499,398,681,236,1112,369,876,214
308,876,214
308,367,368
308,498,499,1112,369,367,368
308,498,499,1112,369,876,214,367,368
308,498,499,398,397,236,1112,369,367,368
308,498,499,398,397,236,1112,369,876,214,367,368
308,498,499,398,681,236,1112,369,367,368
308,498,499,398,681,236,1112,369,876,214,367,368
308,876,214,367,368
308,876,369,367,368
308,367,369
308,498,499,1112,369
308,498,499,398,397,236,1112,369
308,498,499,398,681,236,1112,369
308,876,369
308,367,214,876,369,1112,236,397
308,367,214,876,369,1112,236,681,398,397
308,367,214,876,369,1112,499,398,397
308,367,214,876,369,1112,499,398,681,236,397
308,367,369,1112,236,397
308,367,369,1112,236,681,398,397
308,367,369,1112,499,398,397
308,367,369,1112,499,398,681,236,397
308,498,499,1112,236,397
308,498,499,1112,236,681,398,397
308,498,499,398,397
308,498,499,398,681,236,397
308,876,369,1112,236,397
308,876,369,1112,236,681,398,397
308,876,369,1112,499,398,397
308,876,369,1112,499,398,681,236,397
308,367,214,876,369,1112,236,397,398
308,367,214,876,369,1112,236,681,398
308,367,214,876,369,1112,499,398
308,367,369,1112,236,397,398
308,367,369,1112,236,681,398
308,367,369,1112,499,398
308,498,499,1112,236,397,398
308,498,499,1112,236,681,398
308,498,499,398
308,876,369,1112,236,397,398
308,876,369,1112,236,681,398
308,876,369,1112,499,398
308,498
308,876,369,1112,499,498
308,367,214,876,369,1112,499
308,367,369,1112,499
308,498,499
308,876,369,1112,499
308,541
308,661
308,367,214,876,369,1112,236,681
308,367,214,876,369,1112,499,398,681
308,367,369,1112,236,681
308,367,369,1112,499,398,681
308,498,499,1112,236,681
308,498,499,398,681
308,876,369,1112,236,681
308,876,369,1112,499,398,681
308,367,214,876,369,1112,236,397,398,748
308,367,214,876,369,1112,236,681,398,748
308,367,214,876,369,1112,499,398,748
308,367,369,1112,236,397,398,748
308,367,369,1112,236,681,398,748
308,367,369,1112,499,398,748
308,498,499,1112,236,397,398,748
308,498,499,1112,236,681,398,748
308,498,499,398,748
308,876,369,1112,236,397,398,748
308,876,369,1112,236,681,398,748
308,876,369,1112,499,398,748
308,774
308,876
308,367,214,876,877
308,367,369,876,877
308,498,499,1112,369,367,214,876,877
308,498,499,1112,369,876,877
308,498,499,398,397,236,1112,369,367,214,876,877
308,498,499,398,397,236,1112,369,876,877
308,498,499,398,681,236,1112,369,367,214,876,877
308,498,499,398,681,236,1112,369,876,877
308,876,877
308,367,214,876,369,1112
308,367,369,1112
308,498,499,1112
308,876,369,1112
308,367,214,876,369,1112,1095
308,367,369,1112,1095
308,498,499,1112,1095
308,498,499,398,397,236,1112,1095
308,498,499,398,681,236,1112,1095
308,876,369,1112,1095
308,1135
317,318
317,319,318
317,319,451,534,318
317,319,451,318
317,319,451,543,542,318
317,319,451,543,544,318
317,319,451,543,645,318
317,319
317,318,534,451
317,318,542,543,451
317,318,544,543,451
317,318,645,543,451
317,318,451
317,319,451
317,318,534
317,318,542,543,451,534
317,318,544,543,451,534
317,318,645,543,451,534
317,319,318,534
317,319,318,542,543,451,534
317,319,318,544,543,451,534
317,319,318,645,543,451,534
317,319,451,534
317,318,542
317,318,544,543,542
317,318,645,543,542
317,319,318,542
317,319,318,544,543,542
317,319,318,645,543,542
317,319,451,534,318,542
317,319,451,534,318,544,543,542
317,319,451,534,318,645,543,542
317,319,451,318,542
317,319,451,318,544,543,542
317,319,451,318,645,543,542
317,319,451,543,542
317,318,319,451,543
317,318,534,451,543
317,318,542,543
317,318,544,543
317,318,645,543
317,318,451,543
317,319,318,534,451,543
317,319,318,542,543
317,319,318,544,543
317,319,318,645,543
317,319,451,543
317,318,544
317,318,645,543,544
317,319,318,544
317,319,318,645,543,544
317,319,451,534,318,544
317,319,451,534,318,645,543,544
317,319,451,318,544
317,319,451,318,645,543,544
317,319,451,543,544
317,318,617
317,319,318,617
317,319,451,534,318,617
317,319,451,318,617
317,319,451,543,542,318,617
317,319,451,543,544,318,617
317,319,451,543,645,318,617
317,318,645
317,319,318,645
317,319,451,534,318,645
317,319,451,318,645
317,319,451,543,645
317,318,773
317,319,318,773
317,319,451,534,318,773
317,319,451,318,773
317,319,451,543,542,318,773
317,319,451,543,544,318,773
317,319,451,543,645,318,773
317,318,784
317,319,318,784
317,319,451,534,318,784
317,319,451,318,784
317,319,451,543,542,318,784
317,319,451,543,544,318,784
317,319,451,543,645,318,784
317,318,1043
317,319,318,1043
317,319,451,534,318,1043
317,319,451,318,1043
317,319,451,543,542,318,1043
317,319,451,543,544,318,1043
317,319,451,543,645,318,1043
318,319
318,534,451,319
318,542,543,451,319
318,544,543,451,319
318,645,543,451,319
318,451,319
318,534,451
318,542,543,451
318,544,543,451
318,645,543,451
318,451
318,534
318,542,543,451,534
318,544,543,451,534
318,645,543,451,534
318,542
318,544,543,542
318,645,543,542
318,319,451,543
318,534,451,543
318,542,543
318,544,543
318,645,543
318,451,543
318,544
318,645,543,544
318,617
318,645
318,773
318,784
318,1043
319,451
319,318,534
319,318,542,543,451,534
319,318,544,543,451,534
319,318,645,543,451,534
319,451,534
319,318,542
319,318,544,543,542
319,318,645,543,542
319,451,534,318,542
319,451,534,318,544,543,542
319,451,534,318,645,543,542
319,451,318,542
319,451,318,544,543,542
319,451,318,645,543,542
319,451,543,542
319,318,534,451,543
319,318,542,543
319,318,544,543
319,318,645,543
319,451,543
319,318,544
319,318,645,543,544
319,451,534,318,544
319,451,534,318,645,543,544
319,451,318,544
319,451,318,645,543,544
319,451,543,544
319,318,617
319,451,534,318,617
319,451,318,617
319,451,543,542,318,617
319,451,543,544,318,617
319,451,543,645,318,617
319,318,645
319,451,534,318,645
319,451,318,645
319,451,543,645
319,318,773
319,451,534,318,773
319,451,318,773
319,451,543,542,318,773
319,451,543,544,318,773
319,451,543,645,318,773
319,318,784
319,451,534,318,784
319,451,318,784
319,451,543,542,318,784
319,451,543,544,318,784
319,451,543,645,318,784
319,318,1043
319,451,534,318,1043
319,451,318,1043
319,451,543,542,318,1043
319,451,543,544,318,1043
319,451,543,645,318,1043
323,324
335,105,99,100,332
335,105,99,100,1031,101,332
335,105,99,100,1031,102,332
335,105,99,100,1031,103,332
335,105,99,101,332
335,105,99,101,1031,102,332
335,105,99,101,1031,103,332
335,105,99,102,332
335,105,99,102,1031,103,332
335,105,99,103,332
335,104,99,100,332
335,104,99,100,1031,101,332
335,104,99,100,1031,102,332
335,104,99,100,1031,103,332
335,104,99,101,332
335,104,99,101,1031,102,332
335,104,99,101,1031,103,332
335,104,99,102,332
335,104,99,102,1031,103,332
335,104,99,103,332
335,105,99,100,1031
335,105,99,101,1031
335,105,99,102,1031
335,105,99,103,1031
335,104,99,100,1031
335,104,99,101,1031
335,104,99,102,1031
335,104,99,103,1031
340,341
340,342
340,342,771
340,342,771,770
340,341,992
341,340,342
341,340,342,771
341,340,342,771,770
341,992
342,771
342,771,770
342,340,341,992
349,350
351,39,38,664
351,39,905,40,38,664
351,39,905,40,856,41,38,664
351,39,905,40,929,41,38,664
351,39,929,41,38,664
351,39,929,41,856,40,38,664
351,39,929,40,38,664
351,40,38,664
351,40,856,41,38,664
351,40,929,41,38,664
351,39,38,41,856
351,39,905,40,856
351,39,905,40,929,41,856
351,39,929,41,856
351,39,929,40,856
351,40,856
351,40,929,41,856
351,39,905
351,39,929,40,905
351,40,905
351,39,929
351,40,929
354,355
354,46,931,355
354,46,990,355
354,46
354,355,931
354,355,990,46,931
354,46,931
354,355,990
354,46,990
355,354,46
355,931,46
355,990,46
355,931
355,990,46,931
355,990
46,931
46,990
359,360
332,100,1031
332,102,1031
332,103,1031
332,101,1031
363,364
363,364,1170
364,1170
367,214
367,369,876,214
367,368
367,369
367,308,498,499,1112,236,397
367,308,498,499,1112,236,681,398,397
367,308,498,499,398,397
367,308,498,499,398,681,236,397
367,308,876,369,1112,236,397
367,308,876,369,1112,236,681,398,397
367,308,876,369,1112,499,398,397
367,308,876,369,1112,499,398,681,236,397
367,214,876,308,498,499,1112,236,397
367,214,876,308,498,499,1112,236,681,398,397
367,214,876,308,498,499,398,397
367,214,876,308,498,499,398,681,236,397
367,214,876,369,1112,236,397
367,214,876,369,1112,236,681,398,397
367,214,876,369,1112,499,398,397
367,214,876,369,1112,499,398,681,236,397
367,369,876,308,498,499,1112,236,397
367,369,876,308,498,499,1112,236,681,398,397
367,369,876,308,498,499,398,397
367,369,876,308,498,499,398,681,236,397
367,369,1112,236,397
367,369,1112,236,681,398,397
367,369,1112,499,398,397
367,369,1112,499,398,681,236,397
367,308,498,499,1112,236,397,398
367,308,498,499,1112,236,681,398
367,308,498,499,398
367,308,876,369,1112,236,397,398
367,308,876,369,1112,236,681,398
367,308,876,369,1112,499,398
367,214,876,308,498,499,1112,236,397,398
367,214,876,308,498,499,1112,236,681,398
367,214,876,308,498,499,398
367,214,876,369,1112,236,397,398
367,214,876,369,1112,236,681,398
367,214,876,369,1112,499,398
367,369,876,308,498,499,1112,236,397,398
367,369,876,308,498,499,1112,236,681,398
367,369,876,308,498,499,398
367,369,1112,236,397,398
367,369,1112,236,681,398
367,369,1112,499,398
367,308,498
367,308,876,369,1112,499,498
367,214,876,308,498
367,214,876,369,1112,236,397,398,499,498
367,214,876,369,1112,236,681,398,499,498
367,214,876,369,1112,499,498
367,369,876,308,498
367,369,1112,236,397,398,499,498
367,369,1112,236,681,398,499,498
367,369,1112,499,498
367,308,498,499
367,308,876,369,1112,499
367,214,876,308,498,499
367,214,876,369,1112,499
367,369,876,308,498,499
367,369,1112,499
367,308,541
367,214,876,308,541
367,214,876,369,1112,236,397,398,499,498,308,541
367,214,876,369,1112,236,681,398,499,498,308,541
367,214,876,369,1112,499,498,308,541
367,369,876,308,541
367,369,1112,236,397,398,499,498,308,541
367,369,1112,236,681,398,499,498,308,541
367,369,1112,499,498,308,541
367,308,661
367,214,876,308,661
367,214,876,369,1112,236,397,398,499,498,308,661
367,214,876,369,1112,236,681,398,499,498,308,661
367,214,876,369,1112,499,498,308,661
367,369,876,308,661
367,369,1112,236,397,398,499,498,308,661
367,369,1112,236,681,398,499,498,308,661
367,369,1112,499,498,308,661
367,308,498,499,1112,236,681
367,308,498,499,398,681
367,308,876,369,1112,236,681
367,308,876,369,1112,499,398,681
367,214,876,308,498,499,1112,236,681
367,214,876,308,498,499,398,681
367,214,876,369,1112,236,681
367,214,876,369,1112,499,398,681
367,369,876,308,498,499,1112,236,681
367,369,876,308,498,499,398,681
367,369,1112,236,681
367,369,1112,499,398,681
367,308,498,499,1112,236,397,398,748
367,308,498,499,1112,236,681,398,748
367,308,498,499,398,748
367,308,876,369,1112,236,397,398,748
367,308,876,369,1112,236,681,398,748
367,308,876,369,1112,499,398,748
367,214,876,308,498,499,1112,236,397,398,748
367,214,876,308,498,499,1112,236,681,398,748
367,214,876,308,498,499,398,748
367,214,876,369,1112,236,397,398,748
367,214,876,369,1112,236,681,398,748
367,214,876,369,1112,499,398,748
367,369,876,308,498,499,1112,236,397,398,748
367,369,876,308,498,499,1112,236,681,398,748
367,369,876,308,498,499,398,748
367,369,1112,236,397,398,748
367,369,1112,236,681,398,748
367,369,1112,499,398,748
367,308,774
367,214,876,308,774
367,214,876,369,1112,236,397,398,499,498,308,774
367,214,876,369,1112,236,681,398,499,498,308,774
367,214,876,369,1112,499,498,308,774
367,369,876,308,774
367,369,1112,236,397,398,499,498,308,774
367,369,1112,236,681,398,499,498,308,774
367,369,1112,499,498,308,774
367,308,876
367,214,876
367,369,876
367,308,498,499,1112,369,876,877
367,308,498,499,398,397,236,1112,369,876,877
367,308,498,499,398,681,236,1112,369,876,877
367,308,876,877
367,214,876,877
367,369,876,877
367,308,498,499,1112
367,308,876,369,1112
367,214,876,308,498,499,1112
367,214,876,369,1112
367,369,1112
367,308,498,499,1112,1095
367,308,498,499,398,397,236,1112,1095
367,308,498,499,398,681,236,1112,1095
367,308,876,369,1112,1095
367,214,876,308,498,499,1112,1095
367,214,876,308,498,499,398,397,236,1112,1095
367,214,876,308,498,499,398,681,236,1112,1095
367,214,876,369,1112,1095
367,369,876,308,498,499,1112,1095
367,369,876,308,498,499,398,397,236,1112,1095
367,369,876,308,498,499,398,681,236,1112,1095
367,369,1112,1095
367,308,1135
367,214,876,308,1135
367,214,876,369,1112,236,397,398,499,498,308,1135
367,214,876,369,1112,236,681,398,499,498,308,1135
367,214,876,369,1112,499,498,308,1135
367,369,876,308,1135
367,369,1112,236,397,398,499,498,308,1135
367,369,1112,236,681,398,499,498,308,1135
367,369,1112,499,498,308,1135
214,367,368
214,876,369,367,368
214,367,369
214,876,369
214,367,308,498,499,1112,236,397
214,367,308,498,499,1112,236,681,398,397
214,367,308,498,499,398,397
214,367,308,498,499,398,681,236,397
214,367,369,876,308,498,499,1112,236,397
214,367,369,876,308,498,499,1112,236,681,398,397
214,367,369,876,308,498,499,398,397
214,367,369,876,308,498,499,398,681,236,397
214,367,369,1112,236,397
214,367,369,1112,236,681,398,397
214,367,369,1112,499,398,397
214,367,369,1112,499,398,681,236,397
214,876,308,498,499,1112,236,397
214,876,308,498,499,1112,236,681,398,397
214,876,308,498,499,398,397
214,876,308,498,499,398,681,236,397
214,876,369,1112,236,397
214,876,369,1112,236,681,398,397
214,876,369,1112,499,398,397
214,876,369,1112,499,398,681,236,397
214,367,308,498,499,1112,236,397,398
214,367,308,498,499,1112,236,681,398
214,367,308,498,499,398
214,367,369,876,308,498,499,398
214,367,369,1112,236,397,398
214,367,369,1112,236,681,398
214,367,369,1112,499,398
214,876,308,498,499,1112,236,397,398
214,876,308,498,499,1112,236,681,398
214,876,308,498,499,398
214,876,369,1112,236,397,398
214,876,369,1112,236,681,398
214,876,369,1112,499,398
214,367,308,498
214,367,369,876,308,498
214,367,369,1112,236,397,398,499,498
214,367,369,1112,236,681,398,499,498
214,367,369,1112,499,498
214,876,308,498
214,876,369,1112,236,397,398,499,498
214,876,369,1112,236,681,398,499,498
214,876,369,1112,499,498
214,367,308,498,499
214,367,369,876,308,498,499
214,367,369,1112,499
214,876,308,498,499
214,876,369,1112,499
214,367,308,541
214,367,369,876,308,541
214,367,369,1112,236,397,398,499,498,308,541
214,367,369,1112,236,681,398,499,498,308,541
214,367,369,1112,499,498,308,541
214,876,308,541
214,876,369,1112,236,397,398,499,498,308,541
214,876,369,1112,236,681,398,499,498,308,541
214,876,369,1112,499,498,308,541
214,367,308,661
214,367,369,876,308,661
214,367,369,1112,236,397,398,499,498,308,661
214,367,369,1112,236,681,398,499,498,308,661
214,367,369,1112,499,498,308,661
214,876,308,661
214,876,369,1112,236,397,398,499,498,308,661
214,876,369,1112,236,681,398,499,498,308,661
214,876,369,1112,499,498,308,661
214,367,308,498,499,1112,236,681
214,367,308,498,499,398,681
214,367,369,876,308,498,499,1112,236,681
214,367,369,876,308,498,499,398,681
214,367,369,1112,236,681
214,367,369,1112,499,398,681
214,876,308,498,499,1112,236,681
214,876,308,498,499,398,681
214,876,369,1112,236,681
214,876,369,1112,499,398,681
214,367,308,498,499,1112,236,397,398,748
214,367,308,498,499,1112,236,681,398,748
214,367,308,498,499,398,748
214,367,369,876,308,498,499,1112,236,397,398,748
214,367,369,876,308,498,499,1112,236,681,398,748
214,367,369,876,308,498,499,398,748
214,367,369,1112,236,397,398,748
214,367,369,1112,236,681,398,748
214,367,369,1112,499,398,748
214,876,308,498,499,1112,236,397,398,748
214,876,308,498,499,1112,236,681,398,748
214,876,308,498,499,398,748
214,876,369,1112,236,397,398,748
214,876,369,1112,236,681,398,748
214,876,369,1112,499,398,748
214,367,308,774
214,367,369,876,308,774
214,367,369,1112,236,397,398,499,498,308,774
214,367,369,1112,236,681,398,499,498,308,774
214,367,369,1112,499,498,308,774
214,876,308,774
214,876,369,1112,236,397,398,499,498,308,774
214,876,369,1112,236,681,398,499,498,308,774
214,876,369,1112,499,498,308,774
214,876
214,367,369,876,877
214,876,877
214,367,308,498,499,1112
214,367,369,1112
214,876,308,498,499,1112
214,876,369,1112
214,367,308,498,499,1112,1095
214,367,308,498,499,398,397,236,1112,1095
214,367,308,498,499,398,681,236,1112,1095
214,367,369,876,308,498,499,1112,1095
214,367,369,1112,1095
214,876,308,498,499,1112,1095
214,876,308,498,499,398,397,236,1112,1095
214,876,308,498,499,398,681,236,1112,1095
214,876,369,1112,1095
214,367,308,1135
214,367,369,876,308,1135
214,367,369,1112,236,397,398,499,498,308,1135
214,367,369,1112,236,681,398,499,498,308,1135
214,367,369,1112,499,498,308,1135
214,876,308,1135
214,876,369,1112,236,397,398,499,498,308,1135
214,876,369,1112,236,681,398,499,498,308,1135
214,876,369,1112,499,498,308,1135
368,367,369
368,367,308,498,499,1112,236,397
368,367,308,498,499,1112,236,681,398,397
368,367,308,498,499,398,397
368,367,308,498,499,398,681,236,397
368,367,308,876,369,1112,236,397
368,367,308,876,369,1112,236,681,398,397
368,367,308,876,369,1112,499,398,397
368,367,308,876,369,1112,499,398,681,236,397
368,367,214,876,308,498,499,1112,236,397
368,367,214,876,308,498,499,1112,236,681,398,397
368,367,214,876,308,498,499,398,397
368,367,214,876,308,498,499,398,681,236,397
368,367,214,876,369,1112,236,397
368,367,214,876,369,1112,236,681,398,397
368,367,214,876,369,1112,499,398,397
368,367,214,876,369,1112,499,398,681,236,397
368,367,369,876,308,498,499,1112,236,397
368,367,369,876,308,498,499,1112,236,681,398,397
368,367,369,876,308,498,499,398,397
368,367,369,876,308,498,499,398,681,236,397
368,367,369,1112,236,397
368,367,369,1112,236,681,398,397
368,367,369,1112,499,398,397
368,367,369,1112,499,398,681,236,397
368,367,308,498,499,1112,236,397,398
368,367,308,498,499,1112,236,681,398
368,367,308,498,499,398
368,367,308,876,369,1112,236,397,398
368,367,308,876,369,1112,236,681,398
368,367,308,876,369,1112,499,398
368,367,214,876,308,498,499,1112,236,397,398
368,367,214,876,308,498,499,1112,236,681,398
368,367,214,876,308,498,499,398
368,367,214,876,369,1112,236,397,398
368,367,214,876,369,1112,236,681,398
368,367,214,876,369,1112,499,398
368,367,369,876,308,498,499,1112,236,397,398
368,367,369,876,308,498,499,1112,236,681,398
368,367,369,876,308,498,499,398
368,367,369,1112,236,397,398
368,367,369,1112,236,681,398
368,367,369,1112,499,398
368,367,308,498
368,367,308,876,369,1112,499,498
368,367,214,876,308,498
368,367,214,876,369,1112,236,397,398,499,498
368,367,214,876,369,1112,236,681,398,499,498
368,367,214,876,369,1112,499,498
368,367,369,876,308,498
368,367,369,1112,236,397,398,499,498
368,367,369,1112,236,681,398,499,498
368,367,369,1112,499,498
368,367,308,498,499
368,367,308,876,369,1112,499
368,367,214,876,308,498,499
368,367,214,876,369,1112,499
368,367,369,876,308,498,499
368,367,369,1112,499
368,367,308,541
368,367,214,876,308,541
368,367,214,876,369,1112,236,397,398,499,498,308,541
368,367,214,876,369,1112,236,681,398,499,498,308,541
368,367,214,876,369,1112,499,498,308,541
368,367,369,876,308,541
368,367,369,1112,236,397,398,499,498,308,541
368,367,369,1112,236,681,398,499,498,308,541
368,367,369,1112,499,498,308,541
368,367,308,661
368,367,214,876,308,661
368,367,214,876,369,1112,236,397,398,499,498,308,661
368,367,214,876,369,1112,236,681,398,499,498,308,661
368,367,214,876,369,1112,499,498,308,661
368,367,369,876,308,661
368,367,369,1112,236,397,398,499,498,308,661
368,367,369,1112,236,681,398,499,498,308,661
368,367,369,1112,499,498,308,661
368,367,308,498,499,1112,236,681
368,367,308,498,499,398,681
368,367,308,876,369,1112,236,681
368,367,308,876,369,1112,499,398,681
368,367,214,876,308,498,499,1112,236,681
368,367,214,876,308,498,499,398,681
368,367,214,876,369,1112,236,681
368,367,214,876,369,1112,499,398,681
368,367,369,876,308,498,499,1112,236,681
368,367,369,876,308,498,499,398,681
368,367,369,1112,236,681
368,367,369,1112,499,398,681
368,367,308,498,499,1112,236,397,398,748
368,367,308,498,499,1112,236,681,398,748
368,367,308,498,499,398,748
368,367,308,876,369,1112,236,397,398,748
368,367,308,876,369,1112,236,681,398,748
368,367,308,876,369,1112,499,398,748
368,367,214,876,308,498,499,1112,236,397,398,748
368,367,214,876,308,498,499,1112,236,681,398,748
368,367,214,876,308,498,499,398,748
368,367,214,876,369,1112,236,397,398,748
368,367,214,876,369,1112,236,681,398,748
368,367,214,876,369,1112,499,398,748
368,367,369,876,308,498,499,1112,236,397,398,748
368,367,369,876,308,498,499,1112,236,681,398,748
368,367,369,876,308,498,499,398,748
368,367,369,1112,236,397,398,748
368,367,369,1112,236,681,398,748
368,367,369,1112,499,398,748
368,367,308,774
368,367,214,876,308,774
368,367,214,876,369,1112,236,397,398,499,498,308,774
368,367,214,876,369,1112,236,681,398,499,498,308,774
368,367,214,876,369,1112,499,498,308,774
368,367,369,876,308,774
368,367,369,1112,236,397,398,499,498,308,774
368,367,369,1112,236,681,398,499,498,308,774
368,367,369,1112,499,498,308,774
368,367,308,876
368,367,214,876
368,367,369,876
368,367,308,498,499,1112,369,876,877
368,367,308,498,499,398,397,236,1112,369,876,877
368,367,308,498,499,398,681,236,1112,369,876,877
368,367,308,876,877
368,367,214,876,877
368,367,369,876,877
368,367,308,498,499,1112
368,367,308,876,369,1112
368,367,214,876,308,498,499,1112
368,367,214,876,369,1112
368,367,369,1112
368,367,308,498,499,1112,1095
368,367,308,498,499,398,397,236,1112,1095
368,367,308,498,499,398,681,236,1112,1095
368,367,308,876,369,1112,1095
368,367,214,876,308,498,499,1112,1095
368,367,214,876,308,498,499,398,397,236,1112,1095
368,367,214,876,308,498,499,398,681,236,1112,1095
368,367,214,876,369,1112,1095
368,367,369,876,308,498,499,1112,1095
368,367,369,876,308,498,499,398,397,236,1112,1095
368,367,369,876,308,498,499,398,681,236,1112,1095
368,367,369,1112,1095
368,367,308,1135
368,367,214,876,308,1135
368,367,214,876,369,1112,236,397,398,499,498,308,1135
368,367,214,876,369,1112,236,681,398,499,498,308,1135
368,367,214,876,369,1112,499,498,308,1135
368,367,369,876,308,1135
368,367,369,1112,236,397,398,499,498,308,1135
368,367,369,1112,236,681,398,499,498,308,1135
368,367,369,1112,499,498,308,1135
369,367,308,498,499,1112,236,397
369,367,308,498,499,1112,236,681,398,397
369,367,308,498,499,398,397
369,367,308,498,499,398,681,236,397
369,876,308,498,499,1112,236,397
369,876,308,498,499,1112,236,681,398,397
369,876,308,498,499,398,397
369,876,308,498,499,398,681,236,397
369,1112,236,397
369,1112,236,681,398,397
369,1112,499,398,397
369,1112,499,398,681,236,397
369,367,308,498,499,398
369,876,308,498,499,398
369,1112,236,397,398
369,1112,236,681,398
369,1112,499,398
369,367,308,498
369,876,308,498
369,1112,236,397,398,499,498
369,1112,236,681,398,499,498
369,1112,499,498
369,367,308,498,499
369,876,308,498,499
369,1112,499
369,367,308,541
369,876,308,541
369,1112,236,397,398,499,498,308,541
369,1112,236,681,398,499,498,308,541
369,1112,499,498,308,541
369,367,308,661
369,876,308,661
369,1112,236,397,398,499,498,308,661
369,1112,236,681,398,499,498,308,661
369,1112,499,498,308,661
369,367,308,498,499,1112,236,681
369,367,308,498,499,398,681
369,876,308,498,499,1112,236,681
369,876,308,498,499,398,681
369,1112,236,681
369,1112,499,398,681
369,367,308,498,499,1112,236,397,398,748
369,367,308,498,499,1112,236,681,398,748
369,367,308,498,499,398,748
369,876,308,498,499,1112,236,397,398,748
369,876,308,498,499,1112,236,681,398,748
369,876,308,498,499,398,748
369,1112,236,397,398,748
369,1112,236,681,398,748
369,1112,499,398,748
369,367,308,774
369,876,308,774
369,1112,236,397,398,499,498,308,774
369,1112,236,681,398,499,498,308,774
369,1112,499,498,308,774
369,876
369,876,877
369,1112
369,367,308,498,499,1112,1095
369,876,308,498,499,1112,1095
369,1112,1095
369,367,308,1135
369,876,308,1135
369,1112,236,397,398,499,498,308,1135
369,1112,236,681,398,499,498,308,1135
369,1112,499,498,308,1135
64,255,252,254,788
64,255,252,817
64,255,252,847
383,371
386,268
397,398
397,398,681,236,1112,369,367,308,498
397,398,681,236,1112,369,367,214,876,308,498
397,398,681,236,1112,369,876,308,498
397,398,681,236,1112,499,498
397,398,499,498
397,398,499,1112,369,367,308,498
397,398,499,1112,369,367,214,876,308,498
397,398,499,1112,369,876,308,498
397,236,681,398,499,498
397,236,1112,369,367,308,498
397,236,1112,369,367,214,876,308,498
397,236,1112,369,876,308,498
397,236,1112,499,498
397,398,681,236,1112,499
397,398,499
397,236,681,398,499
397,236,1112,499
397,398,681,236,1112,369,367,308,541
397,398,681,236,1112,369,367,214,876,308,541
397,398,681,236,1112,369,876,308,541
397,398,681,236,1112,499,498,308,541
397,398,499,498,308,541
397,398,499,1112,369,367,308,541
397,398,499,1112,369,367,214,876,308,541
397,398,499,1112,369,876,308,541
397,236,681,398,499,498,308,541
397,236,681,398,499,1112,369,367,308,541
397,236,681,398,499,1112,369,367,214,876,308,541
397,236,681,398,499,1112,369,876,308,541
397,236,1112,369,367,308,541
397,236,1112,369,367,214,876,308,541
397,236,1112,369,876,308,541
397,236,1112,499,498,308,541
397,398,681,236,1112,369,367,308,661
397,398,681,236,1112,369,367,214,876,308,661
397,398,681,236,1112,369,876,308,661
397,398,681,236,1112,499,498,308,661
397,398,499,498,308,661
397,398,499,1112,369,367,308,661
397,398,499,1112,369,367,214,876,308,661
397,398,499,1112,369,876,308,661
397,236,681,398,499,498,308,661
397,236,681,398,499,1112,369,367,308,661
397,236,681,398,499,1112,369,367,214,876,308,661
397,236,681,398,499,1112,369,876,308,661
397,236,1112,369,367,308,661
397,236,1112,369,367,214,876,308,661
397,236,1112,369,876,308,661
397,236,1112,499,498,308,661
397,398,681
397,236,681
397,398,748
397,236,681,398,748
397,236,1112,499,398,748
397,398,681,236,1112,369,367,308,774
397,398,681,236,1112,369,367,214,876,308,774
397,398,681,236,1112,369,876,308,774
397,398,681,236,1112,499,498,308,774
397,398,499,498,308,774
397,398,499,1112,369,367,308,774
397,398,499,1112,369,367,214,876,308,774
397,398,499,1112,369,876,308,774
397,236,681,398,499,498,308,774
397,236,681,398,499,1112,369,367,308,774
397,236,681,398,499,1112,369,367,214,876,308,774
397,236,681,398,499,1112,369,876,308,774
397,236,1112,369,367,308,774
397,236,1112,369,367,214,876,308,774
397,236,1112,369,876,308,774
397,236,1112,499,498,308,774
397,398,681,236,1112,369,876
397,398,681,236,1112,499,498,308,876
397,398,499,498,308,876
397,398,499,1112,369,876
397,236,681,398,499,498,308,876
397,236,681,398,499,1112,369,876
397,236,1112,369,876
397,236,1112,499,498,308,876
397,398,681,236,1112,369,367,308,876,877
397,398,681,236,1112,369,367,214,876,877
397,398,681,236,1112,369,876,877
397,398,681,236,1112,499,498,308,367,214,876,877
397,398,681,236,1112,499,498,308,367,369,876,877
397,398,681,236,1112,499,498,308,876,877
397,398,499,498,308,367,214,876,877
397,398,499,498,308,367,369,876,877
397,398,499,498,308,876,877
397,398,499,1112,369,367,308,876,877
397,398,499,1112,369,367,214,876,877
397,398,499,1112,369,876,877
397,236,681,398,499,498,308,367,214,876,877
397,236,681,398,499,498,308,367,369,876,877
397,236,681,398,499,498,308,876,877
397,236,681,398,499,1112,369,367,308,876,877
397,236,681,398,499,1112,369,367,214,876,877
397,236,681,398,499,1112,369,876,877
397,236,1112,369,367,308,876,877
397,236,1112,369,367,214,876,877
397,236,1112,369,876,877
397,236,1112,499,498,308,367,214,876,877
397,236,1112,499,498,308,367,369,876,877
397,236,1112,499,498,308,876,877
397,398,681,236,1112
397,398,499,1112
397,236,1112
397,398,681,236,1112,1095
397,398,499,498,308,367,214,876,369,1112,1095
397,398,499,498,308,367,369,1112,1095
397,398,499,498,308,876,369,1112,1095
397,398,499,1112,1095
397,236,681,398,499,498,308,367,214,876,369,1112,1095
397,236,681,398,499,498,308,367,369,1112,1095
397,236,681,398,499,498,308,876,369,1112,1095
397,236,681,398,499,1112,1095
397,236,1112,1095
397,398,681,236,1112,369,367,308,1135
397,398,681,236,1112,369,367,214,876,308,1135
397,398,681,236,1112,369,876,308,1135
397,398,681,236,1112,499,498,308,1135
397,398,499,498,308,1135
397,398,499,1112,369,367,308,1135
397,398,499,1112,369,367,214,876,308,1135
397,398,499,1112,369,876,308,1135
397,236,681,398,499,498,308,1135
397,236,681,398,499,1112,369,367,308,1135
397,236,681,398,499,1112,369,367,214,876,308,1135
397,236,681,398,499,1112,369,876,308,1135
397,236,1112,369,367,308,1135
397,236,1112,369,367,214,876,308,1135
397,236,1112,369,876,308,1135
397,236,1112,499,498,308,1135
398,397,236,1112,369,367,308,498
398,397,236,1112,369,367,214,876,308,498
398,397,236,1112,369,876,308,498
398,397,236,1112,499,498
398,681,236,1112,369,367,308,498
398,681,236,1112,369,367,214,876,308,498
398,681,236,1112,369,876,308,498
398,681,236,1112,499,498
398,499,498
398,499,1112,369,367,308,498
398,499,1112,369,367,214,876,308,498
398,499,1112,369,876,308,498
398,499
398,397,236,1112,369,367,308,541
398,397,236,1112,369,367,214,876,308,541
398,397,236,1112,369,876,308,541
398,397,236,1112,499,498,308,541
398,681,236,1112,369,367,308,541
398,681,236,1112,369,367,214,876,308,541
398,681,236,1112,369,876,308,541
398,681,236,1112,499,498,308,541
398,499,498,308,541
398,499,1112,369,367,308,541
398,499,1112,369,367,214,876,308,541
398,499,1112,369,876,308,541
398,397,236,1112,369,367,308,661
398,397,236,1112,369,367,214,876,308,661
398,397,236,1112,369,876,308,661
398,397,236,1112,499,498,308,661
398,681,236,1112,369,367,308,661
398,681,236,1112,369,367,214,876,308,661
398,681,236,1112,369,876,308,661
398,681,236,1112,499,498,308,661
398,499,498,308,661
398,499,1112,369,367,308,661
398,499,1112,369,367,214,876,308,661
398,499,1112,369,876,308,661
398,681
398,748
398,397,236,1112,369,367,308,774
398,397,236,1112,369,367,214,876,308,774
398,397,236,1112,369,876,308,774
398,397,236,1112,499,498,308,774
398,681,236,1112,369,367,308,774
398,681,236,1112,369,367,214,876,308,774
398,681,236,1112,369,876,308,774
398,681,236,1112,499,498,308,774
398,499,498,308,774
398,499,1112,369,367,308,774
398,499,1112,369,367,214,876,308,774
398,499,1112,369,876,308,774
398,397,236,1112,369,876
398,397,236,1112,499,498,308,876
398,681,236,1112,369,876
398,681,236,1112,499,498,308,876
398,499,498,308,876
398,499,1112,369,876
398,397,236,1112,369,367,308,876,877
398,397,236,1112,369,367,214,876,877
398,397,236,1112,369,876,877
398,397,236,1112,499,498,308,367,214,876,877
398,397,236,1112,499,498,308,876,877
398,681,236,1112,369,367,308,876,877
398,681,236,1112,369,367,214,876,877
398,681,236,1112,369,876,877
398,681,236,1112,499,498,308,367,214,876,877
398,681,236,1112,499,498,308,876,877
398,499,498,308,367,214,876,877
398,499,498,308,367,369,876,877
398,499,498,308,876,877
398,499,1112,369,367,308,876,877
398,499,1112,369,367,214,876,877
398,499,1112,369,876,877
398,397,236,1112
398,681,236,1112
398,499,1112
398,397,236,1112,1095
398,681,236,1112,1095
398,499,498,308,367,214,876,369,1112,1095
398,499,498,308,367,369,1112,1095
398,499,498,308,876,369,1112,1095
398,499,1112,1095
398,397,236,1112,369,367,308,1135
398,397,236,1112,369,367,214,876,308,1135
398,397,236,1112,369,876,308,1135
398,397,236,1112,499,498,308,1135
398,681,236,1112,369,367,308,1135
398,681,236,1112,369,367,214,876,308,1135
398,681,236,1112,369,876,308,1135
398,681,236,1112,499,498,308,1135
398,499,498,308,1135
398,499,1112,369,367,308,1135
398,499,1112,369,367,214,876,308,1135
398,499,1112,369,876,308,1135
416,796
428,411
428,429
411,428,429
434,435
440,380
440,380,1148
380,1148
448,447
448,447,460
447,460
451,534
451,534,318,542
451,534,318,544,543,542
451,534,318,645,543,542
451,318,542
451,318,544,543,542
451,318,645,543,542
451,543,542
451,543
451,534,318,544
451,534,318,645,543,544
451,318,544
451,318,645,543,544
451,543,544
451,534,318,617
451,318,617
451,543,542,318,617
451,543,544,318,617
451,543,645,318,617
451,534,318,645
451,318,645
451,543,645
451,534,318,773
451,318,773
451,543,542,318,773
451,543,544,318,773
451,543,645,318,773
451,534,318,784
451,318,784
451,543,542,318,784
451,543,544,318,784
451,543,645,318,784
451,534,318,1043
451,318,1043
451,543,542,318,1043
451,543,544,318,1043
451,543,645,318,1043
458,71,941
458,71,1009
467,468
467,468,987,986
467,468,987
467,468,987,866
468,987,986
468,987
468,987,866
472,78
472,78,618
472,78,946
78,618
78,946
498,499
498,499,1112,369,876,308,541
498,499,398,397,236,1112,369,876,308,541
498,499,398,681,236,1112,369,876,308,541
498,308,541
498,499,1112,369,876,308,661
498,499,398,397,236,1112,369,876,308,661
498,499,398,681,236,1112,369,876,308,661
498,308,661
498,499,1112,236,681
498,499,398,681
498,308,367,214,876,369,1112,236,681
498,308,367,214,876,369,1112,499,398,681
498,308,367,369,1112,236,681
498,308,367,369,1112,499,398,681
498,308,876,369,1112,236,681
498,308,876,369,1112,499,398,681
498,499,1112,236,397,398,748
498,499,1112,236,681,398,748
498,499,398,748
498,308,367,214,876,369,1112,236,397,398,748
498,308,367,214,876,369,1112,236,681,398,748
498,308,367,214,876,369,1112,499,398,748
498,308,367,369,1112,236,397,398,748
498,308,367,369,1112,236,681,398,748
498,308,367,369,1112,499,398,748
498,308,876,369,1112,236,397,398,748
498,308,876,369,1112,236,681,398,748
498,308,876,369,1112,499,398,748
498,499,1112,369,876,308,774
498,499,398,397,236,1112,369,876,308,774
498,499,398,681,236,1112,369,876,308,774
498,308,774
498,499,1112,369,876
498,499,398,397,236,1112,369,876
498,499,398,681,236,1112,369,876
498,308,876
498,499,1112,369,367,214,876,877
498,499,1112,369,876,877
498,499,398,397,236,1112,369,367,214,876,877
498,499,398,397,236,1112,369,876,877
498,499,398,681,236,1112,369,367,214,876,877
498,499,398,681,236,1112,369,876,877
498,308,367,214,876,877
498,308,367,369,876,877
498,308,876,877
498,499,1112
498,308,367,214,876,369,1112
498,308,367,369,1112
498,308,876,369,1112
498,499,1112,1095
498,499,398,397,236,1112,1095
498,499,398,681,236,1112,1095
498,308,367,214,876,369,1112,1095
498,308,367,369,1112,1095
498,308,876,369,1112,1095
498,499,1112,369,876,308,1135
498,499,398,397,236,1112,369,876,308,1135
498,499,398,681,236,1112,369,876,308,1135
498,308,1135
499,498,308,541
499,1112,369,367,308,541
499,1112,369,367,214,876,308,541
499,1112,369,876,308,541
499,498,308,661
499,1112,369,367,308,661
499,1112,369,367,214,876,308,661
499,1112,369,876,308,661
499,1112,236,681
499,398,681
499,1112,236,681,398,748
499,398,748
499,498,308,774
499,1112,369,367,308,774
499,1112,369,367,214,876,308,774
499,1112,369,876,308,774
499,498,308,876
499,1112,369,876
499,498,308,367,214,876,877
499,498,308,367,369,876,877
499,498,308,876,877
499,1112,369,367,308,876,877
499,1112,369,367,214,876,877
499,1112,369,876,877
499,1112
499,1112,1095
499,498,308,1135
499,1112,369,367,308,1135
499,1112,369,367,214,876,308,1135
499,1112,369,876,308,1135
504,129,655
504,129,996
516,517
534,451,543,542
534,318,542
534,318,544,543,542
534,318,645,543,542
534,451,543
534,318,542,543
534,318,544,543
534,318,645,543
534,451,543,544
534,318,544
534,318,645,543,544
534,451,543,542,318,617
534,451,543,544,318,617
534,451,543,645,318,617
534,318,617
534,451,543,645
534,318,645
534,451,543,542,318,773
534,451,543,544,318,773
534,451,543,645,318,773
534,318,773
534,451,543,542,318,784
534,451,543,544,318,784
534,451,543,645,318,784
534,318,784
534,451,543,542,318,1043
534,451,543,544,318,1043
534,451,543,645,318,1043
534,318,1043
541,308,661
541,308,367,214,876,369,1112,236,681
541,308,367,214,876,369,1112,499,398,681
541,308,367,369,1112,236,681
541,308,367,369,1112,499,398,681
541,308,498,499,1112,236,681
541,308,498,499,398,681
541,308,876,369,1112,236,681
541,308,876,369,1112,499,398,681
541,308,367,214,876,369,1112,236,397,398,748
541,308,367,214,876,369,1112,236,681,398,748
541,308,367,214,876,369,1112,499,398,748
541,308,367,369,1112,236,397,398,748
541,308,367,369,1112,236,681,398,748
541,308,367,369,1112,499,398,748
541,308,498,499,1112,236,397,398,748
541,308,498,499,1112,236,681,398,748
541,308,498,499,398,748
541,308,876,369,1112,236,397,398,748
541,308,876,369,1112,236,681,398,748
541,308,876,369,1112,499,398,748
541,308,774
541,308,876
541,308,367,214,876,877
541,308,367,369,876,877
541,308,498,499,1112,369,367,214,876,877
541,308,498,499,1112,369,876,877
541,308,498,499,398,397,236,1112,369,367,214,876,877
541,308,498,499,398,397,236,1112,369,876,877
541,308,498,499,398,681,236,1112,369,367,214,876,877
541,308,498,499,398,681,236,1112,369,876,877
541,308,876,877
541,308,367,214,876,369,1112
541,308,367,369,1112
541,308,498,499,1112
541,308,876,369,1112
541,308,367,214,876,369,1112,1095
541,308,367,369,1112,1095
541,308,498,499,1112,1095
541,308,498,499,398,397,236,1112,1095
541,308,498,499,398,681,236,1112,1095
541,308,876,369,1112,1095
541,308,1135
542,543
542,543,544
542,543,645,318,544
542,318,544
542,543,544,318,617
542,543,645,318,617
542,318,617
542,543,645
542,318,645
542,543,544,318,773
542,543,645,318,773
542,318,773
542,543,544,318,784
542,543,645,318,784
542,318,784
542,543,544,318,1043
542,543,645,318,1043
542,318,1043
543,544
543,542,318,617
543,544,318,617
543,645,318,617
543,451,319,317,318,617
543,451,319,318,617
543,451,534,318,617
543,451,318,617
543,645
543,542,318,773
543,544,318,773
543,645,318,773
543,451,319,317,318,773
543,451,319,318,773
543,451,534,318,773
543,451,318,773
543,542,318,784
543,544,318,784
543,645,318,784
543,451,319,317,318,784
543,451,319,318,784
543,451,534,318,784
543,451,318,784
543,542,318,1043
543,544,318,1043
543,645,318,1043
543,451,319,317,318,1043
543,451,319,318,1043
543,451,534,318,1043
543,451,318,1043
544,543,645,318,617
544,318,617
544,543,645
544,318,645
544,543,645,318,773
544,318,773
544,543,645,318,784
544,318,784
544,543,645,318,1043
544,318,1043
550,551
550,551,1232
551,1232
557,558
557,538
557,559
558,557,538
558,557,559
538,557,559
583,203,201,202,826
589,178
617,318,645
617,318,773
617,318,784
617,318,1043
618,78,946
628,272,691
628,271,735
628,271,1124,273,735
628,272,270,273,735
628,272,273,735
628,271,270,918
628,271,735,273,270,918
628,271,1124,273,270,918
628,272,270,918
628,272,273,270,918
628,271,1124
628,272,270,273,1124
628,272,273,1124
628,271,270,273,892
628,271,735,273,892
628,271,1124,273,892
628,272,270,273,892
628,272,273,892
629,630
645,318,773
645,318,784
645,318,1043
651,652
655,129,996
661,308,367,214,876,369,1112,236,681
661,308,367,214,876,369,1112,499,398,681
661,308,367,369,1112,236,681
661,308,367,369,1112,499,398,681
661,308,498,499,1112,236,681
661,308,498,499,398,681
661,308,876,369,1112,236,681
661,308,876,369,1112,499,398,681
661,308,367,214,876,369,1112,236,397,398,748
661,308,367,214,876,369,1112,236,681,398,748
661,308,367,214,876,369,1112,499,398,748
661,308,367,369,1112,236,397,398,748
661,308,367,369,1112,236,681,398,748
661,308,367,369,1112,499,398,748
661,308,498,499,1112,236,397,398,748
661,308,498,499,1112,236,681,398,748
661,308,498,499,398,748
661,308,876,369,1112,236,397,398,748
661,308,876,369,1112,236,681,398,748
661,308,876,369,1112,499,398,748
661,308,774
661,308,876
661,308,367,214,876,877
661,308,367,369,876,877
661,308,498,499,1112,369,367,214,876,877
661,308,498,499,1112,369,876,877
661,308,498,499,398,397,236,1112,369,367,214,876,877
661,308,498,499,398,397,236,1112,369,876,877
661,308,498,499,398,681,236,1112,369,367,214,876,877
661,308,498,499,398,681,236,1112,369,876,877
661,308,876,877
661,308,367,214,876,369,1112
661,308,367,369,1112
661,308,498,499,1112
661,308,876,369,1112
661,308,367,214,876,369,1112,1095
661,308,367,369,1112,1095
661,308,498,499,1112,1095
661,308,498,499,398,397,236,1112,1095
661,308,498,499,398,681,236,1112,1095
661,308,876,369,1112,1095
661,308,1135
664,38,39,351,40,856
664,38,39,905,40,856
664,38,39,905,40,929,41,856
664,38,39,929,41,856
664,38,39,929,40,856
664,38,40,856
664,38,40,929,41,856
664,38,41,856
664,38,39,905
664,38,39,929,40,905
664,38,40,905
664,38,41,856,40,905
664,38,41,929,39,905
664,38,41,929,40,905
664,38,39,929
664,38,40,929
664,38,41,929
677,678
677,678,1251
678,1251
681,398,748
681,236,1112,369,367,308,774
681,236,1112,369,367,214,876,308,774
681,236,1112,369,876,308,774
681,236,1112,499,498,308,774
681,398,499,498,308,774
681,398,499,1112,369,367,308,774
681,398,499,1112,369,367,214,876,308,774
681,398,499,1112,369,876,308,774
681,236,1112,369,876
681,236,1112,499,498,308,876
681,398,499,498,308,876
681,398,499,1112,369,876
681,236,1112,369,367,308,876,877
681,236,1112,369,367,214,876,877
681,236,1112,369,876,877
681,236,1112,499,498,308,367,214,876,877
681,236,1112,499,498,308,367,369,876,877
681,236,1112,499,498,308,876,877
681,398,499,498,308,367,214,876,877
681,398,499,498,308,367,369,876,877
681,398,499,498,308,876,877
681,398,499,1112,369,367,308,876,877
681,398,499,1112,369,367,214,876,877
681,398,499,1112,369,876,877
681,236,1112
681,398,499,1112
681,236,1112,1095
681,398,499,498,308,367,214,876,369,1112,1095
681,398,499,498,308,367,369,1112,1095
681,398,499,498,308,876,369,1112,1095
681,398,499,1112,1095
681,236,1112,369,367,308,1135
681,236,1112,369,367,214,876,308,1135
681,236,1112,369,876,308,1135
681,236,1112,499,498,308,1135
681,398,499,498,308,1135
681,398,499,1112,369,367,308,1135
681,398,499,1112,369,367,214,876,308,1135
681,398,499,1112,369,876,308,1135
691,272,270,271,735
691,272,270,271,1124,273,735
691,272,270,273,735
691,272,628,271,735
691,272,628,271,1124,273,735
691,272,273,735
691,272,273,1124,271,735
691,272,270,918
691,272,628,271,270,918
691,272,628,271,735,273,270,918
691,272,628,271,1124,273,270,918
691,272,273,270,918
691,272,273,735,271,270,918
691,272,273,1124,271,270,918
691,272,270,271,1124
691,272,270,273,1124
691,272,628,271,1124
691,272,273,1124
691,272,270,271,735,273,892
691,272,270,271,1124,273,892
691,272,270,273,892
691,272,628,271,270,273,892
691,272,628,271,735,273,892
691,272,628,271,1124,273,892
691,272,273,892
708,173
710,711
735,271,270,918
735,271,628,272,270,918
735,271,1124,273,270,918
735,271,1124,273,272,270,918
735,273,270,918
735,273,1124,271,628,272,270,918
735,273,272,270,918
735,271,1124
735,273,1124
735,271,1124,273,892
735,273,892
745,139,820
748,398,397,236,1112,369,367,308,774
748,398,397,236,1112,369,367,214,876,308,774
748,398,397,236,1112,369,876,308,774
748,398,397,236,1112,499,498,308,774
748,398,681,236,1112,369,367,308,774
748,398,681,236,1112,369,367,214,876,308,774
748,398,681,236,1112,369,876,308,774
748,398,681,236,1112,499,498,308,774
748,398,499,498,308,774
748,398,499,1112,369,367,308,774
748,398,499,1112,369,367,214,876,308,774
748,398,499,1112,369,876,308,774
748,398,397,236,1112,369,876
748,398,397,236,1112,499,498,308,876
748,398,681,236,1112,369,876
748,398,681,236,1112,499,498,308,876
748,398,499,498,308,876
748,398,499,1112,369,876
748,398,397,236,1112,369,367,308,876,877
748,398,397,236,1112,369,367,214,876,877
748,398,397,236,1112,369,876,877
748,398,397,236,1112,499,498,308,367,214,876,877
748,398,397,236,1112,499,498,308,367,369,876,877
748,398,397,236,1112,499,498,308,876,877
748,398,681,236,1112,369,367,308,876,877
748,398,681,236,1112,369,367,214,876,877
748,398,681,236,1112,369,876,877
748,398,681,236,1112,499,498,308,367,214,876,877
748,398,681,236,1112,499,498,308,367,369,876,877
748,398,681,236,1112,499,498,308,876,877
748,398,499,498,308,367,214,876,877
748,398,499,498,308,367,369,876,877
748,398,499,498,308,876,877
748,398,499,1112,369,367,308,876,877
748,398,499,1112,369,367,214,876,877
748,398,499,1112,369,876,877
748,398,397,236,1112
748,398,681,236,1112
748,398,499,1112
748,398,397,236,1112,1095
748,398,681,236,1112,1095
748,398,499,498,308,367,214,876,369,1112,1095
748,398,499,498,308,367,369,1112,1095
748,398,499,498,308,876,369,1112,1095
748,398,499,1112,1095
748,398,397,236,1112,369,367,308,1135
748,398,397,236,1112,369,367,214,876,308,1135
748,398,397,236,1112,369,876,308,1135
748,398,397,236,1112,499,498,308,1135
748,398,681,236,1112,369,367,308,1135
748,398,681,236,1112,369,367,214,876,308,1135
748,398,681,236,1112,369,876,308,1135
748,398,681,236,1112,499,498,308,1135
748,398,499,498,308,1135
748,398,499,1112,369,367,308,1135
748,398,499,1112,369,367,214,876,308,1135
748,398,499,1112,369,876,308,1135
768,454
771,770
771,342,340,341,992
770,771,342,340,341,992
773,318,784
773,318,1043
774,308,876
774,308,367,214,876,877
774,308,367,369,876,877
774,308,498,499,1112,369,367,214,876,877
774,308,498,499,1112,369,876,877
774,308,498,499,398,397,236,1112,369,367,214,876,877
774,308,498,499,398,397,236,1112,369,876,877
774,308,498,499,398,681,236,1112,369,367,214,876,877
774,308,498,499,398,681,236,1112,369,876,877
774,308,876,877
774,308,367,214,876,369,1112
774,308,367,369,1112
774,308,498,499,1112
774,308,876,369,1112
774,308,367,214,876,369,1112,1095
774,308,367,369,1112,1095
774,308,498,499,1112,1095
774,308,498,499,398,397,236,1112,1095
774,308,498,499,398,681,236,1112,1095
774,308,876,369,1112,1095
774,308,1135
784,318,1043
788,254,252,817
788,254,252,847
817,252,847
829,830
829,830,937
830,937
848,619
856,40,905
856,40,929,39,905
856,41,38,39,905
856,41,929,39,905
856,41,929,40,905
856,40,929
856,41,929
858,75,982
858,75,1201
874,207
876,877
876,308,498,499,1112
876,369,1112
876,308,498,499,1112,1095
876,308,498,499,398,397,236,1112,1095
876,308,498,499,398,681,236,1112,1095
876,369,1112,1095
876,308,1135
877,876,308,367,369,1112
877,876,308,498,499,1112
877,876,214,367,308,498,499,1112
877,876,214,367,369,1112
877,876,369,1112
877,876,308,367,369,1112,1095
877,876,308,498,499,1112,1095
877,876,308,498,499,398,397,236,1112,1095
877,876,308,498,499,398,681,236,1112,1095
877,876,214,367,308,498,499,1112,1095
877,876,214,367,308,498,499,398,397,236,1112,1095
877,876,214,367,308,498,499,398,681,236,1112,1095
877,876,214,367,369,1112,1095
877,876,369,367,308,498,499,1112,1095
877,876,369,367,308,498,499,398,397,236,1112,1095
877,876,369,367,308,498,499,398,681,236,1112,1095
877,876,369,1112,1095
877,876,308,1135
877,876,214,367,308,1135
877,876,214,367,369,1112,236,397,398,499,498,308,1135
877,876,214,367,369,1112,236,681,398,499,498,308,1135
877,876,214,367,369,1112,499,498,308,1135
877,876,369,367,308,1135
877,876,369,1112,236,397,398,499,498,308,1135
877,876,369,1112,236,681,398,499,498,308,1135
877,876,369,1112,499,498,308,1135
905,40,929
905,39,929
918,270,271,1124
918,270,272,628,271,1124
918,270,272,273,1124
918,270,273,1124
918,270,271,628,272,273,892
918,270,271,735,273,892
918,270,271,1124,273,892
918,270,272,628,271,735,273,892
918,270,272,628,271,1124,273,892
918,270,272,273,892
918,270,273,892
931,355,990
931,46,990
941,71,1009
958,959
958,49
958,243
959,958,49
959,958,243
49,958,243
982,75,1201
986,987
986,987,866
987,866
1052,526
1052,177
1052,971,1089,177
1052,1089,177
1052,971
1052,1089,971
1052,1089
526,1052,177
526,1052,971,1089,177
526,1052,1089,177
526,1052,971
526,1052,1089,971
526,1052,1089
177,1052,971
177,1089,971
177,1089
971,1089
1112,1095
1112,369,367,308,1135
1112,369,367,214,876,308,1135
1112,369,876,308,1135
1112,499,498,308,1135
1095,1112,236,397,398,499,498,308,1135
1095,1112,236,681,398,499,498,308,1135
1095,1112,369,367,308,1135
1095,1112,369,367,214,876,308,1135
1095,1112,369,876,308,1135
1095,1112,499,498,308,1135
1116,798
1124,273,892
1125,1126
1182,909
1187,1021
