1,2
1,3
1,2,188,52,78
1,2,188,52
1,2,188
2,1,3
2,188,52,78
2,188,52
2,188
3,1,2,188,52,78
3,1,2,188,52
3,1,2,188
12,13
12,13,40
12,13,40,5
12,13,40,43,91,5
12,13,40,43,185,5
12,13,40,44,185,5
12,13,40,44,185,43,91,5
12,13,40,45,185,5
12,13,40,45,185,43,91,5
12,13,40,41
12,13,40,42
12,13,40,43
12,13,40,44,185,43
12,13,40,45,185,43
12,13,40,44
12,13,40,45,185,44
12,13,40,45
12,13,74
12,13,40,5,91,43,75
12,13,40,5,185,43,75
12,13,40,43,75
12,13,40,44,185,5,91,43,75
12,13,40,44,185,43,75
12,13,40,45,185,5,91,43,75
12,13,40,45,185,43,75
12,13,40,5,91,43,75,76
12,13,40,5,185,43,75,76
12,13,40,43,75,76
12,13,40,44,185,5,91,43,75,76
12,13,40,44,185,43,75,76
12,13,40,45,185,5,91,43,75,76
12,13,40,45,185,43,75,76
12,13,40,5,91,43,75,77
12,13,40,5,185,43,75,77
12,13,40,43,75,77
12,13,40,44,185,5,91,43,75,77
12,13,40,44,185,43,75,77
12,13,40,45,185,5,91,43,75,77
12,13,40,45,185,43,75,77
12,13,40,5,91,43,75,26
12,13,40,5,185,43,75,26
12,13,40,43,75,26
12,13,40,44,185,5,91,43,75,26
12,13,40,44,185,43,75,26
12,13,40,45,185,5,91,43,75,26
12,13,40,45,185,43,75,26
12,13,40,5,91,43,75,25
12,13,40,5,185,43,75,25
12,13,40,43,75,25
12,13,40,44,185,5,91,43,75,25
12,13,40,44,185,43,75,25
12,13,40,45,185,5,91,43,75,25
12,13,40,45,185,43,75,25
12,13,40,5,84
12,13,40,43,91,5,84
12,13,40,43,185,5,84
12,13,40,44,185,5,84
12,13,40,44,185,43,91,5,84
12,13,40,45,185,5,84
12,13,40,45,185,43,91,5,84
12,13,40,5,91
12,13,40,5,185,43,91
12,13,40,43,91
12,13,40,44,185,5,91
12,13,40,44,185,43,91
12,13,40,45,185,5,91
12,13,40,45,185,43,91
12,13,40,5,91,43,120
12,13,40,5,185,43,120
12,13,40,43,120
12,13,40,44,185,5,91,43,120
12,13,40,44,185,43,120
12,13,40,45,185,5,91,43,120
12,13,40,45,185,43,120
12,13,160
12,13,40,5,91,43,185,14,163
12,13,40,5,185,14,163
12,13,40,43,185,14,163
12,13,40,44,185,14,163
12,13,40,45,185,14,163
12,13,40,5,91,43,185,14
12,13,40,5,185,14
12,13,40,43,185,14
12,13,40,44,185,14
12,13,40,45,185,14
12,13,40,5,185
12,13,40,43,185
12,13,40,44,185
12,13,40,45,185
12,13,40,5,91,43,185,170
12,13,40,5,185,170
12,13,40,43,185,170
12,13,40,44,185,170
12,13,40,45,185,170
13,40
13,40,5
13,40,43,91,5
13,40,43,185,5
13,40,44,185,5
13,40,44,185,43,91,5
13,40,45,185,5
13,40,45,185,43,91,5
13,40,41
13,40,42
13,40,43
13,40,44,185,43
13,40,45,185,43
13,40,44
13,40,45,185,44
13,40,45
13,74
13,40,5,91,43,75
13,40,5,185,43,75
13,40,43,75
13,40,44,185,5,91,43,75
13,40,44,185,43,75
13,40,45,185,5,91,43,75
13,40,45,185,43,75
13,40,5,91,43,75,76
13,40,5,185,43,75,76
13,40,43,75,76
13,40,44,185,5,91,43,75,76
13,40,44,185,43,75,76
13,40,45,185,5,91,43,75,76
13,40,45,185,43,75,76
13,40,5,91,43,75,77
13,40,5,185,43,75,77
13,40,43,75,77
13,40,44,185,5,91,43,75,77
13,40,44,185,43,75,77
13,40,45,185,5,91,43,75,77
13,40,45,185,43,75,77
13,40,5,91,43,75,26
13,40,5,185,43,75,26
13,40,43,75,26
13,40,44,185,5,91,43,75,26
13,40,44,185,43,75,26
13,40,45,185,5,91,43,75,26
13,40,45,185,43,75,26
13,40,5,91,43,75,25
13,40,5,185,43,75,25
13,40,43,75,25
13,40,44,185,5,91,43,75,25
13,40,44,185,43,75,25
13,40,45,185,5,91,43,75,25
13,40,45,185,43,75,25
13,40,5,84
13,40,43,91,5,84
13,40,43,185,5,84
13,40,44,185,5,84
13,40,44,185,43,91,5,84
13,40,45,185,5,84
13,40,45,185,43,91,5,84
13,40,5,91
13,40,5,185,43,91
13,40,43,91
13,40,44,185,5,91
13,40,44,185,43,91
13,40,45,185,5,91
13,40,45,185,43,91
13,40,5,91,43,120
13,40,5,185,43,120
13,40,43,120
13,40,44,185,5,91,43,120
13,40,44,185,43,120
13,40,45,185,5,91,43,120
13,40,45,185,43,120
13,160
13,40,5,91,43,185,14,163
13,40,5,185,14,163
13,40,43,185,14,163
13,40,44,185,14,163
13,40,45,185,14,163
13,40,5,91,43,185,14
13,40,5,185,14
13,40,43,185,14
13,40,44,185,14
13,40,45,185,14
13,40,5,185
13,40,43,185
13,40,44,185
13,40,45,185
13,40,5,91,43,185,170
13,40,5,185,170
13,40,43,185,170
13,40,44,185,170
13,40,45,185,170
18,19
18,19,122
19,122
35,36
35,37
35,37,161
36,35,37
36,35,37,161
37,161
40,5
40,43,91,5
40,43,185,5
40,44,185,5
40,44,185,43,91,5
40,45,185,5
40,45,185,43,91,5
40,41
40,42
40,43
40,44,185,43
40,45,185,43
40,44
40,45,185,44
40,45
40,13,74
40,5,91,43,75
40,5,185,43,75
40,43,75
40,44,185,5,91,43,75
40,44,185,43,75
40,45,185,5,91,43,75
40,45,185,43,75
40,5,91,43,75,76
40,5,185,43,75,76
40,43,75,76
40,44,185,5,91,43,75,76
40,44,185,43,75,76
40,45,185,5,91,43,75,76
40,45,185,43,75,76
40,5,91,43,75,77
40,5,185,43,75,77
40,43,75,77
40,44,185,5,91,43,75,77
40,44,185,43,75,77
40,45,185,5,91,43,75,77
40,45,185,43,75,77
40,5,91,43,75,26
40,5,185,43,75,26
40,43,75,26
40,44,185,5,91,43,75,26
40,44,185,43,75,26
40,45,185,5,91,43,75,26
40,45,185,43,75,26
40,5,91,43,75,25
40,5,185,43,75,25
40,43,75,25
40,44,185,5,91,43,75,25
40,44,185,43,75,25
40,45,185,5,91,43,75,25
40,45,185,43,75,25
40,5,84
40,43,91,5,84
40,43,185,5,84
40,44,185,5,84
40,44,185,43,91,5,84
40,45,185,5,84
40,45,185,43,91,5,84
40,5,91
40,5,185,43,91
40,43,91
40,44,185,5,91
40,44,185,43,91
40,45,185,5,91
40,45,185,43,91
40,5,91,43,120
40,5,185,43,120
40,43,120
40,44,185,5,91,43,120
40,44,185,43,120
40,45,185,5,91,43,120
40,45,185,43,120
40,13,160
40,5,91,43,185,14,163
40,5,185,14,163
40,43,185,14,163
40,44,185,14,163
40,45,185,14,163
40,5,91,43,185,14
40,5,185,14
40,43,185,14
40,44,185,14
40,45,185,14
40,5,185
40,43,185
40,44,185
40,45,185
40,5,91,43,185,170
40,5,185,170
40,43,185,170
40,44,185,170
40,45,185,170
5,40,41
5,91,43,40,41
5,91,43,185,44,40,41
5,91,43,185,45,40,41
5,185,43,40,41
5,185,44,40,41
5,185,45,40,41
5,40,42
5,91,43,40,42
5,91,43,185,44,40,42
5,91,43,185,45,40,42
5,185,43,40,42
5,185,44,40,42
5,185,45,40,42
5,40,43
5,40,44,185,43
5,40,45,185,43
5,91,43
5,185,43
5,40,44
5,40,45,185,44
5,91,43,40,44
5,91,43,40,45,185,44
5,91,43,185,44
5,185,44
5,40,45
5,91,43,40,45
5,91,43,185,45
5,185,45
5,40,13,74
5,91,43,40,13,74
5,91,43,185,44,40,13,74
5,91,43,185,45,40,13,74
5,185,43,40,13,74
5,185,44,40,13,74
5,185,45,40,13,74
5,40,43,75
5,40,44,185,43,75
5,40,45,185,43,75
5,91,43,75
5,185,43,75
5,40,43,75,76
5,40,44,185,43,75,76
5,40,45,185,43,75,76
5,91,43,75,76
5,185,43,75,76
5,40,43,75,77
5,40,44,185,43,75,77
5,40,45,185,43,75,77
5,91,43,75,77
5,185,43,75,77
5,40,43,75,26
5,40,44,185,43,75,26
5,40,45,185,43,75,26
5,91,43,75,26
5,185,43,75,26
5,40,43,75,25
5,40,44,185,43,75,25
5,40,45,185,43,75,25
5,91,43,75,25
5,185,43,75,25
5,84
5,91
5,185,43,91
5,40,43,120
5,40,44,185,43,120
5,40,45,185,43,120
5,91,43,120
5,185,43,120
5,40,13,160
5,91,43,40,13,160
5,91,43,185,44,40,13,160
5,91,43,185,45,40,13,160
5,185,43,40,13,160
5,185,44,40,13,160
5,185,45,40,13,160
5,40,43,185,14,163
5,40,44,185,14,163
5,40,45,185,14,163
5,91,43,40,44,185,14,163
5,91,43,40,45,185,14,163
5,91,43,185,14,163
5,185,14,163
5,40,43,185,14
5,40,44,185,14
5,40,45,185,14
5,91,43,40,44,185,14
5,91,43,40,45,185,14
5,91,43,185,14
5,185,14
5,185
5,40,43,185,170
5,40,44,185,170
5,40,45,185,170
5,91,43,40,44,185,170
5,91,43,40,45,185,170
5,91,43,185,170
5,185,170
41,40,42
41,40,43
41,40,44,185,43
41,40,45,185,43
41,40,44
41,40,45,185,44
41,40,45
41,40,13,74
41,40,5,91,43,75
41,40,5,185,43,75
41,40,43,75
41,40,44,185,5,91,43,75
41,40,44,185,43,75
41,40,45,185,5,91,43,75
41,40,45,185,43,75
41,40,5,91,43,75,76
41,40,5,185,43,75,76
41,40,43,75,76
41,40,44,185,5,91,43,75,76
41,40,44,185,43,75,76
41,40,45,185,5,91,43,75,76
41,40,45,185,43,75,76
41,40,5,91,43,75,77
41,40,5,185,43,75,77
41,40,43,75,77
41,40,44,185,5,91,43,75,77
41,40,44,185,43,75,77
41,40,45,185,5,91,43,75,77
41,40,45,185,43,75,77
41,40,5,91,43,75,26
41,40,5,185,43,75,26
41,40,43,75,26
41,40,44,185,5,91,43,75,26
41,40,44,185,43,75,26
41,40,45,185,5,91,43,75,26
41,40,45,185,43,75,26
41,40,5,91,43,75,25
41,40,5,185,43,75,25
41,40,43,75,25
41,40,44,185,5,91,43,75,25
41,40,44,185,43,75,25
41,40,45,185,5,91,43,75,25
41,40,45,185,43,75,25
41,40,5,84
41,40,43,91,5,84
41,40,43,185,5,84
41,40,44,185,5,84
41,40,44,185,43,91,5,84
41,40,45,185,5,84
41,40,45,185,43,91,5,84
41,40,5,91
41,40,5,185,43,91
41,40,43,91
41,40,44,185,5,91
41,40,44,185,43,91
41,40,45,185,5,91
41,40,45,185,43,91
41,40,5,91,43,120
41,40,5,185,43,120
41,40,43,120
41,40,44,185,5,91,43,120
41,40,44,185,43,120
41,40,45,185,5,91,43,120
41,40,45,185,43,120
41,40,13,160
41,40,5,91,43,185,14,163
41,40,5,185,14,163
41,40,43,185,14,163
41,40,44,185,14,163
41,40,45,185,14,163
41,40,5,91,43,185,14
41,40,5,185,14
41,40,43,185,14
41,40,44,185,14
41,40,45,185,14
41,40,5,185
41,40,43,185
41,40,44,185
41,40,45,185
41,40,5,91,43,185,170
41,40,5,185,170
41,40,43,185,170
41,40,44,185,170
41,40,45,185,170
42,40,43
42,40,44,185,43
42,40,45,185,43
42,40,44
42,40,45,185,44
42,40,45
42,40,13,74
42,40,5,91,43,75
42,40,5,185,43,75
42,40,43,75
42,40,44,185,5,91,43,75
42,40,44,185,43,75
42,40,45,185,5,91,43,75
42,40,45,185,43,75
42,40,5,91,43,75,76
42,40,5,185,43,75,76
42,40,43,75,76
42,40,44,185,5,91,43,75,76
42,40,44,185,43,75,76
42,40,45,185,5,91,43,75,76
42,40,45,185,43,75,76
42,40,5,91,43,75,77
42,40,5,185,43,75,77
42,40,43,75,77
42,40,44,185,5,91,43,75,77
42,40,44,185,43,75,77
42,40,45,185,5,91,43,75,77
42,40,45,185,43,75,77
42,40,5,91,43,75,26
42,40,5,185,43,75,26
42,40,43,75,26
42,40,44,185,5,91,43,75,26
42,40,44,185,43,75,26
42,40,45,185,5,91,43,75,26
42,40,45,185,43,75,26
42,40,5,91,43,75,25
42,40,5,185,43,75,25
42,40,43,75,25
42,40,44,185,5,91,43,75,25
42,40,44,185,43,75,25
42,40,45,185,5,91,43,75,25
42,40,45,185,43,75,25
42,40,5,84
42,40,43,91,5,84
42,40,43,185,5,84
42,40,44,185,5,84
42,40,44,185,43,91,5,84
42,40,45,185,5,84
42,40,45,185,43,91,5,84
42,40,5,91
42,40,5,185,43,91
42,40,43,91
42,40,44,185,5,91
42,40,44,185,43,91
42,40,45,185,5,91
42,40,45,185,43,91
42,40,5,91,43,120
42,40,5,185,43,120
42,40,43,120
42,40,44,185,5,91,43,120
42,40,44,185,43,120
42,40,45,185,5,91,43,120
42,40,45,185,43,120
42,40,13,160
42,40,5,91,43,185,14,163
42,40,5,185,14,163
42,40,43,185,14,163
42,40,44,185,14,163
42,40,45,185,14,163
42,40,5,91,43,185,14
42,40,5,185,14
42,40,43,185,14
42,40,44,185,14
42,40,45,185,14
42,40,5,185
42,40,43,185
42,40,44,185
42,40,45,185
42,40,5,91,43,185,170
42,40,5,185,170
42,40,43,185,170
42,40,44,185,170
42,40,45,185,170
43,40,44
43,40,45,185,44
43,185,44
43,40,45
43,185,45
43,40,13,74
43,185,44,40,13,74
43,185,45,40,13,74
43,75
43,75,76
43,75,77
43,75,26
43,75,25
43,40,5,84
43,40,44,185,5,84
43,40,45,185,5,84
43,91,5,84
43,185,5,84
43,91
43,120
43,40,13,160
43,185,44,40,13,160
43,185,45,40,13,160
43,40,44,185,14,163
43,40,45,185,14,163
43,185,14,163
43,40,44,185,14
43,40,45,185,14
43,185,14
43,185
43,40,44,185,170
43,40,45,185,170
43,185,170
44,40,45
44,185,45
44,40,13,74
44,185,45,40,13,74
44,40,5,91,43,75
44,40,43,75
44,40,45,185,5,91,43,75
44,40,45,185,43,75
44,185,5,91,43,75
44,185,43,75
44,40,5,91,43,75,76
44,40,43,75,76
44,40,45,185,5,91,43,75,76
44,40,45,185,43,75,76
44,185,5,91,43,75,76
44,185,43,75,76
44,40,5,91,43,75,77
44,40,43,75,77
44,40,45,185,5,91,43,75,77
44,40,45,185,43,75,77
44,185,5,91,43,75,77
44,185,43,75,77
44,40,5,91,43,75,26
44,40,43,75,26
44,40,45,185,5,91,43,75,26
44,40,45,185,43,75,26
44,185,5,91,43,75,26
44,185,43,75,26
44,40,5,91,43,75,25
44,40,43,75,25
44,40,45,185,5,91,43,75,25
44,40,45,185,43,75,25
44,185,5,91,43,75,25
44,185,43,75,25
44,40,5,84
44,40,43,91,5,84
44,40,45,185,5,84
44,40,45,185,43,91,5,84
44,185,5,84
44,185,43,91,5,84
44,40,5,91
44,40,43,91
44,40,45,185,5,91
44,40,45,185,43,91
44,185,5,91
44,185,43,91
44,40,5,91,43,120
44,40,43,120
44,40,45,185,5,91,43,120
44,40,45,185,43,120
44,185,5,91,43,120
44,185,43,120
44,40,13,160
44,185,45,40,13,160
44,40,45,185,14,163
44,185,14,163
44,40,45,185,14
44,185,14
44,185
44,40,45,185,170
44,185,170
45,40,13,74
45,40,5,91,43,75
45,40,43,75
45,185,5,91,43,75
45,185,43,75
45,40,5,91,43,75,76
45,40,43,75,76
45,185,5,91,43,75,76
45,185,43,75,76
45,40,5,91,43,75,77
45,40,43,75,77
45,185,5,91,43,75,77
45,185,43,75,77
45,40,5,91,43,75,26
45,40,43,75,26
45,185,5,91,43,75,26
45,185,43,75,26
45,40,5,91,43,75,25
45,40,43,75,25
45,185,5,91,43,75,25
45,185,43,75,25
45,40,5,84
45,40,43,91,5,84
45,185,5,84
45,185,43,91,5,84
45,40,5,91
45,40,43,91
45,185,5,91
45,185,43,91
45,40,5,91,43,120
45,40,43,120
45,185,5,91,43,120
45,185,43,120
45,40,13,160
45,185,14,163
45,185,14
45,185
45,185,170
74,13,40,5,91,43,75
74,13,40,5,185,43,75
74,13,40,43,75
74,13,40,44,185,5,91,43,75
74,13,40,44,185,43,75
74,13,40,45,185,5,91,43,75
74,13,40,45,185,43,75
74,13,40,5,91,43,75,76
74,13,40,5,185,43,75,76
74,13,40,43,75,76
74,13,40,44,185,5,91,43,75,76
74,13,40,44,185,43,75,76
74,13,40,45,185,5,91,43,75,76
74,13,40,45,185,43,75,76
74,13,40,5,91,43,75,77
74,13,40,5,185,43,75,77
74,13,40,43,75,77
74,13,40,44,185,5,91,43,75,77
74,13,40,44,185,43,75,77
74,13,40,45,185,5,91,43,75,77
74,13,40,45,185,43,75,77
74,13,40,5,91,43,75,26
74,13,40,5,185,43,75,26
74,13,40,43,75,26
74,13,40,44,185,5,91,43,75,26
74,13,40,44,185,43,75,26
74,13,40,45,185,5,91,43,75,26
74,13,40,45,185,43,75,26
74,13,40,5,91,43,75,25
74,13,40,5,185,43,75,25
74,13,40,43,75,25
74,13,40,44,185,5,91,43,75,25
74,13,40,44,185,43,75,25
74,13,40,45,185,5,91,43,75,25
74,13,40,45,185,43,75,25
74,13,40,5,84
74,13,40,43,91,5,84
74,13,40,43,185,5,84
74,13,40,44,185,5,84
74,13,40,44,185,43,91,5,84
74,13,40,45,185,5,84
74,13,40,45,185,43,91,5,84
74,13,40,5,91
74,13,40,5,185,43,91
74,13,40,43,91
74,13,40,44,185,5,91
74,13,40,44,185,43,91
74,13,40,45,185,5,91
74,13,40,45,185,43,91
74,13,40,5,91,43,120
74,13,40,5,185,43,120
74,13,40,43,120
74,13,40,44,185,5,91,43,120
74,13,40,44,185,43,120
74,13,40,45,185,5,91,43,120
74,13,40,45,185,43,120
74,13,160
74,13,40,5,91,43,185,14,163
74,13,40,5,185,14,163
74,13,40,43,185,14,163
74,13,40,44,185,14,163
74,13,40,45,185,14,163
74,13,40,5,91,43,185,14
74,13,40,5,185,14
74,13,40,43,185,14
74,13,40,44,185,14
74,13,40,45,185,14
74,13,40,5,185
74,13,40,43,185
74,13,40,44,185
74,13,40,45,185
74,13,40,5,91,43,185,170
74,13,40,5,185,170
74,13,40,43,185,170
74,13,40,44,185,170
74,13,40,45,185,170
75,76
75,77
75,26
75,25
75,43,40,5,84
75,43,40,44,185,5,84
75,43,40,45,185,5,84
75,43,91,5,84
75,43,185,5,84
75,43,91
75,43,185,5,91
75,43,120
75,43,40,13,160
75,43,91,5,40,13,160
75,43,91,5,185,44,40,13,160
75,43,91,5,185,45,40,13,160
75,43,185,5,40,13,160
75,43,185,44,40,13,160
75,43,185,45,40,13,160
75,43,40,5,185,14,163
75,43,40,44,185,14,163
75,43,40,45,185,14,163
75,43,91,5,40,44,185,14,163
75,43,91,5,40,45,185,14,163
75,43,91,5,185,14,163
75,43,185,14,163
75,43,40,5,185,14
75,43,40,44,185,14
75,43,40,45,185,14
75,43,91,5,40,44,185,14
75,43,91,5,40,45,185,14
75,43,91,5,185,14
75,43,185,14
75,43,185
75,43,40,5,185,170
75,43,40,44,185,170
75,43,40,45,185,170
75,43,91,5,40,44,185,170
75,43,91,5,40,45,185,170
75,43,91,5,185,170
75,43,185,170
76,75,77
76,75,26
76,75,25
76,75,43,40,5,84
76,75,43,40,44,185,5,84
76,75,43,40,45,185,5,84
76,75,43,91,5,84
76,75,43,185,5,84
76,75,43,91
76,75,43,185,5,91
76,75,43,120
76,75,43,40,13,160
76,75,43,91,5,40,13,160
76,75,43,91,5,185,44,40,13,160
76,75,43,91,5,185,45,40,13,160
76,75,43,185,5,40,13,160
76,75,43,185,44,40,13,160
76,75,43,185,45,40,13,160
76,75,43,40,5,185,14,163
76,75,43,40,44,185,14,163
76,75,43,40,45,185,14,163
76,75,43,91,5,40,44,185,14,163
76,75,43,91,5,40,45,185,14,163
76,75,43,91,5,185,14,163
76,75,43,185,14,163
76,75,43,40,5,185,14
76,75,43,40,44,185,14
76,75,43,40,45,185,14
76,75,43,91,5,40,44,185,14
76,75,43,91,5,40,45,185,14
76,75,43,91,5,185,14
76,75,43,185,14
76,75,43,185
76,75,43,40,5,185,170
76,75,43,40,44,185,170
76,75,43,40,45,185,170
76,75,43,91,5,40,44,185,170
76,75,43,91,5,40,45,185,170
76,75,43,91,5,185,170
76,75,43,185,170
77,75,26
77,75,25
77,75,43,40,5,84
77,75,43,40,44,185,5,84
77,75,43,40,45,185,5,84
77,75,43,91,5,84
77,75,43,185,5,84
77,75,43,91
77,75,43,185,5,91
77,75,43,120
77,75,43,40,13,160
77,75,43,91,5,40,13,160
77,75,43,91,5,185,44,40,13,160
77,75,43,91,5,185,45,40,13,160
77,75,43,185,5,40,13,160
77,75,43,185,44,40,13,160
77,75,43,185,45,40,13,160
77,75,43,40,5,185,14,163
77,75,43,40,44,185,14,163
77,75,43,40,45,185,14,163
77,75,43,91,5,40,44,185,14,163
77,75,43,91,5,40,45,185,14,163
77,75,43,91,5,185,14,163
77,75,43,185,14,163
77,75,43,40,5,185,14
77,75,43,40,44,185,14
77,75,43,40,45,185,14
77,75,43,91,5,40,44,185,14
77,75,43,91,5,40,45,185,14
77,75,43,91,5,185,14
77,75,43,185,14
77,75,43,185
77,75,43,40,5,185,170
77,75,43,40,44,185,170
77,75,43,40,45,185,170
77,75,43,91,5,40,44,185,170
77,75,43,91,5,40,45,185,170
77,75,43,91,5,185,170
77,75,43,185,170
26,75,25
26,75,43,40,5,84
26,75,43,40,44,185,5,84
26,75,43,40,45,185,5,84
26,75,43,91,5,84
26,75,43,185,5,84
26,75,43,91
26,75,43,185,5,91
26,75,43,120
26,75,43,40,13,160
26,75,43,91,5,40,13,160
26,75,43,91,5,185,44,40,13,160
26,75,43,91,5,185,45,40,13,160
26,75,43,185,5,40,13,160
26,75,43,185,44,40,13,160
26,75,43,185,45,40,13,160
26,75,43,40,5,185,14,163
26,75,43,40,44,185,14,163
26,75,43,40,45,185,14,163
26,75,43,91,5,40,44,185,14,163
26,75,43,91,5,40,45,185,14,163
26,75,43,91,5,185,14,163
26,75,43,185,14,163
26,75,43,40,5,185,14
26,75,43,40,44,185,14
26,75,43,40,45,185,14
26,75,43,91,5,40,44,185,14
26,75,43,91,5,40,45,185,14
26,75,43,91,5,185,14
26,75,43,185,14
26,75,43,185
26,75,43,40,5,185,170
26,75,43,40,44,185,170
26,75,43,40,45,185,170
26,75,43,91,5,40,44,185,170
26,75,43,91,5,40,45,185,170
26,75,43,91,5,185,170
26,75,43,185,170
25,75,43,40,5,84
25,75,43,40,44,185,5,84
25,75,43,40,45,185,5,84
25,75,43,91,5,84
25,75,43,185,5,84
25,75,43,91
25,75,43,185,5,91
25,75,43,120
25,75,43,40,13,160
25,75,43,91,5,40,13,160
25,75,43,91,5,185,44,40,13,160
25,75,43,91,5,185,45,40,13,160
25,75,43,185,5,40,13,160
25,75,43,185,44,40,13,160
25,75,43,185,45,40,13,160
25,75,43,40,5,185,14,163
25,75,43,40,44,185,14,163
25,75,43,40,45,185,14,163
25,75,43,91,5,40,44,185,14,163
25,75,43,91,5,40,45,185,14,163
25,75,43,91,5,185,14,163
25,75,43,185,14,163
25,75,43,40,5,185,14
25,75,43,40,44,185,14
25,75,43,40,45,185,14
25,75,43,91,5,40,44,185,14
25,75,43,91,5,40,45,185,14
25,75,43,91,5,185,14
25,75,43,185,14
25,75,43,185
25,75,43,40,5,185,170
25,75,43,40,44,185,170
25,75,43,40,45,185,170
25,75,43,91,5,40,44,185,170
25,75,43,91,5,40,45,185,170
25,75,43,91,5,185,170
25,75,43,185,170
78,52
78,52,188
52,188
84,5,91
84,5,185,43,91
84,5,40,43,120
84,5,40,44,185,43,120
84,5,40,45,185,43,120
84,5,91,43,120
84,5,185,43,120
84,5,40,13,160
84,5,91,43,40,13,160
84,5,91,43,185,44,40,13,160
84,5,91,43,185,45,40,13,160
84,5,185,43,40,13,160
84,5,185,44,40,13,160
84,5,185,45,40,13,160
84,5,40,43,185,14,163
84,5,40,44,185,14,163
84,5,40,45,185,14,163
84,5,91,43,40,44,185,14,163
84,5,91,43,40,45,185,14,163
84,5,91,43,185,14,163
84,5,185,14,163
84,5,40,43,185,14
84,5,40,44,185,14
84,5,40,45,185,14
84,5,91,43,40,44,185,14
84,5,91,43,40,45,185,14
84,5,91,43,185,14
84,5,185,14
84,5,185
84,5,40,43,185,170
84,5,40,44,185,170
84,5,40,45,185,170
84,5,91,43,40,44,185,170
84,5,91,43,40,45,185,170
84,5,91,43,185,170
84,5,185,170
88,89
91,43,120
91,5,185,43,120
91,43,40,13,160
91,43,185,5,40,13,160
91,43,185,44,40,13,160
91,43,185,45,40,13,160
91,5,40,13,160
91,5,185,44,40,13,160
91,5,185,45,40,13,160
91,43,40,44,185,14,163
91,43,40,45,185,14,163
91,43,185,14,163
91,5,40,44,185,14,163
91,5,40,45,185,14,163
91,5,185,14,163
91,43,40,44,185,14
91,43,40,45,185,14
91,43,185,14
91,5,40,44,185,14
91,5,40,45,185,14
91,5,185,14
91,43,185
91,5,185
91,43,40,44,185,170
91,43,40,45,185,170
91,43,185,170
91,5,40,44,185,170
91,5,40,45,185,170
91,5,185,170
103,104
103,105
104,103,105
120,43,40,13,160
120,43,91,5,40,13,160
120,43,91,5,185,44,40,13,160
120,43,91,5,185,45,40,13,160
120,43,185,5,40,13,160
120,43,185,44,40,13,160
120,43,185,45,40,13,160
120,43,40,5,185,14,163
120,43,40,44,185,14,163
120,43,40,45,185,14,163
120,43,91,5,40,44,185,14,163
120,43,91,5,40,45,185,14,163
120,43,91,5,185,14,163
120,43,185,14,163
120,43,40,5,185,14
120,43,40,44,185,14
120,43,40,45,185,14
120,43,91,5,40,44,185,14
120,43,91,5,40,45,185,14
120,43,91,5,185,14
120,43,185,14
120,43,185
120,43,40,5,185,170
120,43,40,44,185,170
120,43,40,45,185,170
120,43,91,5,40,44,185,170
120,43,91,5,40,45,185,170
120,43,91,5,185,170
120,43,185,170
129,15
160,13,40,5,91,43,185,14,163
160,13,40,5,185,14,163
160,13,40,43,185,14,163
160,13,40,44,185,14,163
160,13,40,45,185,14,163
160,13,40,5,91,43,185,14
160,13,40,5,185,14
160,13,40,43,185,14
160,13,40,44,185,14
160,13,40,45,185,14
160,13,40,5,185
160,13,40,43,185
160,13,40,44,185
160,13,40,45,185
160,13,40,5,91,43,185,170
160,13,40,5,185,170
160,13,40,43,185,170
160,13,40,44,185,170
160,13,40,45,185,170
163,14
163,14,185
163,14,185,170
14,185
14,185,170
165,166
174,139
174,39
139,174,39
183,81
185,170
191,132
