6,7
6,8
7,6,8
25,26
25,27
25,28,50,27
25,186,442,49,50,27
25,186,442,443,50,27
25,28
25,186,442,49,50,28
25,186,442,443,50,28
25,27,50,49
25,27,50,443,442,49
25,28,50,49
25,28,50,443,442,49
25,186,442,49
25,186,442,443,50,49
25,27,50
25,28,50
25,186,442,49,50
25,186,442,443,50
25,27,50,49,51
25,27,50,443,442,49,51
25,28,50,49,51
25,28,50,443,442,49,51
25,186,442,49,51
25,186,442,443,50,49,51
25,27,50,49,52
25,27,50,443,442,49,52
25,28,50,49,52
25,28,50,443,442,49,52
25,186,442,49,52
25,186,442,443,50,49,52
25,186
25,27,50,28,170
25,28,170
25,186,442,49,50,28,170
25,186,442,443,50,28,170
25,27,50,28,283
25,28,283
25,186,442,49,50,28,283
25,186,442,443,50,28,283
25,27,50,49,442
25,27,50,443,442
25,28,50,49,442
25,28,50,443,442
25,186,442
25,27,50,443
25,28,50,443
25,186,442,443
25,27,531
25,28,50,27,531
25,186,442,49,50,27,531
25,186,442,443,50,27,531
25,27,532
25,28,50,27,532
25,186,442,49,50,27,532
25,186,442,443,50,27,532
25,27,50,49,442,443,609
25,27,50,443,609
25,28,50,49,442,443,609
25,28,50,443,609
25,186,442,49,50,443,609
25,186,442,443,609
25,27,50,49,442,443,548
25,27,50,443,548
25,28,50,49,442,443,548
25,28,50,443,548
25,186,442,49,50,443,548
25,186,442,443,548
26,25,27
26,25,28,50,27
26,25,186,442,49,50,27
26,25,186,442,443,50,27
26,25,28
26,25,186,442,49,50,28
26,25,186,442,443,50,28
26,25,27,50,49
26,25,27,50,443,442,49
26,25,28,50,49
26,25,28,50,443,442,49
26,25,186,442,49
26,25,186,442,443,50,49
26,25,27,50
26,25,28,50
26,25,186,442,49,50
26,25,186,442,443,50
26,25,27,50,49,51
26,25,27,50,443,442,49,51
26,25,28,50,49,51
26,25,28,50,443,442,49,51
26,25,186,442,49,51
26,25,186,442,443,50,49,51
26,25,27,50,49,52
26,25,27,50,443,442,49,52
26,25,28,50,49,52
26,25,28,50,443,442,49,52
26,25,186,442,49,52
26,25,186,442,443,50,49,52
26,25,186
26,25,27,50,28,170
26,25,28,170
26,25,186,442,49,50,28,170
26,25,186,442,443,50,28,170
26,25,27,50,28,283
26,25,28,283
26,25,186,442,49,50,28,283
26,25,186,442,443,50,28,283
26,25,27,50,49,442
26,25,27,50,443,442
26,25,28,50,49,442
26,25,28,50,443,442
26,25,186,442
26,25,27,50,443
26,25,28,50,443
26,25,186,442,443
26,25,27,531
26,25,28,50,27,531
26,25,186,442,49,50,27,531
26,25,186,442,443,50,27,531
26,25,27,532
26,25,28,50,27,532
26,25,186,442,49,50,27,532
26,25,186,442,443,50,27,532
26,25,27,50,49,442,443,609
26,25,27,50,443,609
26,25,28,50,49,442,443,609
26,25,28,50,443,609
26,25,186,442,49,50,443,609
26,25,186,442,443,609
26,25,27,50,49,442,443,548
26,25,27,50,443,548
26,25,28,50,49,442,443,548
26,25,28,50,443,548
26,25,186,442,49,50,443,548
26,25,186,442,443,548
27,25,28
27,25,186,442,49,50,28
27,25,186,442,443,50,28
27,50,28
27,25,28,50,49
27,25,28,50,443,442,49
27,25,186,442,49
27,25,186,442,443,50,49
27,50,49
27,50,443,442,49
27,50
27,25,28,50,49,51
27,25,28,50,443,442,49,51
27,25,186,442,49,51
27,25,186,442,443,50,49,51
27,50,49,51
27,50,28,25,186,442,49,51
27,50,443,442,49,51
27,25,28,50,49,52
27,25,28,50,443,442,49,52
27,25,186,442,49,52
27,25,186,442,443,50,49,52
27,50,49,52
27,50,28,25,186,442,49,52
27,50,443,442,49,52
27,25,186
27,50,49,442,186
27,50,28,25,186
27,50,443,442,186
27,25,28,170
27,25,186,442,49,50,28,170
27,25,186,442,443,50,28,170
27,50,28,170
27,25,28,283
27,25,186,442,49,50,28,283
27,25,186,442,443,50,28,283
27,50,28,283
27,25,28,50,49,442
27,25,28,50,443,442
27,25,186,442
27,50,49,442
27,50,28,25,186,442
27,50,443,442
27,25,28,50,443
27,25,186,442,443
27,50,443
27,531
27,532
27,25,28,50,49,442,443,609
27,25,28,50,443,609
27,25,186,442,49,50,443,609
27,25,186,442,443,609
27,50,49,442,443,609
27,50,28,25,186,442,443,609
27,50,443,609
27,25,28,50,49,442,443,548
27,25,28,50,443,548
27,25,186,442,49,50,443,548
27,25,186,442,443,548
27,50,49,442,443,548
27,50,28,25,186,442,443,548
27,50,443,548
28,25,186,442,49
28,25,186,442,443,50,49
28,50,49
28,50,443,442,49
28,50
28,25,186,442,49,51
28,25,186,442,443,50,49,51
28,50,49,51
28,50,443,442,49,51
28,25,186,442,49,52
28,25,186,442,443,50,49,52
28,50,49,52
28,50,443,442,49,52
28,25,186
28,50,49,442,186
28,50,443,442,186
28,170
28,283
28,25,186,442
28,50,49,442
28,50,443,442
28,25,186,442,443
28,50,443
28,25,27,531
28,25,186,442,49,50,27,531
28,25,186,442,443,50,27,531
28,50,27,531
28,25,27,532
28,25,186,442,49,50,27,532
28,25,186,442,443,50,27,532
28,50,27,532
28,25,186,442,49,50,443,609
28,25,186,442,443,609
28,50,49,442,443,609
28,50,443,609
28,25,186,442,49,50,443,548
28,25,186,442,443,548
28,50,49,442,443,548
28,50,443,548
36,37
36,37,413
36,37,414
36,37,415
36,37,416,519,415
36,37,416
36,37,415,519
36,37,416,519
36,37,415,519,553
36,37,416,519,553
37,413
37,414
37,415
37,416,519,415
37,416
37,415,519
37,416,519
37,415,519,553
37,416,519,553
38,39
49,50
49,442,443,50
49,51
49,52
49,50,28,25,186
49,50,27,25,186
49,50,443,442,186
49,442,186
49,50,28,170
49,50,27,25,28,170
49,50,443,442,186,25,28,170
49,442,186,25,28,170
49,442,443,50,28,170
49,442,443,50,27,25,28,170
49,50,28,283
49,50,27,25,28,283
49,50,443,442,186,25,28,283
49,442,186,25,28,283
49,442,443,50,28,283
49,442,443,50,27,25,28,283
49,442
49,50,443
49,442,443
49,50,28,25,27,531
49,50,27,531
49,50,443,442,186,25,27,531
49,442,186,25,27,531
49,442,443,50,28,25,27,531
49,442,443,50,27,531
49,50,28,25,27,532
49,50,27,532
49,50,443,442,186,25,27,532
49,442,186,25,27,532
49,442,443,50,28,25,27,532
49,442,443,50,27,532
49,50,443,609
49,442,443,609
49,50,443,548
49,442,443,548
50,49,51
50,28,25,186,442,49,51
50,27,25,186,442,49,51
50,443,442,49,51
50,49,52
50,28,25,186,442,49,52
50,27,25,186,442,49,52
50,443,442,49,52
50,49,442,186
50,28,25,186
50,27,25,186
50,443,442,186
50,28,170
50,28,283
50,49,442
50,28,25,186,442
50,27,25,186,442
50,443,442
50,443
50,27,531
50,27,532
50,49,442,443,609
50,28,25,186,442,443,609
50,27,25,186,442,443,609
50,443,609
50,49,442,443,548
50,28,25,186,442,443,548
50,27,25,186,442,443,548
50,443,548
51,49,52
51,49,50,28,25,186
51,49,50,27,25,186
51,49,50,443,442,186
51,49,442,186
51,49,50,28,170
51,49,50,27,25,28,170
51,49,50,443,442,186,25,28,170
51,49,442,186,25,27,50,28,170
51,49,442,186,25,28,170
51,49,442,443,50,28,170
51,49,442,443,50,27,25,28,170
51,49,50,28,283
51,49,50,27,25,28,283
51,49,50,443,442,186,25,28,283
51,49,442,186,25,27,50,28,283
51,49,442,186,25,28,283
51,49,442,443,50,28,283
51,49,442,443,50,27,25,28,283
51,49,442
51,49,50,443
51,49,442,443
51,49,50,28,25,27,531
51,49,50,27,531
51,49,50,443,442,186,25,27,531
51,49,442,186,25,27,531
51,49,442,186,25,28,50,27,531
51,49,442,443,50,28,25,27,531
51,49,442,443,50,27,531
51,49,50,28,25,27,532
51,49,50,27,532
51,49,50,443,442,186,25,27,532
51,49,442,186,25,27,532
51,49,442,186,25,28,50,27,532
51,49,442,443,50,28,25,27,532
51,49,442,443,50,27,532
51,49,50,28,25,186,442,443,609
51,49,50,27,25,186,442,443,609
51,49,50,443,609
51,49,442,443,609
51,49,50,28,25,186,442,443,548
51,49,50,27,25,186,442,443,548
51,49,50,443,548
51,49,442,443,548
52,49,50,28,25,186
52,49,50,27,25,186
52,49,50,443,442,186
52,49,442,186
52,49,50,28,170
52,49,50,27,25,28,170
52,49,50,443,442,186,25,28,170
52,49,442,186,25,27,50,28,170
52,49,442,186,25,28,170
52,49,442,443,50,28,170
52,49,442,443,50,27,25,28,170
52,49,50,28,283
52,49,50,27,25,28,283
52,49,50,443,442,186,25,28,283
52,49,442,186,25,27,50,28,283
52,49,442,186,25,28,283
52,49,442,443,50,28,283
52,49,442,443,50,27,25,28,283
52,49,442
52,49,50,443
52,49,442,443
52,49,50,28,25,27,531
52,49,50,27,531
52,49,50,443,442,186,25,27,531
52,49,442,186,25,27,531
52,49,442,186,25,28,50,27,531
52,49,442,443,50,28,25,27,531
52,49,442,443,50,27,531
52,49,50,28,25,27,532
52,49,50,27,532
52,49,50,443,442,186,25,27,532
52,49,442,186,25,27,532
52,49,442,186,25,28,50,27,532
52,49,442,443,50,28,25,27,532
52,49,442,443,50,27,532
52,49,50,28,25,186,442,443,609
52,49,50,27,25,186,442,443,609
52,49,50,443,609
52,49,442,443,609
52,49,50,28,25,186,442,443,548
52,49,50,27,25,186,442,443,548
52,49,50,443,548
52,49,442,443,548
73,74
73,74,124
73,74,603
74,124
74,603
75,76
75,76,195
76,195
104,105
104,105,102,116
104,105,116
104,105,102
105,102,116
105,116
105,102
109,110
116,102
124,74,603
139,140
139,140,282,281
139,140,282
140,282,281
140,282
162,163
162,31
162,11
162,164
162,165
162,166
162,68
163,162,31
163,162,11
163,162,164
163,162,165
163,162,166
163,162,68
31,162,11
31,162,164
31,162,165
31,162,166
31,162,68
11,162,164
11,162,165
11,162,166
11,162,68
164,162,165
164,162,166
164,162,68
165,162,166
165,162,68
166,162,68
186,25,27,50,28,170
186,25,28,170
186,442,49,50,28,170
186,442,443,50,28,170
186,25,27,50,28,283
186,25,28,283
186,442,49,50,28,283
186,442,443,50,28,283
186,442
186,25,27,50,443
186,25,28,50,443
186,442,443
186,25,27,531
186,25,28,50,27,531
186,442,49,50,27,531
186,442,443,50,27,531
186,25,27,532
186,25,28,50,27,532
186,442,49,50,27,532
186,442,443,50,27,532
186,25,27,50,443,609
186,25,28,50,443,609
186,442,49,50,443,609
186,442,443,609
186,25,27,50,443,548
186,25,28,50,443,548
186,442,49,50,443,548
186,442,443,548
189,190
189,145,670,132,525,190
189,5,967,132,525,190
189,191,919,132,525,190
189,192,376,132,525,190
189,145
189,5,967,132,670,145
189,191,919,132,670,145
189,192,376,132,670,145
189,5
189,191,919,132,967,5
189,192,376,132,967,5
189,191
189,192,376,132,919,191
189,192
189,190,525,132,376
189,145,670,132,376
189,5,967,132,376
189,191,919,132,376
189,192,376
189,190,525,132
189,145,670,132
189,5,967,132
189,191,919,132
189,192,376,132
189,190,525
189,145,670,132,525
189,5,967,132,525
189,191,919,132,525
189,192,376,132,525
189,190,525,132,670
189,145,670
189,5,967,132,670
189,191,919,132,670
189,192,376,132,670
189,190,525,132,919
189,145,670,132,919
189,5,967,132,919
189,191,919
189,192,376,132,919
189,190,525,132,967
189,145,670,132,967
189,5,967
189,191,919,132,967
189,192,376,132,967
190,189,145
190,189,5,967,132,670,145
190,189,191,919,132,670,145
190,189,192,376,132,670,145
190,525,132,376,192,189,145
190,525,132,670,145
190,525,132,919,191,189,145
190,525,132,967,5,189,145
190,189,5
190,189,191,919,132,967,5
190,189,192,376,132,967,5
190,525,132,376,192,189,5
190,525,132,670,145,189,5
190,525,132,919,191,189,5
190,525,132,967,5
190,189,191
190,189,192,376,132,919,191
190,525,132,376,192,189,191
190,525,132,670,145,189,191
190,525,132,919,191
190,525,132,967,5,189,191
190,189,192
190,525,132,376,192
190,525,132,670,145,189,192
190,525,132,919,191,189,192
190,525,132,967,5,189,192
190,189,145,670,132,376
190,189,5,967,132,376
190,189,191,919,132,376
190,189,192,376
190,525,132,376
190,525,132,670,145,189,192,376
190,525,132,919,191,189,192,376
190,525,132,967,5,189,192,376
190,189,145,670,132
190,189,5,967,132
190,189,191,919,132
190,189,192,376,132
190,525,132
190,525
190,189,145,670
190,189,5,967,132,670
190,189,191,919,132,670
190,189,192,376,132,670
190,525,132,670
190,525,132,919,191,189,145,670
190,525,132,967,5,189,145,670
190,189,145,670,132,919
190,189,5,967,132,919
190,189,191,919
190,189,192,376,132,919
190,525,132,919
190,525,132,967,5,189,191,919
190,189,145,670,132,967
190,189,5,967
190,189,191,919,132,967
190,189,192,376,132,967
190,525,132,967
145,189,5
145,189,191,919,132,967,5
145,189,192,376,132,967,5
145,670,132,376,192,189,5
145,670,132,919,191,189,5
145,670,132,967,5
145,189,191
145,189,192,376,132,919,191
145,670,132,376,192,189,191
145,670,132,919,191
145,670,132,967,5,189,191
145,189,192
145,670,132,376,192
145,670,132,919,191,189,192
145,670,132,967,5,189,192
145,189,190,525,132,376
145,189,5,967,132,376
145,189,191,919,132,376
145,189,192,376
145,670,132,376
145,670,132,919,191,189,192,376
145,670,132,967,5,189,192,376
145,189,190,525,132
145,189,5,967,132
145,189,191,919,132
145,189,192,376,132
145,670,132
145,189,190,525
145,189,5,967,132,525
145,189,191,919,132,525
145,189,192,376,132,525
145,670,132,525
145,670
145,189,190,525,132,919
145,189,5,967,132,919
145,189,191,919
145,189,192,376,132,919
145,670,132,919
145,670,132,967,5,189,191,919
145,189,190,525,132,967
145,189,5,967
145,189,191,919,132,967
145,189,192,376,132,967
145,670,132,967
5,189,191
5,189,192,376,132,919,191
5,967,132,376,192,189,191
5,967,132,919,191
5,189,192
5,967,132,376,192
5,967,132,919,191,189,192
5,189,190,525,132,376
5,189,145,670,132,376
5,189,191,919,132,376
5,189,192,376
5,967,132,376
5,967,132,919,191,189,192,376
5,189,190,525,132
5,189,145,670,132
5,189,191,919,132
5,189,192,376,132
5,967,132
5,189,190,525
5,189,145,670,132,525
5,189,191,919,132,525
5,189,192,376,132,525
5,967,132,525
5,189,190,525,132,670
5,189,145,670
5,189,191,919,132,670
5,189,192,376,132,670
5,967,132,670
5,189,190,525,132,919
5,189,145,670,132,919
5,189,191,919
5,189,192,376,132,919
5,967,132,919
5,967
191,189,192
191,919,132,376,192
191,189,190,525,132,376
191,189,145,670,132,376
191,189,5,967,132,376
191,189,192,376
191,919,132,376
191,189,190,525,132
191,189,145,670,132
191,189,5,967,132
191,189,192,376,132
191,919,132
191,189,190,525
191,189,145,670,132,525
191,189,5,967,132,525
191,189,192,376,132,525
191,919,132,525
191,189,190,525,132,670
191,189,145,670
191,189,5,967,132,670
191,189,192,376,132,670
191,919,132,670
191,919
191,189,190,525,132,967
191,189,145,670,132,967
191,189,5,967
191,189,192,376,132,967
191,919,132,967
192,376
192,189,190,525,132
192,189,145,670,132
192,189,5,967,132
192,189,191,919,132
192,376,132
192,189,190,525
192,189,145,670,132,525
192,189,5,967,132,525
192,189,191,919,132,525
192,376,132,525
192,189,190,525,132,670
192,189,145,670
192,189,5,967,132,670
192,189,191,919,132,670
192,376,132,670
192,189,190,525,132,919
192,189,145,670,132,919
192,189,5,967,132,919
192,189,191,919
192,376,132,919
192,189,190,525,132,967
192,189,145,670,132,967
192,189,5,967
192,189,191,919,132,967
192,376,132,967
211,212
211,213
211,214
211,215
211,216
211,217
211,212,237
211,217,715
211,212,237,779
212,211,213
212,211,214
212,211,215
212,211,216
212,211,217
212,237
212,211,217,715
212,237,779
213,211,214
213,211,215
213,211,216
213,211,217
213,211,212,237
213,211,217,715
213,211,212,237,779
214,211,215
214,211,216
214,211,217
214,211,212,237
214,211,217,715
214,211,212,237,779
215,211,216
215,211,217
215,211,212,237
215,211,217,715
215,211,212,237,779
216,211,217
216,211,212,237
216,211,217,715
216,211,212,237,779
217,211,212,237
217,715
217,211,212,237,779
237,212,211,217,715
237,779
248,249
248,250,371,249
248,251,371,249
248,370,371,249
248,250
248,251,371,250
248,370,371,250
248,251
248,370,371,251
248,370
248,249,371
248,250,371
248,251,371
248,370,371
248,249,371,726
248,250,371,726
248,251,371,726
248,370,371,726
248,249,371,726,755
248,250,371,726,755
248,251,371,726,755
248,370,371,726,755
248,249,371,726,755,756
248,250,371,726,755,756
248,251,371,726,755,756
248,370,371,726,755,756
248,249,371,726,755,756,323
248,250,371,726,755,756,323
248,251,371,726,755,756,323
248,370,371,726,755,756,323
249,248,250
249,248,251,371,250
249,248,370,371,250
249,371,250
249,248,251
249,248,370,371,251
249,371,251
249,248,370
249,371,370
249,371
249,248,250,371,726
249,248,251,371,726
249,248,370,371,726
249,371,726
249,248,250,371,726,755
249,248,251,371,726,755
249,248,370,371,726,755
249,371,726,755
249,248,250,371,726,755,756
249,248,251,371,726,755,756
249,248,370,371,726,755,756
249,371,726,755,756
249,248,250,371,726,755,756,323
249,248,251,371,726,755,756,323
249,248,370,371,726,755,756,323
249,371,726,755,756,323
250,248,251
250,248,370,371,251
250,371,251
250,248,370
250,371,370
250,371
250,248,251,371,726
250,248,370,371,726
250,371,726
250,248,251,371,726,755
250,248,370,371,726,755
250,371,726,755
250,248,251,371,726,755,756
250,248,370,371,726,755,756
250,371,726,755,756
250,248,251,371,726,755,756,323
250,248,370,371,726,755,756,323
250,371,726,755,756,323
251,248,370
251,371,370
251,371
251,248,370,371,726
251,371,726
251,248,370,371,726,755
251,371,726,755
251,248,370,371,726,755,756
251,371,726,755,756
251,248,370,371,726,755,756,323
251,371,726,755,756,323
255,256
255,256,500,499
255,256,500
256,500,499
256,500
262,263
262,264,381,263
262,264,483,263
262,264,894,263
262,264,944,263
262,264
262,263,381
262,263,483,264,381
262,263,894,264,381
262,263,944,264,381
262,264,381
262,263,483
262,263,894,264,483
262,263,944,264,483
262,264,483
262,263,894
262,263,944,264,894
262,264,894
262,263,944
262,264,944
263,262,264
263,381,264
263,483,264
263,894,264
263,944,264
263,381
263,483,264,381
263,894,264,381
263,944,264,381
263,483
263,894,264,483
263,944,264,483
263,894
263,944,264,894
263,944
264,381
264,483
264,894
264,944
281,282
285,113
298,232
298,232,390
232,390
304,305
337,338
361,362
170,28,283
170,28,25,27,50,49,442
170,28,25,27,50,443,442
170,28,25,186,442
170,28,50,49,442
170,28,50,27,25,186,442
170,28,50,443,442
170,28,25,27,50,443
170,28,25,186,442,443
170,28,50,443
170,28,25,27,531
170,28,25,186,442,49,50,27,531
170,28,25,186,442,443,50,27,531
170,28,50,27,531
170,28,25,27,532
170,28,25,186,442,49,50,27,532
170,28,25,186,442,443,50,27,532
170,28,50,27,532
170,28,25,27,50,49,442,443,609
170,28,25,27,50,443,609
170,28,25,186,442,49,50,443,609
170,28,25,186,442,443,609
170,28,50,49,442,443,609
170,28,50,27,25,186,442,443,609
170,28,50,443,609
170,28,25,27,50,49,442,443,548
170,28,25,27,50,443,548
170,28,25,186,442,49,50,443,548
170,28,25,186,442,443,548
170,28,50,49,442,443,548
170,28,50,27,25,186,442,443,548
170,28,50,443,548
283,28,25,27,50,49,442
283,28,25,27,50,443,442
283,28,25,186,442
283,28,50,49,442
283,28,50,27,25,186,442
283,28,50,443,442
283,28,25,27,50,443
283,28,25,186,442,443
283,28,50,443
283,28,25,27,531
283,28,25,186,442,49,50,27,531
283,28,25,186,442,443,50,27,531
283,28,50,27,531
283,28,25,27,532
283,28,25,186,442,49,50,27,532
283,28,25,186,442,443,50,27,532
283,28,50,27,532
283,28,25,27,50,49,442,443,609
283,28,25,27,50,443,609
283,28,25,186,442,49,50,443,609
283,28,25,186,442,443,609
283,28,50,49,442,443,609
283,28,50,27,25,186,442,443,609
283,28,50,443,609
283,28,25,27,50,49,442,443,548
283,28,25,27,50,443,548
283,28,25,186,442,49,50,443,548
283,28,25,186,442,443,548
283,28,50,49,442,443,548
283,28,50,27,25,186,442,443,548
283,28,50,443,548
368,369
370,371
370,371,726
370,371,726,755
370,371,726,755,756
370,371,726,755,756,323
371,726
371,726,755
371,726,755,756
371,726,755,756,323
376,132
376,192,189,190,525
376,192,189,145,670,132,525
376,192,189,5,967,132,525
376,192,189,191,919,132,525
376,132,525
376,132,670,145,189,190,525
376,132,919,191,189,190,525
376,132,967,5,189,190,525
376,192,189,190,525,132,670
376,192,189,145,670
376,192,189,5,967,132,670
376,192,189,191,919,132,670
376,132,670
376,132,919,191,189,145,670
376,132,967,5,189,145,670
376,192,189,190,525,132,919
376,192,189,145,670,132,919
376,192,189,5,967,132,919
376,192,189,191,919
376,132,919
376,132,967,5,189,191,919
376,192,189,190,525,132,967
376,192,189,145,670,132,967
376,192,189,5,967
376,192,189,191,919,132,967
376,132,967
132,525
132,670
132,919
132,967
381,263,483
381,263,894,264,483
381,263,944,264,483
381,264,483
381,263,894
381,263,944,264,894
381,264,894
381,263,944
381,264,944
404,405
413,37,414
413,37,415
413,37,416,519,415
413,37,416
413,37,415,519
413,37,416,519
413,37,415,519,553
413,37,416,519,553
414,37,415
414,37,416,519,415
414,37,416
414,37,415,519
414,37,416,519
414,37,415,519,553
414,37,416,519,553
415,37,416
415,519,416
415,519
415,37,416,519,553
415,519,553
416,519
416,519,553
418,419
420,98
422,401
426,427
442,443
442,186,25,27,531
442,186,25,28,50,27,531
442,49,50,28,25,27,531
442,49,50,27,531
442,443,50,28,25,27,531
442,443,50,27,531
442,186,25,27,532
442,186,25,28,50,27,532
442,49,50,28,25,27,532
442,49,50,27,532
442,443,50,28,25,27,532
442,443,50,27,532
442,443,609
442,443,548
443,442,186,25,27,531
443,50,28,25,27,531
443,50,27,531
443,442,186,25,27,532
443,50,28,25,27,532
443,50,27,532
443,609
443,548
458,459
458,460
458,290
459,458,460
459,458,290
460,458,290
483,263,894
483,263,944,264,894
483,264,894
483,263,944
483,264,944
489,490
499,500
516,517
516,517,636
517,636
519,553
525,190,189,145,670
525,190,189,5,967,132,670
525,190,189,191,919,132,670
525,132,670
525,132,919,191,189,145,670
525,132,967,5,189,145,670
525,190,189,145,670,132,919
525,190,189,5,967,132,919
525,190,189,191,919
525,132,919
525,132,967,5,189,191,919
525,190,189,145,670,132,967
525,190,189,5,967
525,190,189,191,919,132,967
525,132,967
527,528
531,27,532
531,27,25,28,50,49,442,443,609
531,27,25,28,50,443,609
531,27,25,186,442,49,50,443,609
531,27,25,186,442,443,609
531,27,50,49,442,443,609
531,27,50,28,25,186,442,443,609
531,27,50,443,609
531,27,25,28,50,49,442,443,548
531,27,25,28,50,443,548
531,27,25,186,442,49,50,443,548
531,27,25,186,442,443,548
531,27,50,49,442,443,548
531,27,50,28,25,186,442,443,548
531,27,50,443,548
532,27,25,28,50,49,442,443,609
532,27,25,28,50,443,609
532,27,25,186,442,49,50,443,609
532,27,25,186,442,443,609
532,27,50,49,442,443,609
532,27,50,28,25,186,442,443,609
532,27,50,443,609
532,27,25,28,50,49,442,443,548
532,27,25,28,50,443,548
532,27,25,186,442,49,50,443,548
532,27,25,186,442,443,548
532,27,50,49,442,443,548
532,27,50,28,25,186,442,443,548
532,27,50,443,548
542,543
542,544
543,542,544
559,560
609,443,548
643,644
645,646
670,145,189,5,967,132,919
670,145,189,191,919
670,132,919
670,132,967,5,189,191,919
670,145,189,5,967
670,145,189,191,919,132,967
670,132,967
715,217,211,212,237,779
726,755
726,755,756
726,755,756,323
755,756
755,756,323
756,323
786,425
838,662
850,18
866,470
870,871
894,263,944
894,264,944
918,46
919,191,189,5,967
919,132,967
964,720
994,161
1003,610
