1,2
1,3
1,2,188,52,78
1,2,188,52
1,2,188
2,1,3
2,188,52,78
2,188,52
2,188
3,1,2,188,52,78
3,1,2,188,52
3,1,2,188
12,13
12,13,39
12,13,39,5
12,13,39,42,90,5
12,13,39,42,185,5
12,13,39,43,185,5
12,13,39,43,185,42,90,5
12,13,39,44,185,5
12,13,39,44,185,42,90,5
12,13,39,40
12,13,39,41
12,13,39,42
12,13,39,43,185,42
12,13,39,44,185,42
12,13,39,43
12,13,39,44,185,43
12,13,39,44
12,13,74
12,13,39,5,90,42,75
12,13,39,5,185,42,75
12,13,39,42,75
12,13,39,43,185,5,90,42,75
12,13,39,43,185,42,75
12,13,39,44,185,5,90,42,75
12,13,39,44,185,42,75
12,13,39,5,90,42,75,76
12,13,39,5,185,42,75,76
12,13,39,42,75,76
12,13,39,43,185,5,90,42,75,76
12,13,39,43,185,42,75,76
12,13,39,44,185,5,90,42,75,76
12,13,39,44,185,42,75,76
12,13,39,5,90,42,75,77
12,13,39,5,185,42,75,77
12,13,39,42,75,77
12,13,39,43,185,5,90,42,75,77
12,13,39,43,185,42,75,77
12,13,39,44,185,5,90,42,75,77
12,13,39,44,185,42,75,77
12,13,39,5,90,42,75,26
12,13,39,5,185,42,75,26
12,13,39,42,75,26
12,13,39,43,185,5,90,42,75,26
12,13,39,43,185,42,75,26
12,13,39,44,185,5,90,42,75,26
12,13,39,44,185,42,75,26
12,13,39,5,90,42,75,25
12,13,39,5,185,42,75,25
12,13,39,42,75,25
12,13,39,43,185,5,90,42,75,25
12,13,39,43,185,42,75,25
12,13,39,44,185,5,90,42,75,25
12,13,39,44,185,42,75,25
12,13,39,5,84
12,13,39,42,90,5,84
12,13,39,42,185,5,84
12,13,39,43,185,5,84
12,13,39,43,185,42,90,5,84
12,13,39,44,185,5,84
12,13,39,44,185,42,90,5,84
12,13,39,5,90
12,13,39,5,185,42,90
12,13,39,42,90
12,13,39,43,185,5,90
12,13,39,43,185,42,90
12,13,39,44,185,5,90
12,13,39,44,185,42,90
12,13,39,5,90,42,119
12,13,39,5,185,42,119
12,13,39,42,119
12,13,39,43,185,5,90,42,119
12,13,39,43,185,42,119
12,13,39,44,185,5,90,42,119
12,13,39,44,185,42,119
12,13,159
12,13,39,5,90,42,185,14,162
12,13,39,5,185,14,162
12,13,39,42,185,14,162
12,13,39,43,185,14,162
12,13,39,44,185,14,162
12,13,39,5,90,42,185,14
12,13,39,5,185,14
12,13,39,42,185,14
12,13,39,43,185,14
12,13,39,44,185,14
12,13,39,5,185
12,13,39,42,185
12,13,39,43,185
12,13,39,44,185
12,13,39,5,90,42,185,170
12,13,39,5,185,170
12,13,39,42,185,170
12,13,39,43,185,170
12,13,39,44,185,170
13,39
13,39,5
13,39,42,90,5
13,39,42,185,5
13,39,43,185,5
13,39,43,185,42,90,5
13,39,44,185,5
13,39,44,185,42,90,5
13,39,40
13,39,41
13,39,42
13,39,43,185,42
13,39,44,185,42
13,39,43
13,39,44,185,43
13,39,44
13,74
13,39,5,90,42,75
13,39,5,185,42,75
13,39,42,75
13,39,43,185,5,90,42,75
13,39,43,185,42,75
13,39,44,185,5,90,42,75
13,39,44,185,42,75
13,39,5,90,42,75,76
13,39,5,185,42,75,76
13,39,42,75,76
13,39,43,185,5,90,42,75,76
13,39,43,185,42,75,76
13,39,44,185,5,90,42,75,76
13,39,44,185,42,75,76
13,39,5,90,42,75,77
13,39,5,185,42,75,77
13,39,42,75,77
13,39,43,185,5,90,42,75,77
13,39,43,185,42,75,77
13,39,44,185,5,90,42,75,77
13,39,44,185,42,75,77
13,39,5,90,42,75,26
13,39,5,185,42,75,26
13,39,42,75,26
13,39,43,185,5,90,42,75,26
13,39,43,185,42,75,26
13,39,44,185,5,90,42,75,26
13,39,44,185,42,75,26
13,39,5,90,42,75,25
13,39,5,185,42,75,25
13,39,42,75,25
13,39,43,185,5,90,42,75,25
13,39,43,185,42,75,25
13,39,44,185,5,90,42,75,25
13,39,44,185,42,75,25
13,39,5,84
13,39,42,90,5,84
13,39,42,185,5,84
13,39,43,185,5,84
13,39,43,185,42,90,5,84
13,39,44,185,5,84
13,39,44,185,42,90,5,84
13,39,5,90
13,39,5,185,42,90
13,39,42,90
13,39,43,185,5,90
13,39,43,185,42,90
13,39,44,185,5,90
13,39,44,185,42,90
13,39,5,90,42,119
13,39,5,185,42,119
13,39,42,119
13,39,43,185,5,90,42,119
13,39,43,185,42,119
13,39,44,185,5,90,42,119
13,39,44,185,42,119
13,159
13,39,5,90,42,185,14,162
13,39,5,185,14,162
13,39,42,185,14,162
13,39,43,185,14,162
13,39,44,185,14,162
13,39,5,90,42,185,14
13,39,5,185,14
13,39,42,185,14
13,39,43,185,14
13,39,44,185,14
13,39,5,185
13,39,42,185
13,39,43,185
13,39,44,185
13,39,5,90,42,185,170
13,39,5,185,170
13,39,42,185,170
13,39,43,185,170
13,39,44,185,170
18,19
18,19,121
19,121
34,35
34,36
34,36,160
35,34,36
35,34,36,160
36,160
39,5
39,42,90,5
39,42,185,5
39,43,185,5
39,43,185,42,90,5
39,44,185,5
39,44,185,42,90,5
39,40
39,41
39,42
39,43,185,42
39,44,185,42
39,43
39,44,185,43
39,44
39,13,74
39,5,90,42,75
39,5,185,42,75
39,42,75
39,43,185,5,90,42,75
39,43,185,42,75
39,44,185,5,90,42,75
39,44,185,42,75
39,5,90,42,75,76
39,5,185,42,75,76
39,42,75,76
39,43,185,5,90,42,75,76
39,43,185,42,75,76
39,44,185,5,90,42,75,76
39,44,185,42,75,76
39,5,90,42,75,77
39,5,185,42,75,77
39,42,75,77
39,43,185,5,90,42,75,77
39,43,185,42,75,77
39,44,185,5,90,42,75,77
39,44,185,42,75,77
39,5,90,42,75,26
39,5,185,42,75,26
39,42,75,26
39,43,185,5,90,42,75,26
39,43,185,42,75,26
39,44,185,5,90,42,75,26
39,44,185,42,75,26
39,5,90,42,75,25
39,5,185,42,75,25
39,42,75,25
39,43,185,5,90,42,75,25
39,43,185,42,75,25
39,44,185,5,90,42,75,25
39,44,185,42,75,25
39,5,84
39,42,90,5,84
39,42,185,5,84
39,43,185,5,84
39,43,185,42,90,5,84
39,44,185,5,84
39,44,185,42,90,5,84
39,5,90
39,5,185,42,90
39,42,90
39,43,185,5,90
39,43,185,42,90
39,44,185,5,90
39,44,185,42,90
39,5,90,42,119
39,5,185,42,119
39,42,119
39,43,185,5,90,42,119
39,43,185,42,119
39,44,185,5,90,42,119
39,44,185,42,119
39,13,159
39,5,90,42,185,14,162
39,5,185,14,162
39,42,185,14,162
39,43,185,14,162
39,44,185,14,162
39,5,90,42,185,14
39,5,185,14
39,42,185,14
39,43,185,14
39,44,185,14
39,5,185
39,42,185
39,43,185
39,44,185
39,5,90,42,185,170
39,5,185,170
39,42,185,170
39,43,185,170
39,44,185,170
5,39,40
5,90,42,39,40
5,90,42,185,43,39,40
5,90,42,185,44,39,40
5,185,42,39,40
5,185,43,39,40
5,185,44,39,40
5,39,41
5,90,42,39,41
5,90,42,185,43,39,41
5,90,42,185,44,39,41
5,185,42,39,41
5,185,43,39,41
5,185,44,39,41
5,39,42
5,39,43,185,42
5,39,44,185,42
5,90,42
5,185,42
5,39,43
5,39,44,185,43
5,90,42,39,43
5,90,42,39,44,185,43
5,90,42,185,43
5,185,43
5,39,44
5,90,42,39,44
5,90,42,185,44
5,185,44
5,39,13,74
5,90,42,39,13,74
5,90,42,185,43,39,13,74
5,90,42,185,44,39,13,74
5,185,42,39,13,74
5,185,43,39,13,74
5,185,44,39,13,74
5,39,42,75
5,39,43,185,42,75
5,39,44,185,42,75
5,90,42,75
5,185,42,75
5,39,42,75,76
5,39,43,185,42,75,76
5,39,44,185,42,75,76
5,90,42,75,76
5,185,42,75,76
5,39,42,75,77
5,39,43,185,42,75,77
5,39,44,185,42,75,77
5,90,42,75,77
5,185,42,75,77
5,39,42,75,26
5,39,43,185,42,75,26
5,39,44,185,42,75,26
5,90,42,75,26
5,185,42,75,26
5,39,42,75,25
5,39,43,185,42,75,25
5,39,44,185,42,75,25
5,90,42,75,25
5,185,42,75,25
5,84
5,90
5,185,42,90
5,39,42,119
5,39,43,185,42,119
5,39,44,185,42,119
5,90,42,119
5,185,42,119
5,39,13,159
5,90,42,39,13,159
5,90,42,185,43,39,13,159
5,90,42,185,44,39,13,159
5,185,42,39,13,159
5,185,43,39,13,159
5,185,44,39,13,159
5,39,42,185,14,162
5,39,43,185,14,162
5,39,44,185,14,162
5,90,42,39,43,185,14,162
5,90,42,39,44,185,14,162
5,90,42,185,14,162
5,185,14,162
5,39,42,185,14
5,39,43,185,14
5,39,44,185,14
5,90,42,39,43,185,14
5,90,42,39,44,185,14
5,90,42,185,14
5,185,14
5,185
5,39,42,185,170
5,39,43,185,170
5,39,44,185,170
5,90,42,39,43,185,170
5,90,42,39,44,185,170
5,90,42,185,170
5,185,170
40,39,41
40,39,42
40,39,43,185,42
40,39,44,185,42
40,39,43
40,39,44,185,43
40,39,44
40,39,13,74
40,39,5,90,42,75
40,39,5,185,42,75
40,39,42,75
40,39,43,185,5,90,42,75
40,39,43,185,42,75
40,39,44,185,5,90,42,75
40,39,44,185,42,75
40,39,5,90,42,75,76
40,39,5,185,42,75,76
40,39,42,75,76
40,39,43,185,5,90,42,75,76
40,39,43,185,42,75,76
40,39,44,185,5,90,42,75,76
40,39,44,185,42,75,76
40,39,5,90,42,75,77
40,39,5,185,42,75,77
40,39,42,75,77
40,39,43,185,5,90,42,75,77
40,39,43,185,42,75,77
40,39,44,185,5,90,42,75,77
40,39,44,185,42,75,77
40,39,5,90,42,75,26
40,39,5,185,42,75,26
40,39,42,75,26
40,39,43,185,5,90,42,75,26
40,39,43,185,42,75,26
40,39,44,185,5,90,42,75,26
40,39,44,185,42,75,26
40,39,5,90,42,75,25
40,39,5,185,42,75,25
40,39,42,75,25
40,39,43,185,5,90,42,75,25
40,39,43,185,42,75,25
40,39,44,185,5,90,42,75,25
40,39,44,185,42,75,25
40,39,5,84
40,39,42,90,5,84
40,39,42,185,5,84
40,39,43,185,5,84
40,39,43,185,42,90,5,84
40,39,44,185,5,84
40,39,44,185,42,90,5,84
40,39,5,90
40,39,5,185,42,90
40,39,42,90
40,39,43,185,5,90
40,39,43,185,42,90
40,39,44,185,5,90
40,39,44,185,42,90
40,39,5,90,42,119
40,39,5,185,42,119
40,39,42,119
40,39,43,185,5,90,42,119
40,39,43,185,42,119
40,39,44,185,5,90,42,119
40,39,44,185,42,119
40,39,13,159
40,39,5,90,42,185,14,162
40,39,5,185,14,162
40,39,42,185,14,162
40,39,43,185,14,162
40,39,44,185,14,162
40,39,5,90,42,185,14
40,39,5,185,14
40,39,42,185,14
40,39,43,185,14
40,39,44,185,14
40,39,5,185
40,39,42,185
40,39,43,185
40,39,44,185
40,39,5,90,42,185,170
40,39,5,185,170
40,39,42,185,170
40,39,43,185,170
40,39,44,185,170
41,39,42
41,39,43,185,42
41,39,44,185,42
41,39,43
41,39,44,185,43
41,39,44
41,39,13,74
41,39,5,90,42,75
41,39,5,185,42,75
41,39,42,75
41,39,43,185,5,90,42,75
41,39,43,185,42,75
41,39,44,185,5,90,42,75
41,39,44,185,42,75
41,39,5,90,42,75,76
41,39,5,185,42,75,76
41,39,42,75,76
41,39,43,185,5,90,42,75,76
41,39,43,185,42,75,76
41,39,44,185,5,90,42,75,76
41,39,44,185,42,75,76
41,39,5,90,42,75,77
41,39,5,185,42,75,77
41,39,42,75,77
41,39,43,185,5,90,42,75,77
41,39,43,185,42,75,77
41,39,44,185,5,90,42,75,77
41,39,44,185,42,75,77
41,39,5,90,42,75,26
41,39,5,185,42,75,26
41,39,42,75,26
41,39,43,185,5,90,42,75,26
41,39,43,185,42,75,26
41,39,44,185,5,90,42,75,26
41,39,44,185,42,75,26
41,39,5,90,42,75,25
41,39,5,185,42,75,25
41,39,42,75,25
41,39,43,185,5,90,42,75,25
41,39,43,185,42,75,25
41,39,44,185,5,90,42,75,25
41,39,44,185,42,75,25
41,39,5,84
41,39,42,90,5,84
41,39,42,185,5,84
41,39,43,185,5,84
41,39,43,185,42,90,5,84
41,39,44,185,5,84
41,39,44,185,42,90,5,84
41,39,5,90
41,39,5,185,42,90
41,39,42,90
41,39,43,185,5,90
41,39,43,185,42,90
41,39,44,185,5,90
41,39,44,185,42,90
41,39,5,90,42,119
41,39,5,185,42,119
41,39,42,119
41,39,43,185,5,90,42,119
41,39,43,185,42,119
41,39,44,185,5,90,42,119
41,39,44,185,42,119
41,39,13,159
41,39,5,90,42,185,14,162
41,39,5,185,14,162
41,39,42,185,14,162
41,39,43,185,14,162
41,39,44,185,14,162
41,39,5,90,42,185,14
41,39,5,185,14
41,39,42,185,14
41,39,43,185,14
41,39,44,185,14
41,39,5,185
41,39,42,185
41,39,43,185
41,39,44,185
41,39,5,90,42,185,170
41,39,5,185,170
41,39,42,185,170
41,39,43,185,170
41,39,44,185,170
42,39,43
42,39,44,185,43
42,185,43
42,39,44
42,185,44
42,39,13,74
42,185,43,39,13,74
42,185,44,39,13,74
42,75
42,75,76
42,75,77
42,75,26
42,75,25
42,39,5,84
42,39,43,185,5,84
42,39,44,185,5,84
42,90,5,84
42,185,5,84
42,90
42,119
42,39,13,159
42,185,43,39,13,159
42,185,44,39,13,159
42,39,43,185,14,162
42,39,44,185,14,162
42,185,14,162
42,39,43,185,14
42,39,44,185,14
42,185,14
42,185
42,39,43,185,170
42,39,44,185,170
42,185,170
43,39,44
43,185,44
43,39,13,74
43,185,44,39,13,74
43,39,5,90,42,75
43,39,42,75
43,39,44,185,5,90,42,75
43,39,44,185,42,75
43,185,5,90,42,75
43,185,42,75
43,39,5,90,42,75,76
43,39,42,75,76
43,39,44,185,5,90,42,75,76
43,39,44,185,42,75,76
43,185,5,90,42,75,76
43,185,42,75,76
43,39,5,90,42,75,77
43,39,42,75,77
43,39,44,185,5,90,42,75,77
43,39,44,185,42,75,77
43,185,5,90,42,75,77
43,185,42,75,77
43,39,5,90,42,75,26
43,39,42,75,26
43,39,44,185,5,90,42,75,26
43,39,44,185,42,75,26
43,185,5,90,42,75,26
43,185,42,75,26
43,39,5,90,42,75,25
43,39,42,75,25
43,39,44,185,5,90,42,75,25
43,39,44,185,42,75,25
43,185,5,90,42,75,25
43,185,42,75,25
43,39,5,84
43,39,42,90,5,84
43,39,44,185,5,84
43,39,44,185,42,90,5,84
43,185,5,84
43,185,42,90,5,84
43,39,5,90
43,39,42,90
43,39,44,185,5,90
43,39,44,185,42,90
43,185,5,90
43,185,42,90
43,39,5,90,42,119
43,39,42,119
43,39,44,185,5,90,42,119
43,39,44,185,42,119
43,185,5,90,42,119
43,185,42,119
43,39,13,159
43,185,44,39,13,159
43,39,44,185,14,162
43,185,14,162
43,39,44,185,14
43,185,14
43,185
43,39,44,185,170
43,185,170
44,39,13,74
44,39,5,90,42,75
44,39,42,75
44,185,5,90,42,75
44,185,42,75
44,39,5,90,42,75,76
44,39,42,75,76
44,185,5,90,42,75,76
44,185,42,75,76
44,39,5,90,42,75,77
44,39,42,75,77
44,185,5,90,42,75,77
44,185,42,75,77
44,39,5,90,42,75,26
44,39,42,75,26
44,185,5,90,42,75,26
44,185,42,75,26
44,39,5,90,42,75,25
44,39,42,75,25
44,185,5,90,42,75,25
44,185,42,75,25
44,39,5,84
44,39,42,90,5,84
44,185,5,84
44,185,42,90,5,84
44,39,5,90
44,39,42,90
44,185,5,90
44,185,42,90
44,39,5,90,42,119
44,39,42,119
44,185,5,90,42,119
44,185,42,119
44,39,13,159
44,185,14,162
44,185,14
44,185
44,185,170
74,13,39,5,90,42,75
74,13,39,5,185,42,75
74,13,39,42,75
74,13,39,43,185,5,90,42,75
74,13,39,43,185,42,75
74,13,39,44,185,5,90,42,75
74,13,39,44,185,42,75
74,13,39,5,90,42,75,76
74,13,39,5,185,42,75,76
74,13,39,42,75,76
74,13,39,43,185,5,90,42,75,76
74,13,39,43,185,42,75,76
74,13,39,44,185,5,90,42,75,76
74,13,39,44,185,42,75,76
74,13,39,5,90,42,75,77
74,13,39,5,185,42,75,77
74,13,39,42,75,77
74,13,39,43,185,5,90,42,75,77
74,13,39,43,185,42,75,77
74,13,39,44,185,5,90,42,75,77
74,13,39,44,185,42,75,77
74,13,39,5,90,42,75,26
74,13,39,5,185,42,75,26
74,13,39,42,75,26
74,13,39,43,185,5,90,42,75,26
74,13,39,43,185,42,75,26
74,13,39,44,185,5,90,42,75,26
74,13,39,44,185,42,75,26
74,13,39,5,90,42,75,25
74,13,39,5,185,42,75,25
74,13,39,42,75,25
74,13,39,43,185,5,90,42,75,25
74,13,39,43,185,42,75,25
74,13,39,44,185,5,90,42,75,25
74,13,39,44,185,42,75,25
74,13,39,5,84
74,13,39,42,90,5,84
74,13,39,42,185,5,84
74,13,39,43,185,5,84
74,13,39,43,185,42,90,5,84
74,13,39,44,185,5,84
74,13,39,44,185,42,90,5,84
74,13,39,5,90
74,13,39,5,185,42,90
74,13,39,42,90
74,13,39,43,185,5,90
74,13,39,43,185,42,90
74,13,39,44,185,5,90
74,13,39,44,185,42,90
74,13,39,5,90,42,119
74,13,39,5,185,42,119
74,13,39,42,119
74,13,39,43,185,5,90,42,119
74,13,39,43,185,42,119
74,13,39,44,185,5,90,42,119
74,13,39,44,185,42,119
74,13,159
74,13,39,5,90,42,185,14,162
74,13,39,5,185,14,162
74,13,39,42,185,14,162
74,13,39,43,185,14,162
74,13,39,44,185,14,162
74,13,39,5,90,42,185,14
74,13,39,5,185,14
74,13,39,42,185,14
74,13,39,43,185,14
74,13,39,44,185,14
74,13,39,5,185
74,13,39,42,185
74,13,39,43,185
74,13,39,44,185
74,13,39,5,90,42,185,170
74,13,39,5,185,170
74,13,39,42,185,170
74,13,39,43,185,170
74,13,39,44,185,170
75,76
75,77
75,26
75,25
75,42,39,5,84
75,42,39,43,185,5,84
75,42,39,44,185,5,84
75,42,90,5,84
75,42,185,5,84
75,42,90
75,42,185,5,90
75,42,119
75,42,39,13,159
75,42,90,5,39,13,159
75,42,90,5,185,43,39,13,159
75,42,90,5,185,44,39,13,159
75,42,185,5,39,13,159
75,42,185,43,39,13,159
75,42,185,44,39,13,159
75,42,39,5,185,14,162
75,42,39,43,185,14,162
75,42,39,44,185,14,162
75,42,90,5,39,43,185,14,162
75,42,90,5,39,44,185,14,162
75,42,90,5,185,14,162
75,42,185,14,162
75,42,39,5,185,14
75,42,39,43,185,14
75,42,39,44,185,14
75,42,90,5,39,43,185,14
75,42,90,5,39,44,185,14
75,42,90,5,185,14
75,42,185,14
75,42,185
75,42,39,5,185,170
75,42,39,43,185,170
75,42,39,44,185,170
75,42,90,5,39,43,185,170
75,42,90,5,39,44,185,170
75,42,90,5,185,170
75,42,185,170
76,75,77
76,75,26
76,75,25
76,75,42,39,5,84
76,75,42,39,43,185,5,84
76,75,42,39,44,185,5,84
76,75,42,90,5,84
76,75,42,185,5,84
76,75,42,90
76,75,42,185,5,90
76,75,42,119
76,75,42,39,13,159
76,75,42,90,5,39,13,159
76,75,42,90,5,185,43,39,13,159
76,75,42,90,5,185,44,39,13,159
76,75,42,185,5,39,13,159
76,75,42,185,43,39,13,159
76,75,42,185,44,39,13,159
76,75,42,39,5,185,14,162
76,75,42,39,43,185,14,162
76,75,42,39,44,185,14,162
76,75,42,90,5,39,43,185,14,162
76,75,42,90,5,39,44,185,14,162
76,75,42,90,5,185,14,162
76,75,42,185,14,162
76,75,42,39,5,185,14
76,75,42,39,43,185,14
76,75,42,39,44,185,14
76,75,42,90,5,39,43,185,14
76,75,42,90,5,39,44,185,14
76,75,42,90,5,185,14
76,75,42,185,14
76,75,42,185
76,75,42,39,5,185,170
76,75,42,39,43,185,170
76,75,42,39,44,185,170
76,75,42,90,5,39,43,185,170
76,75,42,90,5,39,44,185,170
76,75,42,90,5,185,170
76,75,42,185,170
77,75,26
77,75,25
77,75,42,39,5,84
77,75,42,39,43,185,5,84
77,75,42,39,44,185,5,84
77,75,42,90,5,84
77,75,42,185,5,84
77,75,42,90
77,75,42,185,5,90
77,75,42,119
77,75,42,39,13,159
77,75,42,90,5,39,13,159
77,75,42,90,5,185,43,39,13,159
77,75,42,90,5,185,44,39,13,159
77,75,42,185,5,39,13,159
77,75,42,185,43,39,13,159
77,75,42,185,44,39,13,159
77,75,42,39,5,185,14,162
77,75,42,39,43,185,14,162
77,75,42,39,44,185,14,162
77,75,42,90,5,39,43,185,14,162
77,75,42,90,5,39,44,185,14,162
77,75,42,90,5,185,14,162
77,75,42,185,14,162
77,75,42,39,5,185,14
77,75,42,39,43,185,14
77,75,42,39,44,185,14
77,75,42,90,5,39,43,185,14
77,75,42,90,5,39,44,185,14
77,75,42,90,5,185,14
77,75,42,185,14
77,75,42,185
77,75,42,39,5,185,170
77,75,42,39,43,185,170
77,75,42,39,44,185,170
77,75,42,90,5,39,43,185,170
77,75,42,90,5,39,44,185,170
77,75,42,90,5,185,170
77,75,42,185,170
26,75,25
26,75,42,39,5,84
26,75,42,39,43,185,5,84
26,75,42,39,44,185,5,84
26,75,42,90,5,84
26,75,42,185,5,84
26,75,42,90
26,75,42,185,5,90
26,75,42,119
26,75,42,39,13,159
26,75,42,90,5,39,13,159
26,75,42,90,5,185,43,39,13,159
26,75,42,90,5,185,44,39,13,159
26,75,42,185,5,39,13,159
26,75,42,185,43,39,13,159
26,75,42,185,44,39,13,159
26,75,42,39,5,185,14,162
26,75,42,39,43,185,14,162
26,75,42,39,44,185,14,162
26,75,42,90,5,39,43,185,14,162
26,75,42,90,5,39,44,185,14,162
26,75,42,90,5,185,14,162
26,75,42,185,14,162
26,75,42,39,5,185,14
26,75,42,39,43,185,14
26,75,42,39,44,185,14
26,75,42,90,5,39,43,185,14
26,75,42,90,5,39,44,185,14
26,75,42,90,5,185,14
26,75,42,185,14
26,75,42,185
26,75,42,39,5,185,170
26,75,42,39,43,185,170
26,75,42,39,44,185,170
26,75,42,90,5,39,43,185,170
26,75,42,90,5,39,44,185,170
26,75,42,90,5,185,170
26,75,42,185,170
25,75,42,39,5,84
25,75,42,39,43,185,5,84
25,75,42,39,44,185,5,84
25,75,42,90,5,84
25,75,42,185,5,84
25,75,42,90
25,75,42,185,5,90
25,75,42,119
25,75,42,39,13,159
25,75,42,90,5,39,13,159
25,75,42,90,5,185,43,39,13,159
25,75,42,90,5,185,44,39,13,159
25,75,42,185,5,39,13,159
25,75,42,185,43,39,13,159
25,75,42,185,44,39,13,159
25,75,42,39,5,185,14,162
25,75,42,39,43,185,14,162
25,75,42,39,44,185,14,162
25,75,42,90,5,39,43,185,14,162
25,75,42,90,5,39,44,185,14,162
25,75,42,90,5,185,14,162
25,75,42,185,14,162
25,75,42,39,5,185,14
25,75,42,39,43,185,14
25,75,42,39,44,185,14
25,75,42,90,5,39,43,185,14
25,75,42,90,5,39,44,185,14
25,75,42,90,5,185,14
25,75,42,185,14
25,75,42,185
25,75,42,39,5,185,170
25,75,42,39,43,185,170
25,75,42,39,44,185,170
25,75,42,90,5,39,43,185,170
25,75,42,90,5,39,44,185,170
25,75,42,90,5,185,170
25,75,42,185,170
78,52
78,52,188
52,188
84,5,90
84,5,185,42,90
84,5,39,42,119
84,5,39,43,185,42,119
84,5,39,44,185,42,119
84,5,90,42,119
84,5,185,42,119
84,5,39,13,159
84,5,90,42,39,13,159
84,5,90,42,185,43,39,13,159
84,5,90,42,185,44,39,13,159
84,5,185,42,39,13,159
84,5,185,43,39,13,159
84,5,185,44,39,13,159
84,5,39,42,185,14,162
84,5,39,43,185,14,162
84,5,39,44,185,14,162
84,5,90,42,39,43,185,14,162
84,5,90,42,39,44,185,14,162
84,5,90,42,185,14,162
84,5,185,14,162
84,5,39,42,185,14
84,5,39,43,185,14
84,5,39,44,185,14
84,5,90,42,39,43,185,14
84,5,90,42,39,44,185,14
84,5,90,42,185,14
84,5,185,14
84,5,185
84,5,39,42,185,170
84,5,39,43,185,170
84,5,39,44,185,170
84,5,90,42,39,43,185,170
84,5,90,42,39,44,185,170
84,5,90,42,185,170
84,5,185,170
87,88
90,42,119
90,5,185,42,119
90,42,39,13,159
90,42,185,5,39,13,159
90,42,185,43,39,13,159
90,42,185,44,39,13,159
90,5,39,13,159
90,5,185,43,39,13,159
90,5,185,44,39,13,159
90,42,39,43,185,14,162
90,42,39,44,185,14,162
90,42,185,14,162
90,5,39,43,185,14,162
90,5,39,44,185,14,162
90,5,185,14,162
90,42,39,43,185,14
90,42,39,44,185,14
90,42,185,14
90,5,39,43,185,14
90,5,39,44,185,14
90,5,185,14
90,42,185
90,5,185
90,42,39,43,185,170
90,42,39,44,185,170
90,42,185,170
90,5,39,43,185,170
90,5,39,44,185,170
90,5,185,170
102,103
102,104
103,102,104
119,42,39,13,159
119,42,90,5,39,13,159
119,42,90,5,185,43,39,13,159
119,42,90,5,185,44,39,13,159
119,42,185,5,39,13,159
119,42,185,43,39,13,159
119,42,185,44,39,13,159
119,42,39,5,185,14,162
119,42,39,43,185,14,162
119,42,39,44,185,14,162
119,42,90,5,39,43,185,14,162
119,42,90,5,39,44,185,14,162
119,42,90,5,185,14,162
119,42,185,14,162
119,42,39,5,185,14
119,42,39,43,185,14
119,42,39,44,185,14
119,42,90,5,39,43,185,14
119,42,90,5,39,44,185,14
119,42,90,5,185,14
119,42,185,14
119,42,185
119,42,39,5,185,170
119,42,39,43,185,170
119,42,39,44,185,170
119,42,90,5,39,43,185,170
119,42,90,5,39,44,185,170
119,42,90,5,185,170
119,42,185,170
128,15
159,13,39,5,90,42,185,14,162
159,13,39,5,185,14,162
159,13,39,42,185,14,162
159,13,39,43,185,14,162
159,13,39,44,185,14,162
159,13,39,5,90,42,185,14
159,13,39,5,185,14
159,13,39,42,185,14
159,13,39,43,185,14
159,13,39,44,185,14
159,13,39,5,185
159,13,39,42,185
159,13,39,43,185
159,13,39,44,185
159,13,39,5,90,42,185,170
159,13,39,5,185,170
159,13,39,42,185,170
159,13,39,43,185,170
159,13,39,44,185,170
162,14
162,14,185
162,14,185,170
14,185
14,185,170
164,165
169,17
174,138
174,38
138,174,38
183,81
185,170
191,131
