2,3
2,3,95
2,3,282
2,3,752
2,3,939
2,3,1126
2,3,1335
3,95
3,282
3,752
3,939
3,1126
3,1335
17,18
23,24
23,25
23,26
23,26,1271
23,26,1271,239
23,26,1271,29
23,26,1359
24,23,25
24,23,26
24,23,26,1271
24,23,26,1271,239
24,23,26,1271,29
24,23,26,1359
25,23,26
25,23,26,1271
25,23,26,1271,239
25,23,26,1271,29
25,23,26,1359
26,1271
26,1271,239
26,1271,29
26,1359
34,35
42,43
42,636,43
42,636
42,744
42,744,745
42,1372
42,1372,1123
42,1372,1370
43,636
43,42,744
43,636,42,744
43,42,744,745
43,636,42,744,745
43,42,1372
43,636,42,1372
43,42,1372,1123
43,636,42,1372,1123
43,42,1372,1370
43,636,42,1372,1370
53,54
53,54,110
53,54,117
53,54,562
53,54,766
53,54,884
53,54,1213
53,54,1280
53,54,1432
53,54,1441
54,110
54,117
54,562
54,766
54,884
54,1213
54,1280
54,1432
54,1441
71,72
71,73
71,1128
72,71,73
72,71,1128
73,71,1128
82,83
95,3,282
95,3,752
95,3,939
95,3,1126
95,3,1335
110,54,117
110,54,562
110,54,766
110,54,884
110,54,1213
110,54,1280
110,54,1432
110,54,1441
115,116
117,54,562
117,54,766
117,54,884
117,54,1213
117,54,1280
117,54,1432
117,54,1441
142,143
142,143,367
143,367
145,146
145,147
145,148
145,149
146,145,147
146,145,148
146,145,149
147,145,148
147,145,149
148,145,149
150,151
150,152
150,152,306
150,151,345
150,152,507
150,152,507,413
150,152,507,413,564
150,152,1328
150,152,507,413,1375
151,150,152
151,150,152,306
151,345
151,150,152,507
151,150,152,507,413
151,150,152,507,413,564
151,150,152,1328
151,150,152,507,413,1375
152,306
152,150,151,345
152,507
152,507,413
152,507,413,564
152,1328
152,507,413,1375
159,160
161,162
161,163
161,164
161,165
161,166
161,167
161,164,249
161,166,47
161,162,634
161,163,489
161,165,806
161,167,455
162,161,163
162,161,164
162,161,165
162,161,166
162,161,167
162,161,164,249
162,161,166,47
162,634
162,161,163,489
162,161,165,806
162,161,167,455
163,161,164
163,161,165
163,161,166
163,161,167
163,161,164,249
163,161,166,47
163,161,162,634
163,489
163,161,165,806
163,161,167,455
164,161,165
164,161,166
164,161,167
164,249
164,161,166,47
164,161,162,634
164,161,163,489
164,161,165,806
164,161,167,455
165,161,166
165,161,167
165,161,164,249
165,161,166,47
165,161,162,634
165,161,163,489
165,806
165,161,167,455
166,161,167
166,161,164,249
166,47
166,161,162,634
166,161,163,489
166,161,165,806
166,161,167,455
167,161,164,249
167,161,166,47
167,161,162,634
167,161,163,489
167,161,165,806
167,455
173,174
173,721,542,403,402,524,174
173,524,174
173,174,525,346
173,721,542,403,402,524,174,525,346
173,524,174,525,346
173,174,524,402
173,721,542,403,402
173,524,402
173,174,524,402,105
173,721,542,403,402,105
173,524,402,105
173,174,524,402,403
173,721,542,403
173,524,402,403
173,174,524,402,403,542,421
173,721,542,421
173,524,402,403,542,421
173,174,524,402,403,542,421,170
173,721,542,421,170
173,524,402,403,542,421,170
173,721,542,403,402,524
173,524
173,174,525
173,721,542,403,402,524,174,525
173,524,174,525
173,174,524,402,403,542
173,721,542
173,524,402,403,542
173,721
173,174,524,402,403,542,721,503
173,721,503
173,524,402,403,542,721,503
174,525,346
174,173,721,542,403,402
174,524,402
174,173,721,542,403,402,105
174,524,173,721,542,403,402,105
174,524,402,105
174,173,721,542,403
174,524,173,721,542,403
174,524,402,403
174,173,721,542,421
174,524,173,721,542,421
174,524,402,403,542,421
174,173,721,542,421,170
174,524,173,721,542,421,170
174,524,402,403,542,421,170
174,524
174,525
174,173,721,542
174,524,173,721,542
174,524,402,403,542
174,173,721
174,524,173,721
174,524,402,403,542,721
174,173,721,503
174,524,173,721,503
174,524,402,403,542,721,503
210,211
216,212
216,212,835
216,212,947
216,212,1228
212,835
212,947
212,1228
221,222
225,1343
229,230
229,231
229,231,785
230,229,231
230,229,231,785
231,785
233,234
249,164,161,166,47
249,164,161,162,634
249,164,161,163,489
249,164,161,165,806
249,164,161,167,455
255,256
255,256,646
255,256,1151
255,256,1246
255,256,1293
256,646
256,1151
256,1246
256,1293
267,268
267,662
267,662,663
268,267,662
268,267,662,663
271,272
271,253,808,272
271,253,1158,272
271,253,1158,1159,1194,272
271,253,1158,1159,1373,272
271,253,1194,272
271,253,1194,1159,1373,272
271,253,1373,272
271,253
271,272,808
271,272,1158,253,808
271,272,1158,1159,1194,253,808
271,272,1158,1159,1373,253,808
271,272,1194,253,808
271,272,1194,1159,1373,253,808
271,272,1373,253,808
271,253,808
271,272,1158
271,272,1194,253,1158
271,272,1194,253,1373,1159,1158
271,272,1194,1159,1158
271,272,1373,253,1158
271,272,1373,1159,1158
271,253,1158
271,253,1194,1159,1158
271,253,1373,1159,1158
271,272,808,253,1158,1159
271,272,808,253,1194,1159
271,272,808,253,1373,1159
271,272,1158,1159
271,272,1194,1159
271,272,1373,1159
271,253,1158,1159
271,253,1194,1159
271,253,1373,1159
271,272,1194
271,272,1373,253,1194
271,272,1373,1159,1194
271,253,1194
271,253,1373,1159,1194
271,272,1373
271,253,1373
272,271,253
272,808,253
272,1158,253
272,1158,1159,1194,253
272,1158,1159,1373,253
272,1194,253
272,1194,1159,1373,253
272,1373,253
272,808
272,1158,253,808
272,1158,1159,1194,253,808
272,1158,1159,1373,253,808
272,1194,253,808
272,1194,1159,1373,253,808
272,1373,253,808
272,1158
272,1194,253,1158
272,1194,253,1373,1159,1158
272,1194,1159,1158
272,1373,253,1158
272,1373,1159,1158
272,271,253,1158,1159
272,271,253,1194,1159
272,271,253,1373,1159
272,808,253,1158,1159
272,808,253,1194,1159
272,808,253,1373,1159
272,1158,1159
272,1194,1159
272,1373,1159
272,1194
272,1373,253,1194
272,1373,1159,1194
272,1373
253,808
253,1158
253,1194,1159,1158
253,1373,1159,1158
253,1158,1159
253,1194,1159
253,1373,1159
253,1194
253,1373,1159,1194
253,1373
275,276
275,276,860
276,860
278,279
278,280
279,278,280
282,3,752
282,3,939
282,3,1126
282,3,1335
289,290
289,290,391
289,290,783
290,391
290,783
293,294
293,295
293,294,1275
294,293,295
294,1275
295,293,294,1275
306,152,150,151,345
306,152,507
306,152,507,413
306,152,507,413,564
306,152,1328
306,152,507,413,1375
47,166,161,162,634
47,166,161,163,489
47,166,161,165,806
47,166,161,167,455
319,320
319,1171
319,1171,1161
319,1480
319,1480,1041
320,319,1171
320,319,1171,1161
320,319,1480
320,319,1480,1041
324,325
324,325,684
324,325,1145
325,684
325,1145
326,327
326,328
327,326,328
329,330
338,339
338,339,1060
339,1060
345,151,150,152,507
345,151,150,152,507,413
345,151,150,152,507,413,564
345,151,150,152,1328
345,151,150,152,507,413,1375
346,525,174,173,721,542,403,402
346,525,174,173,524,402
346,525,174,524,402
346,525,174,173,721,542,403,402,105
346,525,174,173,524,402,105
346,525,174,524,173,721,542,403,402,105
346,525,174,524,402,105
346,525,174,173,721,542,403
346,525,174,173,524,402,403
346,525,174,524,173,721,542,403
346,525,174,524,402,403
346,525,174,173,721,542,421
346,525,174,173,524,402,403,542,421
346,525,174,524,173,721,542,421
346,525,174,524,402,403,542,421
346,525,174,173,721,542,421,170
346,525,174,173,524,402,403,542,421,170
346,525,174,524,173,721,542,421,170
346,525,174,524,402,403,542,421,170
346,525,174,524
346,525
346,525,174,173,721,542
346,525,174,173,524,402,403,542
346,525,174,524,173,721,542
346,525,174,524,402,403,542
346,525,174,173,721
346,525,174,524,173,721
346,525,174,524,402,403,542,721
346,525,174,173,721,503
346,525,174,173,524,402,403,542,721,503
346,525,174,524,173,721,503
346,525,174,524,402,403,542,721,503
350,351
384,385
384,385,1019
385,1019
386,387
391,290,783
399,400
399,41
399,400,588
399,400,588,589
399,400,649
399,400,649,429
399,400,948
399,400,948,909
399,400,1203
399,400,1203,1045
399,400,1302
399,400,1302,269
400,399,41
400,588
400,588,589
400,649
400,649,429
400,948
400,948,909
400,1203
400,1203,1045
400,1302
400,1302,269
41,399,400,588
41,399,400,588,589
41,399,400,649
41,399,400,649,429
41,399,400,948
41,399,400,948,909
41,399,400,1203
41,399,400,1203,1045
41,399,400,1302
41,399,400,1302,269
402,105
402,403
402,403,542,421
402,524,174,173,721,542,421
402,524,173,721,542,421
402,403,542,421,170
402,524,174,173,721,542,421,170
402,524,173,721,542,421,170
402,524
402,403,542,721,173,174,525
402,524,174,525
402,524,173,174,525
402,403,542
402,524,174,173,721,542
402,524,173,721,542
402,403,542,721
402,524,174,173,721
402,524,173,721
402,403,542,721,503
402,524,174,173,721,503
402,524,173,721,503
105,402,403
105,402,524,173,721,542,403
105,402,403,542,421
105,402,524,174,173,721,542,421
105,402,524,173,721,542,421
105,402,403,542,421,170
105,402,524,174,173,721,542,421,170
105,402,524,173,721,542,421,170
105,402,524
105,402,403,542,721,173,174,525
105,402,403,542,721,173,524,174,525
105,402,524,174,525
105,402,524,173,174,525
105,402,403,542
105,402,524,174,173,721,542
105,402,524,173,721,542
105,402,403,542,721
105,402,524,174,173,721
105,402,524,173,721
105,402,403,542,721,503
105,402,524,174,173,721,503
105,402,524,173,721,503
403,402,524,174,173,721,542,421
403,402,524,173,721,542,421
403,542,421
403,402,524,174,173,721,542,421,170
403,402,524,173,721,542,421,170
403,542,421,170
403,402,524
403,542,721,173,524
403,402,524,174,525
403,402,524,173,174,525
403,542,721,173,174,525
403,542,721,173,524,174,525
403,542
403,402,524,174,173,721
403,402,524,173,721
403,542,721
403,402,524,174,173,721,503
403,402,524,173,721,503
403,542,721,503
408,58
408,409
408,410
408,411
408,412
408,1294
408,1294,858
408,1294,891
408,1294,236
408,1294,1295
58,408,409
58,408,410
58,408,411
58,408,412
58,408,1294
58,408,1294,858
58,408,1294,891
58,408,1294,236
58,408,1294,1295
409,408,410
409,408,411
409,408,412
409,408,1294
409,408,1294,858
409,408,1294,891
409,408,1294,236
409,408,1294,1295
410,408,411
410,408,412
410,408,1294
410,408,1294,858
410,408,1294,891
410,408,1294,236
410,408,1294,1295
411,408,412
411,408,1294
411,408,1294,858
411,408,1294,891
411,408,1294,236
411,408,1294,1295
412,408,1294
412,408,1294,858
412,408,1294,891
412,408,1294,236
412,408,1294,1295
421,170
421,542,403,402,524
421,542,721,173,524
421,542,403,402,524,174,525
421,542,403,402,524,173,174,525
421,542,721,173,174,525
421,542,721,173,524,174,525
421,542
421,542,721
421,542,403,402,524,174,173,721,503
421,542,403,402,524,173,721,503
421,542,721,503
170,421,542,403,402,524
170,421,542,721,173,524
170,421,542,403,402,524,174,525
170,421,542,403,402,524,173,174,525
170,421,542,721,173,174,525
170,421,542,721,173,524,174,525
170,421,542
170,421,542,721
170,421,542,403,402,524,174,173,721,503
170,421,542,403,402,524,173,721,503
170,421,542,721,503
424,425
424,425,650,1234
424,425,650
424,425,1277
425,650,1234
425,650
425,1277
432,433
443,444
443,444,805
443,444,881
444,805
444,881
454,381
469,470
482,483
490,361
490,361,1316
361,1316
495,496
495,446
496,495,446
507,413
507,413,564
507,152,1328
507,413,1375
413,564
413,507,152,1328
413,1375
510,511
510,512,1229,199,511
510,512,1229,748,511
510,512,1342,199,1229,748,511
510,512,1342,199,511
510,512
510,513
510,514
510,515
510,516
510,511,199,1229
510,511,199,1342,512,1229
510,511,748,1229
510,512,1229
510,512,1342,199,1229
510,511,199
510,511,748,1229,199
510,512,1229,199
510,512,1229,748,511,199
510,512,1342,199
510,511,748
510,512,1229,748
510,512,1342,199,1229,748
510,512,1342,199,511,748
510,511,199,1229,512,1284
510,511,199,1342,512,1284
510,511,748,1229,199,1342,512,1284
510,511,748,1229,512,1284
510,512,1284
510,511,199,1342
510,511,748,1229,199,1342
510,511,748,1229,512,1342
510,512,1342
510,511,199,1229,512,1454
510,511,199,1342,512,1454
510,511,748,1229,199,1342,512,1454
510,511,748,1229,512,1454
510,512,1454
511,510,512
511,199,1229,512
511,199,1342,512
511,748,1229,199,1342,512
511,748,1229,512
511,510,513
511,199,1229,512,510,513
511,199,1342,512,510,513
511,748,1229,199,1342,512,510,513
511,748,1229,512,510,513
511,510,514
511,199,1229,512,510,514
511,199,1342,512,510,514
511,748,1229,199,1342,512,510,514
511,748,1229,512,510,514
511,510,515
511,199,1229,512,510,515
511,199,1342,512,510,515
511,748,1229,199,1342,512,510,515
511,748,1229,512,510,515
511,510,516
511,199,1229,512,510,516
511,199,1342,512,510,516
511,748,1229,199,1342,512,510,516
511,748,1229,512,510,516
511,510,512,1229
511,199,1229
511,199,1342,512,1229
511,748,1229
511,199
511,748,1229,199
511,748
511,510,512,1284
511,199,1229,512,1284
511,199,1342,512,1284
511,748,1229,199,1342,512,1284
511,748,1229,512,1284
511,510,512,1342
511,199,1342
511,748,1229,199,1342
511,748,1229,512,1342
511,510,512,1454
511,199,1229,512,1454
511,199,1342,512,1454
511,748,1229,199,1342,512,1454
511,748,1229,512,1454
512,510,513
512,510,514
512,510,515
512,510,516
512,1229
512,1342,199,1229
512,510,511,199
512,1229,199
512,1229,748,511,199
512,1342,199
512,510,511,748
512,1229,748
512,1342,199,1229,748
512,1342,199,511,748
512,1284
512,1342
512,1454
513,510,514
513,510,515
513,510,516
513,510,511,199,1229
513,510,511,199,1342,512,1229
513,510,511,748,1229
513,510,512,1229
513,510,512,1342,199,1229
513,510,511,199
513,510,511,748,1229,199
513,510,512,1229,199
513,510,512,1229,748,511,199
513,510,512,1342,199
513,510,511,748
513,510,512,1229,748
513,510,512,1342,199,1229,748
513,510,512,1342,199,511,748
513,510,511,199,1229,512,1284
513,510,511,199,1342,512,1284
513,510,511,748,1229,199,1342,512,1284
513,510,511,748,1229,512,1284
513,510,512,1284
513,510,511,199,1342
513,510,511,748,1229,199,1342
513,510,511,748,1229,512,1342
513,510,512,1342
513,510,511,199,1229,512,1454
513,510,511,199,1342,512,1454
513,510,511,748,1229,199,1342,512,1454
513,510,511,748,1229,512,1454
513,510,512,1454
514,510,515
514,510,516
514,510,511,199,1229
514,510,511,199,1342,512,1229
514,510,511,748,1229
514,510,512,1229
514,510,512,1342,199,1229
514,510,511,199
514,510,511,748,1229,199
514,510,512,1229,199
514,510,512,1229,748,511,199
514,510,512,1342,199
514,510,511,748
514,510,512,1229,748
514,510,512,1342,199,1229,748
514,510,512,1342,199,511,748
514,510,511,199,1229,512,1284
514,510,511,199,1342,512,1284
514,510,511,748,1229,199,1342,512,1284
514,510,511,748,1229,512,1284
514,510,512,1284
514,510,511,199,1342
514,510,511,748,1229,199,1342
514,510,511,748,1229,512,1342
514,510,512,1342
514,510,511,199,1229,512,1454
514,510,511,199,1342,512,1454
514,510,511,748,1229,199,1342,512,1454
514,510,511,748,1229,512,1454
514,510,512,1454
515,510,516
515,510,511,199,1229
515,510,511,199,1342,512,1229
515,510,511,748,1229
515,510,512,1229
515,510,512,1342,199,1229
515,510,511,199
515,510,511,748,1229,199
515,510,512,1229,199
515,510,512,1229,748,511,199
515,510,512,1342,199
515,510,511,748
515,510,512,1229,748
515,510,512,1342,199,1229,748
515,510,512,1342,199,511,748
515,510,511,199,1229,512,1284
515,510,511,199,1342,512,1284
515,510,511,748,1229,199,1342,512,1284
515,510,511,748,1229,512,1284
515,510,512,1284
515,510,511,199,1342
515,510,511,748,1229,199,1342
515,510,511,748,1229,512,1342
515,510,512,1342
515,510,511,199,1229,512,1454
515,510,511,199,1342,512,1454
515,510,511,748,1229,199,1342,512,1454
515,510,511,748,1229,512,1454
515,510,512,1454
516,510,511,199,1229
516,510,511,199,1342,512,1229
516,510,511,748,1229
516,510,512,1229
516,510,512,1342,199,1229
516,510,511,199
516,510,511,748,1229,199
516,510,512,1229,199
516,510,512,1229,748,511,199
516,510,512,1342,199
516,510,511,748
516,510,512,1229,748
516,510,512,1342,199,1229,748
516,510,512,1342,199,511,748
516,510,511,199,1229,512,1284
516,510,511,199,1342,512,1284
516,510,511,748,1229,199,1342,512,1284
516,510,511,748,1229,512,1284
516,510,512,1284
516,510,511,199,1342
516,510,511,748,1229,199,1342
516,510,511,748,1229,512,1342
516,510,512,1342
516,510,511,199,1229,512,1454
516,510,511,199,1342,512,1454
516,510,511,748,1229,199,1342,512,1454
516,510,511,748,1229,512,1454
516,510,512,1454
524,174,525
524,173,721,542
524,402,403,542
524,173,721
524,402,403,542,721
524,173,721,503
524,402,403,542,721,503
525,174,173,721,542
525,174,173,524,402,403,542
525,174,524,173,721,542
525,174,524,402,403,542
525,174,173,721
525,174,524,173,721
525,174,524,402,403,542,721
525,174,173,721,503
525,174,173,524,402,403,542,721,503
525,174,524,173,721,503
525,174,524,402,403,542,721,503
531,532
531,532,950
531,532,950,1205
531,532,950,1389
531,532,950,1389,796
531,532,950,1389,416
532,950
532,950,1205
532,950,1389
532,950,1389,796
532,950,1389,416
540,541
540,1074
541,540,1074
542,721
542,721,503
547,548
547,548,712
548,712
550,551
557,365
562,54,766
562,54,884
562,54,1213
562,54,1280
562,54,1432
562,54,1441
564,413,507,152,1328
564,413,1375
571,572
575,990
588,589
588,400,649
588,400,649,429
588,400,948
588,400,948,909
588,400,1203
588,400,1203,1045
588,400,1302
588,400,1302,269
589,588,400,649
589,588,400,649,429
589,588,400,948
589,588,400,948,909
589,588,400,1203
589,588,400,1203,1045
589,588,400,1302
589,588,400,1302,269
595,243
599,600
599,600,612
599,600,612,693
600,612
600,612,693
602,578
612,693
622,568
631,185
631,185,1059
185,1059
636,42,744
636,42,744,745
636,42,1372
636,42,1372,1123
636,42,1372,1370
646,256,1151
646,256,1246
646,256,1293
649,429
649,400,948
649,400,948,909
649,400,1203
649,400,1203,1045
649,400,1302
649,400,1302,269
429,649,400,948
429,649,400,948,909
429,649,400,1203
429,649,400,1203,1045
429,649,400,1302
429,649,400,1302,269
652,13
652,653,698,13
652,654,698,13
652,655,698,13
652,655,699,697,698,13
652,697,698,13
652,653
652,654,698,653
652,655,698,653
652,655,699,697,698,653
652,697,698,653
652,654
652,655,698,654
652,655,699,697,698,654
652,697,698,654
652,655
652,697,698,655
652,697,699,655
652,697
652,13,698
652,653,698
652,654,698
652,655,698
652,655,699,697,698
652,697,698
652,13,698,697,699
652,13,698,655,699
652,653,698,697,699
652,653,698,655,699
652,654,698,697,699
652,654,698,655,699
652,655,699
652,697,699
652,13,698,697,699,655,956
652,13,698,655,956
652,653,698,697,699,655,956
652,653,698,655,956
652,654,698,697,699,655,956
652,654,698,655,956
652,655,956
652,697,698,655,956
652,697,699,655,956
13,652,653
13,652,654,698,653
13,652,655,698,653
13,652,655,699,697,698,653
13,652,697,698,653
13,698,653
13,652,654
13,652,655,698,654
13,652,655,699,697,698,654
13,652,697,698,654
13,698,654
13,652,655
13,652,697,698,655
13,652,697,699,655
13,698,697,699,655
13,698,655
13,652,697
13,698,697
13,698
13,652,653,698,697,699
13,652,653,698,655,699
13,652,654,698,697,699
13,652,654,698,655,699
13,652,655,699
13,652,697,699
13,698,697,699
13,698,655,699
13,652,653,698,697,699,655,956
13,652,653,698,655,956
13,652,654,698,697,699,655,956
13,652,654,698,655,956
13,652,655,956
13,652,697,698,655,956
13,652,697,699,655,956
13,698,697,699,655,956
13,698,655,956
653,652,654
653,652,655,698,654
653,652,655,699,697,698,654
653,652,697,698,654
653,698,654
653,652,655
653,652,697,698,655
653,652,697,699,655
653,698,697,699,655
653,698,655
653,652,697
653,698,697
653,698
653,652,654,698,697,699
653,652,654,698,655,699
653,652,655,699
653,652,697,699
653,698,697,699
653,698,655,699
653,652,654,698,697,699,655,956
653,652,654,698,655,956
653,652,655,956
653,652,697,698,655,956
653,652,697,699,655,956
653,698,697,699,655,956
653,698,655,956
654,652,655
654,652,697,698,655
654,652,697,699,655
654,698,697,699,655
654,698,655
654,652,697
654,698,697
654,698
654,652,655,699
654,652,697,699
654,698,697,699
654,698,655,699
654,652,655,956
654,652,697,698,655,956
654,652,697,699,655,956
654,698,697,699,655,956
654,698,655,956
655,652,697
655,698,697
655,699,697
655,698
655,699,697,698
655,699
655,956
662,663
671,672
679,85
679,1288
679,1288,944
679,1288,735
85,679,1288
85,679,1288,944
85,679,1288,735
681,188
681,188,933
681,188,959
188,933
188,959
684,325,1145
689,690
697,698
697,699
697,698,655,956
697,652,655,956
697,699,655,956
698,697,699
698,655,699
698,697,699,655,956
698,655,956
699,655,956
721,503
724,725
726,727
726,727,224
727,224
737,106
741,474
741,1469
474,741,1469
742,743
744,745
744,42,1372
744,42,1372,1123
744,42,1372,1370
745,744,42,1372
745,744,42,1372,1123
745,744,42,1372,1370
752,3,939
752,3,1126
752,3,1335
766,54,884
766,54,1213
766,54,1280
766,54,1432
766,54,1441
805,444,881
808,272,1158
808,272,1194,253,1158
808,272,1194,253,1373,1159,1158
808,272,1194,1159,1158
808,272,1373,253,1158
808,272,1373,1159,1158
808,253,1158
808,253,1194,1159,1158
808,253,1373,1159,1158
808,272,1158,1159
808,272,1194,1159
808,272,1373,1159
808,253,1158,1159
808,253,1194,1159
808,253,1373,1159
808,272,1194
808,272,1373,253,1194
808,272,1373,1159,1194
808,253,1194
808,253,1373,1159,1194
808,272,1373
808,253,1373
835,212,947
835,212,1228
634,162,161,163,489
634,162,161,165,806
634,162,161,167,455
851,847
873,609
879,121
879,407
121,879,407
884,54,1213
884,54,1280
884,54,1432
884,54,1441
886,880
886,887,926,880
886,887
886,880,926
886,887,926
880,886,887
880,926,887
880,926
887,926
889,125
489,163,161,165,806
489,163,161,167,455
894,895
894,895,1336
895,1336
896,897
921,555
921,430
555,921,430
933,188,959
939,3,1126
939,3,1335
947,212,1228
948,909
948,400,1203
948,400,1203,1045
948,400,1302
948,400,1302,269
909,948,400,1203
909,948,400,1203,1045
909,948,400,1302
909,948,400,1302,269
969,970
974,617
976,977
976,978
976,19
976,376
976,658
976,797
976,979
976,836
976,980
977,976,978
977,976,19
977,976,376
977,976,658
977,976,797
977,976,979
977,976,836
977,976,980
978,976,19
978,976,376
978,976,658
978,976,797
978,976,979
978,976,836
978,976,980
19,976,376
19,976,658
19,976,797
19,976,979
19,976,836
19,976,980
376,976,658
376,976,797
376,976,979
376,976,836
376,976,980
658,976,797
658,976,979
658,976,836
658,976,980
797,976,979
797,976,836
797,976,980
979,976,836
979,976,980
836,976,980
1014,191
1030,594
1040,179
1040,179,1118
179,1118
1044,829
1055,644
1055,644,1160
644,1160
1056,1057
1067,1068
950,1205
950,1389
950,1389,796
950,1389,416
1082,626
1088,1089
1090,1091
1093,394
1096,854
1096,647
854,1096,647
1107,1108
1126,3,1335
1127,941
1151,256,1246
1151,256,1293
1158,1159
1158,272,1194
1158,272,1373,253,1194
1158,272,1373,1159,1194
1158,253,1194
1158,253,1373,1159,1194
1158,1159,1194
1158,272,1373
1158,253,1373
1158,1159,1373
1159,1194
1159,1373
1166,848
1171,1161
1171,319,1480
1171,319,1480,1041
1161,1171,319,1480
1161,1171,319,1480,1041
1188,108
1188,1438
108,1188,1438
1190,1102
1194,272,1373
1194,253,1373
1194,1159,1373
1203,1045
1203,400,1302
1203,400,1302,269
1045,1203,400,1302
1045,1203,400,1302,269
1205,950,1389
1205,950,1389,796
1205,950,1389,416
1213,54,1280
1213,54,1432
1213,54,1441
1220,1064
1226,122
1229,199
1229,748
1229,199,1342,512,1284
1229,512,1284
1229,199,1342
1229,512,1342
1229,199,1342,512,1454
1229,512,1454
199,1229,748
199,511,748
199,1229,748,511,510,512,1284
199,1229,512,1284
199,1342,512,1284
199,511,510,512,1284
199,511,748,1229,512,1284
199,1342
199,1229,748,511,510,512,1454
199,1229,512,1454
199,1342,512,1454
199,511,510,512,1454
199,511,748,1229,512,1454
748,1229,199,1342,512,1284
748,1229,512,1284
748,511,510,512,1284
748,511,199,1342,512,1284
748,1229,199,1342
748,1229,512,1342
748,511,510,512,1342
748,511,199,1342
748,1229,199,1342,512,1454
748,1229,512,1454
748,511,510,512,1454
748,511,199,1342,512,1454
1234,650
1234,650,425,1277
650,425,1277
1235,1209
1246,256,1293
1248,1249
1253,1254
1253,1254,1407
1254,1407
806,165,161,167,455
1261,714
1266,778
1266,778,1273
778,1273
1269,561
1271,239
1271,29
1271,26,1359
239,1271,29
239,1271,26,1359
29,1271,26,1359
1274,833
1280,54,1432
1280,54,1441
1284,512,1342
1284,512,1454
1288,944
1288,735
944,1288,735
1290,706
1294,858
1294,891
1294,236
1294,1295
858,1294,891
858,1294,236
858,1294,1295
891,1294,236
891,1294,1295
236,1294,1295
1297,509
1297,906
1297,1442
509,1297,906
509,1297,1442
906,1297,1442
1302,269
1305,839
1319,74
1328,152,507,413,1375
1338,508
1342,512,1454
1344,62
1357,1358
1366,560
1372,1123
1372,1370
1123,1372,1370
1389,796
1389,416
796,1389,416
1402,1177
1423,316
1430,1136
1432,54,1441
1439,1403
1462,1109
1463,153
1470,577
1472,546
1475,405
1478,841
1480,1041
