18,19
23,24
23,279,5,30,31,24
23,279,5,239,617,30,31,24
23,279,5,617,30,31,24
23,24,31,30
23,279,5,30
23,279,5,239,617,30
23,279,5,617,30
23,24,31,30,5
23,24,31,30,617,5
23,24,31,30,617,239,5
23,279,5
23,24,31
23,279,5,30,31
23,279,5,239,617,30,31
23,279,5,617,30,31
23,24,31,30,5,239
23,24,31,30,617,239
23,279,5,239
23,279,5,617,239
23,24,31,30,5,279,278
23,24,31,30,617,5,279,278
23,24,31,30,617,239,5,279,278
23,279,278
23,279
23,24,31,30,5,279,304,303
23,24,31,30,617,5,279,304,303
23,24,31,30,617,239,5,279,304,303
23,279,304,303
23,24,31,30,5,279,304
23,24,31,30,617,5,279,304
23,24,31,30,617,239,5,279,304
23,279,304
23,24,31,30,5,279,453
23,24,31,30,617,5,279,453
23,24,31,30,617,239,5,279,453
23,279,453
23,24,31,30,5,279,304,303,549
23,24,31,30,617,5,279,304,303,549
23,24,31,30,617,239,5,279,304,303,549
23,279,304,303,549
23,24,31,30,5,279,304,303,549,257
23,24,31,30,617,5,279,304,303,549,257
23,24,31,30,617,239,5,279,304,303,549,257
23,279,304,303,549,257
23,24,31,30,617
23,279,5,617
23,24,31,30,5,239,617,39
23,24,31,30,5,617,39
23,24,31,30,617,39
23,279,5,30,617,39
23,279,5,239,617,39
23,279,5,617,39
23,24,31,30,5,239,617,371
23,24,31,30,5,617,371
23,24,31,30,617,371
23,279,5,30,617,371
23,279,5,239,617,371
23,279,5,617,371
24,23,279,5,30
24,23,279,5,239,617,30
24,23,279,5,617,30
24,31,30
24,23,279,5
24,31,30,5
24,31,30,617,5
24,31,30,617,239,5
24,31
24,23,279,5,239
24,23,279,5,617,239
24,31,30,5,239
24,31,30,617,239
24,23,279,278
24,31,30,5,279,278
24,31,30,617,5,279,278
24,31,30,617,239,5,279,278
24,23,279
24,31,30,5,279
24,31,30,617,5,279
24,31,30,617,239,5,279
24,23,279,304,303
24,31,30,5,279,304,303
24,31,30,617,5,279,304,303
24,31,30,617,239,5,279,304,303
24,23,279,304
24,31,30,5,279,304
24,31,30,617,5,279,304
24,31,30,617,239,5,279,304
24,23,279,453
24,31,30,5,279,453
24,31,30,617,5,279,453
24,31,30,617,239,5,279,453
24,23,279,304,303,549
24,31,30,5,279,304,303,549
24,31,30,617,5,279,304,303,549
24,31,30,617,239,5,279,304,303,549
24,23,279,304,303,549,257
24,31,30,5,279,304,303,549,257
24,31,30,617,5,279,304,303,549,257
24,31,30,617,239,5,279,304,303,549,257
24,23,279,5,617
24,31,30,617
24,23,279,5,30,617,39
24,23,279,5,239,617,39
24,23,279,5,617,39
24,31,30,5,239,617,39
24,31,30,5,617,39
24,31,30,617,39
24,23,279,5,30,617,371
24,23,279,5,239,617,371
24,23,279,5,617,371
24,31,30,5,239,617,371
24,31,30,5,617,371
24,31,30,617,371
26,27
30,5
30,617,5
30,617,239,5
30,31
30,5,239
30,31,24,23,279,5,239
30,617,239
30,5,279,278
30,31,24,23,279,278
30,617,5,279,278
30,617,239,5,279,278
30,5,279
30,31,24,23,279
30,617,5,279
30,617,239,5,279
30,5,279,304,303
30,31,24,23,279,304,303
30,617,5,279,304,303
30,617,239,5,279,304,303
30,5,279,304
30,31,24,23,279,304
30,617,5,279,304
30,617,239,5,279,304
30,5,279,453
30,31,24,23,279,453
30,617,5,279,453
30,617,239,5,279,453
30,5,279,304,303,549
30,31,24,23,279,304,303,549
30,617,5,279,304,303,549
30,617,239,5,279,304,303,549
30,5,279,304,303,549,257
30,31,24,23,279,304,303,549,257
30,617,5,279,304,303,549,257
30,617,239,5,279,304,303,549,257
30,617
30,5,239,617,39
30,5,617,39
30,31,24,23,279,5,239,617,39
30,31,24,23,279,5,617,39
30,617,39
30,5,239,617,371
30,5,617,371
30,31,24,23,279,5,239,617,371
30,31,24,23,279,5,617,371
30,617,371
5,30,31
5,239,617,30,31
5,279,23,24,31
5,617,30,31
5,239
5,617,239
5,279,278
5,279
5,279,304,303
5,279,304
5,279,453
5,279,304,303,549
5,279,304,303,549,257
5,617
5,239,617,39
5,617,39
5,239,617,371
5,617,371
31,30,5,239
31,30,617,239
31,24,23,279,5,239
31,24,23,279,5,617,239
31,30,5,279,278
31,30,617,5,279,278
31,30,617,239,5,279,278
31,24,23,279,278
31,30,5,279
31,30,617,5,279
31,30,617,239,5,279
31,24,23,279
31,30,5,279,304,303
31,30,617,5,279,304,303
31,30,617,239,5,279,304,303
31,24,23,279,304,303
31,30,5,279,304
31,30,617,5,279,304
31,30,617,239,5,279,304
31,24,23,279,304
31,30,5,279,453
31,30,617,5,279,453
31,30,617,239,5,279,453
31,24,23,279,453
31,30,5,279,304,303,549
31,30,617,5,279,304,303,549
31,30,617,239,5,279,304,303,549
31,24,23,279,304,303,549
31,30,5,279,304,303,549,257
31,30,617,5,279,304,303,549,257
31,30,617,239,5,279,304,303,549,257
31,24,23,279,304,303,549,257
31,30,617
31,24,23,279,5,617
31,30,5,239,617,39
31,30,5,617,39
31,30,617,39
31,24,23,279,5,239,617,39
31,24,23,279,5,617,39
31,30,5,239,617,371
31,30,5,617,371
31,30,617,371
31,24,23,279,5,239,617,371
31,24,23,279,5,617,371
33,34
45,46
47,48
51,52
51,53
51,54
51,55
51,56
51,57
51,58
51,59
51,60
51,117
51,564,565,382,309
51,310,309
51,564,565,382,309,310
51,310
51,564,565,382,309,366
51,310,309,366
51,564,565,382
51,310,309,382
51,530
51,564
51,564,565
51,310,309,382,565
51,564,565,382,309,310,601
51,310,601
51,564,565,382,309,310,601,613
51,310,601,613
51,564,565,382,309,310,655
51,310,655
52,51,53
52,51,54
52,51,55
52,51,56
52,51,57
52,51,58
52,51,59
52,51,60
52,51,117
52,51,564,565,382,309
52,51,310,309
52,51,564,565,382,309,310
52,51,310
52,51,564,565,382,309,366
52,51,310,309,366
52,51,564,565,382
52,51,310,309,382
52,51,530
52,51,564
52,51,564,565
52,51,310,309,382,565
52,51,564,565,382,309,310,601
52,51,310,601
52,51,564,565,382,309,310,601,613
52,51,310,601,613
52,51,564,565,382,309,310,655
52,51,310,655
53,51,54
53,51,55
53,51,56
53,51,57
53,51,58
53,51,59
53,51,60
53,51,117
53,51,564,565,382,309
53,51,310,309
53,51,564,565,382,309,310
53,51,310
53,51,564,565,382,309,366
53,51,310,309,366
53,51,564,565,382
53,51,310,309,382
53,51,530
53,51,564
53,51,564,565
53,51,310,309,382,565
53,51,564,565,382,309,310,601
53,51,310,601
53,51,564,565,382,309,310,601,613
53,51,310,601,613
53,51,564,565,382,309,310,655
53,51,310,655
54,51,55
54,51,56
54,51,57
54,51,58
54,51,59
54,51,60
54,51,117
54,51,564,565,382,309
54,51,310,309
54,51,564,565,382,309,310
54,51,310
54,51,564,565,382,309,366
54,51,310,309,366
54,51,564,565,382
54,51,310,309,382
54,51,530
54,51,564
54,51,564,565
54,51,310,309,382,565
54,51,564,565,382,309,310,601
54,51,310,601
54,51,564,565,382,309,310,601,613
54,51,310,601,613
54,51,564,565,382,309,310,655
54,51,310,655
55,51,56
55,51,57
55,51,58
55,51,59
55,51,60
55,51,117
55,51,564,565,382,309
55,51,310,309
55,51,564,565,382,309,310
55,51,310
55,51,564,565,382,309,366
55,51,310,309,366
55,51,564,565,382
55,51,310,309,382
55,51,530
55,51,564
55,51,564,565
55,51,310,309,382,565
55,51,564,565,382,309,310,601
55,51,310,601
55,51,564,565,382,309,310,601,613
55,51,310,601,613
55,51,564,565,382,309,310,655
55,51,310,655
56,51,57
56,51,58
56,51,59
56,51,60
56,51,117
56,51,564,565,382,309
56,51,310,309
56,51,564,565,382,309,310
56,51,310
56,51,564,565,382,309,366
56,51,310,309,366
56,51,564,565,382
56,51,310,309,382
56,51,530
56,51,564
56,51,564,565
56,51,310,309,382,565
56,51,564,565,382,309,310,601
56,51,310,601
56,51,564,565,382,309,310,601,613
56,51,310,601,613
56,51,564,565,382,309,310,655
56,51,310,655
57,51,58
57,51,59
57,51,60
57,51,117
57,51,564,565,382,309
57,51,310,309
57,51,564,565,382,309,310
57,51,310
57,51,564,565,382,309,366
57,51,310,309,366
57,51,564,565,382
57,51,310,309,382
57,51,530
57,51,564
57,51,564,565
57,51,310,309,382,565
57,51,564,565,382,309,310,601
57,51,310,601
57,51,564,565,382,309,310,601,613
57,51,310,601,613
57,51,564,565,382,309,310,655
57,51,310,655
58,51,59
58,51,60
58,51,117
58,51,564,565,382,309
58,51,310,309
58,51,564,565,382,309,310
58,51,310
58,51,564,565,382,309,366
58,51,310,309,366
58,51,564,565,382
58,51,310,309,382
58,51,530
58,51,564
58,51,564,565
58,51,310,309,382,565
58,51,564,565,382,309,310,601
58,51,310,601
58,51,564,565,382,309,310,601,613
58,51,310,601,613
58,51,564,565,382,309,310,655
58,51,310,655
59,51,60
59,51,117
59,51,564,565,382,309
59,51,310,309
59,51,564,565,382,309,310
59,51,310
59,51,564,565,382,309,366
59,51,310,309,366
59,51,564,565,382
59,51,310,309,382
59,51,530
59,51,564
59,51,564,565
59,51,310,309,382,565
59,51,564,565,382,309,310,601
59,51,310,601
59,51,564,565,382,309,310,601,613
59,51,310,601,613
59,51,564,565,382,309,310,655
59,51,310,655
60,51,117
60,51,564,565,382,309
60,51,310,309
60,51,564,565,382,309,310
60,51,310
60,51,564,565,382,309,366
60,51,310,309,366
60,51,564,565,382
60,51,310,309,382
60,51,530
60,51,564
60,51,564,565
60,51,310,309,382,565
60,51,564,565,382,309,310,601
60,51,310,601
60,51,564,565,382,309,310,601,613
60,51,310,601,613
60,51,564,565,382,309,310,655
60,51,310,655
73,74
73,74,244
73,74,248,244
73,74,244,185
73,74,248,244,185
73,74,248
73,74,385
74,244
74,248,244
74,244,185
74,248,244,185
74,248
74,385
79,80
79,80,178
79,80,676,178
79,80,210
79,80,210,211
79,80,607
79,80,676
79,80,678
79,80,678,175
79,80,723
80,178
80,676,178
80,210
80,210,211
80,607
80,676
80,678
80,678,175
80,723
83,84
92,37
102,103
102,103,421
103,421
117,51,564,565,382,309
117,51,310,309
117,51,564,565,382,309,310
117,51,310
117,51,564,565,382,309,366
117,51,310,309,366
117,51,564,565,382
117,51,310,309,382
117,51,530
117,51,564
117,51,564,565
117,51,310,309,382,565
117,51,564,565,382,309,310,601
117,51,310,601
117,51,564,565,382,309,310,601,613
117,51,310,601,613
117,51,564,565,382,309,310,655
117,51,310,655
131,115
131,348
131,348,349
115,131,348
115,131,348,349
132,133
132,134,267,135,133
132,134,317,133
132,135,267,134,317,133
132,135,133
132,134
132,135,267,134
132,135,133,317,134
132,13
132,135
132,133,317,134,267
132,133,135,267
132,134,267
132,135,267
132,133,317
132,134,317
132,135,267,134,317
132,135,133,317
132,133,317,134,504,503
132,133,135,267,134,504,503
132,134,504,503
132,135,267,134,504,503
132,135,133,317,134,504,503
132,133,317,134,504
132,133,135,267,134,504
132,134,504
132,135,267,134,504
132,135,133,317,134,504
133,132,134
133,317,134
133,135,132,134
133,135,267,134
133,132,13
133,317,134,132,13
133,317,134,267,135,132,13
133,135,132,13
133,135,267,134,132,13
133,317,134,267,135
133,135
133,132,134,267
133,317,134,267
133,135,267
133,317
133,132,134,504,503
133,317,134,504,503
133,135,132,134,504,503
133,135,267,134,504,503
133,132,134,504
133,317,134,504
133,135,132,134,504
133,135,267,134,504
134,132,13
134,267,135,132,13
134,317,133,135,132,13
134,132,135
134,267,135
134,317,133,135
134,267
134,317
134,504,503
134,504
13,132,135
13,132,133,317,134,267
13,132,133,135,267
13,132,134,267
13,132,135,267
13,132,133,317
13,132,134,317
13,132,135,267,134,317
13,132,135,133,317
13,132,133,317,134,504,503
13,132,133,135,267,134,504,503
13,132,134,504,503
13,132,135,267,134,504,503
13,132,135,133,317,134,504,503
13,132,133,317,134,504
13,132,133,135,267,134,504
13,132,134,504
13,132,135,267,134,504
13,132,135,133,317,134,504
135,267
135,132,134,317
135,267,134,317
135,133,317
135,132,134,504,503
135,267,134,504,503
135,133,317,134,504,503
135,132,134,504
135,267,134,504
135,133,317,134,504
144,145
144,660,370,218,217
144,660,217
144,660,370,218
144,660,217,218
144,660,370
144,660
144,660,562
144,660,42
145,144,660,370,218,217
145,144,660,217
145,144,660,370,218
145,144,660,217,218
145,144,660,370
145,144,660
145,144,660,562
145,144,660,42
151,152
151,153
151,154
151,155
151,44
151,90
152,151,153
152,151,154
152,151,155
152,151,44
152,151,90
153,151,154
153,151,155
153,151,44
153,151,90
154,151,155
154,151,44
154,151,90
155,151,44
155,151,90
44,151,90
160,161
160,161,407
160,161,592
160,161,108
161,407
161,592
161,108
173,174
178,80,210
178,676,80,210
178,80,210,211
178,676,80,210,211
178,80,607
178,676,80,607
178,676
178,80,678
178,676,80,678
178,80,678,175
178,676,80,678,175
178,80,723
178,676,80,723
180,181
180,182
180,697
181,180,182
181,180,697
182,180,697
196,197
196,197,220
196,197,401
197,220
197,401
201,202
201,202,590
201,202,645
202,590
202,645
203,204
210,211
210,80,607
210,80,676
210,80,678
210,80,678,175
210,80,723
211,210,80,607
211,210,80,676
211,210,80,678
211,210,80,678,175
211,210,80,723
215,216
217,218
217,660,370,218
217,218,370
217,660,370
217,660
217,218,370,660,562
217,660,562
217,218,370,660,42
217,660,42
218,370
218,217,660
218,370,660
218,217,660,562
218,370,660,562
218,217,660,42
218,370,660,42
220,197,401
223,224
223,224,532
224,532
225,226
225,12
225,226,634
226,225,12
226,634
12,225,226,634
232,233
232,262
233,232,262
237,238
237,238,430,429
237,238,430
238,430,429
238,430
239,5,30,31,24,23,279,278
239,5,279,278
239,617,5,279,278
239,617,30,31,24,23,279,278
239,5,279
239,617,5,279
239,617,30,31,24,23,279
239,5,30,31,24,23,279,304,303
239,5,279,304,303
239,617,5,279,304,303
239,617,30,31,24,23,279,304,303
239,5,30,31,24,23,279,304
239,5,279,304
239,617,5,279,304
239,617,30,31,24,23,279,304
239,5,30,31,24,23,279,453
239,5,279,453
239,617,5,279,453
239,617,30,31,24,23,279,453
239,5,30,31,24,23,279,304,303,549
239,5,279,304,303,549
239,617,5,279,304,303,549
239,617,30,31,24,23,279,304,303,549
239,5,30,31,24,23,279,304,303,549,257
239,5,279,304,303,549,257
239,617,5,279,304,303,549,257
239,617,30,31,24,23,279,304,303,549,257
239,617
239,617,39
239,617,371
244,185
244,248
244,248,74,385
244,74,385
185,244,248
185,244,248,74,385
185,244,74,385
245,246
245,246,538
245,246,715
246,538
246,715
248,74,385
249,250
251,252
251,252,288
251,252,295
252,288
252,295
267,134,317
267,135,132,133,317
267,135,133,317
267,134,504,503
267,135,132,133,317,134,504,503
267,135,133,317,134,504,503
267,134,504
267,135,132,133,317,134,504
267,135,133,317,134,504
271,63
278,279
278,279,304,303
278,279,304
278,279,453
278,279,304,303,549
278,279,304,303,549,257
278,279,5,617
278,279,23,24,31,30,617
278,279,5,30,617,39
278,279,5,239,617,39
278,279,5,617,39
278,279,23,24,31,30,5,239,617,39
278,279,23,24,31,30,5,617,39
278,279,23,24,31,30,617,39
278,279,5,30,617,371
278,279,5,239,617,371
278,279,5,617,371
278,279,23,24,31,30,5,239,617,371
278,279,23,24,31,30,5,617,371
278,279,23,24,31,30,617,371
279,304,303
279,304
279,453
279,304,303,549
279,304,303,549,257
279,5,617
279,23,24,31,30,617
279,5,30,617,39
279,5,239,617,39
279,5,617,39
279,23,24,31,30,617,39
279,5,30,617,371
279,5,239,617,371
279,5,617,371
279,23,24,31,30,617,371
280,266
285,286
288,252,295
289,290
289,291
289,292
289,293
289,294
290,289,291
290,289,292
290,289,293
290,289,294
291,289,292
291,289,293
291,289,294
292,289,293
292,289,294
293,289,294
303,304
303,304,279,453
303,549
303,549,257
303,304,279,5,617
303,304,279,23,24,31,30,617
303,304,279,5,30,617,39
303,304,279,5,239,617,39
303,304,279,5,617,39
303,304,279,23,24,31,30,5,239,617,39
303,304,279,23,24,31,30,5,617,39
303,304,279,23,24,31,30,617,39
303,304,279,5,30,617,371
303,304,279,5,239,617,371
303,304,279,5,617,371
303,304,279,23,24,31,30,5,239,617,371
303,304,279,23,24,31,30,5,617,371
303,304,279,23,24,31,30,617,371
304,279,453
304,303,549
304,303,549,257
304,279,5,617
304,279,23,24,31,30,617
304,279,5,30,617,39
304,279,5,239,617,39
304,279,5,617,39
304,279,23,24,31,30,5,239,617,39
304,279,23,24,31,30,5,617,39
304,279,23,24,31,30,617,39
304,279,5,30,617,371
304,279,5,239,617,371
304,279,5,617,371
304,279,23,24,31,30,5,239,617,371
304,279,23,24,31,30,5,617,371
304,279,23,24,31,30,617,371
309,310
309,366
309,382
309,310,51,530
309,382,565,564,51,530
309,310,51,564
309,382,565,564
309,310,51,564,565
309,382,565
309,310,601
309,310,601,613
309,310,655
310,309,366
310,51,564,565,382,309,366
310,309,382
310,51,564,565,382
310,309,382,565,564,51,530
310,51,530
310,309,382,565,564
310,51,564
310,309,382,565
310,51,564,565
310,601
310,601,613
310,655
315,316
317,134,504,503
317,134,504
330,331
330,514,331
330,514
330,331,514,515
330,331,514,516,515
330,514,515
330,514,516,515
330,331,514,373
330,514,373
330,331,514,516
330,514,516
330,331,514,391
330,514,391
331,514
331,514,515
331,514,516,515
331,514,373
331,514,516
331,514,391
339,179
341,342
341,343
341,344
342,341,343
342,341,344
343,341,344
348,349
350,351
350,351,277
350,351,454
351,277
351,454
354,355
354,356
354,357
355,354,356
355,354,357
356,354,357
362,157
364,365
366,309,382
366,309,310,51,530
366,309,382,565,564,51,530
366,309,310,51,564
366,309,382,565,564
366,309,310,51,564,565
366,309,382,565
366,309,310,601
366,309,382,565,564,51,310,601
366,309,310,601,613
366,309,382,565,564,51,310,601,613
366,309,310,655
366,309,382,565,564,51,310,655
370,660
370,660,562
370,660,42
377,378
377,379
377,467
377,570
377,666
378,377,379
378,377,467
378,377,570
378,377,666
379,377,467
379,377,570
379,377,666
382,309,310,51,530
382,565,564,51,530
382,309,310,51,564
382,565,564
382,565
382,309,310,601
382,565,564,51,310,601
382,309,310,601,613
382,565,564,51,310,601,613
382,309,310,655
382,565,564,51,310,655
384,50
384,412
50,384,412
398,399
398,535
399,398,535
425,426
425,426,505
426,505
429,430
439,440
448,449
450,451
450,418
450,451,464
451,450,418
451,464
418,450,451,464
461,462
467,377,570
467,377,666
475,476
475,476,16
475,476,533
476,16
476,533
479,107
482,432
16,476,533
490,491
490,492
490,493
490,235
491,490,492
491,490,493
491,490,235
492,490,493
492,490,235
493,490,235
503,504
508,509
508,510,541,509
508,510
508,509,541
508,510,541
509,508,510
509,541,510
509,541
510,541
513,353
514,515
514,516,515
514,373
514,516
514,391
515,514,373
515,516,514,373
515,516
515,514,391
515,516,514,391
373,514,516
373,514,391
516,514,391
277,351,454
528,529
530,51,564
530,51,564,565
530,51,310,309,382,565
530,51,564,565,382,309,310,601
530,51,310,601
530,51,564,565,382,309,310,601,613
530,51,310,601,613
530,51,564,565,382,309,310,655
530,51,310,655
453,279,304,303,549
453,279,304,303,549,257
453,279,5,617
453,279,23,24,31,30,617
453,279,5,30,617,39
453,279,5,239,617,39
453,279,5,617,39
453,279,23,24,31,30,5,239,617,39
453,279,23,24,31,30,5,617,39
453,279,23,24,31,30,617,39
453,279,5,30,617,371
453,279,5,239,617,371
453,279,5,617,371
453,279,23,24,31,30,5,239,617,371
453,279,23,24,31,30,5,617,371
453,279,23,24,31,30,617,371
538,246,715
549,257
549,303,304,279,5,617
549,303,304,279,23,24,31,30,617
549,303,304,279,5,30,617,39
549,303,304,279,5,239,617,39
549,303,304,279,5,617,39
549,303,304,279,23,24,31,30,5,239,617,39
549,303,304,279,23,24,31,30,5,617,39
549,303,304,279,23,24,31,30,617,39
549,303,304,279,5,30,617,371
549,303,304,279,5,239,617,371
549,303,304,279,5,617,371
549,303,304,279,23,24,31,30,5,239,617,371
549,303,304,279,23,24,31,30,5,617,371
549,303,304,279,23,24,31,30,617,371
257,549,303,304,279,5,617
257,549,303,304,279,23,24,31,30,617
257,549,303,304,279,5,30,617,39
257,549,303,304,279,5,239,617,39
257,549,303,304,279,5,617,39
257,549,303,304,279,23,24,31,30,5,239,617,39
257,549,303,304,279,23,24,31,30,5,617,39
257,549,303,304,279,23,24,31,30,617,39
257,549,303,304,279,5,30,617,371
257,549,303,304,279,5,239,617,371
257,549,303,304,279,5,617,371
257,549,303,304,279,23,24,31,30,5,239,617,371
257,549,303,304,279,23,24,31,30,5,617,371
257,549,303,304,279,23,24,31,30,617,371
556,146
564,565
564,565,382,309,310,601
564,51,310,601
564,565,382,309,310,601,613
564,51,310,601,613
564,565,382,309,310,655
564,51,310,655
565,564,51,310,601
565,382,309,310,601
565,564,51,310,601,613
565,382,309,310,601,613
565,564,51,310,655
565,382,309,310,655
568,69
570,377,666
574,109
583,287
583,287,626
287,626
590,202,645
593,520
601,613
601,310,655
607,80,676
607,80,678
607,80,678,175
607,80,723
613,601,310,655
617,39
617,371
39,617,371
641,243
657,75
660,562
660,42
562,660,42
676,80,678
676,80,678,175
676,80,723
678,175
678,80,723
175,678,80,723
683,684
683,684,49
683,684,661
684,49
684,661
693,345
709,710
407,161,592
407,161,108
592,161,108
49,684,661
