4,5
4,5,84
4,5,536
4,5,914
5,84
5,536
5,914
26,27
26,27,490
26,27,578
26,27,578,187
27,490
27,578
27,578,187
28,29
28,29,426
28,29,718
28,29,938
29,426
29,718
29,938
31,32
31,32,815,466,465
31,32,1005,466,465
31,32,815,466
31,32,1005,466
31,32,815,466,509
31,32,1005,466,509
31,32,815
31,32,1005,466,815
31,32,894
31,32,940
31,32,1005
32,815,466,465
32,1005,466,465
32,815,466
32,1005,466
32,815,466,509
32,1005,466,509
32,815
32,1005,466,815
32,894
32,940
32,1005
35,36
35,37
36,35,37
38,39
38,39,219
38,39,219,305,234
38,39,250
38,39,254
38,39,255,254
38,39,255
38,39,219,305
38,39,254,255,365
38,39,255,365
38,39,254,255,528
38,39,255,528
38,39,254,255,15
38,39,255,15
38,39,254,255,705
38,39,255,705
38,39,254,255,15,1012
38,39,255,15,1012
39,219
39,219,305,234
39,250
39,254
39,255,254
39,255
39,219,305
39,254,255,365
39,255,365
39,254,255,528
39,255,528
39,254,255,15
39,255,15
39,254,255,705
39,255,705
39,254,255,15,1012
39,255,15,1012
40,41
42,43
46,47
46,47,50
46,47,288,51,50
46,47,504,51,50
46,47,668,51,50
46,47,1025,51,50
46,47,50,51
46,47,288,51
46,47,504,51
46,47,668,51
46,47,1025,51
46,47,50,51,109
46,47,288,51,109
46,47,504,51,109
46,47,668,51,109
46,47,1025,51,109
46,47,288
46,47,504,51,288
46,47,668,51,288
46,47,1025,51,288
46,47,408,314
46,47,408,409,314
46,47,408,314,315
46,47,408,409,314,315
46,47,408
46,47,408,409
46,47,50,51,477
46,47,288,51,477
46,47,504,51,477
46,47,668,51,477
46,47,1025,51,477
46,47,504
46,47,668,51,504
46,47,1025,51,504
46,47,50,51,537
46,47,288,51,537
46,47,504,51,537
46,47,668,51,537
46,47,1025,51,537
46,47,50,51,579
46,47,288,51,579
46,47,504,51,579
46,47,668,51,579
46,47,1025,51,579
46,47,668
46,47,1025,51,668
46,47,50,51,831
46,47,288,51,831
46,47,504,51,831
46,47,668,51,831
46,47,1025,51,831
46,47,50,51,903
46,47,288,51,903
46,47,504,51,903
46,47,668,51,903
46,47,1025,51,903
46,47,1025
47,50
47,288,51,50
47,504,51,50
47,668,51,50
47,1025,51,50
47,50,51
47,288,51
47,504,51
47,668,51
47,1025,51
47,50,51,109
47,288,51,109
47,504,51,109
47,668,51,109
47,1025,51,109
47,288
47,504,51,288
47,668,51,288
47,1025,51,288
47,408,314
47,408,409,314
47,408,314,315
47,408,409,314,315
47,408
47,408,409
47,50,51,477
47,288,51,477
47,504,51,477
47,668,51,477
47,1025,51,477
47,504
47,668,51,504
47,1025,51,504
47,50,51,537
47,288,51,537
47,504,51,537
47,668,51,537
47,1025,51,537
47,50,51,579
47,288,51,579
47,504,51,579
47,668,51,579
47,1025,51,579
47,668
47,1025,51,668
47,50,51,831
47,288,51,831
47,504,51,831
47,668,51,831
47,1025,51,831
47,50,51,903
47,288,51,903
47,504,51,903
47,668,51,903
47,1025,51,903
47,1025
50,51
50,47,288,51,109
50,47,504,51,109
50,47,668,51,109
50,47,1025,51,109
50,51,109
50,47,288
50,47,504,51,288
50,47,668,51,288
50,47,1025,51,288
50,51,288
50,47,408,314
50,47,408,409,314
50,51,288,47,408,314
50,51,288,47,408,409,314
50,51,504,47,408,314
50,51,504,47,408,409,314
50,51,668,47,408,314
50,51,668,47,408,409,314
50,51,1025,47,408,314
50,51,1025,47,408,409,314
50,47,408,314,315
50,47,408,409,314,315
50,51,288,47,408,314,315
50,51,288,47,408,409,314,315
50,51,504,47,408,314,315
50,51,504,47,408,409,314,315
50,51,668,47,408,314,315
50,51,668,47,408,409,314,315
50,51,1025,47,408,314,315
50,51,1025,47,408,409,314,315
50,47,408
50,51,288,47,408
50,51,504,47,408
50,51,668,47,408
50,51,1025,47,408
50,47,408,409
50,51,288,47,408,409
50,51,504,47,408,409
50,51,668,47,408,409
50,51,1025,47,408,409
50,47,288,51,477
50,47,504,51,477
50,47,668,51,477
50,47,1025,51,477
50,51,477
50,47,504
50,47,668,51,504
50,47,1025,51,504
50,51,504
50,47,288,51,537
50,47,504,51,537
50,47,668,51,537
50,47,1025,51,537
50,51,537
50,47,288,51,579
50,47,504,51,579
50,47,668,51,579
50,47,1025,51,579
50,51,579
50,47,668
50,47,1025,51,668
50,51,668
50,47,288,51,831
50,47,504,51,831
50,47,668,51,831
50,47,1025,51,831
50,51,831
50,47,288,51,903
50,47,504,51,903
50,47,668,51,903
50,47,1025,51,903
50,51,903
50,47,1025
50,51,1025
51,109
51,288
51,50,47,408,314
51,50,47,408,409,314
51,288,47,408,314
51,288,47,408,409,314
51,504,47,408,314
51,504,47,408,409,314
51,668,47,408,314
51,668,47,408,409,314
51,1025,47,408,314
51,1025,47,408,409,314
51,50,47,408,314,315
51,50,47,408,409,314,315
51,288,47,408,314,315
51,288,47,408,409,314,315
51,504,47,408,314,315
51,504,47,408,409,314,315
51,668,47,408,314,315
51,668,47,408,409,314,315
51,1025,47,408,314,315
51,1025,47,408,409,314,315
51,50,47,408
51,288,47,408
51,504,47,408
51,668,47,408
51,1025,47,408
51,50,47,408,409
51,288,47,408,409
51,504,47,408,409
51,668,47,408,409
51,1025,47,408,409
51,477
51,504
51,537
51,579
51,668
51,831
51,903
51,1025
59,60
59,60,282
59,60,298
59,60,601
59,60,748
59,60,762
60,282
60,298
60,601
60,748
60,762
68,24
68,24,193
68,24,193,194
68,24,193,194,101
68,24,193,194,206
68,24,193,194,207
24,193
24,193,194
24,193,194,101
24,193,194,206
24,193,194,207
84,5,536
84,5,914
87,88
100,19
103,104
103,104,197,198,452,1057,1056,172,171
103,104,197,198,533,171
103,104,197,198,173,171
103,104,508,198,452,1057,1056,172,171
103,104,508,198,533,171
103,104,508,198,173,171
103,104,533,171
103,104,533,198,452,1057,1056,172,171
103,104,533,198,173,171
103,104,173,171
103,104,173,198,452,1057,1056,172,171
103,104,1056,172,171
103,104,1056,1057,452,198,533,171
103,104,1056,1057,452,198,173,171
103,104,1057,1056,172,171
103,104,1057,452,198,533,171
103,104,1057,452,198,173,171
103,104,197,198,452,1057,1056,172
103,104,197,198,533,171,172
103,104,197,198,173,171,172
103,104,508,198,452,1057,1056,172
103,104,508,198,533,171,172
103,104,508,198,173,171,172
103,104,533,171,172
103,104,533,171,173,198,452,1057,1056,172
103,104,533,198,452,1057,1056,172
103,104,533,198,173,171,172
103,104,173,171,172
103,104,173,198,452,1057,1056,172
103,104,1056,172
103,104,1057,1056,172
103,104,1057,452,198,533,171,172
103,104,1057,452,198,173,171,172
103,104,197,198,452,1057,1056,172,171,173
103,104,197,198,533,171,173
103,104,197,198,173
103,104,508,198,452,1057,1056,172,171,173
103,104,508,198,533,171,173
103,104,508,198,173
103,104,533,171,173
103,104,533,198,173
103,104,173
103,104,1056,172,171,173
103,104,1056,172,171,533,198,173
103,104,1056,1057,452,198,533,171,173
103,104,1056,1057,452,198,173
103,104,1057,1056,172,171,173
103,104,1057,1056,172,171,533,198,173
103,104,1057,452,198,533,171,173
103,104,1057,452,198,173
103,104,197
103,104,508,198,197
103,104,533,171,172,1056,1057,452,198,197
103,104,533,198,197
103,104,1056,172,171,173,198,197
103,104,1056,172,171,533,198,197
103,104,1056,1057,452,198,197
103,104,1057,1056,172,171,173,198,197
103,104,1057,1056,172,171,533,198,197
103,104,1057,452,198,197
103,104,197,198
103,104,508,198
103,104,533,198
103,104,173,198
103,104,1056,172,171,173,198
103,104,1056,172,171,533,198
103,104,1056,1057,452,198
103,104,1057,1056,172,171,173,198
103,104,1057,1056,172,171,533,198
103,104,1057,452,198
103,104,197,198,452
103,104,508,198,452
103,104,508,198,533,171,172,1056,1057,452
103,104,533,171,172,1056,1057,452
103,104,533,171,173,198,452
103,104,533,198,452
103,104,173,171,172,1056,1057,452
103,104,173,198,452
103,104,1056,172,171,173,198,452
103,104,1056,172,171,533,198,452
103,104,1056,1057,452
103,104,1057,452
103,104,508
103,104,533,198,508
103,104,1056,172,171,173,198,508
103,104,1056,172,171,533,198,508
103,104,1056,1057,452,198,508
103,104,1057,1056,172,171,173,198,508
103,104,1057,1056,172,171,533,198,508
103,104,1057,452,198,508
103,104,533
103,104,1056,172,171,533
103,104,1056,1057,452,198,533
103,104,1057,1056,172,171,533
103,104,1057,452,198,533
103,104,1056
103,104,1057,1056
103,104,1057
104,197,198,452,1057,1056,172,171
104,197,198,533,171
104,197,198,173,171
104,508,198,452,1057,1056,172,171
104,508,198,533,171
104,508,198,173,171
104,533,171
104,533,198,452,1057,1056,172,171
104,533,198,173,171
104,173,171
104,173,198,452,1057,1056,172,171
104,1056,172,171
104,1056,1057,452,198,533,171
104,1056,1057,452,198,173,171
104,1057,1056,172,171
104,1057,452,198,533,171
104,1057,452,198,173,171
104,197,198,452,1057,1056,172
104,197,198,533,171,172
104,197,198,173,171,172
104,508,198,452,1057,1056,172
104,508,198,533,171,172
104,508,198,173,171,172
104,533,171,172
104,533,171,173,198,452,1057,1056,172
104,533,198,452,1057,1056,172
104,533,198,173,171,172
104,173,171,172
104,173,198,452,1057,1056,172
104,1056,172
104,1057,1056,172
104,1057,452,198,533,171,172
104,1057,452,198,173,171,172
104,197,198,452,1057,1056,172,171,173
104,197,198,533,171,173
104,197,198,173
104,508,198,452,1057,1056,172,171,173
104,508,198,533,171,173
104,508,198,173
104,533,171,173
104,533,198,173
104,173
104,1056,172,171,173
104,1056,172,171,533,198,173
104,1056,1057,452,198,533,171,173
104,1056,1057,452,198,173
104,1057,1056,172,171,173
104,1057,1056,172,171,533,198,173
104,1057,452,198,533,171,173
104,1057,452,198,173
104,197
104,508,198,197
104,533,171,172,1056,1057,452,198,197
104,533,198,197
104,1056,172,171,173,198,197
104,1056,172,171,533,198,197
104,1056,1057,452,198,197
104,1057,1056,172,171,173,198,197
104,1057,1056,172,171,533,198,197
104,1057,452,198,197
104,197,198
104,508,198
104,533,198
104,173,198
104,1056,172,171,173,198
104,1056,172,171,533,198
104,1056,1057,452,198
104,1057,1056,172,171,173,198
104,1057,1056,172,171,533,198
104,1057,452,198
104,197,198,452
104,508,198,452
104,508,198,533,171,172,1056,1057,452
104,533,171,172,1056,1057,452
104,533,171,173,198,452
104,533,198,452
104,173,171,172,1056,1057,452
104,173,198,452
104,1056,172,171,173,198,452
104,1056,172,171,533,198,452
104,1056,1057,452
104,1057,452
104,508
104,533,198,508
104,1056,172,171,173,198,508
104,1056,172,171,533,198,508
104,1056,1057,452,198,508
104,1057,1056,172,171,173,198,508
104,1057,1056,172,171,533,198,508
104,1057,452,198,508
104,533
104,1056,172,171,533
104,1056,1057,452,198,533
104,1057,1056,172,171,533
104,1057,452,198,533
104,1056
104,1057,1056
104,1057
109,51,288
109,51,504,47,288
109,51,668,47,288
109,51,1025,47,288
109,51,50,47,408,314
109,51,50,47,408,409,314
109,51,288,47,408,314
109,51,288,47,408,409,314
109,51,504,47,408,314
109,51,504,47,408,409,314
109,51,668,47,408,314
109,51,668,47,408,409,314
109,51,1025,47,408,314
109,51,1025,47,408,409,314
109,51,50,47,408,314,315
109,51,50,47,408,409,314,315
109,51,288,47,408,314,315
109,51,288,47,408,409,314,315
109,51,504,47,408,314,315
109,51,504,47,408,409,314,315
109,51,668,47,408,314,315
109,51,668,47,408,409,314,315
109,51,1025,47,408,314,315
109,51,1025,47,408,409,314,315
109,51,50,47,408
109,51,288,47,408
109,51,504,47,408
109,51,668,47,408
109,51,1025,47,408
109,51,50,47,408,409
109,51,288,47,408,409
109,51,504,47,408,409
109,51,668,47,408,409
109,51,1025,47,408,409
109,51,477
109,51,504
109,51,668,47,504
109,51,1025,47,504
109,51,537
109,51,579
109,51,668
109,51,1025,47,668
109,51,831
109,51,903
109,51,1025
111,112
111,112,125
111,112,169
111,112,259
111,112,302
111,112,331
111,112,385
111,112,394
111,112,417
111,112,503
111,112,730
111,112,965
111,112,996
111,112,1003
111,112,1014
111,112,1017
112,125
112,169
112,259
112,302
112,331
112,385
112,394
112,417
112,503
112,730
112,965
112,996
112,1003
112,1014
112,1017
115,116
115,118,116
115,117
115,118
115,116,118,147
115,118,147
116,115,117
116,118,115,117
116,118
116,118,147
117,115,118
117,115,116,118,147
117,115,118,147
118,147
125,112,169
125,112,259
125,112,302
125,112,331
125,112,385
125,112,394
125,112,417
125,112,503
125,112,730
125,112,965
125,112,996
125,112,1003
125,112,1014
125,112,1017
132,133
132,134
132,134,191
132,134,859
132,134,859,860
133,132,134
133,132,134,191
133,132,134,859
133,132,134,859,860
134,191
134,859
134,859,860
157,158
157,693,158
157,962,158
157,158,272
157,693,158,272
157,962,158,272
157,158,457
157,693,158,457
157,962,158,457
157,158,565
157,693,158,565
157,962,158,565
157,693
157,962,158,693
157,962
158,272
158,457
158,565
158,693
158,962
159,160
162,163
162,1021,163
162,1021,828,163
162,164
162,163,828
162,1021,828
162,163,828,829
162,163,1021,828,829
162,1021,828,829
162,163,828,357
162,163,1021,828,357
162,1021,828,357
162,163,828,576
162,163,1021,828,576
162,1021,828,576
162,1021
163,162,164
163,828,1021,162,164
163,1021,162,164
163,828
163,1021,828
163,828,829
163,1021,828,829
163,828,357
163,1021,828,357
163,828,576
163,1021,828,576
163,1021
164,162,163,828
164,162,1021,828
164,162,163,828,829
164,162,163,1021,828,829
164,162,1021,828,829
164,162,163,828,357
164,162,163,1021,828,357
164,162,1021,828,357
164,162,163,828,576
164,162,163,1021,828,576
164,162,1021,828,576
164,162,1021
169,112,259
169,112,302
169,112,331
169,112,385
169,112,394
169,112,417
169,112,503
169,112,730
169,112,965
169,112,996
169,112,1003
169,112,1014
169,112,1017
171,172
171,173,198,452,1057,1056,172
171,533,198,452,1057,1056,172
171,173
171,533,198,173
171,172,1056,104,197
171,172,1056,104,508,198,197
171,172,1056,1057,104,197
171,172,1056,1057,104,508,198,197
171,172,1056,1057,452,198,197
171,172,1056,1057,452,198,508,104,197
171,173,104,197
171,173,104,508,198,197
171,173,104,1056,1057,452,198,197
171,173,104,1057,452,198,197
171,173,198,197
171,533,104,197
171,533,104,508,198,197
171,533,104,1056,1057,452,198,197
171,533,104,1057,452,198,197
171,533,198,197
171,172,1056,104,197,198
171,172,1056,104,508,198
171,172,1056,104,1057,452,198
171,172,1056,1057,104,197,198
171,172,1056,1057,104,508,198
171,172,1056,1057,452,198
171,173,198
171,533,198
171,172,1056,104,197,198,452
171,172,1056,104,508,198,452
171,172,1056,104,1057,452
171,172,1056,1057,452
171,173,104,197,198,452
171,173,104,508,198,452
171,173,104,1056,1057,452
171,173,104,1057,452
171,173,198,452
171,173,198,508,104,1056,1057,452
171,173,198,508,104,1057,452
171,533,104,197,198,452
171,533,104,508,198,452
171,533,104,1056,1057,452
171,533,104,1057,452
171,533,198,452
171,533,198,508,104,1056,1057,452
171,533,198,508,104,1057,452
171,172,1056,104,508
171,172,1056,1057,104,508
171,172,1056,1057,452,198,508
171,173,104,508
171,173,198,508
171,533,104,508
171,533,198,508
171,533
171,172,1056
171,173,104,1056
171,173,104,1057,1056
171,173,198,197,104,1056
171,173,198,197,104,1057,1056
171,173,198,452,1057,1056
171,173,198,508,104,1056
171,173,198,508,104,1057,1056
171,173,198,533,104,1056
171,173,198,533,104,1057,1056
171,533,104,1056
171,533,104,1057,1056
171,533,198,197,104,1056
171,533,198,197,104,1057,1056
171,533,198,452,1057,1056
171,533,198,508,104,1056
171,533,198,508,104,1057,1056
171,172,1056,1057
171,173,104,1057
171,173,198,197,104,1057
171,173,198,452,1057
171,173,198,508,104,1057
171,173,198,533,104,1057
171,533,104,1057
171,533,198,197,104,1057
171,533,198,452,1057
171,533,198,508,104,1057
172,171,173
172,171,533,104,197,198,173
172,171,533,104,508,198,173
172,171,533,104,173
172,171,533,104,1057,452,198,173
172,171,533,198,173
172,1056,104,197,198,533,171,173
172,1056,104,197,198,173
172,1056,104,508,198,533,171,173
172,1056,104,508,198,173
172,1056,104,533,171,173
172,1056,104,533,198,173
172,1056,104,173
172,1056,1057,104,197,198,533,171,173
172,1056,1057,104,197,198,173
172,1056,1057,104,508,198,533,171,173
172,1056,1057,104,508,198,173
172,1056,1057,104,533,171,173
172,1056,1057,104,533,198,173
172,1056,1057,104,173
172,1056,1057,452,198,197,104,533,171,173
172,1056,1057,452,198,197,104,173
172,1056,1057,452,198,508,104,533,171,173
172,1056,1057,452,198,508,104,173
172,1056,1057,452,198,533,171,173
172,1056,1057,452,198,533,104,173
172,1056,1057,452,198,173
172,171,173,104,197
172,171,173,104,508,198,197
172,171,173,104,1057,452,198,197
172,171,173,198,197
172,171,533,104,197
172,171,533,104,508,198,197
172,171,533,104,1057,452,198,197
172,171,533,198,197
172,1056,104,197
172,1056,104,508,198,197
172,1056,104,533,198,197
172,1056,1057,104,197
172,1056,1057,104,508,198,197
172,1056,1057,104,533,198,197
172,1056,1057,452,198,197
172,1056,1057,452,198,508,104,197
172,1056,1057,452,198,533,104,197
172,171,173,198
172,171,533,198
172,1056,104,197,198
172,1056,104,508,198
172,1056,104,533,198
172,1056,104,173,198
172,1056,104,1057,452,198
172,1056,1057,104,197,198
172,1056,1057,104,508,198
172,1056,1057,104,533,198
172,1056,1057,104,173,198
172,1056,1057,452,198
172,171,173,104,197,198,452
172,171,173,104,508,198,452
172,171,173,104,533,198,452
172,171,173,104,1057,452
172,171,173,198,452
172,171,173,198,508,104,1057,452
172,171,533,104,197,198,452
172,171,533,104,508,198,452
172,171,533,104,1057,452
172,171,533,198,452
172,171,533,198,508,104,1057,452
172,1056,104,197,198,452
172,1056,104,508,198,452
172,1056,104,533,171,173,198,452
172,1056,104,533,198,452
172,1056,104,173,198,452
172,1056,104,1057,452
172,1056,1057,452
172,171,173,104,508
172,171,173,198,508
172,171,533,104,508
172,171,533,198,508
172,1056,104,508
172,1056,104,533,198,508
172,1056,1057,104,508
172,1056,1057,104,533,198,508
172,1056,1057,452,198,508
172,1056,1057,452,198,533,104,508
172,171,533
172,1056,104,533
172,1056,1057,104,533
172,1056,1057,452,198,533
172,1056
172,171,173,104,1057
172,171,173,198,197,104,1057
172,171,173,198,452,1057
172,171,173,198,508,104,1057
172,171,173,198,533,104,1057
172,171,533,104,1057
172,171,533,198,197,104,1057
172,171,533,198,452,1057
172,171,533,198,508,104,1057
172,1056,1057
173,171,172,1056,104,197
173,171,172,1056,104,508,198,197
173,171,172,1056,1057,104,197
173,171,172,1056,1057,104,508,198,197
173,171,172,1056,1057,452,198,197
173,171,172,1056,1057,452,198,508,104,197
173,171,533,104,197
173,171,533,104,508,198,197
173,171,533,104,1056,1057,452,198,197
173,171,533,104,1057,452,198,197
173,171,533,198,197
173,104,197
173,104,508,198,197
173,104,533,198,197
173,104,1056,1057,452,198,197
173,104,1057,452,198,197
173,198,197
173,198
173,171,172,1056,104,197,198,452
173,171,172,1056,104,508,198,452
173,171,172,1056,1057,452
173,171,533,104,197,198,452
173,171,533,104,508,198,452
173,171,533,104,1056,1057,452
173,171,533,104,1057,452
173,171,533,198,452
173,171,533,198,508,104,1056,1057,452
173,171,533,198,508,104,1057,452
173,104,197,198,452
173,104,508,198,452
173,104,533,171,172,1056,1057,452
173,104,533,198,452
173,104,1056,1057,452
173,104,1057,452
173,198,452
173,198,508,104,1056,1057,452
173,198,508,104,1057,452
173,198,533,104,1056,1057,452
173,198,533,104,1057,452
173,171,172,1056,104,508
173,171,172,1056,1057,104,508
173,171,172,1056,1057,452,198,508
173,171,533,104,508
173,171,533,198,508
173,104,508
173,104,533,198,508
173,198,508
173,171,533
173,104,533
173,198,533
173,171,172,1056
173,171,533,104,1056
173,171,533,104,1057,1056
173,171,533,198,197,104,1056
173,171,533,198,197,104,1057,1056
173,171,533,198,452,1057,1056
173,171,533,198,508,104,1056
173,171,533,198,508,104,1057,1056
173,104,1056
173,104,1057,1056
173,198,197,104,1056
173,198,197,104,1057,1056
173,198,452,1057,1056
173,198,508,104,1056
173,198,508,104,1057,1056
173,198,533,171,172,1056
173,198,533,104,1056
173,198,533,104,1057,1056
173,171,172,1056,1057
173,171,533,104,1057
173,171,533,198,197,104,1057
173,171,533,198,452,1057
173,171,533,198,508,104,1057
173,104,1057
173,198,197,104,1057
173,198,452,1057
173,198,508,104,1057
173,198,533,171,172,1056,1057
173,198,533,104,1057
181,182
181,183,520,521,182
181,183,520,271,182
181,183
181,182,521,520,271
181,182,271
181,183,520,521,182,271
181,183,520,271
181,182,459
181,183,520,521,182,459
181,183,520,271,182,459
181,182,521,520
181,182,271,520
181,183,520
181,182,521
181,183,520,521
182,181,183
182,521,520,183
182,271,520,183
182,521,520,271
182,271
182,459
182,181,183,520
182,521,520
182,271,520
182,521
183,181,182,271
183,520,521,182,271
183,520,271
183,181,182,459
183,520,521,182,459
183,520,271,182,459
183,520
183,181,182,521
183,520,521
193,194
193,194,101
193,194,206
193,194,207
194,101
194,206
194,207
197,198
197,104,508,198,452
197,104,508,198,533,171,172,1056,1057,452
197,104,533,171,172,1056,1057,452
197,104,533,198,452
197,104,173,171,172,1056,1057,452
197,104,1056,172,171,533,198,452
197,104,1056,1057,452
197,104,1057,452
197,198,452
197,198,508,104,1056,1057,452
197,198,508,104,1057,452
197,198,533,171,172,1056,1057,452
197,198,533,104,1056,1057,452
197,198,533,104,1057,452
197,104,508
197,104,533,198,508
197,104,1056,172,171,533,198,508
197,104,1057,1056,172,171,533,198,508
197,198,508
197,104,533
197,104,1056,172,171,533
197,104,1057,1056,172,171,533
197,198,533
197,104,1056
197,104,1057,1056
197,198,452,1057,1056
197,198,508,104,1056
197,198,508,104,1057,1056
197,198,533,171,172,1056
197,198,533,104,1056
197,198,533,104,1057,1056
197,198,173,171,172,1056
197,104,1057
197,198,452,1057
197,198,508,104,1057
197,198,533,171,172,1056,1057
197,198,533,104,1057
197,198,173,171,172,1056,1057
198,452
198,508
198,533
198,197,104,1056
198,197,104,1057,1056
198,452,1057,1056
198,508,104,1056
198,508,104,1057,1056
198,533,171,172,1056
198,533,104,1056
198,533,104,1057,1056
198,173,171,172,1056
198,173,104,1056
198,173,104,1057,1056
198,197,104,1057
198,452,1057
198,508,104,1057
198,533,171,172,1056,1057
198,533,104,1057
198,173,171,172,1056,1057
198,173,104,1057
201,202
101,194,206
101,194,207
206,194,207
208,209
208,210
209,208,210
215,216
215,617
215,617,618
215,617,618,584
216,215,617
216,215,617,618
216,215,617,618,584
219,305,234
219,39,250
219,39,254
219,39,255,254
219,39,255
219,305
219,39,254,255,365
219,39,255,365
219,39,254,255,528
219,39,255,528
219,39,254,255,15
219,39,255,15
219,39,254,255,705
219,39,255,705
219,39,254,255,15,1012
219,39,255,15,1012
234,305,219,39,250
234,305,219,39,254
234,305,219,39,255,254
234,305,219,39,255
234,305
234,305,219,39,254,255,365
234,305,219,39,255,365
234,305,219,39,254,255,528
234,305,219,39,255,528
234,305,219,39,254,255,15
234,305,219,39,255,15
234,305,219,39,254,255,705
234,305,219,39,255,705
234,305,219,39,254,255,15,1012
234,305,219,39,255,15,1012
238,239
238,1066
239,238,1066
250,39,254
250,39,255,254
250,39,255
250,39,219,305
250,39,254,255,365
250,39,255,365
250,39,254,255,528
250,39,255,528
250,39,254,255,15
250,39,255,15
250,39,254,255,705
250,39,255,705
250,39,254,255,15,1012
250,39,255,15,1012
254,255
254,39,219,305
254,255,39,219,305
254,255,365
254,255,528
254,255,15
254,255,705
254,255,15,1012
255,39,219,305
255,365
255,528
255,15
255,705
255,15,1012
257,258
257,258,652,952,514,513,369
257,258,652,952,514,804,548,517,513,369
257,258,652,952,514,516,513,369
257,258,652,952,804,514,513,369
257,258,652,952,804,514,516,513,369
257,258,652,952,804,548,517,513,369
257,258,652,952,548,517,513,369
257,258,652,952,548,804,514,513,369
257,258,652,952,548,804,514,516,513,369
257,258,652,548,517,513,369
257,258,652,548,804,514,513,369
257,258,652,548,804,514,516,513,369
257,258,652,548,952,514,513,369
257,258,652,548,952,514,516,513,369
257,258,952,514,513,369
257,258,952,514,804,548,517,513,369
257,258,952,514,516,513,369
257,258,952,804,514,513,369
257,258,952,804,514,516,513,369
257,258,952,804,548,517,513,369
257,258,952,548,517,513,369
257,258,952,548,804,514,513,369
257,258,952,548,804,514,516,513,369
257,258,652,952,514,513,369,370
257,258,652,952,514,804,548,517,513,369,370
257,258,652,952,514,516,513,369,370
257,258,652,952,804,514,513,369,370
257,258,652,952,804,514,516,513,369,370
257,258,652,952,804,548,517,513,369,370
257,258,652,952,548,517,513,369,370
257,258,652,952,548,804,514,513,369,370
257,258,652,952,548,804,514,516,513,369,370
257,258,652,548,517,513,369,370
257,258,652,548,804,514,513,369,370
257,258,652,548,804,514,516,513,369,370
257,258,652,548,952,514,513,369,370
257,258,652,548,952,514,516,513,369,370
257,258,952,514,513,369,370
257,258,952,514,804,548,517,513,369,370
257,258,952,514,516,513,369,370
257,258,952,804,514,513,369,370
257,258,952,804,514,516,513,369,370
257,258,952,804,548,517,513,369,370
257,258,952,548,517,513,369,370
257,258,952,548,804,514,513,369,370
257,258,952,548,804,514,516,513,369,370
257,258,652,952,514,513
257,258,652,952,514,804,548,517,513
257,258,652,952,514,516,513
257,258,652,952,804,514,513
257,258,652,952,804,514,516,513
257,258,652,952,804,548,517,513
257,258,652,952,548,517,513
257,258,652,952,548,804,514,513
257,258,652,952,548,804,514,516,513
257,258,652,548,517,513
257,258,652,548,804,514,513
257,258,652,548,804,514,516,513
257,258,652,548,952,514,513
257,258,652,548,952,514,516,513
257,258,952,514,513
257,258,952,514,804,548,517,513
257,258,952,514,516,513
257,258,952,804,514,513
257,258,952,804,514,516,513
257,258,952,804,548,517,513
257,258,952,548,517,513
257,258,952,548,804,514,513
257,258,952,548,804,514,516,513
257,258,652,952,514
257,258,652,952,804,514
257,258,652,952,804,548,517,513,516,514
257,258,652,952,548,517,513,514
257,258,652,952,548,517,513,516,514
257,258,652,952,548,804,514
257,258,652,548,517,513,514
257,258,652,548,517,513,516,514
257,258,652,548,804,514
257,258,652,548,952,514
257,258,952,514
257,258,952,804,514
257,258,952,804,548,517,513,516,514
257,258,952,548,517,513,514
257,258,952,548,517,513,516,514
257,258,952,548,804,514
257,258,652,952,514,513,515
257,258,652,952,514,804,548,517,513,515
257,258,652,952,514,516,513,515
257,258,652,952,804,514,513,515
257,258,652,952,804,514,516,513,515
257,258,652,952,804,548,517,513,515
257,258,652,952,548,517,513,515
257,258,652,952,548,804,514,513,515
257,258,652,952,548,804,514,516,513,515
257,258,652,548,517,513,515
257,258,652,548,804,514,513,515
257,258,652,548,804,514,516,513,515
257,258,652,548,952,514,513,515
257,258,652,548,952,514,516,513,515
257,258,952,514,513,515
257,258,952,514,804,548,517,513,515
257,258,952,514,516,513,515
257,258,952,804,514,513,515
257,258,952,804,514,516,513,515
257,258,952,804,548,517,513,515
257,258,952,548,517,513,515
257,258,952,548,804,514,513,515
257,258,952,548,804,514,516,513,515
257,258,652,952,514,516
257,258,652,952,804,514,516
257,258,652,952,804,548,517,513,516
257,258,652,952,548,517,513,516
257,258,652,952,548,804,514,516
257,258,652,548,517,513,516
257,258,652,548,804,514,516
257,258,652,548,952,514,516
257,258,952,514,516
257,258,952,804,514,516
257,258,952,804,548,517,513,516
257,258,952,548,517,513,516
257,258,952,548,804,514,516
257,258,652,952,514,513,517
257,258,652,952,514,804,548,517
257,258,652,952,514,516,513,517
257,258,652,952,804,514,513,517
257,258,652,952,804,514,516,513,517
257,258,652,952,804,548,517
257,258,652,952,548,517
257,258,652,548,517
257,258,652,548,804,514,513,517
257,258,652,548,804,514,516,513,517
257,258,952,514,513,517
257,258,952,514,804,548,517
257,258,952,514,516,513,517
257,258,952,804,514,513,517
257,258,952,804,514,516,513,517
257,258,952,804,548,517
257,258,952,548,517
257,258,652,952,804,548
257,258,652,952,548
257,258,652,548
257,258,952,804,548
257,258,952,548
257,258,652,952,514,513,517,549
257,258,652,952,514,804,548,517,549
257,258,652,952,514,516,513,517,549
257,258,652,952,804,514,513,517,549
257,258,652,952,804,514,516,513,517,549
257,258,652,952,804,548,517,549
257,258,652,952,548,517,549
257,258,652,952,548,804,514,513,517,549
257,258,652,952,548,804,514,516,513,517,549
257,258,652,548,517,549
257,258,652,548,804,514,513,517,549
257,258,652,548,804,514,516,513,517,549
257,258,652,548,952,514,513,517,549
257,258,652,548,952,514,516,513,517,549
257,258,952,514,513,517,549
257,258,952,514,804,548,517,549
257,258,952,514,516,513,517,549
257,258,952,804,514,513,517,549
257,258,952,804,514,516,513,517,549
257,258,952,804,548,517,549
257,258,952,548,517,549
257,258,952,548,804,514,513,517,549
257,258,952,548,804,514,516,513,517,549
257,258,652
257,258,952,652
257,258,652,952,804
257,258,652,548,804
257,258,952,804
257,258,952
257,258,652,952,514,513,517,548,842
257,258,652,952,514,804,548,842
257,258,652,952,514,516,513,517,548,842
257,258,652,952,804,514,513,517,548,842
257,258,652,952,804,514,516,513,517,548,842
257,258,652,952,804,548,842
257,258,652,952,548,842
257,258,652,548,842
257,258,952,514,513,517,548,842
257,258,952,514,804,548,842
257,258,952,514,516,513,517,548,842
257,258,952,804,514,513,517,548,842
257,258,952,804,514,516,513,517,548,842
257,258,952,804,548,842
257,258,952,548,842
257,258,652,952,514,513,517,548,113
257,258,652,952,514,804,548,113
257,258,652,952,514,516,513,517,548,113
257,258,652,952,804,514,513,517,548,113
257,258,652,952,804,514,516,513,517,548,113
257,258,652,952,804,548,113
257,258,652,952,548,113
257,258,652,548,113
257,258,952,514,513,517,548,113
257,258,952,514,804,548,113
257,258,952,514,516,513,517,548,113
257,258,952,804,514,513,517,548,113
257,258,952,804,514,516,513,517,548,113
257,258,952,804,548,113
257,258,952,548,113
258,652,952,514,513,369
258,652,952,514,804,548,517,513,369
258,652,952,514,516,513,369
258,652,952,804,514,513,369
258,652,952,804,514,516,513,369
258,652,952,804,548,517,513,369
258,652,952,548,517,513,369
258,652,952,548,804,514,513,369
258,652,952,548,804,514,516,513,369
258,652,548,517,513,369
258,652,548,804,514,513,369
258,652,548,804,514,516,513,369
258,652,548,952,514,513,369
258,652,548,952,514,516,513,369
258,952,514,513,369
258,952,514,804,548,517,513,369
258,952,514,516,513,369
258,952,804,514,513,369
258,952,804,514,516,513,369
258,952,804,548,517,513,369
258,952,548,517,513,369
258,952,548,804,514,513,369
258,952,548,804,514,516,513,369
258,652,952,514,513,369,370
258,652,952,514,804,548,517,513,369,370
258,652,952,514,516,513,369,370
258,652,952,804,514,513,369,370
258,652,952,804,514,516,513,369,370
258,652,952,804,548,517,513,369,370
258,652,952,548,517,513,369,370
258,652,952,548,804,514,513,369,370
258,652,952,548,804,514,516,513,369,370
258,652,548,517,513,369,370
258,652,548,804,514,513,369,370
258,652,548,804,514,516,513,369,370
258,652,548,952,514,513,369,370
258,652,548,952,514,516,513,369,370
258,952,514,513,369,370
258,952,514,804,548,517,513,369,370
258,952,514,516,513,369,370
258,952,804,514,513,369,370
258,952,804,514,516,513,369,370
258,952,804,548,517,513,369,370
258,952,548,517,513,369,370
258,952,548,804,514,513,369,370
258,952,548,804,514,516,513,369,370
258,652,952,514,513
258,652,952,514,804,548,517,513
258,652,952,514,516,513
258,652,952,804,514,513
258,652,952,804,514,516,513
258,652,952,804,548,517,513
258,652,952,548,517,513
258,652,952,548,804,514,513
258,652,952,548,804,514,516,513
258,652,548,517,513
258,652,548,804,514,513
258,652,548,804,514,516,513
258,652,548,952,514,513
258,652,548,952,514,516,513
258,952,514,513
258,952,514,804,548,517,513
258,952,514,516,513
258,952,804,514,513
258,952,804,514,516,513
258,952,804,548,517,513
258,952,548,517,513
258,952,548,804,514,513
258,952,548,804,514,516,513
258,652,952,514
258,652,952,804,514
258,652,952,804,548,517,513,516,514
258,652,952,548,517,513,514
258,652,952,548,517,513,516,514
258,652,952,548,804,514
258,652,548,517,513,514
258,652,548,517,513,516,514
258,652,548,804,514
258,652,548,952,514
258,952,514
258,952,804,514
258,952,804,548,517,513,516,514
258,952,548,517,513,514
258,952,548,517,513,516,514
258,952,548,804,514
258,652,952,514,513,515
258,652,952,514,804,548,517,513,515
258,652,952,514,516,513,515
258,652,952,804,514,513,515
258,652,952,804,514,516,513,515
258,652,952,804,548,517,513,515
258,652,952,548,517,513,515
258,652,952,548,804,514,513,515
258,652,952,548,804,514,516,513,515
258,652,548,517,513,515
258,652,548,804,514,513,515
258,652,548,804,514,516,513,515
258,652,548,952,514,513,515
258,652,548,952,514,516,513,515
258,952,514,513,515
258,952,514,804,548,517,513,515
258,952,514,516,513,515
258,952,804,514,513,515
258,952,804,514,516,513,515
258,952,804,548,517,513,515
258,952,548,517,513,515
258,952,548,804,514,513,515
258,952,548,804,514,516,513,515
258,652,952,514,516
258,652,952,804,514,516
258,652,952,804,548,517,513,516
258,652,952,548,517,513,516
258,652,952,548,804,514,516
258,652,548,517,513,516
258,652,548,804,514,516
258,652,548,952,514,516
258,952,514,516
258,952,804,514,516
258,952,804,548,517,513,516
258,952,548,517,513,516
258,952,548,804,514,516
258,652,952,514,513,517
258,652,952,514,804,548,517
258,652,952,514,516,513,517
258,652,952,804,514,513,517
258,652,952,804,514,516,513,517
258,652,952,804,548,517
258,652,952,548,517
258,652,548,517
258,652,548,804,514,513,517
258,652,548,804,514,516,513,517
258,952,514,513,517
258,952,514,804,548,517
258,952,514,516,513,517
258,952,804,514,513,517
258,952,804,514,516,513,517
258,952,804,548,517
258,952,548,517
258,652,952,804,548
258,652,952,548
258,652,548
258,952,804,548
258,952,548
258,652,952,514,513,517,549
258,652,952,514,804,548,517,549
258,652,952,514,516,513,517,549
258,652,952,804,514,513,517,549
258,652,952,804,514,516,513,517,549
258,652,952,804,548,517,549
258,652,952,548,517,549
258,652,952,548,804,514,513,517,549
258,652,952,548,804,514,516,513,517,549
258,652,548,517,549
258,652,548,804,514,513,517,549
258,652,548,804,514,516,513,517,549
258,652,548,952,514,513,517,549
258,652,548,952,514,516,513,517,549
258,952,514,513,517,549
258,952,514,804,548,517,549
258,952,514,516,513,517,549
258,952,804,514,513,517,549
258,952,804,514,516,513,517,549
258,952,804,548,517,549
258,952,548,517,549
258,952,548,804,514,513,517,549
258,952,548,804,514,516,513,517,549
258,652
258,952,652
258,652,952,804
258,652,548,804
258,952,804
258,952
258,652,952,514,513,517,548,842
258,652,952,514,804,548,842
258,652,952,514,516,513,517,548,842
258,652,952,804,514,513,517,548,842
258,652,952,804,514,516,513,517,548,842
258,652,952,804,548,842
258,652,952,548,842
258,652,548,842
258,952,514,513,517,548,842
258,952,514,804,548,842
258,952,514,516,513,517,548,842
258,952,804,514,513,517,548,842
258,952,804,514,516,513,517,548,842
258,952,804,548,842
258,952,548,842
258,652,952,514,513,517,548,113
258,652,952,514,804,548,113
258,652,952,514,516,513,517,548,113
258,652,952,804,514,513,517,548,113
258,652,952,804,514,516,513,517,548,113
258,652,952,804,548,113
258,652,952,548,113
258,652,548,113
258,952,514,513,517,548,113
258,952,514,804,548,113
258,952,514,516,513,517,548,113
258,952,804,514,513,517,548,113
258,952,804,514,516,513,517,548,113
258,952,804,548,113
258,952,548,113
259,112,302
259,112,331
259,112,385
259,112,394
259,112,417
259,112,503
259,112,730
259,112,965
259,112,996
259,112,1003
259,112,1014
259,112,1017
262,263
265,236
265,154,388,236
265,154,836,236
265,154
265,236,388
265,236,836,154,388
265,154,388
265,236,836
265,154,836
236,265,154
236,388,154
236,836,154
236,388
236,836,154,388
236,836
154,388
154,836
271,520,521,182,459
271,182,459
271,520
271,520,521
271,182,521
272,158,457
272,158,565
272,158,693
272,158,962,157,693
272,158,962
274,275
282,60,298
282,60,601
282,60,748
282,60,762
288,51,504,47,408,314
288,51,504,47,408,409,314
288,51,668,47,408,314
288,51,668,47,408,409,314
288,51,1025,47,408,314
288,51,1025,47,408,409,314
288,47,408,314
288,47,408,409,314
288,51,504,47,408,314,315
288,51,504,47,408,409,314,315
288,51,668,47,408,314,315
288,51,668,47,408,409,314,315
288,51,1025,47,408,314,315
288,51,1025,47,408,409,314,315
288,47,408,314,315
288,47,408,409,314,315
288,51,504,47,408
288,51,668,47,408
288,51,1025,47,408
288,47,408
288,51,504,47,408,409
288,51,668,47,408,409
288,51,1025,47,408,409
288,47,408,409
288,51,477
288,47,504,51,477
288,47,668,51,477
288,47,1025,51,477
288,51,504
288,51,668,47,504
288,51,1025,47,504
288,47,504
288,51,537
288,47,504,51,537
288,47,668,51,537
288,47,1025,51,537
288,51,579
288,47,504,51,579
288,47,668,51,579
288,47,1025,51,579
288,51,668
288,51,1025,47,668
288,47,668
288,51,831
288,47,504,51,831
288,47,668,51,831
288,47,1025,51,831
288,51,903
288,47,504,51,903
288,47,668,51,903
288,47,1025,51,903
288,51,1025
288,47,1025
296,297
296,960,838,297
296,297,838,960,499
296,960,499
296,297,838,960,499,500
296,960,499,500
296,297,838
296,960,838
296,297,838,487
296,960,838,487
296,297,838,639
296,960,838,639
296,960
296,297,838,960,794
296,960,794
297,296,960,499
297,838,960,499
297,296,960,499,500
297,838,960,499,500
297,838
297,296,960,838,487
297,838,487
297,296,960,838,639
297,838,639
297,296,960
297,838,960
297,296,960,794
297,838,960,794
298,60,601
298,60,748
298,60,762
300,301
300,301,844
301,844
302,112,331
302,112,385
302,112,394
302,112,417
302,112,503
302,112,730
302,112,965
302,112,996
302,112,1003
302,112,1014
302,112,1017
305,219,39,254,255,365
305,219,39,255,365
305,219,39,254,255,528
305,219,39,255,528
305,219,39,254,255,15
305,219,39,255,15
305,219,39,254,255,705
305,219,39,255,705
305,219,39,254,255,15,1012
305,219,39,255,15,1012
314,315
314,408
314,409,408
314,409
314,408,47,50,51,477
314,408,47,288,51,477
314,408,47,504,51,477
314,408,47,668,51,477
314,408,47,1025,51,477
314,409,408,47,50,51,477
314,409,408,47,288,51,477
314,409,408,47,504,51,477
314,409,408,47,668,51,477
314,409,408,47,1025,51,477
314,408,47,504
314,408,47,668,51,504
314,408,47,1025,51,504
314,409,408,47,504
314,409,408,47,668,51,504
314,409,408,47,1025,51,504
314,408,47,50,51,537
314,408,47,288,51,537
314,408,47,504,51,537
314,408,47,668,51,537
314,408,47,1025,51,537
314,409,408,47,50,51,537
314,409,408,47,288,51,537
314,409,408,47,504,51,537
314,409,408,47,668,51,537
314,409,408,47,1025,51,537
314,408,47,50,51,579
314,408,47,288,51,579
314,408,47,504,51,579
314,408,47,668,51,579
314,408,47,1025,51,579
314,409,408,47,50,51,579
314,409,408,47,288,51,579
314,409,408,47,504,51,579
314,409,408,47,668,51,579
314,409,408,47,1025,51,579
314,408,47,668
314,408,47,1025,51,668
314,409,408,47,668
314,409,408,47,1025,51,668
314,408,47,50,51,831
314,408,47,288,51,831
314,408,47,504,51,831
314,408,47,668,51,831
314,408,47,1025,51,831
314,409,408,47,50,51,831
314,409,408,47,288,51,831
314,409,408,47,504,51,831
314,409,408,47,668,51,831
314,409,408,47,1025,51,831
314,408,47,50,51,903
314,408,47,288,51,903
314,408,47,504,51,903
314,408,47,668,51,903
314,408,47,1025,51,903
314,409,408,47,50,51,903
314,409,408,47,288,51,903
314,409,408,47,504,51,903
314,409,408,47,668,51,903
314,409,408,47,1025,51,903
314,408,47,1025
314,409,408,47,1025
315,314,408
315,314,409,408
315,314,409
315,314,408,47,50,51,477
315,314,408,47,288,51,477
315,314,408,47,504,51,477
315,314,408,47,668,51,477
315,314,408,47,1025,51,477
315,314,409,408,47,50,51,477
315,314,409,408,47,288,51,477
315,314,409,408,47,504,51,477
315,314,409,408,47,668,51,477
315,314,409,408,47,1025,51,477
315,314,408,47,504
315,314,408,47,668,51,504
315,314,408,47,1025,51,504
315,314,409,408,47,504
315,314,409,408,47,668,51,504
315,314,409,408,47,1025,51,504
315,314,408,47,50,51,537
315,314,408,47,288,51,537
315,314,408,47,504,51,537
315,314,408,47,668,51,537
315,314,408,47,1025,51,537
315,314,409,408,47,50,51,537
315,314,409,408,47,288,51,537
315,314,409,408,47,504,51,537
315,314,409,408,47,668,51,537
315,314,409,408,47,1025,51,537
315,314,408,47,50,51,579
315,314,408,47,288,51,579
315,314,408,47,504,51,579
315,314,408,47,668,51,579
315,314,408,47,1025,51,579
315,314,409,408,47,50,51,579
315,314,409,408,47,288,51,579
315,314,409,408,47,504,51,579
315,314,409,408,47,668,51,579
315,314,409,408,47,1025,51,579
315,314,408,47,668
315,314,408,47,1025,51,668
315,314,409,408,47,668
315,314,409,408,47,1025,51,668
315,314,408,47,50,51,831
315,314,408,47,288,51,831
315,314,408,47,504,51,831
315,314,408,47,668,51,831
315,314,408,47,1025,51,831
315,314,409,408,47,50,51,831
315,314,409,408,47,288,51,831
315,314,409,408,47,504,51,831
315,314,409,408,47,668,51,831
315,314,409,408,47,1025,51,831
315,314,408,47,50,51,903
315,314,408,47,288,51,903
315,314,408,47,504,51,903
315,314,408,47,668,51,903
315,314,408,47,1025,51,903
315,314,409,408,47,50,51,903
315,314,409,408,47,288,51,903
315,314,409,408,47,504,51,903
315,314,409,408,47,668,51,903
315,314,409,408,47,1025,51,903
315,314,408,47,1025
315,314,409,408,47,1025
331,112,385
331,112,394
331,112,417
331,112,503
331,112,730
331,112,965
331,112,996
331,112,1003
331,112,1014
331,112,1017
350,351
350,352,551,351
350,352,589,351
350,352,589,590,621,351
350,352,621,351
350,352,910,590,589,351
350,352,910,590,621,351
350,352
350,351,551
350,351,589,590,621,352,551
350,351,589,590,910,352,551
350,351,589,352,551
350,351,621,352,551
350,351,621,590,910,352,551
350,352,551
350,351,589
350,351,621,352,589
350,351,621,352,910,590,589
350,351,621,590,589
350,352,589
350,352,621,590,589
350,352,910,590,589
350,351,551,352,589,590
350,351,551,352,621,590
350,351,551,352,910,590
350,351,589,590
350,351,621,590
350,352,589,590
350,352,621,590
350,352,910,590
350,351,551,352,589,590,621,620
350,351,551,352,621,620
350,351,551,352,910,590,621,620
350,351,589,590,621,620
350,351,589,590,910,352,621,620
350,351,589,352,621,620
350,351,621,620
350,352,589,590,621,620
350,352,621,620
350,352,910,590,621,620
350,351,621
350,352,621
350,352,910,590,621
350,351,551,352,589,590,621,873
350,351,551,352,621,873
350,351,551,352,910,590,621,873
350,351,589,590,621,873
350,351,589,590,910,352,621,873
350,351,589,352,621,873
350,351,621,873
350,352,589,590,621,873
350,352,621,873
350,352,910,590,621,873
350,351,551,352,589,590,895
350,351,551,352,621,590,895
350,351,551,352,910,590,895
350,351,589,590,895
350,351,589,352,621,590,895
350,351,589,352,910,590,895
350,351,621,352,910,590,895
350,351,621,590,895
350,352,589,590,895
350,352,621,590,895
350,352,910,590,895
350,351,551,352,910
350,351,589,590,910
350,351,589,352,910
350,351,621,352,910
350,351,621,590,910
350,352,910
351,350,352
351,551,352
351,589,590,621,352
351,589,590,910,352
351,589,352
351,621,352
351,621,590,910,352
351,551
351,589,590,621,352,551
351,589,590,910,352,551
351,589,352,551
351,621,352,551
351,621,590,910,352,551
351,589
351,621,352,589
351,621,352,910,590,589
351,621,590,589
351,350,352,589,590
351,350,352,621,590
351,350,352,910,590
351,551,352,589,590
351,551,352,621,590
351,551,352,910,590
351,589,590
351,621,590
351,350,352,589,590,621,620
351,350,352,621,620
351,350,352,910,590,621,620
351,551,352,589,590,621,620
351,551,352,621,620
351,551,352,910,590,621,620
351,589,590,621,620
351,589,590,910,352,621,620
351,589,352,621,620
351,621,620
351,621
351,350,352,589,590,621,873
351,350,352,621,873
351,350,352,910,590,621,873
351,551,352,589,590,621,873
351,551,352,621,873
351,551,352,910,590,621,873
351,589,590,621,873
351,589,590,910,352,621,873
351,589,352,621,873
351,621,873
351,350,352,589,590,895
351,350,352,621,590,895
351,350,352,910,590,895
351,551,352,589,590,895
351,551,352,621,590,895
351,551,352,910,590,895
351,589,590,895
351,589,352,621,590,895
351,589,352,910,590,895
351,621,352,910,590,895
351,621,590,895
351,350,352,910
351,551,352,910
351,589,590,910
351,589,352,910
351,621,352,910
351,621,590,910
352,551
352,589
352,621,590,589
352,910,590,589
352,589,590
352,621,590
352,910,590
352,589,590,621,620
352,621,620
352,910,590,621,620
352,621
352,910,590,621
352,589,590,621,873
352,621,873
352,910,590,621,873
352,589,590,895
352,621,590,895
352,910,590,895
352,910
353,244
365,255,528
365,255,15
365,255,705
365,255,15,1012
366,367
366,997,367
366,997
366,367,1031
366,997,367,1031
367,997
367,1031
369,370
369,513
369,513,514
369,513,516,514
369,513,517,548,652,258,952,514
369,513,517,548,652,952,514
369,513,517,548,652,952,804,514
369,513,517,548,804,514
369,513,517,548,804,952,514
369,513,517,548,952,514
369,513,515
369,513,516
369,513,517,548,652,258,952,514,516
369,513,517,548,652,258,952,804,514,516
369,513,517,548,652,952,514,516
369,513,517,548,652,952,804,514,516
369,513,517,548,804,514,516
369,513,517,548,804,952,514,516
369,513,517,548,952,514,516
369,513,517
369,513,514,804,952,652,548
369,513,514,804,952,548
369,513,514,804,548
369,513,514,952,652,548
369,513,514,952,548
369,513,516,514,804,952,652,548
369,513,516,514,804,952,548
369,513,516,514,804,548
369,513,516,514,952,652,548
369,513,516,514,952,548
369,513,517,548
369,513,514,804,952,652,548,517,549
369,513,514,804,952,258,652,548,517,549
369,513,514,804,952,548,517,549
369,513,514,804,548,517,549
369,513,514,952,652,548,517,549
369,513,514,952,258,652,548,517,549
369,513,514,952,548,517,549
369,513,516,514,804,952,652,548,517,549
369,513,516,514,804,952,258,652,548,517,549
369,513,516,514,804,952,548,517,549
369,513,516,514,804,548,517,549
369,513,516,514,952,652,548,517,549
369,513,516,514,952,258,652,548,517,549
369,513,516,514,952,548,517,549
369,513,517,549
369,513,514,804,952,652
369,513,514,804,548,652
369,513,514,952,652
369,513,516,514,804,952,652
369,513,516,514,804,548,652
369,513,516,514,952,652
369,513,517,548,652
369,513,517,548,804,952,652
369,513,517,548,952,652
369,513,514,804
369,513,514,952,804
369,513,516,514,804
369,513,516,514,952,804
369,513,517,548,804
369,513,517,548,952,804
369,513,514,952
369,513,516,514,952
369,513,517,548,952
369,513,514,804,952,652,548,842
369,513,514,804,952,258,652,548,842
369,513,514,804,952,548,842
369,513,514,804,548,842
369,513,514,952,652,548,842
369,513,514,952,258,652,548,842
369,513,514,952,548,842
369,513,516,514,804,952,652,548,842
369,513,516,514,804,952,258,652,548,842
369,513,516,514,804,952,548,842
369,513,516,514,804,548,842
369,513,516,514,952,652,548,842
369,513,516,514,952,258,652,548,842
369,513,516,514,952,548,842
369,513,517,548,842
369,513,514,804,952,652,548,113
369,513,514,804,952,258,652,548,113
369,513,514,804,952,548,113
369,513,514,804,548,113
369,513,514,952,652,548,113
369,513,514,952,258,652,548,113
369,513,514,952,548,113
369,513,516,514,804,952,652,548,113
369,513,516,514,804,952,258,652,548,113
369,513,516,514,804,952,548,113
369,513,516,514,804,548,113
369,513,516,514,952,652,548,113
369,513,516,514,952,258,652,548,113
369,513,516,514,952,548,113
369,513,517,548,113
370,369,513
370,369,513,514
370,369,513,516,514
370,369,513,517,548,652,258,952,514
370,369,513,517,548,652,952,514
370,369,513,517,548,652,952,804,514
370,369,513,517,548,804,514
370,369,513,517,548,804,952,514
370,369,513,517,548,952,514
370,369,513,515
370,369,513,516
370,369,513,517,548,652,258,952,514,516
370,369,513,517,548,652,258,952,804,514,516
370,369,513,517,548,652,952,514,516
370,369,513,517,548,652,952,804,514,516
370,369,513,517,548,804,514,516
370,369,513,517,548,804,952,514,516
370,369,513,517,548,952,514,516
370,369,513,517
370,369,513,514,804,952,652,548
370,369,513,514,804,952,548
370,369,513,514,804,548
370,369,513,514,952,652,548
370,369,513,514,952,548
370,369,513,516,514,804,952,652,548
370,369,513,516,514,804,952,548
370,369,513,516,514,804,548
370,369,513,516,514,952,652,548
370,369,513,516,514,952,548
370,369,513,517,548
370,369,513,514,804,952,652,548,517,549
370,369,513,514,804,952,258,652,548,517,549
370,369,513,514,804,952,548,517,549
370,369,513,514,804,548,517,549
370,369,513,514,952,652,548,517,549
370,369,513,514,952,258,652,548,517,549
370,369,513,514,952,548,517,549
370,369,513,516,514,804,952,652,548,517,549
370,369,513,516,514,804,952,258,652,548,517,549
370,369,513,516,514,804,952,548,517,549
370,369,513,516,514,804,548,517,549
370,369,513,516,514,952,652,548,517,549
370,369,513,516,514,952,258,652,548,517,549
370,369,513,516,514,952,548,517,549
370,369,513,517,549
370,369,513,514,804,952,652
370,369,513,514,804,548,652
370,369,513,514,952,652
370,369,513,516,514,804,952,652
370,369,513,516,514,804,548,652
370,369,513,516,514,952,652
370,369,513,517,548,652
370,369,513,517,548,804,952,652
370,369,513,517,548,952,652
370,369,513,514,804
370,369,513,514,952,804
370,369,513,516,514,804
370,369,513,516,514,952,804
370,369,513,517,548,804
370,369,513,517,548,952,804
370,369,513,514,952
370,369,513,516,514,952
370,369,513,517,548,952
370,369,513,514,804,952,652,548,842
370,369,513,514,804,952,258,652,548,842
370,369,513,514,804,952,548,842
370,369,513,514,804,548,842
370,369,513,514,952,652,548,842
370,369,513,514,952,258,652,548,842
370,369,513,514,952,548,842
370,369,513,516,514,804,952,652,548,842
370,369,513,516,514,804,952,258,652,548,842
370,369,513,516,514,804,952,548,842
370,369,513,516,514,804,548,842
370,369,513,516,514,952,652,548,842
370,369,513,516,514,952,258,652,548,842
370,369,513,516,514,952,548,842
370,369,513,517,548,842
370,369,513,514,804,952,652,548,113
370,369,513,514,804,952,258,652,548,113
370,369,513,514,804,952,548,113
370,369,513,514,804,548,113
370,369,513,514,952,652,548,113
370,369,513,514,952,258,652,548,113
370,369,513,514,952,548,113
370,369,513,516,514,804,952,652,548,113
370,369,513,516,514,804,952,258,652,548,113
370,369,513,516,514,804,952,548,113
370,369,513,516,514,804,548,113
370,369,513,516,514,952,652,548,113
370,369,513,516,514,952,258,652,548,113
370,369,513,516,514,952,548,113
370,369,513,517,548,113
378,379
378,379,863
378,379,991
379,863
379,991
385,112,394
385,112,417
385,112,503
385,112,730
385,112,965
385,112,996
385,112,1003
385,112,1014
385,112,1017
388,236,836
388,154,836
394,112,417
394,112,503
394,112,730
394,112,965
394,112,996
394,112,1003
394,112,1014
394,112,1017
398,399
408,409
408,47,50,51,477
408,47,288,51,477
408,47,504,51,477
408,47,668,51,477
408,47,1025,51,477
408,47,504
408,47,668,51,504
408,47,1025,51,504
408,47,50,51,537
408,47,288,51,537
408,47,504,51,537
408,47,668,51,537
408,47,1025,51,537
408,47,50,51,579
408,47,288,51,579
408,47,504,51,579
408,47,668,51,579
408,47,1025,51,579
408,47,668
408,47,1025,51,668
408,47,50,51,831
408,47,288,51,831
408,47,504,51,831
408,47,668,51,831
408,47,1025,51,831
408,47,50,51,903
408,47,288,51,903
408,47,504,51,903
408,47,668,51,903
408,47,1025,51,903
408,47,1025
409,408,47,50,51,477
409,408,47,288,51,477
409,408,47,504,51,477
409,408,47,668,51,477
409,408,47,1025,51,477
409,408,47,504
409,408,47,668,51,504
409,408,47,1025,51,504
409,408,47,50,51,537
409,408,47,288,51,537
409,408,47,504,51,537
409,408,47,668,51,537
409,408,47,1025,51,537
409,408,47,50,51,579
409,408,47,288,51,579
409,408,47,504,51,579
409,408,47,668,51,579
409,408,47,1025,51,579
409,408,47,668
409,408,47,1025,51,668
409,408,47,50,51,831
409,408,47,288,51,831
409,408,47,504,51,831
409,408,47,668,51,831
409,408,47,1025,51,831
409,408,47,50,51,903
409,408,47,288,51,903
409,408,47,504,51,903
409,408,47,668,51,903
409,408,47,1025,51,903
409,408,47,1025
417,112,503
417,112,730
417,112,965
417,112,996
417,112,1003
417,112,1014
417,112,1017
426,29,718
426,29,938
429,63
429,63,564
429,63,821
63,564
63,821
434,435
434,419
435,434,419
446,447
452,198,508
452,198,533,171,172,1056,104,508
452,198,533,104,508
452,1057,1056,104,508
452,1057,1056,104,533,198,508
452,1057,1056,172,171,173,104,508
452,1057,1056,172,171,533,104,508
452,1057,1056,172,171,533,198,508
452,1057,104,508
452,1057,104,533,198,508
452,198,533
452,1057,1056,104,533
452,1057,1056,172,171,533
452,1057,104,533
452,198,197,104,1056
452,198,508,104,1056
452,198,533,171,172,1056
452,198,533,171,173,104,1056
452,198,533,104,1056
452,198,173,171,172,1056
452,198,173,104,1056
452,1057,1056
452,1057
457,158,565
457,158,693
457,158,962,157,693
457,158,962
459,182,181,183,520
459,182,521,520
459,182,271,520
459,182,521
464,86
465,466
465,466,509
465,466,815
465,466,1005,32,815
465,466,815,32,894
465,466,1005,32,894
465,466,815,32,940
465,466,1005,32,940
465,466,1005
466,509
466,815
466,815,32,894
466,1005,32,894
466,815,32,940
466,1005,32,940
466,1005
477,51,504
477,51,668,47,504
477,51,1025,47,504
477,51,537
477,51,579
477,51,668
477,51,1025,47,668
477,51,831
477,51,903
477,51,1025
490,27,578
490,27,578,187
499,500
499,960,838
499,960,296,297,838,487
499,960,838,487
499,960,296,297,838,639
499,960,838,639
499,960
499,960,794
500,499,960,838
500,499,960,296,297,838,487
500,499,960,838,487
500,499,960,296,297,838,639
500,499,960,838,639
500,499,960
500,499,960,794
503,112,730
503,112,965
503,112,996
503,112,1003
503,112,1014
503,112,1017
504,47,668,51,537
504,47,1025,51,537
504,51,537
504,47,668,51,579
504,47,1025,51,579
504,51,579
504,47,668
504,47,1025,51,668
504,51,668
504,47,668,51,831
504,47,1025,51,831
504,51,831
504,47,668,51,903
504,47,1025,51,903
504,51,903
504,47,1025
504,51,1025
508,104,533
508,104,1056,172,171,533
508,104,1057,1056,172,171,533
508,198,533
508,104,1056
508,104,1057,1056
508,198,452,1057,1056
508,198,533,171,172,1056
508,198,533,104,1056
508,198,533,104,1057,1056
508,198,173,171,172,1056
508,104,1057
508,198,452,1057
508,198,533,171,172,1056,1057
508,198,533,104,1057
508,198,173,171,172,1056,1057
509,466,815
509,466,1005,32,815
509,466,815,32,894
509,466,1005,32,894
509,466,815,32,940
509,466,1005,32,940
509,466,1005
510,511
510,511,600
510,511,787
510,511,830
510,511,830,953
510,511,830,954,953
510,511,830,954
510,511,830,953,954,604
510,511,830,954,604
511,600
511,787
511,830
511,830,953
511,830,954,953
511,830,954
511,830,953,954,604
511,830,954,604
513,514
513,516,514
513,517,548,652,952,514
513,517,548,652,952,804,514
513,517,548,804,514
513,517,548,804,952,514
513,517,548,952,514
513,515
513,516
513,517,548,652,952,514,516
513,517,548,652,952,804,514,516
513,517,548,804,514,516
513,517,548,804,952,514,516
513,517,548,952,514,516
513,517
513,514,804,952,652,548
513,514,804,952,548
513,514,804,548
513,514,952,652,548
513,514,952,548
513,516,514,804,952,652,548
513,516,514,804,952,548
513,516,514,804,548
513,516,514,952,652,548
513,516,514,952,548
513,517,548
513,514,804,952,652,548,517,549
513,514,804,952,548,517,549
513,514,804,548,517,549
513,514,952,652,548,517,549
513,514,952,548,517,549
513,516,514,804,952,652,548,517,549
513,516,514,804,952,548,517,549
513,516,514,804,548,517,549
513,516,514,952,652,548,517,549
513,516,514,952,548,517,549
513,517,549
513,514,804,952,652
513,514,804,548,652
513,514,952,652
513,516,514,804,952,652
513,516,514,804,548,652
513,516,514,952,652
513,517,548,652
513,517,548,804,952,652
513,517,548,952,652
513,514,804
513,514,952,804
513,516,514,804
513,516,514,952,804
513,517,548,804
513,517,548,952,804
513,514,952
513,516,514,952
513,517,548,952
513,514,804,952,652,548,842
513,514,804,952,258,652,548,842
513,514,804,952,548,842
513,514,804,548,842
513,514,952,652,548,842
513,514,952,258,652,548,842
513,514,952,548,842
513,516,514,804,952,652,548,842
513,516,514,804,952,258,652,548,842
513,516,514,804,952,548,842
513,516,514,804,548,842
513,516,514,952,652,548,842
513,516,514,952,258,652,548,842
513,516,514,952,548,842
513,517,548,842
513,514,804,952,652,548,113
513,514,804,952,258,652,548,113
513,514,804,952,548,113
513,514,804,548,113
513,514,952,652,548,113
513,514,952,258,652,548,113
513,514,952,548,113
513,516,514,804,952,652,548,113
513,516,514,804,952,258,652,548,113
513,516,514,804,952,548,113
513,516,514,804,548,113
513,516,514,952,652,548,113
513,516,514,952,258,652,548,113
513,516,514,952,548,113
513,517,548,113
514,513,515
514,804,952,652,548,517,513,515
514,804,952,548,517,513,515
514,804,548,517,513,515
514,952,652,548,517,513,515
514,952,258,652,548,517,513,515
514,952,548,517,513,515
514,516,513,515
514,516
514,513,517
514,804,952,652,548,517
514,804,952,548,517
514,804,548,517
514,952,652,548,517
514,952,258,652,548,517
514,952,548,517
514,516,513,517
514,513,517,548
514,804,952,652,548
514,804,952,548
514,804,548
514,952,652,548
514,952,548
514,516,513,517,548
514,513,517,549
514,804,952,652,548,517,549
514,804,952,548,517,549
514,804,548,517,549
514,952,652,548,517,549
514,952,258,652,548,517,549
514,952,548,517,549
514,516,513,517,549
514,513,517,548,652
514,804,952,652
514,804,548,652
514,952,652
514,516,513,517,548,652
514,804
514,952,804
514,952
514,513,517,548,842
514,804,952,652,548,842
514,804,952,548,842
514,804,548,842
514,952,652,548,842
514,952,258,652,548,842
514,952,548,842
514,516,513,517,548,842
514,513,517,548,113
514,804,952,652,548,113
514,804,952,548,113
514,804,548,113
514,952,652,548,113
514,952,258,652,548,113
514,952,548,113
514,516,513,517,548,113
515,513,516
515,513,517,548,652,258,952,514,516
515,513,517,548,652,258,952,804,514,516
515,513,517,548,652,952,514,516
515,513,517,548,652,952,804,514,516
515,513,517,548,804,514,516
515,513,517,548,804,952,514,516
515,513,517,548,952,514,516
515,513,517
515,513,514,804,952,652,548
515,513,514,804,952,548
515,513,514,804,548
515,513,514,952,652,548
515,513,514,952,548
515,513,516,514,804,952,652,548
515,513,516,514,804,952,548
515,513,516,514,804,548
515,513,516,514,952,652,548
515,513,516,514,952,548
515,513,517,548
515,513,514,804,952,652,548,517,549
515,513,514,804,952,258,652,548,517,549
515,513,514,804,952,548,517,549
515,513,514,804,548,517,549
515,513,514,952,652,548,517,549
515,513,514,952,258,652,548,517,549
515,513,514,952,548,517,549
515,513,516,514,804,952,652,548,517,549
515,513,516,514,804,952,258,652,548,517,549
515,513,516,514,804,952,548,517,549
515,513,516,514,804,548,517,549
515,513,516,514,952,652,548,517,549
515,513,516,514,952,258,652,548,517,549
515,513,516,514,952,548,517,549
515,513,517,549
515,513,514,804,952,652
515,513,514,804,548,652
515,513,514,952,652
515,513,516,514,804,952,652
515,513,516,514,804,548,652
515,513,516,514,952,652
515,513,517,548,652
515,513,517,548,804,952,652
515,513,517,548,952,652
515,513,514,804
515,513,514,952,804
515,513,516,514,804
515,513,516,514,952,804
515,513,517,548,804
515,513,517,548,952,804
515,513,514,952
515,513,516,514,952
515,513,517,548,952
515,513,514,804,952,652,548,842
515,513,514,804,952,258,652,548,842
515,513,514,804,952,548,842
515,513,514,804,548,842
515,513,514,952,652,548,842
515,513,514,952,258,652,548,842
515,513,514,952,548,842
515,513,516,514,804,952,652,548,842
515,513,516,514,804,952,258,652,548,842
515,513,516,514,804,952,548,842
515,513,516,514,804,548,842
515,513,516,514,952,652,548,842
515,513,516,514,952,258,652,548,842
515,513,516,514,952,548,842
515,513,517,548,842
515,513,514,804,952,652,548,113
515,513,514,804,952,258,652,548,113
515,513,514,804,952,548,113
515,513,514,804,548,113
515,513,514,952,652,548,113
515,513,514,952,258,652,548,113
515,513,514,952,548,113
515,513,516,514,804,952,652,548,113
515,513,516,514,804,952,258,652,548,113
515,513,516,514,804,952,548,113
515,513,516,514,804,548,113
515,513,516,514,952,652,548,113
515,513,516,514,952,258,652,548,113
515,513,516,514,952,548,113
515,513,517,548,113
516,513,517
516,514,804,952,652,548,517
516,514,804,952,258,652,548,517
516,514,804,952,548,517
516,514,804,548,517
516,514,952,652,548,517
516,514,952,258,652,548,517
516,514,952,548,517
516,513,517,548
516,514,804,952,652,548
516,514,804,952,548
516,514,804,548
516,514,952,652,548
516,514,952,548
516,513,517,549
516,514,804,952,652,548,517,549
516,514,804,952,258,652,548,517,549
516,514,804,952,548,517,549
516,514,804,548,517,549
516,514,952,652,548,517,549
516,514,952,258,652,548,517,549
516,514,952,548,517,549
516,513,517,548,652
516,513,517,548,804,952,652
516,513,517,548,952,652
516,514,804,952,652
516,514,804,548,652
516,514,952,652
516,513,517,548,804
516,513,517,548,952,804
516,514,804
516,514,952,804
516,513,517,548,952
516,514,952
516,513,517,548,842
516,514,804,952,652,548,842
516,514,804,952,258,652,548,842
516,514,804,952,548,842
516,514,804,548,842
516,514,952,652,548,842
516,514,952,258,652,548,842
516,514,952,548,842
516,513,517,548,113
516,514,804,952,652,548,113
516,514,804,952,258,652,548,113
516,514,804,952,548,113
516,514,804,548,113
516,514,952,652,548,113
516,514,952,258,652,548,113
516,514,952,548,113
517,548
517,549
517,513,514,804,952,652
517,513,514,804,548,652
517,513,514,952,652
517,513,516,514,804,952,652
517,513,516,514,804,548,652
517,513,516,514,952,652
517,548,652
517,548,804,952,652
517,548,952,652
517,513,514,804
517,513,514,952,804
517,513,516,514,804
517,513,516,514,952,804
517,548,804
517,548,952,804
517,513,514,952
517,513,516,514,952
517,548,952
517,513,514,804,952,652,548,842
517,513,514,804,952,548,842
517,513,514,804,548,842
517,513,514,952,652,548,842
517,513,514,952,548,842
517,513,516,514,804,952,652,548,842
517,513,516,514,804,952,548,842
517,513,516,514,804,548,842
517,513,516,514,952,652,548,842
517,513,516,514,952,548,842
517,548,842
517,513,514,804,952,652,548,113
517,513,514,804,952,548,113
517,513,514,804,548,113
517,513,514,952,652,548,113
517,513,514,952,548,113
517,513,516,514,804,952,652,548,113
517,513,516,514,804,952,548,113
517,513,516,514,804,548,113
517,513,516,514,952,652,548,113
517,513,516,514,952,548,113
517,548,113
520,521
528,255,15
528,255,705
528,255,15,1012
529,530
532,470
533,171,172,1056
533,104,1056
533,104,1057,1056
533,198,452,1057,1056
533,171,172,1056,1057
533,104,1057
533,198,452,1057
536,5,914
191,134,859
191,134,859,860
537,51,579
537,51,668
537,51,1025,47,668
537,51,831
537,51,903
537,51,1025
548,517,549
548,652
548,804,952,652
548,952,652
548,804
548,952,804
548,952
548,842
548,113
549,517,513,514,804,952,652
549,517,513,514,804,548,652
549,517,513,514,952,652
549,517,513,516,514,804,952,652
549,517,513,516,514,804,548,652
549,517,513,516,514,952,652
549,517,548,652
549,517,548,804,952,652
549,517,548,952,652
549,517,513,514,804
549,517,513,514,952,804
549,517,513,516,514,804
549,517,513,516,514,952,804
549,517,548,804
549,517,548,952,804
549,517,513,514,952
549,517,513,516,514,952
549,517,548,952
549,517,513,514,804,952,652,548,842
549,517,513,514,804,952,258,652,548,842
549,517,513,514,804,952,548,842
549,517,513,514,804,548,842
549,517,513,514,952,652,548,842
549,517,513,514,952,258,652,548,842
549,517,513,514,952,548,842
549,517,513,516,514,804,952,652,548,842
549,517,513,516,514,804,952,258,652,548,842
549,517,513,516,514,804,952,548,842
549,517,513,516,514,804,548,842
549,517,513,516,514,952,652,548,842
549,517,513,516,514,952,258,652,548,842
549,517,513,516,514,952,548,842
549,517,548,842
549,517,513,514,804,952,652,548,113
549,517,513,514,804,952,258,652,548,113
549,517,513,514,804,952,548,113
549,517,513,514,804,548,113
549,517,513,514,952,652,548,113
549,517,513,514,952,258,652,548,113
549,517,513,514,952,548,113
549,517,513,516,514,804,952,652,548,113
549,517,513,516,514,804,952,258,652,548,113
549,517,513,516,514,804,952,548,113
549,517,513,516,514,804,548,113
549,517,513,516,514,952,652,548,113
549,517,513,516,514,952,258,652,548,113
549,517,513,516,514,952,548,113
549,517,548,113
551,352,589
551,352,621,351,589
551,352,621,590,589
551,352,910,590,589
551,352,910,590,621,351,589
551,351,589
551,351,621,590,589
551,352,589,590
551,352,621,590
551,352,910,590
551,351,589,590
551,351,621,590
551,352,589,351,621,620
551,352,589,590,621,620
551,352,621,620
551,352,910,590,589,351,621,620
551,352,910,590,621,620
551,351,589,590,621,620
551,351,621,620
551,352,621
551,352,910,590,621
551,351,621
551,352,589,351,621,873
551,352,589,590,621,873
551,352,621,873
551,352,910,590,589,351,621,873
551,352,910,590,621,873
551,351,589,590,621,873
551,351,621,873
551,352,589,351,621,590,895
551,352,589,590,895
551,352,621,590,895
551,352,910,590,895
551,351,589,590,895
551,351,589,352,910,590,895
551,351,621,352,910,590,895
551,351,621,590,895
551,352,910
551,351,589,590,910
551,351,589,352,910
551,351,621,352,910
551,351,621,590,910
564,63,821
565,158,693
565,158,962,157,693
565,158,962
573,574
578,187
579,51,668
579,51,1025,47,668
579,51,831
579,51,903
579,51,1025
589,590
589,351,621,620
589,590,621,620
589,590,910,352,621,620
589,352,621,620
589,351,621
589,590,621
589,590,910,352,621
589,352,621
589,351,621,873
589,590,621,873
589,590,910,352,621,873
589,352,621,873
589,351,621,352,910,590,895
589,351,621,590,895
589,590,895
589,352,621,590,895
589,352,910,590,895
589,351,621,352,910
589,351,621,590,910
589,590,910
589,352,910
590,621,620
590,621
590,621,873
590,895
590,910
593,79
600,511,787
600,511,830
600,511,830,953
600,511,830,954,953
600,511,830,954
600,511,830,953,954,604
600,511,830,954,604
601,60,748
601,60,762
617,618
617,618,584
618,584
620,621
620,621,873
620,621,351,350,352,589,590,895
620,621,351,350,352,910,590,895
620,621,351,551,352,589,590,895
620,621,351,551,352,910,590,895
620,621,351,589,590,895
620,621,351,589,352,910,590,895
620,621,352,589,590,895
620,621,352,910,590,895
620,621,590,895
620,621,351,350,352,910
620,621,351,551,352,910
620,621,351,589,590,910
620,621,351,589,352,910
620,621,352,910
620,621,590,910
621,873
621,352,910,590,895
621,590,895
621,352,910
621,590,910
15,255,705
15,1012
668,51,831
668,47,1025,51,831
668,51,903
668,47,1025,51,903
668,51,1025
668,47,1025
652,952,804
652,548,804
652,952
652,952,804,548,842
652,952,548,842
652,548,842
652,952,804,548,113
652,952,548,113
652,548,113
693,157,962
693,158,962
698,136
703,704
705,255,15,1012
716,319
716,121,791,319
716,717,791,319
716,121
716,717,791,121
716,717
716,319,791
716,121,791
716,717,791
319,716,121
319,716,717,791,121
319,791,121
319,716,717
319,791,717
319,791
121,716,717
121,791,717
121,791
717,791
718,29,938
720,721
728,729
730,112,965
730,112,996
730,112,1003
730,112,1014
730,112,1017
748,60,762
752,343
752,343,982
343,982
759,760
759,899
760,759,899
785,358
787,511,830
787,511,830,953
787,511,830,954,953
787,511,830,954
787,511,830,953,954,604
787,511,830,954,604
804,952
804,952,548,842
804,548,842
804,952,548,113
804,548,113
815,466,1005,32,894
815,32,894
815,466,1005,32,940
815,32,940
815,466,1005
815,32,1005
824,825
828,829
828,357
828,576
828,1021
829,828,357
829,828,576
829,828,1021
357,828,576
357,828,1021
576,828,1021
830,953
830,954,953
830,954
830,953,954,604
830,954,604
831,51,903
831,51,1025
832,833
832,44
832,223
833,832,44
833,832,223
44,832,223
838,487
838,639
838,960
838,960,794
487,838,639
487,838,960
487,838,297,296,960,794
487,838,960,794
639,838,960
639,838,297,296,960,794
639,838,960,794
845,846
859,860
863,379,991
871,753
871,221,1004,753
871,221
871,753,1004
871,221,1004
753,871,221
753,1004,221
753,1004
221,1004
873,621,351,350,352,589,590,895
873,621,351,350,352,910,590,895
873,621,351,551,352,589,590,895
873,621,351,551,352,910,590,895
873,621,351,589,590,895
873,621,351,589,352,910,590,895
873,621,352,589,590,895
873,621,352,910,590,895
873,621,590,895
873,621,351,350,352,910
873,621,351,551,352,910
873,621,351,589,590,910
873,621,351,589,352,910
873,621,352,910
873,621,590,910
877,878
894,32,940
894,32,1005
895,590,910
903,51,1025
912,913
937,420
940,32,1005
952,548,842
952,548,113
953,954
953,954,604
954,604
960,794
965,112,996
965,112,1003
965,112,1014
965,112,1017
996,112,1003
996,112,1014
996,112,1017
997,367,1031
842,548,113
1000,247
1003,112,1014
1003,112,1017
1014,112,1017
1050,269
1056,1057
