0 1
2 3
4 5
6 7
8 9
10 11
12 13
4 14
15 16
17 18
19 20
21 22
23 24
25 26
27 28
29 5
30 31
32 4
33 34
35 11
36 37
38 39
40 41
42 43
44 45
46 47
48 49
50 4
51 52
53 54
55 56
57 2
58 59
60 61
62 63
64 65
66 67
32 15
45 68
69 70
71 72
73 74
15 75
76 11
77 22
78 47
79 47
80 41
67 81
82 83
84 85
86 48
9 4
87 18
88 1
89 67
90 5
87 91
92 4
93 94
77 95
96 7
97 98
87 99
100 101
102 103
104 11
105 106
107 95
108 109
110 111
112 113
27 22
114 37
115 116
117 118
88 52
15 39
8 4
119 120
121 73
122 123
124 51
125 126
79 96
127 128
97 122
129 130
131 18
132 109
133 51
134 135
136 137
117 4
138 139
102 47
131 140
141 142
143 144
145 146
147 24
148 5
149 78
150 151
152 153
154 155
93 5
83 126
156 54
15 155
157 158
159 87
160 74
161 96
92 162
163 26
164 39
165 31
166 11
167 168
61 122
169 170
61 98
171 67
122 62
172 11
173 174
107 22
175 4
15 47
176 51
61 177
178 179
79 180
181 11
27 182
20 183
184 122
25 185
186 187
188 11
189 6
190 191
192 193
194 21
64 195
171 51
196 197
131 198
199 175
200 126
4 155
201 39
202 135
74 73
73 203
79 204
205 206
92 207
208 209
168 210
119 211
212 57
213 214
215 216
217 116
218 144
39 7
87 131
219 220
221 222
19 223
224 225
101 226
79 227
131 208
48 228
15 207
229 230
175 15
231 232
233 18
33 215
148 47
133 67
234 187
14 155
235 78
232 236
131 17
58 237
102 238
239 60
240 241
242 54
243 155
244 245
246 247
234 106
248 60
79 103
167 125
249 210
250 7
240 251
252 142
253 254
255 45
19 185
15 240
256 5
257 81
122 63
258 259
260 261
79 4
15 262
263 264
57 265
266 81
267 5
268 11
269 270
27 95
15 271
121 74
173 272
140 97
61 150
273 274
275 276
277 24
257 52
164 78
278 279
213 65
66 51
280 281
282 283
2 226
284 4
88 109
285 70
286 11
190 287
29 94
239 212
288 289
258 54
57 290
260 153
291 24
87 265
292 222
140 293
111 294
127 281
266 52
134 295
296 11
297 298
175 207
208 299
64 127
300 85
33 151
162 4
102 227
152 261
79 301
242 259
38 78
302 170
43 303
57 304
305 74
19 163
127 306
307 308
88 81
309 11
310 311
184 98
312 130
313 314
68 37
175 155
218 142
200 210
315 193
316 295
61 184
235 39
197 317
282 318
319 11
122 184
320 197
19 25
82 249
321 72
322 155
173 217
176 67
144 323
58 324
248 57
15 325
279 101
326 74
101 151
327 328
140 99
32 155
329 330
331 106
32 207
201 78
159 332
62 264
267 333
334 335
219 67
336 106
61 337
338 137
4 50
57 276
339 340
117 180
102 301
21 95
58 341
124 67
342 197
343 47
61 62
245 298
33 263
344 345
