14,15
14,173,4,20,21,15
14,173,4,142,361,20,21,15
14,173,4,361,20,21,15
14,15,21,20
14,173,4,20
14,173,4,142,361,20
14,173,4,361,20
14,15,21,20,4
14,15,21,20,361,4
14,15,21,20,361,142,4
14,173,4
14,15,21
14,173,4,20,21
14,173,4,142,361,20,21
14,173,4,361,20,21
14,15,21,20,4,142
14,15,21,20,361,142
14,173,4,142
14,173,4,361,142
14,15,21,20,4,173,172
14,15,21,20,361,4,173,172
14,15,21,20,361,142,4,173,172
14,173,172
14,173
14,15,21,20,4,173,186,185
14,15,21,20,361,4,173,186,185
14,15,21,20,361,142,4,173,186,185
14,173,186,185
14,15,21,20,4,173,186
14,15,21,20,361,4,173,186
14,15,21,20,361,142,4,173,186
14,173,186
14,15,21,20,4,173,273
14,15,21,20,361,4,173,273
14,15,21,20,361,142,4,173,273
14,173,273
14,15,21,20,4,173,186,185,317
14,15,21,20,361,4,173,186,185,317
14,15,21,20,361,142,4,173,186,185,317
14,173,186,185,317
14,15,21,20,4,173,186,185,317,158
14,15,21,20,361,4,173,186,185,317,158
14,15,21,20,361,142,4,173,186,185,317,158
14,173,186,185,317,158
14,15,21,20,361
14,173,4,361
14,15,21,20,4,142,361,24
14,15,21,20,4,361,24
14,15,21,20,361,24
14,173,4,20,361,24
14,173,4,142,361,24
14,173,4,361,24
14,15,21,20,4,142,361,218
14,15,21,20,4,361,218
14,15,21,20,361,218
14,173,4,20,361,218
14,173,4,142,361,218
14,173,4,361,218
15,14,173,4,20
15,14,173,4,142,361,20
15,14,173,4,361,20
15,21,20
15,14,173,4
15,21,20,4
15,21,20,361,4
15,21,20,361,142,4
15,21
15,14,173,4,142
15,14,173,4,361,142
15,21,20,4,142
15,21,20,361,142
15,14,173,172
15,21,20,4,173,172
15,21,20,361,4,173,172
15,21,20,361,142,4,173,172
15,14,173
15,21,20,4,173
15,21,20,361,4,173
15,21,20,361,142,4,173
15,14,173,186,185
15,21,20,4,173,186,185
15,21,20,361,4,173,186,185
15,21,20,361,142,4,173,186,185
15,14,173,186
15,21,20,4,173,186
15,21,20,361,4,173,186
15,21,20,361,142,4,173,186
15,14,173,273
15,21,20,4,173,273
15,21,20,361,4,173,273
15,21,20,361,142,4,173,273
15,14,173,186,185,317
15,21,20,4,173,186,185,317
15,21,20,361,4,173,186,185,317
15,21,20,361,142,4,173,186,185,317
15,14,173,186,185,317,158
15,21,20,4,173,186,185,317,158
15,21,20,361,4,173,186,185,317,158
15,21,20,361,142,4,173,186,185,317,158
15,14,173,4,361
15,21,20,361
15,14,173,4,20,361,24
15,14,173,4,142,361,24
15,14,173,4,361,24
15,21,20,4,142,361,24
15,21,20,4,361,24
15,21,20,361,24
15,14,173,4,20,361,218
15,14,173,4,142,361,218
15,14,173,4,361,218
15,21,20,4,142,361,218
15,21,20,4,361,218
15,21,20,361,218
16,17
20,4
20,361,4
20,361,142,4
20,21
20,4,142
20,21,15,14,173,4,142
20,361,142
20,4,173,172
20,21,15,14,173,172
20,361,4,173,172
20,361,142,4,173,172
20,4,173
20,21,15,14,173
20,361,4,173
20,361,142,4,173
20,4,173,186,185
20,21,15,14,173,186,185
20,361,4,173,186,185
20,361,142,4,173,186,185
20,4,173,186
20,21,15,14,173,186
20,361,4,173,186
20,361,142,4,173,186
20,4,173,273
20,21,15,14,173,273
20,361,4,173,273
20,361,142,4,173,273
20,4,173,186,185,317
20,21,15,14,173,186,185,317
20,361,4,173,186,185,317
20,361,142,4,173,186,185,317
20,4,173,186,185,317,158
20,21,15,14,173,186,185,317,158
20,361,4,173,186,185,317,158
20,361,142,4,173,186,185,317,158
20,361
20,4,142,361,24
20,4,361,24
20,21,15,14,173,4,142,361,24
20,21,15,14,173,4,361,24
20,361,24
20,4,142,361,218
20,4,361,218
20,21,15,14,173,4,142,361,218
20,21,15,14,173,4,361,218
20,361,218
4,20,21
4,142,361,20,21
4,173,14,15,21
4,361,20,21
4,142
4,361,142
4,173,172
4,173
4,173,186,185
4,173,186
4,173,273
4,173,186,185,317
4,173,186,185,317,158
4,361
4,142,361,24
4,361,24
4,142,361,218
4,361,218
21,20,4,142
21,20,361,142
21,15,14,173,4,142
21,15,14,173,4,361,142
21,20,4,173,172
21,20,361,4,173,172
21,20,361,142,4,173,172
21,15,14,173,172
21,20,4,173
21,20,361,4,173
21,20,361,142,4,173
21,15,14,173
21,20,4,173,186,185
21,20,361,4,173,186,185
21,20,361,142,4,173,186,185
21,15,14,173,186,185
21,20,4,173,186
21,20,361,4,173,186
21,20,361,142,4,173,186
21,15,14,173,186
21,20,4,173,273
21,20,361,4,173,273
21,20,361,142,4,173,273
21,15,14,173,273
21,20,4,173,186,185,317
21,20,361,4,173,186,185,317
21,20,361,142,4,173,186,185,317
21,15,14,173,186,185,317
21,20,4,173,186,185,317,158
21,20,361,4,173,186,185,317,158
21,20,361,142,4,173,186,185,317,158
21,15,14,173,186,185,317,158
21,20,361
21,15,14,173,4,361
21,20,4,142,361,24
21,20,4,361,24
21,20,361,24
21,15,14,173,4,142,361,24
21,15,14,173,4,361,24
21,20,4,142,361,218
21,20,4,361,218
21,20,361,218
21,15,14,173,4,142,361,218
21,15,14,173,4,361,218
27,28
37,38
37,38,146,150
37,38,150
37,38,146
37,38,226
38,146,150
38,150
38,146
38,226
43,44
43,44,97
43,44,119
43,44,119,120
43,44,257
43,44,350
43,44,354
44,97
44,119
44,119,120
44,257
44,350
44,354
46,47
65,31
65,31,328,329,155,156,105,103
65,31,105,103
65,31,328,329,155,156,105,103,104
65,31,105,103,104
65,31,328,329,155,156,105
65,31,105
65,31,328,329,155
65,31,105,156,155
65,31,328,329,155,156
65,31,105,156
65,31,328,329,155,156,284
65,31,105,156,284
65,31,311
65,31,328
65,31,328,329
65,31,105,156,155,329
65,31,328,329,155,156,105,349
65,31,105,349
65,31,328,329,155,156,105,349,357
65,31,105,349,357
65,31,328,329,155,156,376
65,31,105,156,376
31,328,329,155,156,105,103
31,105,103
31,328,329,155,156,105,103,104
31,105,103,104
31,328,329,155,156,105
31,105
31,328,329,155
31,105,156,155
31,328,329,155,156
31,105,156
31,328,329,155,156,284
31,105,156,284
31,311
31,328
31,328,329
31,105,156,155,329
31,328,329,155,156,105,349
31,105,349
31,328,329,155,156,105,349,357
31,105,349,357
31,328,329,155,156,376
31,105,156,376
73,63
74,75
74,76,165,77,75
74,76,191,75
74,77,165,76,191,75
74,77,75
74,76
74,77,165,76
74,77,75,191,76
74,9
74,77
74,75,191,76,165
74,75,77,165
74,76,165
74,77,165
74,75,191
74,76,191
74,77,165,76,191
74,77,75,191
74,75,191,76,298,297
74,75,77,165,76,298,297
74,76,298,297
74,77,165,76,298,297
74,77,75,191,76,298,297
74,75,191,76,298
74,75,77,165,76,298
74,76,298
74,77,165,76,298
74,77,75,191,76,298
75,74,76
75,191,76
75,77,74,76
75,77,165,76
75,74,9
75,191,76,74,9
75,191,76,165,77,74,9
75,77,74,9
75,77,165,76,74,9
75,191,76,165,77
75,77
75,74,76,165
75,191,76,165
75,77,165
75,191
75,74,76,298,297
75,191,76,298,297
75,77,74,76,298,297
75,77,165,76,298,297
75,74,76,298
75,191,76,298
75,77,74,76,298
75,77,165,76,298
76,74,9
76,165,77,74,9
76,191,75,77,74,9
76,74,77
76,165,77
76,191,75,77
76,165
76,191
76,298,297
76,298
9,74,77
9,74,75,191,76,165
9,74,75,77,165
9,74,76,165
9,74,77,165
9,74,75,191
9,74,76,191
9,74,77,165,76,191
9,74,77,75,191
9,74,75,191,76,298,297
9,74,75,77,165,76,298,297
9,74,76,298,297
9,74,77,165,76,298,297
9,74,77,75,191,76,298,297
9,74,75,191,76,298
9,74,75,77,165,76,298
9,74,76,298
9,74,77,165,76,298
9,74,77,75,191,76,298
77,165
77,74,76,191
77,165,76,191
77,75,191
77,74,76,298,297
77,165,76,298,297
77,75,191,76,298,297
77,74,76,298
77,165,76,298
77,75,191,76,298
90,91
97,44,119
97,44,119,120
97,44,257
97,44,350
97,44,354
103,104
103,105
103,105,31,328,329,155
103,105,156,155
103,105,156
103,105,31,328,329,155,156,284
103,105,156,284
103,105,31,311
103,105,156,155,329,328,31,311
103,105,31,328
103,105,156,155,329,328
103,105,31,328,329
103,105,156,155,329
103,105,349
103,105,349,357
103,105,31,328,329,155,156,376
103,105,156,376
104,103,105
104,103,105,31,328,329,155
104,103,105,156,155
104,103,105,156
104,103,105,31,328,329,155,156,284
104,103,105,156,284
104,103,105,31,311
104,103,105,156,155,329,328,31,311
104,103,105,31,328
104,103,105,156,155,329,328
104,103,105,31,328,329
104,103,105,156,155,329
104,103,105,349
104,103,105,349,357
104,103,105,31,328,329,155,156,376
104,103,105,156,376
105,31,328,329,155
105,156,155
105,156
105,31,328,329,155,156,284
105,156,284
105,31,311
105,156,155,329,328,31,311
105,31,328
105,156,155,329,328
105,31,328,329
105,156,155,329
105,349
105,349,357
105,31,328,329,155,156,376
105,156,376
110,111
110,111,344
110,111,375
111,344
111,375
113,114
119,120
119,44,257
119,44,350
119,44,354
120,119,44,257
120,119,44,350
120,119,44,354
124,125
127,128
127,128,236
127,128,320
128,236
128,320
131,132
131,8
131,132,370
132,131,8
132,370
8,131,132,370
134,135
134,162
135,134,162
138,139
138,139,256,255
138,139,256
139,256,255
139,256
140,141
140,181
141,140,181
142,4,20,21,15,14,173,172
142,4,173,172
142,361,4,173,172
142,361,20,21,15,14,173,172
142,4,173
142,361,4,173
142,361,20,21,15,14,173
142,4,20,21,15,14,173,186,185
142,4,173,186,185
142,361,4,173,186,185
142,361,20,21,15,14,173,186,185
142,4,20,21,15,14,173,186
142,4,173,186
142,361,4,173,186
142,361,20,21,15,14,173,186
142,4,20,21,15,14,173,273
142,4,173,273
142,361,4,173,273
142,361,20,21,15,14,173,273
142,4,20,21,15,14,173,186,185,317
142,4,173,186,185,317
142,361,4,173,186,185,317
142,361,20,21,15,14,173,186,185,317
142,4,20,21,15,14,173,186,185,317,158
142,4,173,186,185,317,158
142,361,4,173,186,185,317,158
142,361,20,21,15,14,173,186,185,317,158
142,361
142,361,24
142,361,218
147,148
147,148,313
147,148,412
148,313
148,412
150,146
150,146,38,226
150,38,226
146,38,226
151,152
155,156
155,156,284
155,156,105,31,311
155,329,328,31,311
155,156,105,31,328
155,329,328
155,329
155,156,105,349
155,329,328,31,105,349
155,156,105,349,357
155,329,328,31,105,349,357
155,156,376
156,284
156,155,329,328,31,311
156,105,31,311
156,155,329,328
156,105,31,328
156,155,329
156,105,31,328,329
156,105,349
156,105,349,357
156,376
165,76,191
165,77,74,75,191
165,77,75,191
165,76,298,297
165,77,74,75,191,76,298,297
165,77,75,191,76,298,297
165,76,298
165,77,74,75,191,76,298
165,77,75,191,76,298
172,173
172,173,186,185
172,173,186
172,173,273
172,173,186,185,317
172,173,186,185,317,158
172,173,4,361
172,173,14,15,21,20,361
172,173,4,20,361,24
172,173,4,142,361,24
172,173,4,361,24
172,173,14,15,21,20,4,142,361,24
172,173,14,15,21,20,4,361,24
172,173,14,15,21,20,361,24
172,173,4,20,361,218
172,173,4,142,361,218
172,173,4,361,218
172,173,14,15,21,20,4,142,361,218
172,173,14,15,21,20,4,361,218
172,173,14,15,21,20,361,218
173,186,185
173,186
173,273
173,186,185,317
173,186,185,317,158
173,4,361
173,14,15,21,20,361
173,4,20,361,24
173,4,142,361,24
173,4,361,24
173,14,15,21,20,361,24
173,4,20,361,218
173,4,142,361,218
173,4,361,218
173,14,15,21,20,361,218
174,175
174,40
174,72
174,176
175,174,40
175,174,72
175,174,176
40,174,72
40,174,176
72,174,176
178,179
183,184
185,186
185,186,173,273
185,317
185,317,158
185,186,173,4,361
185,186,173,14,15,21,20,361
185,186,173,4,20,361,24
185,186,173,4,142,361,24
185,186,173,4,361,24
185,186,173,14,15,21,20,4,142,361,24
185,186,173,14,15,21,20,4,361,24
185,186,173,14,15,21,20,361,24
185,186,173,4,20,361,218
185,186,173,4,142,361,218
185,186,173,4,361,218
185,186,173,14,15,21,20,4,142,361,218
185,186,173,14,15,21,20,4,361,218
185,186,173,14,15,21,20,361,218
186,173,273
186,185,317
186,185,317,158
186,173,4,361
186,173,14,15,21,20,361
186,173,4,20,361,24
186,173,4,142,361,24
186,173,4,361,24
186,173,14,15,21,20,4,142,361,24
186,173,14,15,21,20,4,361,24
186,173,14,15,21,20,361,24
186,173,4,20,361,218
186,173,4,142,361,218
186,173,4,361,218
186,173,14,15,21,20,4,142,361,218
186,173,14,15,21,20,4,361,218
186,173,14,15,21,20,361,218
191,76,298,297
191,76,298
199,200
199,303,200
199,303
199,200,303,304
199,200,303,305,304
199,303,304
199,303,305,304
199,200,303,219
199,303,219
199,200,303,305
199,303,305
200,303
200,303,304
200,303,305,304
200,303,219
200,303,305
212,213
215,89
222,223
222,224
222,277
222,331
222,388
223,222,224
223,222,277
223,222,331
223,222,388
224,222,277
224,222,331
224,222,388
225,30
225,244
30,225,244
252,253
252,253,299
253,299
255,256
257,44,350
257,44,354
268,269
270,271
270,249
270,271,276
271,270,249
271,276
249,270,271,276
277,222,331
277,222,388
279,280
284,156,155,329,328,31,311
284,156,105,31,311
284,156,155,329,328
284,156,105,31,328
284,156,155,329
284,156,105,31,328,329
284,156,155,329,328,31,105,349
284,156,105,349
284,156,155,329,328,31,105,349,357
284,156,105,349,357
284,156,376
291,292
291,293
291,294
291,137
292,291,293
292,291,294
292,291,137
293,291,294
293,291,137
294,291,137
297,298
302,211
302,260
211,302,260
303,304
303,305,304
303,219
303,305
304,303,219
304,305,303,219
304,305
219,303,305
309,310
311,31,328
311,31,328,329
311,31,105,156,155,329
311,31,328,329,155,156,105,349
311,31,105,349
311,31,328,329,155,156,105,349,357
311,31,105,349,357
311,31,328,329,155,156,376
311,31,105,156,376
273,173,186,185,317
273,173,186,185,317,158
273,173,4,361
273,173,14,15,21,20,361
273,173,4,20,361,24
273,173,4,142,361,24
273,173,4,361,24
273,173,14,15,21,20,4,142,361,24
273,173,14,15,21,20,4,361,24
273,173,14,15,21,20,361,24
273,173,4,20,361,218
273,173,4,142,361,218
273,173,4,361,218
273,173,14,15,21,20,4,142,361,218
273,173,14,15,21,20,4,361,218
273,173,14,15,21,20,361,218
236,128,320
313,148,412
317,158
317,185,186,173,4,361
317,185,186,173,14,15,21,20,361
317,185,186,173,4,20,361,24
317,185,186,173,4,142,361,24
317,185,186,173,4,361,24
317,185,186,173,14,15,21,20,4,142,361,24
317,185,186,173,14,15,21,20,4,361,24
317,185,186,173,14,15,21,20,361,24
317,185,186,173,4,20,361,218
317,185,186,173,4,142,361,218
317,185,186,173,4,361,218
317,185,186,173,14,15,21,20,4,142,361,218
317,185,186,173,14,15,21,20,4,361,218
317,185,186,173,14,15,21,20,361,218
158,317,185,186,173,4,361
158,317,185,186,173,14,15,21,20,361
158,317,185,186,173,4,20,361,24
158,317,185,186,173,4,142,361,24
158,317,185,186,173,4,361,24
158,317,185,186,173,14,15,21,20,4,142,361,24
158,317,185,186,173,14,15,21,20,4,361,24
158,317,185,186,173,14,15,21,20,361,24
158,317,185,186,173,4,20,361,218
158,317,185,186,173,4,142,361,218
158,317,185,186,173,4,361,218
158,317,185,186,173,14,15,21,20,4,142,361,218
158,317,185,186,173,14,15,21,20,4,361,218
158,317,185,186,173,14,15,21,20,361,218
323,82
328,329
328,329,155,156,105,349
328,31,105,349
328,329,155,156,105,349,357
328,31,105,349,357
328,329,155,156,376
328,31,105,156,376
329,328,31,105,349
329,155,156,105,349
329,328,31,105,349,357
329,155,156,105,349,357
329,328,31,105,156,376
329,155,156,376
330,35
331,222,388
338,61
344,111,375
346,306
349,357
349,105,31,328,329,155,156,376
349,105,156,376
350,44,354
353,258
357,349,105,31,328,329,155,156,376
357,349,105,156,376
360,333
361,24
361,218
24,361,218
383,39
393,394
393,394,29
393,394,386
394,29
394,386
396,397
402,208
29,394,386
