11,12
11,13
11,13,36,72
11,13,159,158,353,352,36,72
11,13,36
11,13,159,158,353,352,36
11,13,36,352,353,158
11,13,159,158
11,13,159
11,13,36,352,353,158,159,298
11,13,159,298
11,13,36,331
11,13,159,158,353,352,36,331
11,13,36,352
11,13,159,158,353,352
11,13,36,352,353
11,13,159,158,353
11,13,373
11,13,373,382
11,13,36,352,353,158,159,405
11,13,159,405
12,11,13
12,11,13,36,72
12,11,13,159,158,353,352,36,72
12,11,13,36
12,11,13,159,158,353,352,36
12,11,13,36,352,353,158
12,11,13,159,158
12,11,13,159
12,11,13,36,352,353,158,159,298
12,11,13,159,298
12,11,13,36,331
12,11,13,159,158,353,352,36,331
12,11,13,36,352
12,11,13,159,158,353,352
12,11,13,36,352,353
12,11,13,159,158,353
12,11,13,373
12,11,13,373,382
12,11,13,36,352,353,158,159,405
12,11,13,159,405
13,36,72
13,159,158,353,352,36,72
13,36
13,159,158,353,352,36
13,36,352,353,158
13,159,158
13,159
13,36,352,353,158,159,298
13,159,298
13,36,331
13,159,158,353,352,36,331
13,36,352
13,159,158,353,352
13,36,352,353
13,159,158,353
13,373
13,373,382
13,36,352,353,158,159,405
13,159,405
17,18
17,179,4,22,23,18
17,179,4,144,387,22,23,18
17,179,4,387,22,23,18
17,18,23,22
17,179,4,22
17,179,4,144,387,22
17,179,4,387,22
17,18,23,22,4
17,18,23,22,387,4
17,18,23,22,387,144,4
17,179,4
17,18,23
17,179,4,22,23
17,179,4,144,387,22,23
17,179,4,387,22,23
17,18,23,22,4,144
17,18,23,22,387,144
17,179,4,144
17,179,4,387,144
17,18,23,22,4,179,178
17,18,23,22,387,4,179,178
17,18,23,22,387,144,4,179,178
17,179,178
17,179
17,18,23,22,4,179,194,193
17,18,23,22,387,4,179,194,193
17,18,23,22,387,144,4,179,194,193
17,179,194,193
17,18,23,22,4,179,194
17,18,23,22,387,4,179,194
17,18,23,22,387,144,4,179,194
17,179,194
17,18,23,22,4,179,285
17,18,23,22,387,4,179,285
17,18,23,22,387,144,4,179,285
17,179,285
17,18,23,22,4,179,194,193,342
17,18,23,22,387,4,179,194,193,342
17,18,23,22,387,144,4,179,194,193,342
17,179,194,193,342
17,18,23,22,4,179,194,193,342,161
17,18,23,22,387,4,179,194,193,342,161
17,18,23,22,387,144,4,179,194,193,342,161
17,179,194,193,342,161
17,18,23,22,387
17,179,4,387
17,18,23,22,4,144,387,28
17,18,23,22,4,387,28
17,18,23,22,387,28
17,179,4,22,387,28
17,179,4,144,387,28
17,179,4,387,28
17,18,23,22,4,144,387,225
17,18,23,22,4,387,225
17,18,23,22,387,225
17,179,4,22,387,225
17,179,4,144,387,225
17,179,4,387,225
18,17,179,4,22
18,17,179,4,144,387,22
18,17,179,4,387,22
18,23,22
18,17,179,4
18,23,22,4
18,23,22,387,4
18,23,22,387,144,4
18,23
18,17,179,4,144
18,17,179,4,387,144
18,23,22,4,144
18,23,22,387,144
18,17,179,178
18,23,22,4,179,178
18,23,22,387,4,179,178
18,23,22,387,144,4,179,178
18,17,179
18,23,22,4,179
18,23,22,387,4,179
18,23,22,387,144,4,179
18,17,179,194,193
18,23,22,4,179,194,193
18,23,22,387,4,179,194,193
18,23,22,387,144,4,179,194,193
18,17,179,194
18,23,22,4,179,194
18,23,22,387,4,179,194
18,23,22,387,144,4,179,194
18,17,179,285
18,23,22,4,179,285
18,23,22,387,4,179,285
18,23,22,387,144,4,179,285
18,17,179,194,193,342
18,23,22,4,179,194,193,342
18,23,22,387,4,179,194,193,342
18,23,22,387,144,4,179,194,193,342
18,17,179,194,193,342,161
18,23,22,4,179,194,193,342,161
18,23,22,387,4,179,194,193,342,161
18,23,22,387,144,4,179,194,193,342,161
18,17,179,4,387
18,23,22,387
18,17,179,4,22,387,28
18,17,179,4,144,387,28
18,17,179,4,387,28
18,23,22,4,144,387,28
18,23,22,4,387,28
18,23,22,387,28
18,17,179,4,22,387,225
18,17,179,4,144,387,225
18,17,179,4,387,225
18,23,22,4,144,387,225
18,23,22,4,387,225
18,23,22,387,225
19,20
22,4
22,387,4
22,387,144,4
22,23
22,4,144
22,23,18,17,179,4,144
22,387,144
22,4,179,178
22,23,18,17,179,178
22,387,4,179,178
22,387,144,4,179,178
22,4,179
22,23,18,17,179
22,387,4,179
22,387,144,4,179
22,4,179,194,193
22,23,18,17,179,194,193
22,387,4,179,194,193
22,387,144,4,179,194,193
22,4,179,194
22,23,18,17,179,194
22,387,4,179,194
22,387,144,4,179,194
22,4,179,285
22,23,18,17,179,285
22,387,4,179,285
22,387,144,4,179,285
22,4,179,194,193,342
22,23,18,17,179,194,193,342
22,387,4,179,194,193,342
22,387,144,4,179,194,193,342
22,4,179,194,193,342,161
22,23,18,17,179,194,193,342,161
22,387,4,179,194,193,342,161
22,387,144,4,179,194,193,342,161
22,387
22,4,144,387,28
22,4,387,28
22,23,18,17,179,4,144,387,28
22,23,18,17,179,4,387,28
22,387,28
22,4,144,387,225
22,4,387,225
22,23,18,17,179,4,144,387,225
22,23,18,17,179,4,387,225
22,387,225
4,22,23
4,144,387,22,23
4,179,17,18,23
4,387,22,23
4,144
4,387,144
4,179,178
4,179
4,179,194,193
4,179,194
4,179,285
4,179,194,193,342
4,179,194,193,342,161
4,387
4,144,387,28
4,387,28
4,144,387,225
4,387,225
23,22,4,144
23,22,387,144
23,18,17,179,4,144
23,18,17,179,4,387,144
23,22,4,179,178
23,22,387,4,179,178
23,22,387,144,4,179,178
23,18,17,179,178
23,22,4,179
23,22,387,4,179
23,22,387,144,4,179
23,18,17,179
23,22,4,179,194,193
23,22,387,4,179,194,193
23,22,387,144,4,179,194,193
23,18,17,179,194,193
23,22,4,179,194
23,22,387,4,179,194
23,22,387,144,4,179,194
23,18,17,179,194
23,22,4,179,285
23,22,387,4,179,285
23,22,387,144,4,179,285
23,18,17,179,285
23,22,4,179,194,193,342
23,22,387,4,179,194,193,342
23,22,387,144,4,179,194,193,342
23,18,17,179,194,193,342
23,22,4,179,194,193,342,161
23,22,387,4,179,194,193,342,161
23,22,387,144,4,179,194,193,342,161
23,18,17,179,194,193,342,161
23,22,387
23,18,17,179,4,387
23,22,4,144,387,28
23,22,4,387,28
23,22,387,28
23,18,17,179,4,144,387,28
23,18,17,179,4,387,28
23,22,4,144,387,225
23,22,4,387,225
23,22,387,225
23,18,17,179,4,144,387,225
23,18,17,179,4,387,225
31,32
43,44
43,44,148,152
43,44,152
43,44,148
43,44,233
44,148,152
44,152
44,148
44,233
49,50
49,50,100
49,50,121
49,50,121,122
49,50,269
49,50,374
49,50,378
50,100
50,121
50,121,122
50,269
50,374
50,378
52,53
59,27
72,36
72,36,352,353,158
72,36,13,159,158
72,36,352,353,158,159
72,36,13,159
72,36,352,353,158,159,298
72,36,13,159,298
72,36,331
72,36,352
72,36,352,353
72,36,13,159,158,353
72,36,352,353,158,159,13,373
72,36,13,373
72,36,352,353,158,159,13,373,382
72,36,13,373,382
72,36,352,353,158,159,405
72,36,13,159,405
36,352,353,158
36,13,159,158
36,352,353,158,159
36,13,159
36,352,353,158,159,298
36,13,159,298
36,331
36,352
36,352,353
36,13,159,158,353
36,352,353,158,159,13,373
36,13,373
36,352,353,158,159,13,373,382
36,13,373,382
36,352,353,158,159,405
36,13,159,405
79,70
80,81
80,82,170,83,81
80,82,199,81
80,83,170,82,199,81
80,83,81
80,82
80,83,170,82
80,83,81,199,82
80,9
80,83
80,81,199,82,170
80,81,83,170
80,82,170
80,83,170
80,81,199
80,82,199
80,83,170,82,199
80,83,81,199
80,81,199,82,313,312
80,81,83,170,82,313,312
80,82,313,312
80,83,170,82,313,312
80,83,81,199,82,313,312
80,81,199,82,313
80,81,83,170,82,313
80,82,313
80,83,170,82,313
80,83,81,199,82,313
81,80,82
81,199,82
81,83,80,82
81,83,170,82
81,80,9
81,199,82,80,9
81,199,82,170,83,80,9
81,83,80,9
81,83,170,82,80,9
81,199,82,170,83
81,83
81,80,82,170
81,199,82,170
81,83,170
81,199
81,80,82,313,312
81,199,82,313,312
81,83,80,82,313,312
81,83,170,82,313,312
81,80,82,313
81,199,82,313
81,83,80,82,313
81,83,170,82,313
82,80,9
82,170,83,80,9
82,199,81,83,80,9
82,80,83
82,170,83
82,199,81,83
82,170
82,199
82,313,312
82,313
9,80,83
9,80,81,199,82,170
9,80,81,83,170
9,80,82,170
9,80,83,170
9,80,81,199
9,80,82,199
9,80,83,170,82,199
9,80,83,81,199
9,80,81,199,82,313,312
9,80,81,83,170,82,313,312
9,80,82,313,312
9,80,83,170,82,313,312
9,80,83,81,199,82,313,312
9,80,81,199,82,313
9,80,81,83,170,82,313
9,80,82,313
9,80,83,170,82,313
9,80,83,81,199,82,313
83,170
83,80,82,199
83,170,82,199
83,81,199
83,80,82,313,312
83,170,82,313,312
83,81,199,82,313,312
83,80,82,313
83,170,82,313
83,81,199,82,313
94,95
100,50,121
100,50,121,122
100,50,269
100,50,374
100,50,378
112,113
112,113,367
112,113,404
113,367
113,404
115,116
121,122
121,50,269
121,50,374
121,50,378
122,121,50,269
122,121,50,374
122,121,50,378
126,127
129,130
129,130,246
129,130,341
130,246
130,341
133,134
133,8
133,134,398
134,133,8
134,398
8,133,134,398
136,137
136,166
137,136,166
140,141
140,141,268,267
140,141,268
141,268,267
141,268
142,143
142,189
143,142,189
144,4,22,23,18,17,179,178
144,4,179,178
144,387,4,179,178
144,387,22,23,18,17,179,178
144,4,179
144,387,4,179
144,387,22,23,18,17,179
144,4,22,23,18,17,179,194,193
144,4,179,194,193
144,387,4,179,194,193
144,387,22,23,18,17,179,194,193
144,4,22,23,18,17,179,194
144,4,179,194
144,387,4,179,194
144,387,22,23,18,17,179,194
144,4,22,23,18,17,179,285
144,4,179,285
144,387,4,179,285
144,387,22,23,18,17,179,285
144,4,22,23,18,17,179,194,193,342
144,4,179,194,193,342
144,387,4,179,194,193,342
144,387,22,23,18,17,179,194,193,342
144,4,22,23,18,17,179,194,193,342,161
144,4,179,194,193,342,161
144,387,4,179,194,193,342,161
144,387,22,23,18,17,179,194,193,342,161
144,387
144,387,28
144,387,225
149,150
149,150,338
149,150,443
150,338
150,443
152,148
152,148,44,233
152,44,233
148,44,233
154,155
158,159
158,159,298
158,159,13,36,331
158,353,352,36,331
158,159,13,36,352
158,353,352
158,353
158,159,13,373
158,353,352,36,13,373
158,159,13,373,382
158,353,352,36,13,373,382
158,159,405
159,298
159,158,353,352,36,331
159,13,36,331
159,158,353,352
159,13,36,352
159,158,353
159,13,36,352,353
159,13,373
159,13,373,382
159,405
170,82,199
170,83,80,81,199
170,83,81,199
170,82,313,312
170,83,80,81,199,82,313,312
170,83,81,199,82,313,312
170,82,313
170,83,80,81,199,82,313
170,83,81,199,82,313
178,179
178,179,194,193
178,179,194
178,179,285
178,179,194,193,342
178,179,194,193,342,161
178,179,4,387
178,179,17,18,23,22,387
178,179,4,22,387,28
178,179,4,144,387,28
178,179,4,387,28
178,179,17,18,23,22,4,144,387,28
178,179,17,18,23,22,4,387,28
178,179,17,18,23,22,387,28
178,179,4,22,387,225
178,179,4,144,387,225
178,179,4,387,225
178,179,17,18,23,22,4,144,387,225
178,179,17,18,23,22,4,387,225
178,179,17,18,23,22,387,225
179,194,193
179,194
179,285
179,194,193,342
179,194,193,342,161
179,4,387
179,17,18,23,22,387
179,4,22,387,28
179,4,144,387,28
179,4,387,28
179,17,18,23,22,387,28
179,4,22,387,225
179,4,144,387,225
179,4,387,225
179,17,18,23,22,387,225
180,169
181,182
181,46
181,78
181,183
182,181,46
182,181,78
182,181,183
46,181,78
46,181,183
78,181,183
184,185
191,192
193,194
193,194,179,285
193,342
193,342,161
193,194,179,4,387
193,194,179,17,18,23,22,387
193,194,179,4,22,387,28
193,194,179,4,144,387,28
193,194,179,4,387,28
193,194,179,17,18,23,22,4,144,387,28
193,194,179,17,18,23,22,4,387,28
193,194,179,17,18,23,22,387,28
193,194,179,4,22,387,225
193,194,179,4,144,387,225
193,194,179,4,387,225
193,194,179,17,18,23,22,4,144,387,225
193,194,179,17,18,23,22,4,387,225
193,194,179,17,18,23,22,387,225
194,179,285
194,193,342
194,193,342,161
194,179,4,387
194,179,17,18,23,22,387
194,179,4,22,387,28
194,179,4,144,387,28
194,179,4,387,28
194,179,17,18,23,22,4,144,387,28
194,179,17,18,23,22,4,387,28
194,179,17,18,23,22,387,28
194,179,4,22,387,225
194,179,4,144,387,225
194,179,4,387,225
194,179,17,18,23,22,4,144,387,225
194,179,17,18,23,22,4,387,225
194,179,17,18,23,22,387,225
199,82,313,312
199,82,313
206,207
206,320,207
206,320
206,207,320,321
206,207,320,322,321
206,320,321
206,320,322,321
206,207,320,226
206,320,226
206,207,320,322
206,320,322
207,320
207,320,321
207,320,322,321
207,320,226
207,320,322
215,101
223,93
229,230
229,231
229,291
229,355
229,419
230,229,231
230,229,291
230,229,355
230,229,419
231,229,291
231,229,355
231,229,419
232,35
232,255
35,232,255
242,243
242,335
243,242,335
264,265
264,265,314
265,314
267,268
269,50,374
269,50,378
280,281
282,283
282,260
282,283,289
283,282,260
283,289
260,282,283,289
291,229,355
291,229,419
293,294
298,159,158,353,352,36,331
298,159,13,36,331
298,159,158,353,352
298,159,13,36,352
298,159,158,353
298,159,13,36,352,353
298,159,158,353,352,36,13,373
298,159,13,373
298,159,158,353,352,36,13,373,382
298,159,13,373,382
298,159,405
305,306
305,307
305,308
305,139
306,305,307
306,305,308
306,305,139
307,305,308
307,305,139
308,305,139
312,313
318,221
318,272
221,318,272
320,321
320,322,321
320,226
320,322
321,320,226
321,322,320,226
321,322
226,320,322
329,330
331,36,352
331,36,352,353
331,36,13,159,158,353
331,36,352,353,158,159,13,373
331,36,13,373
331,36,352,353,158,159,13,373,382
331,36,13,373,382
331,36,352,353,158,159,405
331,36,13,159,405
285,179,194,193,342
285,179,194,193,342,161
285,179,4,387
285,179,17,18,23,22,387
285,179,4,22,387,28
285,179,4,144,387,28
285,179,4,387,28
285,179,17,18,23,22,4,144,387,28
285,179,17,18,23,22,4,387,28
285,179,17,18,23,22,387,28
285,179,4,22,387,225
285,179,4,144,387,225
285,179,4,387,225
285,179,17,18,23,22,4,144,387,225
285,179,17,18,23,22,4,387,225
285,179,17,18,23,22,387,225
246,130,341
338,150,443
342,161
342,193,194,179,4,387
342,193,194,179,17,18,23,22,387
342,193,194,179,4,22,387,28
342,193,194,179,4,144,387,28
342,193,194,179,4,387,28
342,193,194,179,17,18,23,22,4,144,387,28
342,193,194,179,17,18,23,22,4,387,28
342,193,194,179,17,18,23,22,387,28
342,193,194,179,4,22,387,225
342,193,194,179,4,144,387,225
342,193,194,179,4,387,225
342,193,194,179,17,18,23,22,4,144,387,225
342,193,194,179,17,18,23,22,4,387,225
342,193,194,179,17,18,23,22,387,225
161,342,193,194,179,4,387
161,342,193,194,179,17,18,23,22,387
161,342,193,194,179,4,22,387,28
161,342,193,194,179,4,144,387,28
161,342,193,194,179,4,387,28
161,342,193,194,179,17,18,23,22,4,144,387,28
161,342,193,194,179,17,18,23,22,4,387,28
161,342,193,194,179,17,18,23,22,387,28
161,342,193,194,179,4,22,387,225
161,342,193,194,179,4,144,387,225
161,342,193,194,179,4,387,225
161,342,193,194,179,17,18,23,22,4,144,387,225
161,342,193,194,179,17,18,23,22,4,387,225
161,342,193,194,179,17,18,23,22,387,225
347,89
352,353
352,353,158,159,13,373
352,36,13,373
352,353,158,159,13,373,382
352,36,13,373,382
352,353,158,159,405
352,36,13,159,405
353,352,36,13,373
353,158,159,13,373
353,352,36,13,373,382
353,158,159,13,373,382
353,352,36,13,159,405
353,158,159,405
354,41
355,229,419
361,68
367,113,404
369,324
373,382
373,13,36,352,353,158,159,405
373,13,159,405
374,50,378
377,270
382,373,13,36,352,353,158,159,405
382,373,13,159,405
386,357
387,28
387,225
28,387,225
388,107
414,45
424,425
426,427
426,427,34
426,427,416
427,34
427,416
433,218
34,427,416
