6,7
22,23
22,23,626,13,407,52,51
22,23,626,13,407,52,111,53,51
22,23,626,13,407,408,53,51
22,23,626,13,407,408,53,111,52,51
22,23,626,20,407,52,51
22,23,626,20,407,52,111,53,51
22,23,626,20,407,408,53,51
22,23,626,20,407,408,53,111,52,51
22,23,626,13,407,52
22,23,626,13,407,408,53,51,52
22,23,626,13,407,408,53,111,52
22,23,626,20,407,52
22,23,626,20,407,408,53,51,52
22,23,626,20,407,408,53,111,52
22,23,626,13,407,52,51,53
22,23,626,13,407,52,111,53
22,23,626,13,407,408,53
22,23,626,20,407,52,51,53
22,23,626,20,407,52,111,53
22,23,626,20,407,408,53
22,23,626,13,407,52,51,54
22,23,626,13,407,52,111,53,51,54
22,23,626,13,407,408,53,51,54
22,23,626,13,407,408,53,111,52,51,54
22,23,626,20,407,52,51,54
22,23,626,20,407,52,111,53,51,54
22,23,626,20,407,408,53,51,54
22,23,626,20,407,408,53,111,52,51,54
22,23,626,13,407,52,111
22,23,626,13,407,408,53,111
22,23,626,20,407,52,111
22,23,626,20,407,408,53,111
22,23,626,13,407,52,235
22,23,626,13,407,408,53,51,52,235
22,23,626,13,407,408,53,111,52,235
22,23,626,20,407,52,235
22,23,626,20,407,408,53,51,52,235
22,23,626,20,407,408,53,111,52,235
22,23,299
22,23,626,13,407
22,23,626,20,407
22,23,626,13
22,23,626,20,407,13
22,23,626,20
22,23,626,13,407,408
22,23,626,20,407,408
22,23,503
22,23,553
22,23,626
22,23,626,200
23,626,13,407,52,51
23,626,13,407,52,111,53,51
23,626,13,407,408,53,51
23,626,13,407,408,53,111,52,51
23,626,20,407,52,51
23,626,20,407,52,111,53,51
23,626,20,407,408,53,51
23,626,20,407,408,53,111,52,51
23,626,13,407,52
23,626,13,407,408,53,51,52
23,626,13,407,408,53,111,52
23,626,20,407,52
23,626,20,407,408,53,51,52
23,626,20,407,408,53,111,52
23,626,13,407,52,51,53
23,626,13,407,52,111,53
23,626,13,407,408,53
23,626,20,407,52,51,53
23,626,20,407,52,111,53
23,626,20,407,408,53
23,626,13,407,52,51,54
23,626,13,407,52,111,53,51,54
23,626,13,407,408,53,51,54
23,626,13,407,408,53,111,52,51,54
23,626,20,407,52,51,54
23,626,20,407,52,111,53,51,54
23,626,20,407,408,53,51,54
23,626,20,407,408,53,111,52,51,54
23,626,13,407,52,111
23,626,13,407,408,53,111
23,626,20,407,52,111
23,626,20,407,408,53,111
23,626,13,407,52,235
23,626,13,407,408,53,51,52,235
23,626,13,407,408,53,111,52,235
23,626,20,407,52,235
23,626,20,407,408,53,51,52,235
23,626,20,407,408,53,111,52,235
23,299
23,626,13,407
23,626,20,407
23,626,13
23,626,20,407,13
23,626,20
23,626,13,407,408
23,626,20,407,408
23,503
23,553
23,626
23,626,200
28,29
28,29,45
28,29,46,218,47,309,45
28,29,46,279,45
28,29,46,309,45
28,29,46,339,45
28,29,47,218,46,279,45
28,29,47,218,46,339,45
28,29,47,309,45
28,29,47,309,46,279,45
28,29,47,309,46,339,45
28,29,46
28,29,47,218,46
28,29,47,309,46
28,29,47
28,29,98
28,29,45,279,46,218
28,29,45,279,46,309,47,218
28,29,45,309,47,218
28,29,45,309,46,218
28,29,45,339,46,218
28,29,45,339,46,309,47,218
28,29,46,218
28,29,46,309,47,218
28,29,47,218
28,29,45,279
28,29,45,309,46,279
28,29,45,339,46,279
28,29,46,279
28,29,47,218,46,279
28,29,47,218,46,339,45,279
28,29,47,309,45,279
28,29,47,309,45,339,46,279
28,29,47,309,46,279
28,29,45,309
28,29,45,339,46,309
28,29,46,309
28,29,47,309
28,29,45,339
28,29,46,339
28,29,47,218,46,339
28,29,47,309,45,339
28,29,47,309,46,339
29,45
29,46,218,47,309,45
29,46,279,45
29,46,309,45
29,46,339,45
29,47,218,46,279,45
29,47,218,46,339,45
29,47,309,45
29,47,309,46,279,45
29,47,309,46,339,45
29,46
29,47,218,46
29,47,309,46
29,47
29,98
29,45,279,46,218
29,45,279,46,309,47,218
29,45,309,47,218
29,45,309,46,218
29,45,339,46,218
29,45,339,46,309,47,218
29,46,218
29,46,309,47,218
29,47,218
29,45,279
29,45,309,46,279
29,45,339,46,279
29,46,279
29,47,218,46,279
29,47,218,46,339,45,279
29,47,309,45,279
29,47,309,45,339,46,279
29,47,309,46,279
29,45,309
29,45,339,46,309
29,46,309
29,47,309
29,45,339
29,46,339
29,47,218,46,339
29,47,309,45,339
29,47,309,46,339
43,44
45,29,46
45,29,47,218,46
45,29,47,309,46
45,279,46
45,309,47,218,46
45,309,46
45,339,46
45,29,47
45,279,46,29,47
45,279,46,218,47
45,279,46,309,47
45,309,47
45,339,46,29,47
45,339,46,218,47
45,339,46,309,47
45,29,98
45,279,46,29,98
45,279,46,218,47,29,98
45,279,46,309,47,29,98
45,309,47,29,98
45,309,47,218,46,29,98
45,309,46,29,98
45,339,46,29,98
45,339,46,218,47,29,98
45,339,46,309,47,29,98
45,29,46,218
45,29,47,218
45,279,46,218
45,279,46,309,47,218
45,309,47,218
45,309,46,218
45,339,46,218
45,339,46,309,47,218
45,279
45,309,46,279
45,339,46,279
45,309
45,339,46,309
45,339
46,29,47
46,218,47
46,309,47
46,29,98
46,218,47,29,98
46,309,47,29,98
46,218
46,309,47,218
46,279
46,309
46,339
47,29,98
47,218
47,29,45,279
47,29,45,339,46,279
47,29,46,279
47,218,46,279
47,218,46,339,45,279
47,309,45,279
47,309,45,339,46,279
47,309,46,279
47,309
47,29,45,339
47,29,46,339
47,218,46,339
47,309,45,339
47,309,46,339
51,52
51,53,111,52
51,53,408,407,52
51,53
51,54
51,52,111
51,52,407,408,53,111
51,53,111
51,52,235
51,53,111,52,235
51,53,408,407,52,235
51,52,111,53,408,407,13,626,23,299
51,52,111,53,408,407,20,626,23,299
51,52,407,13,626,23,299
51,52,407,20,626,23,299
51,53,111,52,407,13,626,23,299
51,53,111,52,407,20,626,23,299
51,53,408,407,13,626,23,299
51,53,408,407,20,626,23,299
51,52,407
51,53,111,52,407
51,53,408,407
51,52,111,53,408,407,13
51,52,111,53,408,407,20,626,13
51,52,407,13
51,52,407,20,626,13
51,53,111,52,407,13
51,53,111,52,407,20,626,13
51,53,408,407,13
51,53,408,407,20,626,13
51,52,111,53,408,407,20
51,52,407,20
51,53,111,52,407,20
51,53,408,407,20
51,52,111,53,408
51,52,407,408
51,53,408
51,52,111,53,408,407,13,626,23,503
51,52,111,53,408,407,20,626,23,503
51,52,407,13,626,23,503
51,52,407,20,626,23,503
51,53,111,52,407,13,626,23,503
51,53,111,52,407,20,626,23,503
51,53,408,407,13,626,23,503
51,53,408,407,20,626,23,503
51,52,111,53,408,407,13,626,23,553
51,52,111,53,408,407,20,626,23,553
51,52,407,13,626,23,553
51,52,407,20,626,23,553
51,53,111,52,407,13,626,23,553
51,53,111,52,407,20,626,23,553
51,53,408,407,13,626,23,553
51,53,408,407,20,626,23,553
51,52,111,53,408,407,13,626
51,52,111,53,408,407,20,626
51,52,407,13,626
51,52,407,20,626
51,53,111,52,407,13,626
51,53,111,52,407,20,626
51,53,408,407,13,626
51,53,408,407,20,626
51,52,111,53,408,407,13,626,200
51,52,111,53,408,407,20,626,200
51,52,407,13,626,200
51,52,407,20,626,200
51,53,111,52,407,13,626,200
51,53,111,52,407,20,626,200
51,53,408,407,13,626,200
51,53,408,407,20,626,200
52,51,53
52,111,53
52,407,408,53
52,51,54
52,111,53,51,54
52,407,408,53,51,54
52,111
52,407,408,53,111
52,235
52,51,53,408,407,13,626,23,299
52,51,53,408,407,20,626,23,299
52,111,53,408,407,13,626,23,299
52,111,53,408,407,20,626,23,299
52,407,13,626,23,299
52,407,20,626,23,299
52,407
52,51,53,408,407,13
52,51,53,408,407,20,626,13
52,111,53,408,407,13
52,111,53,408,407,20,626,13
52,407,13
52,407,20,626,13
52,51,53,408,407,20
52,111,53,408,407,20
52,407,20
52,51,53,408
52,111,53,408
52,407,408
52,51,53,408,407,13,626,23,503
52,51,53,408,407,20,626,23,503
52,111,53,408,407,13,626,23,503
52,111,53,408,407,20,626,23,503
52,407,13,626,23,503
52,407,20,626,23,503
52,51,53,408,407,13,626,23,553
52,51,53,408,407,20,626,23,553
52,111,53,408,407,13,626,23,553
52,111,53,408,407,20,626,23,553
52,407,13,626,23,553
52,407,20,626,23,553
52,51,53,408,407,13,626
52,51,53,408,407,20,626
52,111,53,408,407,13,626
52,111,53,408,407,20,626
52,407,13,626
52,407,20,626
52,51,53,408,407,13,626,200
52,51,53,408,407,20,626,200
52,111,53,408,407,13,626,200
52,111,53,408,407,20,626,200
52,407,13,626,200
52,407,20,626,200
53,51,54
53,111
53,51,52,235
53,111,52,235
53,408,407,52,235
53,51,52,407,13,626,23,299
53,51,52,407,20,626,23,299
53,111,52,407,13,626,23,299
53,111,52,407,20,626,23,299
53,408,407,13,626,23,299
53,408,407,20,626,23,299
53,51,52,407
53,111,52,407
53,408,407
53,51,52,407,13
53,51,52,407,20,626,13
53,111,52,407,13
53,111,52,407,20,626,13
53,408,407,13
53,408,407,20,626,13
53,51,52,407,20
53,111,52,407,20
53,408,407,20
53,408
53,51,52,407,13,626,23,503
53,51,52,407,20,626,23,503
53,111,52,407,13,626,23,503
53,111,52,407,20,626,23,503
53,408,407,13,626,23,503
53,408,407,20,626,23,503
53,51,52,407,13,626,23,553
53,51,52,407,20,626,23,553
53,111,52,407,13,626,23,553
53,111,52,407,20,626,23,553
53,408,407,13,626,23,553
53,408,407,20,626,23,553
53,51,52,407,13,626
53,51,52,407,20,626
53,111,52,407,13,626
53,111,52,407,20,626
53,408,407,13,626
53,408,407,20,626
53,51,52,407,13,626,200
53,51,52,407,20,626,200
53,111,52,407,13,626,200
53,111,52,407,20,626,200
53,408,407,13,626,200
53,408,407,20,626,200
54,51,52,111
54,51,52,407,408,53,111
54,51,53,111
54,51,52,235
54,51,53,111,52,235
54,51,53,408,407,52,235
54,51,52,111,53,408,407,13,626,23,299
54,51,52,111,53,408,407,20,626,23,299
54,51,52,407,13,626,23,299
54,51,52,407,20,626,23,299
54,51,53,111,52,407,13,626,23,299
54,51,53,111,52,407,20,626,23,299
54,51,53,408,407,13,626,23,299
54,51,53,408,407,20,626,23,299
54,51,52,407
54,51,53,111,52,407
54,51,53,408,407
54,51,52,111,53,408,407,13
54,51,52,111,53,408,407,20,626,13
54,51,52,407,13
54,51,52,407,20,626,13
54,51,53,111,52,407,13
54,51,53,111,52,407,20,626,13
54,51,53,408,407,13
54,51,53,408,407,20,626,13
54,51,52,111,53,408,407,20
54,51,52,407,20
54,51,53,111,52,407,20
54,51,53,408,407,20
54,51,52,111,53,408
54,51,52,407,408
54,51,53,408
54,51,52,111,53,408,407,13,626,23,503
54,51,52,111,53,408,407,20,626,23,503
54,51,52,407,13,626,23,503
54,51,52,407,20,626,23,503
54,51,53,111,52,407,13,626,23,503
54,51,53,111,52,407,20,626,23,503
54,51,53,408,407,13,626,23,503
54,51,53,408,407,20,626,23,503
54,51,52,111,53,408,407,13,626,23,553
54,51,52,111,53,408,407,20,626,23,553
54,51,52,407,13,626,23,553
54,51,52,407,20,626,23,553
54,51,53,111,52,407,13,626,23,553
54,51,53,111,52,407,20,626,23,553
54,51,53,408,407,13,626,23,553
54,51,53,408,407,20,626,23,553
54,51,52,111,53,408,407,13,626
54,51,52,111,53,408,407,20,626
54,51,52,407,13,626
54,51,52,407,20,626
54,51,53,111,52,407,13,626
54,51,53,111,52,407,20,626
54,51,53,408,407,13,626
54,51,53,408,407,20,626
54,51,52,111,53,408,407,13,626,200
54,51,52,111,53,408,407,20,626,200
54,51,52,407,13,626,200
54,51,52,407,20,626,200
54,51,53,111,52,407,13,626,200
54,51,53,111,52,407,20,626,200
54,51,53,408,407,13,626,200
54,51,53,408,407,20,626,200
68,69
79,80
79,326,80
79,181
79,326
79,390
80,79,181
80,326,79,181
80,326
80,79,390
80,326,79,390
86,35
86,35,202
86,35,202,203
86,35,202,203,122
86,35,202,203,219
86,35,202,203,220
35,202
35,202,203
35,202,203,122
35,202,203,219
35,202,203,220
98,29,45,279,46,218
98,29,45,279,46,309,47,218
98,29,45,309,47,218
98,29,45,309,46,218
98,29,45,339,46,218
98,29,45,339,46,309,47,218
98,29,46,218
98,29,46,309,47,218
98,29,47,218
98,29,45,279
98,29,45,309,46,279
98,29,45,339,46,279
98,29,46,279
98,29,47,218,46,279
98,29,47,218,46,339,45,279
98,29,47,309,45,279
98,29,47,309,45,339,46,279
98,29,47,309,46,279
98,29,45,309
98,29,45,339,46,309
98,29,46,309
98,29,47,309
98,29,45,339
98,29,46,339
98,29,47,218,46,339
98,29,47,309,45,339
98,29,47,309,46,339
111,53,408,407,52,235
111,52,235
111,53,408,407,13,626,23,299
111,53,408,407,20,626,23,299
111,52,407,13,626,23,299
111,52,407,20,626,23,299
111,53,408,407
111,52,407
111,53,408,407,13
111,53,408,407,20,626,13
111,52,407,13
111,52,407,20,626,13
111,53,408,407,20
111,52,407,20
111,53,408
111,52,407,408
111,53,408,407,13,626,23,503
111,53,408,407,20,626,23,503
111,52,407,13,626,23,503
111,52,407,20,626,23,503
111,53,408,407,13,626,23,553
111,53,408,407,20,626,23,553
111,52,407,13,626,23,553
111,52,407,20,626,23,553
111,53,408,407,13,626
111,53,408,407,20,626
111,52,407,13,626
111,52,407,20,626
111,53,408,407,13,626,200
111,53,408,407,20,626,200
111,52,407,13,626,200
111,52,407,20,626,200
128,119
146,25
146,377
25,146,377
159,160
181,79,326
181,79,390
185,186
198,199
202,203
202,203,122
202,203,219
202,203,220
203,122
203,219
203,220
204,134
204,443
204,443,441
134,204,443
134,204,443,441
207,208
218,46,279
218,46,309,45,279
218,46,339,45,279
218,47,29,45,279
218,47,309,45,279
218,47,309,45,339,46,279
218,47,309,46,279
218,46,309
218,46,339,45,309
218,47,309
218,46,339
218,47,29,45,339
218,47,309,45,339
218,47,309,46,339
122,203,219
122,203,220
219,203,220
235,52,51,53,408,407,13,626,23,299
235,52,51,53,408,407,20,626,23,299
235,52,111,53,408,407,13,626,23,299
235,52,111,53,408,407,20,626,23,299
235,52,407,13,626,23,299
235,52,407,20,626,23,299
235,52,407
235,52,51,53,408,407,13
235,52,51,53,408,407,20,626,13
235,52,111,53,408,407,13
235,52,111,53,408,407,20,626,13
235,52,407,13
235,52,407,20,626,13
235,52,51,53,408,407,20
235,52,111,53,408,407,20
235,52,407,20
235,52,51,53,408
235,52,111,53,408
235,52,407,408
235,52,51,53,408,407,13,626,23,503
235,52,51,53,408,407,20,626,23,503
235,52,111,53,408,407,13,626,23,503
235,52,111,53,408,407,20,626,23,503
235,52,407,13,626,23,503
235,52,407,20,626,23,503
235,52,51,53,408,407,13,626,23,553
235,52,51,53,408,407,20,626,23,553
235,52,111,53,408,407,13,626,23,553
235,52,111,53,408,407,20,626,23,553
235,52,407,13,626,23,553
235,52,407,20,626,23,553
235,52,51,53,408,407,13,626
235,52,51,53,408,407,20,626
235,52,111,53,408,407,13,626
235,52,111,53,408,407,20,626
235,52,407,13,626
235,52,407,20,626
235,52,51,53,408,407,13,626,200
235,52,51,53,408,407,20,626,200
235,52,111,53,408,407,13,626,200
235,52,111,53,408,407,20,626,200
235,52,407,13,626,200
235,52,407,20,626,200
238,193
248,249
248,249,515
249,515
256,227
256,227,598,278,277
256,227,598,278
256,227,598
256,227,598,340
227,598,278,277
227,598,278
227,598
227,598,340
274,275
277,278
277,278,598
277,278,598,340
278,598
278,598,340
279,46,309
279,46,339,45,309
279,45,309
279,46,339
279,45,339
289,36
299,23,626,13,407
299,23,626,20,407
299,23,626,13
299,23,626,20,407,13
299,23,626,20
299,23,626,13,407,408
299,23,626,20,407,408
299,23,503
299,23,553
299,23,626
299,23,626,200
307,265
309,45,339
309,46,339
311,312
311,175,343,312
311,175,367,312
311,175
311,312,343
311,312,367,175,343
311,175,343
311,312,367
311,175,367
312,311,175
312,343,175
312,367,175
312,343
312,367,175,343
312,367
175,343
175,367
326,79,390
327,85
327,85,479
327,85,610
85,479
85,610
332,333
334,335
334,62
334,239
335,334,62
335,334,239
62,334,239
343,312,367
343,175,367
349,350
356,357
356,357,544
357,544
362,363
362,363,321,474
362,363,321
362,363,231
363,321,474
363,321
363,231
375,364
382,383
382,383,419
382,383,531
383,419
383,531
386,266
403,404
403,405
403,129
404,403,405
404,403,129
405,403,129
407,13
407,20,626,13
407,20
407,408
407,13,626,23,503
407,20,626,23,503
407,13,626,23,553
407,20,626,23,553
407,13,626
407,20,626
407,13,626,200
407,20,626,200
13,407,20
13,626,20
13,407,408
13,626,20,407,408
13,407,20,626,23,503
13,626,23,503
13,407,20,626,23,553
13,626,23,553
13,626
13,407,20,626,200
13,626,200
20,407,408
20,626,23,503
20,626,23,553
20,626
20,626,200
408,407,13,626,23,503
408,407,20,626,23,503
408,407,13,626,23,553
408,407,20,626,23,553
408,407,13,626
408,407,20,626
408,407,13,626,200
408,407,20,626,200
419,383,531
443,441
465,466
474,321
474,321,363,231
321,363,231
479,85,610
491,492
503,23,553
503,23,626
503,23,626,200
524,399
553,23,626
553,23,626,200
598,340
609,287
621,442
626,200
