14,15
14,183,4,19,20,15
14,183,4,150,395,19,20,15
14,183,4,395,19,20,15
14,15,20,19
14,183,4,19
14,183,4,150,395,19
14,183,4,395,19
14,15,20,19,4
14,15,20,19,395,4
14,15,20,19,395,150,4
14,183,4
14,15,20
14,183,4,19,20
14,183,4,150,395,19,20
14,183,4,395,19,20
14,15,20,19,4,150
14,15,20,19,395,150
14,183,4,150
14,183,4,395,150
14,15,20,19,4,183,182
14,15,20,19,395,4,183,182
14,15,20,19,395,150,4,183,182
14,183,182
14,183
14,15,20,19,4,183,197,196
14,15,20,19,395,4,183,197,196
14,15,20,19,395,150,4,183,197,196
14,183,197,196
14,15,20,19,4,183,197
14,15,20,19,395,4,183,197
14,15,20,19,395,150,4,183,197
14,183,197
14,15,20,19,4,183,294
14,15,20,19,395,4,183,294
14,15,20,19,395,150,4,183,294
14,183,294
14,15,20,19,4,183,197,196,347
14,15,20,19,395,4,183,197,196,347
14,15,20,19,395,150,4,183,197,196,347
14,183,197,196,347
14,15,20,19,4,183,197,196,347,168
14,15,20,19,395,4,183,197,196,347,168
14,15,20,19,395,150,4,183,197,196,347,168
14,183,197,196,347,168
14,15,20,19,395
14,183,4,395
14,15,20,19,4,150,395,24
14,15,20,19,4,395,24
14,15,20,19,395,24
14,183,4,19,395,24
14,183,4,150,395,24
14,183,4,395,24
14,15,20,19,4,150,395,233
14,15,20,19,4,395,233
14,15,20,19,395,233
14,183,4,19,395,233
14,183,4,150,395,233
14,183,4,395,233
15,14,183,4,19
15,14,183,4,150,395,19
15,14,183,4,395,19
15,20,19
15,14,183,4
15,20,19,4
15,20,19,395,4
15,20,19,395,150,4
15,20
15,14,183,4,150
15,14,183,4,395,150
15,20,19,4,150
15,20,19,395,150
15,14,183,182
15,20,19,4,183,182
15,20,19,395,4,183,182
15,20,19,395,150,4,183,182
15,14,183
15,20,19,4,183
15,20,19,395,4,183
15,20,19,395,150,4,183
15,14,183,197,196
15,20,19,4,183,197,196
15,20,19,395,4,183,197,196
15,20,19,395,150,4,183,197,196
15,14,183,197
15,20,19,4,183,197
15,20,19,395,4,183,197
15,20,19,395,150,4,183,197
15,14,183,294
15,20,19,4,183,294
15,20,19,395,4,183,294
15,20,19,395,150,4,183,294
15,14,183,197,196,347
15,20,19,4,183,197,196,347
15,20,19,395,4,183,197,196,347
15,20,19,395,150,4,183,197,196,347
15,14,183,197,196,347,168
15,20,19,4,183,197,196,347,168
15,20,19,395,4,183,197,196,347,168
15,20,19,395,150,4,183,197,196,347,168
15,14,183,4,395
15,20,19,395
15,14,183,4,19,395,24
15,14,183,4,150,395,24
15,14,183,4,395,24
15,20,19,4,150,395,24
15,20,19,4,395,24
15,20,19,395,24
15,14,183,4,19,395,233
15,14,183,4,150,395,233
15,14,183,4,395,233
15,20,19,4,150,395,233
15,20,19,4,395,233
15,20,19,395,233
16,17
19,4
19,395,4
19,395,150,4
19,20
19,4,150
19,20,15,14,183,4,150
19,395,150
19,4,183,182
19,20,15,14,183,182
19,395,4,183,182
19,395,150,4,183,182
19,4,183
19,20,15,14,183
19,395,4,183
19,395,150,4,183
19,4,183,197,196
19,20,15,14,183,197,196
19,395,4,183,197,196
19,395,150,4,183,197,196
19,4,183,197
19,20,15,14,183,197
19,395,4,183,197
19,395,150,4,183,197
19,4,183,294
19,20,15,14,183,294
19,395,4,183,294
19,395,150,4,183,294
19,4,183,197,196,347
19,20,15,14,183,197,196,347
19,395,4,183,197,196,347
19,395,150,4,183,197,196,347
19,4,183,197,196,347,168
19,20,15,14,183,197,196,347,168
19,395,4,183,197,196,347,168
19,395,150,4,183,197,196,347,168
19,395
19,4,150,395,24
19,4,395,24
19,20,15,14,183,4,150,395,24
19,20,15,14,183,4,395,24
19,395,24
19,4,150,395,233
19,4,395,233
19,20,15,14,183,4,150,395,233
19,20,15,14,183,4,395,233
19,395,233
4,19,20
4,150,395,19,20
4,183,14,15,20
4,395,19,20
4,150
4,395,150
4,183,182
4,183
4,183,197,196
4,183,197
4,183,294
4,183,197,196,347
4,183,197,196,347,168
4,395
4,150,395,24
4,395,24
4,150,395,233
4,395,233
20,19,4,150
20,19,395,150
20,15,14,183,4,150
20,15,14,183,4,395,150
20,19,4,183,182
20,19,395,4,183,182
20,19,395,150,4,183,182
20,15,14,183,182
20,19,4,183
20,19,395,4,183
20,19,395,150,4,183
20,15,14,183
20,19,4,183,197,196
20,19,395,4,183,197,196
20,19,395,150,4,183,197,196
20,15,14,183,197,196
20,19,4,183,197
20,19,395,4,183,197
20,19,395,150,4,183,197
20,15,14,183,197
20,19,4,183,294
20,19,395,4,183,294
20,19,395,150,4,183,294
20,15,14,183,294
20,19,4,183,197,196,347
20,19,395,4,183,197,196,347
20,19,395,150,4,183,197,196,347
20,15,14,183,197,196,347
20,19,4,183,197,196,347,168
20,19,395,4,183,197,196,347,168
20,19,395,150,4,183,197,196,347,168
20,15,14,183,197,196,347,168
20,19,395
20,15,14,183,4,395
20,19,4,150,395,24
20,19,4,395,24
20,19,395,24
20,15,14,183,4,150,395,24
20,15,14,183,4,395,24
20,19,4,150,395,233
20,19,4,395,233
20,19,395,233
20,15,14,183,4,150,395,233
20,15,14,183,4,395,233
28,29
40,41
40,41,155,162
40,41,162
40,41,155
40,41,244
41,155,162
41,162
41,155
41,244
45,46
45,46,106
45,46,125
45,46,125,126
45,46,278
45,46,383
45,46,387
46,106
46,125
46,125,126
46,278
46,383
46,387
48,49
56,23
71,33
71,33,359,360,241,242,158,156
71,33,158,156
71,33,359,360,241,242,158,156,157
71,33,158,156,157
71,33,359,360,241,242,158
71,33,158
71,33,359,360,241
71,33,158,242,241
71,33,359,360,241,242
71,33,158,242
71,33,359,360,241,242,305
71,33,158,242,305
71,33,339
71,33,359
71,33,359,360
71,33,158,242,241,360
71,33,359,360,241,242,158,382
71,33,158,382
71,33,359,360,241,242,158,382,391
71,33,158,382,391
71,33,359,360,241,242,414
71,33,158,242,414
33,359,360,241,242,158,156
33,158,156
33,359,360,241,242,158,156,157
33,158,156,157
33,359,360,241,242,158
33,158
33,359,360,241
33,158,242,241
33,359,360,241,242
33,158,242
33,359,360,241,242,305
33,158,242,305
33,339
33,359
33,359,360
33,158,242,241,360
33,359,360,241,242,158,382
33,158,382
33,359,360,241,242,158,382,391
33,158,382,391
33,359,360,241,242,414
33,158,242,414
78,69
79,80
79,81,177,82,80
79,81,203,80
79,82,177,81,203,80
79,82,80
79,81
79,82,177,81
79,82,80,203,81
79,9
79,82
79,80,203,81,177
79,80,82,177
79,81,177
79,82,177
79,80,203
79,81,203
79,82,177,81,203
79,82,80,203
79,80,203,81,324,323
79,80,82,177,81,324,323
79,81,324,323
79,82,177,81,324,323
79,82,80,203,81,324,323
79,80,203,81,324
79,80,82,177,81,324
79,81,324
79,82,177,81,324
79,82,80,203,81,324
80,79,81
80,203,81
80,82,79,81
80,82,177,81
80,79,9
80,203,81,79,9
80,203,81,177,82,79,9
80,82,79,9
80,82,177,81,79,9
80,203,81,177,82
80,82
80,79,81,177
80,203,81,177
80,82,177
80,203
80,79,81,324,323
80,203,81,324,323
80,82,79,81,324,323
80,82,177,81,324,323
80,79,81,324
80,203,81,324
80,82,79,81,324
80,82,177,81,324
81,79,9
81,177,82,79,9
81,203,80,82,79,9
81,79,82
81,177,82
81,203,80,82
81,177
81,203
81,324,323
81,324
9,79,82
9,79,80,203,81,177
9,79,80,82,177
9,79,81,177
9,79,82,177
9,79,80,203
9,79,81,203
9,79,82,177,81,203
9,79,82,80,203
9,79,80,203,81,324,323
9,79,80,82,177,81,324,323
9,79,81,324,323
9,79,82,177,81,324,323
9,79,82,80,203,81,324,323
9,79,80,203,81,324
9,79,80,82,177,81,324
9,79,81,324
9,79,82,177,81,324
9,79,82,80,203,81,324
82,177
82,79,81,203
82,177,81,203
82,80,203
82,79,81,324,323
82,177,81,324,323
82,80,203,81,324,323
82,79,81,324
82,177,81,324
82,80,203,81,324
87,88
87,426,231,133,132
87,426,132
87,426,231,133
87,426,132,133
87,426,231
87,426
87,426,357
88,87,426,231,133,132
88,87,426,132
88,87,426,231,133
88,87,426,132,133
88,87,426,231
88,87,426
88,87,426,357
92,93
92,94
92,95
92,96
92,27
92,97
93,92,94
93,92,95
93,92,96
93,92,27
93,92,97
94,92,95
94,92,96
94,92,27
94,92,97
95,92,96
95,92,27
95,92,97
96,92,27
96,92,97
27,92,97
100,101
106,46,125
106,46,125,126
106,46,278
106,46,383
106,46,387
117,118
117,118,376
117,118,413
118,376
118,413
119,120
125,126
125,46,278
125,46,383
125,46,387
126,125,46,278
126,125,46,383
126,125,46,387
130,131
132,133
132,426,231,133
132,133,231
132,426,231
132,426
132,133,231,426,357
132,426,357
133,231
133,132,426
133,231,426
133,132,426,357
133,231,426,357
135,136
135,136,257
135,136,388
136,257
136,388
138,139
138,8
138,139,406
139,138,8
139,406
8,138,139,406
142,143
142,173
143,142,173
146,147
146,147,277,276
146,147,277
147,277,276
147,277
148,149
148,191
149,148,191
150,4,19,20,15,14,183,182
150,4,183,182
150,395,4,183,182
150,395,19,20,15,14,183,182
150,4,183
150,395,4,183
150,395,19,20,15,14,183
150,4,19,20,15,14,183,197,196
150,4,183,197,196
150,395,4,183,197,196
150,395,19,20,15,14,183,197,196
150,4,19,20,15,14,183,197
150,4,183,197
150,395,4,183,197
150,395,19,20,15,14,183,197
150,4,19,20,15,14,183,294
150,4,183,294
150,395,4,183,294
150,395,19,20,15,14,183,294
150,4,19,20,15,14,183,197,196,347
150,4,183,197,196,347
150,395,4,183,197,196,347
150,395,19,20,15,14,183,197,196,347
150,4,19,20,15,14,183,197,196,347,168
150,4,183,197,196,347,168
150,395,4,183,197,196,347,168
150,395,19,20,15,14,183,197,196,347,168
150,395
150,395,24
150,395,233
156,157
156,158
156,158,33,359,360,241
156,158,242,241
156,158,242
156,158,33,359,360,241,242,305
156,158,242,305
156,158,33,339
156,158,242,241,360,359,33,339
156,158,33,359
156,158,242,241,360,359
156,158,33,359,360
156,158,242,241,360
156,158,382
156,158,382,391
156,158,33,359,360,241,242,414
156,158,242,414
157,156,158
157,156,158,33,359,360,241
157,156,158,242,241
157,156,158,242
157,156,158,33,359,360,241,242,305
157,156,158,242,305
157,156,158,33,339
157,156,158,242,241,360,359,33,339
157,156,158,33,359
157,156,158,242,241,360,359
157,156,158,33,359,360
157,156,158,242,241,360
157,156,158,382
157,156,158,382,391
157,156,158,33,359,360,241,242,414
157,156,158,242,414
158,33,359,360,241
158,242,241
158,242
158,33,359,360,241,242,305
158,242,305
158,33,339
158,242,241,360,359,33,339
158,33,359
158,242,241,360,359
158,33,359,360
158,242,241,360
158,382
158,382,391
158,33,359,360,241,242,414
158,242,414
159,160
159,160,343
159,160,453
160,343
160,453
162,155
162,155,41,244
162,41,244
155,41,244
163,164
177,81,203
177,82,79,80,203
177,82,80,203
177,81,324,323
177,82,79,80,203,81,324,323
177,82,80,203,81,324,323
177,81,324
177,82,79,80,203,81,324
177,82,80,203,81,324
182,183
182,183,197,196
182,183,197
182,183,294
182,183,197,196,347
182,183,197,196,347,168
182,183,4,395
182,183,14,15,20,19,395
182,183,4,19,395,24
182,183,4,150,395,24
182,183,4,395,24
182,183,14,15,20,19,4,150,395,24
182,183,14,15,20,19,4,395,24
182,183,14,15,20,19,395,24
182,183,4,19,395,233
182,183,4,150,395,233
182,183,4,395,233
182,183,14,15,20,19,4,150,395,233
182,183,14,15,20,19,4,395,233
182,183,14,15,20,19,395,233
183,197,196
183,197
183,294
183,197,196,347
183,197,196,347,168
183,4,395
183,14,15,20,19,395
183,4,19,395,24
183,4,150,395,24
183,4,395,24
183,14,15,20,19,395,24
183,4,19,395,233
183,4,150,395,233
183,4,395,233
183,14,15,20,19,395,233
184,176
185,186
185,187
185,68
186,185,187
186,185,68
187,185,68
188,189
194,195
196,197
196,197,183,294
196,347
196,347,168
196,197,183,4,395
196,197,183,14,15,20,19,395
196,197,183,4,19,395,24
196,197,183,4,150,395,24
196,197,183,4,395,24
196,197,183,14,15,20,19,4,150,395,24
196,197,183,14,15,20,19,4,395,24
196,197,183,14,15,20,19,395,24
196,197,183,4,19,395,233
196,197,183,4,150,395,233
196,197,183,4,395,233
196,197,183,14,15,20,19,4,150,395,233
196,197,183,14,15,20,19,4,395,233
196,197,183,14,15,20,19,395,233
197,183,294
197,196,347
197,196,347,168
197,183,4,395
197,183,14,15,20,19,395
197,183,4,19,395,24
197,183,4,150,395,24
197,183,4,395,24
197,183,14,15,20,19,4,150,395,24
197,183,14,15,20,19,4,395,24
197,183,14,15,20,19,395,24
197,183,4,19,395,233
197,183,4,150,395,233
197,183,4,395,233
197,183,14,15,20,19,4,150,395,233
197,183,14,15,20,19,4,395,233
197,183,14,15,20,19,395,233
203,81,324,323
203,81,324
211,212
211,329,212
211,329
211,212,329,330
211,212,329,331,330
211,329,330
211,329,331,330
211,212,329,234
211,329,234
211,212,329,331
211,329,331
212,329
212,329,330
212,329,331,330
212,329,234
212,329,331
221,107
229,99
231,426
231,426,357
238,239
238,240
238,298
238,362
238,430
239,238,240
239,238,298
239,238,362
239,238,430
240,238,298
240,238,362
240,238,430
241,242
241,242,305
241,242,158,33,339
241,360,359,33,339
241,242,158,33,359
241,360,359
241,360
241,242,158,382
241,360,359,33,158,382
241,242,158,382,391
241,360,359,33,158,382,391
241,242,414
242,305
242,241,360,359,33,339
242,158,33,339
242,241,360,359
242,158,33,359
242,241,360
242,158,33,359,360
242,158,382
242,158,382,391
242,414
243,32
243,265
32,243,265
253,254
253,341
254,253,341
273,274
273,274,325
274,325
276,277
278,46,383
278,46,387
280,281
289,290
291,292
291,270
291,292,297
292,291,270
292,297
270,291,292,297
298,238,362
298,238,430
300,301
305,242,241,360,359,33,339
305,242,158,33,339
305,242,241,360,359
305,242,158,33,359
305,242,241,360
305,242,158,33,359,360
305,242,241,360,359,33,158,382
305,242,158,382
305,242,241,360,359,33,158,382,391
305,242,158,382,391
305,242,414
316,317
316,318
316,319
316,145
317,316,318
317,316,319
317,316,145
318,316,319
318,316,145
319,316,145
323,324
328,227
329,330
329,331,330
329,234
329,331
330,329,234
330,331,329,234
330,331
234,329,331
337,338
339,33,359
339,33,359,360
339,33,158,242,241,360
339,33,359,360,241,242,158,382
339,33,158,382
339,33,359,360,241,242,158,382,391
339,33,158,382,391
339,33,359,360,241,242,414
339,33,158,242,414
294,183,197,196,347
294,183,197,196,347,168
294,183,4,395
294,183,14,15,20,19,395
294,183,4,19,395,24
294,183,4,150,395,24
294,183,4,395,24
294,183,14,15,20,19,4,150,395,24
294,183,14,15,20,19,4,395,24
294,183,14,15,20,19,395,24
294,183,4,19,395,233
294,183,4,150,395,233
294,183,4,395,233
294,183,14,15,20,19,4,150,395,233
294,183,14,15,20,19,4,395,233
294,183,14,15,20,19,395,233
257,136,388
343,160,453
347,168
347,196,197,183,4,395
347,196,197,183,14,15,20,19,395
347,196,197,183,4,19,395,24
347,196,197,183,4,150,395,24
347,196,197,183,4,395,24
347,196,197,183,14,15,20,19,4,150,395,24
347,196,197,183,14,15,20,19,4,395,24
347,196,197,183,14,15,20,19,395,24
347,196,197,183,4,19,395,233
347,196,197,183,4,150,395,233
347,196,197,183,4,395,233
347,196,197,183,14,15,20,19,4,150,395,233
347,196,197,183,14,15,20,19,4,395,233
347,196,197,183,14,15,20,19,395,233
168,347,196,197,183,4,395
168,347,196,197,183,14,15,20,19,395
168,347,196,197,183,4,19,395,24
168,347,196,197,183,4,150,395,24
168,347,196,197,183,4,395,24
168,347,196,197,183,14,15,20,19,4,150,395,24
168,347,196,197,183,14,15,20,19,4,395,24
168,347,196,197,183,14,15,20,19,395,24
168,347,196,197,183,4,19,395,233
168,347,196,197,183,4,150,395,233
168,347,196,197,183,4,395,233
168,347,196,197,183,14,15,20,19,4,150,395,233
168,347,196,197,183,14,15,20,19,4,395,233
168,347,196,197,183,14,15,20,19,395,233
353,89
359,360
359,360,241,242,158,382
359,33,158,382
359,360,241,242,158,382,391
359,33,158,382,391
359,360,241,242,414
359,33,158,242,414
360,359,33,158,382
360,241,242,158,382
360,359,33,158,382,391
360,241,242,158,382,391
360,359,33,158,242,414
360,241,242,414
361,38
362,238,430
369,66
376,118,413
378,332
382,391
382,158,33,359,360,241,242,414
382,158,242,414
383,46,387
386,279
391,382,158,33,359,360,241,242,414
391,382,158,242,414
394,365
395,24
395,233
24,395,233
396,112
424,42
426,357
435,436
435,436,31
435,436,427
436,31
436,427
444,224
31,436,427
