5,6
8,9
8,9,80
8,9,350
8,9,475
9,80
9,350
9,475
22,23
22,23,236
22,23,277
22,23,277,399,398
22,23,277,399
22,23,453
22,23,277,399,27
23,236
23,277
23,277,399,398
23,277,399
23,453
23,277,399,27
24,25
24,25,62
24,25,202
24,25,217
24,25,251
24,25,261
25,62
25,202
25,217
25,251
25,261
31,32
31,33,165,32
31,33,290,32
31,33,408,32
31,290,32
31,290,33,165,32
31,290,33,408,32
31,408,32
31,408,33,165,32
31,33
31,290,33
31,408,33
31,32,165
31,33,165
31,290,32,165
31,290,32,408,33,165
31,290,33,165
31,408,32,165
31,408,33,165
31,256
31,290
31,408,32,290
31,408,33,290
31,32,165,33,290,291
31,32,290,291
31,32,408,33,290,291
31,33,290,291
31,290,291
31,408,32,165,33,290,291
31,408,32,290,291
31,408,33,290,291
31,32,154
31,33,165,32,154
31,33,290,32,154
31,33,408,32,154
31,290,32,154
31,290,33,165,32,154
31,290,33,408,32,154
31,408,32,154
31,408,33,165,32,154
31,408
32,31,33
32,165,33
32,290,33
32,408,33
32,165
32,290,33,165
32,408,33,165
32,31,256
32,165,33,31,256
32,165,33,290,31,256
32,165,33,408,31,256
32,290,31,256
32,290,33,31,256
32,290,33,408,31,256
32,408,33,31,256
32,408,31,256
32,290
32,408,33,290
32,31,33,290,291
32,165,33,290,291
32,290,291
32,408,33,290,291
32,154
32,408
33,165
33,31,256
33,290,31,256
33,408,31,256
33,290
33,290,291
33,31,32,154
33,165,32,154
33,290,32,154
33,408,32,154
33,408
35,36
35,36,153
35,36,381
35,36,390
36,153
36,381
36,390
45,46
45,47,254,46
45,47,451,46
45,47,466,46
45,47
45,46,254,47,106
45,46,451,47,106
45,46,466,47,106
45,47,106
45,46,254
45,46,451,47,254
45,46,466,47,254
45,47,254
45,46,361,274
45,46,361,362,274
45,47,254,46,361,274
45,47,254,46,361,362,274
45,47,451,46,361,274
45,47,451,46,361,362,274
45,47,466,46,361,274
45,47,466,46,361,362,274
45,46,361,274,275
45,46,361,362,274,275
45,47,254,46,361,274,275
45,47,254,46,361,362,274,275
45,47,451,46,361,274,275
45,47,451,46,361,362,274,275
45,47,466,46,361,274,275
45,47,466,46,361,362,274,275
45,46,361
45,47,254,46,361
45,47,451,46,361
45,47,466,46,361
45,46,361,362
45,47,254,46,361,362
45,47,451,46,361,362
45,47,466,46,361,362
45,46,451
45,46,466,47,451
45,47,451
45,46,466
45,47,466
46,45,47
46,254,47
46,451,47
46,466,47
46,45,47,106
46,254,47,106
46,451,47,106
46,466,47,106
46,254
46,451,47,254
46,466,47,254
46,361,274
46,361,362,274
46,361,274,275
46,361,362,274,275
46,361
46,361,362
46,451
46,466,47,451
46,466
47,106
47,254
47,45,46,361,274
47,45,46,361,362,274
47,254,46,361,274
47,254,46,361,362,274
47,451,46,361,274
47,451,46,361,362,274
47,466,46,361,274
47,466,46,361,362,274
47,45,46,361,274,275
47,45,46,361,362,274,275
47,254,46,361,274,275
47,254,46,361,362,274,275
47,451,46,361,274,275
47,451,46,361,362,274,275
47,466,46,361,274,275
47,466,46,361,362,274,275
47,45,46,361
47,254,46,361
47,451,46,361
47,466,46,361
47,45,46,361,362
47,254,46,361,362
47,451,46,361,362
47,466,46,361,362
47,451
47,466
62,25,202
62,25,217
62,25,251
62,25,261
72,73
75,76
75,76,323
75,76,507
76,323
76,507
80,9,350
80,9,475
84,85
84,86,159,85
84,86
84,85,159
84,86,159
84,454,413,215
84,454,243,216,215
84,454,216,215
84,454,413,215,216
84,454,243,216
84,454,216
84,454,413,215,216,243
84,454,243
84,85,87
84,86,159,85,87
84,85,30
84,86,159,85,30
84,85,107
84,86,159,85,107
84,85,339
84,86,159,85,339
84,454,413
84,454
84,454,201
85,84,86
85,159,86
85,159
85,84,454,413,215
85,84,454,243,216,215
85,84,454,216,215
85,159,86,84,454,413,215
85,159,86,84,454,243,216,215
85,159,86,84,454,216,215
85,84,454,413,215,216
85,84,454,243,216
85,84,454,216
85,159,86,84,454,413,215,216
85,159,86,84,454,243,216
85,159,86,84,454,216
85,84,454,413,215,216,243
85,84,454,243
85,159,86,84,454,413,215,216,243
85,159,86,84,454,243
85,87
85,30
85,107
85,339
85,84,454,413
85,159,86,84,454,413
85,84,454
85,159,86,84,454
85,84,454,201
85,159,86,84,454,201
86,159
86,84,454,413,215
86,84,454,243,216,215
86,84,454,216,215
86,84,454,413,215,216
86,84,454,243,216
86,84,454,216
86,84,454,413,215,216,243
86,84,454,243
86,84,85,87
86,159,85,87
86,84,85,30
86,159,85,30
86,84,85,107
86,159,85,107
86,84,85,339
86,159,85,339
86,84,454,413
86,84,454
86,84,454,201
99,100
99,100,182,183,162,160
99,100,182,183,78,500,499,161,160
99,100,182,183,472,160
99,100,162,160
99,100,162,183,78,500,499,161,160
99,100,162,183,472,160
99,100,452,183,162,160
99,100,452,183,78,500,499,161,160
99,100,452,183,472,160
99,100,472,160
99,100,472,183,78,500,499,161,160
99,100,499,161,160
99,100,499,500,78,183,162,160
99,100,499,500,78,183,472,160
99,100,500,499,161,160
99,100,500,78,183,162,160
99,100,500,78,183,472,160
99,100,182,183,162,160,161
99,100,182,183,78,500,499,161
99,100,182,183,472,160,161
99,100,162,160,161
99,100,162,160,472,183,78,500,499,161
99,100,162,183,78,500,499,161
99,100,162,183,472,160,161
99,100,452,183,162,160,161
99,100,452,183,78,500,499,161
99,100,452,183,472,160,161
99,100,472,160,161
99,100,472,183,78,500,499,161
99,100,499,161
99,100,500,499,161
99,100,500,78,183,162,160,161
99,100,500,78,183,472,160,161
99,100,182,183,162
99,100,182,183,78,500,499,161,160,162
99,100,182,183,472,160,162
99,100,162
99,100,452,183,162
99,100,452,183,78,500,499,161,160,162
99,100,452,183,472,160,162
99,100,472,160,162
99,100,472,183,162
99,100,499,161,160,162
99,100,499,161,160,472,183,162
99,100,499,500,78,183,162
99,100,499,500,78,183,472,160,162
99,100,500,499,161,160,162
99,100,500,499,161,160,472,183,162
99,100,500,78,183,162
99,100,500,78,183,472,160,162
99,100,182
99,100,452,183,182
99,100,472,160,161,499,500,78,183,182
99,100,472,183,182
99,100,499,161,160,162,183,182
99,100,499,161,160,472,183,182
99,100,499,500,78,183,182
99,100,500,499,161,160,162,183,182
99,100,500,499,161,160,472,183,182
99,100,500,78,183,182
99,100,182,183
99,100,162,183
99,100,452,183
99,100,472,183
99,100,499,161,160,162,183
99,100,499,161,160,472,183
99,100,499,500,78,183
99,100,500,499,161,160,162,183
99,100,500,499,161,160,472,183
99,100,500,78,183
99,100,182,183,78
99,100,162,160,161,499,500,78
99,100,162,160,472,183,78
99,100,162,183,78
99,100,452,183,78
99,100,452,183,472,160,161,499,500,78
99,100,472,160,161,499,500,78
99,100,472,183,78
99,100,499,161,160,162,183,78
99,100,499,161,160,472,183,78
99,100,499,500,78
99,100,500,78
99,100,452
99,100,472,183,452
99,100,499,161,160,162,183,452
99,100,499,161,160,472,183,452
99,100,499,500,78,183,452
99,100,500,499,161,160,162,183,452
99,100,500,499,161,160,472,183,452
99,100,500,78,183,452
99,100,472
99,100,499,161,160,472
99,100,499,500,78,183,472
99,100,500,499,161,160,472
99,100,500,78,183,472
99,100,499
99,100,500,499
99,100,500
100,182,183,162,160
100,182,183,78,500,499,161,160
100,182,183,472,160
100,162,160
100,162,183,78,500,499,161,160
100,162,183,472,160
100,452,183,162,160
100,452,183,78,500,499,161,160
100,452,183,472,160
100,472,160
100,472,183,78,500,499,161,160
100,499,161,160
100,499,500,78,183,162,160
100,499,500,78,183,472,160
100,500,499,161,160
100,500,78,183,162,160
100,500,78,183,472,160
100,182,183,162,160,161
100,182,183,78,500,499,161
100,182,183,472,160,161
100,162,160,161
100,162,160,472,183,78,500,499,161
100,162,183,78,500,499,161
100,162,183,472,160,161
100,452,183,162,160,161
100,452,183,78,500,499,161
100,452,183,472,160,161
100,472,160,161
100,472,183,78,500,499,161
100,499,161
100,500,499,161
100,500,78,183,162,160,161
100,500,78,183,472,160,161
100,182,183,162
100,182,183,78,500,499,161,160,162
100,182,183,472,160,162
100,162
100,452,183,162
100,452,183,78,500,499,161,160,162
100,452,183,472,160,162
100,472,160,162
100,472,183,162
100,499,161,160,162
100,499,161,160,472,183,162
100,499,500,78,183,162
100,499,500,78,183,472,160,162
100,500,499,161,160,162
100,500,499,161,160,472,183,162
100,500,78,183,162
100,500,78,183,472,160,162
100,182
100,452,183,182
100,472,160,161,499,500,78,183,182
100,472,183,182
100,499,161,160,162,183,182
100,499,161,160,472,183,182
100,499,500,78,183,182
100,500,499,161,160,162,183,182
100,500,499,161,160,472,183,182
100,500,78,183,182
100,182,183
100,162,183
100,452,183
100,472,183
100,499,161,160,162,183
100,499,161,160,472,183
100,499,500,78,183
100,500,499,161,160,162,183
100,500,499,161,160,472,183
100,500,78,183
100,182,183,78
100,162,160,161,499,500,78
100,162,160,472,183,78
100,162,183,78
100,452,183,78
100,452,183,472,160,161,499,500,78
100,472,160,161,499,500,78
100,472,183,78
100,499,161,160,162,183,78
100,499,161,160,472,183,78
100,499,500,78
100,500,78
100,452
100,472,183,452
100,499,161,160,162,183,452
100,499,161,160,472,183,452
100,499,500,78,183,452
100,500,499,161,160,162,183,452
100,500,499,161,160,472,183,452
100,500,78,183,452
100,472
100,499,161,160,472
100,499,500,78,183,472
100,500,499,161,160,472
100,500,78,183,472
100,499
100,500,499
100,500
102,103
102,104
102,103,184
102,103,184,387,198,197
102,103,184,198,197
102,103,184,387,198
102,103,184,198
102,103,184,67
102,103,184,387,198,228
102,103,184,198,228
102,103,184,387,198,245,244
102,103,184,198,245,244
102,103,184,387,198,245
102,103,184,198,245
102,103,184,387
102,103,184,391
103,102,104
103,184
103,184,387,198,197
103,184,198,197
103,184,387,198
103,184,198
103,184,67
103,184,387,198,228
103,184,198,228
103,184,387,198,245,244
103,184,198,245,244
103,184,387,198,245
103,184,198,245
103,184,387
103,184,391
104,102,103,184
104,102,103,184,387,198,197
104,102,103,184,198,197
104,102,103,184,387,198
104,102,103,184,198
104,102,103,184,67
104,102,103,184,387,198,228
104,102,103,184,198,228
104,102,103,184,387,198,245,244
104,102,103,184,198,245,244
104,102,103,184,387,198,245
104,102,103,184,198,245
104,102,103,184,387
104,102,103,184,391
106,47,254
106,47,451,46,254
106,47,466,46,254
106,47,45,46,361,274
106,47,45,46,361,362,274
106,47,254,46,361,274
106,47,254,46,361,362,274
106,47,451,46,361,274
106,47,451,46,361,362,274
106,47,466,46,361,274
106,47,466,46,361,362,274
106,47,45,46,361,274,275
106,47,45,46,361,362,274,275
106,47,254,46,361,274,275
106,47,254,46,361,362,274,275
106,47,451,46,361,274,275
106,47,451,46,361,362,274,275
106,47,466,46,361,274,275
106,47,466,46,361,362,274,275
106,47,45,46,361
106,47,254,46,361
106,47,451,46,361
106,47,466,46,361
106,47,45,46,361,362
106,47,254,46,361,362
106,47,451,46,361,362
106,47,466,46,361,362
106,47,451
106,47,466,46,451
106,47,466
109,110
109,110,122
109,110,158
109,110,174
109,110,231
109,110,264
109,110,289
109,110,331
109,110,346
109,110,379
109,110,409
109,110,439
109,110,445
109,110,450
109,110,457
109,110,460
110,122
110,158
110,174
110,231
110,264
110,289
110,331
110,346
110,379
110,409
110,439
110,445
110,450
110,457
110,460
114,115
114,116,115
114,116
114,115,116,133
114,116,133
115,116
115,116,133
116,133
122,110,158
122,110,174
122,110,231
122,110,264
122,110,289
122,110,331
122,110,346
122,110,379
122,110,409
122,110,439
122,110,445
122,110,450
122,110,457
122,110,460
131,125
136,137
143,144
145,146
145,464,146
145,464,340,146
145,147
145,146,340
145,464,340
145,146,340,286
145,146,464,340,286
145,464,340,286
145,146,340,311
145,146,464,340,311
145,464,340,311
145,146,340,341
145,146,464,340,341
145,464,340,341
145,464
146,145,147
146,340,464,145,147
146,464,145,147
146,340
146,464,340
146,340,286
146,464,340,286
146,340,311
146,464,340,311
146,340,341
146,464,340,341
146,464
147,145,146,340
147,145,464,340
147,145,146,340,286
147,145,146,464,340,286
147,145,464,340,286
147,145,146,340,311
147,145,146,464,340,311
147,145,464,340,311
147,145,146,340,341
147,145,146,464,340,341
147,145,464,340,341
147,145,464
150,151
150,119,239,151
150,152,239,151
150,119
150,152,239,119
150,152
150,151,239
150,119,239
150,152,239
151,150,119
151,150,152,239,119
151,239,119
151,150,152
151,239,152
151,239
119,150,152
119,239,152
119,239
152,239
153,36,381
153,36,390
155,156
158,110,174
158,110,231
158,110,264
158,110,289
158,110,331
158,110,346
158,110,379
158,110,409
158,110,439
158,110,445
158,110,450
158,110,457
158,110,460
159,86,84,454,413,215
159,86,84,454,243,216,215
159,86,84,454,216,215
159,85,84,454,413,215
159,85,84,454,243,216,215
159,85,84,454,216,215
159,86,84,454,413,215,216
159,86,84,454,243,216
159,86,84,454,216
159,85,84,454,413,215,216
159,85,84,454,243,216
159,85,84,454,216
159,86,84,454,413,215,216,243
159,86,84,454,243
159,85,84,454,413,215,216,243
159,85,84,454,243
159,85,87
159,85,30
159,85,107
159,85,339
159,86,84,454,413
159,85,84,454,413
159,86,84,454
159,85,84,454
159,86,84,454,201
159,85,84,454,201
160,161
160,162,183,78,500,499,161
160,472,183,78,500,499,161
160,162
160,472,183,162
160,161,499,100,182
160,161,499,100,452,183,182
160,161,499,500,100,182
160,161,499,500,100,452,183,182
160,161,499,500,78,183,182
160,161,499,500,78,183,452,100,182
160,162,100,182
160,162,100,452,183,182
160,162,100,499,500,78,183,182
160,162,100,500,78,183,182
160,162,183,182
160,472,100,182
160,472,100,452,183,182
160,472,100,499,500,78,183,182
160,472,100,500,78,183,182
160,472,183,182
160,161,499,100,182,183
160,161,499,100,452,183
160,161,499,100,500,78,183
160,161,499,500,100,182,183
160,161,499,500,100,452,183
160,161,499,500,78,183
160,162,183
160,472,183
160,161,499,100,182,183,78
160,161,499,100,452,183,78
160,161,499,100,500,78
160,161,499,500,78
160,162,100,182,183,78
160,162,100,452,183,78
160,162,100,499,500,78
160,162,100,500,78
160,162,183,78
160,162,183,452,100,499,500,78
160,162,183,452,100,500,78
160,472,100,182,183,78
160,472,100,452,183,78
160,472,100,499,500,78
160,472,100,500,78
160,472,183,78
160,472,183,452,100,499,500,78
160,472,183,452,100,500,78
160,161,499,100,452
160,161,499,500,100,452
160,161,499,500,78,183,452
160,162,100,452
160,162,183,452
160,472,100,452
160,472,183,452
160,472
160,161,499
160,162,100,499
160,162,100,500,499
160,162,183,182,100,499
160,162,183,182,100,500,499
160,162,183,78,500,499
160,162,183,452,100,499
160,162,183,452,100,500,499
160,162,183,472,100,499
160,162,183,472,100,500,499
160,472,100,499
160,472,100,500,499
160,472,183,182,100,499
160,472,183,182,100,500,499
160,472,183,78,500,499
160,472,183,452,100,499
160,472,183,452,100,500,499
160,161,499,500
160,162,100,500
160,162,183,182,100,500
160,162,183,78,500
160,162,183,452,100,500
160,162,183,472,100,500
160,472,100,500
160,472,183,182,100,500
160,472,183,78,500
160,472,183,452,100,500
161,160,162
161,160,472,100,182,183,162
161,160,472,100,162
161,160,472,100,452,183,162
161,160,472,100,500,78,183,162
161,160,472,183,162
161,499,100,182,183,162
161,499,100,182,183,472,160,162
161,499,100,162
161,499,100,452,183,162
161,499,100,452,183,472,160,162
161,499,100,472,160,162
161,499,100,472,183,162
161,499,500,100,182,183,162
161,499,500,100,182,183,472,160,162
161,499,500,100,162
161,499,500,100,452,183,162
161,499,500,100,452,183,472,160,162
161,499,500,100,472,160,162
161,499,500,100,472,183,162
161,499,500,78,183,182,100,162
161,499,500,78,183,182,100,472,160,162
161,499,500,78,183,162
161,499,500,78,183,452,100,162
161,499,500,78,183,452,100,472,160,162
161,499,500,78,183,472,160,162
161,499,500,78,183,472,100,162
161,160,162,100,182
161,160,162,100,452,183,182
161,160,162,100,500,78,183,182
161,160,162,183,182
161,160,472,100,182
161,160,472,100,452,183,182
161,160,472,100,500,78,183,182
161,160,472,183,182
161,499,100,182
161,499,100,452,183,182
161,499,100,472,183,182
161,499,500,100,182
161,499,500,100,452,183,182
161,499,500,100,472,183,182
161,499,500,78,183,182
161,499,500,78,183,452,100,182
161,499,500,78,183,472,100,182
161,160,162,183
161,160,472,183
161,499,100,182,183
161,499,100,162,183
161,499,100,452,183
161,499,100,472,183
161,499,100,500,78,183
161,499,500,100,182,183
161,499,500,100,162,183
161,499,500,100,452,183
161,499,500,100,472,183
161,499,500,78,183
161,160,162,100,182,183,78
161,160,162,100,452,183,78
161,160,162,100,472,183,78
161,160,162,100,500,78
161,160,162,183,78
161,160,162,183,452,100,500,78
161,160,472,100,182,183,78
161,160,472,100,452,183,78
161,160,472,100,500,78
161,160,472,183,78
161,160,472,183,452,100,500,78
161,499,100,182,183,78
161,499,100,162,160,472,183,78
161,499,100,162,183,78
161,499,100,452,183,78
161,499,100,472,183,78
161,499,100,500,78
161,499,500,78
161,160,162,100,452
161,160,162,183,452
161,160,472,100,452
161,160,472,183,452
161,499,100,452
161,499,100,472,183,452
161,499,500,100,452
161,499,500,100,472,183,452
161,499,500,78,183,452
161,499,500,78,183,472,100,452
161,160,472
161,499,100,472
161,499,500,100,472
161,499,500,78,183,472
161,499
161,160,162,100,500
161,160,162,183,182,100,500
161,160,162,183,78,500
161,160,162,183,452,100,500
161,160,162,183,472,100,500
161,160,472,100,500
161,160,472,183,182,100,500
161,160,472,183,78,500
161,160,472,183,452,100,500
161,499,500
162,160,161,499,100,182
162,160,161,499,100,452,183,182
162,160,161,499,500,100,182
162,160,161,499,500,100,452,183,182
162,160,161,499,500,78,183,182
162,160,161,499,500,78,183,452,100,182
162,160,472,100,182
162,160,472,100,452,183,182
162,160,472,100,499,500,78,183,182
162,160,472,100,500,78,183,182
162,160,472,183,182
162,100,182
162,100,452,183,182
162,100,472,183,182
162,100,499,500,78,183,182
162,100,500,78,183,182
162,183,182
162,183
162,160,161,499,100,182,183,78
162,160,161,499,100,452,183,78
162,160,161,499,500,78
162,160,472,100,182,183,78
162,160,472,100,452,183,78
162,160,472,100,499,500,78
162,160,472,100,500,78
162,160,472,183,78
162,160,472,183,452,100,499,500,78
162,160,472,183,452,100,500,78
162,100,182,183,78
162,100,452,183,78
162,100,472,160,161,499,500,78
162,100,472,183,78
162,100,499,500,78
162,100,500,78
162,183,78
162,183,452,100,499,500,78
162,183,452,100,500,78
162,183,472,100,499,500,78
162,183,472,100,500,78
162,160,161,499,100,452
162,160,161,499,500,100,452
162,160,161,499,500,78,183,452
162,160,472,100,452
162,160,472,183,452
162,100,452
162,100,472,183,452
162,183,452
162,160,472
162,100,472
162,183,472
162,160,161,499
162,160,472,100,499
162,160,472,100,500,499
162,160,472,183,182,100,499
162,160,472,183,182,100,500,499
162,160,472,183,78,500,499
162,160,472,183,452,100,499
162,160,472,183,452,100,500,499
162,100,499
162,100,500,499
162,183,182,100,499
162,183,182,100,500,499
162,183,78,500,499
162,183,452,100,499
162,183,452,100,500,499
162,183,472,160,161,499
162,183,472,100,499
162,183,472,100,500,499
162,160,161,499,500
162,160,472,100,500
162,160,472,183,182,100,500
162,160,472,183,78,500
162,160,472,183,452,100,500
162,100,500
162,183,182,100,500
162,183,78,500
162,183,452,100,500
162,183,472,160,161,499,500
162,183,472,100,500
165,32,31,256
165,32,290,31,256
165,32,290,33,408,31,256
165,32,408,31,256
165,33,31,256
165,33,290,31,256
165,33,408,31,256
165,32,290
165,32,408,33,290
165,32,408,31,290
165,33,290
165,33,408,31,290
165,32,31,290,291
165,32,290,291
165,32,408,33,290,291
165,32,408,31,290,291
165,33,31,290,291
165,33,290,291
165,33,408,31,290,291
165,32,154
165,33,290,32,154
165,33,290,31,408,32,154
165,33,408,32,154
165,32,408
165,33,408
170,171
170,172,456,376,171
170,172,456,238,171
170,172
170,171,376,456,238
170,171,238
170,172,456,376,171,238
170,172,456,238
170,171,296,295
170,172,456,376,171,296,295
170,172,456,238,171,296,295
170,171,296
170,172,456,376,171,296
170,172,456,238,171,296
170,171,376
170,172,456,376
170,171,376,456
170,171,238,456
170,172,456
171,170,172
171,376,456,172
171,238,456,172
171,376,456,238
171,238
171,296,295
171,296
171,376
171,170,172,456
171,376,456
171,238,456
172,170,171,238
172,456,376,171,238
172,456,238
172,170,171,296,295
172,456,376,171,296,295
172,456,238,171,296,295
172,170,171,296
172,456,376,171,296
172,456,238,171,296
172,170,171,376
172,456,376
172,456
174,110,231
174,110,264
174,110,289
174,110,331
174,110,346
174,110,379
174,110,409
174,110,439
174,110,445
174,110,450
174,110,457
174,110,460
177,178
177,178,358
177,178,421
178,358
178,421
182,183
182,100,162,160,161,499,500,78
182,100,452,183,78
182,100,452,183,472,160,161,499,500,78
182,100,472,160,161,499,500,78
182,100,472,183,78
182,100,499,161,160,472,183,78
182,100,499,500,78
182,100,500,78
182,183,78
182,183,452,100,499,500,78
182,183,452,100,500,78
182,183,472,160,161,499,500,78
182,183,472,100,499,500,78
182,183,472,100,500,78
182,100,452
182,100,472,183,452
182,100,499,161,160,472,183,452
182,100,500,499,161,160,472,183,452
182,183,452
182,100,472
182,100,499,161,160,472
182,100,500,499,161,160,472
182,183,472
182,100,499
182,100,500,499
182,183,162,160,161,499
182,183,78,500,499
182,183,452,100,499
182,183,452,100,500,499
182,183,472,160,161,499
182,183,472,100,499
182,183,472,100,500,499
182,100,500
182,183,162,160,161,499,500
182,183,78,500
182,183,452,100,500
182,183,472,160,161,499,500
182,183,472,100,500
183,78
183,452
183,472
183,182,100,499
183,182,100,500,499
183,162,160,161,499
183,162,100,499
183,162,100,500,499
183,78,500,499
183,452,100,499
183,452,100,500,499
183,472,160,161,499
183,472,100,499
183,472,100,500,499
183,182,100,500
183,162,160,161,499,500
183,162,100,500
183,78,500
183,452,100,500
183,472,160,161,499,500
183,472,100,500
184,387,198,197
184,198,197
184,387,198
184,198
184,67
184,387,198,228
184,198,228
184,387,198,245,244
184,198,245,244
184,387,198,245
184,198,245
184,387
184,391
191,192
191,193
192,191,193
195,196
195,196,513
196,513
197,198
197,198,387,184,67
197,198,184,67
197,198,228
197,198,245,244
197,198,245
197,198,387
197,198,387,184,391
197,198,184,391
198,387,184,67
198,184,67
198,228
198,245,244
198,245
198,387
198,387,184,391
198,184,391
202,25,217
202,25,251
202,25,261
215,216
215,413,454,243,216
215,413,454,216
215,216,243
215,216,454,243
215,413,454,243
215,216,243,454,84,85,87
215,216,243,454,84,86,159,85,87
215,216,454,84,85,87
215,216,454,84,86,159,85,87
215,413,454,84,85,87
215,413,454,84,86,159,85,87
215,216,243,454,84,85,30
215,216,243,454,84,86,159,85,30
215,216,454,84,85,30
215,216,454,84,86,159,85,30
215,413,454,84,85,30
215,413,454,84,86,159,85,30
215,216,243,454,84,85,107
215,216,243,454,84,86,159,85,107
215,216,454,84,85,107
215,216,454,84,86,159,85,107
215,413,454,84,85,107
215,413,454,84,86,159,85,107
215,216,243,454,84,85,339
215,216,243,454,84,86,159,85,339
215,216,454,84,85,339
215,216,454,84,86,159,85,339
215,413,454,84,85,339
215,413,454,84,86,159,85,339
215,413
215,216,454
215,413,454
215,216,243,454,201
215,216,454,201
215,413,454,201
216,243
216,454,243
216,215,413,454,84,85,87
216,215,413,454,84,86,159,85,87
216,243,454,84,85,87
216,243,454,84,86,159,85,87
216,454,84,85,87
216,454,84,86,159,85,87
216,215,413,454,84,85,30
216,215,413,454,84,86,159,85,30
216,243,454,84,85,30
216,243,454,84,86,159,85,30
216,454,84,85,30
216,454,84,86,159,85,30
216,215,413,454,84,85,107
216,215,413,454,84,86,159,85,107
216,243,454,84,85,107
216,243,454,84,86,159,85,107
216,454,84,85,107
216,454,84,86,159,85,107
216,215,413,454,84,85,339
216,215,413,454,84,86,159,85,339
216,243,454,84,85,339
216,243,454,84,86,159,85,339
216,454,84,85,339
216,454,84,86,159,85,339
216,215,413
216,243,454,413
216,454,413
216,454
216,215,413,454,201
216,243,454,201
216,454,201
217,25,251
217,25,261
67,184,387,198,228
67,184,198,228
67,184,387,198,245,244
67,184,198,245,244
67,184,387,198,245
67,184,198,245
67,184,387
67,184,391
228,198,245,244
228,198,245
228,198,387
228,198,387,184,391
228,198,184,391
231,110,264
231,110,289
231,110,331
231,110,346
231,110,379
231,110,409
231,110,439
231,110,445
231,110,450
231,110,457
231,110,460
233,93
233,139,281,93
233,139,336,93
233,139
233,93,281
233,93,336,139,281
233,139,281
233,93,336
233,139,336
93,233,139
93,281,139
93,336,139
93,281
93,336,139,281
93,336
139,281
139,336
236,23,277
236,23,277,399,398
236,23,277,399
236,23,453
236,23,277,399,27
238,171,296,295
238,456,376,171,296,295
238,171,296
238,456,376,171,296
238,171,376
238,456,376
238,456
243,216,215,413,454,84,85,87
243,216,215,413,454,84,86,159,85,87
243,454,84,85,87
243,454,84,86,159,85,87
243,216,215,413,454,84,85,30
243,216,215,413,454,84,86,159,85,30
243,454,84,85,30
243,454,84,86,159,85,30
243,216,215,413,454,84,85,107
243,216,215,413,454,84,86,159,85,107
243,454,84,85,107
243,454,84,86,159,85,107
243,216,215,413,454,84,85,339
243,216,215,413,454,84,86,159,85,339
243,454,84,85,339
243,454,84,86,159,85,339
243,216,215,413
243,454,413
243,454
243,216,215,413,454,201
243,454,201
244,245
244,245,198,387
244,245,198,387,184,391
244,245,198,184,391
245,198,387
245,198,387,184,391
245,198,184,391
251,25,261
254,46,361,274
254,46,361,362,274
254,47,451,46,361,274
254,47,451,46,361,362,274
254,47,466,46,361,274
254,47,466,46,361,362,274
254,46,361,274,275
254,46,361,362,274,275
254,47,451,46,361,274,275
254,47,451,46,361,362,274,275
254,47,466,46,361,274,275
254,47,466,46,361,362,274,275
254,46,361
254,47,451,46,361
254,47,466,46,361
254,46,361,362
254,47,451,46,361,362
254,47,466,46,361,362
254,46,451
254,46,466,47,451
254,47,451
254,46,466
254,47,466
256,31,290
256,31,408,32,290
256,31,408,33,290
256,31,32,165,33,290,291
256,31,32,290,291
256,31,32,408,33,290,291
256,31,33,290,291
256,31,290,291
256,31,408,32,165,33,290,291
256,31,408,32,290,291
256,31,408,33,290,291
256,31,32,154
256,31,33,165,32,154
256,31,33,290,32,154
256,31,33,408,32,154
256,31,290,32,154
256,31,290,33,165,32,154
256,31,290,33,408,32,154
256,31,408,32,154
256,31,408,33,165,32,154
256,31,408
259,168
259,168,301
259,168,301,300
259,168,301,401
259,168,301,427
168,301
168,301,300
168,301,401
168,301,427
264,110,289
264,110,331
264,110,346
264,110,379
264,110,409
264,110,439
264,110,445
264,110,450
264,110,457
264,110,460
274,275
274,361
274,362,361
274,362
274,361,46,451
274,361,46,466,47,451
274,362,361,46,451
274,362,361,46,466,47,451
274,361,46,466
274,362,361,46,466
275,274,361
275,274,362,361
275,274,362
275,274,361,46,451
275,274,361,46,466,47,451
275,274,362,361,46,451
275,274,362,361,46,466,47,451
275,274,361,46,466
275,274,362,361,46,466
277,399,398
277,399
277,23,453
277,399,27
281,93,336
281,139,336
289,110,331
289,110,346
289,110,379
289,110,409
289,110,439
289,110,445
289,110,450
289,110,457
289,110,460
290,291
290,32,154
290,31,408,32,154
290,33,408,32,154
290,32,408
290,31,408
290,33,408
291,290,32,154
291,290,31,32,154
291,290,31,33,165,32,154
291,290,31,33,408,32,154
291,290,31,408,32,154
291,290,31,408,33,165,32,154
291,290,33,31,32,154
291,290,33,165,32,154
291,290,33,408,32,154
291,290,32,408
291,290,31,408
291,290,33,408
292,293
295,296
295,296,171,376
295,296,171,170,172,456
295,296,171,376,456
295,296,171,238,456
296,171,376
296,171,170,172,456
296,171,376,456
296,171,238,456
301,300
301,401
301,427
300,301,401
300,301,427
323,76,507
331,110,346
331,110,379
331,110,409
331,110,439
331,110,445
331,110,450
331,110,457
331,110,460
154,32,408
87,85,30
87,85,107
87,85,339
87,85,84,454,413
87,85,159,86,84,454,413
87,85,84,454
87,85,159,86,84,454
87,85,84,454,201
87,85,159,86,84,454,201
30,85,107
30,85,339
30,85,84,454,413
30,85,159,86,84,454,413
30,85,84,454
30,85,159,86,84,454
30,85,84,454,201
30,85,159,86,84,454,201
107,85,339
107,85,84,454,413
107,85,159,86,84,454,413
107,85,84,454
107,85,159,86,84,454
107,85,84,454,201
107,85,159,86,84,454,201
339,85,84,454,413
339,85,159,86,84,454,413
339,85,84,454
339,85,159,86,84,454
339,85,84,454,201
339,85,159,86,84,454,201
340,286
340,311
340,341
340,464
286,340,311
286,340,341
286,340,464
311,340,341
311,340,464
341,340,464
343,344
343,223
344,343,223
346,110,379
346,110,409
346,110,439
346,110,445
346,110,450
346,110,457
346,110,460
350,9,475
358,178,421
361,362
361,46,451
361,46,466,47,451
361,46,466
362,361,46,451
362,361,46,466,47,451
362,361,46,466
376,456
379,110,409
379,110,439
379,110,445
379,110,450
379,110,457
379,110,460
381,36,390
387,184,391
394,297
394,380
297,394,380
398,399
398,399,277,23,453
398,399,27
399,277,23,453
399,27
401,301,427
409,110,439
409,110,445
409,110,450
409,110,457
409,110,460
78,183,452
78,183,472,160,161,499,100,452
78,183,472,100,452
78,500,499,100,452
78,500,499,100,472,183,452
78,500,499,161,160,162,100,452
78,500,499,161,160,472,100,452
78,500,499,161,160,472,183,452
78,500,100,452
78,500,100,472,183,452
78,183,472
78,500,499,100,472
78,500,499,161,160,472
78,500,100,472
78,183,182,100,499
78,183,162,160,161,499
78,183,162,160,472,100,499
78,183,162,100,499
78,183,452,100,499
78,183,472,160,161,499
78,183,472,100,499
78,500,499
78,500
413,454
413,454,201
425,83
439,110,445
439,110,450
439,110,457
439,110,460
445,110,450
445,110,457
445,110,460
450,110,457
450,110,460
451,46,466
451,47,466
452,100,472
452,100,499,161,160,472
452,100,500,499,161,160,472
452,183,472
452,100,499
452,100,500,499
452,183,162,160,161,499
452,183,78,500,499
452,183,472,160,161,499
452,183,472,100,499
452,183,472,100,500,499
452,100,500
452,183,162,160,161,499,500
452,183,78,500
452,183,472,160,161,499,500
452,183,472,100,500
453,23,277,399,27
454,201
457,110,460
467,356
469,430
472,160,161,499
472,100,499
472,100,500,499
472,183,78,500,499
472,160,161,499,500
472,100,500
472,183,78,500
499,500
