16,17
16,187,4,21,22,17
16,187,4,153,395,21,22,17
16,187,4,395,21,22,17
16,17,22,21
16,187,4,21
16,187,4,153,395,21
16,187,4,395,21
16,17,22,21,4
16,17,22,21,395,4
16,17,22,21,395,153,4
16,187,4
16,17,22
16,187,4,21,22
16,187,4,153,395,21,22
16,187,4,395,21,22
16,17,22,21,4,153
16,17,22,21,395,153
16,187,4,153
16,187,4,395,153
16,17,22,21,4,187,186
16,17,22,21,395,4,187,186
16,17,22,21,395,153,4,187,186
16,187,186
16,187
16,17,22,21,4,187,201,200
16,17,22,21,395,4,187,201,200
16,17,22,21,395,153,4,187,201,200
16,187,201,200
16,17,22,21,4,187,201
16,17,22,21,395,4,187,201
16,17,22,21,395,153,4,187,201
16,187,201
16,17,22,21,4,187,299
16,17,22,21,395,4,187,299
16,17,22,21,395,153,4,187,299
16,187,299
16,17,22,21,4,187,201,200,350
16,17,22,21,395,4,187,201,200,350
16,17,22,21,395,153,4,187,201,200,350
16,187,201,200,350
16,17,22,21,4,187,201,200,350,170
16,17,22,21,395,4,187,201,200,350,170
16,17,22,21,395,153,4,187,201,200,350,170
16,187,201,200,350,170
16,17,22,21,395
16,187,4,395
16,17,22,21,4,153,395,26
16,17,22,21,4,395,26
16,17,22,21,395,26
16,187,4,21,395,26
16,187,4,153,395,26
16,187,4,395,26
16,17,22,21,4,153,395,238
16,17,22,21,4,395,238
16,17,22,21,395,238
16,187,4,21,395,238
16,187,4,153,395,238
16,187,4,395,238
17,16,187,4,21
17,16,187,4,153,395,21
17,16,187,4,395,21
17,22,21
17,16,187,4
17,22,21,4
17,22,21,395,4
17,22,21,395,153,4
17,22
17,16,187,4,153
17,16,187,4,395,153
17,22,21,4,153
17,22,21,395,153
17,16,187,186
17,22,21,4,187,186
17,22,21,395,4,187,186
17,22,21,395,153,4,187,186
17,16,187
17,22,21,4,187
17,22,21,395,4,187
17,22,21,395,153,4,187
17,16,187,201,200
17,22,21,4,187,201,200
17,22,21,395,4,187,201,200
17,22,21,395,153,4,187,201,200
17,16,187,201
17,22,21,4,187,201
17,22,21,395,4,187,201
17,22,21,395,153,4,187,201
17,16,187,299
17,22,21,4,187,299
17,22,21,395,4,187,299
17,22,21,395,153,4,187,299
17,16,187,201,200,350
17,22,21,4,187,201,200,350
17,22,21,395,4,187,201,200,350
17,22,21,395,153,4,187,201,200,350
17,16,187,201,200,350,170
17,22,21,4,187,201,200,350,170
17,22,21,395,4,187,201,200,350,170
17,22,21,395,153,4,187,201,200,350,170
17,16,187,4,395
17,22,21,395
17,16,187,4,21,395,26
17,16,187,4,153,395,26
17,16,187,4,395,26
17,22,21,4,153,395,26
17,22,21,4,395,26
17,22,21,395,26
17,16,187,4,21,395,238
17,16,187,4,153,395,238
17,16,187,4,395,238
17,22,21,4,153,395,238
17,22,21,4,395,238
17,22,21,395,238
18,19
21,4
21,395,4
21,395,153,4
21,22
21,4,153
21,22,17,16,187,4,153
21,395,153
21,4,187,186
21,22,17,16,187,186
21,395,4,187,186
21,395,153,4,187,186
21,4,187
21,22,17,16,187
21,395,4,187
21,395,153,4,187
21,4,187,201,200
21,22,17,16,187,201,200
21,395,4,187,201,200
21,395,153,4,187,201,200
21,4,187,201
21,22,17,16,187,201
21,395,4,187,201
21,395,153,4,187,201
21,4,187,299
21,22,17,16,187,299
21,395,4,187,299
21,395,153,4,187,299
21,4,187,201,200,350
21,22,17,16,187,201,200,350
21,395,4,187,201,200,350
21,395,153,4,187,201,200,350
21,4,187,201,200,350,170
21,22,17,16,187,201,200,350,170
21,395,4,187,201,200,350,170
21,395,153,4,187,201,200,350,170
21,395
21,4,153,395,26
21,4,395,26
21,22,17,16,187,4,153,395,26
21,22,17,16,187,4,395,26
21,395,26
21,4,153,395,238
21,4,395,238
21,22,17,16,187,4,153,395,238
21,22,17,16,187,4,395,238
21,395,238
4,21,22
4,153,395,21,22
4,187,16,17,22
4,395,21,22
4,153
4,395,153
4,187,186
4,187
4,187,201,200
4,187,201
4,187,299
4,187,201,200,350
4,187,201,200,350,170
4,395
4,153,395,26
4,395,26
4,153,395,238
4,395,238
22,21,4,153
22,21,395,153
22,17,16,187,4,153
22,17,16,187,4,395,153
22,21,4,187,186
22,21,395,4,187,186
22,21,395,153,4,187,186
22,17,16,187,186
22,21,4,187
22,21,395,4,187
22,21,395,153,4,187
22,17,16,187
22,21,4,187,201,200
22,21,395,4,187,201,200
22,21,395,153,4,187,201,200
22,17,16,187,201,200
22,21,4,187,201
22,21,395,4,187,201
22,21,395,153,4,187,201
22,17,16,187,201
22,21,4,187,299
22,21,395,4,187,299
22,21,395,153,4,187,299
22,17,16,187,299
22,21,4,187,201,200,350
22,21,395,4,187,201,200,350
22,21,395,153,4,187,201,200,350
22,17,16,187,201,200,350
22,21,4,187,201,200,350,170
22,21,395,4,187,201,200,350,170
22,21,395,153,4,187,201,200,350,170
22,17,16,187,201,200,350,170
22,21,395
22,17,16,187,4,395
22,21,4,153,395,26
22,21,4,395,26
22,21,395,26
22,17,16,187,4,153,395,26
22,17,16,187,4,395,26
22,21,4,153,395,238
22,21,4,395,238
22,21,395,238
22,17,16,187,4,153,395,238
22,17,16,187,4,395,238
30,31
43,44
43,44,158,162
43,44,162
43,44,158
43,44,249
44,158,162
44,162
44,158
44,249
48,49
48,49,108
48,49,129
48,49,129,130
48,49,285
48,49,384
48,49,388
49,108
49,129
49,129,130
49,285
49,384
49,388
51,52
58,25
73,35
73,35,361,362,246
73,35,383,247,246
73,35,361,362,246,247
73,35,383,247
73,35,361,362,246,247,310
73,35,383,247,310
73,35,342
73,35,361
73,35,383,247,246,362,361
73,35,361,362
73,35,383,247,246,362
73,35,361,362,246,247,383,382
73,35,383,382
73,35,383
73,35,361,362,246,247,383,382,391
73,35,383,382,391
73,35,361,362,246,247,413
73,35,383,247,413
73,35,361,362,246,247,383,422
73,35,383,422
73,35,361,362,246,247,383,422,423
73,35,383,422,423
35,361,362,246
35,383,247,246
35,361,362,246,247
35,383,247
35,361,362,246,247,310
35,383,247,310
35,342
35,361
35,383,247,246,362,361
35,361,362
35,383,247,246,362
35,361,362,246,247,383,382
35,383,382
35,383
35,361,362,246,247,383,382,391
35,383,382,391
35,361,362,246,247,413
35,383,247,413
35,361,362,246,247,383,422
35,383,422
35,361,362,246,247,383,422,423
35,383,422,423
78,71
79,80
79,81,180,82,80
79,81,209,80
79,82,180,81,209,80
79,82,80
79,81
79,82,180,81
79,82,80,209,81
79,11
79,82
79,80,209,81,180
79,80,82,180
79,81,180
79,82,180
79,80,209
79,81,209
79,82,180,81,209
79,82,80,209
79,80,209,81,328,327
79,80,82,180,81,328,327
79,81,328,327
79,82,180,81,328,327
79,82,80,209,81,328,327
79,80,209,81,328
79,80,82,180,81,328
79,81,328
79,82,180,81,328
79,82,80,209,81,328
80,79,81
80,209,81
80,82,79,81
80,82,180,81
80,79,11
80,209,81,79,11
80,209,81,180,82,79,11
80,82,79,11
80,82,180,81,79,11
80,209,81,180,82
80,82
80,79,81,180
80,209,81,180
80,82,180
80,209
80,79,81,328,327
80,209,81,328,327
80,82,79,81,328,327
80,82,180,81,328,327
80,79,81,328
80,209,81,328
80,82,79,81,328
80,82,180,81,328
81,79,11
81,180,82,79,11
81,209,80,82,79,11
81,79,82
81,180,82
81,209,80,82
81,180
81,209
81,328,327
81,328
11,79,82
11,79,80,209,81,180
11,79,80,82,180
11,79,81,180
11,79,82,180
11,79,80,209
11,79,81,209
11,79,82,180,81,209
11,79,82,80,209
11,79,80,209,81,328,327
11,79,80,82,180,81,328,327
11,79,81,328,327
11,79,82,180,81,328,327
11,79,82,80,209,81,328,327
11,79,80,209,81,328
11,79,80,82,180,81,328
11,79,81,328
11,79,82,180,81,328
11,79,82,80,209,81,328
82,180
82,79,81,209
82,180,81,209
82,80,209
82,79,81,328,327
82,180,81,328,327
82,80,209,81,328,327
82,79,81,328
82,180,81,328
82,80,209,81,328
87,88
87,427,237,137,136
87,427,136
87,427,237,137
87,427,136,137
87,427,237
87,427
87,427,359
88,87,427,237,137,136
88,87,427,136
88,87,427,237,137
88,87,427,136,137
88,87,427,237
88,87,427
88,87,427,359
94,95
94,96
94,97
94,98
94,29
94,99
95,94,96
95,94,97
95,94,98
95,94,29
95,94,99
96,94,97
96,94,98
96,94,29
96,94,99
97,94,98
97,94,29
97,94,99
98,94,29
98,94,99
29,94,99
102,103
108,49,129
108,49,129,130
108,49,285
108,49,384
108,49,388
121,122
121,122,377
121,122,412
122,377
122,412
123,124
129,130
129,49,285
129,49,384
129,49,388
130,129,49,285
130,129,49,384
130,129,49,388
134,135
136,137
136,427,237,137
136,137,237
136,427,237
136,427
136,137,237,427,359
136,427,359
137,237
137,136,427
137,237,427
137,136,427,359
137,237,427,359
139,140
139,140,268
139,140,263
140,268
140,263
142,143
142,10
142,143,406
143,142,10
143,406
10,142,143,406
145,146
145,176
146,145,176
149,150
149,150,284,283
149,150,284
150,284,283
150,284
151,152
151,195
152,151,195
153,4,21,22,17,16,187,186
153,4,187,186
153,395,4,187,186
153,395,21,22,17,16,187,186
153,4,187
153,395,4,187
153,395,21,22,17,16,187
153,4,21,22,17,16,187,201,200
153,4,187,201,200
153,395,4,187,201,200
153,395,21,22,17,16,187,201,200
153,4,21,22,17,16,187,201
153,4,187,201
153,395,4,187,201
153,395,21,22,17,16,187,201
153,4,21,22,17,16,187,299
153,4,187,299
153,395,4,187,299
153,395,21,22,17,16,187,299
153,4,21,22,17,16,187,201,200,350
153,4,187,201,200,350
153,395,4,187,201,200,350
153,395,21,22,17,16,187,201,200,350
153,4,21,22,17,16,187,201,200,350,170
153,4,187,201,200,350,170
153,395,4,187,201,200,350,170
153,395,21,22,17,16,187,201,200,350,170
153,395
153,395,26
153,395,238
159,160
159,160,347
159,160,453
160,347
160,453
162,158
162,158,44,249
162,44,249
158,44,249
163,164
180,81,209
180,82,79,80,209
180,82,80,209
180,81,328,327
180,82,79,80,209,81,328,327
180,82,80,209,81,328,327
180,81,328
180,82,79,80,209,81,328
180,82,80,209,81,328
186,187
186,187,201,200
186,187,201
186,187,299
186,187,201,200,350
186,187,201,200,350,170
186,187,4,395
186,187,16,17,22,21,395
186,187,4,21,395,26
186,187,4,153,395,26
186,187,4,395,26
186,187,16,17,22,21,4,153,395,26
186,187,16,17,22,21,4,395,26
186,187,16,17,22,21,395,26
186,187,4,21,395,238
186,187,4,153,395,238
186,187,4,395,238
186,187,16,17,22,21,4,153,395,238
186,187,16,17,22,21,4,395,238
186,187,16,17,22,21,395,238
187,201,200
187,201
187,299
187,201,200,350
187,201,200,350,170
187,4,395
187,16,17,22,21,395
187,4,21,395,26
187,4,153,395,26
187,4,395,26
187,16,17,22,21,395,26
187,4,21,395,238
187,4,153,395,238
187,4,395,238
187,16,17,22,21,395,238
188,179
189,190
189,191
189,70
190,189,191
190,189,70
191,189,70
192,193
198,199
200,201
200,201,187,299
200,350
200,350,170
200,201,187,4,395
200,201,187,16,17,22,21,395
200,201,187,4,21,395,26
200,201,187,4,153,395,26
200,201,187,4,395,26
200,201,187,16,17,22,21,4,153,395,26
200,201,187,16,17,22,21,4,395,26
200,201,187,16,17,22,21,395,26
200,201,187,4,21,395,238
200,201,187,4,153,395,238
200,201,187,4,395,238
200,201,187,16,17,22,21,4,153,395,238
200,201,187,16,17,22,21,4,395,238
200,201,187,16,17,22,21,395,238
201,187,299
201,200,350
201,200,350,170
201,187,4,395
201,187,16,17,22,21,395
201,187,4,21,395,26
201,187,4,153,395,26
201,187,4,395,26
201,187,16,17,22,21,4,153,395,26
201,187,16,17,22,21,4,395,26
201,187,16,17,22,21,395,26
201,187,4,21,395,238
201,187,4,153,395,238
201,187,4,395,238
201,187,16,17,22,21,4,153,395,238
201,187,16,17,22,21,4,395,238
201,187,16,17,22,21,395,238
209,81,328,327
209,81,328
218,219
218,333,219
218,333
218,219,333,334
218,219,333,335,334
218,333,334
218,333,335,334
218,219,333,240
218,333,240
218,219,333,335
218,333,335
219,333
219,333,334
219,333,335,334
219,333,240
219,333,335
226,109
235,101
237,427
237,427,359
243,244
243,245
243,303
243,364
243,431
244,243,245
244,243,303
244,243,364
244,243,431
245,243,303
245,243,364
245,243,431
246,247
246,247,310
246,362,361,35,383,247,310
246,247,383,35,342
246,362,361,35,342
246,247,383,35,361
246,362,361
246,362
246,247,383,382
246,362,361,35,383,382
246,247,383
246,362,361,35,383
246,247,383,382,391
246,362,361,35,383,382,391
246,247,413
246,362,361,35,383,247,413
246,247,383,422
246,362,361,35,383,422
246,247,383,422,423
246,362,361,35,383,422,423
247,310
247,246,362,361,35,342
247,383,35,342
247,246,362,361
247,383,35,361
247,246,362
247,383,35,361,362
247,383,382
247,383
247,383,382,391
247,413
247,383,422
247,383,422,423
248,34
248,272
34,248,272
250,251
259,260
259,345
260,259,345
268,140,263
280,281
280,281,329
281,329
283,284
285,49,384
285,49,388
294,295
296,297
296,277
296,297,302
297,296,277
297,302
277,296,297,302
303,243,364
303,243,431
305,306
310,247,246,362,361,35,342
310,247,383,35,342
310,247,246,362,361
310,247,383,35,361
310,247,246,362
310,247,383,35,361,362
310,247,246,362,361,35,383,382
310,247,383,382
310,247,383
310,247,246,362,361,35,383,382,391
310,247,383,382,391
310,247,413
310,247,246,362,361,35,383,422
310,247,383,422
310,247,246,362,361,35,383,422,423
310,247,383,422,423
320,321
320,322
320,323
320,148
321,320,322
321,320,323
321,320,148
322,320,323
322,320,148
323,320,148
327,328
332,233
333,334
333,335,334
333,240
333,335
334,333,240
334,335,333,240
334,335
240,333,335
340,341
342,35,361
342,35,383,247,246,362,361
342,35,361,362
342,35,383,247,246,362
342,35,361,362,246,247,383,382
342,35,383,382
342,35,383
342,35,361,362,246,247,383,382,391
342,35,383,382,391
342,35,361,362,246,247,413
342,35,383,247,413
342,35,361,362,246,247,383,422
342,35,383,422
342,35,361,362,246,247,383,422,423
342,35,383,422,423
299,187,201,200,350
299,187,201,200,350,170
299,187,4,395
299,187,16,17,22,21,395
299,187,4,21,395,26
299,187,4,153,395,26
299,187,4,395,26
299,187,16,17,22,21,4,153,395,26
299,187,16,17,22,21,4,395,26
299,187,16,17,22,21,395,26
299,187,4,21,395,238
299,187,4,153,395,238
299,187,4,395,238
299,187,16,17,22,21,4,153,395,238
299,187,16,17,22,21,4,395,238
299,187,16,17,22,21,395,238
347,160,453
350,170
350,200,201,187,4,395
350,200,201,187,16,17,22,21,395
350,200,201,187,4,21,395,26
350,200,201,187,4,153,395,26
350,200,201,187,4,395,26
350,200,201,187,16,17,22,21,4,153,395,26
350,200,201,187,16,17,22,21,4,395,26
350,200,201,187,16,17,22,21,395,26
350,200,201,187,4,21,395,238
350,200,201,187,4,153,395,238
350,200,201,187,4,395,238
350,200,201,187,16,17,22,21,4,153,395,238
350,200,201,187,16,17,22,21,4,395,238
350,200,201,187,16,17,22,21,395,238
170,350,200,201,187,4,395
170,350,200,201,187,16,17,22,21,395
170,350,200,201,187,4,21,395,26
170,350,200,201,187,4,153,395,26
170,350,200,201,187,4,395,26
170,350,200,201,187,16,17,22,21,4,153,395,26
170,350,200,201,187,16,17,22,21,4,395,26
170,350,200,201,187,16,17,22,21,395,26
170,350,200,201,187,4,21,395,238
170,350,200,201,187,4,153,395,238
170,350,200,201,187,4,395,238
170,350,200,201,187,16,17,22,21,4,153,395,238
170,350,200,201,187,16,17,22,21,4,395,238
170,350,200,201,187,16,17,22,21,395,238
355,89
361,362
361,362,246,247,383,382
361,35,383,382
361,362,246,247,383
361,35,383
361,362,246,247,383,382,391
361,35,383,382,391
361,362,246,247,413
361,35,383,247,413
361,362,246,247,383,422
361,35,383,422
361,362,246,247,383,422,423
361,35,383,422,423
362,361,35,383,382
362,246,247,383,382
362,361,35,383
362,246,247,383
362,361,35,383,382,391
362,246,247,383,382,391
362,361,35,383,247,413
362,246,247,413
362,361,35,383,422
362,246,247,383,422
362,361,35,383,422,423
362,246,247,383,422,423
363,40
364,243,431
371,68
377,122,412
379,336
382,383
382,391
382,383,35,361,362,246,247,413
382,383,247,413
382,383,422
382,383,422,423
383,382,391
383,247,413
383,422
383,422,423
384,49,388
387,286
391,382,383,35,361,362,246,247,413
391,382,383,247,413
391,382,383,422
391,382,383,422,423
394,367
395,26
395,238
26,395,238
396,115
413,247,246,362,361,35,383,422
413,247,383,422
413,247,246,362,361,35,383,422,423
413,247,383,422,423
422,423
425,45
427,359
437,438
437,438,33
437,438,428
438,33
438,428
444,230
33,438,428
