[67, 68, 132, 69]
[318, 11]
[45, 7]
[151, 152]
[296, 11]
[295, 5]
[194, 4, 168]
[261, 85, 53]
[221, 194, 4, 16, 168]
[253, 254]
[126, 4, 5]
[146, 55, 56]
[313, 4]
[89, 90, 136]
[54, 4, 5]
[99, 5]
[117, 118]
[211, 212]
[277, 233]
[50, 51, 75]
[8, 4, 5]
[98, 60]
[67, 68, 205, 132, 69]
[4, 16, 168]
[26, 276]
[89, 90]
[93, 142, 19, 20]
[21, 177]
[153, 105, 106]
[283, 51]
[352, 40, 349]
[36, 60]
[126, 4, 16, 168]
[46, 47]
[185, 186]
[194, 17, 53]
[62, 63]
[274, 67, 68, 69, 292]
[68, 196]
[178, 45]
[340, 11]
[201, 11]
[4, 16]
[37, 291, 292]
[78, 79]
[194, 17, 45]
[21, 29, 30]
[74, 88]
[44, 85, 53]
[49, 12, 13]
[69, 70]
[93, 142, 20]
[227, 228]
[237, 64, 2, 3]
[87, 47]
[44, 45, 7]
[194, 60]
[280, 155]
[189, 74]
[313, 4, 168]
[368, 115]
[274, 67, 68, 369]
[22, 203]
[39, 40, 349]
[93, 142, 153, 105, 132]
[221, 194, 17, 53]
[274, 67, 68, 163, 164]
[178, 45, 7]
[240, 241]
[221, 194, 4, 16]
[265, 67, 68, 205, 132, 70]
[179, 180]
[257, 258, 262]
[358, 81]
[116, 24]
[93, 142]
[114, 115]
[188, 374]
[274, 64, 2]
[274, 67, 68, 132, 69, 292]
[314, 77]
[179, 193]
[221, 194, 4, 5]
[172, 93, 142, 153, 105, 132, 69, 70]
[86, 4, 54]
[187, 188, 374]
[68, 69, 292]
[183, 135]
[265, 67, 68, 205, 132]
[98, 4]
[306, 307, 109, 164]
[21, 22]
[142, 218]
[363, 115]
[86, 53]
[346, 4, 16]
[194, 17, 357]
[112, 11]
[333, 276]
[68, 163]
[67, 68, 132, 69, 292]
[73, 74, 88]
[128, 11]
[120, 326]
[221, 194, 4, 168]
[98, 176, 4, 16]
[366, 367]
[221, 194, 60]
[2, 3]
[195, 55]
[36, 4, 16]
[161, 53]
[205, 132, 69]
[84, 24]
[274, 67, 68, 69, 70]
[67, 68, 163, 164]
[67, 68, 132]
[37, 240]
[191, 242]
[172, 93, 142, 153, 105, 106]
[274, 67, 68, 106]
[105, 132, 69, 70]
[131, 80]
[221, 194, 17, 290]
[141, 11]
[346, 4, 168]
[68, 205, 106]
[274, 67, 68, 132, 205]
[54, 4, 16]
[29, 30]
[142, 20]
[67, 68, 132, 205]
[266, 279]
[42, 43]
[266, 267]
[311, 312]
[132, 69, 70]
[172, 93, 142, 153, 105, 132, 70]
[16, 168]
[306, 307, 109, 251]
[278, 7]
[54, 4, 16, 168]
[64, 2, 251]
[44, 85]
[221, 194, 17, 45]
[129, 130]
[36, 4, 5]
[172, 93, 107]
[274, 64, 293]
[313, 4, 16]
[156, 157]
[172, 93, 142, 218]
[265, 237, 64, 293]
[9, 4, 16]
[306, 307, 109]
[183, 184, 233]
[335, 186]
[177, 30]
[195, 55, 56]
[237, 64]
[265, 67, 68, 369]
[68, 132, 70]
[303, 304]
[297, 298]
[98, 176]
[274, 64, 2, 251]
[67, 68]
[105, 132]
[86, 104, 7]
[268, 287]
[274, 67, 68, 205]
[132, 133]
[86, 4, 168]
[113, 1]
[237, 64, 293]
[65, 66]
[259, 20]
[274, 67]
[36, 17, 18]
[132, 69]
[265, 67, 68, 163]
[283, 51, 75, 43]
[8, 4, 16, 168]
[191, 192]
[98, 4, 16]
[182, 11]
[31, 24]
[73, 74]
[221, 194, 4]
[160, 28]
[269, 168]
[68, 205, 132, 69, 292]
[205, 132, 69, 70]
[358, 81, 80]
[17, 53]
[221, 194, 17, 45, 7]
[194, 17, 82]
[378, 379]
[4, 54]
[352, 40]
[36, 17, 290]
[306, 307]
[221, 194, 17, 266, 267]
[93, 142, 153]
[187, 188]
[309, 310]
[172, 93, 142, 20]
[176, 4, 54]
[213, 214]
[243, 157, 355]
[55, 56]
[222, 233]
[274, 64, 304]
[222, 136]
[265, 67, 68, 205, 132, 69, 292]
[205, 132, 69, 292]
[183, 184]
[153, 105, 132, 69, 70]
[98, 4, 5]
[178, 85]
[343, 140]
[95, 74, 88]
[86, 104]
[8, 9, 4, 168]
[86, 4, 16]
[86, 334]
[142, 153, 107]
[146, 55]
[221, 194, 17, 357]
[48, 49, 12, 13]
[67, 68, 69, 292]
[102, 103]
[142, 153, 325]
[229, 230]
[9, 4, 16, 168]
[307, 109]
[265, 67, 68, 132, 70]
[10, 11]
[157, 355]
[172, 93, 142, 231, 232]
[215, 23, 101]
[237, 64, 2]
[274, 67, 68, 205, 106]
[8, 9, 4, 16]
[205, 132, 70]
[274, 67, 68, 205, 132, 69, 70]
[274, 67, 68, 132, 69]
[324, 247]
[194, 17, 60]
[119, 120]
[86, 226]
[67, 68, 132, 133]
[67, 68, 205, 132, 69, 70]
[36, 4, 54]
[25, 26]
[158, 159]
[265, 67, 68, 205, 132, 133]
[274, 64]
[36, 17, 45, 7]
[54, 4]
[67, 68, 205, 132, 70]
[21, 29]
[142, 19]
[0, 1]
[116, 101]
[50, 51, 75, 43]
[205, 106]
[265, 67, 68, 163, 164]
[165, 289]
[211, 319]
[172, 93, 142, 153, 105, 132]
[305, 28]
[142, 153, 105]
[274, 67, 68, 132]
[68, 205, 132]
[219, 220]
[93, 20]
[68, 163, 164]
[190, 11]
[64, 2, 3]
[172, 93, 142, 153, 105, 132, 205]
[93, 107]
[23, 24]
[341, 342]
[153, 325]
[377, 53]
[134, 55]
[134, 55, 56]
[172, 93, 142, 231, 331]
[142, 153, 105, 132, 69]
[283, 51, 75]
[17, 45]
[64, 293]
[83, 11]
[93, 142, 153, 105, 132, 69]
[40, 349]
[75, 43]
[146, 74, 88]
[105, 132, 69]
[231, 232]
[316, 317]
[265, 237]
[323, 28]
[274, 67, 68, 205, 132, 70]
[85, 53]
[8, 4]
[67, 68, 205, 132, 133]
[329, 330]
[167, 168]
[265, 67, 68, 132]
[265, 67, 68, 205, 106]
[194, 17, 168]
[67, 68, 196]
[153, 107]
[73, 55]
[223, 85, 53]
[307, 109, 251]
[94, 118]
[102, 204]
[147, 327]
[221, 194, 17, 18]
[50, 51]
[286, 287]
[194, 17, 266]
[21, 22, 203]
[67, 68, 163]
[99, 100]
[162, 85, 53]
[224, 148]
[221, 194, 17, 266, 279]
[121, 122]
[9, 4]
[36, 17, 266, 267]
[260, 208]
[36, 17, 266, 279]
[96, 5]
[244, 74]
[274, 67, 68]
[142, 153, 105, 132, 69, 292]
[68, 205, 132, 70]
[265, 237, 64, 2]
[93, 142, 153, 105, 132, 133]
[346, 4, 54]
[313, 4, 16, 168]
[9, 4, 5]
[172, 364]
[95, 74]
[169, 58]
[209, 11]
[126, 199]
[142, 153, 105, 132, 69, 70]
[17, 290]
[29, 206]
[178, 85, 53]
[110, 334]
[189, 55]
[9, 4, 168]
[205, 132, 133]
[221, 194, 17, 266]
[137, 337]
[307, 109, 164]
[311, 350]
[8, 9]
[257, 258]
[105, 132, 205, 106]
[189, 55, 56]
[371, 13]
[176, 4, 16, 168]
[113, 235]
[380, 381]
[37, 240, 241]
[172, 93, 20]
[338, 339]
[315, 180]
[80, 81]
[65, 375]
[176, 4, 168]
[181, 35]
[48, 49]
[109, 164]
[110, 264]
[265, 237, 64, 2, 3]
[110, 252]
[358, 81, 80, 225]
[172, 93, 142, 153, 325]
[147, 148]
[172, 93, 142, 153, 107]
[274, 67, 68, 205, 132, 133]
[8, 4, 16]
[134, 74, 88]
[146, 74]
[197, 198]
[291, 292]
[194, 17, 45, 7]
[67, 68, 205]
[142, 231]
[86, 252]
[113, 103]
[188, 308]
[71, 137, 337]
[372, 373]
[142, 231, 232]
[105, 106]
[110, 53]
[36, 17, 299]
[194, 17]
[21, 206]
[84, 101]
[194, 4]
[183, 135, 136]
[69, 292]
[68, 132, 69]
[105, 132, 133]
[207, 208]
[93, 142, 153, 105, 132, 205]
[61, 13]
[68, 106]
[271, 330]
[270, 271, 330]
[36, 17]
[172, 93, 142, 231]
[36, 4, 168]
[93, 142, 153, 105, 132, 70]
[237, 64, 304]
[93, 142, 153, 105, 132, 69, 70]
[191, 300]
[68, 132, 205, 106]
[21, 177, 30]
[64, 2]
[153, 105, 132, 70]
[274, 67, 68, 132, 69, 70]
[175, 104, 7]
[68, 132, 69, 70]
[244, 245]
[71, 137, 310]
[109, 251]
[294, 56]
[156, 157, 355]
[172, 93, 142, 153, 105]
[221, 194, 17, 168]
[131, 80, 225]
[231, 331]
[285, 56]
[59, 60]
[71, 137]
[105, 132, 69, 292]
[76, 77]
[98, 176, 4, 54]
[195, 74, 88]
[137, 310]
[142, 153, 105, 132]
[68, 69]
[65, 263]
[153, 105]
[194, 17, 299]
[288, 166]
[86, 4, 5]
[172, 93, 142, 19, 20]
[17, 266]
[98, 4, 54]
[221, 194, 168]
[274, 67, 68, 69]
[33, 5]
[68, 132, 205]
[31, 101]
[94, 1]
[98, 176, 4]
[126, 127]
[172, 93, 142]
[93, 142, 153, 105, 132, 69, 292]
[172, 93, 142, 19]
[142, 153, 105, 132, 205]
[265, 67, 68, 205, 132, 69, 70]
[93, 142, 231]
[221, 194, 17]
[274, 67, 68, 196]
[320, 321]
[21, 29, 206]
[68, 205]
[8, 9, 4, 54]
[194, 17, 266, 267]
[194, 17, 266, 279]
[113, 118]
[142, 153]
[31, 32]
[67, 68, 205, 132]
[143, 118]
[71, 137, 138]
[93, 142, 19]
[17, 299]
[265, 67]
[223, 85]
[110, 111]
[274, 67, 68, 132, 70]
[102, 235]
[12, 13]
[346, 4, 16, 168]
[39, 40]
[238, 72]
[265, 237, 64]
[93, 97]
[113, 204]
[265, 67, 68, 196]
[17, 168]
[274, 64, 336]
[284, 5]
[86, 111]
[194, 17, 18]
[274, 67, 68, 205, 132]
[89, 277, 233]
[281, 282]
[68, 69, 70]
[179, 256]
[288, 289]
[163, 164]
[68, 205, 132, 133]
[173, 174]
[51, 75, 43]
[165, 166]
[265, 67, 68, 132, 69, 292]
[328, 11]
[153, 105, 132, 205]
[17, 60]
[90, 136]
[261, 45, 7]
[274, 64, 2, 3]
[215, 23]
[48, 49, 12]
[131, 80, 81]
[52, 53]
[19, 20]
[89, 277]
[123, 43]
[73, 55, 56]
[243, 155]
[41, 11]
[265, 67, 68, 69, 292]
[265, 237, 64, 322]
[8, 4, 168]
[67, 68, 132, 205, 106]
[67, 68, 132, 70]
[200, 204]
[260, 115]
[294, 88]
[172, 93, 142, 153, 105, 132, 133]
[285, 88]
[132, 205, 106]
[332, 92]
[194, 4, 54]
[31, 202]
[274, 67, 68, 163]
[265, 67, 68, 132, 205]
[274, 64, 322]
[132, 69, 292]
[176, 4, 5]
[108, 109]
[172, 93, 142, 153]
[261, 85]
[353, 79]
[142, 231, 331]
[36, 17, 45]
[124, 125]
[134, 74]
[142, 153, 105, 132, 70]
[237, 64, 2, 251]
[126, 4, 16]
[17, 82]
[153, 105, 132, 205, 106]
[8, 9, 4]
[68, 132]
[57, 58]
[126, 4, 54]
[142, 19, 20]
[71, 72]
[255, 256]
[274, 67, 68, 132, 205, 106]
[295, 365]
[195, 74]
[351, 11]
[86, 4, 16, 168]
[68, 205, 132, 69]
[98, 176, 4, 168]
[361, 362]
[153, 105, 132, 69]
[8, 9, 4, 5]
[221, 194]
[274, 67, 68, 205, 132, 69]
[162, 85]
[348, 327]
[36, 4, 16, 168]
[265, 67, 68, 205]
[272, 273]
[36, 17, 357]
[243, 157]
[184, 233]
[67, 68, 69]
[170, 171]
[354, 168]
[265, 67, 68, 205, 132, 69]
[234, 235]
[265, 237, 64, 336]
[237, 64, 322]
[274, 67, 68, 205, 132, 69, 292]
[161, 5]
[142, 153, 105, 106]
[274, 67, 68, 132, 133]
[221, 194, 4, 54]
[370, 150]
[172, 93]
[25, 26, 276]
[98, 4, 16, 168]
[215, 23, 24]
[238, 239]
[176, 4]
[71, 216]
[172, 93, 293]
[37, 38]
[344, 345]
[234, 103]
[93, 293]
[175, 104]
[67, 68, 369]
[86, 4]
[217, 40]
[265, 67, 68, 132, 133]
[33, 100]
[249, 250]
[4, 168]
[194, 17, 290]
[105, 132, 70]
[93, 142, 231, 331]
[68, 205, 132, 69, 70]
[242, 125]
[265, 237, 64, 2, 251]
[194, 4, 16, 168]
[36, 168]
[98, 176, 4, 5]
[37, 164]
[64, 304]
[265, 67, 68, 106]
[210, 6, 7]
[27, 28]
[126, 4, 168]
[200, 103]
[221, 194, 17, 82]
[8, 4, 54]
[139, 140]
[6, 7]
[268, 58]
[265, 67, 68, 69, 70]
[346, 4]
[126, 4]
[67, 68, 205, 132, 69, 292]
[189, 74, 88]
[36, 17, 53]
[172, 93, 97]
[153, 105, 132]
[17, 18]
[154, 155]
[8, 9, 4, 16, 168]
[187, 188, 308]
[93, 142, 153, 105]
[94, 56]
[153, 105, 132, 69, 292]
[265, 67, 68, 132, 205, 106]
[65, 356]
[142, 153, 105, 132, 205, 106]
[376, 40, 349]
[80, 225]
[301, 302]
[194, 168]
[265, 67, 68, 132, 69, 70]
[93, 142, 231, 232]
[17, 357]
[67, 68, 69, 70]
[64, 322]
[37, 291]
[14, 15]
[36, 17, 82]
[119, 120, 326]
[223, 45]
[244, 74, 88]
[265, 237, 64, 304]
[286, 58]
[105, 132, 205]
[221, 194, 17, 60]
[221, 194, 17, 299]
[9, 4, 54]
[132, 70]
[137, 138]
[172, 93, 142, 153, 105, 132, 205, 106]
[223, 45, 7]
[93, 142, 153, 107]
[210, 6]
[93, 142, 153, 105, 106]
[108, 109, 251]
[194, 4, 16]
[172, 93, 142, 153, 105, 132, 69]
[86, 199]
[359, 360]
[217, 40, 349]
[17, 266, 267]
[17, 266, 279]
[68, 132, 69, 292]
[205, 132]
[93, 142, 153, 325]
[132, 205]
[200, 235]
[51, 75]
[234, 204]
[135, 136]
[98, 176, 4, 16, 168]
[54, 4, 168]
[104, 7]
[81, 80, 225]
[246, 247]
[49, 12]
[93, 142, 153, 105, 132, 205, 106]
[2, 251]
[275, 193]
[67, 68, 205, 106]
[44, 45]
[4, 5]
[68, 132, 133]
[265, 67, 68, 69]
[64, 336]
[36, 17, 60]
[36, 17, 266]
[191, 242, 125]
[68, 369]
[265, 67, 68]
[142, 153, 105, 132, 133]
[313, 4, 54]
[81, 80]
[153, 105, 132, 133]
[237, 64, 336]
[258, 262]
[67, 68, 132, 69, 70]
[93, 142, 218]
[23, 101]
[172, 93, 142, 153, 105, 132, 69, 292]
[261, 45]
[270, 271]
[313, 4, 5]
[149, 150]
[108, 109, 164]
[34, 35]
[67, 68, 106]
[176, 4, 16]
[36, 4]
[265, 67, 68, 132, 69]
[144, 145]
[376, 40]
[346, 4, 5]
[17, 45, 7]
[94, 88]
[36, 17, 168]
[347, 214]
[194, 4, 5]
[21, 248]
[91, 92]
[98, 4, 168]
[129, 236]
