[84, 18, 40, 44]
[96, 223]
[149, 46, 39]
[75, 76, 96, 223, 113, 97, 98]
[24, 25, 18]
[75, 76, 96, 146]
[151, 152]
[216, 133, 14, 142, 143, 113]
[76, 96, 223, 113, 97, 122]
[42, 33]
[258, 20]
[28, 18, 40]
[91, 148]
[265, 238, 239]
[29, 114]
[130, 131]
[96, 113]
[54, 55]
[14, 142, 143, 113, 179]
[117, 118]
[59, 29, 41]
[133, 127]
[145, 21]
[38, 39]
[89, 90]
[24, 18, 84]
[59, 18]
[36, 60]
[143, 113, 223]
[185, 186]
[207, 18, 19]
[149, 46]
[123, 92]
[216, 133, 14, 142, 143, 113, 97, 98]
[75, 76, 96, 144]
[96, 245]
[75, 76, 96, 277]
[96, 144, 203]
[137, 18, 19]
[76, 96, 97, 98]
[96, 223, 113, 97, 122]
[0, 217, 51]
[71, 46]
[69, 70]
[258, 20, 21]
[61, 81]
[133, 136]
[28, 29, 63, 95]
[133, 14, 266]
[77, 78, 214]
[137, 207, 18, 40]
[198, 199]
[216, 133, 14]
[59, 29]
[153, 282]
[28, 29, 72, 21]
[169, 261]
[75, 76, 96, 223, 113, 98]
[12, 209]
[138, 139]
[59, 29, 63]
[84, 18, 44]
[133, 14, 142, 143, 113, 223]
[110, 16, 17]
[120, 74]
[66, 67]
[175, 18, 40]
[76, 96, 97]
[84, 18]
[116, 48]
[181, 157]
[269, 28, 29, 119]
[133, 33]
[75, 76, 96, 223, 113, 97]
[96, 146]
[104, 67]
[190, 191]
[208, 86]
[133, 14, 33]
[102, 181]
[28, 18, 84]
[142, 143, 113, 223, 146]
[143, 113, 223, 146]
[14, 142, 143, 113]
[22, 23]
[36, 37, 284]
[96, 97, 122]
[2, 139]
[29, 134]
[30, 31, 49]
[28, 44]
[75, 76, 96, 113, 97, 98]
[216, 133, 14, 42, 33]
[76, 96, 113, 97, 122]
[96, 223, 113, 97, 98]
[172, 188]
[216, 133, 14, 142, 143, 146]
[2, 3]
[281, 238]
[87, 88]
[16, 83]
[46, 39]
[233, 93]
[75, 76, 96, 144, 203]
[91, 127]
[125, 126]
[269, 28, 18, 84]
[12, 81]
[12, 18, 84]
[233, 180]
[175, 248]
[24, 25, 18, 84]
[96, 277]
[43, 253]
[76, 96, 223]
[110, 16]
[96, 144]
[102, 181, 157]
[137, 207, 18, 44]
[101, 80, 104, 67]
[154, 10, 11]
[144, 203]
[87, 88, 180]
[140, 141]
[271, 72]
[124, 180]
[196, 197]
[158, 240]
[26, 27]
[169, 170]
[156, 157]
[133, 14, 42]
[45, 72]
[79, 80, 104, 67]
[269, 28, 29, 39]
[75, 91, 174]
[262, 235]
[175, 18, 84]
[263, 47]
[76, 96, 113, 97, 98]
[223, 113, 97, 98]
[133, 14, 142]
[14, 142, 143, 146]
[28, 194]
[152, 10, 11]
[75, 76, 96, 113, 179]
[76, 96, 245]
[202, 46]
[133, 14, 142, 143, 113, 223, 146]
[279, 280]
[63, 64]
[137, 207, 18]
[232, 199]
[0, 50, 51]
[142, 143, 113, 97, 122]
[73, 74]
[269, 28, 18, 19]
[59, 18, 44]
[75, 76, 96, 223, 113, 179]
[78, 214]
[143, 113, 179]
[59, 29, 134]
[216, 133, 14, 142, 187]
[96, 113, 98]
[152, 10, 203]
[25, 18, 84]
[135, 19]
[91, 6, 11]
[142, 150]
[76, 96, 113]
[107, 108]
[29, 41]
[216, 133, 14, 142, 143, 113, 223]
[31, 49]
[113, 179]
[56, 141]
[216, 133]
[45, 46]
[160, 27]
[162, 106]
[183, 184]
[223, 146]
[161, 18, 44]
[216, 133, 33]
[96, 113, 97]
[263, 47, 48]
[12, 18, 40]
[76, 96, 146]
[216, 133, 14, 15, 278]
[96, 113, 97, 122]
[102, 103]
[161, 18, 40, 44]
[237, 27]
[0, 50, 111]
[123, 124]
[271, 72, 21]
[0, 217]
[267, 268]
[52, 236]
[222, 145]
[10, 11]
[14, 142, 143, 113, 97, 122]
[101, 80, 104]
[178, 155]
[91, 215]
[59, 194]
[285, 186]
[29, 63]
[47, 132]
[158, 159]
[212, 213]
[223, 113, 97, 122]
[24, 25, 18, 40, 44]
[0, 1]
[59, 29, 72, 21]
[216, 133, 14, 142, 150]
[14, 142, 143, 113, 223, 146]
[165, 132]
[113, 97, 98]
[151, 152, 10, 203]
[205, 118]
[269, 28, 194]
[76, 96, 144]
[109, 110, 16, 83]
[207, 18, 44]
[161, 18, 40]
[219, 220]
[75, 76, 96, 223]
[76, 96, 277]
[112, 19]
[133, 150]
[75, 76, 96, 223, 113]
[24, 18, 19]
[102, 181, 182]
[137, 207, 18, 19]
[28, 18, 44]
[192, 193]
[29, 72]
[59, 18, 40]
[252, 44]
[36, 203]
[0, 43, 253]
[6, 11]
[223, 113]
[18, 19]
[61, 39]
[50, 111]
[133, 14, 142, 143, 146]
[14, 142, 143, 113, 98]
[14, 15, 278]
[25, 18, 40]
[54, 132]
[30, 31]
[269, 28, 29, 41]
[28, 29, 39]
[75, 91, 148]
[75, 76, 96, 113, 223, 146]
[137, 194]
[263, 47, 132]
[207, 18]
[154, 10, 203]
[167, 168]
[250, 27]
[38, 19]
[87, 229, 93]
[20, 21]
[12, 18, 44]
[29, 119]
[154, 10]
[175, 176]
[283, 39]
[75, 91, 6, 11]
[76, 96, 223, 113, 179]
[96, 223, 113, 179]
[175, 18]
[265, 238]
[129, 27]
[36, 121, 122]
[71, 72, 21]
[75, 76, 96, 245]
[85, 86]
[28, 29]
[50, 51]
[133, 14, 15]
[149, 72, 21]
[142, 143, 113, 97, 98]
[116, 132]
[56, 19]
[99, 100]
[133, 14, 142, 143, 113, 98]
[75, 76, 96, 223, 113, 97, 122]
[121, 122]
[140, 19]
[109, 110]
[25, 18, 40, 44]
[15, 195]
[75, 76, 96, 113]
[75, 76, 96, 223, 146]
[84, 18, 40]
[137, 18]
[87, 229]
[12, 273]
[28, 18]
[45, 46, 39]
[230, 110, 16, 83]
[133, 14, 142, 143, 113, 97]
[59, 29, 39]
[133, 14, 142, 143, 113]
[230, 110]
[14, 142, 143, 113, 97]
[75, 76]
[40, 44]
[269, 28, 29, 72]
[161, 18, 84]
[133, 14, 142, 150]
[257, 27]
[8, 9]
[207, 18, 40]
[12, 145]
[68, 44]
[113, 223]
[59, 18, 84]
[12, 18]
[216, 133, 14, 142, 143, 113, 179]
[142, 143, 113, 179]
[76, 96, 113, 223, 146]
[204, 126]
[75, 91]
[79, 80, 104]
[25, 18, 44]
[110, 16, 83]
[71, 46, 39]
[29, 63, 64]
[76, 96, 97, 122]
[147, 148]
[28, 18, 19]
[65, 27]
[29, 72, 21]
[153, 103]
[105, 106]
[113, 97]
[178, 3]
[137, 18, 40]
[96, 223, 113]
[12, 145, 21]
[18, 44]
[92, 93]
[115, 27]
[61, 13]
[75, 91, 6, 7]
[75, 91, 127]
[161, 18]
[117, 177]
[207, 18, 40, 44]
[142, 143, 113, 98]
[102, 264]
[142, 143]
[12, 18, 40, 44]
[113, 98]
[133, 14, 42, 33]
[152, 10]
[269, 28, 29, 72, 21]
[79, 80]
[54, 251]
[96, 113, 223, 146]
[224, 184]
[24, 18]
[75, 76, 96, 113, 223]
[24, 18, 40, 44]
[216, 133, 136]
[269, 28, 29, 63]
[97, 122]
[128, 274]
[63, 95]
[142, 143, 113, 97]
[12, 39]
[198, 199, 254]
[0, 111]
[10, 203]
[227, 58]
[59, 29, 119]
[216, 133, 14, 15]
[75, 76, 96, 113, 98]
[228, 27]
[269, 28]
[133, 14, 142, 187]
[18, 40, 44]
[82, 39]
[241, 27]
[28, 29, 134]
[96, 113, 179]
[171, 172]
[222, 145, 21]
[76, 96, 113, 223]
[88, 180]
[269, 28, 29, 63, 95]
[275, 276]
[207, 18, 84]
[223, 113, 97]
[216, 133, 14, 142, 143, 113, 97, 122]
[76, 96, 113, 98]
[133, 14, 15, 195]
[94, 21]
[70, 191]
[216, 272]
[229, 93]
[151, 152, 10]
[206, 44]
[59, 29, 114]
[216, 133, 14, 15, 195]
[216, 133, 14, 142, 143]
[249, 108]
[175, 18, 19]
[14, 142]
[12, 13]
[14, 142, 187]
[75, 91, 6]
[137, 207]
[223, 113, 98]
[101, 80]
[24, 25, 18, 19]
[137, 18, 40, 44]
[36, 121]
[76, 96, 113, 97]
[97, 98]
[163, 164]
[137, 18, 84]
[14, 142, 150]
[14, 142, 143, 113, 97, 98]
[269, 28, 44]
[80, 104, 67]
[216, 133, 127]
[181, 182]
[232, 197]
[231, 213]
[216, 133, 14, 142, 143, 113, 97]
[142, 187]
[36, 37]
[52, 53]
[123, 92, 93]
[281, 238, 239]
[14, 15, 195]
[225, 226]
[77, 78]
[189, 27]
[75, 91, 215]
[25, 18]
[216, 133, 14, 142, 143, 113, 98]
[210, 211]
[32, 33]
[133, 14, 142, 143]
[165, 48]
[14, 266]
[14, 42]
[16, 17]
[123, 124, 180]
[12, 18, 19]
[57, 58]
[71, 72]
[142, 143, 113]
[255, 256]
[91, 6, 7]
[14, 142, 143, 113, 223]
[14, 42, 33]
[143, 113, 98]
[173, 67]
[143, 113, 97, 98]
[269, 28, 29, 134]
[15, 278]
[72, 21]
[234, 235]
[0, 50]
[47, 48]
[61, 62]
[14, 142, 143]
[242, 238, 239]
[76, 96, 223, 113]
[216, 133, 14, 142, 143, 113, 223, 146]
[113, 223, 146]
[143, 113, 97]
[143, 113]
[151, 152, 10, 11]
[24, 18, 44]
[28, 29, 63]
[96, 97, 98]
[142, 143, 113, 223]
[238, 239]
[75, 76, 96, 97, 122]
[37, 284]
[269, 28, 18, 40]
[216, 133, 14, 266]
[171, 172, 188]
[24, 25, 18, 40]
[75, 76, 96, 97]
[91, 174]
[12, 248]
[76, 96, 223, 146]
[96, 223, 113, 97]
[269, 28, 29]
[18, 84]
[133, 14, 142, 143, 113, 179]
[216, 133, 14, 42]
[223, 113, 179]
[216, 133, 14, 142]
[28, 29, 119]
[137, 207, 18, 40, 44]
[243, 244]
[175, 18, 40, 44]
[14, 33]
[102, 181, 218]
[133, 14, 15, 278]
[216, 133, 150]
[75, 76, 96]
[80, 104]
[25, 18, 19]
[59, 29, 63, 95]
[133, 14, 142, 143, 113, 97, 98]
[6, 7]
[149, 72]
[96, 223, 113, 98]
[142, 143, 146]
[217, 51]
[269, 28, 18]
[138, 155]
[91, 6]
[232, 199, 254]
[28, 29, 41]
[230, 110, 16]
[200, 201]
[199, 254]
[59, 44]
[133, 14, 142, 143, 113, 97, 122]
[45, 72, 21]
[54, 48]
[259, 260]
[143, 113, 97, 122]
[143, 146]
[0, 43]
[76, 96]
[166, 27]
[221, 27]
[14, 15]
[59, 18, 40, 44]
[75, 76, 96, 113, 97]
[269, 28, 29, 114]
[271, 46, 39]
[113, 97, 122]
[96, 113, 223]
[133, 14]
[61, 209]
[269, 28, 18, 40, 44]
[230, 110, 16, 17]
[270, 164]
[75, 76, 96, 113, 97, 122]
[2, 155]
[109, 110, 16]
[28, 18, 40, 44]
[128, 19]
[271, 46]
[216, 133, 14, 33]
[76, 96, 144, 203]
[24, 18, 40]
[269, 28, 18, 44]
[137, 18, 44]
[29, 63, 95]
[96, 97]
[59, 29, 63, 64]
[246, 247]
[24, 25, 18, 44]
[18, 40]
[59, 29, 72]
[28, 29, 63, 64]
[75, 76, 96, 97, 98]
[4, 5]
[161, 18, 19]
[242, 238]
[28, 29, 72]
[84, 18, 19]
[109, 110, 16, 17]
[137, 207, 18, 84]
[205, 177]
[76, 96, 223, 113, 97, 98]
[96, 223, 146]
[96, 113, 97, 98]
[76, 96, 113, 179]
[29, 39]
[269, 28, 29, 63, 64]
[76, 96, 223, 113, 97]
[34, 35]
[24, 25]
[181, 218]
[69, 70, 191]
[175, 18, 44]
[76, 96, 223, 113, 98]
[202, 46, 39]
[59, 18, 19]
[28, 29, 114]
