0 1
2 3
4 3
5 6
7 8
9 10
11 12
13 12
14 15
16 17
18 19
20 21
22 23
24 25
26 27
28 29
30 31
32 33
34 21
33 4
35 12
36 37
38 12
39 40
41 42
43 33
44 45
46 47
48 8
49 50
51 52
53 54
26 55
56 13
57 58
59 60
9 61
62 42
63 27
64 65
66 67
68 21
2 69
70 71
72 73
42 74
60 75
76 77
78 79
80 81
82 83
84 85
86 87
88 89
90 33
91 92
93 3
94 67
95 96
72 97
98 97
99 100
101 102
103 104
105 106
63 55
107 108
109 110
111 112
113 58
114 115
116 100
117 118
14 31
49 119
120 121
122 33
88 123
26 94
32 124
125 126
127 128
129 65
130 131
132 133
134 69
135 65
136 137
138 139
140 141
142 143
14 144
145 146
111 14
109 147
148 149
150 3
1 109
87 151
152 33
26 153
154 71
155 115
86 156
157 158
159 6
53 160
161 162
163 164
165 25
130 166
38 77
17 77
167 168
169 2
170 171
168 172
173 174
175 106
176 81
177 61
83 143
124 143
178 104
76 12
179 30
180 142
181 182
183 184
185 142
186 3
187 188
189 190
191 148
192 193
194 137
195 143
196 197
198 123
96 199
191 117
200 201
202 108
203 106
204 205
206 207
208 209
44 73
210 158
179 211
65 106
91 17
212 172
33 213
102 205
214 215
49 142
216 217
10 77
218 219
32 220
221 127
222 118
223 151
224 61
225 226
14 227
228 1
144 229
44 97
230 231
232 21
233 234
151 12
235 236
237 238
239 21
22 240
241 66
100 242
95 217
243 77
244 100
243 12
245 246
247 126
248 249
213 33
133 250
251 252
122 152
90 49
95 253
254 255
70 256
257 6
33 21
32 146
167 258
167 259
58 106
260 261
262 55
32 263
264 265
30 217
26 266
154 256
223 139
267 268
134 33
269 238
96 63
145 33
30 95
32 74
270 271
272 142
273 274
134 275
40 12
276 277
104 278
232 279
156 77
253 280
92 17
281 58
177 56
282 283
28 284
90 3
285 174
7 39
286 74
287 288
289 108
49 290
53 74
291 292
293 294
32 295
296 73
297 77
276 298
299 271
49 293
66 300
301 302
9 13
303 161
304 65
30 305
306 307
2 33
293 308
180 42
254 309
289 310
2 49
222 149
311 279
312 252
112 26
38 313
275 33
262 27
314 100
315 60
92 316
33 3
254 306
317 123
27 212
14 79
318 106
91 319
30 320
321 322
219 210
34 74
144 300
202 310
323 252
27 324
311 21
84 325
326 327
328 219
329 330
44 331
264 332
254 29
264 333
334 335
336 58
258 337
177 10
53 220
321 338
26 262
339 340
41 142
243 313
341 137
16 316
215 118
212 342
35 77
32 160
7 297
11 77
343 252
344 283
95 345
114 346
347 261
261 348
349 188
223 156
272 42
260 190
167 67
90 69
350 19
27 262
53 263
95 216
351 246
214 352
48 297
49 74
353 104
206 37
354 6
306 309
355 158
39 297
56 10
48 40
356 241
357 358
185 42
100 359
360 66
86 139
20 361
362 319
26 212
363 171
364 137
365 8
6 65
352 149
28 236
253 366
367 368
16 319
87 156
369 370
96 305
316 12
296 97
132 250
49 371
27 342
114 372
187 268
98 73
206 373
317 89
253 374
