3,4
3,4,216
4,216
5,6
5,6,122
5,6,231
6,122
6,231
10,11
10,11,28
10,11,30,28
10,11,29
10,11,30
11,28
11,30,28
11,29
11,30
18,19
18,234,19
18,19,120,114,52
18,234,19,120,114,52
18,19,120,114,52,53
18,234,19,120,114,52,53
18,19,120,114,73
18,234,19,120,114,73
18,19,120,114,73,74
18,234,19,120,114,73,74
18,19,120,114
18,234,19,120,114
18,19,120,114,115
18,19,120,114,116,115
18,234,19,120,114,115
18,234,19,120,114,116,115
18,19,120,114,116
18,234,19,120,114,116
18,19,120,114,117
18,234,19,120,114,117
18,19,120,114,118
18,234,19,120,114,118
18,19,120,114,47
18,234,19,120,114,47
18,19,120,114,119
18,234,19,120,114,119
18,19,120,114,23
18,234,19,120,114,23
18,19,120
18,234,19,120
18,19,120,114,121
18,234,19,120,114,121
18,19,120,114,118,165
18,234,19,120,114,118,165
18,19,195
18,234,19,195
18,19,120,114,115,116,220
18,19,120,114,116,220
18,234,19,120,114,115,116,220
18,234,19,120,114,116,220
18,234
18,19,120,114,118,165,217
18,234,19,120,114,118,165,217
19,120,114,52
19,120,114,52,53
19,120,114,73
19,120,114,73,74
19,120,114
19,120,114,115
19,120,114,116,115
19,120,114,116
19,120,114,117
19,120,114,118
19,120,114,47
19,120,114,119
19,120,114,23
19,120
19,120,114,121
19,120,114,118,165
19,195
19,120,114,115,116,220
19,120,114,116,220
19,234
19,120,114,118,165,217
20,21
20,209,198,197,71,21
20,209,71,21
20,21,71,197,26,25
20,21,71,209,198,197,26,25
20,209,198,197,26,25
20,209,71,197,26,25
20,21,71,197,26
20,21,71,209,198,197,26
20,209,198,197,26
20,209,71,197,26
20,21,71
20,209,198,197,71
20,209,71
20,21,71,72
20,209,198,197,71,72
20,209,71,72
20,110
20,158
20,21,71,197,26,168
20,21,71,209,198,197,26,168
20,209,198,197,26,168
20,209,71,197,26,168
20,21,71,197,26,171
20,21,71,209,198,197,26,171
20,209,198,197,26,171
20,209,71,197,26,171
20,21,71,197
20,209,198,197
20,209,71,197
20,21,71,197,198
20,21,71,209,198
20,209,198
20,209
20,21,71,197,198,210
20,21,71,209,198,210
20,209,198,210
20,209,71,197,198,210
20,21,71,197,255
20,21,71,209,198,197,255
20,209,198,197,255
20,209,71,197,255
20,21,71,197,255,256
20,21,71,209,198,197,255,256
20,209,198,197,255,256
20,209,71,197,255,256
20,21,71,197,255,223
20,21,71,209,198,197,255,223
20,209,198,197,255,223
20,209,71,197,255,223
20,21,71,197,255,256,243
20,21,71,209,198,197,255,256,243
20,209,198,197,255,256,243
20,209,71,197,255,256,243
20,21,71,197,198,209,278
20,21,71,209,278
20,209,278
20,21,71,282,281
20,209,198,197,71,282,281
20,209,71,282,281
20,21,71,282,281,159
20,209,198,197,71,282,281,159
20,209,71,282,281,159
20,21,71,282
20,209,198,197,71,282
20,209,71,282
21,20,209,198,197,26,25
21,20,209,71,197,26,25
21,71,197,26,25
21,71,209,198,197,26,25
21,20,209,198,197,26
21,20,209,71,197,26
21,71,197,26
21,71,209,198,197,26
21,71
21,20,209,198,197,71,72
21,20,209,71,72
21,71,72
21,20,110
21,71,197,198,209,20,110
21,71,209,20,110
21,20,158
21,71,197,198,209,20,158
21,71,209,20,158
21,20,209,198,197,26,168
21,20,209,71,197,26,168
21,71,197,26,168
21,71,209,198,197,26,168
21,20,209,198,197,26,171
21,20,209,71,197,26,171
21,71,197,26,171
21,71,209,198,197,26,171
21,20,209,198,197
21,20,209,71,197
21,71,197
21,71,209,198,197
21,20,209,198
21,71,197,198
21,71,209,198
21,20,209
21,71,209
21,20,209,198,210
21,20,209,71,197,198,210
21,71,197,198,210
21,71,209,198,210
21,20,209,198,197,255
21,20,209,71,197,255
21,71,197,255
21,71,209,198,197,255
21,20,209,198,197,255,256
21,20,209,71,197,255,256
21,71,197,255,256
21,71,209,198,197,255,256
21,20,209,198,197,255,223
21,20,209,71,197,255,223
21,71,197,255,223
21,71,209,198,197,255,223
21,20,209,198,197,255,256,243
21,20,209,71,197,255,256,243
21,71,197,255,256,243
21,71,209,198,197,255,256,243
21,20,209,278
21,71,197,198,209,278
21,71,209,278
21,20,209,198,197,71,282,281
21,20,209,71,282,281
21,71,282,281
21,20,209,198,197,71,282,281,159
21,20,209,71,282,281,159
21,71,282,281,159
21,20,209,198,197,71,282
21,20,209,71,282
21,71,282
25,26
25,26,197,71
25,26,197,198,209,71
25,26,197,71,72
25,26,197,198,209,71,72
25,26,197,198,209,20,21,71,72
25,26,197,71,209,20,110
25,26,197,71,21,20,110
25,26,197,198,209,71,21,20,110
25,26,197,198,209,20,110
25,26,197,71,209,20,158
25,26,197,71,21,20,158
25,26,197,198,209,71,21,20,158
25,26,197,198,209,20,158
25,26,168
25,26,171
25,26,197
25,26,197,198
25,26,197,71,209
25,26,197,198,209
25,26,197,71,209,198,210
25,26,197,71,21,20,209,198,210
25,26,197,198,210
25,26,197,255
25,26,197,255,256
25,26,197,255,223
25,26,197,255,256,243
25,26,197,71,209,278
25,26,197,71,21,20,209,278
25,26,197,198,209,278
25,26,197,71,282,281
25,26,197,198,209,71,282,281
25,26,197,198,209,20,21,71,282,281
25,26,197,71,282,281,159
25,26,197,198,209,71,282,281,159
25,26,197,198,209,20,21,71,282,281,159
25,26,197,71,282
25,26,197,198,209,71,282
25,26,197,198,209,20,21,71,282
26,197,71
26,197,198,209,71
26,197,71,72
26,197,198,209,71,72
26,197,198,209,20,21,71,72
26,197,71,209,20,110
26,197,71,21,20,110
26,197,198,209,71,21,20,110
26,197,198,209,20,110
26,197,71,209,20,158
26,197,71,21,20,158
26,197,198,209,71,21,20,158
26,197,198,209,20,158
26,168
26,171
26,197
26,197,198
26,197,71,209
26,197,198,209
26,197,71,209,198,210
26,197,71,21,20,209,198,210
26,197,198,210
26,197,255
26,197,255,256
26,197,255,223
26,197,255,256,243
26,197,71,209,278
26,197,71,21,20,209,278
26,197,198,209,278
26,197,71,282,281
26,197,198,209,71,282,281
26,197,198,209,20,21,71,282,281
26,197,71,282,281,159
26,197,198,209,71,282,281,159
26,197,198,209,20,21,71,282,281,159
26,197,71,282
26,197,198,209,71,282
26,197,198,209,20,21,71,282
28,11,29
28,30,11,29
28,30
29,11,30
32,33
32,33,180,179
32,33,180
33,180,179
33,180
35,36
35,104
35,36,2
36,35,104
36,2
37,38
37,38,113
37,38,65
37,38,260
38,113
38,65
38,260
44,45
44,45,49
44,45,292,51,49
44,45,49,50
44,45,292,51,49,50
44,45,49,51
44,45,292,51
44,45,292
44,45,49,51,292,269
44,45,292,269
44,45,49,51,292,227
44,45,292,227
45,49
45,292,51,49
45,49,50
45,292,51,49,50
45,49,51
45,292,51
45,292
45,49,51,292,269
45,292,269
45,49,51,292,227
45,292,227
49,50
49,51
49,45,292
49,51,292
49,45,292,269
49,51,292,269
49,45,292,227
49,51,292,227
50,49,51
50,49,45,292
50,49,51,292
50,49,45,292,269
50,49,51,292,269
50,49,45,292,227
50,49,51,292,227
51,292
51,292,269
51,292,227
52,53
52,114,73
52,114,73,74
52,114
52,114,115
52,114,116,115
52,114,116
52,114,117
52,114,118
52,114,47
52,114,119
52,114,23
52,114,120
52,114,121
52,114,118,165
52,114,120,19,195
52,114,115,116,220
52,114,116,220
52,114,120,19,234
52,114,118,165,217
53,52,114,73
53,52,114,73,74
53,52,114
53,52,114,115
53,52,114,116,115
53,52,114,116
53,52,114,117
53,52,114,118
53,52,114,47
53,52,114,119
53,52,114,23
53,52,114,120
53,52,114,121
53,52,114,118,165
53,52,114,120,19,195
53,52,114,115,116,220
53,52,114,116,220
53,52,114,120,19,234
53,52,114,118,165,217
54,55
54,55,178,85,84
54,55,208,84
54,55,178,85
54,55,208,84,85
54,55,178
54,55,208,84,85,178
54,55,208
55,178,85,84
55,208,84
55,178,85
55,208,84,85
55,178
55,208,84,85,178
55,208
60,61
60,62,148,61
60,62,213,61
60,62
60,105
60,61,148
60,61,213,62,148
60,62,148
60,61,148,149
60,61,213,62,148,149
60,62,148,149
60,61,148,149,150
60,61,213,62,148,149,150
60,62,148,149,150
60,61,148,62,213,212
60,61,213,212
60,62,213,212
60,61,213
60,62,213
61,60,62
61,148,62
61,213,62
61,60,105
61,148,62,60,105
61,213,62,60,105
61,148
61,213,62,148
61,60,62,148,149
61,148,149
61,213,62,148,149
61,60,62,148,149,150
61,148,149,150
61,213,62,148,149,150
61,60,62,213,212
61,148,62,213,212
61,213,212
61,213
62,60,105
62,148
62,148,149
62,148,149,150
62,213,212
62,213
71,72
71,197,198,209,20,110
71,209,20,110
71,21,20,110
71,197,198,209,20,158
71,209,20,158
71,21,20,158
71,197,26,168
71,209,198,197,26,168
71,197,26,171
71,209,198,197,26,171
71,197
71,209,198,197
71,197,198
71,209,198
71,209
71,197,198,210
71,209,198,210
71,197,255
71,209,198,197,255
71,197,255,256
71,209,198,197,255,256
71,197,255,223
71,209,198,197,255,223
71,197,255,256,243
71,209,198,197,255,256,243
71,197,198,209,278
71,209,278
71,282,281
71,282,281,159
71,282
72,71,197,198,209,20,110
72,71,209,20,110
72,71,21,20,110
72,71,197,198,209,20,158
72,71,209,20,158
72,71,21,20,158
72,71,197,26,168
72,71,209,198,197,26,168
72,71,21,20,209,198,197,26,168
72,71,197,26,171
72,71,209,198,197,26,171
72,71,21,20,209,198,197,26,171
72,71,197
72,71,209,198,197
72,71,197,198
72,71,209,198
72,71,21,20,209,198
72,71,209
72,71,197,198,210
72,71,209,198,210
72,71,21,20,209,198,210
72,71,197,255
72,71,209,198,197,255
72,71,21,20,209,198,197,255
72,71,197,255,256
72,71,209,198,197,255,256
72,71,21,20,209,198,197,255,256
72,71,197,255,223
72,71,209,198,197,255,223
72,71,21,20,209,198,197,255,223
72,71,197,255,256,243
72,71,209,198,197,255,256,243
72,71,21,20,209,198,197,255,256,243
72,71,197,198,209,278
72,71,209,278
72,71,21,20,209,278
72,71,282,281
72,71,282,281,159
72,71,282
73,74
73,114
73,114,115
73,114,116,115
73,114,116
73,114,117
73,114,118
73,114,47
73,114,119
73,114,23
73,114,120
73,114,121
73,114,118,165
73,114,120,19,195
73,114,115,116,220
73,114,116,220
73,114,120,19,234
73,114,118,165,217
74,73,114
74,73,114,115
74,73,114,116,115
74,73,114,116
74,73,114,117
74,73,114,118
74,73,114,47
74,73,114,119
74,73,114,23
74,73,114,120
74,73,114,121
74,73,114,118,165
74,73,114,120,19,195
74,73,114,115,116,220
74,73,114,116,220
74,73,114,120,19,234
74,73,114,118,165,217
80,81
80,81,89
80,81,89,90
80,81,89,90,43
80,81,202
80,81,131
81,89
81,89,90
81,89,90,43
81,202
81,131
84,85
84,85,178
84,208,55,178
84,208
85,178
85,84,208
85,178,55,208
89,90
89,90,43
89,81,202
89,81,131
90,43
90,89,81,202
90,89,81,131
43,90,89,81,202
43,90,89,81,131
96,97
100,101
100,101,238
100,101,167
100,101,233
101,238
101,167
101,233
102,103
104,35,36,2
105,60,61,148
105,60,61,213,62,148
105,60,62,148
105,60,61,148,149
105,60,61,213,62,148,149
105,60,62,148,149
105,60,61,148,149,150
105,60,61,213,62,148,149,150
105,60,62,148,149,150
105,60,61,148,62,213,212
105,60,61,213,212
105,60,62,213,212
105,60,61,213
105,60,62,213
107,108
107,225
107,225,17
108,107,225
108,107,225,17
110,20,158
110,20,21,71,197,26,168
110,20,21,71,209,198,197,26,168
110,20,209,198,197,26,168
110,20,209,71,197,26,168
110,20,21,71,197,26,171
110,20,21,71,209,198,197,26,171
110,20,209,198,197,26,171
110,20,209,71,197,26,171
110,20,21,71,197
110,20,209,198,197
110,20,209,71,197
110,20,21,71,197,198
110,20,21,71,209,198
110,20,209,198
110,20,209
110,20,21,71,197,198,210
110,20,21,71,209,198,210
110,20,209,198,210
110,20,209,71,197,198,210
110,20,21,71,197,255
110,20,21,71,209,198,197,255
110,20,209,198,197,255
110,20,209,71,197,255
110,20,21,71,197,255,256
110,20,21,71,209,198,197,255,256
110,20,209,198,197,255,256
110,20,209,71,197,255,256
110,20,21,71,197,255,223
110,20,21,71,209,198,197,255,223
110,20,209,198,197,255,223
110,20,209,71,197,255,223
110,20,21,71,197,255,256,243
110,20,21,71,209,198,197,255,256,243
110,20,209,198,197,255,256,243
110,20,209,71,197,255,256,243
110,20,21,71,197,198,209,278
110,20,21,71,209,278
110,20,209,278
110,20,21,71,282,281
110,20,209,198,197,71,282,281
110,20,209,71,282,281
110,20,21,71,282,281,159
110,20,209,198,197,71,282,281,159
110,20,209,71,282,281,159
110,20,21,71,282
110,20,209,198,197,71,282
110,20,209,71,282
113,38,65
113,38,260
114,115
114,116,115
114,116
114,117
114,118
114,47
114,119
114,23
114,120
114,121
114,118,165
114,120,19,195
114,115,116,220
114,116,220
114,120,19,234
114,118,165,217
115,116
115,114,117
115,116,114,117
115,114,118
115,116,114,118
115,114,47
115,116,114,47
115,114,119
115,116,114,119
115,114,23
115,116,114,23
115,114,120
115,116,114,120
115,114,121
115,116,114,121
115,114,118,165
115,116,114,118,165
115,114,120,19,195
115,116,114,120,19,195
115,116,220
115,114,120,19,234
115,116,114,120,19,234
115,114,118,165,217
115,116,114,118,165,217
116,114,117
116,114,118
116,114,47
116,114,119
116,114,23
116,114,120
116,114,121
116,114,118,165
116,114,120,19,195
116,220
116,114,120,19,234
116,114,118,165,217
117,114,118
117,114,47
117,114,119
117,114,23
117,114,120
117,114,121
117,114,118,165
117,114,120,19,195
117,114,115,116,220
117,114,116,220
117,114,120,19,234
117,114,118,165,217
118,114,47
118,114,119
118,114,23
118,114,120
118,114,121
118,165
118,114,120,19,195
118,114,115,116,220
118,114,116,220
118,114,120,19,234
118,165,217
47,114,119
47,114,23
47,114,120
47,114,121
47,114,118,165
47,114,120,19,195
47,114,115,116,220
47,114,116,220
47,114,120,19,234
47,114,118,165,217
119,114,23
119,114,120
119,114,121
119,114,118,165
119,114,120,19,195
119,114,115,116,220
119,114,116,220
119,114,120,19,234
119,114,118,165,217
23,114,120
23,114,121
23,114,118,165
23,114,120,19,195
23,114,115,116,220
23,114,116,220
23,114,120,19,234
23,114,118,165,217
120,114,121
120,114,118,165
120,19,195
120,114,115,116,220
120,114,116,220
120,19,234
120,114,118,165,217
121,114,118,165
121,114,120,19,195
121,114,115,116,220
121,114,116,220
121,114,120,19,234
121,114,118,165,217
122,6,231
128,129
128,129,139
129,139
130,76
130,76,175
76,175
137,138
142,143
142,144
142,144,262
142,144,262,161
142,144,262,34
142,144,262,58
142,144,264
142,144,265
143,142,144
143,142,144,262
143,142,144,262,161
143,142,144,262,34
143,142,144,262,58
143,142,144,264
143,142,144,265
144,262
144,262,161
144,262,34
144,262,58
144,264
144,265
148,149
148,149,150
148,61,213,212
148,62,213,212
148,61,213
148,62,213
149,150
149,148,61,60,62,213,212
149,148,61,213,212
149,148,62,213,212
149,148,61,213
149,148,62,213
150,149,148,61,60,62,213,212
150,149,148,61,213,212
150,149,148,62,213,212
150,149,148,61,213
150,149,148,62,213
158,20,21,71,197,26,168
158,20,21,71,209,198,197,26,168
158,20,209,198,197,26,168
158,20,209,71,197,26,168
158,20,21,71,197,26,171
158,20,21,71,209,198,197,26,171
158,20,209,198,197,26,171
158,20,209,71,197,26,171
158,20,21,71,197
158,20,209,198,197
158,20,209,71,197
158,20,21,71,197,198
158,20,21,71,209,198
158,20,209,198
158,20,209
158,20,21,71,197,198,210
158,20,21,71,209,198,210
158,20,209,198,210
158,20,209,71,197,198,210
158,20,21,71,197,255
158,20,21,71,209,198,197,255
158,20,209,198,197,255
158,20,209,71,197,255
158,20,21,71,197,255,256
158,20,21,71,209,198,197,255,256
158,20,209,198,197,255,256
158,20,209,71,197,255,256
158,20,21,71,197,255,223
158,20,21,71,209,198,197,255,223
158,20,209,198,197,255,223
158,20,209,71,197,255,223
158,20,21,71,197,255,256,243
158,20,21,71,209,198,197,255,256,243
158,20,209,198,197,255,256,243
158,20,209,71,197,255,256,243
158,20,21,71,197,198,209,278
158,20,21,71,209,278
158,20,209,278
158,20,21,71,282,281
158,20,209,198,197,71,282,281
158,20,209,71,282,281
158,20,21,71,282,281,159
158,20,209,198,197,71,282,281,159
158,20,209,71,282,281,159
158,20,21,71,282
158,20,209,198,197,71,282
158,20,209,71,282
165,118,114,120,19,195
165,118,114,115,116,220
165,118,114,116,220
165,118,114,120,19,234
165,217
168,26,171
168,26,197
168,26,197,198
168,26,197,71,209
168,26,197,198,209
168,26,197,71,209,198,210
168,26,197,71,21,20,209,198,210
168,26,197,198,210
168,26,197,255
168,26,197,255,256
168,26,197,255,223
168,26,197,255,256,243
168,26,197,71,209,278
168,26,197,71,21,20,209,278
168,26,197,198,209,278
168,26,197,71,282,281
168,26,197,198,209,71,282,281
168,26,197,198,209,20,21,71,282,281
168,26,197,71,282,281,159
168,26,197,198,209,71,282,281,159
168,26,197,198,209,20,21,71,282,281,159
168,26,197,71,282
168,26,197,198,209,71,282
168,26,197,198,209,20,21,71,282
171,26,197
171,26,197,198
171,26,197,71,209
171,26,197,198,209
171,26,197,71,209,198,210
171,26,197,71,21,20,209,198,210
171,26,197,198,210
171,26,197,255
171,26,197,255,256
171,26,197,255,223
171,26,197,255,256,243
171,26,197,71,209,278
171,26,197,71,21,20,209,278
171,26,197,198,209,278
171,26,197,71,282,281
171,26,197,198,209,71,282,281
171,26,197,198,209,20,21,71,282,281
171,26,197,71,282,281,159
171,26,197,198,209,71,282,281,159
171,26,197,198,209,20,21,71,282,281,159
171,26,197,71,282
171,26,197,198,209,71,282
171,26,197,198,209,20,21,71,282
178,85,84,208
178,55,208
179,180
183,66
195,19,120,114,115,116,220
195,19,120,114,116,220
195,19,234
195,19,120,114,118,165,217
197,198
197,71,209
197,198,209
197,71,209,198,210
197,198,210
197,255
197,255,256
197,255,223
197,255,256,243
197,71,209,278
197,71,21,20,209,278
197,198,209,278
197,71,282,281
197,198,209,71,282,281
197,71,282,281,159
197,198,209,71,282,281,159
197,71,282
197,198,209,71,282
198,209
198,210
198,197,255
198,197,255,256
198,197,255,223
198,197,255,256,243
198,209,278
198,197,71,282,281
198,209,71,282,281
198,209,20,21,71,282,281
198,197,71,282,281,159
198,209,71,282,281,159
198,209,20,21,71,282,281,159
198,197,71,282
198,209,71,282
198,209,20,21,71,282
202,81,131
209,198,210
209,198,197,255
209,71,197,255
209,198,197,255,256
209,71,197,255,256
209,198,197,255,223
209,71,197,255,223
209,198,197,255,256,243
209,71,197,255,256,243
209,278
209,71,282,281
209,71,282,281,159
209,71,282
210,198,197,255
210,198,209,71,197,255
210,198,209,20,21,71,197,255
210,198,197,255,256
210,198,209,71,197,255,256
210,198,209,20,21,71,197,255,256
210,198,197,255,223
210,198,209,71,197,255,223
210,198,209,20,21,71,197,255,223
210,198,197,255,256,243
210,198,209,71,197,255,256,243
210,198,209,20,21,71,197,255,256,243
210,198,197,71,209,278
210,198,197,71,21,20,209,278
210,198,209,278
210,198,197,71,282,281
210,198,209,71,282,281
210,198,209,20,21,71,282,281
210,198,197,71,282,281,159
210,198,209,71,282,281,159
210,198,209,20,21,71,282,281,159
210,198,197,71,282
210,198,209,71,282
210,198,209,20,21,71,282
212,213
219,153
220,116,114,120,19,234
220,116,115,114,120,19,234
220,116,114,118,165,217
220,116,115,114,118,165,217
221,22
225,17
234,19,120,114,118,165,217
238,101,167
238,101,233
167,101,233
255,256
255,223
255,256,243
255,197,71,209,278
255,197,71,21,20,209,278
255,197,198,209,278
255,197,71,282,281
255,197,198,209,71,282,281
255,197,198,209,20,21,71,282,281
255,197,71,282,281,159
255,197,198,209,71,282,281,159
255,197,198,209,20,21,71,282,281,159
255,197,71,282
255,197,198,209,71,282
255,197,198,209,20,21,71,282
256,255,223
256,243
256,255,197,71,209,278
256,255,197,71,21,20,209,278
256,255,197,198,209,278
256,255,197,71,282,281
256,255,197,198,209,71,282,281
256,255,197,198,209,20,21,71,282,281
256,255,197,71,282,281,159
256,255,197,198,209,71,282,281,159
256,255,197,198,209,20,21,71,282,281,159
256,255,197,71,282
256,255,197,198,209,71,282
256,255,197,198,209,20,21,71,282
223,255,256,243
223,255,197,71,209,278
223,255,197,71,21,20,209,278
223,255,197,198,209,278
223,255,197,71,282,281
223,255,197,198,209,71,282,281
223,255,197,198,209,20,21,71,282,281
223,255,197,71,282,281,159
223,255,197,198,209,71,282,281,159
223,255,197,198,209,20,21,71,282,281,159
223,255,197,71,282
223,255,197,198,209,71,282
223,255,197,198,209,20,21,71,282
262,161
262,34
262,58
262,144,264
262,144,265
161,262,34
161,262,58
161,262,144,264
161,262,144,265
34,262,58
34,262,144,264
34,262,144,265
58,262,144,264
58,262,144,265
264,144,265
243,256,255,197,71,209,278
243,256,255,197,71,21,20,209,278
243,256,255,197,198,209,278
243,256,255,197,71,282,281
243,256,255,197,198,209,71,282,281
243,256,255,197,198,209,20,21,71,282,281
243,256,255,197,71,282,281,159
243,256,255,197,198,209,71,282,281,159
243,256,255,197,198,209,20,21,71,282,281,159
243,256,255,197,71,282
243,256,255,197,198,209,71,282
243,256,255,197,198,209,20,21,71,282
65,38,260
278,209,198,197,71,282,281
278,209,71,282,281
278,209,20,21,71,282,281
278,209,198,197,71,282,281,159
278,209,71,282,281,159
278,209,20,21,71,282,281,159
278,209,198,197,71,282
278,209,71,282
278,209,20,21,71,282
281,159
281,282
159,281,282
292,269
292,227
269,292,227
298,145
298,152
298,172
145,298,152
145,298,172
152,298,172
