10,11
34,35
34,36
35,34,36
39,40
39,41,350,40
39,41,853,42,928,40
39,41,903,40
39,41,928,40
39,42,853,41,350,40
39,42,853,41,903,40
39,42,928,40
39,42,928,41,350,40
39,42,928,41,903,40
39,41
39,42,853,41
39,42,928,41
39,42
39,93
39,40,350
39,40,903,41,350
39,40,928,42,853,41,350
39,40,928,41,350
39,41,350
39,42,853,41,350
39,42,853,41,903,40,350
39,42,928,40,350
39,42,928,40,903,41,350
39,42,928,41,350
39,660
39,40,350,41,853
39,40,903,41,853
39,40,903,41,928,42,853
39,40,928,42,853
39,40,928,41,853
39,41,853
39,41,928,42,853
39,42,853
39,40,903
39,40,928,41,903
39,41,903
39,42,853,41,903
39,42,928,40,903
39,42,928,41,903
39,40,928
39,41,928
39,42,928
40,39,41
40,39,42,853,41
40,39,42,928,41
40,350,41
40,903,41
40,928,42,853,41
40,928,41
40,39,42
40,350,41,39,42
40,350,41,853,42
40,350,41,928,42
40,903,41,39,42
40,903,41,853,42
40,903,41,928,42
40,928,42
40,39,93
40,350,41,39,93
40,350,41,853,42,39,93
40,350,41,928,42,39,93
40,903,41,39,93
40,903,41,853,42,39,93
40,903,41,928,42,39,93
40,928,42,39,93
40,928,42,853,41,39,93
40,928,41,39,93
40,350
40,903,41,350
40,928,42,853,41,350
40,928,41,350
40,39,660
40,350,41,39,660
40,350,41,853,42,39,660
40,350,41,928,42,39,660
40,903,41,39,660
40,903,41,853,42,39,660
40,903,41,928,42,39,660
40,928,42,39,660
40,928,42,853,41,39,660
40,928,41,39,660
40,39,41,853
40,39,42,853
40,350,41,853
40,903,41,853
40,903,41,928,42,853
40,928,42,853
40,928,41,853
40,903
40,928,41,903
40,928
41,39,42
41,853,42
41,928,42
41,39,93
41,853,42,39,93
41,928,42,39,93
41,350
41,39,660
41,853,42,39,660
41,928,42,39,660
41,853
41,928,42,853
41,903
41,928
42,39,93
42,39,40,350
42,39,40,903,41,350
42,39,41,350
42,853,41,350
42,853,41,903,40,350
42,928,40,350
42,928,40,903,41,350
42,928,41,350
42,39,660
42,853
42,39,40,903
42,39,41,903
42,853,41,903
42,928,40,903
42,928,41,903
42,928
43,7
56,57
56,58
56,59
57,56,58
57,56,59
58,56,59
60,61
60,62,61
60,62
61,62
72,73
72,940,73
72,193
72,459
72,940
72,1006
73,72,193
73,940,72,193
73,72,459
73,940,72,459
73,940
73,72,1006
73,940,72,1006
75,76
75,76,855
75,76,978
75,76,1200
76,855
76,978
76,1200
80,81
80,30,218,219,81
80,30
80,81,219,218
80,30,218
80,81,219
80,30,218,219
80,81,219,122
80,30,218,219,122
80,81,219,230
80,30,218,219,230
80,81,219,231
80,30,218,219,231
81,80,30
81,219,218,30
81,80,30,218
81,219,218
81,219
81,80,30,218,219,122
81,219,122
81,80,30,218,219,230
81,219,230
81,80,30,218,219,231
81,219,231
30,218
30,80,81,219
30,218,219
30,80,81,219,122
30,218,219,122
30,80,81,219,230
30,218,219,230
30,80,81,219,231
30,218,219,231
93,39,40,350
93,39,40,903,41,350
93,39,40,928,42,853,41,350
93,39,40,928,41,350
93,39,41,350
93,39,42,853,41,350
93,39,42,853,41,903,40,350
93,39,42,928,40,350
93,39,42,928,40,903,41,350
93,39,42,928,41,350
93,39,660
93,39,40,350,41,853
93,39,40,903,41,853
93,39,40,903,41,928,42,853
93,39,40,928,42,853
93,39,40,928,41,853
93,39,41,853
93,39,41,928,42,853
93,39,42,853
93,39,40,903
93,39,40,928,41,903
93,39,41,903
93,39,42,853,41,903
93,39,42,928,40,903
93,39,42,928,41,903
93,39,40,928
93,39,41,928
93,39,42,928
100,101
100,102,331,101
100,102,331,103,1026,101
100,102,331,104,1026,101
100,102,1026,101
100,103,331,101
100,103,331,104,1026,101
100,103,1026,101
100,104,331,101
100,104,1026,101
100,102
100,103,331,104,1026,102
100,103,331,102
100,103,1026,102
100,104,331,102
100,104,1026,102
100,103
100,104,331,103
100,104,1026,103
100,104
100,105
100,106,334,105
100,106
100,105,334
100,106,334
100,101,331
100,101,1026,102,331
100,101,1026,103,331
100,101,1026,104,331
100,102,331
100,102,1026,103,331
100,102,1026,104,331
100,103,331
100,103,1026,104,331
100,104,331
100,101,1026
100,102,1026
100,103,1026
100,104,1026
101,100,102
101,100,103,331,104,1026,102
101,100,103,331,102
101,100,103,1026,102
101,100,104,331,102
101,100,104,1026,102
101,331,103,1026,102
101,331,104,1026,102
101,331,102
101,1026,102
101,100,103
101,100,104,331,103
101,100,104,1026,103
101,331,103
101,331,104,1026,103
101,1026,103
101,100,104
101,331,104
101,1026,104
101,100,105
101,100,106,334,105
101,331,103,100,105
101,331,103,100,106,334,105
101,331,103,1026,102,100,105
101,331,103,1026,102,100,106,334,105
101,331,103,1026,104,100,105
101,331,103,1026,104,100,106,334,105
101,331,104,100,105
101,331,104,100,106,334,105
101,331,104,1026,102,100,105
101,331,104,1026,102,100,106,334,105
101,331,102,100,105
101,331,102,100,106,334,105
101,1026,102,100,105
101,1026,102,100,106,334,105
101,1026,103,100,105
101,1026,103,100,106,334,105
101,1026,104,100,105
101,1026,104,100,106,334,105
101,100,106
101,331,103,100,106
101,331,103,1026,102,100,106
101,331,103,1026,104,100,106
101,331,104,100,106
101,331,104,1026,102,100,106
101,331,102,100,106
101,1026,102,100,106
101,1026,103,100,106
101,1026,104,100,106
101,100,105,334
101,100,106,334
101,331,103,100,105,334
101,331,103,100,106,334
101,331,103,1026,102,100,105,334
101,331,103,1026,102,100,106,334
101,331,103,1026,104,100,105,334
101,331,103,1026,104,100,106,334
101,331,104,100,105,334
101,331,104,100,106,334
101,331,104,1026,102,100,105,334
101,331,104,1026,102,100,106,334
101,331,102,100,105,334
101,331,102,100,106,334
101,1026,102,100,105,334
101,1026,102,100,106,334
101,1026,103,100,105,334
101,1026,103,100,106,334
101,1026,104,100,105,334
101,1026,104,100,106,334
101,331
101,1026,102,331
101,1026,103,331
101,1026,104,331
101,1026
102,100,103
102,100,104,331,103
102,100,104,1026,103
102,331,103
102,331,104,1026,103
102,1026,103
102,100,104
102,331,104
102,1026,104
102,100,105
102,100,106,334,105
102,331,103,100,105
102,331,103,100,106,334,105
102,331,103,1026,104,100,105
102,331,103,1026,104,100,106,334,105
102,331,104,100,105
102,331,104,100,106,334,105
102,1026,103,100,105
102,1026,103,100,106,334,105
102,1026,104,100,105
102,1026,104,100,106,334,105
102,100,106
102,331,103,100,106
102,331,103,1026,104,100,106
102,331,104,100,106
102,1026,103,100,106
102,1026,104,100,106
102,100,105,334
102,100,106,334
102,331,103,100,105,334
102,331,103,100,106,334
102,331,103,1026,104,100,105,334
102,331,103,1026,104,100,106,334
102,331,104,100,105,334
102,331,104,100,106,334
102,1026,103,100,105,334
102,1026,103,100,106,334
102,1026,104,100,105,334
102,1026,104,100,106,334
102,331
102,1026,103,331
102,1026,104,331
102,1026
103,100,104
103,331,104
103,1026,104
103,100,105
103,100,106,334,105
103,331,104,100,105
103,331,104,100,106,334,105
103,1026,104,100,105
103,1026,104,100,106,334,105
103,100,106
103,331,104,100,106
103,1026,104,100,106
103,100,105,334
103,100,106,334
103,331,104,100,105,334
103,331,104,100,106,334
103,1026,104,100,105,334
103,1026,104,100,106,334
103,331
103,1026,104,331
103,1026
104,100,105
104,100,106,334,105
104,100,106
104,100,105,334
104,100,106,334
104,331
104,1026
105,100,106
105,334,106
105,334
105,100,101,331
105,100,101,1026,102,331
105,100,101,1026,103,331
105,100,101,1026,104,331
105,100,102,331
105,100,102,1026,103,331
105,100,102,1026,104,331
105,100,103,331
105,100,103,1026,104,331
105,100,104,331
105,334,106,100,101,331
105,334,106,100,101,1026,102,331
105,334,106,100,101,1026,103,331
105,334,106,100,101,1026,104,331
105,334,106,100,102,331
105,334,106,100,102,1026,103,331
105,334,106,100,102,1026,104,331
105,334,106,100,103,331
105,334,106,100,103,1026,104,331
105,334,106,100,104,331
105,100,101,1026
105,100,102,1026
105,100,103,1026
105,100,104,1026
105,334,106,100,101,1026
105,334,106,100,102,1026
105,334,106,100,103,1026
105,334,106,100,104,1026
106,334
106,100,101,331
106,100,101,1026,102,331
106,100,101,1026,103,331
106,100,101,1026,104,331
106,100,102,331
106,100,102,1026,103,331
106,100,102,1026,104,331
106,100,103,331
106,100,103,1026,104,331
106,100,104,331
106,100,101,1026
106,100,102,1026
106,100,103,1026
106,100,104,1026
118,119
120,121
120,121,1039
121,1039
128,129
128,130
128,130,227
128,130,504
128,130,652
128,130,993
129,128,130
129,128,130,227
129,128,130,504
129,128,130,652
129,128,130,993
130,227
130,504
130,652
130,993
139,140
139,140,745
139,140,817
140,745
140,817
151,22
161,162
168,169
186,187
193,72,459
193,72,940
193,72,1006
203,204
203,205
203,204,543
203,205,686
204,203,205
204,543
204,203,205,686
205,203,204,543
205,686
207,208
218,219
218,219,122
218,219,230
218,219,231
219,122
219,230
219,231
220,141
220,448
220,448,447
220,448,447,461
141,220,448
141,220,448,447
141,220,448,447,461
227,130,504
227,130,652
227,130,993
122,219,230
122,219,231
230,219,231
241,242
241,396,397,499,498,307,306
241,396,397,499,1109,369,367,307,306
241,396,397,499,1109,369,367,216,873,307,306
241,396,397,499,1109,369,873,307,306
241,678,397,499,498,307,306
241,678,397,499,1109,369,367,307,306
241,678,397,499,1109,369,367,216,873,307,306
241,678,397,499,1109,369,873,307,306
241,1109,369,367,307,306
241,1109,369,367,216,873,307,306
241,1109,369,873,307,306
241,1109,499,498,307,306
241,396,397,499,498,307
241,396,397,499,1109,369,367,307
241,396,397,499,1109,369,367,216,873,307
241,396,397,499,1109,369,873,307
241,678,397,499,498,307
241,678,397,499,1109,369,367,307
241,678,397,499,1109,369,367,216,873,307
241,678,397,499,1109,369,873,307
241,1109,369,367,307
241,1109,369,367,216,873,307
241,1109,369,873,307
241,1109,499,498,307
241,396,397,499,498,307,367
241,396,397,499,498,307,873,216,367
241,396,397,499,498,307,873,369,367
241,396,397,499,1109,369,367
241,396,397,499,1109,369,873,307,367
241,396,397,499,1109,369,873,216,367
241,678,397,499,498,307,367
241,678,397,499,498,307,873,216,367
241,678,397,499,498,307,873,369,367
241,678,397,499,1109,369,367
241,678,397,499,1109,369,873,307,367
241,678,397,499,1109,369,873,216,367
241,1109,369,367
241,1109,369,873,307,367
241,1109,369,873,216,367
241,1109,499,498,307,367
241,1109,499,498,307,873,216,367
241,1109,499,498,307,873,369,367
241,396,397,499,498,307,367,216
241,396,397,499,498,307,367,369,873,216
241,396,397,499,498,307,873,216
241,396,397,499,1109,369,367,216
241,396,397,499,1109,369,873,216
241,678,397,499,498,307,367,216
241,678,397,499,498,307,367,369,873,216
241,678,397,499,498,307,873,216
241,678,397,499,1109,369,367,216
241,678,397,499,1109,369,873,216
241,1109,369,367,216
241,1109,369,873,216
241,1109,499,498,307,367,216
241,1109,499,498,307,367,369,873,216
241,1109,499,498,307,873,216
241,396,397,499,498,307,367,368
241,396,397,499,498,307,873,216,367,368
241,396,397,499,498,307,873,369,367,368
241,396,397,499,1109,369,367,368
241,396,397,499,1109,369,873,307,367,368
241,396,397,499,1109,369,873,216,367,368
241,678,397,499,498,307,367,368
241,678,397,499,498,307,873,216,367,368
241,678,397,499,498,307,873,369,367,368
241,678,397,499,1109,369,367,368
241,678,397,499,1109,369,873,307,367,368
241,678,397,499,1109,369,873,216,367,368
241,1109,369,367,368
241,1109,369,873,307,367,368
241,1109,369,873,216,367,368
241,1109,499,498,307,367,368
241,1109,499,498,307,873,216,367,368
241,1109,499,498,307,873,369,367,368
241,396,397,499,498,307,367,369
241,396,397,499,498,307,873,369
241,396,397,499,1109,369
241,678,397,499,498,307,367,369
241,678,397,499,498,307,873,369
241,678,397,499,1109,369
241,1109,369
241,1109,499,498,307,367,369
241,1109,499,498,307,873,369
241,396
241,678,397,396
241,1109,369,367,307,498,499,397,396
241,1109,369,367,216,873,307,498,499,397,396
241,1109,369,873,307,498,499,397,396
241,1109,499,397,396
241,396,397
241,678,397
241,1109,369,367,307,498,499,397
241,1109,369,367,216,873,307,498,499,397
241,1109,369,873,307,498,499,397
241,1109,499,397
241,396,397,499,498
241,678,397,499,498
241,678,397,499,1109,369,367,307,498
241,678,397,499,1109,369,367,216,873,307,498
241,678,397,499,1109,369,873,307,498
241,1109,369,367,307,498
241,1109,369,367,216,873,307,498
241,1109,369,873,307,498
241,1109,499,498
241,396,397,499
241,678,397,499
241,1109,499
241,396,397,499,498,307,542
241,396,397,499,1109,369,367,307,542
241,396,397,499,1109,369,367,216,873,307,542
241,396,397,499,1109,369,873,307,542
241,678,397,499,498,307,542
241,678,397,499,1109,369,367,307,542
241,678,397,499,1109,369,367,216,873,307,542
241,678,397,499,1109,369,873,307,542
241,1109,369,367,307,542
241,1109,369,367,216,873,307,542
241,1109,369,873,307,542
241,1109,499,498,307,542
241,600
241,396,397,499,498,307,657
241,396,397,499,1109,369,367,307,657
241,396,397,499,1109,369,367,216,873,307,657
241,396,397,499,1109,369,873,307,657
241,678,397,499,498,307,657
241,678,397,499,1109,369,367,307,657
241,678,397,499,1109,369,367,216,873,307,657
241,678,397,499,1109,369,873,307,657
241,1109,369,367,307,657
241,1109,369,367,216,873,307,657
241,1109,369,873,307,657
241,1109,499,498,307,657
241,678
241,1109,499,397,678
241,396,397,748
241,678,397,748
241,1109,369,367,307,498,499,397,748
241,1109,369,367,216,873,307,498,499,397,748
241,1109,369,873,307,498,499,397,748
241,1109,499,397,748
241,396,397,499,498,307,772
241,396,397,499,1109,369,367,307,772
241,396,397,499,1109,369,367,216,873,307,772
241,396,397,499,1109,369,873,307,772
241,678,397,499,498,307,772
241,678,397,499,1109,369,367,307,772
241,678,397,499,1109,369,367,216,873,307,772
241,678,397,499,1109,369,873,307,772
241,1109,369,367,307,772
241,1109,369,367,216,873,307,772
241,1109,369,873,307,772
241,1109,499,498,307,772
241,396,397,499,498,307,873
241,396,397,499,1109,369,873
241,678,397,499,498,307,873
241,678,397,499,1109,369,873
241,1109,369,873
241,1109,499,498,307,873
241,396,397,499,498,307,367,216,873,874
241,396,397,499,498,307,367,369,873,874
241,396,397,499,498,307,873,874
241,396,397,499,1109,369,367,307,873,874
241,396,397,499,1109,369,367,216,873,874
241,396,397,499,1109,369,873,874
241,678,397,499,498,307,367,216,873,874
241,678,397,499,498,307,367,369,873,874
241,678,397,499,498,307,873,874
241,678,397,499,1109,369,367,307,873,874
241,678,397,499,1109,369,367,216,873,874
241,678,397,499,1109,369,873,874
241,1109,369,367,307,873,874
241,1109,369,367,216,873,874
241,1109,369,873,874
241,1109,499,498,307,367,216,873,874
241,1109,499,498,307,367,369,873,874
241,1109,499,498,307,873,874
241,1109
241,396,397,499,498,307,367,216,873,369,1109,1091
241,396,397,499,498,307,367,369,1109,1091
241,396,397,499,498,307,873,369,1109,1091
241,396,397,499,1109,1091
241,678,397,499,498,307,367,216,873,369,1109,1091
241,678,397,499,498,307,367,369,1109,1091
241,678,397,499,498,307,873,369,1109,1091
241,678,397,499,1109,1091
241,1109,1091
241,396,397,499,498,307,1135
241,396,397,499,1109,369,367,307,1135
241,396,397,499,1109,369,367,216,873,307,1135
241,396,397,499,1109,369,873,307,1135
241,678,397,499,498,307,1135
241,678,397,499,1109,369,367,307,1135
241,678,397,499,1109,369,367,216,873,307,1135
241,678,397,499,1109,369,873,307,1135
241,1109,369,367,307,1135
241,1109,369,367,216,873,307,1135
241,1109,369,873,307,1135
241,1109,499,498,307,1135
242,241,396,397,499,498,307,306
242,241,396,397,499,1109,369,367,307,306
242,241,396,397,499,1109,369,367,216,873,307,306
242,241,396,397,499,1109,369,873,307,306
242,241,678,397,499,498,307,306
242,241,678,397,499,1109,369,367,307,306
242,241,678,397,499,1109,369,367,216,873,307,306
242,241,678,397,499,1109,369,873,307,306
242,241,1109,369,367,307,306
242,241,1109,369,367,216,873,307,306
242,241,1109,369,873,307,306
242,241,1109,499,498,307,306
242,241,396,397,499,498,307
242,241,396,397,499,1109,369,367,307
242,241,396,397,499,1109,369,367,216,873,307
242,241,396,397,499,1109,369,873,307
242,241,678,397,499,498,307
242,241,678,397,499,1109,369,367,307
242,241,678,397,499,1109,369,367,216,873,307
242,241,678,397,499,1109,369,873,307
242,241,1109,369,367,307
242,241,1109,369,367,216,873,307
242,241,1109,369,873,307
242,241,1109,499,498,307
242,241,396,397,499,498,307,367
242,241,396,397,499,498,307,873,216,367
242,241,396,397,499,498,307,873,369,367
242,241,396,397,499,1109,369,367
242,241,396,397,499,1109,369,873,307,367
242,241,396,397,499,1109,369,873,216,367
242,241,678,397,499,498,307,367
242,241,678,397,499,498,307,873,216,367
242,241,678,397,499,498,307,873,369,367
242,241,678,397,499,1109,369,367
242,241,678,397,499,1109,369,873,307,367
242,241,678,397,499,1109,369,873,216,367
242,241,1109,369,367
242,241,1109,369,873,307,367
242,241,1109,369,873,216,367
242,241,1109,499,498,307,367
242,241,1109,499,498,307,873,216,367
242,241,1109,499,498,307,873,369,367
242,241,396,397,499,498,307,367,216
242,241,396,397,499,498,307,367,369,873,216
242,241,396,397,499,498,307,873,216
242,241,396,397,499,1109,369,367,216
242,241,396,397,499,1109,369,873,216
242,241,678,397,499,498,307,367,216
242,241,678,397,499,498,307,367,369,873,216
242,241,678,397,499,498,307,873,216
242,241,678,397,499,1109,369,367,216
242,241,678,397,499,1109,369,873,216
242,241,1109,369,367,216
242,241,1109,369,873,216
242,241,1109,499,498,307,367,216
242,241,1109,499,498,307,367,369,873,216
242,241,1109,499,498,307,873,216
242,241,396,397,499,498,307,367,368
242,241,396,397,499,498,307,873,216,367,368
242,241,396,397,499,498,307,873,369,367,368
242,241,396,397,499,1109,369,367,368
242,241,396,397,499,1109,369,873,307,367,368
242,241,396,397,499,1109,369,873,216,367,368
242,241,678,397,499,498,307,367,368
242,241,678,397,499,498,307,873,216,367,368
242,241,678,397,499,498,307,873,369,367,368
242,241,678,397,499,1109,369,367,368
242,241,678,397,499,1109,369,873,307,367,368
242,241,678,397,499,1109,369,873,216,367,368
242,241,1109,369,367,368
242,241,1109,369,873,307,367,368
242,241,1109,369,873,216,367,368
242,241,1109,499,498,307,367,368
242,241,1109,499,498,307,873,216,367,368
242,241,1109,499,498,307,873,369,367,368
242,241,396,397,499,498,307,367,369
242,241,396,397,499,498,307,873,369
242,241,396,397,499,1109,369
242,241,678,397,499,498,307,367,369
242,241,678,397,499,498,307,873,369
242,241,678,397,499,1109,369
242,241,1109,369
242,241,1109,499,498,307,367,369
242,241,1109,499,498,307,873,369
242,241,396
242,241,678,397,396
242,241,1109,369,367,307,498,499,397,396
242,241,1109,369,367,216,873,307,498,499,397,396
242,241,1109,369,873,307,498,499,397,396
242,241,1109,499,397,396
242,241,396,397
242,241,678,397
242,241,1109,369,367,307,498,499,397
242,241,1109,369,367,216,873,307,498,499,397
242,241,1109,369,873,307,498,499,397
242,241,1109,499,397
242,241,396,397,499,498
242,241,678,397,499,498
242,241,678,397,499,1109,369,367,307,498
242,241,678,397,499,1109,369,367,216,873,307,498
242,241,678,397,499,1109,369,873,307,498
242,241,1109,369,367,307,498
242,241,1109,369,367,216,873,307,498
242,241,1109,369,873,307,498
242,241,1109,499,498
242,241,396,397,499
242,241,678,397,499
242,241,1109,499
242,241,396,397,499,498,307,542
242,241,396,397,499,1109,369,367,307,542
242,241,396,397,499,1109,369,367,216,873,307,542
242,241,396,397,499,1109,369,873,307,542
242,241,678,397,499,498,307,542
242,241,678,397,499,1109,369,367,307,542
242,241,678,397,499,1109,369,367,216,873,307,542
242,241,678,397,499,1109,369,873,307,542
242,241,1109,369,367,307,542
242,241,1109,369,367,216,873,307,542
242,241,1109,369,873,307,542
242,241,1109,499,498,307,542
242,241,600
242,241,396,397,499,498,307,657
242,241,396,397,499,1109,369,367,307,657
242,241,396,397,499,1109,369,367,216,873,307,657
242,241,396,397,499,1109,369,873,307,657
242,241,678,397,499,498,307,657
242,241,678,397,499,1109,369,367,307,657
242,241,678,397,499,1109,369,367,216,873,307,657
242,241,678,397,499,1109,369,873,307,657
242,241,1109,369,367,307,657
242,241,1109,369,367,216,873,307,657
242,241,1109,369,873,307,657
242,241,1109,499,498,307,657
242,241,678
242,241,1109,499,397,678
242,241,396,397,748
242,241,678,397,748
242,241,1109,369,367,307,498,499,397,748
242,241,1109,369,367,216,873,307,498,499,397,748
242,241,1109,369,873,307,498,499,397,748
242,241,1109,499,397,748
242,241,396,397,499,498,307,772
242,241,396,397,499,1109,369,367,307,772
242,241,396,397,499,1109,369,367,216,873,307,772
242,241,396,397,499,1109,369,873,307,772
242,241,678,397,499,498,307,772
242,241,678,397,499,1109,369,367,307,772
242,241,678,397,499,1109,369,367,216,873,307,772
242,241,678,397,499,1109,369,873,307,772
242,241,1109,369,367,307,772
242,241,1109,369,367,216,873,307,772
242,241,1109,369,873,307,772
242,241,1109,499,498,307,772
242,241,396,397,499,498,307,873
242,241,396,397,499,1109,369,873
242,241,678,397,499,498,307,873
242,241,678,397,499,1109,369,873
242,241,1109,369,873
242,241,1109,499,498,307,873
242,241,396,397,499,498,307,367,216,873,874
242,241,396,397,499,498,307,367,369,873,874
242,241,396,397,499,498,307,873,874
242,241,396,397,499,1109,369,367,307,873,874
242,241,396,397,499,1109,369,367,216,873,874
242,241,396,397,499,1109,369,873,874
242,241,678,397,499,498,307,367,216,873,874
242,241,678,397,499,498,307,367,369,873,874
242,241,678,397,499,498,307,873,874
242,241,678,397,499,1109,369,367,307,873,874
242,241,678,397,499,1109,369,367,216,873,874
242,241,678,397,499,1109,369,873,874
242,241,1109,369,367,307,873,874
242,241,1109,369,367,216,873,874
242,241,1109,369,873,874
242,241,1109,499,498,307,367,216,873,874
242,241,1109,499,498,307,367,369,873,874
242,241,1109,499,498,307,873,874
242,241,1109
242,241,396,397,499,498,307,367,216,873,369,1109,1091
242,241,396,397,499,498,307,367,369,1109,1091
242,241,396,397,499,498,307,873,369,1109,1091
242,241,396,397,499,1109,1091
242,241,678,397,499,498,307,367,216,873,369,1109,1091
242,241,678,397,499,498,307,367,369,1109,1091
242,241,678,397,499,498,307,873,369,1109,1091
242,241,678,397,499,1109,1091
242,241,1109,1091
242,241,396,397,499,498,307,1135
242,241,396,397,499,1109,369,367,307,1135
242,241,396,397,499,1109,369,367,216,873,307,1135
242,241,396,397,499,1109,369,873,307,1135
242,241,678,397,499,498,307,1135
242,241,678,397,499,1109,369,367,307,1135
242,241,678,397,499,1109,369,367,216,873,307,1135
242,241,678,397,499,1109,369,873,307,1135
242,241,1109,369,367,307,1135
242,241,1109,369,367,216,873,307,1135
242,241,1109,369,873,307,1135
242,241,1109,499,498,307,1135
256,257
256,258
256,259
256,260
256,261
256,259,66
256,258,785
256,814
256,844
257,256,258
257,256,259
257,256,260
257,256,261
257,256,259,66
257,256,258,785
257,256,814
257,256,844
258,256,259
258,256,260
258,256,261
258,256,259,66
258,785
258,256,814
258,256,844
259,256,260
259,256,261
259,66
259,256,258,785
259,256,814
259,256,844
260,256,261
260,256,259,66
260,256,258,785
260,256,814
260,256,844
261,256,259,66
261,256,258,785
261,256,814
261,256,844
275,276
275,277,626,276
275,277,278,735,276
275,277,278,1124,276
275,278,735,276
275,278,1124,276
275,278,277,626,276
275,277
275,278,735,276,626,277
275,278,1124,276,626,277
275,278,277
275,278
275,276,626
275,277,626
275,278,735,276,626
275,278,1124,276,626
275,278,277,626
275,276,626,277,689
275,276,735,278,277,689
275,276,1124,278,277,689
275,277,689
275,278,735,276,626,277,689
275,278,1124,276,626,277,689
275,278,277,689
275,276,735
275,276,1124,278,735
275,277,626,276,735
275,277,626,276,1124,278,735
275,277,278,735
275,277,278,1124,276,735
275,278,735
275,916
275,276,1124
275,277,626,276,1124
275,277,278,1124
275,278,1124
275,276,626,277,278,889
275,276,735,278,889
275,276,1124,278,889
275,277,626,276,735,278,889
275,277,626,276,1124,278,889
275,277,278,889
275,278,889
276,275,277
276,275,278,277
276,626,277
276,735,278,277
276,1124,278,277
276,275,278
276,626,277,278
276,735,278
276,1124,278
276,626
276,735,278,277,626
276,1124,278,277,626
276,275,277,689
276,275,278,277,689
276,626,277,689
276,735,278,277,689
276,1124,278,277,689
276,735
276,1124,278,735
276,275,916
276,626,277,275,916
276,626,277,278,275,916
276,735,278,275,916
276,735,278,277,275,916
276,1124,278,275,916
276,1124,278,277,275,916
276,1124
276,275,277,278,889
276,275,278,889
276,626,277,278,889
276,735,278,889
276,1124,278,889
277,278
277,626
277,689
277,275,276,735
277,626,276,735
277,626,276,1124,278,735
277,278,735
277,278,1124,276,735
277,275,916
277,626,276,735,278,275,916
277,626,276,1124,278,275,916
277,278,275,916
277,275,276,1124
277,626,276,1124
277,278,1124
277,275,276,735,278,889
277,275,276,1124,278,889
277,626,276,735,278,889
277,626,276,1124,278,889
277,278,889
278,275,276,626
278,735,276,626
278,1124,276,626
278,277,626
278,275,276,626,277,689
278,735,276,626,277,689
278,1124,276,626,277,689
278,277,689
278,735
278,275,916
278,1124
278,889
293,294
306,307
306,307,367
306,307,498,499,1109,369,367
306,307,498,499,1109,369,873,216,367
306,307,498,499,397,396,241,1109,369,367
306,307,498,499,397,396,241,1109,369,873,216,367
306,307,498,499,397,678,241,1109,369,367
306,307,498,499,397,678,241,1109,369,873,216,367
306,307,873,216,367
306,307,873,369,367
306,307,367,216
306,307,367,369,873,216
306,307,498,499,1109,369,367,216
306,307,498,499,1109,369,873,216
306,307,498,499,397,396,241,1109,369,367,216
306,307,498,499,397,396,241,1109,369,873,216
306,307,498,499,397,678,241,1109,369,367,216
306,307,498,499,397,678,241,1109,369,873,216
306,307,873,216
306,307,367,368
306,307,498,499,1109,369,367,368
306,307,498,499,1109,369,873,216,367,368
306,307,498,499,397,396,241,1109,369,367,368
306,307,498,499,397,396,241,1109,369,873,216,367,368
306,307,498,499,397,678,241,1109,369,367,368
306,307,498,499,397,678,241,1109,369,873,216,367,368
306,307,873,216,367,368
306,307,873,369,367,368
306,307,367,369
306,307,498,499,1109,369
306,307,498,499,397,396,241,1109,369
306,307,498,499,397,678,241,1109,369
306,307,873,369
306,307,367,216,873,369,1109,241,396
306,307,367,216,873,369,1109,241,678,397,396
306,307,367,216,873,369,1109,499,397,396
306,307,367,216,873,369,1109,499,397,678,241,396
306,307,367,369,1109,241,396
306,307,367,369,1109,241,678,397,396
306,307,367,369,1109,499,397,396
306,307,367,369,1109,499,397,678,241,396
306,307,498,499,1109,241,396
306,307,498,499,1109,241,678,397,396
306,307,498,499,397,396
306,307,498,499,397,678,241,396
306,307,873,369,1109,241,396
306,307,873,369,1109,241,678,397,396
306,307,873,369,1109,499,397,396
306,307,873,369,1109,499,397,678,241,396
306,307,367,216,873,369,1109,241,396,397
306,307,367,216,873,369,1109,241,678,397
306,307,367,216,873,369,1109,499,397
306,307,367,369,1109,241,396,397
306,307,367,369,1109,241,678,397
306,307,367,369,1109,499,397
306,307,498,499,1109,241,396,397
306,307,498,499,1109,241,678,397
306,307,498,499,397
306,307,873,369,1109,241,396,397
306,307,873,369,1109,241,678,397
306,307,873,369,1109,499,397
306,307,498
306,307,873,369,1109,241,396,397,499,498
306,307,873,369,1109,241,678,397,499,498
306,307,873,369,1109,499,498
306,307,367,216,873,369,1109,499
306,307,367,369,1109,499
306,307,498,499
306,307,873,369,1109,499
306,307,542
306,307,367,216,873,369,1109,241,600
306,307,367,216,873,369,1109,499,397,396,241,600
306,307,367,216,873,369,1109,499,397,678,241,600
306,307,367,369,1109,241,600
306,307,367,369,1109,499,397,396,241,600
306,307,367,369,1109,499,397,678,241,600
306,307,498,499,1109,241,600
306,307,498,499,397,396,241,600
306,307,498,499,397,678,241,600
306,307,873,369,1109,241,600
306,307,873,369,1109,499,397,396,241,600
306,307,873,369,1109,499,397,678,241,600
306,307,657
306,307,367,216,873,369,1109,241,678
306,307,367,216,873,369,1109,499,397,678
306,307,367,369,1109,241,678
306,307,367,369,1109,499,397,678
306,307,498,499,1109,241,678
306,307,498,499,397,678
306,307,873,369,1109,241,678
306,307,873,369,1109,499,397,678
306,307,367,216,873,369,1109,241,396,397,748
306,307,367,216,873,369,1109,241,678,397,748
306,307,367,216,873,369,1109,499,397,748
306,307,367,369,1109,241,396,397,748
306,307,367,369,1109,241,678,397,748
306,307,367,369,1109,499,397,748
306,307,498,499,1109,241,396,397,748
306,307,498,499,1109,241,678,397,748
306,307,498,499,397,748
306,307,873,369,1109,241,396,397,748
306,307,873,369,1109,241,678,397,748
306,307,873,369,1109,499,397,748
306,307,772
306,307,873
306,307,367,216,873,874
306,307,367,369,873,874
306,307,498,499,1109,369,367,216,873,874
306,307,498,499,1109,369,873,874
306,307,498,499,397,396,241,1109,369,367,216,873,874
306,307,498,499,397,396,241,1109,369,873,874
306,307,498,499,397,678,241,1109,369,367,216,873,874
306,307,498,499,397,678,241,1109,369,873,874
306,307,873,874
306,307,367,216,873,369,1109
306,307,367,369,1109
306,307,498,499,1109
306,307,873,369,1109
306,307,367,216,873,369,1109,1091
306,307,367,369,1109,1091
306,307,498,499,1109,1091
306,307,498,499,397,396,241,1109,1091
306,307,498,499,397,678,241,1109,1091
306,307,873,369,1109,1091
306,307,1135
307,367
307,498,499,1109,369,367
307,498,499,1109,369,873,216,367
307,873,216,367
307,873,369,367
307,367,216
307,367,369,873,216
307,498,499,1109,369,367,216
307,498,499,1109,369,873,216
307,498,499,397,396,241,1109,369,367,216
307,498,499,397,396,241,1109,369,873,216
307,498,499,397,678,241,1109,369,367,216
307,498,499,397,678,241,1109,369,873,216
307,873,216
307,367,368
307,498,499,1109,369,367,368
307,498,499,1109,369,873,216,367,368
307,498,499,397,396,241,1109,369,367,368
307,498,499,397,396,241,1109,369,873,216,367,368
307,498,499,397,678,241,1109,369,367,368
307,498,499,397,678,241,1109,369,873,216,367,368
307,873,216,367,368
307,873,369,367,368
307,367,369
307,498,499,1109,369
307,498,499,397,396,241,1109,369
307,498,499,397,678,241,1109,369
307,873,369
307,367,216,873,369,1109,241,396
307,367,216,873,369,1109,241,678,397,396
307,367,216,873,369,1109,499,397,396
307,367,216,873,369,1109,499,397,678,241,396
307,367,369,1109,241,396
307,367,369,1109,241,678,397,396
307,367,369,1109,499,397,396
307,367,369,1109,499,397,678,241,396
307,498,499,1109,241,396
307,498,499,1109,241,678,397,396
307,498,499,397,396
307,498,499,397,678,241,396
307,873,369,1109,241,396
307,873,369,1109,241,678,397,396
307,873,369,1109,499,397,396
307,873,369,1109,499,397,678,241,396
307,367,216,873,369,1109,241,396,397
307,367,216,873,369,1109,241,678,397
307,367,216,873,369,1109,499,397
307,367,369,1109,241,396,397
307,367,369,1109,241,678,397
307,367,369,1109,499,397
307,498,499,1109,241,396,397
307,498,499,1109,241,678,397
307,498,499,397
307,873,369,1109,241,396,397
307,873,369,1109,241,678,397
307,873,369,1109,499,397
307,498
307,873,369,1109,499,498
307,367,216,873,369,1109,499
307,367,369,1109,499
307,498,499
307,873,369,1109,499
307,542
307,367,216,873,369,1109,241,600
307,367,216,873,369,1109,499,397,396,241,600
307,367,216,873,369,1109,499,397,678,241,600
307,367,369,1109,241,600
307,367,369,1109,499,397,396,241,600
307,367,369,1109,499,397,678,241,600
307,498,499,1109,241,600
307,498,499,397,396,241,600
307,498,499,397,678,241,600
307,873,369,1109,241,600
307,873,369,1109,499,397,396,241,600
307,873,369,1109,499,397,678,241,600
307,657
307,367,216,873,369,1109,241,678
307,367,216,873,369,1109,499,397,678
307,367,369,1109,241,678
307,367,369,1109,499,397,678
307,498,499,1109,241,678
307,498,499,397,678
307,873,369,1109,241,678
307,873,369,1109,499,397,678
307,367,216,873,369,1109,241,396,397,748
307,367,216,873,369,1109,241,678,397,748
307,367,216,873,369,1109,499,397,748
307,367,369,1109,241,396,397,748
307,367,369,1109,241,678,397,748
307,367,369,1109,499,397,748
307,498,499,1109,241,396,397,748
307,498,499,1109,241,678,397,748
307,498,499,397,748
307,873,369,1109,241,396,397,748
307,873,369,1109,241,678,397,748
307,873,369,1109,499,397,748
307,772
307,873
307,367,216,873,874
307,367,369,873,874
307,498,499,1109,369,367,216,873,874
307,498,499,1109,369,873,874
307,498,499,397,396,241,1109,369,367,216,873,874
307,498,499,397,396,241,1109,369,873,874
307,498,499,397,678,241,1109,369,367,216,873,874
307,498,499,397,678,241,1109,369,873,874
307,873,874
307,367,216,873,369,1109
307,367,369,1109
307,498,499,1109
307,873,369,1109
307,367,216,873,369,1109,1091
307,367,369,1109,1091
307,498,499,1109,1091
307,498,499,397,396,241,1109,1091
307,498,499,397,678,241,1109,1091
307,873,369,1109,1091
307,1135
316,317
316,318,317
316,318,451,535,317
316,318,451,317
316,318,451,545,544,317
316,318,451,545,546,317
316,318,451,545,642,317
316,318
316,317,535,451
316,317,544,545,451
316,317,546,545,451
316,317,642,545,451
316,317,451
316,318,451
316,317,535
316,317,544,545,451,535
316,317,546,545,451,535
316,317,642,545,451,535
316,318,317,535
316,318,317,544,545,451,535
316,318,317,546,545,451,535
316,318,317,642,545,451,535
316,318,451,535
316,317,544
316,317,546,545,544
316,317,642,545,544
316,318,317,544
316,318,317,546,545,544
316,318,317,642,545,544
316,318,451,535,317,544
316,318,451,535,317,546,545,544
316,318,451,535,317,642,545,544
316,318,451,317,544
316,318,451,317,546,545,544
316,318,451,317,642,545,544
316,318,451,545,544
316,317,318,451,545
316,317,535,451,545
316,317,544,545
316,317,546,545
316,317,642,545
316,317,451,545
316,318,317,535,451,545
316,318,317,544,545
316,318,317,546,545
316,318,317,642,545
316,318,451,545
316,317,546
316,317,642,545,546
316,318,317,546
316,318,317,642,545,546
316,318,451,535,317,546
316,318,451,535,317,642,545,546
316,318,451,317,546
316,318,451,317,642,545,546
316,318,451,545,546
316,317,616
316,318,317,616
316,318,451,535,317,616
316,318,451,317,616
316,318,451,545,544,317,616
316,318,451,545,546,317,616
316,318,451,545,642,317,616
316,317,642
316,318,317,642
316,318,451,535,317,642
316,318,451,317,642
316,318,451,545,642
316,317,705
316,318,317,705
316,318,451,535,317,705
316,318,451,317,705
316,318,451,545,544,317,705
316,318,451,545,546,317,705
316,318,451,545,642,317,705
316,317,992
316,318,317,992
316,318,451,535,317,992
316,318,451,317,992
316,318,451,545,544,317,992
316,318,451,545,546,317,992
316,318,451,545,642,317,992
316,317,1036
316,318,317,1036
316,318,451,535,317,1036
316,318,451,317,1036
316,318,451,545,544,317,1036
316,318,451,545,546,317,1036
316,318,451,545,642,317,1036
317,318
317,535,451,318
317,544,545,451,318
317,546,545,451,318
317,642,545,451,318
317,451,318
317,535,451
317,544,545,451
317,546,545,451
317,642,545,451
317,451
317,535
317,544,545,451,535
317,546,545,451,535
317,642,545,451,535
317,544
317,546,545,544
317,642,545,544
317,318,451,545
317,535,451,545
317,544,545
317,546,545
317,642,545
317,451,545
317,546
317,642,545,546
317,616
317,642
317,705
317,992
317,1036
318,451
318,317,535
318,317,544,545,451,535
318,317,546,545,451,535
318,317,642,545,451,535
318,451,535
318,317,544
318,317,546,545,544
318,317,642,545,544
318,451,535,317,544
318,451,535,317,546,545,544
318,451,535,317,642,545,544
318,451,317,544
318,451,317,546,545,544
318,451,317,642,545,544
318,451,545,544
318,317,535,451,545
318,317,544,545
318,317,546,545
318,317,642,545
318,451,545
318,317,546
318,317,642,545,546
318,451,535,317,546
318,451,535,317,642,545,546
318,451,317,546
318,451,317,642,545,546
318,451,545,546
318,317,616
318,451,535,317,616
318,451,317,616
318,451,545,544,317,616
318,451,545,546,317,616
318,451,545,642,317,616
318,317,642
318,451,535,317,642
318,451,317,642
318,451,545,642
318,317,705
318,451,535,317,705
318,451,317,705
318,451,545,544,317,705
318,451,545,546,317,705
318,451,545,642,317,705
318,317,992
318,451,535,317,992
318,451,317,992
318,451,545,544,317,992
318,451,545,546,317,992
318,451,545,642,317,992
318,317,1036
318,451,535,317,1036
318,451,317,1036
318,451,545,544,317,1036
318,451,545,546,317,1036
318,451,545,642,317,1036
321,322
334,106,100,101,331
334,106,100,101,1026,102,331
334,106,100,101,1026,103,331
334,106,100,101,1026,104,331
334,106,100,102,331
334,106,100,102,1026,103,331
334,106,100,102,1026,104,331
334,106,100,103,331
334,106,100,103,1026,104,331
334,106,100,104,331
334,105,100,101,331
334,105,100,101,1026,102,331
334,105,100,101,1026,103,331
334,105,100,101,1026,104,331
334,105,100,102,331
334,105,100,102,1026,103,331
334,105,100,102,1026,104,331
334,105,100,103,331
334,105,100,103,1026,104,331
334,105,100,104,331
334,106,100,101,1026
334,106,100,102,1026
334,106,100,103,1026
334,106,100,104,1026
334,105,100,101,1026
334,105,100,102,1026
334,105,100,103,1026
334,105,100,104,1026
339,340
339,341
339,341,770
339,341,770,769
339,340,988
340,339,341
340,339,341,770
340,339,341,770,769
340,988
341,770
341,770,769
341,339,340,988
348,349
350,40,39,660
350,40,903,41,39,660
350,40,903,41,853,42,39,660
350,40,903,41,928,42,39,660
350,40,928,42,39,660
350,40,928,42,853,41,39,660
350,40,928,41,39,660
350,41,39,660
350,41,853,42,39,660
350,41,928,42,39,660
350,40,39,42,853
350,40,903,41,853
350,40,903,41,928,42,853
350,40,928,42,853
350,40,928,41,853
350,41,853
350,41,928,42,853
350,40,903
350,40,928,41,903
350,41,903
350,40,928
350,41,928
353,354
353,47,930,354
353,47,986,354
353,47
353,354,930
353,354,986,47,930
353,47,930
353,354,986
353,47,986
354,353,47
354,930,47
354,986,47
354,930
354,986,47,930
354,986
47,930
47,986
358,359
331,101,1026
331,103,1026
331,104,1026
331,102,1026
362,363
362,363,1170
363,1170
367,216
367,369,873,216
367,368
367,369
367,307,498,499,1109,241,396
367,307,498,499,1109,241,678,397,396
367,307,498,499,397,396
367,307,498,499,397,678,241,396
367,307,873,369,1109,241,396
367,307,873,369,1109,241,678,397,396
367,307,873,369,1109,499,397,396
367,307,873,369,1109,499,397,678,241,396
367,216,873,307,498,499,1109,241,396
367,216,873,307,498,499,1109,241,678,397,396
367,216,873,307,498,499,397,396
367,216,873,307,498,499,397,678,241,396
367,216,873,369,1109,241,396
367,216,873,369,1109,241,678,397,396
367,216,873,369,1109,499,397,396
367,216,873,369,1109,499,397,678,241,396
367,369,873,307,498,499,1109,241,396
367,369,873,307,498,499,1109,241,678,397,396
367,369,873,307,498,499,397,396
367,369,873,307,498,499,397,678,241,396
367,369,1109,241,396
367,369,1109,241,678,397,396
367,369,1109,499,397,396
367,369,1109,499,397,678,241,396
367,307,498,499,1109,241,396,397
367,307,498,499,1109,241,678,397
367,307,498,499,397
367,307,873,369,1109,241,396,397
367,307,873,369,1109,241,678,397
367,307,873,369,1109,499,397
367,216,873,307,498,499,1109,241,396,397
367,216,873,307,498,499,1109,241,678,397
367,216,873,307,498,499,397
367,216,873,369,1109,241,396,397
367,216,873,369,1109,241,678,397
367,216,873,369,1109,499,397
367,369,873,307,498,499,1109,241,396,397
367,369,873,307,498,499,1109,241,678,397
367,369,873,307,498,499,397
367,369,1109,241,396,397
367,369,1109,241,678,397
367,369,1109,499,397
367,307,498
367,307,873,369,1109,499,498
367,216,873,307,498
367,216,873,369,1109,241,396,397,499,498
367,216,873,369,1109,241,678,397,499,498
367,216,873,369,1109,499,498
367,369,873,307,498
367,369,1109,241,396,397,499,498
367,369,1109,241,678,397,499,498
367,369,1109,499,498
367,307,498,499
367,307,873,369,1109,499
367,216,873,307,498,499
367,216,873,369,1109,499
367,369,873,307,498,499
367,369,1109,499
367,307,542
367,216,873,307,542
367,216,873,369,1109,241,396,397,499,498,307,542
367,216,873,369,1109,241,678,397,499,498,307,542
367,216,873,369,1109,499,498,307,542
367,369,873,307,542
367,369,1109,241,396,397,499,498,307,542
367,369,1109,241,678,397,499,498,307,542
367,369,1109,499,498,307,542
367,307,498,499,1109,241,600
367,307,498,499,397,396,241,600
367,307,498,499,397,678,241,600
367,307,873,369,1109,241,600
367,307,873,369,1109,499,397,396,241,600
367,307,873,369,1109,499,397,678,241,600
367,216,873,307,498,499,1109,241,600
367,216,873,307,498,499,397,396,241,600
367,216,873,307,498,499,397,678,241,600
367,216,873,369,1109,241,600
367,216,873,369,1109,499,397,396,241,600
367,216,873,369,1109,499,397,678,241,600
367,369,873,307,498,499,1109,241,600
367,369,873,307,498,499,397,396,241,600
367,369,873,307,498,499,397,678,241,600
367,369,1109,241,600
367,369,1109,499,397,396,241,600
367,369,1109,499,397,678,241,600
367,307,657
367,216,873,307,657
367,216,873,369,1109,241,396,397,499,498,307,657
367,216,873,369,1109,241,678,397,499,498,307,657
367,216,873,369,1109,499,498,307,657
367,369,873,307,657
367,369,1109,241,396,397,499,498,307,657
367,369,1109,241,678,397,499,498,307,657
367,369,1109,499,498,307,657
367,307,498,499,1109,241,678
367,307,498,499,397,678
367,307,873,369,1109,241,678
367,307,873,369,1109,499,397,678
367,216,873,307,498,499,1109,241,678
367,216,873,307,498,499,397,678
367,216,873,369,1109,241,678
367,216,873,369,1109,499,397,678
367,369,873,307,498,499,1109,241,678
367,369,873,307,498,499,397,678
367,369,1109,241,678
367,369,1109,499,397,678
367,307,498,499,1109,241,396,397,748
367,307,498,499,1109,241,678,397,748
367,307,498,499,397,748
367,307,873,369,1109,241,396,397,748
367,307,873,369,1109,241,678,397,748
367,307,873,369,1109,499,397,748
367,216,873,307,498,499,1109,241,396,397,748
367,216,873,307,498,499,1109,241,678,397,748
367,216,873,307,498,499,397,748
367,216,873,369,1109,241,396,397,748
367,216,873,369,1109,241,678,397,748
367,216,873,369,1109,499,397,748
367,369,873,307,498,499,1109,241,396,397,748
367,369,873,307,498,499,1109,241,678,397,748
367,369,873,307,498,499,397,748
367,369,1109,241,396,397,748
367,369,1109,241,678,397,748
367,369,1109,499,397,748
367,307,772
367,216,873,307,772
367,216,873,369,1109,241,396,397,499,498,307,772
367,216,873,369,1109,241,678,397,499,498,307,772
367,216,873,369,1109,499,498,307,772
367,369,873,307,772
367,369,1109,241,396,397,499,498,307,772
367,369,1109,241,678,397,499,498,307,772
367,369,1109,499,498,307,772
367,307,873
367,216,873
367,369,873
367,307,498,499,1109,369,873,874
367,307,498,499,397,396,241,1109,369,873,874
367,307,498,499,397,678,241,1109,369,873,874
367,307,873,874
367,216,873,874
367,369,873,874
367,307,498,499,1109
367,307,873,369,1109
367,216,873,307,498,499,1109
367,216,873,369,1109
367,369,1109
367,307,498,499,1109,1091
367,307,498,499,397,396,241,1109,1091
367,307,498,499,397,678,241,1109,1091
367,307,873,369,1109,1091
367,216,873,307,498,499,1109,1091
367,216,873,307,498,499,397,396,241,1109,1091
367,216,873,307,498,499,397,678,241,1109,1091
367,216,873,369,1109,1091
367,369,873,307,498,499,1109,1091
367,369,873,307,498,499,397,396,241,1109,1091
367,369,873,307,498,499,397,678,241,1109,1091
367,369,1109,1091
367,307,1135
367,216,873,307,1135
367,216,873,369,1109,241,396,397,499,498,307,1135
367,216,873,369,1109,241,678,397,499,498,307,1135
367,216,873,369,1109,499,498,307,1135
367,369,873,307,1135
367,369,1109,241,396,397,499,498,307,1135
367,369,1109,241,678,397,499,498,307,1135
367,369,1109,499,498,307,1135
216,367,368
216,873,369,367,368
216,367,369
216,873,369
216,367,307,498,499,1109,241,396
216,367,307,498,499,1109,241,678,397,396
216,367,307,498,499,397,396
216,367,307,498,499,397,678,241,396
216,367,369,873,307,498,499,1109,241,396
216,367,369,873,307,498,499,1109,241,678,397,396
216,367,369,873,307,498,499,397,396
216,367,369,873,307,498,499,397,678,241,396
216,367,369,1109,241,396
216,367,369,1109,241,678,397,396
216,367,369,1109,499,397,396
216,367,369,1109,499,397,678,241,396
216,873,307,498,499,1109,241,396
216,873,307,498,499,1109,241,678,397,396
216,873,307,498,499,397,396
216,873,307,498,499,397,678,241,396
216,873,369,1109,241,396
216,873,369,1109,241,678,397,396
216,873,369,1109,499,397,396
216,873,369,1109,499,397,678,241,396
216,367,307,498,499,1109,241,396,397
216,367,307,498,499,1109,241,678,397
216,367,307,498,499,397
216,367,369,873,307,498,499,397
216,367,369,1109,241,396,397
216,367,369,1109,241,678,397
216,367,369,1109,499,397
216,873,307,498,499,1109,241,396,397
216,873,307,498,499,1109,241,678,397
216,873,307,498,499,397
216,873,369,1109,241,396,397
216,873,369,1109,241,678,397
216,873,369,1109,499,397
216,367,307,498
216,367,369,873,307,498
216,367,369,1109,241,396,397,499,498
216,367,369,1109,241,678,397,499,498
216,367,369,1109,499,498
216,873,307,498
216,873,369,1109,241,396,397,499,498
216,873,369,1109,241,678,397,499,498
216,873,369,1109,499,498
216,367,307,498,499
216,367,369,873,307,498,499
216,367,369,1109,499
216,873,307,498,499
216,873,369,1109,499
216,367,307,542
216,367,369,873,307,542
216,367,369,1109,241,396,397,499,498,307,542
216,367,369,1109,241,678,397,499,498,307,542
216,367,369,1109,499,498,307,542
216,873,307,542
216,873,369,1109,241,396,397,499,498,307,542
216,873,369,1109,241,678,397,499,498,307,542
216,873,369,1109,499,498,307,542
216,367,307,498,499,1109,241,600
216,367,307,498,499,397,396,241,600
216,367,307,498,499,397,678,241,600
216,367,369,873,307,498,499,1109,241,600
216,367,369,873,307,498,499,397,396,241,600
216,367,369,873,307,498,499,397,678,241,600
216,367,369,1109,241,600
216,367,369,1109,499,397,396,241,600
216,367,369,1109,499,397,678,241,600
216,873,307,498,499,1109,241,600
216,873,307,498,499,397,396,241,600
216,873,307,498,499,397,678,241,600
216,873,369,1109,241,600
216,873,369,1109,499,397,396,241,600
216,873,369,1109,499,397,678,241,600
216,367,307,657
216,367,369,873,307,657
216,367,369,1109,241,396,397,499,498,307,657
216,367,369,1109,241,678,397,499,498,307,657
216,367,369,1109,499,498,307,657
216,873,307,657
216,873,369,1109,241,396,397,499,498,307,657
216,873,369,1109,241,678,397,499,498,307,657
216,873,369,1109,499,498,307,657
216,367,307,498,499,1109,241,678
216,367,307,498,499,397,678
216,367,369,873,307,498,499,1109,241,678
216,367,369,873,307,498,499,397,678
216,367,369,1109,241,678
216,367,369,1109,499,397,678
216,873,307,498,499,1109,241,678
216,873,307,498,499,397,678
216,873,369,1109,241,678
216,873,369,1109,499,397,678
216,367,307,498,499,1109,241,396,397,748
216,367,307,498,499,1109,241,678,397,748
216,367,307,498,499,397,748
216,367,369,873,307,498,499,1109,241,396,397,748
216,367,369,873,307,498,499,1109,241,678,397,748
216,367,369,873,307,498,499,397,748
216,367,369,1109,241,396,397,748
216,367,369,1109,241,678,397,748
216,367,369,1109,499,397,748
216,873,307,498,499,1109,241,396,397,748
216,873,307,498,499,1109,241,678,397,748
216,873,307,498,499,397,748
216,873,369,1109,241,396,397,748
216,873,369,1109,241,678,397,748
216,873,369,1109,499,397,748
216,367,307,772
216,367,369,873,307,772
216,367,369,1109,241,396,397,499,498,307,772
216,367,369,1109,241,678,397,499,498,307,772
216,367,369,1109,499,498,307,772
216,873,307,772
216,873,369,1109,241,396,397,499,498,307,772
216,873,369,1109,241,678,397,499,498,307,772
216,873,369,1109,499,498,307,772
216,873
216,367,369,873,874
216,873,874
216,367,307,498,499,1109
216,367,369,1109
216,873,307,498,499,1109
216,873,369,1109
216,367,307,498,499,1109,1091
216,367,307,498,499,397,396,241,1109,1091
216,367,307,498,499,397,678,241,1109,1091
216,367,369,873,307,498,499,1109,1091
216,367,369,1109,1091
216,873,307,498,499,1109,1091
216,873,307,498,499,397,396,241,1109,1091
216,873,307,498,499,397,678,241,1109,1091
216,873,369,1109,1091
216,367,307,1135
216,367,369,873,307,1135
216,367,369,1109,241,396,397,499,498,307,1135
216,367,369,1109,241,678,397,499,498,307,1135
216,367,369,1109,499,498,307,1135
216,873,307,1135
216,873,369,1109,241,396,397,499,498,307,1135
216,873,369,1109,241,678,397,499,498,307,1135
216,873,369,1109,499,498,307,1135
368,367,369
368,367,307,498,499,1109,241,396
368,367,307,498,499,1109,241,678,397,396
368,367,307,498,499,397,396
368,367,307,498,499,397,678,241,396
368,367,307,873,369,1109,241,396
368,367,307,873,369,1109,241,678,397,396
368,367,307,873,369,1109,499,397,396
368,367,307,873,369,1109,499,397,678,241,396
368,367,216,873,307,498,499,1109,241,396
368,367,216,873,307,498,499,1109,241,678,397,396
368,367,216,873,307,498,499,397,396
368,367,216,873,307,498,499,397,678,241,396
368,367,216,873,369,1109,241,396
368,367,216,873,369,1109,241,678,397,396
368,367,216,873,369,1109,499,397,396
368,367,216,873,369,1109,499,397,678,241,396
368,367,369,873,307,498,499,1109,241,396
368,367,369,873,307,498,499,1109,241,678,397,396
368,367,369,873,307,498,499,397,396
368,367,369,873,307,498,499,397,678,241,396
368,367,369,1109,241,396
368,367,369,1109,241,678,397,396
368,367,369,1109,499,397,396
368,367,369,1109,499,397,678,241,396
368,367,307,498,499,1109,241,396,397
368,367,307,498,499,1109,241,678,397
368,367,307,498,499,397
368,367,307,873,369,1109,241,396,397
368,367,307,873,369,1109,241,678,397
368,367,307,873,369,1109,499,397
368,367,216,873,307,498,499,1109,241,396,397
368,367,216,873,307,498,499,1109,241,678,397
368,367,216,873,307,498,499,397
368,367,216,873,369,1109,241,396,397
368,367,216,873,369,1109,241,678,397
368,367,216,873,369,1109,499,397
368,367,369,873,307,498,499,1109,241,396,397
368,367,369,873,307,498,499,1109,241,678,397
368,367,369,873,307,498,499,397
368,367,369,1109,241,396,397
368,367,369,1109,241,678,397
368,367,369,1109,499,397
368,367,307,498
368,367,307,873,369,1109,499,498
368,367,216,873,307,498
368,367,216,873,369,1109,241,396,397,499,498
368,367,216,873,369,1109,241,678,397,499,498
368,367,216,873,369,1109,499,498
368,367,369,873,307,498
368,367,369,1109,241,396,397,499,498
368,367,369,1109,241,678,397,499,498
368,367,369,1109,499,498
368,367,307,498,499
368,367,307,873,369,1109,499
368,367,216,873,307,498,499
368,367,216,873,369,1109,499
368,367,369,873,307,498,499
368,367,369,1109,499
368,367,307,542
368,367,216,873,307,542
368,367,216,873,369,1109,241,396,397,499,498,307,542
368,367,216,873,369,1109,241,678,397,499,498,307,542
368,367,216,873,369,1109,499,498,307,542
368,367,369,873,307,542
368,367,369,1109,241,396,397,499,498,307,542
368,367,369,1109,241,678,397,499,498,307,542
368,367,369,1109,499,498,307,542
368,367,307,498,499,1109,241,600
368,367,307,498,499,397,396,241,600
368,367,307,498,499,397,678,241,600
368,367,307,873,369,1109,241,600
368,367,307,873,369,1109,499,397,396,241,600
368,367,307,873,369,1109,499,397,678,241,600
368,367,216,873,307,498,499,1109,241,600
368,367,216,873,307,498,499,397,396,241,600
368,367,216,873,307,498,499,397,678,241,600
368,367,216,873,369,1109,241,600
368,367,216,873,369,1109,499,397,396,241,600
368,367,216,873,369,1109,499,397,678,241,600
368,367,369,873,307,498,499,1109,241,600
368,367,369,873,307,498,499,397,396,241,600
368,367,369,873,307,498,499,397,678,241,600
368,367,369,1109,241,600
368,367,369,1109,499,397,396,241,600
368,367,369,1109,499,397,678,241,600
368,367,307,657
368,367,216,873,307,657
368,367,216,873,369,1109,241,396,397,499,498,307,657
368,367,216,873,369,1109,241,678,397,499,498,307,657
368,367,216,873,369,1109,499,498,307,657
368,367,369,873,307,657
368,367,369,1109,241,396,397,499,498,307,657
368,367,369,1109,241,678,397,499,498,307,657
368,367,369,1109,499,498,307,657
368,367,307,498,499,1109,241,678
368,367,307,498,499,397,678
368,367,307,873,369,1109,241,678
368,367,307,873,369,1109,499,397,678
368,367,216,873,307,498,499,1109,241,678
368,367,216,873,307,498,499,397,678
368,367,216,873,369,1109,241,678
368,367,216,873,369,1109,499,397,678
368,367,369,873,307,498,499,1109,241,678
368,367,369,873,307,498,499,397,678
368,367,369,1109,241,678
368,367,369,1109,499,397,678
368,367,307,498,499,1109,241,396,397,748
368,367,307,498,499,1109,241,678,397,748
368,367,307,498,499,397,748
368,367,307,873,369,1109,241,396,397,748
368,367,307,873,369,1109,241,678,397,748
368,367,307,873,369,1109,499,397,748
368,367,216,873,307,498,499,1109,241,396,397,748
368,367,216,873,307,498,499,1109,241,678,397,748
368,367,216,873,307,498,499,397,748
368,367,216,873,369,1109,241,396,397,748
368,367,216,873,369,1109,241,678,397,748
368,367,216,873,369,1109,499,397,748
368,367,369,873,307,498,499,1109,241,396,397,748
368,367,369,873,307,498,499,1109,241,678,397,748
368,367,369,873,307,498,499,397,748
368,367,369,1109,241,396,397,748
368,367,369,1109,241,678,397,748
368,367,369,1109,499,397,748
368,367,307,772
368,367,216,873,307,772
368,367,216,873,369,1109,241,396,397,499,498,307,772
368,367,216,873,369,1109,241,678,397,499,498,307,772
368,367,216,873,369,1109,499,498,307,772
368,367,369,873,307,772
368,367,369,1109,241,396,397,499,498,307,772
368,367,369,1109,241,678,397,499,498,307,772
368,367,369,1109,499,498,307,772
368,367,307,873
368,367,216,873
368,367,369,873
368,367,307,498,499,1109,369,873,874
368,367,307,498,499,397,396,241,1109,369,873,874
368,367,307,498,499,397,678,241,1109,369,873,874
368,367,307,873,874
368,367,216,873,874
368,367,369,873,874
368,367,307,498,499,1109
368,367,307,873,369,1109
368,367,216,873,307,498,499,1109
368,367,216,873,369,1109
368,367,369,1109
368,367,307,498,499,1109,1091
368,367,307,498,499,397,396,241,1109,1091
368,367,307,498,499,397,678,241,1109,1091
368,367,307,873,369,1109,1091
368,367,216,873,307,498,499,1109,1091
368,367,216,873,307,498,499,397,396,241,1109,1091
368,367,216,873,307,498,499,397,678,241,1109,1091
368,367,216,873,369,1109,1091
368,367,369,873,307,498,499,1109,1091
368,367,369,873,307,498,499,397,396,241,1109,1091
368,367,369,873,307,498,499,397,678,241,1109,1091
368,367,369,1109,1091
368,367,307,1135
368,367,216,873,307,1135
368,367,216,873,369,1109,241,396,397,499,498,307,1135
368,367,216,873,369,1109,241,678,397,499,498,307,1135
368,367,216,873,369,1109,499,498,307,1135
368,367,369,873,307,1135
368,367,369,1109,241,396,397,499,498,307,1135
368,367,369,1109,241,678,397,499,498,307,1135
368,367,369,1109,499,498,307,1135
369,367,307,498,499,1109,241,396
369,367,307,498,499,1109,241,678,397,396
369,367,307,498,499,397,396
369,367,307,498,499,397,678,241,396
369,873,307,498,499,1109,241,396
369,873,307,498,499,1109,241,678,397,396
369,873,307,498,499,397,396
369,873,307,498,499,397,678,241,396
369,1109,241,396
369,1109,241,678,397,396
369,1109,499,397,396
369,1109,499,397,678,241,396
369,367,307,498,499,397
369,873,307,498,499,397
369,1109,241,396,397
369,1109,241,678,397
369,1109,499,397
369,367,307,498
369,873,307,498
369,1109,241,396,397,499,498
369,1109,241,678,397,499,498
369,1109,499,498
369,367,307,498,499
369,873,307,498,499
369,1109,499
369,367,307,542
369,873,307,542
369,1109,241,396,397,499,498,307,542
369,1109,241,678,397,499,498,307,542
369,1109,499,498,307,542
369,367,307,498,499,1109,241,600
369,367,307,498,499,397,396,241,600
369,367,307,498,499,397,678,241,600
369,873,307,498,499,1109,241,600
369,873,307,498,499,397,396,241,600
369,873,307,498,499,397,678,241,600
369,1109,241,600
369,1109,499,397,396,241,600
369,1109,499,397,678,241,600
369,367,307,657
369,873,307,657
369,1109,241,396,397,499,498,307,657
369,1109,241,678,397,499,498,307,657
369,1109,499,498,307,657
369,367,307,498,499,1109,241,678
369,367,307,498,499,397,678
369,873,307,498,499,1109,241,678
369,873,307,498,499,397,678
369,1109,241,678
369,1109,499,397,678
369,367,307,498,499,1109,241,396,397,748
369,367,307,498,499,1109,241,678,397,748
369,367,307,498,499,397,748
369,873,307,498,499,1109,241,396,397,748
369,873,307,498,499,1109,241,678,397,748
369,873,307,498,499,397,748
369,1109,241,396,397,748
369,1109,241,678,397,748
369,1109,499,397,748
369,367,307,772
369,873,307,772
369,1109,241,396,397,499,498,307,772
369,1109,241,678,397,499,498,307,772
369,1109,499,498,307,772
369,873
369,873,874
369,1109
369,367,307,498,499,1109,1091
369,873,307,498,499,1109,1091
369,1109,1091
369,367,307,1135
369,873,307,1135
369,1109,241,396,397,499,498,307,1135
369,1109,241,678,397,499,498,307,1135
369,1109,499,498,307,1135
66,259,256,258,785
66,259,256,814
66,259,256,844
383,371
386,273
396,397
396,397,678,241,1109,369,367,307,498
396,397,678,241,1109,369,367,216,873,307,498
396,397,678,241,1109,369,873,307,498
396,397,678,241,1109,499,498
396,397,499,498
396,397,499,1109,369,367,307,498
396,397,499,1109,369,367,216,873,307,498
396,397,499,1109,369,873,307,498
396,241,678,397,499,498
396,241,1109,369,367,307,498
396,241,1109,369,367,216,873,307,498
396,241,1109,369,873,307,498
396,241,1109,499,498
396,397,678,241,1109,499
396,397,499
396,241,678,397,499
396,241,1109,499
396,397,678,241,1109,369,367,307,542
396,397,678,241,1109,369,367,216,873,307,542
396,397,678,241,1109,369,873,307,542
396,397,678,241,1109,499,498,307,542
396,397,499,498,307,542
396,397,499,1109,369,367,307,542
396,397,499,1109,369,367,216,873,307,542
396,397,499,1109,369,873,307,542
396,241,678,397,499,498,307,542
396,241,678,397,499,1109,369,367,307,542
396,241,678,397,499,1109,369,367,216,873,307,542
396,241,678,397,499,1109,369,873,307,542
396,241,1109,369,367,307,542
396,241,1109,369,367,216,873,307,542
396,241,1109,369,873,307,542
396,241,1109,499,498,307,542
396,397,678,241,600
396,397,499,498,307,367,216,873,369,1109,241,600
396,397,499,498,307,367,369,1109,241,600
396,397,499,498,307,873,369,1109,241,600
396,397,499,1109,241,600
396,241,600
396,397,678,241,1109,369,367,307,657
396,397,678,241,1109,369,367,216,873,307,657
396,397,678,241,1109,369,873,307,657
396,397,678,241,1109,499,498,307,657
396,397,499,498,307,657
396,397,499,1109,369,367,307,657
396,397,499,1109,369,367,216,873,307,657
396,397,499,1109,369,873,307,657
396,241,678,397,499,498,307,657
396,241,678,397,499,1109,369,367,307,657
396,241,678,397,499,1109,369,367,216,873,307,657
396,241,678,397,499,1109,369,873,307,657
396,241,1109,369,367,307,657
396,241,1109,369,367,216,873,307,657
396,241,1109,369,873,307,657
396,241,1109,499,498,307,657
396,397,678
396,241,678
396,397,748
396,241,678,397,748
396,241,1109,499,397,748
396,397,678,241,1109,369,367,307,772
396,397,678,241,1109,369,367,216,873,307,772
396,397,678,241,1109,369,873,307,772
396,397,678,241,1109,499,498,307,772
396,397,499,498,307,772
396,397,499,1109,369,367,307,772
396,397,499,1109,369,367,216,873,307,772
396,397,499,1109,369,873,307,772
396,241,678,397,499,498,307,772
396,241,678,397,499,1109,369,367,307,772
396,241,678,397,499,1109,369,367,216,873,307,772
396,241,678,397,499,1109,369,873,307,772
396,241,1109,369,367,307,772
396,241,1109,369,367,216,873,307,772
396,241,1109,369,873,307,772
396,241,1109,499,498,307,772
396,397,678,241,1109,369,873
396,397,678,241,1109,499,498,307,873
396,397,499,498,307,873
396,397,499,1109,369,873
396,241,678,397,499,498,307,873
396,241,678,397,499,1109,369,873
396,241,1109,369,873
396,241,1109,499,498,307,873
396,397,678,241,1109,369,367,307,873,874
396,397,678,241,1109,369,367,216,873,874
396,397,678,241,1109,369,873,874
396,397,678,241,1109,499,498,307,367,216,873,874
396,397,678,241,1109,499,498,307,367,369,873,874
396,397,678,241,1109,499,498,307,873,874
396,397,499,498,307,367,216,873,874
396,397,499,498,307,367,369,873,874
396,397,499,498,307,873,874
396,397,499,1109,369,367,307,873,874
396,397,499,1109,369,367,216,873,874
396,397,499,1109,369,873,874
396,241,678,397,499,498,307,367,216,873,874
396,241,678,397,499,498,307,367,369,873,874
396,241,678,397,499,498,307,873,874
396,241,678,397,499,1109,369,367,307,873,874
396,241,678,397,499,1109,369,367,216,873,874
396,241,678,397,499,1109,369,873,874
396,241,1109,369,367,307,873,874
396,241,1109,369,367,216,873,874
396,241,1109,369,873,874
396,241,1109,499,498,307,367,216,873,874
396,241,1109,499,498,307,367,369,873,874
396,241,1109,499,498,307,873,874
396,397,678,241,1109
396,397,499,1109
396,241,1109
396,397,678,241,1109,1091
396,397,499,498,307,367,216,873,369,1109,1091
396,397,499,498,307,367,369,1109,1091
396,397,499,498,307,873,369,1109,1091
396,397,499,1109,1091
396,241,678,397,499,498,307,367,216,873,369,1109,1091
396,241,678,397,499,498,307,367,369,1109,1091
396,241,678,397,499,498,307,873,369,1109,1091
396,241,678,397,499,1109,1091
396,241,1109,1091
396,397,678,241,1109,369,367,307,1135
396,397,678,241,1109,369,367,216,873,307,1135
396,397,678,241,1109,369,873,307,1135
396,397,678,241,1109,499,498,307,1135
396,397,499,498,307,1135
396,397,499,1109,369,367,307,1135
396,397,499,1109,369,367,216,873,307,1135
396,397,499,1109,369,873,307,1135
396,241,678,397,499,498,307,1135
396,241,678,397,499,1109,369,367,307,1135
396,241,678,397,499,1109,369,367,216,873,307,1135
396,241,678,397,499,1109,369,873,307,1135
396,241,1109,369,367,307,1135
396,241,1109,369,367,216,873,307,1135
396,241,1109,369,873,307,1135
396,241,1109,499,498,307,1135
397,396,241,1109,369,367,307,498
397,396,241,1109,369,367,216,873,307,498
397,396,241,1109,369,873,307,498
397,396,241,1109,499,498
397,678,241,1109,369,367,307,498
397,678,241,1109,369,367,216,873,307,498
397,678,241,1109,369,873,307,498
397,678,241,1109,499,498
397,499,498
397,499,1109,369,367,307,498
397,499,1109,369,367,216,873,307,498
397,499,1109,369,873,307,498
397,499
397,396,241,1109,369,367,307,542
397,396,241,1109,369,367,216,873,307,542
397,396,241,1109,369,873,307,542
397,396,241,1109,499,498,307,542
397,678,241,1109,369,367,307,542
397,678,241,1109,369,367,216,873,307,542
397,678,241,1109,369,873,307,542
397,678,241,1109,499,498,307,542
397,499,498,307,542
397,499,1109,369,367,307,542
397,499,1109,369,367,216,873,307,542
397,499,1109,369,873,307,542
397,396,241,600
397,678,241,600
397,499,498,307,367,216,873,369,1109,241,600
397,499,498,307,367,369,1109,241,600
397,499,498,307,873,369,1109,241,600
397,499,1109,241,600
397,396,241,1109,369,367,307,657
397,396,241,1109,369,367,216,873,307,657
397,396,241,1109,369,873,307,657
397,396,241,1109,499,498,307,657
397,678,241,1109,369,367,307,657
397,678,241,1109,369,367,216,873,307,657
397,678,241,1109,369,873,307,657
397,678,241,1109,499,498,307,657
397,499,498,307,657
397,499,1109,369,367,307,657
397,499,1109,369,367,216,873,307,657
397,499,1109,369,873,307,657
397,678
397,748
397,396,241,1109,369,367,307,772
397,396,241,1109,369,367,216,873,307,772
397,396,241,1109,369,873,307,772
397,396,241,1109,499,498,307,772
397,678,241,1109,369,367,307,772
397,678,241,1109,369,367,216,873,307,772
397,678,241,1109,369,873,307,772
397,678,241,1109,499,498,307,772
397,499,498,307,772
397,499,1109,369,367,307,772
397,499,1109,369,367,216,873,307,772
397,499,1109,369,873,307,772
397,396,241,1109,369,873
397,396,241,1109,499,498,307,873
397,678,241,1109,369,873
397,678,241,1109,499,498,307,873
397,499,498,307,873
397,499,1109,369,873
397,396,241,1109,369,367,307,873,874
397,396,241,1109,369,367,216,873,874
397,396,241,1109,369,873,874
397,396,241,1109,499,498,307,367,216,873,874
397,396,241,1109,499,498,307,873,874
397,678,241,1109,369,367,307,873,874
397,678,241,1109,369,367,216,873,874
397,678,241,1109,369,873,874
397,678,241,1109,499,498,307,367,216,873,874
397,678,241,1109,499,498,307,873,874
397,499,498,307,367,216,873,874
397,499,498,307,367,369,873,874
397,499,498,307,873,874
397,499,1109,369,367,307,873,874
397,499,1109,369,367,216,873,874
397,499,1109,369,873,874
397,396,241,1109
397,678,241,1109
397,499,1109
397,396,241,1109,1091
397,678,241,1109,1091
397,499,498,307,367,216,873,369,1109,1091
397,499,498,307,367,369,1109,1091
397,499,498,307,873,369,1109,1091
397,499,1109,1091
397,396,241,1109,369,367,307,1135
397,396,241,1109,369,367,216,873,307,1135
397,396,241,1109,369,873,307,1135
397,396,241,1109,499,498,307,1135
397,678,241,1109,369,367,307,1135
397,678,241,1109,369,367,216,873,307,1135
397,678,241,1109,369,873,307,1135
397,678,241,1109,499,498,307,1135
397,499,498,307,1135
397,499,1109,369,367,307,1135
397,499,1109,369,367,216,873,307,1135
397,499,1109,369,873,307,1135
416,1045
429,411
429,430
411,429,430
435,436
448,447
448,447,461
447,461
451,535
451,535,317,544
451,535,317,546,545,544
451,535,317,642,545,544
451,317,544
451,317,546,545,544
451,317,642,545,544
451,545,544
451,545
451,535,317,546
451,535,317,642,545,546
451,317,546
451,317,642,545,546
451,545,546
451,535,317,616
451,317,616
451,545,544,317,616
451,545,546,317,616
451,545,642,317,616
451,535,317,642
451,317,642
451,545,642
451,535,317,705
451,317,705
451,545,544,317,705
451,545,546,317,705
451,545,642,317,705
451,535,317,992
451,317,992
451,545,544,317,992
451,545,546,317,992
451,545,642,317,992
451,535,317,1036
451,317,1036
451,545,544,317,1036
451,545,546,317,1036
451,545,642,317,1036
459,72,940
459,72,1006
468,469
468,469,983,982
468,469,983
468,469,983,864
469,983,982
469,983
469,983,864
473,79
473,79,617
473,79,945
79,617
79,945
498,499
498,499,1109,369,873,307,542
498,499,397,396,241,1109,369,873,307,542
498,499,397,678,241,1109,369,873,307,542
498,307,542
498,499,1109,241,600
498,499,397,396,241,600
498,499,397,678,241,600
498,307,367,216,873,369,1109,241,600
498,307,367,216,873,369,1109,499,397,678,241,600
498,307,367,369,1109,241,600
498,307,367,369,1109,499,397,678,241,600
498,307,873,369,1109,241,600
498,307,873,369,1109,499,397,678,241,600
498,499,1109,369,873,307,657
498,499,397,396,241,1109,369,873,307,657
498,499,397,678,241,1109,369,873,307,657
498,307,657
498,499,1109,241,678
498,499,397,678
498,307,367,216,873,369,1109,241,678
498,307,367,216,873,369,1109,499,397,678
498,307,367,369,1109,241,678
498,307,367,369,1109,499,397,678
498,307,873,369,1109,241,678
498,307,873,369,1109,499,397,678
498,499,1109,241,396,397,748
498,499,1109,241,678,397,748
498,499,397,748
498,307,367,216,873,369,1109,241,396,397,748
498,307,367,216,873,369,1109,241,678,397,748
498,307,367,216,873,369,1109,499,397,748
498,307,367,369,1109,241,396,397,748
498,307,367,369,1109,241,678,397,748
498,307,367,369,1109,499,397,748
498,307,873,369,1109,241,396,397,748
498,307,873,369,1109,241,678,397,748
498,307,873,369,1109,499,397,748
498,499,1109,369,873,307,772
498,499,397,396,241,1109,369,873,307,772
498,499,397,678,241,1109,369,873,307,772
498,307,772
498,499,1109,369,873
498,499,397,396,241,1109,369,873
498,499,397,678,241,1109,369,873
498,307,873
498,499,1109,369,367,216,873,874
498,499,1109,369,873,874
498,499,397,396,241,1109,369,367,216,873,874
498,499,397,396,241,1109,369,873,874
498,499,397,678,241,1109,369,367,216,873,874
498,499,397,678,241,1109,369,873,874
498,307,367,216,873,874
498,307,367,369,873,874
498,307,873,874
498,499,1109
498,307,367,216,873,369,1109
498,307,367,369,1109
498,307,873,369,1109
498,499,1109,1091
498,499,397,396,241,1109,1091
498,499,397,678,241,1109,1091
498,307,367,216,873,369,1109,1091
498,307,367,369,1109,1091
498,307,873,369,1109,1091
498,499,1109,369,873,307,1135
498,499,397,396,241,1109,369,873,307,1135
498,499,397,678,241,1109,369,873,307,1135
498,307,1135
499,498,307,542
499,1109,369,367,307,542
499,1109,369,367,216,873,307,542
499,1109,369,873,307,542
499,1109,241,600
499,397,396,241,600
499,397,678,241,600
499,498,307,657
499,1109,369,367,307,657
499,1109,369,367,216,873,307,657
499,1109,369,873,307,657
499,1109,241,678
499,397,678
499,1109,241,678,397,748
499,397,748
499,498,307,772
499,1109,369,367,307,772
499,1109,369,367,216,873,307,772
499,1109,369,873,307,772
499,498,307,873
499,1109,369,873
499,498,307,367,216,873,874
499,498,307,367,369,873,874
499,498,307,873,874
499,1109,369,367,307,873,874
499,1109,369,367,216,873,874
499,1109,369,873,874
499,1109
499,1109,1091
499,498,307,1135
499,1109,369,367,307,1135
499,1109,369,367,216,873,307,1135
499,1109,369,873,307,1135
504,130,652
504,130,993
516,517
535,451,545,544
535,317,544
535,317,546,545,544
535,317,642,545,544
535,451,545
535,317,544,545
535,317,546,545
535,317,642,545
535,451,545,546
535,317,546
535,317,642,545,546
535,451,545,544,317,616
535,451,545,546,317,616
535,451,545,642,317,616
535,317,616
535,451,545,642
535,317,642
535,451,545,544,317,705
535,451,545,546,317,705
535,451,545,642,317,705
535,317,705
535,451,545,544,317,992
535,451,545,546,317,992
535,451,545,642,317,992
535,317,992
535,451,545,544,317,1036
535,451,545,546,317,1036
535,451,545,642,317,1036
535,317,1036
542,307,367,216,873,369,1109,241,600
542,307,367,216,873,369,1109,499,397,396,241,600
542,307,367,216,873,369,1109,499,397,678,241,600
542,307,367,369,1109,241,600
542,307,367,369,1109,499,397,396,241,600
542,307,367,369,1109,499,397,678,241,600
542,307,498,499,1109,241,600
542,307,498,499,397,396,241,600
542,307,498,499,397,678,241,600
542,307,873,369,1109,241,600
542,307,873,369,1109,499,397,396,241,600
542,307,873,369,1109,499,397,678,241,600
542,307,657
542,307,367,216,873,369,1109,241,678
542,307,367,216,873,369,1109,499,397,678
542,307,367,369,1109,241,678
542,307,367,369,1109,499,397,678
542,307,498,499,1109,241,678
542,307,498,499,397,678
542,307,873,369,1109,241,678
542,307,873,369,1109,499,397,678
542,307,367,216,873,369,1109,241,396,397,748
542,307,367,216,873,369,1109,241,678,397,748
542,307,367,216,873,369,1109,499,397,748
542,307,367,369,1109,241,396,397,748
542,307,367,369,1109,241,678,397,748
542,307,367,369,1109,499,397,748
542,307,498,499,1109,241,396,397,748
542,307,498,499,1109,241,678,397,748
542,307,498,499,397,748
542,307,873,369,1109,241,396,397,748
542,307,873,369,1109,241,678,397,748
542,307,873,369,1109,499,397,748
542,307,772
542,307,873
542,307,367,216,873,874
542,307,367,369,873,874
542,307,498,499,1109,369,367,216,873,874
542,307,498,499,1109,369,873,874
542,307,498,499,397,396,241,1109,369,367,216,873,874
542,307,498,499,397,396,241,1109,369,873,874
542,307,498,499,397,678,241,1109,369,367,216,873,874
542,307,498,499,397,678,241,1109,369,873,874
542,307,873,874
542,307,367,216,873,369,1109
542,307,367,369,1109
542,307,498,499,1109
542,307,873,369,1109
542,307,367,216,873,369,1109,1091
542,307,367,369,1109,1091
542,307,498,499,1109,1091
542,307,498,499,397,396,241,1109,1091
542,307,498,499,397,678,241,1109,1091
542,307,873,369,1109,1091
542,307,1135
543,204,203,205,686
544,545
544,545,546
544,545,642,317,546
544,317,546
544,545,546,317,616
544,545,642,317,616
544,317,616
544,545,642
544,317,642
544,545,546,317,705
544,545,642,317,705
544,317,705
544,545,546,317,992
544,545,642,317,992
544,317,992
544,545,546,317,1036
544,545,642,317,1036
544,317,1036
545,546
545,544,317,616
545,546,317,616
545,642,317,616
545,451,318,316,317,616
545,451,318,317,616
545,451,535,317,616
545,451,317,616
545,642
545,544,317,705
545,546,317,705
545,642,317,705
545,451,318,316,317,705
545,451,318,317,705
545,451,535,317,705
545,451,317,705
545,544,317,992
545,546,317,992
545,642,317,992
545,451,318,316,317,992
545,451,318,317,992
545,451,535,317,992
545,451,317,992
545,544,317,1036
545,546,317,1036
545,642,317,1036
545,451,318,316,317,1036
545,451,318,317,1036
545,451,535,317,1036
545,451,317,1036
546,545,642,317,616
546,317,616
546,545,642
546,317,642
546,545,642,317,705
546,317,705
546,545,642,317,992
546,317,992
546,545,642,317,1036
546,317,1036
552,553
552,553,1229
553,1229
559,560
559,539
559,561
560,559,539
560,559,561
539,559,561
589,180
600,241,396,397,499,498,307,657
600,241,396,397,499,1109,369,367,307,657
600,241,396,397,499,1109,369,367,216,873,307,657
600,241,396,397,499,1109,369,873,307,657
600,241,678,397,499,498,307,657
600,241,678,397,499,1109,369,367,307,657
600,241,678,397,499,1109,369,367,216,873,307,657
600,241,678,397,499,1109,369,873,307,657
600,241,1109,369,367,307,657
600,241,1109,369,367,216,873,307,657
600,241,1109,369,873,307,657
600,241,1109,499,498,307,657
600,241,678
600,241,1109,499,397,678
600,241,396,397,748
600,241,678,397,748
600,241,1109,369,367,307,498,499,397,748
600,241,1109,369,367,216,873,307,498,499,397,748
600,241,1109,369,873,307,498,499,397,748
600,241,1109,499,397,748
600,241,396,397,499,498,307,772
600,241,396,397,499,1109,369,367,307,772
600,241,396,397,499,1109,369,367,216,873,307,772
600,241,396,397,499,1109,369,873,307,772
600,241,678,397,499,498,307,772
600,241,678,397,499,1109,369,367,307,772
600,241,678,397,499,1109,369,367,216,873,307,772
600,241,678,397,499,1109,369,873,307,772
600,241,1109,369,367,307,772
600,241,1109,369,367,216,873,307,772
600,241,1109,369,873,307,772
600,241,1109,499,498,307,772
600,241,396,397,499,498,307,873
600,241,396,397,499,1109,369,873
600,241,678,397,499,498,307,873
600,241,678,397,499,1109,369,873
600,241,1109,369,873
600,241,1109,499,498,307,873
600,241,396,397,499,498,307,367,216,873,874
600,241,396,397,499,498,307,367,369,873,874
600,241,396,397,499,498,307,873,874
600,241,396,397,499,1109,369,367,307,873,874
600,241,396,397,499,1109,369,367,216,873,874
600,241,396,397,499,1109,369,873,874
600,241,678,397,499,498,307,367,216,873,874
600,241,678,397,499,498,307,367,369,873,874
600,241,678,397,499,498,307,873,874
600,241,678,397,499,1109,369,367,307,873,874
600,241,678,397,499,1109,369,367,216,873,874
600,241,678,397,499,1109,369,873,874
600,241,1109,369,367,307,873,874
600,241,1109,369,367,216,873,874
600,241,1109,369,873,874
600,241,1109,499,498,307,367,216,873,874
600,241,1109,499,498,307,367,369,873,874
600,241,1109,499,498,307,873,874
600,241,1109
600,241,396,397,499,498,307,367,216,873,369,1109,1091
600,241,396,397,499,498,307,367,369,1109,1091
600,241,396,397,499,498,307,873,369,1109,1091
600,241,396,397,499,1109,1091
600,241,678,397,499,498,307,367,216,873,369,1109,1091
600,241,678,397,499,498,307,367,369,1109,1091
600,241,678,397,499,498,307,873,369,1109,1091
600,241,678,397,499,1109,1091
600,241,1109,1091
600,241,396,397,499,498,307,1135
600,241,396,397,499,1109,369,367,307,1135
600,241,396,397,499,1109,369,367,216,873,307,1135
600,241,396,397,499,1109,369,873,307,1135
600,241,678,397,499,498,307,1135
600,241,678,397,499,1109,369,367,307,1135
600,241,678,397,499,1109,369,367,216,873,307,1135
600,241,678,397,499,1109,369,873,307,1135
600,241,1109,369,367,307,1135
600,241,1109,369,367,216,873,307,1135
600,241,1109,369,873,307,1135
600,241,1109,499,498,307,1135
604,380
604,380,1148
380,1148
616,317,642
616,317,705
616,317,992
616,317,1036
617,79,945
626,277,689
626,276,735
626,276,1124,278,735
626,277,275,278,735
626,277,278,735
626,276,275,916
626,276,735,278,275,916
626,276,1124,278,275,916
626,277,275,916
626,277,278,275,916
626,276,1124
626,277,275,278,1124
626,277,278,1124
626,276,275,278,889
626,276,735,278,889
626,276,1124,278,889
626,277,275,278,889
626,277,278,889
627,628
642,317,705
642,317,992
642,317,1036
648,649
652,130,993
657,307,367,216,873,369,1109,241,678
657,307,367,216,873,369,1109,499,397,678
657,307,367,369,1109,241,678
657,307,367,369,1109,499,397,678
657,307,498,499,1109,241,678
657,307,498,499,397,678
657,307,873,369,1109,241,678
657,307,873,369,1109,499,397,678
657,307,367,216,873,369,1109,241,396,397,748
657,307,367,216,873,369,1109,241,678,397,748
657,307,367,216,873,369,1109,499,397,748
657,307,367,369,1109,241,396,397,748
657,307,367,369,1109,241,678,397,748
657,307,367,369,1109,499,397,748
657,307,498,499,1109,241,396,397,748
657,307,498,499,1109,241,678,397,748
657,307,498,499,397,748
657,307,873,369,1109,241,396,397,748
657,307,873,369,1109,241,678,397,748
657,307,873,369,1109,499,397,748
657,307,772
657,307,873
657,307,367,216,873,874
657,307,367,369,873,874
657,307,498,499,1109,369,367,216,873,874
657,307,498,499,1109,369,873,874
657,307,498,499,397,396,241,1109,369,367,216,873,874
657,307,498,499,397,396,241,1109,369,873,874
657,307,498,499,397,678,241,1109,369,367,216,873,874
657,307,498,499,397,678,241,1109,369,873,874
657,307,873,874
657,307,367,216,873,369,1109
657,307,367,369,1109
657,307,498,499,1109
657,307,873,369,1109
657,307,367,216,873,369,1109,1091
657,307,367,369,1109,1091
657,307,498,499,1109,1091
657,307,498,499,397,396,241,1109,1091
657,307,498,499,397,678,241,1109,1091
657,307,873,369,1109,1091
657,307,1135
660,39,40,350,41,853
660,39,40,903,41,853
660,39,40,903,41,928,42,853
660,39,40,928,42,853
660,39,40,928,41,853
660,39,41,853
660,39,41,928,42,853
660,39,42,853
660,39,40,903
660,39,40,928,41,903
660,39,41,903
660,39,42,853,41,903
660,39,42,928,40,903
660,39,42,928,41,903
660,39,40,928
660,39,41,928
660,39,42,928
674,675
674,675,1251
675,1251
678,397,748
678,241,1109,369,367,307,772
678,241,1109,369,367,216,873,307,772
678,241,1109,369,873,307,772
678,241,1109,499,498,307,772
678,397,499,498,307,772
678,397,499,1109,369,367,307,772
678,397,499,1109,369,367,216,873,307,772
678,397,499,1109,369,873,307,772
678,241,1109,369,873
678,241,1109,499,498,307,873
678,397,499,498,307,873
678,397,499,1109,369,873
678,241,1109,369,367,307,873,874
678,241,1109,369,367,216,873,874
678,241,1109,369,873,874
678,241,1109,499,498,307,367,216,873,874
678,241,1109,499,498,307,367,369,873,874
678,241,1109,499,498,307,873,874
678,397,499,498,307,367,216,873,874
678,397,499,498,307,367,369,873,874
678,397,499,498,307,873,874
678,397,499,1109,369,367,307,873,874
678,397,499,1109,369,367,216,873,874
678,397,499,1109,369,873,874
678,241,1109
678,397,499,1109
678,241,1109,1091
678,397,499,498,307,367,216,873,369,1109,1091
678,397,499,498,307,367,369,1109,1091
678,397,499,498,307,873,369,1109,1091
678,397,499,1109,1091
678,241,1109,369,367,307,1135
678,241,1109,369,367,216,873,307,1135
678,241,1109,369,873,307,1135
678,241,1109,499,498,307,1135
678,397,499,498,307,1135
678,397,499,1109,369,367,307,1135
678,397,499,1109,369,367,216,873,307,1135
678,397,499,1109,369,873,307,1135
689,277,275,276,735
689,277,275,276,1124,278,735
689,277,275,278,735
689,277,626,276,735
689,277,626,276,1124,278,735
689,277,278,735
689,277,278,1124,276,735
689,277,275,916
689,277,626,276,275,916
689,277,626,276,735,278,275,916
689,277,626,276,1124,278,275,916
689,277,278,275,916
689,277,278,735,276,275,916
689,277,278,1124,276,275,916
689,277,275,276,1124
689,277,275,278,1124
689,277,626,276,1124
689,277,278,1124
689,277,275,276,735,278,889
689,277,275,276,1124,278,889
689,277,275,278,889
689,277,626,276,275,278,889
689,277,626,276,735,278,889
689,277,626,276,1124,278,889
689,277,278,889
705,317,992
705,317,1036
707,175
709,710
735,276,275,916
735,276,626,277,275,916
735,276,1124,278,275,916
735,276,1124,278,277,275,916
735,278,275,916
735,278,1124,276,626,277,275,916
735,278,277,275,916
735,276,1124
735,278,1124
735,276,1124,278,889
735,278,889
745,140,817
748,397,396,241,1109,369,367,307,772
748,397,396,241,1109,369,367,216,873,307,772
748,397,396,241,1109,369,873,307,772
748,397,396,241,1109,499,498,307,772
748,397,678,241,1109,369,367,307,772
748,397,678,241,1109,369,367,216,873,307,772
748,397,678,241,1109,369,873,307,772
748,397,678,241,1109,499,498,307,772
748,397,499,498,307,772
748,397,499,1109,369,367,307,772
748,397,499,1109,369,367,216,873,307,772
748,397,499,1109,369,873,307,772
748,397,396,241,1109,369,873
748,397,396,241,1109,499,498,307,873
748,397,678,241,1109,369,873
748,397,678,241,1109,499,498,307,873
748,397,499,498,307,873
748,397,499,1109,369,873
748,397,396,241,1109,369,367,307,873,874
748,397,396,241,1109,369,367,216,873,874
748,397,396,241,1109,369,873,874
748,397,396,241,1109,499,498,307,367,216,873,874
748,397,396,241,1109,499,498,307,367,369,873,874
748,397,396,241,1109,499,498,307,873,874
748,397,678,241,1109,369,367,307,873,874
748,397,678,241,1109,369,367,216,873,874
748,397,678,241,1109,369,873,874
748,397,678,241,1109,499,498,307,367,216,873,874
748,397,678,241,1109,499,498,307,367,369,873,874
748,397,678,241,1109,499,498,307,873,874
748,397,499,498,307,367,216,873,874
748,397,499,498,307,367,369,873,874
748,397,499,498,307,873,874
748,397,499,1109,369,367,307,873,874
748,397,499,1109,369,367,216,873,874
748,397,499,1109,369,873,874
748,397,396,241,1109
748,397,678,241,1109
748,397,499,1109
748,397,396,241,1109,1091
748,397,678,241,1109,1091
748,397,499,498,307,367,216,873,369,1109,1091
748,397,499,498,307,367,369,1109,1091
748,397,499,498,307,873,369,1109,1091
748,397,499,1109,1091
748,397,396,241,1109,369,367,307,1135
748,397,396,241,1109,369,367,216,873,307,1135
748,397,396,241,1109,369,873,307,1135
748,397,396,241,1109,499,498,307,1135
748,397,678,241,1109,369,367,307,1135
748,397,678,241,1109,369,367,216,873,307,1135
748,397,678,241,1109,369,873,307,1135
748,397,678,241,1109,499,498,307,1135
748,397,499,498,307,1135
748,397,499,1109,369,367,307,1135
748,397,499,1109,369,367,216,873,307,1135
748,397,499,1109,369,873,307,1135
767,455
770,769
770,341,339,340,988
769,770,341,339,340,988
772,307,873
772,307,367,216,873,874
772,307,367,369,873,874
772,307,498,499,1109,369,367,216,873,874
772,307,498,499,1109,369,873,874
772,307,498,499,397,396,241,1109,369,367,216,873,874
772,307,498,499,397,396,241,1109,369,873,874
772,307,498,499,397,678,241,1109,369,367,216,873,874
772,307,498,499,397,678,241,1109,369,873,874
772,307,873,874
772,307,367,216,873,369,1109
772,307,367,369,1109
772,307,498,499,1109
772,307,873,369,1109
772,307,367,216,873,369,1109,1091
772,307,367,369,1109,1091
772,307,498,499,1109,1091
772,307,498,499,397,396,241,1109,1091
772,307,498,499,397,678,241,1109,1091
772,307,873,369,1109,1091
772,307,1135
785,258,256,814
785,258,256,844
814,256,844
825,826
825,826,936
826,936
845,618
853,41,903
853,41,928,40,903
853,42,39,40,903
853,42,928,40,903
853,42,928,41,903
853,41,928
853,42,928
855,76,978
855,76,1200
871,209
873,874
873,307,498,499,1109
873,369,1109
873,307,498,499,1109,1091
873,307,498,499,397,396,241,1109,1091
873,307,498,499,397,678,241,1109,1091
873,369,1109,1091
873,307,1135
874,873,307,367,369,1109
874,873,307,498,499,1109
874,873,216,367,307,498,499,1109
874,873,216,367,369,1109
874,873,369,1109
874,873,307,367,369,1109,1091
874,873,307,498,499,1109,1091
874,873,307,498,499,397,396,241,1109,1091
874,873,307,498,499,397,678,241,1109,1091
874,873,216,367,307,498,499,1109,1091
874,873,216,367,307,498,499,397,396,241,1109,1091
874,873,216,367,307,498,499,397,678,241,1109,1091
874,873,216,367,369,1109,1091
874,873,369,367,307,498,499,1109,1091
874,873,369,367,307,498,499,397,396,241,1109,1091
874,873,369,367,307,498,499,397,678,241,1109,1091
874,873,369,1109,1091
874,873,307,1135
874,873,216,367,307,1135
874,873,216,367,369,1109,241,396,397,499,498,307,1135
874,873,216,367,369,1109,241,678,397,499,498,307,1135
874,873,216,367,369,1109,499,498,307,1135
874,873,369,367,307,1135
874,873,369,1109,241,396,397,499,498,307,1135
874,873,369,1109,241,678,397,499,498,307,1135
874,873,369,1109,499,498,307,1135
903,41,928
903,40,928
916,275,276,1124
916,275,277,626,276,1124
916,275,277,278,1124
916,275,278,1124
916,275,276,626,277,278,889
916,275,276,735,278,889
916,275,276,1124,278,889
916,275,277,626,276,735,278,889
916,275,277,626,276,1124,278,889
916,275,277,278,889
916,275,278,889
930,354,986
930,47,986
940,72,1006
956,957
956,50
956,247
957,956,50
957,956,247
50,956,247
978,76,1200
982,983
982,983,864
983,864
992,317,1036
1047,526
1047,179
1047,968,1085,179
1047,1085,179
1047,968
1047,1085,968
1047,1085
526,1047,179
526,1047,968,1085,179
526,1047,1085,179
526,1047,968
526,1047,1085,968
526,1047,1085
179,1047,968
179,1085,968
179,1085
968,1085
1109,1091
1109,369,367,307,1135
1109,369,367,216,873,307,1135
1109,369,873,307,1135
1109,499,498,307,1135
1091,1109,241,396,397,499,498,307,1135
1091,1109,241,678,397,499,498,307,1135
1091,1109,369,367,307,1135
1091,1109,369,367,216,873,307,1135
1091,1109,369,873,307,1135
1091,1109,499,498,307,1135
1114,795
1124,278,889
1125,1126
1182,907
1187,1016
