2,3
2,3,92
2,3,278
2,3,747
2,3,939
2,3,1118
2,3,1325
3,92
3,278
3,747
3,939
3,1118
3,1325
16,17
22,23
22,24
22,25
22,25,1263
22,25,1263,235
22,25,1263,28
22,25,1351
23,22,24
23,22,25
23,22,25,1263
23,22,25,1263,235
23,22,25,1263,28
23,22,25,1351
24,22,25
24,22,25,1263
24,22,25,1263,235
24,22,25,1263,28
24,22,25,1351
25,1263
25,1263,235
25,1263,28
25,1351
34,35
42,43
42,631,43
42,631
42,739
42,739,740
42,1364
42,1364,1115
42,1364,1362
43,631
43,42,739
43,631,42,739
43,42,739,740
43,631,42,739,740
43,42,1364
43,631,42,1364
43,42,1364,1115
43,631,42,1364,1115
43,42,1364,1362
43,631,42,1364,1362
53,54
53,54,107
53,54,113
53,54,555
53,54,761
53,54,881
53,54,1206
53,54,1273
53,54,1424
53,54,1434
54,107
54,113
54,555
54,761
54,881
54,1206
54,1273
54,1424
54,1434
70,71
70,72
70,1120
71,70,72
71,70,1120
72,70,1120
80,81
92,3,278
92,3,747
92,3,939
92,3,1118
92,3,1325
107,54,113
107,54,555
107,54,761
107,54,881
107,54,1206
107,54,1273
107,54,1424
107,54,1434
111,112
113,54,555
113,54,761
113,54,881
113,54,1206
113,54,1273
113,54,1424
113,54,1434
137,138
137,138,364
138,364
141,142
141,143
141,144
141,145
142,141,143
142,141,144
142,141,145
143,141,144
143,141,145
144,141,145
146,147
146,148
146,148,301
146,147,339
146,148,503
146,148,503,408
146,148,503,408,557
146,148,1318
146,148,503,408,1367
147,146,148
147,146,148,301
147,339
147,146,148,503
147,146,148,503,408
147,146,148,503,408,557
147,146,148,1318
147,146,148,503,408,1367
148,301
148,146,147,339
148,503
148,503,408
148,503,408,557
148,1318
148,503,408,1367
155,156
157,158
157,159
157,160
157,161
157,162
157,163
157,160,245
157,162,46
157,158,629
157,159,483
157,161,800
157,163,449
158,157,159
158,157,160
158,157,161
158,157,162
158,157,163
158,157,160,245
158,157,162,46
158,629
158,157,159,483
158,157,161,800
158,157,163,449
159,157,160
159,157,161
159,157,162
159,157,163
159,157,160,245
159,157,162,46
159,157,158,629
159,483
159,157,161,800
159,157,163,449
160,157,161
160,157,162
160,157,163
160,245
160,157,162,46
160,157,158,629
160,157,159,483
160,157,161,800
160,157,163,449
161,157,162
161,157,163
161,157,160,245
161,157,162,46
161,157,158,629
161,157,159,483
161,800
161,157,163,449
162,157,163
162,157,160,245
162,46
162,157,158,629
162,157,159,483
162,157,161,800
162,157,163,449
163,157,160,245
163,157,162,46
163,157,158,629
163,157,159,483
163,157,161,800
163,449
169,170
169,716,537,398,397,519,170
169,519,170
169,170,520,340
169,716,537,398,397,519,170,520,340
169,519,170,520,340
169,170,519,397
169,716,537,398,397
169,519,397
169,170,519,397,102
169,716,537,398,397,102
169,519,397,102
169,170,519,397,398
169,716,537,398
169,519,397,398
169,170,519,397,398,537,417
169,716,537,417
169,519,397,398,537,417
169,170,519,397,398,537,417,166
169,716,537,417,166
169,519,397,398,537,417,166
169,716,537,398,397,519
169,519
169,170,520
169,716,537,398,397,519,170,520
169,519,170,520
169,170,519,397,398,537
169,716,537
169,519,397,398,537
169,716
169,170,519,397,398,537,716,499
169,716,499
169,519,397,398,537,716,499
170,520,340
170,169,716,537,398,397
170,519,397
170,169,716,537,398,397,102
170,519,169,716,537,398,397,102
170,519,397,102
170,169,716,537,398
170,519,169,716,537,398
170,519,397,398
170,169,716,537,417
170,519,169,716,537,417
170,519,397,398,537,417
170,169,716,537,417,166
170,519,169,716,537,417,166
170,519,397,398,537,417,166
170,519
170,520
170,169,716,537
170,519,169,716,537
170,519,397,398,537
170,169,716
170,519,169,716
170,519,397,398,537,716
170,169,716,499
170,519,169,716,499
170,519,397,398,537,716,499
205,206
211,207
211,207,829
211,207,947
211,207,1221
207,829
207,947
207,1221
216,217
220,1334
224,225
224,226
224,226,682
225,224,226
225,224,226,682
226,682
228,229
245,160,157,162,46
245,160,157,158,629
245,160,157,159,483
245,160,157,161,800
245,160,157,163,449
251,252
251,252,641
251,252,1143
251,252,1239
251,252,1284
252,641
252,1143
252,1239
252,1284
263,264
263,657
263,657,658
264,263,657
264,263,657,658
267,268
267,249,802,268
267,249,1150,268
267,249,1150,1151,1187,268
267,249,1150,1151,1365,268
267,249,1187,268
267,249,1187,1151,1365,268
267,249,1365,268
267,249
267,268,802
267,268,1150,249,802
267,268,1150,1151,1187,249,802
267,268,1150,1151,1365,249,802
267,268,1187,249,802
267,268,1187,1151,1365,249,802
267,268,1365,249,802
267,249,802
267,268,1150
267,268,1187,249,1150
267,268,1187,249,1365,1151,1150
267,268,1187,1151,1150
267,268,1365,249,1150
267,268,1365,1151,1150
267,249,1150
267,249,1187,1151,1150
267,249,1365,1151,1150
267,268,802,249,1150,1151
267,268,802,249,1187,1151
267,268,802,249,1365,1151
267,268,1150,1151
267,268,1187,1151
267,268,1365,1151
267,249,1150,1151
267,249,1187,1151
267,249,1365,1151
267,268,1187
267,268,1365,249,1187
267,268,1365,1151,1187
267,249,1187
267,249,1365,1151,1187
267,268,1365
267,249,1365
268,267,249
268,802,249
268,1150,249
268,1150,1151,1187,249
268,1150,1151,1365,249
268,1187,249
268,1187,1151,1365,249
268,1365,249
268,802
268,1150,249,802
268,1150,1151,1187,249,802
268,1150,1151,1365,249,802
268,1187,249,802
268,1187,1151,1365,249,802
268,1365,249,802
268,1150
268,1187,249,1150
268,1187,249,1365,1151,1150
268,1187,1151,1150
268,1365,249,1150
268,1365,1151,1150
268,267,249,1150,1151
268,267,249,1187,1151
268,267,249,1365,1151
268,802,249,1150,1151
268,802,249,1187,1151
268,802,249,1365,1151
268,1150,1151
268,1187,1151
268,1365,1151
268,1187
268,1365,249,1187
268,1365,1151,1187
268,1365
249,802
249,1150
249,1187,1151,1150
249,1365,1151,1150
249,1150,1151
249,1187,1151
249,1365,1151
249,1187
249,1365,1151,1187
249,1365
271,272
271,272,854
272,854
274,275
274,276
275,274,276
278,3,747
278,3,939
278,3,1118
278,3,1325
285,286
285,286,386
285,286,778
286,386
286,778
289,290
289,291
289,290,1268
290,289,291
290,1268
291,289,290,1268
301,148,146,147,339
301,148,503
301,148,503,408
301,148,503,408,557
301,148,1318
301,148,503,408,1367
46,162,157,158,629
46,162,157,159,483
46,162,157,161,800
46,162,157,163,449
313,314
313,1163
313,1163,1153
313,1471
313,1471,1035
314,313,1163
314,313,1163,1153
314,313,1471
314,313,1471,1035
318,319
318,319,678
318,319,1137
319,678
319,1137
320,321
320,322
321,320,322
323,324
331,332
331,332,1054
332,1054
335,336
339,147,146,148,503
339,147,146,148,503,408
339,147,146,148,503,408,557
339,147,146,148,1318
339,147,146,148,503,408,1367
340,520,170,169,716,537,398,397
340,520,170,169,519,397
340,520,170,519,397
340,520,170,169,716,537,398,397,102
340,520,170,169,519,397,102
340,520,170,519,169,716,537,398,397,102
340,520,170,519,397,102
340,520,170,169,716,537,398
340,520,170,169,519,397,398
340,520,170,519,169,716,537,398
340,520,170,519,397,398
340,520,170,169,716,537,417
340,520,170,169,519,397,398,537,417
340,520,170,519,169,716,537,417
340,520,170,519,397,398,537,417
340,520,170,169,716,537,417,166
340,520,170,169,519,397,398,537,417,166
340,520,170,519,169,716,537,417,166
340,520,170,519,397,398,537,417,166
340,520,170,519
340,520
340,520,170,169,716,537
340,520,170,169,519,397,398,537
340,520,170,519,169,716,537
340,520,170,519,397,398,537
340,520,170,169,716
340,520,170,519,169,716
340,520,170,519,397,398,537,716
340,520,170,169,716,499
340,520,170,169,519,397,398,537,716,499
340,520,170,519,169,716,499
340,520,170,519,397,398,537,716,499
345,346
362,363
362,363,506
362,363,1222,195,507,506
362,363,1222,743,507,506
362,363,1333,195,1222,743,507,506
362,363,1333,195,507,506
362,363,506,507
362,363,1222,195,507
362,363,1222,743,507
362,363,1333,195,1222,743,507
362,363,1333,195,507
362,363,506,508
362,363,1222,195,507,506,508
362,363,1222,743,507,506,508
362,363,1333,195,1222,743,507,506,508
362,363,1333,195,507,506,508
362,363,506,509
362,363,1222,195,507,506,509
362,363,1222,743,507,506,509
362,363,1333,195,1222,743,507,506,509
362,363,1333,195,507,506,509
362,363,506,510
362,363,1222,195,507,506,510
362,363,1222,743,507,506,510
362,363,1333,195,1222,743,507,506,510
362,363,1333,195,507,506,510
362,363,506,511
362,363,1222,195,507,506,511
362,363,1222,743,507,506,511
362,363,1333,195,1222,743,507,506,511
362,363,1333,195,507,506,511
362,363,1222
362,363,1333,195,1222
362,363,506,507,195
362,363,506,507,743,1222,195
362,363,1222,195
362,363,1222,743,507,195
362,363,1333,195
362,363,506,507,743
362,363,1222,743
362,363,1333,195,1222,743
362,363,1333,195,507,743
362,363,1333
362,363,1446
363,506
363,1222,195,507,506
363,1222,743,507,506
363,1333,195,1222,743,507,506
363,1333,195,507,506
363,506,507
363,1222,195,507
363,1222,743,507
363,1333,195,1222,743,507
363,1333,195,507
363,506,508
363,1222,195,507,506,508
363,1222,743,507,506,508
363,1333,195,1222,743,507,506,508
363,1333,195,507,506,508
363,506,509
363,1222,195,507,506,509
363,1222,743,507,506,509
363,1333,195,1222,743,507,506,509
363,1333,195,507,506,509
363,506,510
363,1222,195,507,506,510
363,1222,743,507,506,510
363,1333,195,1222,743,507,506,510
363,1333,195,507,506,510
363,506,511
363,1222,195,507,506,511
363,1222,743,507,506,511
363,1333,195,1222,743,507,506,511
363,1333,195,507,506,511
363,1222
363,1333,195,1222
363,506,507,195
363,506,507,743,1222,195
363,1222,195
363,1222,743,507,195
363,1333,195
363,506,507,743
363,1222,743
363,1333,195,1222,743
363,1333,195,507,743
363,1333
363,1446
379,380
379,380,1013
380,1013
381,382
386,286,778
394,395
394,41
394,395,581
394,395,581,582
394,395,644
394,395,644,423
394,395,948
394,395,948,908
394,395,1196
394,395,1196,1039
394,395,1292
394,395,1292,265
395,394,41
395,581
395,581,582
395,644
395,644,423
395,948
395,948,908
395,1196
395,1196,1039
395,1292
395,1292,265
41,394,395,581
41,394,395,581,582
41,394,395,644
41,394,395,644,423
41,394,395,948
41,394,395,948,908
41,394,395,1196
41,394,395,1196,1039
41,394,395,1292
41,394,395,1292,265
397,102
397,398
397,398,537,417
397,519,170,169,716,537,417
397,519,169,716,537,417
397,398,537,417,166
397,519,170,169,716,537,417,166
397,519,169,716,537,417,166
397,519
397,398,537,716,169,170,520
397,519,170,520
397,519,169,170,520
397,398,537
397,519,170,169,716,537
397,519,169,716,537
397,398,537,716
397,519,170,169,716
397,519,169,716
397,398,537,716,499
397,519,170,169,716,499
397,519,169,716,499
102,397,398
102,397,519,169,716,537,398
102,397,398,537,417
102,397,519,170,169,716,537,417
102,397,519,169,716,537,417
102,397,398,537,417,166
102,397,519,170,169,716,537,417,166
102,397,519,169,716,537,417,166
102,397,519
102,397,398,537,716,169,170,520
102,397,398,537,716,169,519,170,520
102,397,519,170,520
102,397,519,169,170,520
102,397,398,537
102,397,519,170,169,716,537
102,397,519,169,716,537
102,397,398,537,716
102,397,519,170,169,716
102,397,519,169,716
102,397,398,537,716,499
102,397,519,170,169,716,499
102,397,519,169,716,499
398,397,519,170,169,716,537,417
398,397,519,169,716,537,417
398,537,417
398,397,519,170,169,716,537,417,166
398,397,519,169,716,537,417,166
398,537,417,166
398,397,519
398,537,716,169,519
398,397,519,170,520
398,397,519,169,170,520
398,537,716,169,170,520
398,537,716,169,519,170,520
398,537
398,397,519,170,169,716
398,397,519,169,716
398,537,716
398,397,519,170,169,716,499
398,397,519,169,716,499
398,537,716,499
403,58
403,404
403,405
403,406
403,407
403,1285
403,1285,852
403,1285,890
403,1285,232
403,1285,1286
58,403,404
58,403,405
58,403,406
58,403,407
58,403,1285
58,403,1285,852
58,403,1285,890
58,403,1285,232
58,403,1285,1286
404,403,405
404,403,406
404,403,407
404,403,1285
404,403,1285,852
404,403,1285,890
404,403,1285,232
404,403,1285,1286
405,403,406
405,403,407
405,403,1285
405,403,1285,852
405,403,1285,890
405,403,1285,232
405,403,1285,1286
406,403,407
406,403,1285
406,403,1285,852
406,403,1285,890
406,403,1285,232
406,403,1285,1286
407,403,1285
407,403,1285,852
407,403,1285,890
407,403,1285,232
407,403,1285,1286
417,166
417,537,398,397,519
417,537,716,169,519
417,537,398,397,519,170,520
417,537,398,397,519,169,170,520
417,537,716,169,170,520
417,537,716,169,519,170,520
417,537
417,537,716
417,537,398,397,519,170,169,716,499
417,537,398,397,519,169,716,499
417,537,716,499
166,417,537,398,397,519
166,417,537,716,169,519
166,417,537,398,397,519,170,520
166,417,537,398,397,519,169,170,520
166,417,537,716,169,170,520
166,417,537,716,169,519,170,520
166,417,537
166,417,537,716
166,417,537,398,397,519,170,169,716,499
166,417,537,398,397,519,169,716,499
166,417,537,716,499
426,427
437,438
437,438,799
437,438,877
438,799
438,877
448,376
453,454
453,454,645,1227
453,454,645
453,454,1270
454,645,1227
454,645
454,1270
464,465
477,478
484,356
484,356,1305
356,1305
490,491
490,440
491,490,440
503,408
503,408,557
503,148,1318
503,408,1367
408,557
408,503,148,1318
408,1367
506,507
506,508
506,509
506,510
506,511
506,507,195,1222
506,507,195,1333,363,1222
506,507,743,1222
506,363,1222
506,363,1333,195,1222
506,507,195
506,507,743,1222,195
506,363,1222,195
506,363,1333,195
506,507,743
506,363,1222,743
506,363,1333,195,1222,743
506,363,1333,195,507,743
506,507,195,1333
506,507,743,1222,195,1333
506,507,743,1222,363,1333
506,363,1333
506,507,195,1222,363,1446
506,507,195,1333,363,1446
506,507,743,1222,195,1333,363,1446
506,507,743,1222,363,1446
506,363,1446
507,506,508
507,506,509
507,506,510
507,506,511
507,506,363,1222
507,195,1222
507,195,1333,363,1222
507,743,1222
507,195
507,743,1222,195
507,743
507,506,363,1333
507,195,1333
507,743,1222,195,1333
507,743,1222,363,1333
507,506,363,1446
507,195,1222,363,1446
507,195,1333,363,1446
507,743,1222,195,1333,363,1446
507,743,1222,363,1446
508,506,509
508,506,510
508,506,511
508,506,507,195,1222
508,506,507,195,1333,363,1222
508,506,507,743,1222
508,506,363,1222
508,506,363,1333,195,1222
508,506,507,195
508,506,507,743,1222,195
508,506,363,1222,195
508,506,363,1222,743,507,195
508,506,363,1333,195
508,506,507,743
508,506,363,1222,743
508,506,363,1333,195,1222,743
508,506,363,1333,195,507,743
508,506,507,195,1333
508,506,507,743,1222,195,1333
508,506,507,743,1222,363,1333
508,506,363,1333
508,506,507,195,1222,363,1446
508,506,507,195,1333,363,1446
508,506,507,743,1222,195,1333,363,1446
508,506,507,743,1222,363,1446
508,506,363,1446
509,506,510
509,506,511
509,506,507,195,1222
509,506,507,195,1333,363,1222
509,506,507,743,1222
509,506,363,1222
509,506,363,1333,195,1222
509,506,507,195
509,506,507,743,1222,195
509,506,363,1222,195
509,506,363,1222,743,507,195
509,506,363,1333,195
509,506,507,743
509,506,363,1222,743
509,506,363,1333,195,1222,743
509,506,363,1333,195,507,743
509,506,507,195,1333
509,506,507,743,1222,195,1333
509,506,507,743,1222,363,1333
509,506,363,1333
509,506,507,195,1222,363,1446
509,506,507,195,1333,363,1446
509,506,507,743,1222,195,1333,363,1446
509,506,507,743,1222,363,1446
509,506,363,1446
510,506,511
510,506,507,195,1222
510,506,507,195,1333,363,1222
510,506,507,743,1222
510,506,363,1222
510,506,363,1333,195,1222
510,506,507,195
510,506,507,743,1222,195
510,506,363,1222,195
510,506,363,1222,743,507,195
510,506,363,1333,195
510,506,507,743
510,506,363,1222,743
510,506,363,1333,195,1222,743
510,506,363,1333,195,507,743
510,506,507,195,1333
510,506,507,743,1222,195,1333
510,506,507,743,1222,363,1333
510,506,363,1333
510,506,507,195,1222,363,1446
510,506,507,195,1333,363,1446
510,506,507,743,1222,195,1333,363,1446
510,506,507,743,1222,363,1446
510,506,363,1446
511,506,507,195,1222
511,506,507,195,1333,363,1222
511,506,507,743,1222
511,506,363,1222
511,506,363,1333,195,1222
511,506,507,195
511,506,507,743,1222,195
511,506,363,1222,195
511,506,363,1222,743,507,195
511,506,363,1333,195
511,506,507,743
511,506,363,1222,743
511,506,363,1333,195,1222,743
511,506,363,1333,195,507,743
511,506,507,195,1333
511,506,507,743,1222,195,1333
511,506,507,743,1222,363,1333
511,506,363,1333
511,506,507,195,1222,363,1446
511,506,507,195,1333,363,1446
511,506,507,743,1222,195,1333,363,1446
511,506,507,743,1222,363,1446
511,506,363,1446
519,170,520
519,169,716,537
519,397,398,537
519,169,716
519,397,398,537,716
519,169,716,499
519,397,398,537,716,499
520,170,169,716,537
520,170,169,519,397,398,537
520,170,519,169,716,537
520,170,519,397,398,537
520,170,169,716
520,170,519,169,716
520,170,519,397,398,537,716
520,170,169,716,499
520,170,169,519,397,398,537,716,499
520,170,519,169,716,499
520,170,519,397,398,537,716,499
526,527
526,527,950
526,527,950,1198
526,527,950,1381
526,527,950,1381,790
526,527,950,1381,412
527,950
527,950,1198
527,950,1381
527,950,1381,790
527,950,1381,412
535,536
535,1069
536,535,1069
537,716
537,716,499
541,542
541,542,708
542,708
544,545
550,360
555,54,761
555,54,881
555,54,1206
555,54,1273
555,54,1424
555,54,1434
557,408,503,148,1318
557,408,1367
564,565
568,984
581,582
581,395,644
581,395,644,423
581,395,948
581,395,948,908
581,395,1196
581,395,1196,1039
581,395,1292
581,395,1292,265
582,581,395,644
582,581,395,644,423
582,581,395,948
582,581,395,948,908
582,581,395,1196
582,581,395,1196,1039
582,581,395,1292
582,581,395,1292,265
588,239
593,594
593,594,607
593,594,607,688
594,607
594,607,688
597,571
607,688
617,561
626,181
626,181,1053
181,1053
631,42,739
631,42,739,740
631,42,1364
631,42,1364,1115
631,42,1364,1362
641,252,1143
641,252,1239
641,252,1284
644,423
644,395,948
644,395,948,908
644,395,1196
644,395,1196,1039
644,395,1292
644,395,1292,265
423,644,395,948
423,644,395,948,908
423,644,395,1196
423,644,395,1196,1039
423,644,395,1292
423,644,395,1292,265
647,12
647,648,693,12
647,649,693,12
647,650,693,12
647,650,694,692,693,12
647,692,693,12
647,648
647,649,693,648
647,650,693,648
647,650,694,692,693,648
647,692,693,648
647,649
647,650,693,649
647,650,694,692,693,649
647,692,693,649
647,650
647,692,693,650
647,692,694,650
647,692
647,12,693
647,648,693
647,649,693
647,650,693
647,650,694,692,693
647,692,693
647,12,693,692,694
647,12,693,650,694
647,648,693,692,694
647,648,693,650,694
647,649,693,692,694
647,649,693,650,694
647,650,694
647,692,694
647,12,693,692,694,650,956
647,12,693,650,956
647,648,693,692,694,650,956
647,648,693,650,956
647,649,693,692,694,650,956
647,649,693,650,956
647,650,956
647,692,693,650,956
647,692,694,650,956
12,647,648
12,647,649,693,648
12,647,650,693,648
12,647,650,694,692,693,648
12,647,692,693,648
12,693,648
12,647,649
12,647,650,693,649
12,647,650,694,692,693,649
12,647,692,693,649
12,693,649
12,647,650
12,647,692,693,650
12,647,692,694,650
12,693,692,694,650
12,693,650
12,647,692
12,693,692
12,693
12,647,648,693,692,694
12,647,648,693,650,694
12,647,649,693,692,694
12,647,649,693,650,694
12,647,650,694
12,647,692,694
12,693,692,694
12,693,650,694
12,647,648,693,692,694,650,956
12,647,648,693,650,956
12,647,649,693,692,694,650,956
12,647,649,693,650,956
12,647,650,956
12,647,692,693,650,956
12,647,692,694,650,956
12,693,692,694,650,956
12,693,650,956
648,647,649
648,647,650,693,649
648,647,650,694,692,693,649
648,647,692,693,649
648,693,649
648,647,650
648,647,692,693,650
648,647,692,694,650
648,693,692,694,650
648,693,650
648,647,692
648,693,692
648,693
648,647,649,693,692,694
648,647,649,693,650,694
648,647,650,694
648,647,692,694
648,693,692,694
648,693,650,694
648,647,649,693,692,694,650,956
648,647,649,693,650,956
648,647,650,956
648,647,692,693,650,956
648,647,692,694,650,956
648,693,692,694,650,956
648,693,650,956
649,647,650
649,647,692,693,650
649,647,692,694,650
649,693,692,694,650
649,693,650
649,647,692
649,693,692
649,693
649,647,650,694
649,647,692,694
649,693,692,694
649,693,650,694
649,647,650,956
649,647,692,693,650,956
649,647,692,694,650,956
649,693,692,694,650,956
649,693,650,956
650,647,692
650,693,692
650,694,692
650,693
650,694,692,693
650,694
650,956
657,658
665,666
673,83
673,1279
673,1279,944
673,1279,730
83,673,1279
83,673,1279,944
83,673,1279,730
675,184
675,184,933
675,184,958
184,933
184,958
678,319,1137
684,685
692,693
692,694
692,693,650,956
692,647,650,956
692,694,650,956
693,692,694
693,650,694
693,692,694,650,956
693,650,956
694,650,956
716,499
719,720
721,722
721,722,219
722,219
732,103
736,469
736,1460
469,736,1460
737,738
739,740
739,42,1364
739,42,1364,1115
739,42,1364,1362
740,739,42,1364
740,739,42,1364,1115
740,739,42,1364,1362
747,3,939
747,3,1118
747,3,1325
761,54,881
761,54,1206
761,54,1273
761,54,1424
761,54,1434
799,438,877
802,268,1150
802,268,1187,249,1150
802,268,1187,249,1365,1151,1150
802,268,1187,1151,1150
802,268,1365,249,1150
802,268,1365,1151,1150
802,249,1150
802,249,1187,1151,1150
802,249,1365,1151,1150
802,268,1150,1151
802,268,1187,1151
802,268,1365,1151
802,249,1150,1151
802,249,1187,1151
802,249,1365,1151
802,268,1187
802,268,1365,249,1187
802,268,1365,1151,1187
802,249,1187
802,249,1365,1151,1187
802,268,1365
802,249,1365
829,207,947
829,207,1221
629,158,157,159,483
629,158,157,161,800
629,158,157,163,449
845,841
868,605
874,117
874,402
117,874,402
881,54,1206
881,54,1273
881,54,1424
881,54,1434
883,876
883,884,925,876
883,884
883,876,925
883,884,925
876,883,884
876,925,884
876,925
884,925
886,120
483,159,157,161,800
483,159,157,163,449
893,894
893,894,1327
894,1327
895,896
920,548
920,424
548,920,424
933,184,958
939,3,1118
939,3,1325
947,207,1221
948,908
948,395,1196
948,395,1196,1039
948,395,1292
948,395,1292,265
908,948,395,1196
908,948,395,1196,1039
908,948,395,1292
908,948,395,1292,265
968,612
970,971
970,972
970,18
970,371
970,653
970,791
970,973
970,830
970,974
971,970,972
971,970,18
971,970,371
971,970,653
971,970,791
971,970,973
971,970,830
971,970,974
972,970,18
972,970,371
972,970,653
972,970,791
972,970,973
972,970,830
972,970,974
18,970,371
18,970,653
18,970,791
18,970,973
18,970,830
18,970,974
371,970,653
371,970,791
371,970,973
371,970,830
371,970,974
653,970,791
653,970,973
653,970,830
653,970,974
791,970,973
791,970,830
791,970,974
973,970,830
973,970,974
830,970,974
1008,187
1024,587
1034,175
1034,175,1110
175,1110
1038,823
1049,639
1049,639,1152
639,1152
1050,1051
1062,1063
950,1198
950,1381
950,1381,790
950,1381,412
1076,621
1082,1083
1084,1085
1087,389
1090,848
1090,642
848,1090,642
1101,1102
1118,3,1325
1119,941
1143,252,1239
1143,252,1284
1150,1151
1150,268,1187
1150,268,1365,249,1187
1150,268,1365,1151,1187
1150,249,1187
1150,249,1365,1151,1187
1150,1151,1187
1150,268,1365
1150,249,1365
1150,1151,1365
1151,1187
1151,1365
1158,842
1163,1153
1163,313,1471
1163,313,1471,1035
1153,1163,313,1471
1153,1163,313,1471,1035
1180,105
1180,1431
105,1180,1431
1182,1096
1187,268,1365
1187,249,1365
1187,1151,1365
1196,1039
1196,395,1292
1196,395,1292,265
1039,1196,395,1292
1039,1196,395,1292,265
1198,950,1381
1198,950,1381,790
1198,950,1381,412
1206,54,1273
1206,54,1424
1206,54,1434
1213,1059
1219,118
1222,195
1222,743
1222,195,1333
1222,363,1333
1222,195,1333,363,1446
1222,363,1446
195,1222,743
195,507,743
195,1333
195,1222,743,507,506,363,1446
195,1222,363,1446
195,1333,363,1446
195,507,506,363,1446
195,507,743,1222,363,1446
743,1222,195,1333
743,1222,363,1333
743,507,506,363,1333
743,507,195,1333
743,1222,195,1333,363,1446
743,1222,363,1446
743,507,506,363,1446
743,507,195,1333,363,1446
1227,645
1227,645,454,1270
645,454,1270
1228,1202
1239,252,1284
1241,1242
1246,1247
1246,1247,1399
1247,1399
800,161,157,163,449
1254,710
1257,773
1257,773,1266
773,1266
1260,554
1263,235
1263,28
1263,25,1351
235,1263,28
235,1263,25,1351
28,1263,25,1351
1267,827
1273,54,1424
1273,54,1434
1279,944
1279,730
944,1279,730
1281,701
1285,852
1285,890
1285,232
1285,1286
852,1285,890
852,1285,232
852,1285,1286
890,1285,232
890,1285,1286
232,1285,1286
1288,505
1288,905
1288,1435
505,1288,905
505,1288,1435
905,1288,1435
1292,265
1294,833
1308,73
1318,148,503,408,1367
1329,504
1333,363,1446
1335,62
1348,1349
1358,553
1364,1115
1364,1362
1115,1364,1362
1381,790
1381,412
790,1381,412
1394,1169
1416,310
1422,1128
1424,54,1434
1432,1395
1454,1103
1455,149
1461,570
1463,540
1466,400
1469,835
1471,1035
