18,19
18,224,6,23,24,19
18,224,6,187,496,23,24,19
18,224,6,496,23,24,19
18,19,24,23
18,224,6,23
18,224,6,187,496,23
18,224,6,496,23
18,19,24,23,6
18,19,24,23,496,6
18,19,24,23,496,187,6
18,224,6
18,19,24
18,224,6,23,24
18,224,6,187,496,23,24
18,224,6,496,23,24
18,19,24,23,6,187
18,19,24,23,496,187
18,224,6,187
18,224,6,496,187
18,19,24,23,6,224,223
18,19,24,23,496,6,224,223
18,19,24,23,496,187,6,224,223
18,224,223
18,224
18,19,24,23,6,224,242,241
18,19,24,23,496,6,224,242,241
18,19,24,23,496,187,6,224,242,241
18,224,242,241
18,19,24,23,6,224,242
18,19,24,23,496,6,224,242
18,19,24,23,496,187,6,224,242
18,224,242
18,19,24,23,6,224,363
18,19,24,23,496,6,224,363
18,19,24,23,496,187,6,224,363
18,224,363
18,19,24,23,6,224,242,241,433
18,19,24,23,496,6,224,242,241,433
18,19,24,23,496,187,6,224,242,241,433
18,224,242,241,433
18,19,24,23,6,224,242,241,433,205
18,19,24,23,496,6,224,242,241,433,205
18,19,24,23,496,187,6,224,242,241,433,205
18,224,242,241,433,205
18,19,24,23,496
18,224,6,496
18,19,24,23,6,187,496,30
18,19,24,23,6,496,30
18,19,24,23,496,30
18,224,6,23,496,30
18,224,6,187,496,30
18,224,6,496,30
18,19,24,23,6,187,496,293
18,19,24,23,6,496,293
18,19,24,23,496,293
18,224,6,23,496,293
18,224,6,187,496,293
18,224,6,496,293
19,18,224,6,23
19,18,224,6,187,496,23
19,18,224,6,496,23
19,24,23
19,18,224,6
19,24,23,6
19,24,23,496,6
19,24,23,496,187,6
19,24
19,18,224,6,187
19,18,224,6,496,187
19,24,23,6,187
19,24,23,496,187
19,18,224,223
19,24,23,6,224,223
19,24,23,496,6,224,223
19,24,23,496,187,6,224,223
19,18,224
19,24,23,6,224
19,24,23,496,6,224
19,24,23,496,187,6,224
19,18,224,242,241
19,24,23,6,224,242,241
19,24,23,496,6,224,242,241
19,24,23,496,187,6,224,242,241
19,18,224,242
19,24,23,6,224,242
19,24,23,496,6,224,242
19,24,23,496,187,6,224,242
19,18,224,363
19,24,23,6,224,363
19,24,23,496,6,224,363
19,24,23,496,187,6,224,363
19,18,224,242,241,433
19,24,23,6,224,242,241,433
19,24,23,496,6,224,242,241,433
19,24,23,496,187,6,224,242,241,433
19,18,224,242,241,433,205
19,24,23,6,224,242,241,433,205
19,24,23,496,6,224,242,241,433,205
19,24,23,496,187,6,224,242,241,433,205
19,18,224,6,496
19,24,23,496
19,18,224,6,23,496,30
19,18,224,6,187,496,30
19,18,224,6,496,30
19,24,23,6,187,496,30
19,24,23,6,496,30
19,24,23,496,30
19,18,224,6,23,496,293
19,18,224,6,187,496,293
19,18,224,6,496,293
19,24,23,6,187,496,293
19,24,23,6,496,293
19,24,23,496,293
20,21
23,6
23,496,6
23,496,187,6
23,24
23,6,187
23,24,19,18,224,6,187
23,496,187
23,6,224,223
23,24,19,18,224,223
23,496,6,224,223
23,496,187,6,224,223
23,6,224
23,24,19,18,224
23,496,6,224
23,496,187,6,224
23,6,224,242,241
23,24,19,18,224,242,241
23,496,6,224,242,241
23,496,187,6,224,242,241
23,6,224,242
23,24,19,18,224,242
23,496,6,224,242
23,496,187,6,224,242
23,6,224,363
23,24,19,18,224,363
23,496,6,224,363
23,496,187,6,224,363
23,6,224,242,241,433
23,24,19,18,224,242,241,433
23,496,6,224,242,241,433
23,496,187,6,224,242,241,433
23,6,224,242,241,433,205
23,24,19,18,224,242,241,433,205
23,496,6,224,242,241,433,205
23,496,187,6,224,242,241,433,205
23,496
23,6,187,496,30
23,6,496,30
23,24,19,18,224,6,187,496,30
23,24,19,18,224,6,496,30
23,496,30
23,6,187,496,293
23,6,496,293
23,24,19,18,224,6,187,496,293
23,24,19,18,224,6,496,293
23,496,293
6,23,24
6,187,496,23,24
6,224,18,19,24
6,496,23,24
6,187
6,496,187
6,224,223
6,224
6,224,242,241
6,224,242
6,224,363
6,224,242,241,433
6,224,242,241,433,205
6,496
6,187,496,30
6,496,30
6,187,496,293
6,496,293
24,23,6,187
24,23,496,187
24,19,18,224,6,187
24,19,18,224,6,496,187
24,23,6,224,223
24,23,496,6,224,223
24,23,496,187,6,224,223
24,19,18,224,223
24,23,6,224
24,23,496,6,224
24,23,496,187,6,224
24,19,18,224
24,23,6,224,242,241
24,23,496,6,224,242,241
24,23,496,187,6,224,242,241
24,19,18,224,242,241
24,23,6,224,242
24,23,496,6,224,242
24,23,496,187,6,224,242
24,19,18,224,242
24,23,6,224,363
24,23,496,6,224,363
24,23,496,187,6,224,363
24,19,18,224,363
24,23,6,224,242,241,433
24,23,496,6,224,242,241,433
24,23,496,187,6,224,242,241,433
24,19,18,224,242,241,433
24,23,6,224,242,241,433,205
24,23,496,6,224,242,241,433,205
24,23,496,187,6,224,242,241,433,205
24,19,18,224,242,241,433,205
24,23,496
24,19,18,224,6,496
24,23,6,187,496,30
24,23,6,496,30
24,23,496,30
24,19,18,224,6,187,496,30
24,19,18,224,6,496,30
24,23,6,187,496,293
24,23,6,496,293
24,23,496,293
24,19,18,224,6,187,496,293
24,19,18,224,6,496,293
35,36
50,51
50,51,192,196
50,51,196
50,51,192
50,51,304
51,192,196
51,196
51,192
51,304
55,56
55,56,132
55,56,548,132
55,56,155
55,56,155,156
55,56,480
55,56,485
55,56,548
56,132
56,548,132
56,155
56,155,156
56,480
56,485
56,548
59,60
68,28
88,40
88,40,444,445,301,247
88,40,248,247
88,40,444,445,301,247,248
88,40,248
88,40,444,445,301,247,287
88,40,248,247,287
88,40,444,445,301
88,40,248,247,301
88,40,418
88,40,444
88,40,444,445
88,40,248,247,301,445
88,40,444,445,301,247,248,479
88,40,248,479
88,40,444,445,301,247,248,479,491
88,40,248,479,491
88,40,444,445,301,247,248,500
88,40,248,500
40,444,445,301,247
40,248,247
40,444,445,301,247,248
40,248
40,444,445,301,247,287
40,248,247,287
40,444,445,301
40,248,247,301
40,418
40,444
40,444,445
40,248,247,301,445
40,444,445,301,247,248,479
40,248,479
40,444,445,301,247,248,479,491
40,248,479,491
40,444,445,301,247,248,500
40,248,500
96,86
97,98
97,99,215,100,98
97,99,254,98
97,100,215,99,254,98
97,100,98
97,99
97,100,215,99
97,100,98,254,99
97,13
97,100
97,98,254,99,215
97,98,100,215
97,99,215
97,100,215
97,98,254
97,99,254
97,100,215,99,254
97,100,98,254
97,98,254,99,398,397
97,98,100,215,99,398,397
97,99,398,397
97,100,215,99,398,397
97,100,98,254,99,398,397
97,98,254,99,398
97,98,100,215,99,398
97,99,398
97,100,215,99,398
97,100,98,254,99,398
98,97,99
98,254,99
98,100,97,99
98,100,215,99
98,97,13
98,254,99,97,13
98,254,99,215,100,97,13
98,100,97,13
98,100,215,99,97,13
98,254,99,215,100
98,100
98,97,99,215
98,254,99,215
98,100,215
98,254
98,97,99,398,397
98,254,99,398,397
98,100,97,99,398,397
98,100,215,99,398,397
98,97,99,398
98,254,99,398
98,100,97,99,398
98,100,215,99,398
99,97,13
99,215,100,97,13
99,254,98,100,97,13
99,97,100
99,215,100
99,254,98,100
99,215
99,254
99,398,397
99,398
13,97,100
13,97,98,254,99,215
13,97,98,100,215
13,97,99,215
13,97,100,215
13,97,98,254
13,97,99,254
13,97,100,215,99,254
13,97,100,98,254
13,97,98,254,99,398,397
13,97,98,100,215,99,398,397
13,97,99,398,397
13,97,100,215,99,398,397
13,97,100,98,254,99,398,397
13,97,98,254,99,398
13,97,98,100,215,99,398
13,97,99,398
13,97,100,215,99,398
13,97,100,98,254,99,398
100,215
100,97,99,254
100,215,99,254
100,98,254
100,97,99,398,397
100,215,99,398,397
100,98,254,99,398,397
100,97,99,398
100,215,99,398
100,98,254,99,398
105,106
105,536,292,164,163
105,536,163
105,536,292,164
105,536,163,164
105,536,292
105,536
105,536,442
105,536,32
106,105,536,292,164,163
106,105,536,163
106,105,536,292,164
106,105,536,163,164
106,105,536,292
106,105,536
106,105,536,442
106,105,536,32
111,112
111,113
111,114
111,115
111,34
112,111,113
112,111,114
112,111,115
112,111,34
113,111,114
113,111,115
113,111,34
114,111,115
114,111,34
115,111,34
119,120
119,120,324
119,120,473
119,120,82
120,324
120,473
120,82
130,131
132,56,155
132,548,56,155
132,56,155,156
132,548,56,155,156
132,56,480
132,548,56,480
132,56,485
132,548,56,485
132,548
148,149
148,149,471
148,149,523
149,471
149,523
150,151
155,156
155,56,480
155,56,485
155,56,548
156,155,56,480
156,155,56,485
156,155,56,548
160,161
163,164
163,536,292,164
163,164,292
163,536,292
163,536
163,164,292,536,442
163,536,442
163,164,292,536,32
163,536,32
164,292
164,163,536
164,292,536
164,163,536,442
164,292,536,442
164,163,536,32
164,292,536,32
166,167
166,167,318
166,167,570
167,318
167,570
170,171
170,171,420
171,420
173,174
173,12
173,174,514
174,173,12
174,514
12,173,174,514
178,179
178,210
179,178,210
183,184
183,184,344,343
183,184,344
184,344,343
184,344
185,186
185,237
186,185,237
187,6,23,24,19,18,224,223
187,6,224,223
187,496,6,224,223
187,496,23,24,19,18,224,223
187,6,224
187,496,6,224
187,496,23,24,19,18,224
187,6,23,24,19,18,224,242,241
187,6,224,242,241
187,496,6,224,242,241
187,496,23,24,19,18,224,242,241
187,6,23,24,19,18,224,242
187,6,224,242
187,496,6,224,242
187,496,23,24,19,18,224,242
187,6,23,24,19,18,224,363
187,6,224,363
187,496,6,224,363
187,496,23,24,19,18,224,363
187,6,23,24,19,18,224,242,241,433
187,6,224,242,241,433
187,496,6,224,242,241,433
187,496,23,24,19,18,224,242,241,433
187,6,23,24,19,18,224,242,241,433,205
187,6,224,242,241,433,205
187,496,6,224,242,241,433,205
187,496,23,24,19,18,224,242,241,433,205
187,496
187,496,30
187,496,293
193,194
193,194,426
193,194,576
194,426
194,576
196,192
196,192,51,304
196,51,304
192,51,304
197,198
200,201
200,201,233
200,201,234
201,233
201,234
215,99,254
215,100,97,98,254
215,100,98,254
215,99,398,397
215,100,97,98,254,99,398,397
215,100,98,254,99,398,397
215,99,398
215,100,97,98,254,99,398
215,100,98,254,99,398
219,43
223,224
223,224,242,241
223,224,242
223,224,363
223,224,242,241,433
223,224,242,241,433,205
223,224,6,496
223,224,18,19,24,23,496
223,224,6,23,496,30
223,224,6,187,496,30
223,224,6,496,30
223,224,18,19,24,23,6,187,496,30
223,224,18,19,24,23,6,496,30
223,224,18,19,24,23,496,30
223,224,6,23,496,293
223,224,6,187,496,293
223,224,6,496,293
223,224,18,19,24,23,6,187,496,293
223,224,18,19,24,23,6,496,293
223,224,18,19,24,23,496,293
224,242,241
224,242
224,363
224,242,241,433
224,242,241,433,205
224,6,496
224,18,19,24,23,496
224,6,23,496,30
224,6,187,496,30
224,6,496,30
224,18,19,24,23,496,30
224,6,23,496,293
224,6,187,496,293
224,6,496,293
224,18,19,24,23,496,293
225,214
230,231
233,201,234
239,240
241,242
241,242,224,363
241,433
241,433,205
241,242,224,6,496
241,242,224,18,19,24,23,496
241,242,224,6,23,496,30
241,242,224,6,187,496,30
241,242,224,6,496,30
241,242,224,18,19,24,23,6,187,496,30
241,242,224,18,19,24,23,6,496,30
241,242,224,18,19,24,23,496,30
241,242,224,6,23,496,293
241,242,224,6,187,496,293
241,242,224,6,496,293
241,242,224,18,19,24,23,6,187,496,293
241,242,224,18,19,24,23,6,496,293
241,242,224,18,19,24,23,496,293
242,224,363
242,241,433
242,241,433,205
242,224,6,496
242,224,18,19,24,23,496
242,224,6,23,496,30
242,224,6,187,496,30
242,224,6,496,30
242,224,18,19,24,23,6,187,496,30
242,224,18,19,24,23,6,496,30
242,224,18,19,24,23,496,30
242,224,6,23,496,293
242,224,6,187,496,293
242,224,6,496,293
242,224,18,19,24,23,6,187,496,293
242,224,18,19,24,23,6,496,293
242,224,18,19,24,23,496,293
247,248
247,287
247,301
247,248,40,418
247,301,445,444,40,418
247,248,40,444
247,301,445,444
247,248,40,444,445
247,301,445
247,248,479
247,248,479,491
247,248,500
248,247,287
248,40,444,445,301,247,287
248,247,301
248,40,444,445,301
248,247,301,445,444,40,418
248,40,418
248,247,301,445,444
248,40,444
248,247,301,445
248,40,444,445
248,479
248,479,491
248,500
254,99,398,397
254,99,398
263,264
263,405,264
263,405
263,264,405,406
263,264,405,407,406
263,405,406
263,405,407,406
263,264,405,295
263,405,295
263,264,405,407
263,405,407
264,405
264,405,406
264,405,407,406
264,405,295
264,405,407
271,133
273,274
273,275
273,276
274,273,275
274,273,276
275,273,276
286,117
287,247,301
287,247,248,40,418
287,247,301,445,444,40,418
287,247,248,40,444
287,247,301,445,444
287,247,248,40,444,445
287,247,301,445
287,247,248,479
287,247,301,445,444,40,248,479
287,247,248,479,491
287,247,301,445,444,40,248,479,491
287,247,248,500
287,247,301,445,444,40,248,500
292,536
292,536,442
292,536,32
298,299
298,300
298,371
298,448
298,541
299,298,300
299,298,371
299,298,448
299,298,541
300,298,371
300,298,448
300,298,541
301,247,248,40,418
301,445,444,40,418
301,247,248,40,444
301,445,444
301,445
301,247,248,479
301,445,444,40,248,479
301,247,248,479,491
301,445,444,40,248,479,491
301,247,248,500
301,445,444,40,248,500
303,39
303,328
39,303,328
313,314
313,422
314,313,422
339,340
339,340,399
340,399
343,344
347,348
358,359
360,361
360,335
360,361,370
361,360,335
361,370
335,360,361,370
371,298,448
371,298,541
379,81
386,387
386,388
386,389
386,181
387,386,388
387,386,389
387,386,181
388,386,389
388,386,181
389,386,181
397,398
404,281
405,406
405,407,406
405,295
405,407
406,405,295
406,407,405,295
406,407
295,405,407
416,417
418,40,444
418,40,444,445
418,40,248,247,301,445
418,40,444,445,301,247,248,479
418,40,248,479
418,40,444,445,301,247,248,479,491
418,40,248,479,491
418,40,444,445,301,247,248,500
418,40,248,500
363,224,242,241,433
363,224,242,241,433,205
363,224,6,496
363,224,18,19,24,23,496
363,224,6,23,496,30
363,224,6,187,496,30
363,224,6,496,30
363,224,18,19,24,23,6,187,496,30
363,224,18,19,24,23,6,496,30
363,224,18,19,24,23,496,30
363,224,6,23,496,293
363,224,6,187,496,293
363,224,6,496,293
363,224,18,19,24,23,6,187,496,293
363,224,18,19,24,23,6,496,293
363,224,18,19,24,23,496,293
318,167,570
426,194,576
433,205
433,241,242,224,6,496
433,241,242,224,18,19,24,23,496
433,241,242,224,6,23,496,30
433,241,242,224,6,187,496,30
433,241,242,224,6,496,30
433,241,242,224,18,19,24,23,6,187,496,30
433,241,242,224,18,19,24,23,6,496,30
433,241,242,224,18,19,24,23,496,30
433,241,242,224,6,23,496,293
433,241,242,224,6,187,496,293
433,241,242,224,6,496,293
433,241,242,224,18,19,24,23,6,187,496,293
433,241,242,224,18,19,24,23,6,496,293
433,241,242,224,18,19,24,23,496,293
205,433,241,242,224,6,496
205,433,241,242,224,18,19,24,23,496
205,433,241,242,224,6,23,496,30
205,433,241,242,224,6,187,496,30
205,433,241,242,224,6,496,30
205,433,241,242,224,18,19,24,23,6,187,496,30
205,433,241,242,224,18,19,24,23,6,496,30
205,433,241,242,224,18,19,24,23,496,30
205,433,241,242,224,6,23,496,293
205,433,241,242,224,6,187,496,293
205,433,241,242,224,6,496,293
205,433,241,242,224,18,19,24,23,6,187,496,293
205,433,241,242,224,18,19,24,23,6,496,293
205,433,241,242,224,18,19,24,23,496,293
438,107
444,445
444,445,301,247,248,479
444,40,248,479
444,445,301,247,248,479,491
444,40,248,479,491
444,445,301,247,248,500
444,40,248,500
445,444,40,248,479
445,301,247,248,479
445,444,40,248,479,491
445,301,247,248,479,491
445,444,40,248,500
445,301,247,248,500
446,47
448,298,541
455,83
461,232
461,232,506
232,506
471,149,523
474,410
479,491
479,248,500
480,56,485
480,56,548
484,345
485,56,548
491,479,248,500
495,450
496,30
496,293
30,496,293
497,140
520,191
534,52
536,442
536,32
442,536,32
551,552
551,552,38
551,552,537
552,38
552,537
561,278
567,134
324,120,473
324,120,82
473,120,82
38,552,537
