0 1
2 3
4 5
6 7
8 9
10 11
12 13
14 15
16 17
18 19
20 21
22 23
24 25
26 27
28 29
30 31
32 33
34 35
36 37
38 39
18 40
29 41
42 33
0 43
40 44
45 46
47 48
31 49
50 51
52 53
54 55
14 42
56 19
57 58
59 18
36 60
61 62
63 64
65 66
67 27
68 69
70 44
71 72
73 74
75 76
77 78
79 80
81 82
12 83
84 39
16 85
86 18
87 88
89 90
91 92
93 6
94 95
61 96
97 21
65 98
78 99
100 101
102 103
104 82
105 106
59 29
82 107
108 109
110 111
112 113
0 114
29 65
115 19
116 101
29 117
118 27
119 48
46 39
120 121
12 18
12 39
29 122
123 76
124 125
126 127
128 129
93 130
131 19
113 16
25 18
132 27
133 134
54 135
136 33
29 137
138 19
136 139
140 18
141 142
143 144
145 146
99 147
119 135
148 21
146 149
150 151
152 46
136 153
154 155
156 106
157 10
2 158
63 83
159 160
161 162
6 11
163 27
164 18
165 109
166 167
168 135
169 27
170 171
172 173
174 175
54 48
56 144
176 69
93 177
2 142
178 179
29 74
120 180
24 18
181 158
116 182
90 183
141 158
12 148
184 185
136 130
146 116
186 187
188 189
145 190
14 33
175 191
184 160
192 27
193 194
178 18
195 196
63 39
14 145
28 197
15 198
199 200
105 184
201 202
203 204
38 19
205 46
147 206
207 129
208 180
209 44
143 19
36 206
210 18
127 183
211 88
63 13
208 121
12 212
73 46
213 214
215 216
80 217
93 218
219 136
0 220
184 221
222 223
224 27
225 148
140 210
220 51
226 227
152 74
228 149
229 187
230 231
232 58
233 27
107 69
89 234
235 113
99 116
236 216
99 149
28 44
237 200
116 100
238 95
239 240
52 241
242 27
99 228
45 74
243 244
168 48
161 245
246 27
116 228
28 18
29 39
247 243
0 50
248 249
99 250
126 94
251 252
12 253
254 111
255 27
54 256
257 44
43 258
228 116
202 259
50 114
260 261
61 262
263 27
77 93
264 20
155 10
10 206
265 266
172 267
268 240
269 47
105 270
145 153
271 243
59 44
14 272
273 274
275 28
238 183
276 167
18 44
277 74
59 197
278 167
277 46
219 279
100 125
12 280
131 281
282 283
140 197
278 261
99 284
18 86
15 285
234 95
93 151
286 287
178 253
63 212
47 135
61 288
289 243
156 290
291 39
99 100
181 3
72 194
37 292
36 124
237 202
74 21
136 14
293 189
