0 1
0 2
3 4
5 6
7 8
9 10
11 12
13 14
15 16
17 18
19 20
21 22
23 24
25 26
27 28
29 30
31 32
33 34
35 36
37 6
38 39
40 41
42 43
44 45
46 47
48 49
50 51
52 53
54 55
56 57
58 59
60 61
62 63
64 65
66 67
68 69
70 71
72 73
74 75
72 76
72 77
78 79
80 81
82 83
84 85
86 87
88 89
90 91
92 93
94 95
96 91
97 98
99 65
100 101
102 103
104 105
82 106
107 108
109 110
111 112
28 113
114 115
116 117
118 119
120 87
121 122
123 124
80 125
126 127
128 129
78 130
131 132
133 134
135 136
137 138
139 30
64 140
141 142
143 144
145 146
147 148
58 149
150 151
152 153
154 155
156 157
158 159
104 160
161 162
163 164
165 166
167 168
169 170
171 172
173 174
175 176
177 178
179 63
180 181
182 183
81 184
185 186
187 188
189 190
191 192
193 194
195 87
196 197
198 199
200 201
202 203
204 205
47 206
207 208
209 210
211 212
213 214
215 74
216 217
218 219
131 108
220 221
222 223
224 225
118 226
227 228
229 230
231 232
233 234
235 236
237 2
238 239
240 2
241 242
243 244
3 245
246 247
248 249
250 251
252 253
254 255
256 257
258 259
260 261
262 263
264 214
265 266
267 86
69 268
269 43
270 271
272 273
274 275
114 276
277 278
279 280
281 282
283 284
285 286
287 288
289 86
290 291
292 293
294 295
296 297
298 299
15 300
301 302
287 297
303 132
99 304
305 93
306 307
308 32
29 309
310 311
312 313
58 108
314 315
9 316
317 318
319 320
321 322
323 324
325 326
327 328
329 75
90 330
331 332
333 334
335 336
82 337
338 339
340 190
54 341
342 343
135 344
345 346
347 348
349 59
350 351
25 127
54 352
353 304
354 355
356 357
358 183
64 359
360 361
362 363
82 364
142 365
343 275
366 367
368 369
370 371
372 373
164 374
375 113
376 377
378 379
380 381
382 383
384 385
386 387
388 389
54 390
317 59
391 126
392 393
107 132
394 395
118 396
397 86
398 136
399 400
401 402
403 404
7 26
240 87
405 406
407 408
202 409
410 105
411 87
327 278
412 413
16 414
46 415
416 417
418 419
267 257
420 286
195 421
422 423
285 424
425 426
427 428
429 430
317 431
432 433
434 435
436 437
438 439
440 441
442 443
444 413
141 86
99 445
446 132
447 448
449 450
451 63
97 452
453 454
455 456
457 458
459 307
460 461
462 463
464 465
466 20
467 468
117 469
470 471
472 473
474 87
467 399
475 476
477 32
478 479
289 257
480 481
80 482
483 484
485 486
132 1
487 488
82 489
490 491
354 492
350 493
494 63
495 496
104 497
498 499
327 428
500 501
502 503
504 43
505 506
139 395
238 507
508 509
510 511
512 513
178 514
515 516
517 518
345 519
520 521
522 523
524 525
526 527
49 127
528 529
530 531
532 129
289 117
31 533
195 117
534 210
535 26
536 537
538 539
132 540
25 6
204 541
542 197
543 20
434 544
545 546
547 548
462 203
233 190
549 550
551 552
553 554
555 556
557 20
434 157
558 559
560 561
562 351
563 282
564 20
27 87
565 566
567 568
569 570
571 572
270 573
574 575
576 577
578 579
574 580
581 4
582 205
0 465
583 328
256 186
584 585
586 183
587 588
289 142
141 257
589 590
591 249
592 593
592 594
595 596
597 496
598 537
459 599
600 268
601 602
603 604
134 605
274 606
118 607
608 609
610 1
455 611
612 59
613 26
99 614
615 616
245 617
238 618
619 183
620 621
530 622
623 624
625 486
626 627
321 210
628 629
592 630
421 631
632 633
634 30
635 129
636 346
637 638
639 640
641 20
642 643
644 645
132 421
118 646
647 129
137 361
648 649
243 650
651 652
653 654
655 42
656 657
658 659
660 661
662 20
663 45
664 665
666 667
668 63
669 493
670 210
671 672
673 674
675 676
370 677
678 223
679 680
681 682
683 160
684 685
686 687
58 318
688 1
689 690
466 63
691 692
693 694
58 431
411 695
696 697
698 667
699 421
700 236
701 20
483 667
434 702
703 704
705 706
707 708
367 709
710 711
712 0
432 713
714 715
716 717
372 718
340 719
720 721
722 210
723 724
725 726
727 313
728 729
120 421
730 245
731 431
732 86
733 86
734 735
671 736
195 737
738 739
740 741
742 493
27 257
743 744
306 745
746 747
746 748
746 749
750 143
751 752
35 189
331 753
754 132
755 756
757 20
758 117
759 34
760 761
5 26
762 24
763 764
208 710
765 766
767 219
768 769
54 770
771 640
465 469
772 773
378 774
765 775
776 541
107 240
777 709
241 778
11 779
767 780
781 640
540 782
27 737
118 783
461 784
785 87
413 786
447 787
767 361
788 626
789 676
240 339
790 77
790 76
683 73
60 435
683 77
791 792
793 2
683 76
794 639
600 795
796 59
603 797
790 73
798 488
799 800
801 20
802 803
804 805
806 807
808 205
809 501
810 456
757 219
301 811
11 812
813 278
814 20
815 816
817 177
818 819
16 820
821 84
822 823
824 493
486 825
9 826
827 828
35 829
830 322
831 832
474 421
384 833
834 835
836 837
838 32
478 839
96 330
840 6
841 842
843 844
845 2
846 847
848 330
171 22
241 849
850 851
852 853
360 138
179 20
606 672
854 330
855 856
841 667
857 268
416 858
264 63
859 504
380 860
116 142
861 205
862 105
863 864
865 866
867 4
868 869
870 871
168 172
767 138
872 873
256 87
874 279
875 876
699 339
877 878
170 806
578 879
335 880
881 882
883 32
447 884
885 886
887 519
466 129
118 888
889 890
891 892
893 894
895 896
897 741
898 899
145 335
900 901
288 902
903 904
436 905
906 907
908 627
909 379
82 65
710 910
911 912
913 288
914 40
915 916
917 918
919 70
407 920
921 922
31 74
923 924
474 142
308 533
796 87
925 225
54 926
586 159
80 339
927 928
578 929
343 622
930 87
158 172
931 20
475 932
923 684
933 934
935 936
895 937
938 105
804 239
407 939
940 113
195 86
204 941
942 210
943 944
99 945
946 395
235 159
947 948
564 63
949 30
600 950
951 30
750 364
952 953
434 61
15 954
955 956
838 677
957 533
958 959
960 961
431 469
962 205
963 964
87 421
298 965
99 966
967 6
968 969
970 20
221 792
971 972
358 973
974 32
548 975
976 132
195 339
977 119
275 978
513 979
980 981
982 87
983 346
984 985
986 476
987 928
988 32
989 8
231 878
104 990
555 991
992 514
238 993
0 339
27 2
48 26
464 59
817 994
498 741
254 995
996 997
431 1
998 999
1000 1001
93 63
1002 1003
1004 694
1005 24
1006 1007
1008 1009
455 1010
815 435
1011 1012
397 132
637 1013
868 1014
838 533
1015 741
1016 493
189 1017
1018 1019
209 382
1020 545
934 537
86 1021
815 1022
1023 564
684 6
1024 1025
693 596
1026 856
1027 205
70 1028
1029 41
459 1030
1031 1032
212 3
238 1033
1034 654
58 87
1035 402
1036 721
1037 236
1038 390
1039 85
1040 382
82 1041
66 1042
256 1043
1044 920
1045 332
1046 63
1047 286
262 1048
1049 108
82 1050
321 1051
82 1052
1053 1054
1055 605
1056 1057
27 413
114 1058
1059 282
1060 1061
367 400
1062 395
1038 1
1063 1064
1065 1066
1067 1068
187 299
1069 1070
1071 439
1072 75
86 469
1073 1074
1075 1076
1077 564
584 1078
1079 581
382 1080
1081 654
475 753
1082 1083
714 1084
1085 1086
1087 1088
1089 61
104 159
1090 295
647 309
1091 1092
86 782
132 2
1093 43
1094 1095
906 1096
923 1097
1098 1099
919 1100
751 1101
867 1102
331 932
923 1103
1104 1105
1106 588
1107 91
461 1108
1109 1110
906 1111
1004 596
405 1112
1113 1114
1115 41
976 86
1116 640
1117 395
1118 1119
1120 24
477 43
1121 73
1121 77
1122 1123
1121 76
1124 325
1125 1126
1127 282
1128 423
1129 539
526 1130
1131 124
283 1132
610 782
1133 1134
619 1135
349 186
1136 1137
597 1138
1139 61
1140 1108
1141 1142
343 441
235 774
824 640
1143 309
1144 1145
145 880
35 1146
1104 316
267 108
1147 86
1148 481
1149 1150
530 672
435 1151
1152 493
1089 816
845 142
731 318
1153 717
118 1154
1155 1156
120 482
760 1157
1115 1158
1159 580
1160 162
1159 575
340 1161
960 1162
850 1163
384 1164
733 257
1075 346
474 2
1165 654
930 80
1166 1167
1168 1169
1170 516
1171 654
474 117
1172 1173
256 86
1174 351
156 1175
54 86
1176 1177
342 530
66 1178
1179 1180
274 1181
252 1182
1183 1184
1185 1186
432 1187
1188 1189
82 607
1190 142
1191 24
298 1192
1193 87
868 1194
182 159
1195 1196
64 489
731 87
1197 1198
384 304
1199 151
86 540
54 1200
317 186
478 1201
187 1202
1203 844
1204 856
1205 1206
1207 898
1208 1209
1210 1211
928 1212
338 469
1213 493
1214 1215
1216 1217
1218 1182
1219 1220
1221 1222
384 1223
895 1224
737 518
1225 63
895 778
87 469
868 1226
817 75
734 1227
600 1228
1229 322
1230 1064
378 236
1231 210
793 257
207 959
1089 197
260 1232
1233 73
1234 295
946 309
1233 76
1233 77
303 86
1235 1236
478 1237
1238 1239
781 351
1240 428
1241 183
1242 1243
1244 564
420 424
431 421
1245 1182
1246 876
802 1247
895 1248
118 1249
19 882
1250 1251
1252 247
1253 1254
1255 143
703 1256
1257 206
1258 1259
1260 26
644 1261
15 322
218 138
988 533
1262 1263
1152 682
1264 20
195 1200
854 91
317 142
1034 1265
1040 1266
865 1267
134 1268
1069 1269
1075 1156
360 780
1270 240
1271 1272
1273 995
171 159
465 421
212 93
714 1274
1275 986
1276 1277
1278 1108
1279 1280
1281 210
246 1007
1049 86
281 994
569 1282
68 183
54 1283
1284 1285
1069 1286
795 379
121 1287
1288 1289
642 948
94 1290
1291 1121
1292 493
82 1064
1293 332
1294 1222
283 1295
58 796
1296 1297
217 232
237 132
1298 1287
333 485
1299 1300
1301 986
1059 994
796 86
1302 934
919 1303
1304 588
1305 509
240 482
1306 88
1307 1151
1308 916
731 59
569 1309
70 1310
1311 1312
195 1313
405 741
746 1314
746 1315
1316 851
857 159
1317 1318
405 856
1319 30
1320 1321
746 1322
1311 1323
746 1324
58 132
1325 86
1326 1327
569 1328
1329 1330
1199 32
1331 575
238 1332
1331 580
520 1333
1063 602
349 1334
64 1335
358 379
1336 979
1337 1338
1339 1007
814 336
331 424
1340 1341
1342 365
283 1343
1344 472
1284 122
1345 577
1346 1347
1280 1348
1284 1095
794 381
1349 423
1350 313
1351 616
583 278
1352 1353
818 932
964 1354
421 2
118 1255
235 973
1355 676
48 5
560 554
254 1323
1356 1357
1358 1359
19 336
1141 990
1284 1360
17 991
185 59
1361 30
906 1362
845 257
1363 395
1364 1365
1366 1180
321 1367
59 87
688 339
1368 632
185 86
1369 1370
515 25
442 1371
1372 588
583 428
321 1373
1374 1375
1376 1377
732 132
1378 1108
1379 1380
241 1224
31 371
542 157
243 1381
442 1382
777 367
1383 1384
138 709
1385 1386
137 780
1387 1388
807 473
460 893
331 1389
669 351
1390 1391
1392 1393
1394 819
656 1395
1396 219
1397 251
368 1398
82 1399
420 753
1400 119
1311 1401
50 1156
1402 1403
1404 205
1405 1406
1407 1182
1408 371
1409 1410
99 1411
508 1359
664 1412
520 1413
848 45
452 63
1077 1414
131 257
949 20
478 1415
280 43
771 381
1416 1417
1418 672
1419 1007
1420 658
262 1421
508 1180
1422 1064
1423 1424
1425 1426
107 257
1427 1428
992 269
1165 24
872 1429
1430 978
1431 1138
1432 1433
154 1138
0 421
71 1434
540 695
1435 1436
118 65
407 1437
1438 339
1280 1439
660 1440
1441 379
464 431
1442 421
1292 381
417 367
1443 142
327 1444
1445 1446
1447 493
1448 628
1449 747
1450 1451
1452 823
1449 748
0 87
1449 749
107 785
515 989
34 63
1453 395
1454 1455
868 1456
1457 1458
195 142
1459 1265
1460 1461
5 1462
1463 351
283 1464
1406 393
1465 1466
1467 1468
1469 1470
1467 1471
1467 1472
1467 1473
121 1474
99 1338
1475 1476
977 1477
1478 957
1479 1480
1481 1482
1160 320
1483 357
1484 1485
145 136
703 1486
1487 0
1488 183
513 1489
1490 1491
1258 1492
1354 1493
619 1285
895 242
1494 347
235 183
1495 1496
1497 1498
1038 318
1499 1500
1501 1502
141 59
1503 811
1504 239
1505 45
1365 334
642 986
446 186
156 61
758 132
1400 1506
460 1278
1460 1507
1508 1509
1179 509
420 932
1510 1511
474 59
1284 355
1273 1401
1512 1513
370 1514
1515 1148
1016 351
200 499
1516 503
1372 910
1284 492
187 1517
1100 346
233 1518
1179 1519
1520 1521
186 257
1522 1261
590 469
911 1523
1524 1095
1525 332
1526 1138
1527 1528
99 226
906 1423
196 61
35 1529
558 990
1238 1530
432 1531
1432 144
150 32
27 1532
1533 1534
1535 206
1536 503
74 1304
135 1537
99 1538
1539 20
1179 1359
1540 1541
802 1542
35 1543
900 1544
1545 1546
1547 1548
1549 159
156 197
1550 1551
1552 587
397 59
82 119
1553 43
1554 1555
345 1303
734 1556
58 940
494 1557
1075 792
1558 920
1559 667
444 132
1560 1561
555 400
637 1562
238 920
257 695
589 1563
1564 1565
1566 322
191 1567
1568 322
464 87
1569 1570
666 1571
1572 122
1573 322
1213 640
132 87
1574 635
94 1575
1438 421
1083 710
1040 322
1576 1577
1578 1579
1580 395
603 1581
1363 309
603 1582
974 477
963 1583
1584 823
589 257
1585 395
1586 346
1587 1588
1589 483
732 2
1339 493
64 833
345 1590
1075 1591
1592 1353
1273 1312
1062 309
1593 1007
1594 63
600 492
925 1595
892 1596
1597 1541
156 435
688 87
1549 1511
1598 1599
1242 1432
992 1372
186 2
805 239
1527 1600
92 335
1601 1602
1603 1604
1605 34
1606 1607
97 1303
1242 1608
1364 1609
494 19
1610 1611
447 183
1612 330
1613 686
1614 1615
1341 170
107 465
1616 22
895 1617
1045 753
345 1618
1427 1054
1547 1619
368 1620
487 61
1621 322
262 1622
1623 1624
671 1023
837 756
17 367
204 1625
532 30
1626 1627
1628 506
1366 406
321 1629
989 26
1630 1631
196 702
101 219
1632 330
1633 503
1000 278
1634 63
1635 1636
1637 739
82 1638
474 469
478 1639
1204 1179
137 219
68 159
247 493
262 920
195 59
754 186
757 367
1640 30
450 1641
1171 1158
579 819
1642 178
277 328
1643 1644
957 371
378 1285
1339 860
1160 435
537 667
262 1645
490 1646
109 1647
1648 1649
1650 588
1216 1651
314 223
578 1652
96 45
1349 539
1075 1653
1654 400
1655 295
1656 1468
1438 1
1656 1471
1656 1472
1657 1658
1656 1473
1040 1659
1139 157
1660 1661
887 1303
1662 1663
1664 991
1616 1078
794 493
264 1551
951 395
1665 1666
1420 205
791 1667
1630 1668
791 1254
1669 1553
872 493
1089 702
1147 108
1055 1268
887 346
664 979
1632 91
137 63
62 19
1040 210
1670 24
1010 1671
1672 1673
1442 695
895 808
262 1674
703 1675
1676 1677
19 1138
74 371
757 63
1394 1678
194 1485
1679 1680
331 819
80 413
1594 20
1681 1682
427 278
217 878
1683 1684
641 129
1685 882
1664 780
508 406
758 86
1686 322
1687 1688
489 143
1503 302
464 940
1689 1108
378 268
411 421
1690 1360
436 1691
80 108
191 1692
511 205
1693 1694
175 1695
1174 381
429 1336
1276 1696
104 1697
1698 801
252 1407
1699 1700
1634 138
35 1701
283 1702
668 991
342 1703
1704 441
1457 70
52 1705
710 43
1706 1707
1708 1709
1710 43
562 640
1711 26
668 858
287 554
707 1017
1712 1108
370 32
118 1400
686 192
1224 210
1522 395
1713 105
656 1714
1205 506
830 676
195 518
1715 1300
1370 43
930 59
1716 882
499 1112
1717 45
145 1718
589 132
1719 564
343 978
1320 1720
208 75
737 87
578 1721
158 1722
1513 268
1723 1724
1325 108
80 431
402 860
1355 322
923 1725
254 1726
368 1727
80 2
732 257
857 1285
1545 1728
1729 1730
82 157
1047 819
158 1731
1512 577
662 309
1732 379
207 1083
401 381
1147 59
600 1733
1734 1735
431 2
1736 1737
490 672
1738 1739
1740 709
1741 49
402 247
883 533
1742 24
478 1743
589 982
1744 882
1745 1746
517 318
487 1747
46 1748
868 364
396 792
1749 1468
1258 1750
303 108
1015 1751
1749 1472
699 2
1749 1471
528 667
895 564
1587 1752
1753 1754
1755 1642
1141 105
21 183
161 320
1157 1756
52 1757
209 322
1758 1759
1760 1761
1762 219
384 1763
1764 1765
1179 572
824 351
1284 159
58 465
1443 87
861 1766
1767 458
354 1768
1769 746
1246 1770
1075 51
662 63
487 157
118 1771
648 151
838 1772
1773 1774
1438 87
1636 450
1775 844
931 63
1166 1776
114 1777
1364 485
27 1778
358 236
838 151
1104 826
1779 1780
1781 1244
33 20
1218 1782
1783 1044
1784 1785
1786 561
356 473
1717 330
955 1787
251 1788
358 159
1789 1790
64 1791
285 1389
1276 322
237 257
1792 698
1057 127
407 239
1793 1794
283 1795
949 223
1438 2
478 1796
1061 395
1797 1798
231 627
431 87
70 1799
897 1112
1382 907
1800 1489
1801 1802
600 379
1450 1803
317 86
139 309
1670 1804
156 1064
668 219
760 1805
86 2
878 627
1527 1806
169 1807
195 318
949 309
150 477
1808 462
118 1809
1810 113
1614 1811
1812 1813
714 1814
1815 87
1816 1817
1117 129
837 1818
1819 1820
99 1821
1499 1822
145 1653
1823 697
1497 1824
289 108
80 87
102 1404
1825 1126
1634 361
959 1826
54 1
1045 932
407 1827
1828 1169
145 1829
60 197
1830 1831
794 351
321 1832
615 629
1833 1834
1835 210
1833 1836
356 472
1837 1838
992 910
240 421
701 882
967 127
1839 617
49 6
27 1487
1306 1840
182 1285
1216 1841
1842 1485
1843 129
1844 627
342 1845
1846 219
1847 26
515 26
1096 1111
569 1848
714 1849
405 1850
474 1200
1851 351
252 1428
635 30
1852 1746
407 1853
848 91
1854 395
1855 1856
138 991
186 338
1015 1850
1857 1858
1859 1860
1252 381
1062 1261
186 1
1504 805
1861 250
1862 393
338 431
1253 907
1075 519
664 1863
1864 197
54 469
757 361
1865 1866
660 1867
1868 1433
1753 1604
1264 1700
455 1869
17 63
1870 151
40 1265
118 489
1871 1055
926 1872
600 1873
238 93
1874 76
368 1875
1874 77
1874 73
698 1074
27 1
1876 1737
156 544
1877 1485
1678 667
1354 1878
1879 433
1880 1232
54 318
1881 564
1882 739
44 91
1883 282
1884 1885
1856 1886
1887 20
668 361
1015 1888
1889 1890
1891 882
1892 1716
1038 1893
1383 1894
80 132
368 1895
660 1896
1049 59
1284 1616
1087 1897
1898 1744
1527 1899
1006 640
1900 1074
1545 1901
487 20
1311 1726
27 1200
578 1525
703 1902
758 257
372 1861
1640 129
1903 3
737 465
736 146
487 435
1488 1904
1905 1469
465 87
1906 210
1907 151
420 819
1908 1909
1910 295
52 1911
407 1912
1913 640
810 1914
817 1915
405 1888
912 1916
455 1752
1917 1918
213 18
118 1919
1141 1920
1921 1922
1311 995
1923 45
1352 1756
270 452
957 1772
1597 541
257 87
1924 450
1925 1804
1926 1927
368 1928
868 1929
1284 1768
412 86
1419 247
1930 1931
1932 210
213 138
707 1933
50 1076
1934 1754
54 1038
1935 1485
810 1936
1475 105
1937 948
495 1138
335 882
1938 322
1939 1782
1940 458
1170 515
1941 853
1087 1942
1943 309
213 361
1540 541
1913 247
1944 841
1945 1751
658 541
1946 85
1358 1180
1947 1948
367 556
1949 1950
354 1095
1951 1158
17 858
1568 1168
331 476
1362 1423
610 390
662 223
1952 998
215 957
1087 1953
1045 819
399 556
325 1954
1329 1955
1956 1308
879 476
869 1169
1654 556
190 1114
1148 577
798 197
340 1957
397 257
1958 43
846 1611
21 159
1047 1389
252 297
1959 247
158 1285
641 63
1270 339
1960 565
1961 1962
1408 1772
1311 255
538 423
1664 556
64 304
1923 330
64 1255
1963 26
1926 1964
1965 1966
731 132
689 1348
293 292
1141 1967
1457 919
298 1968
1580 1261
1969 1945
425 1970
121 1971
1764 1972
700 1973
857 183
810 1974
1975 1976
1005 1265
517 87
1594 1700
1977 1850
1978 278
962 541
1069 1979
1016 640
1980 1236
1981 1473
126 6
317 87
1982 20
1983 1182
1443 132
1937 986
1984 1985
1756 34
1983 1054
121 1986
455 1974
317 149
1066 1710
1383 1987
1096 1988
1989 575
1989 580
1990 1991
384 1992
1993 1112
731 108
9 463
1994 1138
50 880
1404 541
1447 860
382 830
586 268
1995 1833
54 1996
664 1997
1994 387
432 1998
1999 1175
733 318
1924 1198
118 364
1566 676
606 2000
182 559
2001 645
815 157
2002 2003
468 991
2004 726
252 288
1769 1449
2005 2006
222 2007
734 2008
82 2009
604 1927
1545 2010
118 2011
118 2012
342 490
333 625
508 572
815 197
2013 2014
5 127
0 142
1394 986
2015 1804
868 2016
2017 564
2018 2019
2020 2021
27 318
2022 2023
653 1265
648 2024
1366 1359
737 431
1554 73
1554 76
2025 934
1554 77
767 18
1652 932
1586 1799
2026 1213
1612 45
2027 979
943 1475
1128 539
703 2028
2029 1126
2030 972
478 2031
27 431
1921 588
2032 86
2033 24
1075 636
813 328
117 339
82 1255
2034 295
600 2035
2036 2037
2038 307
1099 2039
531 978
2040 1039
66 2041
155 1196
107 431
751 2042
241 808
2043 197
2044 575
487 197
243 2045
2044 580
880 1138
449 1496
1490 2046
86 421
2047 2048
1416 2049
1099 2050
118 2051
1394 476
2016 1169
2052 554
1491 2053
378 183
1959 640
796 132
573 2054
465 1
168 159
1086 2055
2056 928
201 856
2057 2058
2059 972
751 2060
285 476
1035 1007
1513 183
562 493
1221 480
412 87
104 1616
1772 75
104 1511
1397 1990
2061 2062
1029 1158
2063 2064
2065 1781
2066 1468
2066 1471
2066 1472
2066 1473
1844 2067
1089 1064
2068 655
434 197
436 2069
107 2070
257 1
1177 2071
1289 225
465 339
1015 856
82 646
187 2072
1015 406
1418 441
815 702
1139 197
2073 1929
828 225
1579 2074
2075 26
87 1563
1943 30
872 640
2076 197
2077 2078
257 1021
107 80
2079 654
668 18
637 2080
1100 1434
1539 1685
916 1916
1163 76
481 1616
2081 1126
1163 77
1163 73
29 395
1441 2082
384 445
734 2083
2084 1386
1634 20
257 339
262 93
350 682
960 2085
686 1692
2086 2087
645 634
801 34
1829 978
2088 77
2088 73
2089 2090
336 63
551 904
612 142
2091 2092
262 2093
960 2094
107 2
2095 2096
2097 2098
2088 76
349 257
2099 2100
371 75
868 2101
240 1
2102 667
2103 516
964 1493
498 856
2104 476
663 330
1276 210
158 1095
2105 2106
569 2107
478 2108
2109 1804
1087 2110
2111 585
68 22
1664 2112
187 2113
145 1591
1089 157
1751 406
100 858
59 108
1099 2114
185 132
2115 310
11 2116
2117 1206
1614 2118
243 2119
2120 2121
2122 269
716 2123
2124 2125
1075 880
1463 2126
145 792
632 667
2127 1569
1003 1678
1697 2128
99 2129
2130 332
2131 694
342 2132
1245 1054
1664 219
132 339
235 268
844 882
935 1770
1583 1493
1760 1138
101 2133
1457 2134
974 151
870 2135
195 465
2136 726
27 465
2137 2138
262 2139
817 2140
804 2141
46 2142
2143 129
1572 355
2144 379
243 2145
1160 2146
798 435
107 541
2147 291
1698 1436
262 2148
2149 1003
213 367
207 1772
2150 1394
2103 7
434 1175
27 86
2151 186
80 518
48 25
2152 2153
82 2154
1271 1025
246 860
1891 20
0 117
2155 2156
1040 2157
530 1704
213 63
1273 255
1708 979
446 257
1057 6
540 1
345 573
2158 2159
838 371
2120 2160
895 2161
2162 823
9 1105
2163 2164
1739 1108
412 117
1006 247
4 1387
462 10
1854 30
387 1744
384 2165
380 351
425 95
2166 692
705 2167
118 1041
2168 2169
960 2170
2171 197
1887 34
2172 76
2172 73
2172 77
459 2173
755 2174
664 1489
306 2175
69 183
899 972
2163 2176
2177 1108
683 393
1057 2178
714 2179
1319 395
464 2180
2181 73
2181 77
1402 746
1108 2182
2183 433
2181 76
384 2184
963 2185
2186 112
558 1142
215 151
1586 1434
1045 286
2187 602
411 2
2188 2189
2190 219
686 2191
1427 1182
2192 1435
1449 76
814 882
1449 77
1449 73
296 1119
145 1537
2193 882
82 2194
319 162
156 2195
772 2196
17 361
1457 270
1851 493
870 2197
1195 1138
2171 435
447 774
2198 2199
542 435
2200 313
2103 2201
2202 2203
2089 105
2204 1479
107 205
1870 477
641 309
2205 615
490 440
660 2106
436 2206
81 2207
1654 991
1880 261
82 2208
459 2209
2210 819
1435 2211
2212 2037
1504 2141
2213 24
1504 2214
54 2215
2216 2217
508 1519
1358 572
285 819
1306 546
2144 492
1527 2218
347 1931
1681 2219
513 429
530 490
401 351
1153 2123
1480 43
1740 20
2220 1374
287 561
1143 30
87 2
191 2221
342 531
2222 2223
384 489
2026 381
2224 1930
711 43
2225 322
311 43
238 2226
174 998
431 339
586 2227
464 108
798 61
1605 20
329 1372
2228 2229
2230 1934
2231 1306
573 1799
2232 2082
1587 1914
1706 1491
1984 2233
1793 978
1547 2234
54 1893
317 132
872 2235
1453 645
2236 2237
2238 73
489 364
2238 77
2239 674
517 59
54 2240
1420 2241
2242 2243
2244 1697
1363 1261
2238 76
274 441
257 1442
1843 395
2062 994
566 43
422 539
2245 859
2246 2247
1713 393
635 309
1244 2248
1892 20
464 365
857 2249
345 1799
2250 2251
185 142
734 2252
758 186
1863 249
2253 739
453 568
919 271
975 43
511 2254
2255 1807
2256 1489
343 2000
551 2257
93 20
411 339
2258 2259
3 2260
781 493
1031 322
1975 2261
68 268
38 205
865 295
865 382
2262 65
86 1
2263 1265
1362 1096
2264 1900
2265 1971
48 7
168 1731
1089 1022
2163 2266
2267 2268
358 1285
238 905
1127 994
411 1
683 851
669 381
2269 2270
2271 884
257 2
597 162
817 1657
2272 2273
459 2274
850 1476
82 1400
371 1650
368 2275
2276 1608
141 1334
1319 309
2277 882
2278 1850
1762 399
495 241
1628 1608
662 30
2279 744
1769 748
104 1967
1769 747
1769 749
2280 2281
274 2282
1258 2283
1975 2284
1738 163
368 2285
2286 1263
731 796
662 395
464 1810
2287 2288
1572 492
2289 393
668 764
960 2290
558 183
384 226
1429 640
235 1285
1427 1607
1603 1754
2291 76
619 2227
877 232
2291 73
2291 77
2292 2293
420 476
750 65
1532 113
2294 2273
164 2295
2296 379
2297 2298
462 409
120 1
213 2299
1160 395
2143 309
518 0
1478 2300
343 606
2301 666
2302 2303
2304 313
860 640
571 856
2305 726
2306 424
256 132
2307 2308
50 1601
0 59
64 385
982 142
315 423
731 940
453 2309
2022 124
1342 86
2310 2311
1069 2312
894 1108
1646 441
540 80
817 371
35 2313
2092 458
1429 493
54 2314
99 2315
644 30
2316 2317
64 1164
1838 1958
241 2318
1918 2319
678 1129
2320 2118
818 753
1478 2321
270 2017
793 1200
895 1621
777 219
2322 856
2026 493
107 59
2323 1551
2324 2178
531 441
1596 667
840 1680
763 361
1583 2185
1699 20
2325 179
840 997
1029 24
1457 2326
1423 564
49 26
1204 1112
1075 2327
651 2328
2329 2330
928 2331
2332 2333
384 2334
2335 1473
1241 2227
338 465
2336 2337
1230 602
2338 1265
2339 1658
1593 493
2340 2341
2342 2343
1474 774
1612 91
80 86
1364 625
2344 1184
2102 2345
254 2346
2347 2348
1045 476
1611 667
1800 979
1513 577
1077 2141
2349 1008
2248 2350
895 844
2351 295
601 1064
1099 2352
222 2353
1488 580
626 232
1488 575
1037 1973
2354 2196
37 2178
2355 210
1216 2356
881 34
2357 2358
2359 2295
1000 328
321 1962
120 339
1530 472
2360 2361
699 87
118 445
222 2362
710 588
233 2363
222 2364
2365 864
2366 449
2367 1263
2368 2369
1152 351
1505 330
754 257
2370 210
2371 295
94 2372
2373 2374
2375 93
1501 2376
2377 2378
2379 108
1760 496
2 2180
213 20
1664 400
1634 367
99 2380
1636 2003
171 1285
66 2381
335 20
2382 393
2383 2384
1549 683
1983 1428
2360 1212
1069 2385
731 2180
1592 2386
134 1871
1522 30
2387 1169
1284 2388
82 445
2389 93
466 30
1752 1671
94 2390
1131 2391
2392 1541
104 1285
558 268
2244 1287
2393 1913
688 482
2394 2395
1798 379
2325 1138
1258 2396
27 339
2397 2398
1174 493
120 2
99 1255
474 431
2399 979
69 159
325 2400
1141 683
1077 805
1522 309
1879 577
35 2401
2402 2403
262 239
681 1171
1075 702
2404 127
877 627
116 257
2405 2406
671 1704
104 2407
107 322
1634 18
1170 7
405 499
810 611
1096 93
2408 2409
1552 75
1463 402
1308 920
771 493
936 2410
699 482
2411 2169
2412 24
900 297
235 379
238 2413
1587 456
558 2227
639 493
2414 856
610 926
798 1747
4 2415
2416 43
492 580
836 2417
492 575
137 18
1982 34
1257 2418
837 2419
865 322
1983 1607
2420 210
2421 1374
802 2422
107 120
1864 61
1939 1182
1379 2423
494 335
118 2208
391 1462
789 322
447 268
432 577
648 2061
1079 3
104 1920
986 667
2022 526
455 1936
1503 6
893 111
2424 1365
2186 2425
2426 575
2426 580
97 346
2228 2427
1774 2428
257 2429
358 2430
2431 291
1160 896
2432 439
2433 322
1741 516
2434 295
2382 1476
147 428
229 2435
2436 1263
358 268
810 2437
1983 288
868 2438
2439 357
1978 1001
669 640
48 516
342 2440
1199 477
2441 1239
1503 127
2442 2353
1978 328
319 63
1408 74
2244 1971
887 1434
495 162
1096 2443
648 2444
569 2445
1747 1064
274 672
1738 893
1160 20
277 428
265 2446
186 87
195 431
767 63
2447 2378
2448 1485
2449 1684
1255 1169
2450 528
1741 7
145 275
342 671
84 450
1241 559
1951 1265
58 86
2451 1833
2452 297
1069 2453
59 257
274 622
2232 2430
2454 2455
2456 2457
187 965
1141 1697
868 2458
1047 2459
517 375
2460 2461
642 2462
2375 2350
592 2463
592 2464
475 1481
1870 32
610 2465
1740 367
2466 623
2467 93
455 1914
2468 2469
1478 2470
64 2471
370 533
1172 2472
1560 2473
52 2474
949 63
1031 2475
186 86
953 667
511 541
2476 2477
2478 2037
1854 1261
1252 640
2236 667
710 1826
2479 499
543 63
1292 351
683 1697
436 2480
2481 789
2482 1244
21 1285
2483 1745
254 1312
2026 640
651 2484
317 2
2485 2486
897 856
1951 41
99 2487
82 226
870 2488
2489 73
771 2126
2489 76
1107 2490
2489 77
1115 654
1603 2098
289 132
186 117
2491 2492
285 753
2493 602
553 561
569 2494
751 2495
505 2496
187 2497
802 2498
80 142
2499 2500
2263 24
260 2501
123 2391
1358 406
1358 509
2502 2503
229 1630
2089 1476
1587 1974
195 338
2504 1412
1109 2505
1972 377
668 780
2506 1108
1488 1873
2469 2507
8 1462
213 219
1512 2508
2509 2510
992 1650
1422 602
914 682
562 1007
1208 2511
1486 2512
586 1285
16 304
2201 26
145 978
196 157
2022 527
2482 1564
868 1568
121 795
474 1
2033 654
2027 2513
2514 1481
957 32
1431 1744
447 1474
1857 1756
604 2515
1141 1511
114 2516
2256 979
734 2517
459 2518
195 796
2454 1134
2519 1997
619 559
806 357
340 2520
1197 450
201 499
533 994
257 469
1572 1986
1143 1361
1325 142
438 2521
325 2522
736 63
407 2523
147 278
1107 2524
743 1308
1010 1588
1826 43
2525 2122
1758 962
1741 1711
793 117
135 2526
895 179
762 1158
460 1739
340 1113
542 61
2527 1596
384 65
2137 1394
2528 3
360 219
114 2529
451 20
114 2530
1418 978
2021 2531
118 2532
1068 2533
1587 1936
1015 499
705 2534
455 1588
960 2070
626 878
2535 2536
2250 1530
1170 49
451 1151
331 2064
2537 1876
2079 24
810 1752
2382 105
2538 2539
976 117
209 2540
372 2500
2414 572
905 1647
87 318
460 2506
887 2054
2541 588
324 834
2542 503
417 138
992 1304
701 336
1943 395
1425 2543
796 518
2071 1064
35 2544
1740 63
2262 1433
960 2545
549 2546
2547 1931
1331 950
2457 920
895 1138
270 1799
2548 2333
2549 5
903 1259
436 2550
1854 309
1046 20
517 132
2551 2552
2553 501
576 481
2399 2554
868 2555
2556 741
384 2557
865 2558
1793 736
360 18
2559 2102
99 2560
436 2561
2562 2563
600 577
1208 2564
31 1772
378 973
1292 640
2565 3
1218 2566
207 371
635 395
2567 295
1147 257
2568 823
1331 1733
1331 2455
1143 2569
1907 32
1511 410
2570 660
2242 2571
862 1476
2572 295
1293 819
2573 313
2574 1472
2574 1473
1457 1100
2574 1468
1410 726
2574 1471
80 59
107 86
2515 1683
2575 2576
1329 2577
370 151
143 1433
1554 1163
453 223
1015 1112
2248 335
600 2578
384 1791
145 702
2579 1095
1365 2580
2551 2210
1008 1700
1135 1222
478 2581
2582 2333
895 2325
1509 2583
2584 1114
916 2061
733 117
1361 309
1072 992
1044 968
453 2585
1457 2586
2587 1965
734 2070
1741 515
2588 2589
1585 30
2590 210
459 2591
1545 2592
870 2593
107 87
2594 2595
2198 4
1273 1726
1009 63
843 564
1031 2596
196 435
1210 2597
563 994
817 1772
2598 1182
107 339
256 413
2599 2600
2601 2046
2602 1568
224 2603
2604 1011
384 2605
597 2606
1983 297
158 22
464 318
1559 2395
207 1658
2151 81
179 336
182 268
2607 741
37 127
61 197
668 367
557 34
256 59
1035 493
970 63
298 2608
2483 1473
1774 667
2483 1472
2483 1471
2609 2610
2483 1468
2611 576
2612 904
131 86
798 20
384 1255
2613 2614
2615 1108
2616 1948
2617 1669
80 117
887 573
2171 61
1075 2618
2187 1064
1686 676
104 683
1457 887
634 395
303 117
1879 600
919 1799
420 1389
0 257
1292 1116
675 322
1364 2619
87 1
101 556
2620 347
2621 1369
274 978
90 45
2622 177
2623 951
2111 1513
868 445
2624 357
2424 334
411 540
2625 204
64 226
2626 1850
714 2627
436 2628
1717 91
114 903
762 41
2556 1751
2629 2061
2630 2631
118 2632
447 2633
82 304
2634 2635
271 1434
2636 313
1087 2637
2298 2638
516 26
1558 2443
946 30
595 694
19 1700
2639 1850
2640 2641
182 2227
1549 268
60 157
1358 1519
2642 26
1864 435
420 332
145 344
116 132
1923 91
759 882
1419 640
118 304
1793 622
2643 607
562 402
2644 575
2644 580
2645 2646
1407 1428
68 1285
911 1352
1999 93
2647 2648
882 63
460 1689
64 2649
2650 77
658 2651
2650 73
2650 76
241 2161
1907 477
2095 24
2097 1754
2526 2652
331 1293
1081 1265
2653 1197
1883 994
589 59
1665 2654
2655 1293
868 65
345 2054
82 396
195 2
2656 1578
264 20
2412 2657
209 2658
1497 2659
953 2660
1068 667
1038 469
1099 2661
2535 205
1934 2098
634 129
2662 24
2459 902
2663 2061
542 702
865 210
810 1588
2126 1035
1592 2664
1549 1285
464 257
1775 335
2665 1436
1851 640
2666 2667
131 142
2668 374
564 336
104 1142
35 2669
1819 1121
114 2670
2671 667
1089 1175
1676 393
741 572
724 667
2672 1389
384 2673
1141 160
1319 1261
815 1175
854 45
1174 640
1527 2674
349 142
2647 2675
944 2382
1488 2676
845 86
2677 208
1087 2678
370 1772
2679 674
553 288
354 1986
2680 2681
465 2
474 257
660 2682
898 2683
257 421
600 2684
1372 710
349 132
1364 334
163 111
427 328
1099 293
880 1898
2685 2486
1259 2512
2404 6
99 489
233 2686
464 86
908 232
2687 2330
1555 73
1555 77
2688 2689
1555 76
233 2690
17 219
367 2133
517 737
2691 2692
1587 2437
2163 2693
1491 2694
2695 80
170 832
2493 1064
911 93
407 2696
1587 1869
2697 936
742 640
241 1621
350 640
217 627
17 780
434 2195
2424 2698
324 920
2699 1212
407 2700
2701 580
2701 575
2338 654
1721 753
2602 2702
2703 2343
1719 880
519 346
2476 2704
688 2
2705 428
163 2359
446 1334
2699 2361
2706 2620
108 87
2707 2708
436 2709
460 1140
1505 91
868 2710
2711 2671
2712 2189
1008 63
589 469
238 2713
2131 596
2714 2715
54 117
2599 2716
731 149
2244 1474
356 2624
262 2717
734 2718
798 157
802 2719
2720 1924
688 421
986 1293
32 282
21 268
380 493
1987 1647
1035 640
257 540
2340 24
1126 823
750 445
813 428
2721 2722
156 702
2723 1579
2715 2416
407 93
2724 1473
2724 1471
2724 1472
1450 2725
2724 1468
746 76
394 309
1089 435
475 819
746 73
746 77
731 86
2726 210
699 1
2697 2727
955 1824
1891 336
1945 741
354 122
1592 1916
1934 1604
1336 1489
1038 1996
868 2728
2478 334
1501 1528
703 1259
1008 20
2729 1658
2730 295
254 1401
1760 162
1862 439
27 421
82 2731
1391 1093
1152 640
1438 482
1442 1
303 257
1665 91
44 330
2732 1126
751 2733
861 2734
1258 2735
1459 24
1547 2725
2736 2711
514 43
447 236
363 525
1779 2737
195 1
2738 501
2739 792
2740 1374
347 1239
1449 1322
1449 1324
1449 1314
1449 1315
1253 239
86 339
191 2741
619 159
855 1751
394 1261
1196 1744
1273 1323
2742 379
195 413
815 61
1035 351
836 2743
427 2744
868 2745
378 159
794 640
1252 351
490 2000
340 2746
2747 1012
2535 541
1624 428
1310 1434
2748 2749
1664 2750
360 63
895 2318
2751 2752
2105 2682
634 309
2753 295
1913 351
285 932
1442 1021
2754 944
69 1285
1238 357
1959 1007
186 421
384 2755
2756 523
810 1869
2757 2426
1447 1007
1593 860
2758 1386
368 2759
1785 351
325 2760
2071 602
731 465
2761 2762
145 93
386 844
1270 87
94 2763
1454 1555
116 86
195 108
861 2764
923 2765
2766 457
586 559
1735 711
1363 30
209 2767
742 351
671 606
2768 2769
1188 1516
755 2770
2771 448
2772 2344
64 445
1086 667
1190 257
27 117
2773 832
2761 2774
367 780
2775 2776
446 142
2777 125
480 577
358 1971
2778 219
131 117
2779 2780
1785 493
908 878
949 395
2781 970
475 286
2782 580
2782 575
870 2783
2784 295
2319 43
2785 698
732 59
2786 1325
2344 2787
285 332
1488 268
2788 63
2789 1528
1095 575
1095 580
147 328
132 469
2790 2322
391 26
2791 1469
2479 741
1881 844
1075 93
273 1559
2792 1921
2584 1017
179 1700
2082 862
2026 351
1024 1272
895 2793
1203 1994
2476 2794
758 59
363 1239
1139 435
452 2327
1762 468
1354 2185
2292 2795
619 268
807 2796
195 469
2797 501
840 127
135 880
175 2474
168 1285
1699 63
1697 379
2798 26
2158 2799
496 882
2155 2800
118 2801
1573 676
412 132
345 1434
335 1700
2802 37
2803 1766
1170 1711
976 257
2804 1308
1031 210
1785 860
2151 86
1276 2805
1061 309
99 2073
412 257
467 219
16 226
1075 335
2806 1198
2612 2512
2807 1321
663 91
1772 910
628 616
2607 856
1667 2808
569 2809
376 2810
870 2811
2812 26
391 8
58 2180
195 132
1062 30
929 286
70 2054
2813 2236
714 2814
923 2815
660 2816
1587 611
2817 1952
2818 1850
2819 2820
683 105
644 309
442 907
421 87
2821 2566
82 2822
1747 602
2823 2189
2479 856
198 2824
92 2350
1488 600
1345 481
1585 1261
274 2000
733 132
2021 667
2097 1604
1394 1293
101 2825
2826 741
2827 2408
262 2828
992 588
1099 2829
553 297
460 111
1408 1514
1284 1986
2232 943
1168 364
793 132
