3,4
3,4,76
3,4,503
3,4,838
4,76
4,503
4,838
22,23
22,23,403
22,23,662
22,23,861
23,403
23,662
23,861
25,26
25,26,749,440,439
25,26,923,440,439
25,26,749,440
25,26,923,440
25,26,749,440,477
25,26,923,440,477
25,26,749
25,26,923,440,749
25,26,818
25,26,862
25,26,923
26,749,440,439
26,923,440,439
26,749,440
26,923,440
26,749,440,477
26,923,440,477
26,749
26,923,440,749
26,818
26,862
26,923
28,29
28,30
29,28,30
31,32
31,32,200
31,32,200,278,215
31,32,228
31,32,200,278
31,32,585
31,32,764,585
31,32,585,13
31,32,764,585,13
31,32,585,649
31,32,764,585,649
31,32,585,680
31,32,764,585,680
31,32,764
31,32,585,900
31,32,764,585,900
31,32,585,13,973
31,32,764,585,13,973
32,200
32,200,278,215
32,228
32,200,278
32,585
32,764,585
32,585,13
32,764,585,13
32,585,649
32,764,585,649
32,585,680
32,764,585,680
32,764
32,585,900
32,764,585,900
32,585,13,973
32,764,585,13,973
33,34
35,36
37,38
37,39,38
37,39,786,38
37,39
37,38,271
37,39,38,271
37,39,786,38,271
37,38,691
37,39,38,691
37,39,786,38,691
37,38,786
37,39,786
37,38,836
37,39,38,836
37,39,786,38,836
38,39
38,786,39
38,271
38,691
38,786
38,836
39,38,271
39,786,38,271
39,38,691
39,786,38,691
39,786
39,38,836
39,786,38,836
42,43
42,43,45
42,43,259,46,45
42,43,473,46,45
42,43,624,46,45
42,43,940,46,45
42,43,45,46
42,43,259,46
42,43,473,46
42,43,624,46
42,43,940,46
42,43,45,46,96
42,43,259,46,96
42,43,473,46,96
42,43,624,46,96
42,43,940,46,96
42,43,259
42,43,473,46,259
42,43,624,46,259
42,43,940,46,259
42,43,384,289
42,43,384,385,289
42,43,384,289,290
42,43,384,385,289,290
42,43,384
42,43,384,385
42,43,45,46,450
42,43,259,46,450
42,43,473,46,450
42,43,624,46,450
42,43,940,46,450
42,43,473
42,43,624,46,473
42,43,940,46,473
42,43,45,46,505
42,43,259,46,505
42,43,473,46,505
42,43,624,46,505
42,43,940,46,505
42,43,45,46,544
42,43,259,46,544
42,43,473,46,544
42,43,624,46,544
42,43,940,46,544
42,43,624
42,43,940,46,624
42,43,45,46,763
42,43,259,46,763
42,43,473,46,763
42,43,624,46,763
42,43,940,46,763
42,43,45,46,826
42,43,259,46,826
42,43,473,46,826
42,43,624,46,826
42,43,940,46,826
42,43,940
43,45
43,259,46,45
43,473,46,45
43,624,46,45
43,940,46,45
43,45,46
43,259,46
43,473,46
43,624,46
43,940,46
43,45,46,96
43,259,46,96
43,473,46,96
43,624,46,96
43,940,46,96
43,259
43,473,46,259
43,624,46,259
43,940,46,259
43,384,289
43,384,385,289
43,384,289,290
43,384,385,289,290
43,384
43,384,385
43,45,46,450
43,259,46,450
43,473,46,450
43,624,46,450
43,940,46,450
43,473
43,624,46,473
43,940,46,473
43,45,46,505
43,259,46,505
43,473,46,505
43,624,46,505
43,940,46,505
43,45,46,544
43,259,46,544
43,473,46,544
43,624,46,544
43,940,46,544
43,624
43,940,46,624
43,45,46,763
43,259,46,763
43,473,46,763
43,624,46,763
43,940,46,763
43,45,46,826
43,259,46,826
43,473,46,826
43,624,46,826
43,940,46,826
43,940
45,46
45,43,259,46,96
45,43,473,46,96
45,43,624,46,96
45,43,940,46,96
45,46,96
45,43,259
45,43,473,46,259
45,43,624,46,259
45,43,940,46,259
45,46,259
45,43,384,289
45,43,384,385,289
45,46,259,43,384,289
45,46,259,43,384,385,289
45,46,473,43,384,289
45,46,473,43,384,385,289
45,46,624,43,384,289
45,46,624,43,384,385,289
45,46,940,43,384,289
45,46,940,43,384,385,289
45,43,384,289,290
45,43,384,385,289,290
45,46,259,43,384,289,290
45,46,259,43,384,385,289,290
45,46,473,43,384,289,290
45,46,473,43,384,385,289,290
45,46,624,43,384,289,290
45,46,624,43,384,385,289,290
45,46,940,43,384,289,290
45,46,940,43,384,385,289,290
45,43,384
45,46,259,43,384
45,46,473,43,384
45,46,624,43,384
45,46,940,43,384
45,43,384,385
45,46,259,43,384,385
45,46,473,43,384,385
45,46,624,43,384,385
45,46,940,43,384,385
45,43,259,46,450
45,43,473,46,450
45,43,624,46,450
45,43,940,46,450
45,46,450
45,43,473
45,43,624,46,473
45,43,940,46,473
45,46,473
45,43,259,46,505
45,43,473,46,505
45,43,624,46,505
45,43,940,46,505
45,46,505
45,43,259,46,544
45,43,473,46,544
45,43,624,46,544
45,43,940,46,544
45,46,544
45,43,624
45,43,940,46,624
45,46,624
45,43,259,46,763
45,43,473,46,763
45,43,624,46,763
45,43,940,46,763
45,46,763
45,43,259,46,826
45,43,473,46,826
45,43,624,46,826
45,43,940,46,826
45,46,826
45,43,940
45,46,940
46,96
46,259
46,45,43,384,289
46,45,43,384,385,289
46,259,43,384,289
46,259,43,384,385,289
46,473,43,384,289
46,473,43,384,385,289
46,624,43,384,289
46,624,43,384,385,289
46,940,43,384,289
46,940,43,384,385,289
46,45,43,384,289,290
46,45,43,384,385,289,290
46,259,43,384,289,290
46,259,43,384,385,289,290
46,473,43,384,289,290
46,473,43,384,385,289,290
46,624,43,384,289,290
46,624,43,384,385,289,290
46,940,43,384,289,290
46,940,43,384,385,289,290
46,45,43,384
46,259,43,384
46,473,43,384
46,624,43,384
46,940,43,384
46,45,43,384,385
46,259,43,384,385
46,473,43,384,385
46,624,43,384,385
46,940,43,384,385
46,450
46,473
46,505
46,544
46,624
46,763
46,826
46,940
54,55
54,55,254
54,55,270
54,55,563
54,55,688
54,55,702
55,254
55,270
55,563
55,688
55,702
63,21
63,21,173
63,21,173,174
63,21,173,174,89
63,21,173,174,187
63,21,173,174,188
21,173
21,173,174
21,173,174,89
21,173,174,187
21,173,174,188
76,4,503
76,4,838
79,80
88,17
90,91
90,91,177,178,426,969,968,152,151
90,91,177,178,501,151
90,91,177,178,153,151
90,91,476,178,426,969,968,152,151
90,91,476,178,501,151
90,91,476,178,153,151
90,91,501,151
90,91,501,178,426,969,968,152,151
90,91,501,178,153,151
90,91,153,151
90,91,153,178,426,969,968,152,151
90,91,968,152,151
90,91,968,969,426,178,501,151
90,91,968,969,426,178,153,151
90,91,969,968,152,151
90,91,969,426,178,501,151
90,91,969,426,178,153,151
90,91,177,178,426,969,968,152
90,91,177,178,501,151,152
90,91,177,178,153,151,152
90,91,476,178,426,969,968,152
90,91,476,178,501,151,152
90,91,476,178,153,151,152
90,91,501,151,152
90,91,501,151,153,178,426,969,968,152
90,91,501,178,426,969,968,152
90,91,501,178,153,151,152
90,91,153,151,152
90,91,153,178,426,969,968,152
90,91,968,152
90,91,969,968,152
90,91,969,426,178,501,151,152
90,91,969,426,178,153,151,152
90,91,177,178,426,969,968,152,151,153
90,91,177,178,501,151,153
90,91,177,178,153
90,91,476,178,426,969,968,152,151,153
90,91,476,178,501,151,153
90,91,476,178,153
90,91,501,151,153
90,91,501,178,153
90,91,153
90,91,968,152,151,153
90,91,968,152,151,501,178,153
90,91,968,969,426,178,501,151,153
90,91,968,969,426,178,153
90,91,969,968,152,151,153
90,91,969,968,152,151,501,178,153
90,91,969,426,178,501,151,153
90,91,969,426,178,153
90,91,177
90,91,476,178,177
90,91,501,151,152,968,969,426,178,177
90,91,501,178,177
90,91,968,152,151,153,178,177
90,91,968,152,151,501,178,177
90,91,968,969,426,178,177
90,91,969,968,152,151,153,178,177
90,91,969,968,152,151,501,178,177
90,91,969,426,178,177
90,91,177,178
90,91,476,178
90,91,501,178
90,91,153,178
90,91,968,152,151,153,178
90,91,968,152,151,501,178
90,91,968,969,426,178
90,91,969,968,152,151,153,178
90,91,969,968,152,151,501,178
90,91,969,426,178
90,91,177,178,426
90,91,476,178,426
90,91,476,178,501,151,152,968,969,426
90,91,501,151,152,968,969,426
90,91,501,151,153,178,426
90,91,501,178,426
90,91,153,151,152,968,969,426
90,91,153,178,426
90,91,968,152,151,153,178,426
90,91,968,152,151,501,178,426
90,91,968,969,426
90,91,969,426
90,91,476
90,91,501,178,476
90,91,968,152,151,153,178,476
90,91,968,152,151,501,178,476
90,91,968,969,426,178,476
90,91,969,968,152,151,153,178,476
90,91,969,968,152,151,501,178,476
90,91,969,426,178,476
90,91,501
90,91,968,152,151,501
90,91,968,969,426,178,501
90,91,969,968,152,151,501
90,91,969,426,178,501
90,91,968
90,91,969,968
90,91,969
91,177,178,426,969,968,152,151
91,177,178,501,151
91,177,178,153,151
91,476,178,426,969,968,152,151
91,476,178,501,151
91,476,178,153,151
91,501,151
91,501,178,426,969,968,152,151
91,501,178,153,151
91,153,151
91,153,178,426,969,968,152,151
91,968,152,151
91,968,969,426,178,501,151
91,968,969,426,178,153,151
91,969,968,152,151
91,969,426,178,501,151
91,969,426,178,153,151
91,177,178,426,969,968,152
91,177,178,501,151,152
91,177,178,153,151,152
91,476,178,426,969,968,152
91,476,178,501,151,152
91,476,178,153,151,152
91,501,151,152
91,501,151,153,178,426,969,968,152
91,501,178,426,969,968,152
91,501,178,153,151,152
91,153,151,152
91,153,178,426,969,968,152
91,968,152
91,969,968,152
91,969,426,178,501,151,152
91,969,426,178,153,151,152
91,177,178,426,969,968,152,151,153
91,177,178,501,151,153
91,177,178,153
91,476,178,426,969,968,152,151,153
91,476,178,501,151,153
91,476,178,153
91,501,151,153
91,501,178,153
91,153
91,968,152,151,153
91,968,152,151,501,178,153
91,968,969,426,178,501,151,153
91,968,969,426,178,153
91,969,968,152,151,153
91,969,968,152,151,501,178,153
91,969,426,178,501,151,153
91,969,426,178,153
91,177
91,476,178,177
91,501,151,152,968,969,426,178,177
91,501,178,177
91,968,152,151,153,178,177
91,968,152,151,501,178,177
91,968,969,426,178,177
91,969,968,152,151,153,178,177
91,969,968,152,151,501,178,177
91,969,426,178,177
91,177,178
91,476,178
91,501,178
91,153,178
91,968,152,151,153,178
91,968,152,151,501,178
91,968,969,426,178
91,969,968,152,151,153,178
91,969,968,152,151,501,178
91,969,426,178
91,177,178,426
91,476,178,426
91,476,178,501,151,152,968,969,426
91,501,151,152,968,969,426
91,501,151,153,178,426
91,501,178,426
91,153,151,152,968,969,426
91,153,178,426
91,968,152,151,153,178,426
91,968,152,151,501,178,426
91,968,969,426
91,969,426
91,476
91,501,178,476
91,968,152,151,153,178,476
91,968,152,151,501,178,476
91,968,969,426,178,476
91,969,968,152,151,153,178,476
91,969,968,152,151,501,178,476
91,969,426,178,476
91,501
91,968,152,151,501
91,968,969,426,178,501
91,969,968,152,151,501
91,969,426,178,501
91,968
91,969,968
91,969
96,46,259
96,46,473,43,259
96,46,624,43,259
96,46,940,43,259
96,46,45,43,384,289
96,46,45,43,384,385,289
96,46,259,43,384,289
96,46,259,43,384,385,289
96,46,473,43,384,289
96,46,473,43,384,385,289
96,46,624,43,384,289
96,46,624,43,384,385,289
96,46,940,43,384,289
96,46,940,43,384,385,289
96,46,45,43,384,289,290
96,46,45,43,384,385,289,290
96,46,259,43,384,289,290
96,46,259,43,384,385,289,290
96,46,473,43,384,289,290
96,46,473,43,384,385,289,290
96,46,624,43,384,289,290
96,46,624,43,384,385,289,290
96,46,940,43,384,289,290
96,46,940,43,384,385,289,290
96,46,45,43,384
96,46,259,43,384
96,46,473,43,384
96,46,624,43,384
96,46,940,43,384
96,46,45,43,384,385
96,46,259,43,384,385
96,46,473,43,384,385
96,46,624,43,384,385
96,46,940,43,384,385
96,46,450
96,46,473
96,46,624,43,473
96,46,940,43,473
96,46,505
96,46,544
96,46,624
96,46,940,43,624
96,46,763
96,46,826
96,46,940
99,100
99,100,115
99,100,149
99,100,235
99,100,275
99,100,306
99,100,361
99,100,369
99,100,394
99,100,472
99,100,670
99,100,888
99,100,914
99,100,921
99,100,930
99,100,933
100,115
100,149
100,235
100,275
100,306
100,361
100,369
100,394
100,472
100,670
100,888
100,914
100,921
100,930
100,933
103,104
103,106,104
103,105
103,106
103,104,106,132
103,106,132
104,103,105
104,106,103,105
104,106
104,106,132
105,103,106
105,103,104,106,132
105,103,106,132
106,132
115,100,149
115,100,235
115,100,275
115,100,306
115,100,361
115,100,369
115,100,394
115,100,472
115,100,670
115,100,888
115,100,914
115,100,921
115,100,930
115,100,933
141,142
144,145
144,937,145
144,937,760,145
144,146
144,145,760
144,937,760
144,145,760,761
144,145,937,760,761
144,937,760,761
144,145,760,337
144,145,937,760,337
144,937,760,337
144,145,760,541
144,145,937,760,541
144,937,760,541
144,937
145,144,146
145,760,937,144,146
145,937,144,146
145,760
145,937,760
145,760,761
145,937,760,761
145,760,337
145,937,760,337
145,760,541
145,937,760,541
145,937
146,144,145,760
146,144,937,760
146,144,145,760,761
146,144,145,937,760,761
146,144,937,760,761
146,144,145,760,337
146,144,145,937,760,337
146,144,937,760,337
146,144,145,760,541
146,144,145,937,760,541
146,144,937,760,541
146,144,937
149,100,235
149,100,275
149,100,306
149,100,361
149,100,369
149,100,394
149,100,472
149,100,670
149,100,888
149,100,914
149,100,921
149,100,930
149,100,933
151,152
151,153,178,426,969,968,152
151,501,178,426,969,968,152
151,153
151,501,178,153
151,152,968,91,177
151,152,968,91,476,178,177
151,152,968,969,91,177
151,152,968,969,91,476,178,177
151,152,968,969,426,178,177
151,152,968,969,426,178,476,91,177
151,153,91,177
151,153,91,476,178,177
151,153,91,968,969,426,178,177
151,153,91,969,426,178,177
151,153,178,177
151,501,91,177
151,501,91,476,178,177
151,501,91,968,969,426,178,177
151,501,91,969,426,178,177
151,501,178,177
151,152,968,91,177,178
151,152,968,91,476,178
151,152,968,91,969,426,178
151,152,968,969,91,177,178
151,152,968,969,91,476,178
151,152,968,969,426,178
151,153,178
151,501,178
151,152,968,91,177,178,426
151,152,968,91,476,178,426
151,152,968,91,969,426
151,152,968,969,426
151,153,91,177,178,426
151,153,91,476,178,426
151,153,91,968,969,426
151,153,91,969,426
151,153,178,426
151,153,178,476,91,968,969,426
151,153,178,476,91,969,426
151,501,91,177,178,426
151,501,91,476,178,426
151,501,91,968,969,426
151,501,91,969,426
151,501,178,426
151,501,178,476,91,968,969,426
151,501,178,476,91,969,426
151,152,968,91,476
151,152,968,969,91,476
151,152,968,969,426,178,476
151,153,91,476
151,153,178,476
151,501,91,476
151,501,178,476
151,501
151,152,968
151,153,91,968
151,153,91,969,968
151,153,178,177,91,968
151,153,178,177,91,969,968
151,153,178,426,969,968
151,153,178,476,91,968
151,153,178,476,91,969,968
151,153,178,501,91,968
151,153,178,501,91,969,968
151,501,91,968
151,501,91,969,968
151,501,178,177,91,968
151,501,178,177,91,969,968
151,501,178,426,969,968
151,501,178,476,91,968
151,501,178,476,91,969,968
151,152,968,969
151,153,91,969
151,153,178,177,91,969
151,153,178,426,969
151,153,178,476,91,969
151,153,178,501,91,969
151,501,91,969
151,501,178,177,91,969
151,501,178,426,969
151,501,178,476,91,969
152,151,153
152,151,501,91,177,178,153
152,151,501,91,476,178,153
152,151,501,91,153
152,151,501,91,969,426,178,153
152,151,501,178,153
152,968,91,177,178,501,151,153
152,968,91,177,178,153
152,968,91,476,178,501,151,153
152,968,91,476,178,153
152,968,91,501,151,153
152,968,91,501,178,153
152,968,91,153
152,968,969,91,177,178,501,151,153
152,968,969,91,177,178,153
152,968,969,91,476,178,501,151,153
152,968,969,91,476,178,153
152,968,969,91,501,151,153
152,968,969,91,501,178,153
152,968,969,91,153
152,968,969,426,178,177,91,501,151,153
152,968,969,426,178,177,91,153
152,968,969,426,178,476,91,501,151,153
152,968,969,426,178,476,91,153
152,968,969,426,178,501,151,153
152,968,969,426,178,501,91,153
152,968,969,426,178,153
152,151,153,91,177
152,151,153,91,476,178,177
152,151,153,91,969,426,178,177
152,151,153,178,177
152,151,501,91,177
152,151,501,91,476,178,177
152,151,501,91,969,426,178,177
152,151,501,178,177
152,968,91,177
152,968,91,476,178,177
152,968,91,501,178,177
152,968,969,91,177
152,968,969,91,476,178,177
152,968,969,91,501,178,177
152,968,969,426,178,177
152,968,969,426,178,476,91,177
152,968,969,426,178,501,91,177
152,151,153,178
152,151,501,178
152,968,91,177,178
152,968,91,476,178
152,968,91,501,178
152,968,91,153,178
152,968,91,969,426,178
152,968,969,91,177,178
152,968,969,91,476,178
152,968,969,91,501,178
152,968,969,91,153,178
152,968,969,426,178
152,151,153,91,177,178,426
152,151,153,91,476,178,426
152,151,153,91,501,178,426
152,151,153,91,969,426
152,151,153,178,426
152,151,153,178,476,91,969,426
152,151,501,91,177,178,426
152,151,501,91,476,178,426
152,151,501,91,969,426
152,151,501,178,426
152,151,501,178,476,91,969,426
152,968,91,177,178,426
152,968,91,476,178,426
152,968,91,501,151,153,178,426
152,968,91,501,178,426
152,968,91,153,178,426
152,968,91,969,426
152,968,969,426
152,151,153,91,476
152,151,153,178,476
152,151,501,91,476
152,151,501,178,476
152,968,91,476
152,968,91,501,178,476
152,968,969,91,476
152,968,969,91,501,178,476
152,968,969,426,178,476
152,968,969,426,178,501,91,476
152,151,501
152,968,91,501
152,968,969,91,501
152,968,969,426,178,501
152,968
152,151,153,91,969
152,151,153,178,177,91,969
152,151,153,178,426,969
152,151,153,178,476,91,969
152,151,153,178,501,91,969
152,151,501,91,969
152,151,501,178,177,91,969
152,151,501,178,426,969
152,151,501,178,476,91,969
152,968,969
153,151,152,968,91,177
153,151,152,968,91,476,178,177
153,151,152,968,969,91,177
153,151,152,968,969,91,476,178,177
153,151,152,968,969,426,178,177
153,151,152,968,969,426,178,476,91,177
153,151,501,91,177
153,151,501,91,476,178,177
153,151,501,91,968,969,426,178,177
153,151,501,91,969,426,178,177
153,151,501,178,177
153,91,177
153,91,476,178,177
153,91,501,178,177
153,91,968,969,426,178,177
153,91,969,426,178,177
153,178,177
153,178
153,151,152,968,91,177,178,426
153,151,152,968,91,476,178,426
153,151,152,968,969,426
153,151,501,91,177,178,426
153,151,501,91,476,178,426
153,151,501,91,968,969,426
153,151,501,91,969,426
153,151,501,178,426
153,151,501,178,476,91,968,969,426
153,151,501,178,476,91,969,426
153,91,177,178,426
153,91,476,178,426
153,91,501,151,152,968,969,426
153,91,501,178,426
153,91,968,969,426
153,91,969,426
153,178,426
153,178,476,91,968,969,426
153,178,476,91,969,426
153,178,501,91,968,969,426
153,178,501,91,969,426
153,151,152,968,91,476
153,151,152,968,969,91,476
153,151,152,968,969,426,178,476
153,151,501,91,476
153,151,501,178,476
153,91,476
153,91,501,178,476
153,178,476
153,151,501
153,91,501
153,178,501
153,151,152,968
153,151,501,91,968
153,151,501,91,969,968
153,151,501,178,177,91,968
153,151,501,178,177,91,969,968
153,151,501,178,426,969,968
153,151,501,178,476,91,968
153,151,501,178,476,91,969,968
153,91,968
153,91,969,968
153,178,177,91,968
153,178,177,91,969,968
153,178,426,969,968
153,178,476,91,968
153,178,476,91,969,968
153,178,501,151,152,968
153,178,501,91,968
153,178,501,91,969,968
153,151,152,968,969
153,151,501,91,969
153,151,501,178,177,91,969
153,151,501,178,426,969
153,151,501,178,476,91,969
153,91,969
153,178,177,91,969
153,178,426,969
153,178,476,91,969
153,178,501,151,152,968,969
153,178,501,91,969
159,160
159,161,488,489,160
159,161,488,243,160
159,161
159,160,489,488,243
159,160,243
159,161,488,489,160,243
159,161,488,243
159,160,432
159,161,488,489,160,432
159,161,488,243,160,432
159,160,489,488
159,160,243,488
159,161,488
159,160,489
159,161,488,489
160,159,161
160,489,488,161
160,243,488,161
160,489,488,243
160,243
160,432
160,159,161,488
160,489,488
160,243,488
160,489
161,159,160,243
161,488,489,160,243
161,488,243
161,159,160,432
161,488,489,160,432
161,488,243,160,432
161,488
161,159,160,489
161,488,489
173,174
173,174,89
173,174,187
173,174,188
174,89
174,187
174,188
177,178
177,91,476,178,426
177,91,476,178,501,151,152,968,969,426
177,91,501,151,152,968,969,426
177,91,501,178,426
177,91,153,151,152,968,969,426
177,91,968,152,151,501,178,426
177,91,968,969,426
177,91,969,426
177,178,426
177,178,476,91,968,969,426
177,178,476,91,969,426
177,178,501,151,152,968,969,426
177,178,501,91,968,969,426
177,178,501,91,969,426
177,91,476
177,91,501,178,476
177,91,968,152,151,501,178,476
177,91,969,968,152,151,501,178,476
177,178,476
177,91,501
177,91,968,152,151,501
177,91,969,968,152,151,501
177,178,501
177,91,968
177,91,969,968
177,178,426,969,968
177,178,476,91,968
177,178,476,91,969,968
177,178,501,151,152,968
177,178,501,91,968
177,178,501,91,969,968
177,178,153,151,152,968
177,91,969
177,178,426,969
177,178,476,91,969
177,178,501,151,152,968,969
177,178,501,91,969
177,178,153,151,152,968,969
178,426
178,476
178,501
178,177,91,968
178,177,91,969,968
178,426,969,968
178,476,91,968
178,476,91,969,968
178,501,151,152,968
178,501,91,968
178,501,91,969,968
178,153,151,152,968
178,153,91,968
178,153,91,969,968
178,177,91,969
178,426,969
178,476,91,969
178,501,151,152,968,969
178,501,91,969
178,153,151,152,968,969
178,153,91,969
182,183
89,174,187
89,174,188
187,174,188
189,190
189,191
190,189,191
196,197
196,577
196,577,578
197,196,577
197,196,577,578
200,278,215
200,32,228
200,278
200,32,585
200,32,764,585
200,32,585,13
200,32,764,585,13
200,32,585,649
200,32,764,585,649
200,32,585,680
200,32,764,585,680
200,32,764
200,32,585,900
200,32,764,585,900
200,32,585,13,973
200,32,764,585,13,973
215,278,200,32,228
215,278
215,278,200,32,585
215,278,200,32,764,585
215,278,200,32,585,13
215,278,200,32,764,585,13
215,278,200,32,585,649
215,278,200,32,764,585,649
215,278,200,32,585,680
215,278,200,32,764,585,680
215,278,200,32,764
215,278,200,32,585,900
215,278,200,32,764,585,900
215,278,200,32,585,13,973
215,278,200,32,764,585,13,973
228,32,200,278
228,32,585
228,32,764,585
228,32,585,13
228,32,764,585,13
228,32,585,649
228,32,764,585,649
228,32,585,680
228,32,764,585,680
228,32,764
228,32,585,900
228,32,764,585,900
228,32,585,13,973
228,32,764,585,13,973
233,234
233,234,607,876,482,481,347
233,234,607,876,482,741,518,485,481,347
233,234,607,876,482,484,481,347
233,234,607,876,741,482,481,347
233,234,607,876,741,482,484,481,347
233,234,607,876,741,518,485,481,347
233,234,607,876,518,485,481,347
233,234,607,876,518,741,482,481,347
233,234,607,876,518,741,482,484,481,347
233,234,607,518,485,481,347
233,234,607,518,741,482,481,347
233,234,607,518,741,482,484,481,347
233,234,607,518,876,482,481,347
233,234,607,518,876,482,484,481,347
233,234,876,482,481,347
233,234,876,482,741,518,485,481,347
233,234,876,482,484,481,347
233,234,876,741,482,481,347
233,234,876,741,482,484,481,347
233,234,876,741,518,485,481,347
233,234,876,518,485,481,347
233,234,876,518,741,482,481,347
233,234,876,518,741,482,484,481,347
233,234,607,876,482,481,347,348
233,234,607,876,482,741,518,485,481,347,348
233,234,607,876,482,484,481,347,348
233,234,607,876,741,482,481,347,348
233,234,607,876,741,482,484,481,347,348
233,234,607,876,741,518,485,481,347,348
233,234,607,876,518,485,481,347,348
233,234,607,876,518,741,482,481,347,348
233,234,607,876,518,741,482,484,481,347,348
233,234,607,518,485,481,347,348
233,234,607,518,741,482,481,347,348
233,234,607,518,741,482,484,481,347,348
233,234,607,518,876,482,481,347,348
233,234,607,518,876,482,484,481,347,348
233,234,876,482,481,347,348
233,234,876,482,741,518,485,481,347,348
233,234,876,482,484,481,347,348
233,234,876,741,482,481,347,348
233,234,876,741,482,484,481,347,348
233,234,876,741,518,485,481,347,348
233,234,876,518,485,481,347,348
233,234,876,518,741,482,481,347,348
233,234,876,518,741,482,484,481,347,348
233,234,607,876,482,481
233,234,607,876,482,741,518,485,481
233,234,607,876,482,484,481
233,234,607,876,741,482,481
233,234,607,876,741,482,484,481
233,234,607,876,741,518,485,481
233,234,607,876,518,485,481
233,234,607,876,518,741,482,481
233,234,607,876,518,741,482,484,481
233,234,607,518,485,481
233,234,607,518,741,482,481
233,234,607,518,741,482,484,481
233,234,607,518,876,482,481
233,234,607,518,876,482,484,481
233,234,876,482,481
233,234,876,482,741,518,485,481
233,234,876,482,484,481
233,234,876,741,482,481
233,234,876,741,482,484,481
233,234,876,741,518,485,481
233,234,876,518,485,481
233,234,876,518,741,482,481
233,234,876,518,741,482,484,481
233,234,607,876,482
233,234,607,876,741,482
233,234,607,876,741,518,485,481,484,482
233,234,607,876,518,485,481,482
233,234,607,876,518,485,481,484,482
233,234,607,876,518,741,482
233,234,607,518,485,481,482
233,234,607,518,485,481,484,482
233,234,607,518,741,482
233,234,607,518,876,482
233,234,876,482
233,234,876,741,482
233,234,876,741,518,485,481,484,482
233,234,876,518,485,481,482
233,234,876,518,485,481,484,482
233,234,876,518,741,482
233,234,607,876,482,481,483
233,234,607,876,482,741,518,485,481,483
233,234,607,876,482,484,481,483
233,234,607,876,741,482,481,483
233,234,607,876,741,482,484,481,483
233,234,607,876,741,518,485,481,483
233,234,607,876,518,485,481,483
233,234,607,876,518,741,482,481,483
233,234,607,876,518,741,482,484,481,483
233,234,607,518,485,481,483
233,234,607,518,741,482,481,483
233,234,607,518,741,482,484,481,483
233,234,607,518,876,482,481,483
233,234,607,518,876,482,484,481,483
233,234,876,482,481,483
233,234,876,482,741,518,485,481,483
233,234,876,482,484,481,483
233,234,876,741,482,481,483
233,234,876,741,482,484,481,483
233,234,876,741,518,485,481,483
233,234,876,518,485,481,483
233,234,876,518,741,482,481,483
233,234,876,518,741,482,484,481,483
233,234,607,876,482,484
233,234,607,876,741,482,484
233,234,607,876,741,518,485,481,484
233,234,607,876,518,485,481,484
233,234,607,876,518,741,482,484
233,234,607,518,485,481,484
233,234,607,518,741,482,484
233,234,607,518,876,482,484
233,234,876,482,484
233,234,876,741,482,484
233,234,876,741,518,485,481,484
233,234,876,518,485,481,484
233,234,876,518,741,482,484
233,234,607,876,482,481,485
233,234,607,876,482,741,518,485
233,234,607,876,482,484,481,485
233,234,607,876,741,482,481,485
233,234,607,876,741,482,484,481,485
233,234,607,876,741,518,485
233,234,607,876,518,485
233,234,607,518,485
233,234,607,518,741,482,481,485
233,234,607,518,741,482,484,481,485
233,234,876,482,481,485
233,234,876,482,741,518,485
233,234,876,482,484,481,485
233,234,876,741,482,481,485
233,234,876,741,482,484,481,485
233,234,876,741,518,485
233,234,876,518,485
233,234,607,876,741,518
233,234,607,876,518
233,234,607,518
233,234,876,741,518
233,234,876,518
233,234,607,876,482,481,485,519
233,234,607,876,482,741,518,485,519
233,234,607,876,482,484,481,485,519
233,234,607,876,741,482,481,485,519
233,234,607,876,741,482,484,481,485,519
233,234,607,876,741,518,485,519
233,234,607,876,518,485,519
233,234,607,876,518,741,482,481,485,519
233,234,607,876,518,741,482,484,481,485,519
233,234,607,518,485,519
233,234,607,518,741,482,481,485,519
233,234,607,518,741,482,484,481,485,519
233,234,607,518,876,482,481,485,519
233,234,607,518,876,482,484,481,485,519
233,234,876,482,481,485,519
233,234,876,482,741,518,485,519
233,234,876,482,484,481,485,519
233,234,876,741,482,481,485,519
233,234,876,741,482,484,481,485,519
233,234,876,741,518,485,519
233,234,876,518,485,519
233,234,876,518,741,482,481,485,519
233,234,876,518,741,482,484,481,485,519
233,234,607
233,234,876,607
233,234,607,876,741
233,234,607,518,741
233,234,876,741
233,234,876
233,234,607,876,482,481,485,518,775
233,234,607,876,482,741,518,775
233,234,607,876,482,484,481,485,518,775
233,234,607,876,741,482,481,485,518,775
233,234,607,876,741,482,484,481,485,518,775
233,234,607,876,741,518,775
233,234,607,876,518,775
233,234,607,518,775
233,234,876,482,481,485,518,775
233,234,876,482,741,518,775
233,234,876,482,484,481,485,518,775
233,234,876,741,482,481,485,518,775
233,234,876,741,482,484,481,485,518,775
233,234,876,741,518,775
233,234,876,518,775
233,234,607,876,482,481,485,518,101
233,234,607,876,482,741,518,101
233,234,607,876,482,484,481,485,518,101
233,234,607,876,741,482,481,485,518,101
233,234,607,876,741,482,484,481,485,518,101
233,234,607,876,741,518,101
233,234,607,876,518,101
233,234,607,518,101
233,234,876,482,481,485,518,101
233,234,876,482,741,518,101
233,234,876,482,484,481,485,518,101
233,234,876,741,482,481,485,518,101
233,234,876,741,482,484,481,485,518,101
233,234,876,741,518,101
233,234,876,518,101
234,607,876,482,481,347
234,607,876,482,741,518,485,481,347
234,607,876,482,484,481,347
234,607,876,741,482,481,347
234,607,876,741,482,484,481,347
234,607,876,741,518,485,481,347
234,607,876,518,485,481,347
234,607,876,518,741,482,481,347
234,607,876,518,741,482,484,481,347
234,607,518,485,481,347
234,607,518,741,482,481,347
234,607,518,741,482,484,481,347
234,607,518,876,482,481,347
234,607,518,876,482,484,481,347
234,876,482,481,347
234,876,482,741,518,485,481,347
234,876,482,484,481,347
234,876,741,482,481,347
234,876,741,482,484,481,347
234,876,741,518,485,481,347
234,876,518,485,481,347
234,876,518,741,482,481,347
234,876,518,741,482,484,481,347
234,607,876,482,481,347,348
234,607,876,482,741,518,485,481,347,348
234,607,876,482,484,481,347,348
234,607,876,741,482,481,347,348
234,607,876,741,482,484,481,347,348
234,607,876,741,518,485,481,347,348
234,607,876,518,485,481,347,348
234,607,876,518,741,482,481,347,348
234,607,876,518,741,482,484,481,347,348
234,607,518,485,481,347,348
234,607,518,741,482,481,347,348
234,607,518,741,482,484,481,347,348
234,607,518,876,482,481,347,348
234,607,518,876,482,484,481,347,348
234,876,482,481,347,348
234,876,482,741,518,485,481,347,348
234,876,482,484,481,347,348
234,876,741,482,481,347,348
234,876,741,482,484,481,347,348
234,876,741,518,485,481,347,348
234,876,518,485,481,347,348
234,876,518,741,482,481,347,348
234,876,518,741,482,484,481,347,348
234,607,876,482,481
234,607,876,482,741,518,485,481
234,607,876,482,484,481
234,607,876,741,482,481
234,607,876,741,482,484,481
234,607,876,741,518,485,481
234,607,876,518,485,481
234,607,876,518,741,482,481
234,607,876,518,741,482,484,481
234,607,518,485,481
234,607,518,741,482,481
234,607,518,741,482,484,481
234,607,518,876,482,481
234,607,518,876,482,484,481
234,876,482,481
234,876,482,741,518,485,481
234,876,482,484,481
234,876,741,482,481
234,876,741,482,484,481
234,876,741,518,485,481
234,876,518,485,481
234,876,518,741,482,481
234,876,518,741,482,484,481
234,607,876,482
234,607,876,741,482
234,607,876,741,518,485,481,484,482
234,607,876,518,485,481,482
234,607,876,518,485,481,484,482
234,607,876,518,741,482
234,607,518,485,481,482
234,607,518,485,481,484,482
234,607,518,741,482
234,607,518,876,482
234,876,482
234,876,741,482
234,876,741,518,485,481,484,482
234,876,518,485,481,482
234,876,518,485,481,484,482
234,876,518,741,482
234,607,876,482,481,483
234,607,876,482,741,518,485,481,483
234,607,876,482,484,481,483
234,607,876,741,482,481,483
234,607,876,741,482,484,481,483
234,607,876,741,518,485,481,483
234,607,876,518,485,481,483
234,607,876,518,741,482,481,483
234,607,876,518,741,482,484,481,483
234,607,518,485,481,483
234,607,518,741,482,481,483
234,607,518,741,482,484,481,483
234,607,518,876,482,481,483
234,607,518,876,482,484,481,483
234,876,482,481,483
234,876,482,741,518,485,481,483
234,876,482,484,481,483
234,876,741,482,481,483
234,876,741,482,484,481,483
234,876,741,518,485,481,483
234,876,518,485,481,483
234,876,518,741,482,481,483
234,876,518,741,482,484,481,483
234,607,876,482,484
234,607,876,741,482,484
234,607,876,741,518,485,481,484
234,607,876,518,485,481,484
234,607,876,518,741,482,484
234,607,518,485,481,484
234,607,518,741,482,484
234,607,518,876,482,484
234,876,482,484
234,876,741,482,484
234,876,741,518,485,481,484
234,876,518,485,481,484
234,876,518,741,482,484
234,607,876,482,481,485
234,607,876,482,741,518,485
234,607,876,482,484,481,485
234,607,876,741,482,481,485
234,607,876,741,482,484,481,485
234,607,876,741,518,485
234,607,876,518,485
234,607,518,485
234,607,518,741,482,481,485
234,607,518,741,482,484,481,485
234,876,482,481,485
234,876,482,741,518,485
234,876,482,484,481,485
234,876,741,482,481,485
234,876,741,482,484,481,485
234,876,741,518,485
234,876,518,485
234,607,876,741,518
234,607,876,518
234,607,518
234,876,741,518
234,876,518
234,607,876,482,481,485,519
234,607,876,482,741,518,485,519
234,607,876,482,484,481,485,519
234,607,876,741,482,481,485,519
234,607,876,741,482,484,481,485,519
234,607,876,741,518,485,519
234,607,876,518,485,519
234,607,876,518,741,482,481,485,519
234,607,876,518,741,482,484,481,485,519
234,607,518,485,519
234,607,518,741,482,481,485,519
234,607,518,741,482,484,481,485,519
234,607,518,876,482,481,485,519
234,607,518,876,482,484,481,485,519
234,876,482,481,485,519
234,876,482,741,518,485,519
234,876,482,484,481,485,519
234,876,741,482,481,485,519
234,876,741,482,484,481,485,519
234,876,741,518,485,519
234,876,518,485,519
234,876,518,741,482,481,485,519
234,876,518,741,482,484,481,485,519
234,607
234,876,607
234,607,876,741
234,607,518,741
234,876,741
234,876
234,607,876,482,481,485,518,775
234,607,876,482,741,518,775
234,607,876,482,484,481,485,518,775
234,607,876,741,482,481,485,518,775
234,607,876,741,482,484,481,485,518,775
234,607,876,741,518,775
234,607,876,518,775
234,607,518,775
234,876,482,481,485,518,775
234,876,482,741,518,775
234,876,482,484,481,485,518,775
234,876,741,482,481,485,518,775
234,876,741,482,484,481,485,518,775
234,876,741,518,775
234,876,518,775
234,607,876,482,481,485,518,101
234,607,876,482,741,518,101
234,607,876,482,484,481,485,518,101
234,607,876,741,482,481,485,518,101
234,607,876,741,482,484,481,485,518,101
234,607,876,741,518,101
234,607,876,518,101
234,607,518,101
234,876,482,481,485,518,101
234,876,482,741,518,101
234,876,482,484,481,485,518,101
234,876,741,482,481,485,518,101
234,876,741,482,484,481,485,518,101
234,876,741,518,101
234,876,518,101
235,100,275
235,100,306
235,100,361
235,100,369
235,100,394
235,100,472
235,100,670
235,100,888
235,100,914
235,100,921
235,100,930
235,100,933
238,217
238,138,363,217
238,138,769,217
238,138
238,217,363
238,217,769,138,363
238,138,363
238,217,769
238,138,769
217,238,138
217,363,138
217,769,138
217,363
217,769,138,363
217,769
138,363
138,769
243,488,489,160,432
243,160,432
243,488
243,488,489
243,160,489
245,246
254,55,270
254,55,563
254,55,688
254,55,702
259,46,473,43,384,289
259,46,473,43,384,385,289
259,46,624,43,384,289
259,46,624,43,384,385,289
259,46,940,43,384,289
259,46,940,43,384,385,289
259,43,384,289
259,43,384,385,289
259,46,473,43,384,289,290
259,46,473,43,384,385,289,290
259,46,624,43,384,289,290
259,46,624,43,384,385,289,290
259,46,940,43,384,289,290
259,46,940,43,384,385,289,290
259,43,384,289,290
259,43,384,385,289,290
259,46,473,43,384
259,46,624,43,384
259,46,940,43,384
259,43,384
259,46,473,43,384,385
259,46,624,43,384,385
259,46,940,43,384,385
259,43,384,385
259,46,450
259,43,473,46,450
259,43,624,46,450
259,43,940,46,450
259,46,473
259,46,624,43,473
259,46,940,43,473
259,43,473
259,46,505
259,43,473,46,505
259,43,624,46,505
259,43,940,46,505
259,46,544
259,43,473,46,544
259,43,624,46,544
259,43,940,46,544
259,46,624
259,46,940,43,624
259,43,624
259,46,763
259,43,473,46,763
259,43,624,46,763
259,43,940,46,763
259,46,826
259,43,473,46,826
259,43,624,46,826
259,43,940,46,826
259,46,940
259,43,940
268,269
268,884,771,269
268,269,771,884,469
268,884,469
268,269,771,884,469,470
268,884,469,470
268,269,771
268,884,771
268,269,771,458
268,884,771,458
268,269,771,593
268,884,771,593
268,884
268,269,771,884,732
268,884,732
269,268,884,469
269,771,884,469
269,268,884,469,470
269,771,884,469,470
269,771
269,268,884,771,458
269,771,458
269,268,884,771,593
269,771,593
269,268,884
269,771,884
269,268,884,732
269,771,884,732
270,55,563
270,55,688
270,55,702
271,38,691
271,38,786
271,38,836
273,274
273,274,777
274,777
275,100,306
275,100,361
275,100,369
275,100,394
275,100,472
275,100,670
275,100,888
275,100,914
275,100,921
275,100,930
275,100,933
278,200,32,585
278,200,32,764,585
278,200,32,585,13
278,200,32,764,585,13
278,200,32,585,649
278,200,32,764,585,649
278,200,32,585,680
278,200,32,764,585,680
278,200,32,764
278,200,32,585,900
278,200,32,764,585,900
278,200,32,585,13,973
278,200,32,764,585,13,973
289,290
289,384
289,385,384
289,385
289,384,43,45,46,450
289,384,43,259,46,450
289,384,43,473,46,450
289,384,43,624,46,450
289,384,43,940,46,450
289,385,384,43,45,46,450
289,385,384,43,259,46,450
289,385,384,43,473,46,450
289,385,384,43,624,46,450
289,385,384,43,940,46,450
289,384,43,473
289,384,43,624,46,473
289,384,43,940,46,473
289,385,384,43,473
289,385,384,43,624,46,473
289,385,384,43,940,46,473
289,384,43,45,46,505
289,384,43,259,46,505
289,384,43,473,46,505
289,384,43,624,46,505
289,384,43,940,46,505
289,385,384,43,45,46,505
289,385,384,43,259,46,505
289,385,384,43,473,46,505
289,385,384,43,624,46,505
289,385,384,43,940,46,505
289,384,43,45,46,544
289,384,43,259,46,544
289,384,43,473,46,544
289,384,43,624,46,544
289,384,43,940,46,544
289,385,384,43,45,46,544
289,385,384,43,259,46,544
289,385,384,43,473,46,544
289,385,384,43,624,46,544
289,385,384,43,940,46,544
289,384,43,624
289,384,43,940,46,624
289,385,384,43,624
289,385,384,43,940,46,624
289,384,43,45,46,763
289,384,43,259,46,763
289,384,43,473,46,763
289,384,43,624,46,763
289,384,43,940,46,763
289,385,384,43,45,46,763
289,385,384,43,259,46,763
289,385,384,43,473,46,763
289,385,384,43,624,46,763
289,385,384,43,940,46,763
289,384,43,45,46,826
289,384,43,259,46,826
289,384,43,473,46,826
289,384,43,624,46,826
289,384,43,940,46,826
289,385,384,43,45,46,826
289,385,384,43,259,46,826
289,385,384,43,473,46,826
289,385,384,43,624,46,826
289,385,384,43,940,46,826
289,384,43,940
289,385,384,43,940
290,289,384
290,289,385,384
290,289,385
290,289,384,43,45,46,450
290,289,384,43,259,46,450
290,289,384,43,473,46,450
290,289,384,43,624,46,450
290,289,384,43,940,46,450
290,289,385,384,43,45,46,450
290,289,385,384,43,259,46,450
290,289,385,384,43,473,46,450
290,289,385,384,43,624,46,450
290,289,385,384,43,940,46,450
290,289,384,43,473
290,289,384,43,624,46,473
290,289,384,43,940,46,473
290,289,385,384,43,473
290,289,385,384,43,624,46,473
290,289,385,384,43,940,46,473
290,289,384,43,45,46,505
290,289,384,43,259,46,505
290,289,384,43,473,46,505
290,289,384,43,624,46,505
290,289,384,43,940,46,505
290,289,385,384,43,45,46,505
290,289,385,384,43,259,46,505
290,289,385,384,43,473,46,505
290,289,385,384,43,624,46,505
290,289,385,384,43,940,46,505
290,289,384,43,45,46,544
290,289,384,43,259,46,544
290,289,384,43,473,46,544
290,289,384,43,624,46,544
290,289,384,43,940,46,544
290,289,385,384,43,45,46,544
290,289,385,384,43,259,46,544
290,289,385,384,43,473,46,544
290,289,385,384,43,624,46,544
290,289,385,384,43,940,46,544
290,289,384,43,624
290,289,384,43,940,46,624
290,289,385,384,43,624
290,289,385,384,43,940,46,624
290,289,384,43,45,46,763
290,289,384,43,259,46,763
290,289,384,43,473,46,763
290,289,384,43,624,46,763
290,289,384,43,940,46,763
290,289,385,384,43,45,46,763
290,289,385,384,43,259,46,763
290,289,385,384,43,473,46,763
290,289,385,384,43,624,46,763
290,289,385,384,43,940,46,763
290,289,384,43,45,46,826
290,289,384,43,259,46,826
290,289,384,43,473,46,826
290,289,384,43,624,46,826
290,289,384,43,940,46,826
290,289,385,384,43,45,46,826
290,289,385,384,43,259,46,826
290,289,385,384,43,473,46,826
290,289,385,384,43,624,46,826
290,289,385,384,43,940,46,826
290,289,384,43,940
290,289,385,384,43,940
295,296
306,100,361
306,100,369
306,100,394
306,100,472
306,100,670
306,100,888
306,100,914
306,100,921
306,100,930
306,100,933
309,310
330,331
330,332,521,331
330,332,552,331
330,332,552,553,581,331
330,332,581,331
330,332,835,553,552,331
330,332,835,553,581,331
330,332
330,331,521
330,331,552,553,581,332,521
330,331,552,553,835,332,521
330,331,552,332,521
330,331,581,332,521
330,331,581,553,835,332,521
330,332,521
330,331,552
330,331,581,332,552
330,331,581,332,835,553,552
330,331,581,553,552
330,332,552
330,332,581,553,552
330,332,835,553,552
330,331,521,332,552,553
330,331,521,332,581,553
330,331,521,332,835,553
330,331,552,553
330,331,581,553
330,332,552,553
330,332,581,553
330,332,835,553
330,331,521,332,552,553,581,580
330,331,521,332,581,580
330,331,521,332,835,553,581,580
330,331,552,553,581,580
330,331,552,553,835,332,581,580
330,331,552,332,581,580
330,331,581,580
330,332,552,553,581,580
330,332,581,580
330,332,835,553,581,580
330,331,581
330,332,581
330,332,835,553,581
330,331,521,332,552,553,581,801
330,331,521,332,581,801
330,331,521,332,835,553,581,801
330,331,552,553,581,801
330,331,552,553,835,332,581,801
330,331,552,332,581,801
330,331,581,801
330,332,552,553,581,801
330,332,581,801
330,332,835,553,581,801
330,331,521,332,552,553,819
330,331,521,332,581,553,819
330,331,521,332,835,553,819
330,331,552,553,819
330,331,552,332,581,553,819
330,331,552,332,835,553,819
330,331,581,332,835,553,819
330,331,581,553,819
330,332,552,553,819
330,332,581,553,819
330,332,835,553,819
330,331,521,332,835
330,331,552,553,835
330,331,552,332,835
330,331,581,332,835
330,331,581,553,835
330,332,835
331,330,332
331,521,332
331,552,553,581,332
331,552,553,835,332
331,552,332
331,581,332
331,581,553,835,332
331,521
331,552,553,581,332,521
331,552,553,835,332,521
331,552,332,521
331,581,332,521
331,581,553,835,332,521
331,552
331,581,332,552
331,581,332,835,553,552
331,581,553,552
331,330,332,552,553
331,330,332,581,553
331,330,332,835,553
331,521,332,552,553
331,521,332,581,553
331,521,332,835,553
331,552,553
331,581,553
331,330,332,552,553,581,580
331,330,332,581,580
331,330,332,835,553,581,580
331,521,332,552,553,581,580
331,521,332,581,580
331,521,332,835,553,581,580
331,552,553,581,580
331,552,553,835,332,581,580
331,552,332,581,580
331,581,580
331,581
331,330,332,552,553,581,801
331,330,332,581,801
331,330,332,835,553,581,801
331,521,332,552,553,581,801
331,521,332,581,801
331,521,332,835,553,581,801
331,552,553,581,801
331,552,553,835,332,581,801
331,552,332,581,801
331,581,801
331,330,332,552,553,819
331,330,332,581,553,819
331,330,332,835,553,819
331,521,332,552,553,819
331,521,332,581,553,819
331,521,332,835,553,819
331,552,553,819
331,552,332,581,553,819
331,552,332,835,553,819
331,581,332,835,553,819
331,581,553,819
331,330,332,835
331,521,332,835
331,552,553,835
331,552,332,835
331,581,332,835
331,581,553,835
332,521
332,552
332,581,553,552
332,835,553,552
332,552,553
332,581,553
332,835,553
332,552,553,581,580
332,581,580
332,835,553,581,580
332,581
332,835,553,581
332,552,553,581,801
332,581,801
332,835,553,581,801
332,552,553,819
332,581,553,819
332,835,553,819
332,835
333,224
344,345
344,915,345
344,915
344,345,945
344,915,345,945
345,915
345,945
347,348
347,481
347,481,482
347,481,484,482
347,481,485,518,607,234,876,482
347,481,485,518,607,876,482
347,481,485,518,607,876,741,482
347,481,485,518,741,482
347,481,485,518,741,876,482
347,481,485,518,876,482
347,481,483
347,481,484
347,481,485,518,607,234,876,482,484
347,481,485,518,607,234,876,741,482,484
347,481,485,518,607,876,482,484
347,481,485,518,607,876,741,482,484
347,481,485,518,741,482,484
347,481,485,518,741,876,482,484
347,481,485,518,876,482,484
347,481,485
347,481,482,741,876,607,518
347,481,482,741,876,518
347,481,482,741,518
347,481,482,876,607,518
347,481,482,876,518
347,481,484,482,741,876,607,518
347,481,484,482,741,876,518
347,481,484,482,741,518
347,481,484,482,876,607,518
347,481,484,482,876,518
347,481,485,518
347,481,482,741,876,607,518,485,519
347,481,482,741,876,234,607,518,485,519
347,481,482,741,876,518,485,519
347,481,482,741,518,485,519
347,481,482,876,607,518,485,519
347,481,482,876,234,607,518,485,519
347,481,482,876,518,485,519
347,481,484,482,741,876,607,518,485,519
347,481,484,482,741,876,234,607,518,485,519
347,481,484,482,741,876,518,485,519
347,481,484,482,741,518,485,519
347,481,484,482,876,607,518,485,519
347,481,484,482,876,234,607,518,485,519
347,481,484,482,876,518,485,519
347,481,485,519
347,481,482,741,876,607
347,481,482,741,518,607
347,481,482,876,607
347,481,484,482,741,876,607
347,481,484,482,741,518,607
347,481,484,482,876,607
347,481,485,518,607
347,481,485,518,741,876,607
347,481,485,518,876,607
347,481,482,741
347,481,482,876,741
347,481,484,482,741
347,481,484,482,876,741
347,481,485,518,741
347,481,485,518,876,741
347,481,482,876
347,481,484,482,876
347,481,485,518,876
347,481,482,741,876,607,518,775
347,481,482,741,876,234,607,518,775
347,481,482,741,876,518,775
347,481,482,741,518,775
347,481,482,876,607,518,775
347,481,482,876,234,607,518,775
347,481,482,876,518,775
347,481,484,482,741,876,607,518,775
347,481,484,482,741,876,234,607,518,775
347,481,484,482,741,876,518,775
347,481,484,482,741,518,775
347,481,484,482,876,607,518,775
347,481,484,482,876,234,607,518,775
347,481,484,482,876,518,775
347,481,485,518,775
347,481,482,741,876,607,518,101
347,481,482,741,876,234,607,518,101
347,481,482,741,876,518,101
347,481,482,741,518,101
347,481,482,876,607,518,101
347,481,482,876,234,607,518,101
347,481,482,876,518,101
347,481,484,482,741,876,607,518,101
347,481,484,482,741,876,234,607,518,101
347,481,484,482,741,876,518,101
347,481,484,482,741,518,101
347,481,484,482,876,607,518,101
347,481,484,482,876,234,607,518,101
347,481,484,482,876,518,101
347,481,485,518,101
348,347,481
348,347,481,482
348,347,481,484,482
348,347,481,485,518,607,234,876,482
348,347,481,485,518,607,876,482
348,347,481,485,518,607,876,741,482
348,347,481,485,518,741,482
348,347,481,485,518,741,876,482
348,347,481,485,518,876,482
348,347,481,483
348,347,481,484
348,347,481,485,518,607,234,876,482,484
348,347,481,485,518,607,234,876,741,482,484
348,347,481,485,518,607,876,482,484
348,347,481,485,518,607,876,741,482,484
348,347,481,485,518,741,482,484
348,347,481,485,518,741,876,482,484
348,347,481,485,518,876,482,484
348,347,481,485
348,347,481,482,741,876,607,518
348,347,481,482,741,876,518
348,347,481,482,741,518
348,347,481,482,876,607,518
348,347,481,482,876,518
348,347,481,484,482,741,876,607,518
348,347,481,484,482,741,876,518
348,347,481,484,482,741,518
348,347,481,484,482,876,607,518
348,347,481,484,482,876,518
348,347,481,485,518
348,347,481,482,741,876,607,518,485,519
348,347,481,482,741,876,234,607,518,485,519
348,347,481,482,741,876,518,485,519
348,347,481,482,741,518,485,519
348,347,481,482,876,607,518,485,519
348,347,481,482,876,234,607,518,485,519
348,347,481,482,876,518,485,519
348,347,481,484,482,741,876,607,518,485,519
348,347,481,484,482,741,876,234,607,518,485,519
348,347,481,484,482,741,876,518,485,519
348,347,481,484,482,741,518,485,519
348,347,481,484,482,876,607,518,485,519
348,347,481,484,482,876,234,607,518,485,519
348,347,481,484,482,876,518,485,519
348,347,481,485,519
348,347,481,482,741,876,607
348,347,481,482,741,518,607
348,347,481,482,876,607
348,347,481,484,482,741,876,607
348,347,481,484,482,741,518,607
348,347,481,484,482,876,607
348,347,481,485,518,607
348,347,481,485,518,741,876,607
348,347,481,485,518,876,607
348,347,481,482,741
348,347,481,482,876,741
348,347,481,484,482,741
348,347,481,484,482,876,741
348,347,481,485,518,741
348,347,481,485,518,876,741
348,347,481,482,876
348,347,481,484,482,876
348,347,481,485,518,876
348,347,481,482,741,876,607,518,775
348,347,481,482,741,876,234,607,518,775
348,347,481,482,741,876,518,775
348,347,481,482,741,518,775
348,347,481,482,876,607,518,775
348,347,481,482,876,234,607,518,775
348,347,481,482,876,518,775
348,347,481,484,482,741,876,607,518,775
348,347,481,484,482,741,876,234,607,518,775
348,347,481,484,482,741,876,518,775
348,347,481,484,482,741,518,775
348,347,481,484,482,876,607,518,775
348,347,481,484,482,876,234,607,518,775
348,347,481,484,482,876,518,775
348,347,481,485,518,775
348,347,481,482,741,876,607,518,101
348,347,481,482,741,876,234,607,518,101
348,347,481,482,741,876,518,101
348,347,481,482,741,518,101
348,347,481,482,876,607,518,101
348,347,481,482,876,234,607,518,101
348,347,481,482,876,518,101
348,347,481,484,482,741,876,607,518,101
348,347,481,484,482,741,876,234,607,518,101
348,347,481,484,482,741,876,518,101
348,347,481,484,482,741,518,101
348,347,481,484,482,876,607,518,101
348,347,481,484,482,876,234,607,518,101
348,347,481,484,482,876,518,101
348,347,481,485,518,101
361,100,369
361,100,394
361,100,472
361,100,670
361,100,888
361,100,914
361,100,921
361,100,930
361,100,933
363,217,769
363,138,769
369,100,394
369,100,472
369,100,670
369,100,888
369,100,914
369,100,921
369,100,930
369,100,933
373,374
384,385
384,43,45,46,450
384,43,259,46,450
384,43,473,46,450
384,43,624,46,450
384,43,940,46,450
384,43,473
384,43,624,46,473
384,43,940,46,473
384,43,45,46,505
384,43,259,46,505
384,43,473,46,505
384,43,624,46,505
384,43,940,46,505
384,43,45,46,544
384,43,259,46,544
384,43,473,46,544
384,43,624,46,544
384,43,940,46,544
384,43,624
384,43,940,46,624
384,43,45,46,763
384,43,259,46,763
384,43,473,46,763
384,43,624,46,763
384,43,940,46,763
384,43,45,46,826
384,43,259,46,826
384,43,473,46,826
384,43,624,46,826
384,43,940,46,826
384,43,940
385,384,43,45,46,450
385,384,43,259,46,450
385,384,43,473,46,450
385,384,43,624,46,450
385,384,43,940,46,450
385,384,43,473
385,384,43,624,46,473
385,384,43,940,46,473
385,384,43,45,46,505
385,384,43,259,46,505
385,384,43,473,46,505
385,384,43,624,46,505
385,384,43,940,46,505
385,384,43,45,46,544
385,384,43,259,46,544
385,384,43,473,46,544
385,384,43,624,46,544
385,384,43,940,46,544
385,384,43,624
385,384,43,940,46,624
385,384,43,45,46,763
385,384,43,259,46,763
385,384,43,473,46,763
385,384,43,624,46,763
385,384,43,940,46,763
385,384,43,45,46,826
385,384,43,259,46,826
385,384,43,473,46,826
385,384,43,624,46,826
385,384,43,940,46,826
385,384,43,940
394,100,472
394,100,670
394,100,888
394,100,914
394,100,921
394,100,930
394,100,933
403,23,662
403,23,861
405,58
405,58,531
405,58,753
58,531
58,753
409,410
409,396
410,409,396
421,422
426,178,476
426,178,501,151,152,968,91,476
426,178,501,91,476
426,969,968,91,476
426,969,968,91,501,178,476
426,969,968,152,151,153,91,476
426,969,968,152,151,501,91,476
426,969,968,152,151,501,178,476
426,969,91,476
426,969,91,501,178,476
426,178,501
426,969,968,91,501
426,969,968,152,151,501
426,969,91,501
426,178,177,91,968
426,178,476,91,968
426,178,501,151,152,968
426,178,501,151,153,91,968
426,178,501,91,968
426,178,153,151,152,968
426,178,153,91,968
426,969,968
426,969
432,160,159,161,488
432,160,489,488
432,160,243,488
432,160,489
438,78
439,440
439,440,477
439,440,749
439,440,923,26,749
439,440,749,26,818
439,440,923,26,818
439,440,749,26,862
439,440,923,26,862
439,440,923
440,477
440,749
440,749,26,818
440,923,26,818
440,749,26,862
440,923,26,862
440,923
450,46,473
450,46,624,43,473
450,46,940,43,473
450,46,505
450,46,544
450,46,624
450,46,940,43,624
450,46,763
450,46,826
450,46,940
469,470
469,884,771
469,884,268,269,771,458
469,884,771,458
469,884,268,269,771,593
469,884,771,593
469,884
469,884,732
470,469,884,771
470,469,884,268,269,771,458
470,469,884,771,458
470,469,884,268,269,771,593
470,469,884,771,593
470,469,884
470,469,884,732
472,100,670
472,100,888
472,100,914
472,100,921
472,100,930
472,100,933
473,43,624,46,505
473,43,940,46,505
473,46,505
473,43,624,46,544
473,43,940,46,544
473,46,544
473,43,624
473,43,940,46,624
473,46,624
473,43,624,46,763
473,43,940,46,763
473,46,763
473,43,624,46,826
473,43,940,46,826
473,46,826
473,43,940
473,46,940
476,91,501
476,91,968,152,151,501
476,91,969,968,152,151,501
476,178,501
476,91,968
476,91,969,968
476,178,426,969,968
476,178,501,151,152,968
476,178,501,91,968
476,178,501,91,969,968
476,178,153,151,152,968
476,91,969
476,178,426,969
476,178,501,151,152,968,969
476,178,501,91,969
476,178,153,151,152,968,969
477,440,749
477,440,923,26,749
477,440,749,26,818
477,440,923,26,818
477,440,749,26,862
477,440,923,26,862
477,440,923
478,479
478,479,562
478,479,726
478,479,762
478,479,762,877
478,479,762,878,877
478,479,762,878
478,479,762,877,878,566
478,479,762,878,566
479,562
479,726
479,762
479,762,877
479,762,878,877
479,762,878
479,762,877,878,566
479,762,878,566
481,482
481,484,482
481,485,518,607,876,482
481,485,518,607,876,741,482
481,485,518,741,482
481,485,518,741,876,482
481,485,518,876,482
481,483
481,484
481,485,518,607,876,482,484
481,485,518,607,876,741,482,484
481,485,518,741,482,484
481,485,518,741,876,482,484
481,485,518,876,482,484
481,485
481,482,741,876,607,518
481,482,741,876,518
481,482,741,518
481,482,876,607,518
481,482,876,518
481,484,482,741,876,607,518
481,484,482,741,876,518
481,484,482,741,518
481,484,482,876,607,518
481,484,482,876,518
481,485,518
481,482,741,876,607,518,485,519
481,482,741,876,518,485,519
481,482,741,518,485,519
481,482,876,607,518,485,519
481,482,876,518,485,519
481,484,482,741,876,607,518,485,519
481,484,482,741,876,518,485,519
481,484,482,741,518,485,519
481,484,482,876,607,518,485,519
481,484,482,876,518,485,519
481,485,519
481,482,741,876,607
481,482,741,518,607
481,482,876,607
481,484,482,741,876,607
481,484,482,741,518,607
481,484,482,876,607
481,485,518,607
481,485,518,741,876,607
481,485,518,876,607
481,482,741
481,482,876,741
481,484,482,741
481,484,482,876,741
481,485,518,741
481,485,518,876,741
481,482,876
481,484,482,876
481,485,518,876
481,482,741,876,607,518,775
481,482,741,876,234,607,518,775
481,482,741,876,518,775
481,482,741,518,775
481,482,876,607,518,775
481,482,876,234,607,518,775
481,482,876,518,775
481,484,482,741,876,607,518,775
481,484,482,741,876,234,607,518,775
481,484,482,741,876,518,775
481,484,482,741,518,775
481,484,482,876,607,518,775
481,484,482,876,234,607,518,775
481,484,482,876,518,775
481,485,518,775
481,482,741,876,607,518,101
481,482,741,876,234,607,518,101
481,482,741,876,518,101
481,482,741,518,101
481,482,876,607,518,101
481,482,876,234,607,518,101
481,482,876,518,101
481,484,482,741,876,607,518,101
481,484,482,741,876,234,607,518,101
481,484,482,741,876,518,101
481,484,482,741,518,101
481,484,482,876,607,518,101
481,484,482,876,234,607,518,101
481,484,482,876,518,101
481,485,518,101
482,481,483
482,741,876,607,518,485,481,483
482,741,876,518,485,481,483
482,741,518,485,481,483
482,876,607,518,485,481,483
482,876,234,607,518,485,481,483
482,876,518,485,481,483
482,484,481,483
482,484
482,481,485
482,741,876,607,518,485
482,741,876,518,485
482,741,518,485
482,876,607,518,485
482,876,234,607,518,485
482,876,518,485
482,484,481,485
482,481,485,518
482,741,876,607,518
482,741,876,518
482,741,518
482,876,607,518
482,876,518
482,484,481,485,518
482,481,485,519
482,741,876,607,518,485,519
482,741,876,518,485,519
482,741,518,485,519
482,876,607,518,485,519
482,876,234,607,518,485,519
482,876,518,485,519
482,484,481,485,519
482,481,485,518,607
482,741,876,607
482,741,518,607
482,876,607
482,484,481,485,518,607
482,741
482,876,741
482,876
482,481,485,518,775
482,741,876,607,518,775
482,741,876,518,775
482,741,518,775
482,876,607,518,775
482,876,234,607,518,775
482,876,518,775
482,484,481,485,518,775
482,481,485,518,101
482,741,876,607,518,101
482,741,876,518,101
482,741,518,101
482,876,607,518,101
482,876,234,607,518,101
482,876,518,101
482,484,481,485,518,101
483,481,484
483,481,485,518,607,234,876,482,484
483,481,485,518,607,234,876,741,482,484
483,481,485,518,607,876,482,484
483,481,485,518,607,876,741,482,484
483,481,485,518,741,482,484
483,481,485,518,741,876,482,484
483,481,485,518,876,482,484
483,481,485
483,481,482,741,876,607,518
483,481,482,741,876,518
483,481,482,741,518
483,481,482,876,607,518
483,481,482,876,518
483,481,484,482,741,876,607,518
483,481,484,482,741,876,518
483,481,484,482,741,518
483,481,484,482,876,607,518
483,481,484,482,876,518
483,481,485,518
483,481,482,741,876,607,518,485,519
483,481,482,741,876,234,607,518,485,519
483,481,482,741,876,518,485,519
483,481,482,741,518,485,519
483,481,482,876,607,518,485,519
483,481,482,876,234,607,518,485,519
483,481,482,876,518,485,519
483,481,484,482,741,876,607,518,485,519
483,481,484,482,741,876,234,607,518,485,519
483,481,484,482,741,876,518,485,519
483,481,484,482,741,518,485,519
483,481,484,482,876,607,518,485,519
483,481,484,482,876,234,607,518,485,519
483,481,484,482,876,518,485,519
483,481,485,519
483,481,482,741,876,607
483,481,482,741,518,607
483,481,482,876,607
483,481,484,482,741,876,607
483,481,484,482,741,518,607
483,481,484,482,876,607
483,481,485,518,607
483,481,485,518,741,876,607
483,481,485,518,876,607
483,481,482,741
483,481,482,876,741
483,481,484,482,741
483,481,484,482,876,741
483,481,485,518,741
483,481,485,518,876,741
483,481,482,876
483,481,484,482,876
483,481,485,518,876
483,481,482,741,876,607,518,775
483,481,482,741,876,234,607,518,775
483,481,482,741,876,518,775
483,481,482,741,518,775
483,481,482,876,607,518,775
483,481,482,876,234,607,518,775
483,481,482,876,518,775
483,481,484,482,741,876,607,518,775
483,481,484,482,741,876,234,607,518,775
483,481,484,482,741,876,518,775
483,481,484,482,741,518,775
483,481,484,482,876,607,518,775
483,481,484,482,876,234,607,518,775
483,481,484,482,876,518,775
483,481,485,518,775
483,481,482,741,876,607,518,101
483,481,482,741,876,234,607,518,101
483,481,482,741,876,518,101
483,481,482,741,518,101
483,481,482,876,607,518,101
483,481,482,876,234,607,518,101
483,481,482,876,518,101
483,481,484,482,741,876,607,518,101
483,481,484,482,741,876,234,607,518,101
483,481,484,482,741,876,518,101
483,481,484,482,741,518,101
483,481,484,482,876,607,518,101
483,481,484,482,876,234,607,518,101
483,481,484,482,876,518,101
483,481,485,518,101
484,481,485
484,482,741,876,607,518,485
484,482,741,876,234,607,518,485
484,482,741,876,518,485
484,482,741,518,485
484,482,876,607,518,485
484,482,876,234,607,518,485
484,482,876,518,485
484,481,485,518
484,482,741,876,607,518
484,482,741,876,518
484,482,741,518
484,482,876,607,518
484,482,876,518
484,481,485,519
484,482,741,876,607,518,485,519
484,482,741,876,234,607,518,485,519
484,482,741,876,518,485,519
484,482,741,518,485,519
484,482,876,607,518,485,519
484,482,876,234,607,518,485,519
484,482,876,518,485,519
484,481,485,518,607
484,481,485,518,741,876,607
484,481,485,518,876,607
484,482,741,876,607
484,482,741,518,607
484,482,876,607
484,481,485,518,741
484,481,485,518,876,741
484,482,741
484,482,876,741
484,481,485,518,876
484,482,876
484,481,485,518,775
484,482,741,876,607,518,775
484,482,741,876,234,607,518,775
484,482,741,876,518,775
484,482,741,518,775
484,482,876,607,518,775
484,482,876,234,607,518,775
484,482,876,518,775
484,481,485,518,101
484,482,741,876,607,518,101
484,482,741,876,234,607,518,101
484,482,741,876,518,101
484,482,741,518,101
484,482,876,607,518,101
484,482,876,234,607,518,101
484,482,876,518,101
485,518
485,519
485,481,482,741,876,607
485,481,482,741,518,607
485,481,482,876,607
485,481,484,482,741,876,607
485,481,484,482,741,518,607
485,481,484,482,876,607
485,518,607
485,518,741,876,607
485,518,876,607
485,481,482,741
485,481,482,876,741
485,481,484,482,741
485,481,484,482,876,741
485,518,741
485,518,876,741
485,481,482,876
485,481,484,482,876
485,518,876
485,481,482,741,876,607,518,775
485,481,482,741,876,518,775
485,481,482,741,518,775
485,481,482,876,607,518,775
485,481,482,876,518,775
485,481,484,482,741,876,607,518,775
485,481,484,482,741,876,518,775
485,481,484,482,741,518,775
485,481,484,482,876,607,518,775
485,481,484,482,876,518,775
485,518,775
485,481,482,741,876,607,518,101
485,481,482,741,876,518,101
485,481,482,741,518,101
485,481,482,876,607,518,101
485,481,482,876,518,101
485,481,484,482,741,876,607,518,101
485,481,484,482,741,876,518,101
485,481,484,482,741,518,101
485,481,484,482,876,607,518,101
485,481,484,482,876,518,101
485,518,101
488,489
498,499
500,443
501,151,152,968
501,91,968
501,91,969,968
501,178,426,969,968
501,151,152,968,969
501,91,969
501,178,426,969
503,4,838
504,170
504,711
504,711,712
504,957
504,957,958
170,504,711
170,504,711,712
170,504,957
170,504,957,958
505,46,544
505,46,624
505,46,940,43,624
505,46,763
505,46,826
505,46,940
513,514
518,485,519
518,607
518,741,876,607
518,876,607
518,741
518,876,741
518,876
518,775
518,101
519,485,481,482,741,876,607
519,485,481,482,741,518,607
519,485,481,482,876,607
519,485,481,484,482,741,876,607
519,485,481,484,482,741,518,607
519,485,481,484,482,876,607
519,485,518,607
519,485,518,741,876,607
519,485,518,876,607
519,485,481,482,741
519,485,481,482,876,741
519,485,481,484,482,741
519,485,481,484,482,876,741
519,485,518,741
519,485,518,876,741
519,485,481,482,876
519,485,481,484,482,876
519,485,518,876
519,485,481,482,741,876,607,518,775
519,485,481,482,741,876,234,607,518,775
519,485,481,482,741,876,518,775
519,485,481,482,741,518,775
519,485,481,482,876,607,518,775
519,485,481,482,876,234,607,518,775
519,485,481,482,876,518,775
519,485,481,484,482,741,876,607,518,775
519,485,481,484,482,741,876,234,607,518,775
519,485,481,484,482,741,876,518,775
519,485,481,484,482,741,518,775
519,485,481,484,482,876,607,518,775
519,485,481,484,482,876,234,607,518,775
519,485,481,484,482,876,518,775
519,485,518,775
519,485,481,482,741,876,607,518,101
519,485,481,482,741,876,234,607,518,101
519,485,481,482,741,876,518,101
519,485,481,482,741,518,101
519,485,481,482,876,607,518,101
519,485,481,482,876,234,607,518,101
519,485,481,482,876,518,101
519,485,481,484,482,741,876,607,518,101
519,485,481,484,482,741,876,234,607,518,101
519,485,481,484,482,741,876,518,101
519,485,481,484,482,741,518,101
519,485,481,484,482,876,607,518,101
519,485,481,484,482,876,234,607,518,101
519,485,481,484,482,876,518,101
519,485,518,101
521,332,552
521,332,581,331,552
521,332,581,553,552
521,332,835,553,552
521,332,835,553,581,331,552
521,331,552
521,331,581,553,552
521,332,552,553
521,332,581,553
521,332,835,553
521,331,552,553
521,331,581,553
521,332,552,331,581,580
521,332,552,553,581,580
521,332,581,580
521,332,835,553,552,331,581,580
521,332,835,553,581,580
521,331,552,553,581,580
521,331,581,580
521,332,581
521,332,835,553,581
521,331,581
521,332,552,331,581,801
521,332,552,553,581,801
521,332,581,801
521,332,835,553,552,331,581,801
521,332,835,553,581,801
521,331,552,553,581,801
521,331,581,801
521,332,552,331,581,553,819
521,332,552,553,819
521,332,581,553,819
521,332,835,553,819
521,331,552,553,819
521,331,552,332,835,553,819
521,331,581,332,835,553,819
521,331,581,553,819
521,332,835
521,331,552,553,835
521,331,552,332,835
521,331,581,332,835
521,331,581,553,835
531,58,753
537,538
543,368
543,165
368,543,165
544,46,624
544,46,940,43,624
544,46,763
544,46,826
544,46,940
552,553
552,331,581,580
552,553,581,580
552,553,835,332,581,580
552,332,581,580
552,331,581
552,553,581
552,553,835,332,581
552,332,581
552,331,581,801
552,553,581,801
552,553,835,332,581,801
552,332,581,801
552,331,581,332,835,553,819
552,331,581,553,819
552,553,819
552,332,581,553,819
552,332,835,553,819
552,331,581,332,835
552,331,581,553,835
552,553,835
552,332,835
553,581,580
553,581
553,581,801
553,819
553,835
556,72
562,479,726
562,479,762
562,479,762,877
562,479,762,878,877
562,479,762,878
562,479,762,877,878,566
562,479,762,878,566
563,55,688
563,55,702
577,578
580,581
580,581,801
580,581,331,330,332,552,553,819
580,581,331,330,332,835,553,819
580,581,331,521,332,552,553,819
580,581,331,521,332,835,553,819
580,581,331,552,553,819
580,581,331,552,332,835,553,819
580,581,332,552,553,819
580,581,332,835,553,819
580,581,553,819
580,581,331,330,332,835
580,581,331,521,332,835
580,581,331,552,553,835
580,581,331,552,332,835
580,581,332,835
580,581,553,835
581,801
581,332,835,553,819
581,553,819
581,332,835
581,553,835
585,13
585,649
585,680
585,764
585,900
585,13,973
13,585,649
13,585,680
13,585,764
13,585,900
13,973
601,602
624,46,763
624,43,940,46,763
624,46,826
624,43,940,46,826
624,46,940
624,43,940
607,876,741
607,518,741
607,876
607,876,741,518,775
607,876,518,775
607,518,775
607,876,741,518,101
607,876,518,101
607,518,101
643,123
647,648
649,585,680
649,585,764
649,585,900
649,585,13,973
660,294
660,111,730,294
660,661,730,294
660,111
660,661,730,111
660,661
660,294,730
660,111,730
660,661,730
294,660,111
294,660,661,730,111
294,730,111
294,660,661
294,730,661
294,730
111,660,661
111,730,661
111,730
661,730
662,23,861
663,664
670,100,888
670,100,914
670,100,921
670,100,930
670,100,933
680,585,764
680,585,900
680,585,13,973
688,55,702
691,38,786
691,38,836
699,700
699,823
700,699,823
711,712
711,504,957
711,504,957,958
712,711,504,957
712,711,504,957,958
726,479,762
726,479,762,877
726,479,762,878,877
726,479,762,878
726,479,762,877,878,566
726,479,762,878,566
735,181
741,876
741,876,518,775
741,518,775
741,876,518,101
741,518,101
749,440,923,26,818
749,26,818
749,440,923,26,862
749,26,862
749,440,923
749,26,923
760,761
760,337
760,541
760,937
761,760,337
761,760,541
761,760,937
337,760,541
337,760,937
541,760,937
762,877
762,878,877
762,878
762,877,878,566
762,878,566
763,46,826
763,46,940
764,585,900
764,585,13,973
765,766
765,40
765,204
766,765,40
766,765,204
40,765,204
771,458
771,593
771,884
771,884,732
458,771,593
458,771,884
458,771,269,268,884,732
458,771,884,732
593,771,884
593,771,269,268,884,732
593,771,884,732
778,779
786,38,836
799,692
799,202,922,692
799,202
799,692,922
799,202,922
692,799,202
692,922,202
692,922
202,922
801,581,331,330,332,552,553,819
801,581,331,330,332,835,553,819
801,581,331,521,332,552,553,819
801,581,331,521,332,835,553,819
801,581,331,552,553,819
801,581,331,552,332,835,553,819
801,581,332,552,553,819
801,581,332,835,553,819
801,581,553,819
801,581,331,330,332,835
801,581,331,521,332,835
801,581,331,552,553,835
801,581,331,552,332,835
801,581,332,835
801,581,553,835
818,26,862
818,26,923
819,553,835
826,46,940
843,322
843,322,902
322,902
860,397
862,26,923
868,869
876,518,775
876,518,101
877,878
877,878,566
878,566
884,732
888,100,914
888,100,921
888,100,930
888,100,933
900,585,13,973
914,100,921
914,100,930
914,100,933
915,345,945
775,518,101
919,226
921,100,930
921,100,933
930,100,933
957,958
962,241
968,969
