13,14
35,36
35,36,80
35,36,83
35,36,495
35,36,678
35,36,789
35,36,1073
35,36,1123
35,36,1233
35,36,1243
36,80
36,83
36,495
36,678
36,789
36,1073
36,1123
36,1233
36,1243
49,50
49,51
49,999
50,49,51
50,49,999
51,49,999
55,56
55,56,1264
56,1264
59,60
80,36,83
80,36,495
80,36,678
80,36,789
80,36,1073
80,36,1123
80,36,1233
80,36,1243
83,36,495
83,36,678
83,36,789
83,36,1073
83,36,1123
83,36,1233
83,36,1243
104,64
107,108
111,112
111,112,895
112,895
122,123
122,123,327
123,327
124,125
124,568,125
124,568
124,656
124,656,657
124,1190
124,1190,415
124,1190,1191
125,568
125,124,656
125,568,124,656
125,124,656,657
125,568,124,656,657
125,124,1190
125,568,124,1190
125,124,1190,415
125,568,124,1190,415
125,124,1190,1191
125,568,124,1190,1191
127,128
129,130
129,131
129,131,273
129,130,307
129,131,453
129,131,453,365
129,131,453,365,498
129,131,1159
129,131,453,365,1192
130,129,131
130,129,131,273
130,307
130,129,131,453
130,129,131,453,365
130,129,131,453,365,498
130,129,131,1159
130,129,131,453,365,1192
131,273
131,129,130,307
131,453
131,453,365
131,453,365,498
131,1159
131,453,365,1192
136,137
136,138
136,139
136,140
136,141
136,142
136,139,222
136,141,30
136,137,567
136,138,429
136,140,714
136,142,402
137,136,138
137,136,139
137,136,140
137,136,141
137,136,142
137,136,139,222
137,136,141,30
137,567
137,136,138,429
137,136,140,714
137,136,142,402
138,136,139
138,136,140
138,136,141
138,136,142
138,136,139,222
138,136,141,30
138,136,137,567
138,429
138,136,140,714
138,136,142,402
139,136,140
139,136,141
139,136,142
139,222
139,136,141,30
139,136,137,567
139,136,138,429
139,136,140,714
139,136,142,402
140,136,141
140,136,142
140,136,139,222
140,136,141,30
140,136,137,567
140,136,138,429
140,714
140,136,142,402
141,136,142
141,136,139,222
141,30
141,136,137,567
141,136,138,429
141,136,140,714
141,136,142,402
142,136,139,222
142,136,141,30
142,136,137,567
142,136,138,429
142,136,140,714
142,402
155,156
155,156,605
156,605
169,170
176,151
176,151,308
151,308
180,181
180,506,208,206
180,506,906,208,206
180,506,208,206,207
180,506,906,208,206,207
180,506,208
180,506,906,208
180,506,208,206,209
180,506,906,208,206,209
180,506,208,906,228
180,506,906,228
180,506,208,906,228,229
180,506,906,228,229
180,506
180,506,906
181,180,506,208,206
181,180,506,906,208,206
181,180,506,208,206,207
181,180,506,906,208,206,207
181,180,506,208
181,180,506,906,208
181,180,506,208,206,209
181,180,506,906,208,206,209
181,180,506,208,906,228
181,180,506,906,228
181,180,506,208,906,228,229
181,180,506,906,228,229
181,180,506
181,180,506,906
184,185
199,200
199,201
199,201,480
199,201,480,481
199,201,1133
200,199,201
200,199,201,480
200,199,201,480,481
200,199,201,1133
201,480
201,480,481
201,1133
206,207
206,208
206,209
206,208,506,906,228
206,208,906,228
206,208,506,906,228,229
206,208,906,228,229
206,208,506
206,208,906,506
206,208,906
207,206,208
207,206,209
207,206,208,506,906,228
207,206,208,906,228
207,206,208,506,906,228,229
207,206,208,906,228,229
207,206,208,506
207,206,208,906,506
207,206,208,906
208,206,209
208,506,906,228
208,906,228
208,506,906,228,229
208,906,228,229
208,506
208,906,506
208,906
209,206,208,506,906,228
209,206,208,906,228
209,206,208,506,906,228,229
209,206,208,906,228,229
209,206,208,506
209,206,208,906,506
209,206,208,906
212,120
212,977
212,977,978
120,212,977
120,212,977,978
220,221
220,221,525
221,525
222,139,136,141,30
222,139,136,137,567
222,139,136,138,429
222,139,136,140,714
222,139,136,142,402
228,229
228,906,506
228,906
229,228,906,506
229,228,906
243,244
248,249
248,250
249,248,250
257,258
257,258,352
257,258,695
258,352
258,695
261,262
261,174,833,262
261,174,833,263,1105,262
261,174,889,262
261,174,1071,262
261,174,1105,262
261,263,833,262
261,263,833,174,889,262
261,263,833,174,1071,262
261,263,1105,262
261,263,1105,174,889,262
261,263,1105,174,1071,262
261,174
261,263,833,174
261,263,1105,174
261,263
261,262,833
261,262,889,174,833
261,262,889,174,1105,263,833
261,262,1071,174,833
261,262,1071,174,1105,263,833
261,262,1105,174,833
261,262,1105,263,833
261,174,833
261,174,1105,263,833
261,263,833
261,262,889
261,262,1071,174,889
261,262,1105,174,889
261,174,889
261,263,833,262,889
261,263,833,262,1071,174,889
261,263,833,174,889
261,263,1105,262,889
261,263,1105,262,1071,174,889
261,263,1105,174,889
261,262,1071
261,262,1105,174,1071
261,174,1071
261,263,833,262,1071
261,263,833,174,1071
261,263,1105,262,1071
261,263,1105,174,1071
261,262,1105
261,174,1105
261,263,1105
262,261,174
262,261,263,833,174
262,261,263,1105,174
262,833,174
262,833,263,1105,174
262,889,174
262,1071,174
262,1105,174
262,261,263
262,833,263
262,889,174,261,263
262,889,174,833,263
262,889,174,1105,263
262,1071,174,261,263
262,1071,174,833,263
262,1071,174,1105,263
262,1105,263
262,833
262,889,174,833
262,889,174,1105,263,833
262,1071,174,833
262,1071,174,1105,263,833
262,1105,174,833
262,1105,263,833
262,889
262,1071,174,889
262,1105,174,889
262,1071
262,1105,174,1071
262,1105
174,261,263
174,833,263
174,1105,263
174,833
174,1105,263,833
174,889
174,1071
174,1105
263,833
263,261,262,889
263,261,262,1071,174,889
263,261,174,889
263,833,262,889
263,833,262,1071,174,889
263,833,174,889
263,1105,262,889
263,1105,262,1071,174,889
263,1105,174,889
263,261,262,1071
263,261,174,1071
263,833,262,1071
263,833,174,1071
263,1105,262,1071
263,1105,174,1071
263,1105
273,131,129,130,307
273,131,453
273,131,453,365
273,131,453,365,498
273,131,1159
273,131,453,365,1192
30,141,136,137,567
30,141,136,138,429
30,141,136,140,714
30,141,136,142,402
289,290
289,291
290,289,291
293,294
297,44
297,44,1228
44,1228
303,126
307,130,129,131,453
307,130,129,131,453,365
307,130,129,131,453,365,498
307,130,129,131,1159
307,130,129,131,453,365,1192
309,1
309,1,1012
1,1012
330,331
330,331,986,841
330,331,986,841,842
330,331,474
330,331,986
331,986,841
331,986,841,842
331,474
331,986
346,347
346,347,916
347,916
349,350
352,258,695
357,358
357,24
357,358,526
357,358,526,527
357,358,581
357,358,581,378
357,358,851
357,358,851,815
357,358,1066
357,358,1066,939
357,358,1134
357,358,1134,242
358,357,24
358,526
358,526,527
358,581
358,581,378
358,851
358,851,815
358,1066
358,1066,939
358,1134
358,1134,242
24,357,358,526
24,357,358,526,527
24,357,358,581
24,357,358,581,378
24,357,358,851
24,357,358,851,815
24,357,358,1066
24,357,358,1066,939
24,357,358,1134
24,357,358,1134,242
363,364
363,364,1035
363,364,1035,1010
364,1035
364,1035,1010
373,374
373,374,456
373,374,1085,172,457,456
373,374,1085,659,457,456
373,374,1170,172,1085,659,457,456
373,374,1170,172,457,456
373,374,456,457
373,374,1085,172,457
373,374,1085,659,457
373,374,1170,172,1085,659,457
373,374,1170,172,457
373,374,456,458
373,374,1085,172,457,456,458
373,374,1085,659,457,456,458
373,374,1170,172,1085,659,457,456,458
373,374,1170,172,457,456,458
373,374,456,459
373,374,1085,172,457,456,459
373,374,1085,659,457,456,459
373,374,1170,172,1085,659,457,456,459
373,374,1170,172,457,456,459
373,374,456,460
373,374,1085,172,457,456,460
373,374,1085,659,457,456,460
373,374,1170,172,1085,659,457,456,460
373,374,1170,172,457,456,460
373,374,456,461
373,374,1085,172,457,456,461
373,374,1085,659,457,456,461
373,374,1170,172,1085,659,457,456,461
373,374,1170,172,457,456,461
373,374,1085
373,374,1170,172,1085
373,374,456,457,172
373,374,456,457,659,1085,172
373,374,1085,172
373,374,1085,659,457,172
373,374,1170,172
373,374,456,457,659
373,374,1085,659
373,374,1170,172,1085,659
373,374,1170,172,457,659
373,374,1170
373,374,1257
374,456
374,1085,172,457,456
374,1085,659,457,456
374,1170,172,1085,659,457,456
374,1170,172,457,456
374,456,457
374,1085,172,457
374,1085,659,457
374,1170,172,1085,659,457
374,1170,172,457
374,456,458
374,1085,172,457,456,458
374,1085,659,457,456,458
374,1170,172,1085,659,457,456,458
374,1170,172,457,456,458
374,456,459
374,1085,172,457,456,459
374,1085,659,457,456,459
374,1170,172,1085,659,457,456,459
374,1170,172,457,456,459
374,456,460
374,1085,172,457,456,460
374,1085,659,457,456,460
374,1170,172,1085,659,457,456,460
374,1170,172,457,456,460
374,456,461
374,1085,172,457,456,461
374,1085,659,457,456,461
374,1170,172,1085,659,457,456,461
374,1170,172,457,456,461
374,1085
374,1170,172,1085
374,456,457,172
374,456,457,659,1085,172
374,1085,172
374,1085,659,457,172
374,1170,172
374,456,457,659
374,1085,659
374,1170,172,1085,659
374,1170,172,457,659
374,1170
374,1257
380,381
401,342
412,37
412,37,1273
37,1273
437,438
437,393
438,437,393
453,365
453,365,498
453,131,1159
453,365,1192
365,498
365,453,131,1159
365,1192
456,457
456,458
456,459
456,460
456,461
456,457,172,1085
456,457,172,1170,374,1085
456,457,659,1085
456,374,1085
456,374,1170,172,1085
456,457,172
456,457,659,1085,172
456,374,1085,172
456,374,1170,172
456,457,659
456,374,1085,659
456,374,1170,172,1085,659
456,374,1170,172,457,659
456,457,172,1170
456,457,659,1085,172,1170
456,457,659,1085,374,1170
456,374,1170
456,457,172,1085,374,1257
456,457,172,1170,374,1257
456,457,659,1085,172,1170,374,1257
456,457,659,1085,374,1257
456,374,1257
457,456,458
457,456,459
457,456,460
457,456,461
457,456,374,1085
457,172,1085
457,172,1170,374,1085
457,659,1085
457,172
457,659,1085,172
457,659
457,456,374,1170
457,172,1170
457,659,1085,172,1170
457,659,1085,374,1170
457,456,374,1257
457,172,1085,374,1257
457,172,1170,374,1257
457,659,1085,172,1170,374,1257
457,659,1085,374,1257
458,456,459
458,456,460
458,456,461
458,456,457,172,1085
458,456,457,172,1170,374,1085
458,456,457,659,1085
458,456,374,1085
458,456,374,1170,172,1085
458,456,457,172
458,456,457,659,1085,172
458,456,374,1085,172
458,456,374,1085,659,457,172
458,456,374,1170,172
458,456,457,659
458,456,374,1085,659
458,456,374,1170,172,1085,659
458,456,374,1170,172,457,659
458,456,457,172,1170
458,456,457,659,1085,172,1170
458,456,457,659,1085,374,1170
458,456,374,1170
458,456,457,172,1085,374,1257
458,456,457,172,1170,374,1257
458,456,457,659,1085,172,1170,374,1257
458,456,457,659,1085,374,1257
458,456,374,1257
459,456,460
459,456,461
459,456,457,172,1085
459,456,457,172,1170,374,1085
459,456,457,659,1085
459,456,374,1085
459,456,374,1170,172,1085
459,456,457,172
459,456,457,659,1085,172
459,456,374,1085,172
459,456,374,1085,659,457,172
459,456,374,1170,172
459,456,457,659
459,456,374,1085,659
459,456,374,1170,172,1085,659
459,456,374,1170,172,457,659
459,456,457,172,1170
459,456,457,659,1085,172,1170
459,456,457,659,1085,374,1170
459,456,374,1170
459,456,457,172,1085,374,1257
459,456,457,172,1170,374,1257
459,456,457,659,1085,172,1170,374,1257
459,456,457,659,1085,374,1257
459,456,374,1257
460,456,461
460,456,457,172,1085
460,456,457,172,1170,374,1085
460,456,457,659,1085
460,456,374,1085
460,456,374,1170,172,1085
460,456,457,172
460,456,457,659,1085,172
460,456,374,1085,172
460,456,374,1085,659,457,172
460,456,374,1170,172
460,456,457,659
460,456,374,1085,659
460,456,374,1170,172,1085,659
460,456,374,1170,172,457,659
460,456,457,172,1170
460,456,457,659,1085,172,1170
460,456,457,659,1085,374,1170
460,456,374,1170
460,456,457,172,1085,374,1257
460,456,457,172,1170,374,1257
460,456,457,659,1085,172,1170,374,1257
460,456,457,659,1085,374,1257
460,456,374,1257
461,456,457,172,1085
461,456,457,172,1170,374,1085
461,456,457,659,1085
461,456,374,1085
461,456,374,1170,172,1085
461,456,457,172
461,456,457,659,1085,172
461,456,374,1085,172
461,456,374,1085,659,457,172
461,456,374,1170,172
461,456,457,659
461,456,374,1085,659
461,456,374,1170,172,1085,659
461,456,374,1170,172,457,659
461,456,457,172,1170
461,456,457,659,1085,172,1170
461,456,457,659,1085,374,1170
461,456,374,1170
461,456,457,172,1085,374,1257
461,456,457,172,1170,374,1257
461,456,457,659,1085,172,1170,374,1257
461,456,457,659,1085,374,1257
461,456,374,1257
480,481
480,201,1133
481,480,201,1133
487,488
495,36,678
495,36,789
495,36,1073
495,36,1123
495,36,1233
495,36,1243
498,365,453,131,1159
498,365,1192
504,505
506,906
510,511
512,880
526,527
526,358,581
526,358,581,378
526,358,851
526,358,851,815
526,358,1066
526,358,1066,939
526,358,1134
526,358,1134,242
527,526,358,581
527,526,358,581,378
527,526,358,851
527,526,358,851,815
527,526,358,1066
527,526,358,1066,939
527,526,358,1134
527,526,358,1134,242
533,211
535,536
535,536,547
535,536,547,615
536,547
536,547,615
537,538
537,538,601
538,601
539,516
543,52
547,615
548,549
548,549,551
548,549,569
548,549,838
549,551
549,569
549,838
551,549,569
551,549,838
558,559
568,124,656
568,124,656,657
568,124,1190
568,124,1190,415
568,124,1190,1191
569,549,838
581,378
581,358,851
581,358,851,815
581,358,1066
581,358,1066,939
581,358,1134
581,358,1134,242
378,581,358,851
378,581,358,851,815
378,581,358,1066
378,581,358,1066,939
378,581,358,1134
378,581,358,1134,242
582,10
582,583,620,10
582,584,620,10
582,585,620,10
582,585,621,619,620,10
582,619,620,10
582,583
582,584,620,583
582,585,620,583
582,585,621,619,620,583
582,619,620,583
582,584
582,585,620,584
582,585,621,619,620,584
582,619,620,584
582,585
582,619,620,585
582,619,621,585
582,619
582,10,620
582,583,620
582,584,620
582,585,620
582,585,621,619,620
582,619,620
582,10,620,619,621
582,10,620,585,621
582,583,620,619,621
582,583,620,585,621
582,584,620,619,621
582,584,620,585,621
582,585,621
582,619,621
582,10,620,619,621,585,856
582,10,620,585,856
582,583,620,619,621,585,856
582,583,620,585,856
582,584,620,619,621,585,856
582,584,620,585,856
582,585,856
582,619,620,585,856
582,619,621,585,856
10,582,583
10,582,584,620,583
10,582,585,620,583
10,582,585,621,619,620,583
10,582,619,620,583
10,620,583
10,582,584
10,582,585,620,584
10,582,585,621,619,620,584
10,582,619,620,584
10,620,584
10,582,585
10,582,619,620,585
10,582,619,621,585
10,620,619,621,585
10,620,585
10,582,619
10,620,619
10,620
10,582,583,620,619,621
10,582,583,620,585,621
10,582,584,620,619,621
10,582,584,620,585,621
10,582,585,621
10,582,619,621
10,620,619,621
10,620,585,621
10,582,583,620,619,621,585,856
10,582,583,620,585,856
10,582,584,620,619,621,585,856
10,582,584,620,585,856
10,582,585,856
10,582,619,620,585,856
10,582,619,621,585,856
10,620,619,621,585,856
10,620,585,856
583,582,584
583,582,585,620,584
583,582,585,621,619,620,584
583,582,619,620,584
583,620,584
583,582,585
583,582,619,620,585
583,582,619,621,585
583,620,619,621,585
583,620,585
583,582,619
583,620,619
583,620
583,582,584,620,619,621
583,582,584,620,585,621
583,582,585,621
583,582,619,621
583,620,619,621
583,620,585,621
583,582,584,620,619,621,585,856
583,582,584,620,585,856
583,582,585,856
583,582,619,620,585,856
583,582,619,621,585,856
583,620,619,621,585,856
583,620,585,856
584,582,585
584,582,619,620,585
584,582,619,621,585
584,620,619,621,585
584,620,585
584,582,619
584,620,619
584,620
584,582,585,621
584,582,619,621
584,620,619,621
584,620,585,621
584,582,585,856
584,582,619,620,585,856
584,582,619,621,585,856
584,620,619,621,585,856
584,620,585,856
585,582,619
585,620,619
585,621,619
585,620
585,621,619,620
585,621
585,856
602,62
602,1126
602,1126,848
602,1126,651
62,602,1126
62,602,1126,848
62,602,1126,651
607,608
619,620
619,621
619,620,585,856
619,582,585,856
619,621,585,856
620,619,621
620,585,621
620,619,621,585,856
620,585,856
621,585,856
642,643
656,657
656,124,1190
656,124,1190,415
656,124,1190,1191
657,656,124,1190
657,656,124,1190,415
657,656,124,1190,1191
666,370
668,669
668,669,908
668,669,1070
668,669,1189
669,908
669,1070
669,1189
678,36,789
678,36,1073
678,36,1123
678,36,1233
678,36,1243
689,690
689,691
690,689,691
699,700
704,705
704,705,1090
704,705,337
705,1090
705,337
721,722
721,723
721,722,780
722,721,723
722,780
723,721,722,780
567,137,136,138,429
567,137,136,140,714
567,137,136,142,402
755,752
777,394
789,36,1073
789,36,1123
789,36,1233
789,36,1243
792,96
429,138,136,140,714
429,138,136,142,402
795,796
795,796,1166
796,1166
797,798
833,262,889
833,262,1071,174,889
833,262,1105,174,889
833,174,889
833,263,1105,262,889
833,263,1105,262,1071,174,889
833,263,1105,174,889
833,262,1071
833,262,1105,174,1071
833,174,1071
833,263,1105,262,1071
833,263,1105,174,1071
833,262,1105
833,174,1105
833,263,1105
840,46
840,46,1121
46,1121
841,842
841,986,331,474
841,986
842,841,986,331,474
842,841,986
851,815
851,358,1066
851,358,1066,939
851,358,1134
851,358,1134,242
815,851,358,1066
815,851,358,1066,939
815,851,358,1134
815,851,358,1134,242
859,398
863,556
867,868
867,869
867,15
867,338
867,588
867,710
867,870
867,740
867,871
868,867,869
868,867,15
868,867,338
868,867,588
868,867,710
868,867,870
868,867,740
868,867,871
869,867,15
869,867,338
869,867,588
869,867,710
869,867,870
869,867,740
869,867,871
15,867,338
15,867,588
15,867,710
15,867,870
15,867,740
15,867,871
338,867,588
338,867,710
338,867,870
338,867,740
338,867,871
588,867,710
588,867,870
588,867,740
588,867,871
710,867,870
710,867,740
710,867,871
870,867,740
870,867,871
740,867,871
877,878
889,262,1071
889,262,1105,174,1071
889,174,1071
889,262,1105
889,174,1105
908,669,1070
908,669,1189
911,160
947,578
947,578,1029
578,1029
967,563
971,972
975,976
977,978
979,760
979,579
760,979,579
474,331,986
1035,1010
1036,753
1054,79
1054,1241
79,1054,1241
1056,984
1059,1102
1061,475
1066,939
1066,358,1134
1066,358,1134,242
939,1066,358,1134
939,1066,358,1134,242
1070,669,1189
1071,262,1105
1071,174,1105
1073,36,1123
1073,36,1233
1073,36,1243
1078,952
1083,93
1085,172
1085,659
1085,172,1170
1085,374,1170
1085,172,1170,374,1257
1085,374,1257
172,1085,659
172,457,659
172,1170
172,1085,659,457,456,374,1257
172,1085,374,1257
172,1170,374,1257
172,457,456,374,1257
172,457,659,1085,374,1257
659,1085,172,1170
659,1085,374,1170
659,457,456,374,1170
659,457,172,1170
659,1085,172,1170,374,1257
659,1085,374,1257
659,457,456,374,1257
659,457,172,1170,374,1257
1087,687
1090,705,337
1093,1068
714,140,136,142,402
1108,631
1112,494
1123,36,1233
1123,36,1243
1126,848
1126,651
848,1126,651
1131,455
1131,809
1131,1244
455,1131,809
455,1131,1244
809,1131,1244
1134,242
1144,1145
1159,131,453,365,1192
1167,454
1170,374,1257
1171,42
1182,1183
1190,415
1190,1191
415,1190,1191
1226,283
1232,1004
1233,36,1243
1265,132
1268,1092
1270,514
1271,484
1276,361
1280,745
1297,1100
