3,4
3,4,187
4,187
15,16
17,18
38,39
38,39,92
38,39,97
38,39,508
38,39,698
38,39,815
38,39,1114
38,39,1165
38,39,1284
38,39,1297
39,92
39,97
39,508
39,698
39,815
39,1114
39,1165
39,1284
39,1297
52,53
52,54,710,53
52,54
52,53,710
52,54,710
53,52,54
53,710,54
53,710
54,710
55,56
55,57
55,1042
56,55,57
56,55,1042
57,55,1042
62,63
62,63,1317
63,1317
67,68
84,85
84,85,233
84,85,714
84,85,738
85,233
85,714
85,738
92,39,97
92,39,508
92,39,698
92,39,815
92,39,1114
92,39,1165
92,39,1284
92,39,1297
95,96
97,39,508
97,39,698
97,39,815
97,39,1114
97,39,1165
97,39,1284
97,39,1297
119,120
123,124
123,124,932
124,932
136,137
136,137,337
137,337
139,140
139,577,140
139,577
139,669
139,669,670
139,1235
139,1235,421
139,1235,1236
140,577
140,139,669
140,577,139,669
140,139,669,670
140,577,139,669,670
140,139,1235
140,577,139,1235
140,139,1235,421
140,577,139,1235,421
140,139,1235,1236
140,577,139,1235,1236
142,143
142,144
142,144,285
142,143,317
142,144,460
142,144,460,374
142,144,460,374,510
142,144,1200
142,144,460,374,1238
143,142,144
143,142,144,285
143,317
143,142,144,460
143,142,144,460,374
143,142,144,460,374,510
143,142,144,1200
143,142,144,460,374,1238
144,285
144,142,143,317
144,460
144,460,374
144,460,374,510
144,1200
144,460,374,1238
148,149
148,150
148,151
148,152
148,153
148,154
148,151,236
148,153,35
148,149,576
148,150,436
148,152,737
148,154,407
149,148,150
149,148,151
149,148,152
149,148,153
149,148,154
149,148,151,236
149,148,153,35
149,576
149,148,150,436
149,148,152,737
149,148,154,407
150,148,151
150,148,152
150,148,153
150,148,154
150,148,151,236
150,148,153,35
150,148,149,576
150,436
150,148,152,737
150,148,154,407
151,148,152
151,148,153
151,148,154
151,236
151,148,153,35
151,148,149,576
151,148,150,436
151,148,152,737
151,148,154,407
152,148,153
152,148,154
152,148,151,236
152,148,153,35
152,148,149,576
152,148,150,436
152,737
152,148,154,407
153,148,154
153,148,151,236
153,35
153,148,149,576
153,148,150,436
153,148,152,737
153,148,154,407
154,148,151,236
154,148,153,35
154,148,149,576
154,148,150,436
154,148,152,737
154,407
181,182
190,191
190,519,222,220
190,519,947,222,220
190,519,222,220,221
190,519,947,222,220,221
190,519,222
190,519,947,222
190,519,222,220,223
190,519,947,222,220,223
190,519,222,947,241
190,519,947,241
190,519,222,947,241,242
190,519,947,241,242
190,519
190,519,947
191,190,519,222,220
191,190,519,947,222,220
191,190,519,222,220,221
191,190,519,947,222,220,221
191,190,519,222
191,190,519,947,222
191,190,519,222,220,223
191,190,519,947,222,220,223
191,190,519,222,947,241
191,190,519,947,241
191,190,519,222,947,241,242
191,190,519,947,241,242
191,190,519
191,190,519,947
194,195
201,202
213,214
213,215
213,215,490
213,215,490,491
213,215,1021
214,213,215
214,213,215,490
214,213,215,490,491
214,213,215,1021
215,490
215,490,491
215,1021
220,221
220,222
220,223
220,222,519,947,241
220,222,947,241
220,222,519,947,241,242
220,222,947,241,242
220,222,519
220,222,947,519
220,222,947
221,220,222
221,220,223
221,220,222,519,947,241
221,220,222,947,241
221,220,222,519,947,241,242
221,220,222,947,241,242
221,220,222,519
221,220,222,947,519
221,220,222,947
222,220,223
222,519,947,241
222,947,241
222,519,947,241,242
222,947,241,242
222,519
222,947,519
222,947
223,220,222,519,947,241
223,220,222,947,241
223,220,222,519,947,241,242
223,220,222,947,241,242
223,220,222,519
223,220,222,947,519
223,220,222,947
226,134
226,1019
226,1019,1020
134,226,1019
134,226,1019,1020
233,85,714
233,85,738
234,235
234,235,422
234,235,538
235,422
235,538
236,151,148,153,35
236,151,148,149,576
236,151,148,150,436
236,151,148,152,737
236,151,148,154,407
241,242
241,947,519
241,947
242,241,947,519
242,241,947
252,155
257,258
257,259
258,257,259
271,272
271,272,360
271,272,718
272,360
272,718
275,276
275,185,862,276
275,185,862,277,1143,276
275,185,923,276
275,185,1112,276
275,185,1143,276
275,277,862,276
275,277,862,185,923,276
275,277,862,185,1112,276
275,277,1143,276
275,277,1143,185,923,276
275,277,1143,185,1112,276
275,185
275,277,862,185
275,277,1143,185
275,277
275,276,862
275,276,923,185,862
275,276,923,185,1143,277,862
275,276,1112,185,862
275,276,1112,185,1143,277,862
275,276,1143,185,862
275,276,1143,277,862
275,185,862
275,185,1143,277,862
275,277,862
275,276,923
275,276,1112,185,923
275,276,1143,185,923
275,185,923
275,277,862,276,923
275,277,862,276,1112,185,923
275,277,862,185,923
275,277,1143,276,923
275,277,1143,276,1112,185,923
275,277,1143,185,923
275,276,1112
275,276,1143,185,1112
275,185,1112
275,277,862,276,1112
275,277,862,185,1112
275,277,1143,276,1112
275,277,1143,185,1112
275,276,1143
275,185,1143
275,277,1143
276,275,185
276,275,277,862,185
276,275,277,1143,185
276,862,185
276,862,277,1143,185
276,923,185
276,1112,185
276,1143,185
276,275,277
276,862,277
276,923,185,275,277
276,923,185,862,277
276,923,185,1143,277
276,1112,185,275,277
276,1112,185,862,277
276,1112,185,1143,277
276,1143,277
276,862
276,923,185,862
276,923,185,1143,277,862
276,1112,185,862
276,1112,185,1143,277,862
276,1143,185,862
276,1143,277,862
276,923
276,1112,185,923
276,1143,185,923
276,1112
276,1143,185,1112
276,1143
185,275,277
185,862,277
185,1143,277
185,862
185,1143,277,862
185,923
185,1112
185,1143
277,862
277,275,276,923
277,275,276,1112,185,923
277,275,185,923
277,862,276,923
277,862,276,1112,185,923
277,862,185,923
277,1143,276,923
277,1143,276,1112,185,923
277,1143,185,923
277,275,276,1112
277,275,185,1112
277,862,276,1112
277,862,185,1112
277,1143,276,1112
277,1143,185,1112
277,1143
285,144,142,143,317
285,144,460
285,144,460,374
285,144,460,374,510
285,144,1200
285,144,460,374,1238
35,153,148,149,576
35,153,148,150,436
35,153,148,152,737
35,153,148,154,407
300,301
300,302
301,300,302
303,304
303,126
303,304,1050
304,303,126
304,1050
126,303,304,1050
305,306
308,117
314,141
317,143,142,144,460
317,143,142,144,460,374
317,143,142,144,460,374,510
317,143,142,144,1200
317,143,142,144,460,374,1238
340,341
340,341,1029,871
340,341,1029,871,872
340,341,483
340,341,1029
341,1029,871
341,1029,871,872
341,483
341,1029
355,356
355,356,956
356,956
357,358
360,272,718
366,367
366,29
366,367,539
366,367,539,540
366,367,590
366,367,590,387
366,367,880
366,367,880,843
366,367,1107
366,367,1107,980
366,367,1176
366,367,1176,253
367,366,29
367,539
367,539,540
367,590
367,590,387
367,880
367,880,843
367,1107
367,1107,980
367,1176
367,1176,253
29,366,367,539
29,366,367,539,540
29,366,367,590
29,366,367,590,387
29,366,367,880
29,366,367,880,843
29,366,367,1107
29,366,367,1107,980
29,366,367,1176
29,366,367,1176,253
372,373
372,373,1077
372,373,1077,1054
373,1077
373,1077,1054
388,389
406,352
418,40
418,40,1327
40,1327
422,235,538
441,442
441,399
442,441,399
460,374
460,374,510
460,144,1200
460,374,1238
374,510
374,460,144,1200
374,1238
463,464
463,465,1125,183,464
463,465,1125,673,464
463,465,1210,183,1125,673,464
463,465,1210,183,464
463,465
463,466
463,467
463,468
463,469
463,464,183,1125,465,860
463,464,183,1210,465,860
463,464,673,1125,183,1210,465,860
463,464,673,1125,465,860
463,465,860
463,464,183,1125
463,464,183,1210,465,1125
463,464,673,1125
463,465,1125
463,465,1210,183,1125
463,464,183
463,464,673,1125,183
463,465,1125,183
463,465,1125,673,464,183
463,465,1210,183
463,464,673
463,465,1125,673
463,465,1210,183,1125,673
463,465,1210,183,464,673
463,464,183,1210
463,464,673,1125,183,1210
463,464,673,1125,465,1210
463,465,1210
463,464,183,1125,465,1309
463,464,183,1210,465,1309
463,464,673,1125,183,1210,465,1309
463,464,673,1125,465,1309
463,465,1309
464,463,465
464,183,1125,465
464,183,1210,465
464,673,1125,183,1210,465
464,673,1125,465
464,463,466
464,183,1125,465,463,466
464,183,1210,465,463,466
464,673,1125,183,1210,465,463,466
464,673,1125,465,463,466
464,463,467
464,183,1125,465,463,467
464,183,1210,465,463,467
464,673,1125,183,1210,465,463,467
464,673,1125,465,463,467
464,463,468
464,183,1125,465,463,468
464,183,1210,465,463,468
464,673,1125,183,1210,465,463,468
464,673,1125,465,463,468
464,463,469
464,183,1125,465,463,469
464,183,1210,465,463,469
464,673,1125,183,1210,465,463,469
464,673,1125,465,463,469
464,463,465,860
464,183,1125,465,860
464,183,1210,465,860
464,673,1125,183,1210,465,860
464,673,1125,465,860
464,463,465,1125
464,183,1125
464,183,1210,465,1125
464,673,1125
464,183
464,673,1125,183
464,673
464,463,465,1210
464,183,1210
464,673,1125,183,1210
464,673,1125,465,1210
464,463,465,1309
464,183,1125,465,1309
464,183,1210,465,1309
464,673,1125,183,1210,465,1309
464,673,1125,465,1309
465,463,466
465,463,467
465,463,468
465,463,469
465,860
465,1125
465,1210,183,1125
465,463,464,183
465,1125,183
465,1125,673,464,183
465,1210,183
465,463,464,673
465,1125,673
465,1210,183,1125,673
465,1210,183,464,673
465,1210
465,1309
466,463,467
466,463,468
466,463,469
466,463,464,183,1125,465,860
466,463,464,183,1210,465,860
466,463,464,673,1125,183,1210,465,860
466,463,464,673,1125,465,860
466,463,465,860
466,463,464,183,1125
466,463,464,183,1210,465,1125
466,463,464,673,1125
466,463,465,1125
466,463,465,1210,183,1125
466,463,464,183
466,463,464,673,1125,183
466,463,465,1125,183
466,463,465,1125,673,464,183
466,463,465,1210,183
466,463,464,673
466,463,465,1125,673
466,463,465,1210,183,1125,673
466,463,465,1210,183,464,673
466,463,464,183,1210
466,463,464,673,1125,183,1210
466,463,464,673,1125,465,1210
466,463,465,1210
466,463,464,183,1125,465,1309
466,463,464,183,1210,465,1309
466,463,464,673,1125,183,1210,465,1309
466,463,464,673,1125,465,1309
466,463,465,1309
467,463,468
467,463,469
467,463,464,183,1125,465,860
467,463,464,183,1210,465,860
467,463,464,673,1125,183,1210,465,860
467,463,464,673,1125,465,860
467,463,465,860
467,463,464,183,1125
467,463,464,183,1210,465,1125
467,463,464,673,1125
467,463,465,1125
467,463,465,1210,183,1125
467,463,464,183
467,463,464,673,1125,183
467,463,465,1125,183
467,463,465,1125,673,464,183
467,463,465,1210,183
467,463,464,673
467,463,465,1125,673
467,463,465,1210,183,1125,673
467,463,465,1210,183,464,673
467,463,464,183,1210
467,463,464,673,1125,183,1210
467,463,464,673,1125,465,1210
467,463,465,1210
467,463,464,183,1125,465,1309
467,463,464,183,1210,465,1309
467,463,464,673,1125,183,1210,465,1309
467,463,464,673,1125,465,1309
467,463,465,1309
468,463,469
468,463,464,183,1125,465,860
468,463,464,183,1210,465,860
468,463,464,673,1125,183,1210,465,860
468,463,464,673,1125,465,860
468,463,465,860
468,463,464,183,1125
468,463,464,183,1210,465,1125
468,463,464,673,1125
468,463,465,1125
468,463,465,1210,183,1125
468,463,464,183
468,463,464,673,1125,183
468,463,465,1125,183
468,463,465,1125,673,464,183
468,463,465,1210,183
468,463,464,673
468,463,465,1125,673
468,463,465,1210,183,1125,673
468,463,465,1210,183,464,673
468,463,464,183,1210
468,463,464,673,1125,183,1210
468,463,464,673,1125,465,1210
468,463,465,1210
468,463,464,183,1125,465,1309
468,463,464,183,1210,465,1309
468,463,464,673,1125,183,1210,465,1309
468,463,464,673,1125,465,1309
468,463,465,1309
469,463,464,183,1125,465,860
469,463,464,183,1210,465,860
469,463,464,673,1125,183,1210,465,860
469,463,464,673,1125,465,860
469,463,465,860
469,463,464,183,1125
469,463,464,183,1210,465,1125
469,463,464,673,1125
469,463,465,1125
469,463,465,1210,183,1125
469,463,464,183
469,463,464,673,1125,183
469,463,465,1125,183
469,463,465,1125,673,464,183
469,463,465,1210,183
469,463,464,673
469,463,465,1125,673
469,463,465,1210,183,1125,673
469,463,465,1210,183,464,673
469,463,464,183,1210
469,463,464,673,1125,183,1210
469,463,464,673,1125,465,1210
469,463,465,1210
469,463,464,183,1125,465,1309
469,463,464,183,1210,465,1309
469,463,464,673,1125,183,1210,465,1309
469,463,464,673,1125,465,1309
469,463,465,1309
490,491
490,215,1021
491,490,215,1021
500,501
508,39,698
508,39,815
508,39,1114
508,39,1165
508,39,1284
508,39,1297
510,374,460,144,1200
510,374,1238
517,518
519,947
522,523
524,912
539,540
539,367,590
539,367,590,387
539,367,880
539,367,880,843
539,367,1107
539,367,1107,980
539,367,1176
539,367,1176,253
540,539,367,590
540,539,367,590,387
540,539,367,880
540,539,367,880,843
540,539,367,1107
540,539,367,1107,980
540,539,367,1176
540,539,367,1176,253
547,225
548,549
548,549,560
548,549,560,628
549,560
549,560,628
550,551
550,551,611
551,611
552,528
556,58
560,628
577,139,669
577,139,669,670
577,139,1235
577,139,1235,421
577,139,1235,1236
590,387
590,367,880
590,367,880,843
590,367,1107
590,367,1107,980
590,367,1176
590,367,1176,253
387,590,367,880
387,590,367,880,843
387,590,367,1107
387,590,367,1107,980
387,590,367,1176
387,590,367,1176,253
591,485
592,12
592,593,633,12
592,594,633,12
592,595,633,12
592,595,634,632,633,12
592,632,633,12
592,593
592,594,633,593
592,595,633,593
592,595,634,632,633,593
592,632,633,593
592,594
592,595,633,594
592,595,634,632,633,594
592,632,633,594
592,595
592,632,633,595
592,632,634,595
592,632
592,12,633
592,593,633
592,594,633
592,595,633
592,595,634,632,633
592,632,633
592,12,633,632,634
592,12,633,595,634
592,593,633,632,634
592,593,633,595,634
592,594,633,632,634
592,594,633,595,634
592,595,634
592,632,634
592,12,633,632,634,595,887
592,12,633,595,887
592,593,633,632,634,595,887
592,593,633,595,887
592,594,633,632,634,595,887
592,594,633,595,887
592,595,887
592,632,633,595,887
592,632,634,595,887
12,592,593
12,592,594,633,593
12,592,595,633,593
12,592,595,634,632,633,593
12,592,632,633,593
12,633,593
12,592,594
12,592,595,633,594
12,592,595,634,632,633,594
12,592,632,633,594
12,633,594
12,592,595
12,592,632,633,595
12,592,632,634,595
12,633,632,634,595
12,633,595
12,592,632
12,633,632
12,633
12,592,593,633,632,634
12,592,593,633,595,634
12,592,594,633,632,634
12,592,594,633,595,634
12,592,595,634
12,592,632,634
12,633,632,634
12,633,595,634
12,592,593,633,632,634,595,887
12,592,593,633,595,887
12,592,594,633,632,634,595,887
12,592,594,633,595,887
12,592,595,887
12,592,632,633,595,887
12,592,632,634,595,887
12,633,632,634,595,887
12,633,595,887
593,592,594
593,592,595,633,594
593,592,595,634,632,633,594
593,592,632,633,594
593,633,594
593,592,595
593,592,632,633,595
593,592,632,634,595
593,633,632,634,595
593,633,595
593,592,632
593,633,632
593,633
593,592,594,633,632,634
593,592,594,633,595,634
593,592,595,634
593,592,632,634
593,633,632,634
593,633,595,634
593,592,594,633,632,634,595,887
593,592,594,633,595,887
593,592,595,887
593,592,632,633,595,887
593,592,632,634,595,887
593,633,632,634,595,887
593,633,595,887
594,592,595
594,592,632,633,595
594,592,632,634,595
594,633,632,634,595
594,633,595
594,592,632
594,633,632
594,633
594,592,595,634
594,592,632,634
594,633,632,634
594,633,595,634
594,592,595,887
594,592,632,633,595,887
594,592,632,634,595,887
594,633,632,634,595,887
594,633,595,887
595,592,632
595,633,632
595,634,632
595,633
595,634,632,633
595,634
595,887
612,70
612,1169
612,1169,877
612,1169,666
70,612,1169
70,612,1169,877
70,612,1169,666
616,617
616,617,715
617,715
620,621
632,633
632,634
632,633,595,887
632,592,595,887
632,634,595,887
633,632,634
633,595,634
633,632,634,595,887
633,595,887
634,595,887
655,656
669,670
669,139,1235
669,139,1235,421
669,139,1235,1236
670,669,139,1235
670,669,139,1235,421
670,669,139,1235,1236
680,381
683,684
683,684,950
683,684,1111
683,684,1234
684,950
684,1111
684,1234
689,690
689,691
690,689,691
696,1
696,1,1056
1,1056
698,39,815
698,39,1114
698,39,1165
698,39,1284
698,39,1297
714,85,738
722,723
728,729
728,729,1129
728,729,347
729,1129
729,347
745,746
745,747
745,746,807
746,745,747
746,807
747,745,746,807
576,149,148,150,436
576,149,148,152,737
576,149,148,154,407
779,776
804,400
815,39,1114
815,39,1165
815,39,1284
815,39,1297
817,108
436,150,148,152,737
436,150,148,154,407
820,821
820,821,1205
821,1205
822,823
836,837
860,465,1125
860,465,1210,183,1125
860,465,463,464,183
860,465,463,464,673,1125,183
860,465,1125,183
860,465,1125,673,464,183
860,465,1210,183
860,465,463,464,673
860,465,1125,673
860,465,1210,183,1125,673
860,465,1210,183,464,673
860,465,1210
860,465,1309
862,276,923
862,276,1112,185,923
862,276,1143,185,923
862,185,923
862,277,1143,276,923
862,277,1143,276,1112,185,923
862,277,1143,185,923
862,276,1112
862,276,1143,185,1112
862,185,1112
862,277,1143,276,1112
862,277,1143,185,1112
862,276,1143
862,185,1143
862,277,1143
870,49
870,49,1163
49,1163
871,872
871,1029,341,483
871,1029
872,871,1029,341,483
872,871,1029
880,843
880,367,1107
880,367,1107,980
880,367,1176
880,367,1176,253
843,880,367,1107
843,880,367,1107,980
843,880,367,1176
843,880,367,1176,253
891,403
896,897
898,566
900,901
900,902
900,19
900,348
900,599
900,733
900,903
900,762
900,904
901,900,902
901,900,19
901,900,348
901,900,599
901,900,733
901,900,903
901,900,762
901,900,904
902,900,19
902,900,348
902,900,599
902,900,733
902,900,903
902,900,762
902,900,904
19,900,348
19,900,599
19,900,733
19,900,903
19,900,762
19,900,904
348,900,599
348,900,733
348,900,903
348,900,762
348,900,904
599,900,733
599,900,903
599,900,762
599,900,904
733,900,903
733,900,762
733,900,904
903,900,762
903,900,904
762,900,904
909,910
923,276,1112
923,276,1143,185,1112
923,185,1112
923,276,1143
923,185,1143
926,889
926,454
926,927
926,927,949
926,927,949,138
926,927,949,598
889,926,454
889,926,927
889,926,927,949
889,926,927,949,138
889,926,927,949,598
454,926,927
454,926,927,949
454,926,927,949,138
454,926,927,949,598
927,949
927,949,138
927,949,598
933,47
933,47,1245
47,1245
949,138
949,598
138,949,598
950,684,1111
950,684,1234
952,173
988,586
988,586,1071
586,1071
989,159
989,159,1244
159,1244
1008,571
1013,1014
1017,1018
1019,1020
1022,785
1022,588
785,1022,588
483,341,1029
1041,64
1077,1054
1078,777
1094,90
1094,1294
90,1094,1294
1096,1027
1100,1140
1107,980
1107,367,1176
1107,367,1176,253
980,1107,367,1176
980,1107,367,1176,253
1111,684,1234
1112,276,1143
1112,185,1143
1114,39,1165
1114,39,1284
1114,39,1297
1119,994
1123,105
1125,183
1125,673
1125,183,1210
1125,465,1210
1125,183,1210,465,1309
1125,465,1309
183,1125,673
183,464,673
183,1210
183,1125,673,464,463,465,1309
183,1125,465,1309
183,1210,465,1309
183,464,463,465,1309
183,464,673,1125,465,1309
673,1125,183,1210
673,1125,465,1210
673,464,463,465,1210
673,464,183,1210
673,1125,183,1210,465,1309
673,1125,465,1309
673,464,463,465,1309
673,464,183,1210,465,1309
1127,708
1129,729,347
1131,1109
737,152,148,154,407
1148,642
1154,507
1165,39,1284
1165,39,1297
1169,877
1169,666
877,1169,666
1175,462
1175,834
1175,1298
462,1175,834
462,1175,1298
834,1175,1298
1176,253
1185,1186
1200,144,460,374,1238
1206,461
1210,465,1309
1211,45
1224,1225
1235,421
1235,1236
421,1235,1236
1278,294
1283,1047
1284,39,1297
1318,145
1324,526
1325,496
1330,370
1333,767
1352,1137
