6,7
6,7,56,55
6,7,56
7,56,55
7,56
15,16
19,20
19,20,26
19,20,27
19,20,108
19,20,174
20,26
20,27
20,108
20,174
21,22
21,23,173,22
21,23
21,22,173,171,164,162,109,135,89,88
21,23,173,171,164,162,109,135,89,88
21,22,173,171,164,162,109,135,89
21,23,173,171,164,162,109,135,89
21,22,173,171,164,162,109,135,134
21,23,173,171,164,162,109,135,134
21,22,173,171,164,162,109,135
21,23,173,171,164,162,109,135
21,22,173,171,164,162,109
21,23,173,171,164,162,109
21,22,173,171,164,162,109,154
21,23,173,171,164,162,109,154
21,22,173,171,164,162,109,160
21,23,173,171,164,162,109,160
21,22,173,171,164,162
21,23,173,171,164,162
21,22,173,171,164,162,163
21,23,173,171,164,162,163
21,22,173,171,164
21,23,173,171,164
21,22,173,171,164,162,165
21,23,173,171,164,162,165
21,22,173,171,164,162,166
21,23,173,171,164,162,166
21,22,173,171,164,162,109,135,168
21,23,173,171,164,162,109,135,168
21,22,173,171
21,23,173,171
21,22,173,171,172
21,23,173,171,172
21,22,173
21,23,173
22,21,23
22,173,23
22,21,23,173,171,164,162,109,135,89,88
22,173,171,164,162,109,135,89,88
22,21,23,173,171,164,162,109,135,89
22,173,171,164,162,109,135,89
22,21,23,173,171,164,162,109,135,134
22,173,171,164,162,109,135,134
22,21,23,173,171,164,162,109,135
22,173,171,164,162,109,135
22,21,23,173,171,164,162,109
22,173,171,164,162,109
22,21,23,173,171,164,162,109,154
22,173,171,164,162,109,154
22,21,23,173,171,164,162,109,160
22,173,171,164,162,109,160
22,21,23,173,171,164,162
22,173,171,164,162
22,21,23,173,171,164,162,163
22,173,171,164,162,163
22,21,23,173,171,164
22,173,171,164
22,21,23,173,171,164,162,165
22,173,171,164,162,165
22,21,23,173,171,164,162,166
22,173,171,164,162,166
22,21,23,173,171,164,162,109,135,168
22,173,171,164,162,109,135,168
22,21,23,173,171
22,173,171
22,21,23,173,171,172
22,173,171,172
22,173
23,173,171,164,162,109,135,89,88
23,173,171,164,162,109,135,89
23,173,171,164,162,109,135,134
23,173,171,164,162,109,135
23,173,171,164,162,109
23,173,171,164,162,109,154
23,173,171,164,162,109,160
23,173,171,164,162
23,173,171,164,162,163
23,173,171,164
23,173,171,164,162,165
23,173,171,164,162,166
23,173,171,164,162,109,135,168
23,173,171
23,173,171,172
23,173
26,20,27
26,20,108
26,20,174
27,20,108
27,20,174
31,32
34,35
42,43
42,43,193
42,43,218
43,193
43,218
44,45
50,51
50,145,146,188,30,52
50,145,146,188,52
50,145,146,188,30
50,145,146,188,30,52,53
50,145,146,188,52,53
50,51,68
50,145
50,145,146
50,145,146,188
50,145,146,188,63
50,145,146,188,189,63
50,145,146,188,189
50,51,200
50,145,146,149
51,50,145,146,188,30,52
51,50,145,146,188,52
51,50,145,146,188,30
51,50,145,146,188,30,52,53
51,50,145,146,188,52,53
51,68
51,50,145
51,50,145,146
51,50,145,146,188
51,50,145,146,188,63
51,50,145,146,188,189,63
51,50,145,146,188,189
51,200
51,50,145,146,149
52,30
52,188,30
52,53
52,30,188,146,145,50,51,68
52,188,146,145,50,51,68
52,30,188,146,145
52,188,146,145
52,30,188,146
52,188,146
52,188
52,30,188,63
52,30,188,189,63
52,188,63
52,188,189,63
52,30,188,189
52,188,189
52,30,188,146,145,50,51,200
52,188,146,145,50,51,200
52,30,188,146,149
52,188,146,149
30,52,53
30,188,52,53
30,188,146,145,50,51,68
30,188,146,145
30,188,146
30,188
30,188,63
30,188,189,63
30,188,189
30,188,146,145,50,51,200
30,188,146,149
53,52,30,188,146,145,50,51,68
53,52,188,146,145,50,51,68
53,52,30,188,146,145
53,52,188,146,145
53,52,30,188,146
53,52,188,146
53,52,188
53,52,30,188,63
53,52,30,188,189,63
53,52,188,63
53,52,188,189,63
53,52,30,188,189
53,52,188,189
53,52,30,188,146,145,50,51,200
53,52,188,146,145,50,51,200
53,52,30,188,146,149
53,52,188,146,149
55,56
58,59
58,60,78,79,59
58,60,78,79,170,59
58,60,170,59
58,60,170,79,59
58,60
58,59,79,78
58,59,170,60,78
58,59,170,79,78
58,60,78
58,60,170,79,78
58,59,79
58,59,170,79
58,60,78,79
58,60,170,79
58,59,79,78,60,116
58,59,79,170,60,116
58,59,170,60,116
58,59,170,79,78,60,116
58,60,116
58,59,170
58,60,170
58,59,79,78,60,170,8
58,59,79,170,8
58,59,170,8
58,60,78,79,170,8
58,60,170,8
58,59,79,78,60,116,181
58,59,79,170,60,116,181
58,59,170,60,116,181
58,59,170,79,78,60,116,181
58,60,116,181
59,58,60
59,79,78,60
59,79,170,60
59,170,60
59,170,79,78,60
59,58,60,78
59,79,78
59,170,60,78
59,170,79,78
59,79
59,170,79
59,58,60,116
59,79,78,60,116
59,79,170,60,116
59,170,60,116
59,170,79,78,60,116
59,170
59,58,60,170,8
59,79,78,60,170,8
59,79,170,8
59,170,8
59,58,60,116,181
59,79,78,60,116,181
59,79,170,60,116,181
59,170,60,116,181
59,170,79,78,60,116,181
60,78
60,170,79,78
60,58,59,79
60,78,79
60,170,79
60,116
60,170
60,58,59,79,170,8
60,78,79,170,8
60,170,8
60,116,181
68,51,50,145
68,51,50,145,146
68,51,50,145,146,188
68,51,50,145,146,188,63
68,51,50,145,146,188,189,63
68,51,50,145,146,188,189
68,51,200
68,51,50,145,146,149
72,73
72,83
72,83,84
73,72,83
73,72,83,84
78,79
78,60,116
78,79,170,60,116
78,60,170
78,79,170
78,60,58,59,170,8
78,60,170,8
78,79,59,170,8
78,79,170,8
78,60,116,181
78,79,170,60,116,181
79,78,60,116
79,59,58,60,116
79,170,60,116
79,170
79,170,8
79,78,60,116,181
79,59,58,60,116,181
79,170,60,116,181
83,84
88,89
88,89,135,134
88,89,135
88,89,135,109
88,89,135,109,154
88,89,135,109,160
88,89,135,109,162
88,89,135,109,162,163
88,89,135,109,162,164
88,89,135,109,162,165
88,89,135,109,162,166
88,89,135,168
88,89,135,109,162,164,171
88,89,135,109,162,164,171,172
88,89,135,109,162,164,171,173
89,135,134
89,135
89,135,109
89,135,109,154
89,135,109,160
89,135,109,162
89,135,109,162,163
89,135,109,162,164
89,135,109,162,165
89,135,109,162,166
89,135,168
89,135,109,162,164,171
89,135,109,162,164,171,172
89,135,109,162,164,171,173
98,99
98,99,214
98,99,214,216
98,99,214,216,217
99,214
99,214,216
99,214,216,217
103,104
103,90
103,90,107
103,90,111
103,90,136
103,90,137
103,90,186
103,90,231
104,103,90
104,103,90,107
104,103,90,111
104,103,90,136
104,103,90,137
104,103,90,186
104,103,90,231
90,107
90,111
90,136
90,137
90,186
90,231
107,90,111
107,90,136
107,90,137
107,90,186
107,90,231
108,20,174
111,90,136
111,90,137
111,90,186
111,90,231
116,60,170
116,60,58,59,79,170,8
116,60,58,59,170,8
116,60,78,79,59,170,8
116,60,78,79,170,8
116,60,170,8
116,181
125,126
125,127
125,128
125,129
126,125,127
126,125,128
126,125,129
127,125,128
127,125,129
128,125,129
134,135
134,135,109
134,135,109,154
134,135,109,160
134,135,109,162
134,135,109,162,163
134,135,109,162,164
134,135,109,162,165
134,135,109,162,166
134,135,168
134,135,109,162,164,171
134,135,109,162,164,171,172
134,135,109,162,164,171,173
135,109
135,109,154
135,109,160
135,109,162
135,109,162,163
135,109,162,164
135,109,162,165
135,109,162,166
135,168
135,109,162,164,171
135,109,162,164,171,172
135,109,162,164,171,173
136,90,137
136,90,186
136,90,231
137,90,186
137,90,231
141,142
109,154
109,160
109,162
109,162,163
109,162,164
109,162,165
109,162,166
109,135,168
109,162,164,171
109,162,164,171,172
109,162,164,171,173
145,146
145,146,188
145,146,188,63
145,146,188,189,63
145,146,188,189
145,50,51,200
145,146,149
146,188
146,188,63
146,188,189,63
146,188,189
146,145,50,51,200
146,149
147,95
154,109,160
154,109,162
154,109,162,163
154,109,162,164
154,109,162,165
154,109,162,166
154,109,135,168
154,109,162,164,171
154,109,162,164,171,172
154,109,162,164,171,173
155,156
155,157
155,82
155,38
156,155,157
156,155,82
156,155,38
157,155,82
157,155,38
82,155,38
159,67
159,67,226
67,226
160,109,162
160,109,162,163
160,109,162,164
160,109,162,165
160,109,162,166
160,109,135,168
160,109,162,164,171
160,109,162,164,171,172
160,109,162,164,171,173
162,163
162,164
162,165
162,166
162,109,135,168
162,164,171
162,164,171,172
162,164,171,173
163,162,164
163,162,165
163,162,166
163,162,109,135,168
163,162,164,171
163,162,164,171,172
163,162,164,171,173
164,162,165
164,162,166
164,162,109,135,168
164,171
164,171,172
164,171,173
165,162,166
165,162,109,135,168
165,162,164,171
165,162,164,171,172
165,162,164,171,173
166,162,109,135,168
166,162,164,171
166,162,164,171,172
166,162,164,171,173
168,135,109,162,164,171
168,135,109,162,164,171,172
168,135,109,162,164,171,173
170,8
170,60,116,181
8,170,59,58,60,116,181
8,170,59,79,78,60,116,181
8,170,60,116,181
8,170,79,78,60,116,181
8,170,79,59,58,60,116,181
171,172
171,173
172,171,173
179,180
179,180,190
180,190
186,90,231
188,63
188,189,63
188,189
188,146,145,50,51,200
188,146,149
63,189
63,188,146,145,50,51,200
63,189,188,146,145,50,51,200
63,188,146,149
63,189,188,146,149
189,188,146,145,50,51,200
189,188,146,149
193,43,218
199,182
214,216
214,216,217
216,217
221,115
200,51,50,145,146,149
