20,21
38,39
38,207
39,38,207
65,66
65,66,183
66,183
93,7
93,7,452
7,452
97,98
99,100
122,83
122,83,274
122,83,274,460
83,274
83,274,460
125,126
125,127
126,125,127
149,138
168,169
168,196
168,196,197
168,196,198
168,196,199
168,196,200
168,196,201
168,196,197,238,237
168,196,197,238
169,168,196
169,168,196,197
169,168,196,198
169,168,196,199
169,168,196,200
169,168,196,201
169,168,196,197,238,237
169,168,196,197,238
196,197
196,198
196,199
196,200
196,201
196,197,238,237
196,197,238
197,196,198
197,196,199
197,196,200
197,196,201
197,238,237
197,238
198,196,199
198,196,200
198,196,201
198,196,197,238,237
198,196,197,238
199,196,200
199,196,201
199,196,197,238,237
199,196,197,238
200,196,201
200,196,197,238,237
200,196,197,238
201,196,197,238,237
201,196,197,238
227,203
237,238
248,107
259,30
259,474,419,30
259,474,305,30
259,260
259,30,305
259,30,419,474,305
259,474,305
259,30,305,306
259,30,419,474,305,306
259,474,305,306
259,30,419
259,474,419
259,30,305,474,419,363
259,30,419,363
259,474,419,363
259,474
259,30,305,474,375
259,30,419,474,375
259,474,375
30,259,260
30,305,474,259,260
30,419,474,259,260
30,305
30,419,474,305
30,259,474,305,306
30,305,306
30,419,474,305,306
30,419
30,259,474,419,363
30,305,474,419,363
30,419,363
30,259,474
30,305,474
30,419,474
30,259,474,375
30,305,474,375
30,419,474,375
260,259,30,305
260,259,30,419,474,305
260,259,474,305
260,259,30,305,306
260,259,30,419,474,305,306
260,259,474,305,306
260,259,30,419
260,259,474,419
260,259,30,305,474,419,363
260,259,30,419,363
260,259,474,419,363
260,259,474
260,259,30,305,474,375
260,259,30,419,474,375
260,259,474,375
269,270
269,270,457
270,457
274,460
286,166
294,295
302,128
303,92
305,306
305,30,419
305,474,419
305,30,419,363
305,474,419,363
305,474
305,30,419,474,375
305,474,375
306,305,30,419
306,305,474,419
306,305,30,259,474,419,363
306,305,30,419,363
306,305,474,419,363
306,305,474
306,305,30,259,474,375
306,305,30,419,474,375
306,305,474,375
325,263
326,48
332,289
333,334
372,373
372,382
373,372,382
376,377
376,378
377,376,378
404,94
404,338
404,252
94,404,338
94,404,252
338,404,252
409,188
419,363
419,474
419,474,375
363,419,474
363,419,30,259,474,375
363,419,30,305,474,375
363,419,474,375
428,175
445,357
450,155
474,375
