[67, 68, 132, 69]
[264, 67, 68]
[45, 7]
[300, 301]
[239, 240]
[158, 28]
[22, 202]
[177, 85]
[258, 20]
[21, 176]
[54, 4, 16, 166]
[126, 4, 5]
[264, 67, 68, 132, 69]
[194, 74]
[68, 195]
[89, 90, 136]
[54, 4, 5]
[99, 5]
[117, 118]
[220, 193, 4, 16, 166]
[50, 51, 75]
[67, 68, 132, 204]
[8, 4, 5]
[108, 109, 162]
[273, 67, 68, 132, 133]
[98, 60]
[273, 64, 321]
[26, 275]
[264, 67, 68, 368]
[89, 90]
[93, 142, 19, 20]
[36, 60]
[46, 47]
[199, 103]
[62, 63]
[193, 4, 5]
[170, 363]
[340, 11]
[4, 16]
[264, 67, 68, 204, 132, 69]
[78, 79]
[170, 93, 20]
[175, 4]
[21, 29, 30]
[74, 88]
[44, 85, 53]
[49, 12, 13]
[69, 70]
[194, 55, 56]
[242, 153]
[68, 204, 132, 70]
[93, 142, 20]
[273, 67, 68, 204, 132, 69, 70]
[87, 47]
[187, 307]
[216, 40]
[273, 67, 68, 106]
[159, 5]
[323, 246]
[236, 64, 303]
[308, 309]
[142, 151, 105, 106]
[173, 81]
[44, 45, 7]
[259, 207]
[68, 161]
[170, 93, 142, 151, 105, 132, 69, 291]
[305, 306]
[273, 64, 335]
[98, 175, 4, 166]
[4, 16, 166]
[116, 24]
[93, 142]
[114, 115]
[287, 288]
[306, 109, 162]
[220, 193, 17, 265]
[126, 4, 16, 166]
[86, 4, 54]
[264, 236]
[220, 193, 17, 289]
[64, 321]
[220, 193, 17, 18]
[256, 257]
[39, 40, 348]
[190, 191]
[256, 257, 261]
[120, 325]
[273, 67, 68, 204, 132]
[264, 67, 68, 204]
[193, 17, 18]
[242, 155]
[151, 105, 132]
[360, 361]
[67, 68, 132, 69, 291]
[264, 67, 68, 204, 132, 69, 70]
[151, 105, 132, 204, 106]
[183, 232]
[220, 193, 4, 54]
[68, 161, 162]
[98, 4]
[21, 22]
[93, 142, 151, 105]
[306, 109, 250]
[273, 64, 2, 250]
[86, 53]
[358, 359]
[112, 11]
[126, 4, 166]
[73, 74, 88]
[128, 11]
[68, 69, 291]
[175, 4, 16]
[264, 67, 68, 106]
[2, 3]
[36, 4, 16]
[190, 241, 125]
[312, 4]
[84, 24]
[68, 204, 132, 69, 70]
[273, 67, 68, 204]
[67, 68, 132]
[93, 142, 151, 324]
[352, 79]
[64, 2, 250]
[248, 249]
[284, 56]
[142, 230, 330]
[105, 132, 69, 70]
[131, 80]
[264, 67, 68, 132, 69, 70]
[141, 11]
[220, 193, 17, 166]
[54, 4, 16]
[29, 30]
[144, 74, 88]
[142, 20]
[264, 67, 68, 132, 204]
[42, 43]
[220, 193, 17]
[132, 69, 70]
[44, 85]
[220, 193, 17, 298]
[357, 81]
[264, 236, 64]
[98, 175]
[144, 74]
[273, 67, 68, 204, 132, 133]
[129, 130]
[196, 197]
[170, 93, 142, 20]
[290, 291]
[36, 4, 5]
[156, 157]
[9, 4, 16]
[16, 166]
[193, 4, 16]
[204, 132, 133]
[273, 67, 68, 161, 162]
[98, 4, 16, 166]
[68, 132, 70]
[142, 217]
[67, 68, 132, 204, 106]
[294, 5]
[178, 255]
[67, 68]
[105, 132]
[86, 104, 7]
[357, 81, 80]
[268, 166]
[199, 234]
[193, 17]
[132, 133]
[236, 64, 292]
[113, 1]
[282, 51]
[194, 74, 88]
[65, 66]
[98, 175, 4]
[36, 17, 18]
[132, 69]
[177, 45]
[8, 9, 4, 166]
[98, 4, 16]
[31, 24]
[193, 17, 53]
[73, 74]
[273, 64, 2, 3]
[273, 67, 68, 132]
[312, 4, 16, 166]
[17, 53]
[137, 309]
[110, 333]
[8, 4, 166]
[236, 64]
[93, 142, 151, 105, 132, 204]
[4, 54]
[102, 203]
[210, 318]
[86, 333]
[55, 56]
[93, 142, 151, 105, 132, 69]
[284, 88]
[260, 45]
[223, 146]
[98, 4, 5]
[144, 55]
[343, 140]
[95, 74, 88]
[317, 11]
[86, 225]
[86, 104]
[86, 4, 166]
[264, 236, 64, 2, 250]
[86, 4, 16]
[204, 132, 69, 291]
[48, 49, 12, 13]
[273, 67, 68, 204, 132, 69, 291]
[102, 103]
[170, 93, 142, 151, 105, 132, 133]
[236, 64, 2, 250]
[221, 136]
[182, 183]
[8, 4, 16, 166]
[282, 51, 75, 43]
[67, 68, 204, 132]
[10, 11]
[67, 68, 195]
[151, 105, 106]
[270, 329]
[178, 179]
[93, 142, 151, 105, 132, 69, 70]
[8, 9, 4, 16]
[170, 93, 292]
[98, 175, 4, 16]
[68, 204, 132]
[167, 58]
[119, 120]
[264, 67, 68, 69, 291]
[221, 232]
[186, 187]
[67, 68, 132, 133]
[36, 4, 54]
[89, 276, 232]
[25, 26]
[212, 213]
[220, 193, 4, 166]
[36, 17, 45, 7]
[54, 4]
[243, 74, 88]
[21, 29]
[142, 19]
[0, 1]
[180, 35]
[188, 55, 56]
[116, 101]
[214, 23]
[67, 68, 69, 291]
[50, 51, 75, 43]
[142, 230, 231]
[189, 11]
[336, 81]
[259, 115]
[194, 55]
[67, 68, 204, 132, 69, 70]
[142, 151, 105, 132, 70]
[375, 40]
[93, 20]
[64, 2, 3]
[186, 187, 307]
[93, 107]
[23, 24]
[341, 342]
[67, 68, 161]
[134, 55]
[134, 55, 56]
[327, 11]
[65, 262]
[377, 378]
[264, 67, 68, 69, 70]
[126, 198]
[17, 45]
[199, 203]
[83, 11]
[75, 43]
[193, 17, 166]
[105, 132, 69]
[68, 204, 132, 69, 291]
[175, 4, 5]
[222, 45]
[151, 105, 132, 69, 70]
[170, 93, 97]
[230, 330]
[285, 58]
[85, 53]
[8, 4]
[264, 236, 64, 292]
[319, 320]
[93, 142, 151, 105, 132, 69, 291]
[151, 105, 132, 69]
[204, 132, 69, 70]
[204, 132, 70]
[193, 17, 45]
[21, 22, 202]
[279, 153]
[193, 17, 265, 278]
[193, 17, 265, 266]
[73, 55]
[40, 348]
[174, 104, 7]
[220, 193, 17, 356]
[193, 17, 298]
[285, 286]
[206, 207]
[264, 67, 68, 132, 69, 291]
[94, 118]
[37, 290, 291]
[50, 51]
[273, 67, 68, 368]
[99, 100]
[264, 67, 68, 132]
[67, 68, 204, 132, 70]
[287, 164]
[36, 17, 265, 278]
[121, 122]
[267, 58]
[273, 67, 68, 132, 70]
[9, 4]
[96, 5]
[29, 205]
[36, 17, 265, 266]
[193, 17, 289]
[193, 17, 265]
[315, 316]
[170, 93, 142, 151, 105, 132]
[273, 64, 303]
[9, 4, 5]
[93, 142, 151]
[295, 11]
[142, 151, 105, 132, 204, 106]
[37, 239]
[113, 234]
[95, 74]
[276, 232]
[142, 151, 105, 132, 69, 70]
[105, 132, 204, 106]
[170, 93, 142, 217]
[209, 6]
[230, 231]
[184, 185]
[93, 142, 230, 231]
[67, 68, 204, 132, 133]
[137, 337]
[170, 93, 142, 151, 105, 132, 204]
[8, 9]
[188, 55]
[264, 67, 68, 132, 133]
[267, 286]
[142, 151, 107]
[86, 251]
[67, 68, 204, 132, 69]
[170, 93, 142]
[273, 67, 68, 195]
[142, 230]
[154, 155, 354]
[273, 67]
[163, 288]
[338, 339]
[220, 193, 17, 82]
[68, 132, 204]
[168, 169]
[175, 4, 16, 166]
[80, 81]
[142, 151, 324]
[181, 11]
[273, 67, 68, 69, 70]
[332, 275]
[21, 205]
[48, 49]
[173, 81, 80, 224]
[69, 291]
[214, 23, 24]
[147, 148]
[273, 64, 292]
[8, 4, 16]
[134, 74, 88]
[312, 4, 16]
[37, 239, 240]
[113, 103]
[71, 137, 337]
[110, 251]
[334, 185]
[105, 106]
[110, 53]
[193, 17, 45, 7]
[228, 229]
[65, 374]
[142, 151, 105]
[367, 115]
[36, 17, 166]
[260, 85]
[109, 250]
[84, 101]
[190, 299]
[110, 263]
[236, 64, 2, 3]
[68, 132, 69]
[105, 132, 133]
[9, 4, 166]
[93, 142, 151, 105, 106]
[131, 80, 224]
[61, 13]
[68, 106]
[273, 67, 68, 161]
[269, 270]
[36, 17]
[170, 93, 142, 19]
[346, 213]
[17, 265]
[98, 175, 4, 5]
[170, 93, 142, 151, 105, 132, 70]
[220, 193, 17, 60]
[64, 2]
[273, 67, 68, 204, 132, 69]
[93, 142, 151, 105, 132, 204, 106]
[220, 193, 4, 16]
[36, 17, 298]
[151, 324]
[93, 142, 151, 105, 132, 133]
[68, 132, 69, 70]
[243, 74]
[68, 204, 106]
[59, 60]
[71, 137]
[68, 204]
[93, 142, 151, 105, 132, 70]
[252, 253]
[350, 11]
[293, 88]
[76, 77]
[175, 4, 54]
[68, 69]
[37, 290]
[86, 4, 5]
[142, 151, 105, 132, 69, 291]
[151, 105, 132, 133]
[362, 115]
[98, 4, 54]
[33, 5]
[31, 101]
[151, 107]
[64, 292]
[94, 1]
[145, 326]
[126, 127]
[171, 172]
[188, 74, 88]
[102, 234]
[160, 85, 53]
[294, 364]
[105, 132, 69, 291]
[31, 201]
[174, 104]
[8, 9, 4, 54]
[296, 297]
[113, 118]
[187, 373]
[218, 219]
[36, 4, 166]
[9, 4, 16, 166]
[113, 203]
[31, 32]
[143, 118]
[142, 151, 105, 132]
[193, 17, 356]
[204, 106]
[17, 166]
[71, 137, 138]
[93, 142, 19]
[65, 355]
[220, 193, 17, 45, 7]
[233, 234]
[236, 64, 2]
[110, 111]
[322, 28]
[273, 67, 68, 132, 69]
[306, 109]
[12, 13]
[220, 193, 60]
[39, 40]
[264, 67, 68, 132, 204, 106]
[264, 67]
[264, 67, 68, 132, 70]
[67, 68, 161, 162]
[93, 97]
[222, 85]
[159, 53]
[273, 64, 2]
[21, 29, 205]
[93, 142, 230]
[242, 155, 354]
[277, 7]
[17, 289]
[144, 55, 56]
[86, 111]
[193, 4]
[170, 93, 142, 230]
[68, 69, 70]
[176, 30]
[193, 17, 60]
[163, 164]
[264, 67, 68, 161]
[51, 75, 43]
[155, 354]
[165, 166]
[142, 151, 105, 132, 133]
[17, 60]
[331, 92]
[151, 105]
[353, 166]
[90, 136]
[178, 192]
[142, 151]
[132, 204, 106]
[264, 67, 68, 161, 162]
[204, 132, 69]
[226, 227]
[265, 278]
[48, 49, 12]
[265, 266]
[132, 69, 291]
[131, 80, 81]
[273, 67, 68, 132, 204, 106]
[52, 53]
[19, 20]
[182, 135]
[123, 43]
[73, 55, 56]
[233, 103]
[41, 11]
[369, 148]
[67, 68, 132, 70]
[283, 5]
[109, 162]
[188, 74]
[293, 56]
[357, 81, 80, 224]
[170, 93, 142, 230, 330]
[220, 193, 17, 53]
[209, 6, 7]
[264, 67, 68, 204, 132]
[273, 67, 68, 132, 204]
[108, 109]
[200, 11]
[17, 298]
[36, 17, 45]
[193, 17, 82]
[264, 67, 68, 195]
[124, 125]
[134, 74]
[210, 211]
[214, 23, 101]
[305, 306, 109, 250]
[351, 40, 348]
[126, 4, 16]
[17, 82]
[190, 241]
[273, 67, 68, 69]
[220, 193, 166]
[8, 9, 4]
[264, 67, 68, 204, 132, 70]
[80, 224]
[68, 132]
[57, 58]
[126, 4, 54]
[142, 19, 20]
[310, 349]
[71, 72]
[4, 166]
[273, 67, 68]
[302, 303]
[193, 4, 166]
[8, 9, 4, 5]
[25, 26, 275]
[36, 166]
[37, 162]
[312, 4, 54]
[68, 204, 132, 133]
[129, 235]
[177, 45, 7]
[67, 68, 69]
[93, 142, 151, 105, 132]
[222, 45, 7]
[264, 236, 64, 2, 3]
[236, 64, 321]
[312, 4, 5]
[370, 13]
[93, 292]
[151, 105, 132, 69, 291]
[257, 261]
[273, 67, 68, 204, 132, 70]
[264, 236, 64, 2]
[305, 306, 109]
[170, 93, 142, 230, 231]
[170, 93]
[241, 125]
[220, 193, 17, 265, 278]
[193, 60]
[170, 93, 142, 151, 105, 106]
[64, 303]
[89, 276]
[193, 166]
[264, 67, 68, 204, 132, 133]
[36, 17, 356]
[71, 137, 309]
[151, 105, 132, 204]
[170, 93, 142, 151, 105, 132, 69]
[68, 204, 132, 69]
[375, 40, 348]
[37, 38]
[344, 345]
[145, 146]
[220, 193, 4, 5]
[86, 4]
[33, 100]
[310, 311]
[220, 193, 4]
[105, 132, 70]
[177, 85, 53]
[328, 329]
[305, 306, 109, 162]
[36, 4, 16, 166]
[93, 142, 151, 107]
[243, 244]
[220, 193, 17, 265, 266]
[264, 236, 64, 303]
[27, 28]
[182, 183, 232]
[280, 281]
[8, 4, 54]
[139, 140]
[365, 366]
[6, 7]
[173, 81, 80]
[67, 68, 368]
[126, 4]
[220, 193, 17, 45]
[36, 17, 53]
[170, 93, 142, 151, 105, 132, 204, 106]
[233, 203]
[98, 175, 4, 16, 166]
[237, 72]
[273, 67, 68, 132, 69, 291]
[17, 18]
[154, 155]
[142, 151, 105, 132, 69]
[151, 105, 132, 70]
[94, 56]
[68, 132, 204, 106]
[260, 45, 7]
[54, 4, 166]
[170, 93, 142, 151, 324]
[336, 81, 80]
[152, 153]
[67, 68, 69, 70]
[237, 238]
[264, 67, 68, 204, 132, 69, 291]
[86, 198]
[264, 67, 68, 69]
[264, 236, 64, 321]
[376, 53]
[14, 15]
[36, 17, 82]
[264, 67, 68, 204, 106]
[347, 326]
[220, 193]
[67, 68, 204, 106]
[68, 132, 69, 291]
[98, 175, 4, 54]
[222, 85, 53]
[170, 93, 142, 19, 20]
[67, 68, 204, 132, 69, 291]
[254, 255]
[193, 4, 54]
[9, 4, 54]
[170, 93, 107]
[132, 70]
[137, 138]
[170, 93, 142, 151, 107]
[8, 9, 4, 16, 166]
[313, 77]
[208, 11]
[271, 272]
[64, 335]
[182, 135, 136]
[304, 28]
[98, 4, 166]
[105, 132, 204]
[51, 75]
[282, 51, 75]
[135, 136]
[273, 67, 68, 204, 106]
[273, 64]
[21, 176, 30]
[93, 142, 230, 330]
[161, 162]
[104, 7]
[193, 4, 16, 166]
[71, 215]
[49, 12]
[132, 204]
[273, 67, 68, 132, 69, 70]
[67, 68, 204]
[273, 67, 68, 69, 291]
[371, 372]
[44, 45]
[108, 109, 250]
[4, 5]
[68, 132, 133]
[260, 85, 53]
[36, 17, 60]
[264, 236, 64, 335]
[274, 192]
[204, 132]
[236, 64, 335]
[21, 247]
[245, 246]
[81, 80]
[67, 68, 132, 69, 70]
[23, 101]
[81, 80, 224]
[269, 270, 329]
[149, 150]
[336, 81, 80, 224]
[2, 250]
[170, 93, 142, 151, 105]
[175, 4, 166]
[34, 35]
[67, 68, 106]
[351, 40]
[17, 356]
[170, 93, 142, 151]
[36, 4]
[17, 265, 266]
[17, 265, 278]
[314, 179]
[17, 45, 7]
[36, 17, 289]
[86, 4, 16, 166]
[94, 88]
[312, 4, 166]
[216, 40, 348]
[119, 120, 325]
[68, 368]
[186, 187, 373]
[36, 17, 265]
[91, 92]
[170, 93, 142, 151, 105, 132, 69, 70]
[142, 151, 105, 132, 204]
[160, 85]
[93, 142, 217]
