5,6
5,6,164
6,164
16,17
16,19,17
16,18
16,19
16,240
17,16,18
17,19,16,18
17,19
17,16,240
17,19,16,240
18,16,19
18,16,240
19,16,240
21,22
21,22,139
21,22,139,162,161
21,22,139,162
22,139
22,139,162,161
22,139,162
27,28
27,28,262
27,28,400,264,262
27,28,262,263
27,28,400,264,262,263
27,28,262,264
27,28,400,264
27,28,400
27,28,262,264,400,385
27,28,400,385
27,28,262,264,400,172
27,28,400,172
28,262
28,400,264,262
28,262,263
28,400,264,262,263
28,262,264
28,400,264
28,400
28,262,264,400,385
28,400,385
28,262,264,400,172
28,400,172
41,42
41,144,146,217,106,105
41,217,106,105
41,246,106,105
41,144,146,217,106
41,217,106
41,246,106
41,144
41,217,146,144
41,246,106,217,146,144
41,144,145
41,217,146,144,145
41,246,106,217,146,144,145
41,144,146
41,217,146
41,246,106,217,146
41,144,146,217,216
41,217,216
41,246,106,217,216
41,217
41,246,106,217
41,222,220
41,222,220,221
41,222
41,246
41,144,145,247
41,217,146,144,145,247
41,246,106,217,146,144,145,247
41,144,146,217,106,290
41,217,106,290
41,246,106,290
41,144,145,323
41,217,146,144,145,323
41,246,106,217,146,144,145,323
41,144,145,327
41,217,146,144,145,327
41,246,106,217,146,144,145,327
41,144,146,205
41,217,146,205
41,246,106,217,146,205
41,144,376
41,217,146,144,376
41,246,106,217,146,144,376
41,144,376,377
41,217,146,144,376,377
41,246,106,217,146,144,376,377
41,144,376,365
41,217,146,144,376,365
41,246,106,217,146,144,376,365
41,144,376,377,371
41,217,146,144,376,377,371
41,246,106,217,146,144,376,377,371
42,41,144,146,217,106,105
42,41,217,106,105
42,41,246,106,105
42,41,144,146,217,106
42,41,217,106
42,41,246,106
42,41,144
42,41,217,146,144
42,41,246,106,217,146,144
42,41,144,145
42,41,217,146,144,145
42,41,246,106,217,146,144,145
42,41,144,146
42,41,217,146
42,41,246,106,217,146
42,41,144,146,217,216
42,41,217,216
42,41,246,106,217,216
42,41,217
42,41,246,106,217
42,41,222,220
42,41,222,220,221
42,41,222
42,41,246
42,41,144,145,247
42,41,217,146,144,145,247
42,41,246,106,217,146,144,145,247
42,41,144,146,217,106,290
42,41,217,106,290
42,41,246,106,290
42,41,144,145,323
42,41,217,146,144,145,323
42,41,246,106,217,146,144,145,323
42,41,144,145,327
42,41,217,146,144,145,327
42,41,246,106,217,146,144,145,327
42,41,144,146,205
42,41,217,146,205
42,41,246,106,217,146,205
42,41,144,376
42,41,217,146,144,376
42,41,246,106,217,146,144,376
42,41,144,376,377
42,41,217,146,144,376,377
42,41,246,106,217,146,144,376,377
42,41,144,376,365
42,41,217,146,144,376,365
42,41,246,106,217,146,144,376,365
42,41,144,376,377,371
42,41,217,146,144,376,377,371
42,41,246,106,217,146,144,376,377,371
53,54
53,26
53,54,118,117
53,54,118
53,54,118,150
53,54,118,86
54,53,26
54,118,117
54,118
54,118,150
54,118,86
26,53,54,118,117
26,53,54,118
26,53,54,118,150
26,53,54,118,86
57,58
61,62
63,64
66,67
66,68
66,67,188,182,181
66,67,188,182
66,67,183
66,67,187
66,67,188
67,66,68
67,188,182,181
67,188,182
67,183
67,187
67,188
68,66,67,188,182,181
68,66,67,188,182
68,66,67,183
68,66,67,187
68,66,67,188
69,70
69,71
69,70,381,292,291,265,111,110
69,70,381,292,291,110
69,70,381,292,291,265,111
69,70,381,292,291,110,111
69,70,381,292,291,167,166
69,70,381,292,291,293,167,166
69,70,381,292,291,167
69,70,381,292,291,293,167
69,70,381,292,291,245,189,211
69,70,381,292,291,278,189,211
69,70,381,292,291,211
69,70,381,292,291,245,189
69,70,381,292,291,278,189
69,70,381,292,291,211,189
69,70,230
69,70,381,292,291,245,189,242
69,70,381,292,291,278,189,242
69,70,381,292,291,211,189,242
69,70,381,292,291,245,189,242,243
69,70,381,292,291,278,189,242,243
69,70,381,292,291,211,189,242,243
69,70,381,292,291,245
69,70,381,292,291,278,189,245
69,70,381,292,291,265
69,70,381,292,291,275
69,70,381,292,291,275,55
69,70,381,292,291,278
69,70,381,292,291
69,70,381,292,291,206
69,70,381,292
69,70,381,292,291,293
69,70,381,292,291,294
69,70,381,292,291,259
69,70,381,292,291,149
69,70,381,292,291,294,322
69,70,381,292,291,294,322,361
69,70,381,292,291,294,322,361,30
69,70,381
69,70,381,331
69,70,381,292,291,245,398
69,70,381,292,291,278,189,245,398
69,70,381,292,291,211,189,245,398
69,70,381,292,291,245,398,326
69,70,381,292,291,278,189,245,398,326
69,70,381,292,291,211,189,245,398,326
70,69,71
70,381,292,291,265,111,110
70,381,292,291,110
70,381,292,291,265,111
70,381,292,291,110,111
70,381,292,291,167,166
70,381,292,291,293,167,166
70,381,292,291,167
70,381,292,291,293,167
70,381,292,291,245,189,211
70,381,292,291,278,189,211
70,381,292,291,211
70,381,292,291,245,189
70,381,292,291,278,189
70,381,292,291,211,189
70,230
70,381,292,291,245,189,242
70,381,292,291,278,189,242
70,381,292,291,211,189,242
70,381,292,291,245,189,242,243
70,381,292,291,278,189,242,243
70,381,292,291,211,189,242,243
70,381,292,291,245
70,381,292,291,278,189,245
70,381,292,291,265
70,381,292,291,275
70,381,292,291,275,55
70,381,292,291,278
70,381,292,291
70,381,292,291,206
70,381,292
70,381,292,291,293
70,381,292,291,294
70,381,292,291,259
70,381,292,291,149
70,381,292,291,294,322
70,381,292,291,294,322,361
70,381,292,291,294,322,361,30
70,381
70,381,331
70,381,292,291,245,398
70,381,292,291,278,189,245,398
70,381,292,291,211,189,245,398
70,381,292,291,245,398,326
70,381,292,291,278,189,245,398,326
70,381,292,291,211,189,245,398,326
71,69,70,381,292,291,265,111,110
71,69,70,381,292,291,110
71,69,70,381,292,291,265,111
71,69,70,381,292,291,110,111
71,69,70,381,292,291,167,166
71,69,70,381,292,291,293,167,166
71,69,70,381,292,291,167
71,69,70,381,292,291,293,167
71,69,70,381,292,291,245,189,211
71,69,70,381,292,291,278,189,211
71,69,70,381,292,291,211
71,69,70,381,292,291,245,189
71,69,70,381,292,291,278,189
71,69,70,381,292,291,211,189
71,69,70,230
71,69,70,381,292,291,245,189,242
71,69,70,381,292,291,278,189,242
71,69,70,381,292,291,211,189,242
71,69,70,381,292,291,245,189,242,243
71,69,70,381,292,291,278,189,242,243
71,69,70,381,292,291,211,189,242,243
71,69,70,381,292,291,245
71,69,70,381,292,291,278,189,245
71,69,70,381,292,291,265
71,69,70,381,292,291,275
71,69,70,381,292,291,275,55
71,69,70,381,292,291,278
71,69,70,381,292,291
71,69,70,381,292,291,206
71,69,70,381,292
71,69,70,381,292,291,293
71,69,70,381,292,291,294
71,69,70,381,292,291,259
71,69,70,381,292,291,149
71,69,70,381,292,291,294,322
71,69,70,381,292,291,294,322,361
71,69,70,381,292,291,294,322,361,30
71,69,70,381
71,69,70,381,331
71,69,70,381,292,291,245,398
71,69,70,381,292,291,278,189,245,398
71,69,70,381,292,291,211,189,245,398
71,69,70,381,292,291,245,398,326
71,69,70,381,292,291,278,189,245,398,326
71,69,70,381,292,291,211,189,245,398,326
72,73
72,73,257
73,257
79,80
79,80,253
79,80,270
79,80,380
80,253
80,270
80,380
84,44
84,44,328
44,328
89,90
97,98
97,99,267,98
97,99,358,98
97,99
97,100
97,100,101
97,98,267
97,98,358,99,267
97,99,267
97,98,267,288
97,98,358,99,267,288
97,99,267,288
97,98,267,99,358,357
97,98,358,357
97,99,358,357
97,98,358
97,99,358
98,97,99
98,267,99
98,358,99
98,97,100
98,267,99,97,100
98,358,99,97,100
98,97,100,101
98,267,99,97,100,101
98,358,99,97,100,101
98,267
98,358,99,267
98,97,99,267,288
98,267,288
98,358,99,267,288
98,97,99,358,357
98,267,99,358,357
98,358,357
98,358
99,97,100
99,97,100,101
99,267
99,267,288
99,358,357
99,358
100,101
100,97,98,267
100,97,98,358,99,267
100,97,99,267
100,97,98,267,288
100,97,98,358,99,267,288
100,97,99,267,288
100,97,98,267,99,358,357
100,97,98,358,357
100,97,99,358,357
100,97,98,358
100,97,99,358
101,100,97,98,267
101,100,97,98,358,99,267
101,100,97,99,267
101,100,97,98,267,288
101,100,97,98,358,99,267,288
101,100,97,99,267,288
101,100,97,98,267,99,358,357
101,100,97,98,358,357
101,100,97,99,358,357
101,100,97,98,358
101,100,97,99,358
105,106
105,106,246,41,144
105,106,246,41,217,146,144
105,106,217,146,144
105,106,217,41,144
105,106,246,41,144,145
105,106,246,41,217,146,144,145
105,106,217,146,144,145
105,106,217,41,144,145
105,106,246,41,144,146
105,106,246,41,217,146
105,106,217,146
105,106,246,41,144,146,217,216
105,106,246,41,217,216
105,106,217,216
105,106,246,41,217
105,106,217
105,106,246,41,222,220
105,106,217,146,144,41,222,220
105,106,217,41,222,220
105,106,246,41,222,220,221
105,106,217,146,144,41,222,220,221
105,106,217,41,222,220,221
105,106,246,41,222
105,106,217,146,144,41,222
105,106,217,41,222
105,106,246
105,106,246,41,144,145,247
105,106,246,41,217,146,144,145,247
105,106,217,146,144,145,247
105,106,217,41,144,145,247
105,106,290
105,106,246,41,144,145,323
105,106,246,41,217,146,144,145,323
105,106,217,146,144,145,323
105,106,217,41,144,145,323
105,106,246,41,144,145,327
105,106,246,41,217,146,144,145,327
105,106,217,146,144,145,327
105,106,217,41,144,145,327
105,106,246,41,144,146,205
105,106,246,41,217,146,205
105,106,217,146,205
105,106,217,41,144,146,205
105,106,246,41,144,376
105,106,246,41,217,146,144,376
105,106,217,146,144,376
105,106,217,41,144,376
105,106,246,41,144,376,377
105,106,246,41,217,146,144,376,377
105,106,217,146,144,376,377
105,106,217,41,144,376,377
105,106,246,41,144,376,365
105,106,246,41,217,146,144,376,365
105,106,217,146,144,376,365
105,106,217,41,144,376,365
105,106,246,41,144,376,377,371
105,106,246,41,217,146,144,376,377,371
105,106,217,146,144,376,377,371
105,106,217,41,144,376,377,371
106,246,41,144
106,217,146,144
106,217,41,144
106,246,41,144,145
106,217,146,144,145
106,217,41,144,145
106,246,41,144,146
106,217,146
106,246,41,144,146,217,216
106,217,216
106,217
106,246,41,222,220
106,217,146,144,41,222,220
106,217,41,222,220
106,246,41,222,220,221
106,217,146,144,41,222,220,221
106,217,41,222,220,221
106,246,41,222
106,217,146,144,41,222
106,217,41,222
106,246
106,246,41,144,145,247
106,217,146,144,145,247
106,217,41,144,145,247
106,290
106,246,41,144,145,323
106,217,146,144,145,323
106,217,41,144,145,323
106,246,41,144,145,327
106,217,146,144,145,327
106,217,41,144,145,327
106,246,41,144,146,205
106,217,146,205
106,217,41,144,146,205
106,246,41,144,376
106,217,146,144,376
106,217,41,144,376
106,246,41,144,376,377
106,217,146,144,376,377
106,217,41,144,376,377
106,246,41,144,376,365
106,217,146,144,376,365
106,217,41,144,376,365
106,246,41,144,376,377,371
106,217,146,144,376,377,371
106,217,41,144,376,377,371
110,111
110,291,265,111
110,111,265,291,167,166
110,111,265,291,293,167,166
110,291,167,166
110,291,293,167,166
110,111,265,291,167
110,111,265,291,293,167
110,291,167
110,291,293,167
110,111,265,291,245,189,211
110,111,265,291,278,189,211
110,111,265,291,211
110,291,245,189,211
110,291,278,189,211
110,291,211
110,111,265,291,245,189
110,111,265,291,278,189
110,111,265,291,211,189
110,291,245,189
110,291,278,189
110,291,211,189
110,111,265,291,292,381,70,230
110,291,292,381,70,230
110,111,265,291,245,189,242
110,111,265,291,278,189,242
110,111,265,291,211,189,242
110,291,245,189,242
110,291,278,189,242
110,291,211,189,242
110,111,265,291,245,189,242,243
110,111,265,291,278,189,242,243
110,111,265,291,211,189,242,243
110,291,245,189,242,243
110,291,278,189,242,243
110,291,211,189,242,243
110,111,265,291,245
110,111,265,291,278,189,245
110,291,245
110,291,278,189,245
110,111,265
110,291,265
110,111,265,291,275
110,291,275
110,111,265,291,275,55
110,291,275,55
110,111,265,291,278
110,291,278
110,291
110,111,265,291,206
110,291,206
110,111,265,291,292
110,291,292
110,111,265,291,293
110,291,293
110,111,265,291,294
110,291,294
110,111,265,291,259
110,291,259
110,111,265,291,149
110,291,149
110,111,265,291,294,322
110,291,294,322
110,111,265,291,294,322,361
110,291,294,322,361
110,111,265,291,294,322,361,30
110,291,294,322,361,30
110,111,265,291,292,381
110,291,292,381
110,111,265,291,292,381,331
110,291,292,381,331
110,111,265,291,245,398
110,111,265,291,278,189,245,398
110,111,265,291,211,189,245,398
110,291,245,398
110,291,278,189,245,398
110,291,211,189,245,398
110,111,265,291,245,398,326
110,111,265,291,278,189,245,398,326
110,111,265,291,211,189,245,398,326
110,291,245,398,326
110,291,278,189,245,398,326
110,291,211,189,245,398,326
111,110,291,167,166
111,110,291,293,167,166
111,265,291,167,166
111,265,291,293,167,166
111,110,291,167
111,110,291,293,167
111,265,291,167
111,265,291,293,167
111,110,291,245,189,211
111,110,291,278,189,211
111,110,291,211
111,265,291,245,189,211
111,265,291,278,189,211
111,265,291,211
111,110,291,245,189
111,110,291,278,189
111,110,291,211,189
111,265,291,245,189
111,265,291,278,189
111,265,291,211,189
111,110,291,292,381,70,230
111,265,291,292,381,70,230
111,110,291,245,189,242
111,110,291,278,189,242
111,110,291,211,189,242
111,265,291,245,189,242
111,265,291,278,189,242
111,265,291,211,189,242
111,110,291,245,189,242,243
111,110,291,278,189,242,243
111,110,291,211,189,242,243
111,265,291,245,189,242,243
111,265,291,278,189,242,243
111,265,291,211,189,242,243
111,110,291,245
111,110,291,278,189,245
111,265,291,245
111,265,291,278,189,245
111,265
111,110,291,275
111,265,291,275
111,110,291,275,55
111,265,291,275,55
111,110,291,278
111,265,291,278
111,110,291
111,265,291
111,110,291,206
111,265,291,206
111,110,291,292
111,265,291,292
111,110,291,293
111,265,291,293
111,110,291,294
111,265,291,294
111,110,291,259
111,265,291,259
111,110,291,149
111,265,291,149
111,110,291,294,322
111,265,291,294,322
111,110,291,294,322,361
111,265,291,294,322,361
111,110,291,294,322,361,30
111,265,291,294,322,361,30
111,110,291,292,381
111,265,291,292,381
111,110,291,292,381,331
111,265,291,292,381,331
111,110,291,245,398
111,110,291,278,189,245,398
111,110,291,211,189,245,398
111,265,291,245,398
111,265,291,278,189,245,398
111,265,291,211,189,245,398
111,110,291,245,398,326
111,110,291,278,189,245,398,326
111,110,291,211,189,245,398,326
111,265,291,245,398,326
111,265,291,278,189,245,398,326
111,265,291,211,189,245,398,326
117,118
117,118,150
117,118,86
118,150
118,86
122,123
127,38
127,128
127,129,152,153,128
127,129
127,128,153,152
127,129,152
127,128,153
127,129,152,153
127,38,177
127,128,153,152,129,266
127,129,266
127,38,280
38,127,128
38,127,129,152,153,128
38,127,129
38,127,128,153,152
38,127,129,152
38,127,128,153
38,127,129,152,153
38,177
38,127,128,153,152,129,266
38,127,129,266
38,280
128,127,129
128,153,152,129
128,127,129,152
128,153,152
128,153
128,127,38,177
128,153,152,129,127,38,177
128,127,129,266
128,153,152,129,266
128,127,38,280
128,153,152,129,127,38,280
129,152
129,127,128,153
129,152,153
129,127,38,177
129,266
129,127,38,280
130,131
130,131,23
130,131,23,249
131,23
131,23,249
139,162,161
139,162
144,145
144,146
144,41,217,216
144,41,246,106,217,216
144,146,217,216
144,41,217
144,41,246,106,217
144,146,217
144,41,222,220
144,146,217,41,222,220
144,146,217,106,246,41,222,220
144,41,222,220,221
144,146,217,41,222,220,221
144,146,217,106,246,41,222,220,221
144,41,222
144,146,217,41,222
144,146,217,106,246,41,222
144,41,246
144,146,217,41,246
144,146,217,106,246
144,145,247
144,41,217,106,290
144,41,246,106,290
144,146,217,41,246,106,290
144,146,217,106,290
144,145,323
144,145,327
144,41,217,146,205
144,41,246,106,217,146,205
144,146,205
144,376
144,376,377
144,376,365
144,376,377,371
145,144,146
145,144,41,217,216
145,144,41,246,106,217,216
145,144,146,217,216
145,144,41,217
145,144,41,246,106,217
145,144,146,217
145,144,41,222,220
145,144,146,217,41,222,220
145,144,146,217,106,246,41,222,220
145,144,41,222,220,221
145,144,146,217,41,222,220,221
145,144,146,217,106,246,41,222,220,221
145,144,41,222
145,144,146,217,41,222
145,144,146,217,106,246,41,222
145,144,41,246
145,144,146,217,41,246
145,144,146,217,106,246
145,247
145,144,41,217,106,290
145,144,41,246,106,290
145,144,146,217,41,246,106,290
145,144,146,217,106,290
145,323
145,327
145,144,41,217,146,205
145,144,41,246,106,217,146,205
145,144,146,205
145,144,376
145,144,376,377
145,144,376,365
145,144,376,377,371
146,217,216
146,217
146,144,41,222,220
146,217,41,222,220
146,217,106,246,41,222,220
146,144,41,222,220,221
146,217,41,222,220,221
146,217,106,246,41,222,220,221
146,144,41,222
146,217,41,222
146,217,106,246,41,222
146,144,41,246
146,217,41,246
146,217,106,246
146,144,145,247
146,144,41,246,106,290
146,217,41,246,106,290
146,217,106,290
146,144,145,323
146,144,145,327
146,205
146,144,376
146,144,376,377
146,144,376,365
146,144,376,377,371
150,118,86
152,153
152,153,128,127,38,177
152,129,127,38,177
152,129,266
152,153,128,127,38,280
152,129,127,38,280
153,152,129,127,38,177
153,128,127,38,177
153,152,129,266
153,128,127,129,266
153,152,129,127,38,280
153,128,127,38,280
154,155
161,162
166,167
166,167,291,245,189,211
166,167,291,278,189,211
166,167,291,211
166,167,293,291,245,189,211
166,167,293,291,278,189,211
166,167,293,291,211
166,167,291,245,189
166,167,291,278,189
166,167,291,211,189
166,167,293,291,245,189
166,167,293,291,278,189
166,167,293,291,211,189
166,167,291,292,381,70,230
166,167,293,291,292,381,70,230
166,167,291,245,189,242
166,167,291,278,189,242
166,167,291,211,189,242
166,167,293,291,245,189,242
166,167,293,291,278,189,242
166,167,293,291,211,189,242
166,167,291,245,189,242,243
166,167,291,278,189,242,243
166,167,291,211,189,242,243
166,167,293,291,245,189,242,243
166,167,293,291,278,189,242,243
166,167,293,291,211,189,242,243
166,167,291,245
166,167,291,278,189,245
166,167,293,291,245
166,167,293,291,278,189,245
166,167,291,265
166,167,293,291,265
166,167,291,275
166,167,293,291,275
166,167,291,275,55
166,167,293,291,275,55
166,167,291,278
166,167,293,291,278
166,167,291
166,167,293,291
166,167,291,206
166,167,293,291,206
166,167,291,292
166,167,293,291,292
166,167,293
166,167,291,294
166,167,293,291,294
166,167,291,259
166,167,293,291,259
166,167,291,149
166,167,293,291,149
166,167,291,294,322
166,167,293,291,294,322
166,167,291,294,322,361
166,167,293,291,294,322,361
166,167,291,294,322,361,30
166,167,293,291,294,322,361,30
166,167,291,292,381
166,167,293,291,292,381
166,167,291,292,381,331
166,167,293,291,292,381,331
166,167,291,245,398
166,167,291,278,189,245,398
166,167,291,211,189,245,398
166,167,293,291,245,398
166,167,293,291,278,189,245,398
166,167,293,291,211,189,245,398
166,167,291,245,398,326
166,167,291,278,189,245,398,326
166,167,291,211,189,245,398,326
166,167,293,291,245,398,326
166,167,293,291,278,189,245,398,326
166,167,293,291,211,189,245,398,326
167,291,245,189,211
167,291,278,189,211
167,291,211
167,293,291,245,189,211
167,293,291,278,189,211
167,293,291,211
167,291,245,189
167,291,278,189
167,291,211,189
167,293,291,245,189
167,293,291,278,189
167,293,291,211,189
167,291,292,381,70,230
167,293,291,292,381,70,230
167,291,245,189,242
167,291,278,189,242
167,291,211,189,242
167,293,291,245,189,242
167,293,291,278,189,242
167,293,291,211,189,242
167,291,245,189,242,243
167,291,278,189,242,243
167,291,211,189,242,243
167,293,291,245,189,242,243
167,293,291,278,189,242,243
167,293,291,211,189,242,243
167,291,245
167,291,278,189,245
167,293,291,245
167,293,291,278,189,245
167,291,265
167,293,291,265
167,291,275
167,293,291,275
167,291,275,55
167,293,291,275,55
167,291,278
167,293,291,278
167,291
167,293,291
167,291,206
167,293,291,206
167,291,292
167,293,291,292
167,293
167,291,294
167,293,291,294
167,291,259
167,293,291,259
167,291,149
167,293,291,149
167,291,294,322
167,293,291,294,322
167,291,294,322,361
167,293,291,294,322,361
167,291,294,322,361,30
167,293,291,294,322,361,30
167,291,292,381
167,293,291,292,381
167,291,292,381,331
167,293,291,292,381,331
167,291,245,398
167,291,278,189,245,398
167,291,211,189,245,398
167,293,291,245,398
167,293,291,278,189,245,398
167,293,291,211,189,245,398
167,291,245,398,326
167,291,278,189,245,398,326
167,291,211,189,245,398,326
167,293,291,245,398,326
167,293,291,278,189,245,398,326
167,293,291,211,189,245,398,326
168,169
175,176
175,176,184
175,176,317
176,184
176,317
177,38,127,128,153,152,129,266
177,38,127,129,266
177,38,280
181,182
181,182,188,67,183
181,182,188,67,187
181,182,188
182,188,67,183
182,188,67,187
182,188
183,67,187
183,67,188
184,176,317
187,67,188
203,204
208,209
208,210
208,277
208,277,108
208,277,250
208,277,34
208,309
208,309,141
209,208,210
209,208,277
209,208,277,108
209,208,277,250
209,208,277,34
209,208,309
209,208,309,141
210,208,277
210,208,277,108
210,208,277,250
210,208,277,34
210,208,309
210,208,309,141
211,189
211,291,245,189
211,291,278,189
211,189,245,291,292,381,70,230
211,189,278,291,292,381,70,230
211,291,292,381,70,230
211,189,242
211,291,245,189,242
211,291,278,189,242
211,189,242,243
211,291,245,189,242,243
211,291,278,189,242,243
211,189,245
211,189,278,291,245
211,291,245
211,189,245,291,265
211,189,278,291,265
211,291,265
211,189,245,291,275
211,189,278,291,275
211,291,275
211,189,245,291,275,55
211,189,278,291,275,55
211,291,275,55
211,189,278
211,291,278
211,291
211,189,245,291,206
211,189,278,291,206
211,291,206
211,189,245,291,292
211,189,278,291,292
211,291,292
211,189,245,291,293
211,189,278,291,293
211,291,293
211,189,245,291,294
211,189,278,291,294
211,291,294
211,189,245,291,259
211,189,278,291,259
211,291,259
211,189,245,291,149
211,189,278,291,149
211,291,149
211,189,245,291,294,322
211,189,278,291,294,322
211,291,294,322
211,189,245,291,294,322,361
211,189,278,291,294,322,361
211,291,294,322,361
211,189,245,291,294,322,361,30
211,189,278,291,294,322,361,30
211,291,294,322,361,30
211,189,245,291,292,381
211,189,278,291,292,381
211,291,292,381
211,189,245,291,292,381,331
211,189,278,291,292,381,331
211,291,292,381,331
211,189,245,398
211,189,278,291,245,398
211,291,245,398
211,189,245,398,326
211,189,278,291,245,398,326
211,291,245,398,326
189,211,291,292,381,70,230
189,245,291,292,381,70,230
189,278,291,292,381,70,230
189,242
189,242,243
189,245
189,278,291,245
189,211,291,265
189,245,291,265
189,278,291,265
189,211,291,275
189,245,291,275
189,278,291,275
189,211,291,275,55
189,245,291,275,55
189,278,291,275,55
189,278
189,211,291
189,245,291
189,278,291
189,211,291,206
189,245,291,206
189,278,291,206
189,211,291,292
189,245,291,292
189,278,291,292
189,211,291,293
189,245,291,293
189,278,291,293
189,211,291,294
189,245,291,294
189,278,291,294
189,211,291,259
189,245,291,259
189,278,291,259
189,211,291,149
189,245,291,149
189,278,291,149
189,211,291,294,322
189,245,291,294,322
189,278,291,294,322
189,211,291,294,322,361
189,245,291,294,322,361
189,278,291,294,322,361
189,211,291,294,322,361,30
189,245,291,294,322,361,30
189,278,291,294,322,361,30
189,211,291,292,381
189,245,291,292,381
189,278,291,292,381
189,211,291,292,381,331
189,245,291,292,381,331
189,278,291,292,381,331
189,211,291,245,398
189,245,398
189,278,291,245,398
189,211,291,245,398,326
189,245,398,326
189,278,291,245,398,326
216,217
216,217,146,144,41,222,220
216,217,41,222,220
216,217,106,246,41,222,220
216,217,146,144,41,222,220,221
216,217,41,222,220,221
216,217,106,246,41,222,220,221
216,217,146,144,41,222
216,217,41,222
216,217,106,246,41,222
216,217,146,144,41,246
216,217,41,246
216,217,106,246
216,217,146,144,145,247
216,217,41,144,145,247
216,217,106,246,41,144,145,247
216,217,146,144,41,246,106,290
216,217,41,246,106,290
216,217,106,290
216,217,146,144,145,323
216,217,41,144,145,323
216,217,106,246,41,144,145,323
216,217,146,144,145,327
216,217,41,144,145,327
216,217,106,246,41,144,145,327
216,217,146,205
216,217,41,144,146,205
216,217,106,246,41,144,146,205
216,217,146,144,376
216,217,41,144,376
216,217,106,246,41,144,376
216,217,146,144,376,377
216,217,41,144,376,377
216,217,106,246,41,144,376,377
216,217,146,144,376,365
216,217,41,144,376,365
216,217,106,246,41,144,376,365
216,217,146,144,376,377,371
216,217,41,144,376,377,371
216,217,106,246,41,144,376,377,371
217,41,222,220
217,106,246,41,222,220
217,41,222,220,221
217,106,246,41,222,220,221
217,41,222
217,106,246,41,222
217,41,246
217,106,246
217,146,144,145,247
217,41,144,145,247
217,106,246,41,144,145,247
217,41,246,106,290
217,106,290
217,146,144,145,323
217,41,144,145,323
217,106,246,41,144,145,323
217,146,144,145,327
217,41,144,145,327
217,106,246,41,144,145,327
217,146,205
217,146,144,376
217,41,144,376
217,106,246,41,144,376
217,146,144,376,377
217,41,144,376,377
217,106,246,41,144,376,377
217,146,144,376,365
217,41,144,376,365
217,106,246,41,144,376,365
217,146,144,376,377,371
217,41,144,376,377,371
217,106,246,41,144,376,377,371
220,221
220,222
220,222,41,246
220,222,41,144,145,247
220,222,41,217,146,144,145,247
220,222,41,246,106,217,146,144,145,247
220,222,41,144,146,217,106,290
220,222,41,217,106,290
220,222,41,246,106,290
220,222,41,144,145,323
220,222,41,217,146,144,145,323
220,222,41,246,106,217,146,144,145,323
220,222,41,144,145,327
220,222,41,217,146,144,145,327
220,222,41,246,106,217,146,144,145,327
220,222,41,144,146,205
220,222,41,217,146,205
220,222,41,246,106,217,146,205
220,222,41,144,376
220,222,41,217,146,144,376
220,222,41,246,106,217,146,144,376
220,222,41,144,376,377
220,222,41,217,146,144,376,377
220,222,41,246,106,217,146,144,376,377
220,222,41,144,376,365
220,222,41,217,146,144,376,365
220,222,41,246,106,217,146,144,376,365
220,222,41,144,376,377,371
220,222,41,217,146,144,376,377,371
220,222,41,246,106,217,146,144,376,377,371
221,220,222
221,220,222,41,246
221,220,222,41,144,145,247
221,220,222,41,217,146,144,145,247
221,220,222,41,246,106,217,146,144,145,247
221,220,222,41,144,146,217,106,290
221,220,222,41,217,106,290
221,220,222,41,246,106,290
221,220,222,41,144,145,323
221,220,222,41,217,146,144,145,323
221,220,222,41,246,106,217,146,144,145,323
221,220,222,41,144,145,327
221,220,222,41,217,146,144,145,327
221,220,222,41,246,106,217,146,144,145,327
221,220,222,41,144,146,205
221,220,222,41,217,146,205
221,220,222,41,246,106,217,146,205
221,220,222,41,144,376
221,220,222,41,217,146,144,376
221,220,222,41,246,106,217,146,144,376
221,220,222,41,144,376,377
221,220,222,41,217,146,144,376,377
221,220,222,41,246,106,217,146,144,376,377
221,220,222,41,144,376,365
221,220,222,41,217,146,144,376,365
221,220,222,41,246,106,217,146,144,376,365
221,220,222,41,144,376,377,371
221,220,222,41,217,146,144,376,377,371
221,220,222,41,246,106,217,146,144,376,377,371
222,41,246
222,41,144,145,247
222,41,217,146,144,145,247
222,41,246,106,217,146,144,145,247
222,41,144,146,217,106,290
222,41,217,106,290
222,41,246,106,290
222,41,144,145,323
222,41,217,146,144,145,323
222,41,246,106,217,146,144,145,323
222,41,144,145,327
222,41,217,146,144,145,327
222,41,246,106,217,146,144,145,327
222,41,144,146,205
222,41,217,146,205
222,41,246,106,217,146,205
222,41,144,376
222,41,217,146,144,376
222,41,246,106,217,146,144,376
222,41,144,376,377
222,41,217,146,144,376,377
222,41,246,106,217,146,144,376,377
222,41,144,376,365
222,41,217,146,144,376,365
222,41,246,106,217,146,144,376,365
222,41,144,376,377,371
222,41,217,146,144,376,377,371
222,41,246,106,217,146,144,376,377,371
23,249
230,70,381,292,291,245,189,242
230,70,381,292,291,278,189,242
230,70,381,292,291,211,189,242
230,70,381,292,291,245,189,242,243
230,70,381,292,291,278,189,242,243
230,70,381,292,291,211,189,242,243
230,70,381,292,291,245
230,70,381,292,291,278,189,245
230,70,381,292,291,265
230,70,381,292,291,275
230,70,381,292,291,275,55
230,70,381,292,291,278
230,70,381,292,291
230,70,381,292,291,206
230,70,381,292
230,70,381,292,291,293
230,70,381,292,291,294
230,70,381,292,291,259
230,70,381,292,291,149
230,70,381,292,291,294,322
230,70,381,292,291,294,322,361
230,70,381,292,291,294,322,361,30
230,70,381
230,70,381,331
230,70,381,292,291,245,398
230,70,381,292,291,278,189,245,398
230,70,381,292,291,211,189,245,398
230,70,381,292,291,245,398,326
230,70,381,292,291,278,189,245,398,326
230,70,381,292,291,211,189,245,398,326
234,235
234,236
234,235,95
234,235,311
235,234,236
235,95
235,311
236,234,235,95
236,234,235,311
242,243
242,189,245
242,189,278,291,245
242,189,211,291,265
242,189,245,291,265
242,189,278,291,265
242,189,211,291,275
242,189,245,291,275
242,189,278,291,275
242,189,211,291,275,55
242,189,245,291,275,55
242,189,278,291,275,55
242,189,278
242,189,211,291
242,189,245,291
242,189,278,291
242,189,211,291,206
242,189,245,291,206
242,189,278,291,206
242,189,211,291,292
242,189,245,291,292
242,189,278,291,292
242,189,211,291,293
242,189,245,291,293
242,189,278,291,293
242,189,211,291,294
242,189,245,291,294
242,189,278,291,294
242,189,211,291,259
242,189,245,291,259
242,189,278,291,259
242,189,211,291,149
242,189,245,291,149
242,189,278,291,149
242,189,211,291,294,322
242,189,245,291,294,322
242,189,278,291,294,322
242,189,211,291,294,322,361
242,189,245,291,294,322,361
242,189,278,291,294,322,361
242,189,211,291,294,322,361,30
242,189,245,291,294,322,361,30
242,189,278,291,294,322,361,30
242,189,211,291,292,381
242,189,245,291,292,381
242,189,278,291,292,381
242,189,211,291,292,381,331
242,189,245,291,292,381,331
242,189,278,291,292,381,331
242,189,211,291,245,398
242,189,245,398
242,189,278,291,245,398
242,189,211,291,245,398,326
242,189,245,398,326
242,189,278,291,245,398,326
243,242,189,245
243,242,189,278,291,245
243,242,189,211,291,265
243,242,189,245,291,265
243,242,189,278,291,265
243,242,189,211,291,275
243,242,189,245,291,275
243,242,189,278,291,275
243,242,189,211,291,275,55
243,242,189,245,291,275,55
243,242,189,278,291,275,55
243,242,189,278
243,242,189,211,291
243,242,189,245,291
243,242,189,278,291
243,242,189,211,291,206
243,242,189,245,291,206
243,242,189,278,291,206
243,242,189,211,291,292
243,242,189,245,291,292
243,242,189,278,291,292
243,242,189,211,291,293
243,242,189,245,291,293
243,242,189,278,291,293
243,242,189,211,291,294
243,242,189,245,291,294
243,242,189,278,291,294
243,242,189,211,291,259
243,242,189,245,291,259
243,242,189,278,291,259
243,242,189,211,291,149
243,242,189,245,291,149
243,242,189,278,291,149
243,242,189,211,291,294,322
243,242,189,245,291,294,322
243,242,189,278,291,294,322
243,242,189,211,291,294,322,361
243,242,189,245,291,294,322,361
243,242,189,278,291,294,322,361
243,242,189,211,291,294,322,361,30
243,242,189,245,291,294,322,361,30
243,242,189,278,291,294,322,361,30
243,242,189,211,291,292,381
243,242,189,245,291,292,381
243,242,189,278,291,292,381
243,242,189,211,291,292,381,331
243,242,189,245,291,292,381,331
243,242,189,278,291,292,381,331
243,242,189,211,291,245,398
243,242,189,245,398
243,242,189,278,291,245,398
243,242,189,211,291,245,398,326
243,242,189,245,398,326
243,242,189,278,291,245,398,326
245,189,278,291,265
245,291,265
245,189,278,291,275
245,291,275
245,189,278,291,275,55
245,291,275,55
245,189,278
245,291,278
245,291
245,189,278,291,206
245,291,206
245,189,278,291,292
245,291,292
245,189,278,291,293
245,291,293
245,189,278,291,294
245,291,294
245,189,278,291,259
245,291,259
245,189,278,291,149
245,291,149
245,189,278,291,294,322
245,291,294,322
245,189,278,291,294,322,361
245,291,294,322,361
245,189,278,291,294,322,361,30
245,291,294,322,361,30
245,189,278,291,292,381
245,291,292,381
245,189,278,291,292,381,331
245,291,292,381,331
245,398
245,398,326
246,106,217,146,144,145,247
246,41,144,145,247
246,41,217,146,144,145,247
246,106,290
246,106,217,146,144,145,323
246,41,144,145,323
246,41,217,146,144,145,323
246,106,217,146,144,145,327
246,41,144,145,327
246,41,217,146,144,145,327
246,106,217,146,205
246,41,144,146,205
246,41,217,146,205
246,106,217,146,144,376
246,41,144,376
246,41,217,146,144,376
246,106,217,146,144,376,377
246,41,144,376,377
246,41,217,146,144,376,377
246,106,217,146,144,376,365
246,41,144,376,365
246,41,217,146,144,376,365
246,106,217,146,144,376,377,371
246,41,144,376,377,371
246,41,217,146,144,376,377,371
247,145,144,41,217,106,290
247,145,144,41,246,106,290
247,145,144,146,217,41,246,106,290
247,145,144,146,217,106,290
247,145,323
247,145,327
247,145,144,41,217,146,205
247,145,144,41,246,106,217,146,205
247,145,144,146,205
247,145,144,376
247,145,144,376,377
247,145,144,376,365
247,145,144,376,377,371
251,252
251,252,237
251,394
252,237
252,251,394
253,80,270
253,80,380
262,263
262,264
262,28,400
262,264,400
262,28,400,385
262,264,400,385
262,28,400,172
262,264,400,172
263,262,264
263,262,28,400
263,262,264,400
263,262,28,400,385
263,262,264,400,385
263,262,28,400,172
263,262,264,400,172
264,400
264,400,385
264,400,172
265,291,275
265,291,275,55
265,291,278
265,291
265,291,206
265,291,292
265,291,293
265,291,294
265,291,259
265,291,149
265,291,294,322
265,291,294,322,361
265,291,294,322,361,30
265,291,292,381
265,291,292,381,331
265,291,245,398
265,291,278,189,245,398
265,291,211,189,245,398
265,291,245,398,326
265,291,278,189,245,398,326
265,291,211,189,245,398,326
266,129,127,38,280
266,129,152,153,128,127,38,280
267,288
267,98,358,357
267,99,358,357
267,98,358
267,99,358
275,55
275,291,278
275,291
275,291,206
275,291,292
275,291,293
275,291,294
275,291,259
275,291,149
275,291,294,322
275,291,294,322,361
275,291,294,322,361,30
275,291,292,381
275,291,292,381,331
275,291,245,398
275,291,278,189,245,398
275,291,211,189,245,398
275,291,245,398,326
275,291,278,189,245,398,326
275,291,211,189,245,398,326
55,275,291,278
55,275,291
55,275,291,206
55,275,291,292
55,275,291,293
55,275,291,294
55,275,291,259
55,275,291,149
55,275,291,294,322
55,275,291,294,322,361
55,275,291,294,322,361,30
55,275,291,292,381
55,275,291,292,381,331
55,275,291,245,398
55,275,291,278,189,245,398
55,275,291,211,189,245,398
55,275,291,245,398,326
55,275,291,278,189,245,398,326
55,275,291,211,189,245,398,326
277,108
277,250
277,34
277,208,309
277,208,309,141
108,277,250
108,277,34
108,277,208,309
108,277,208,309,141
250,277,34
250,277,208,309
250,277,208,309,141
34,277,208,309
34,277,208,309,141
278,291
278,291,206
278,291,292
278,291,293
278,291,294
278,291,259
278,291,149
278,291,294,322
278,291,294,322,361
278,291,294,322,361,30
278,291,292,381
278,291,292,381,331
278,189,245,398
278,291,245,398
278,189,245,398,326
278,291,245,398,326
288,267,98,97,99,358,357
288,267,98,358,357
288,267,99,358,357
288,267,98,358
288,267,99,358
289,191
289,339
289,339,13
191,289,339
191,289,339,13
290,106,246,41,144,145,323
290,106,246,41,217,146,144,145,323
290,106,217,146,144,145,323
290,106,217,41,144,145,323
290,106,246,41,144,145,327
290,106,246,41,217,146,144,145,327
290,106,217,146,144,145,327
290,106,217,41,144,145,327
290,106,246,41,144,146,205
290,106,246,41,217,146,205
290,106,217,146,205
290,106,217,41,144,146,205
290,106,246,41,144,376
290,106,246,41,217,146,144,376
290,106,217,146,144,376
290,106,217,41,144,376
290,106,246,41,144,376,377
290,106,246,41,217,146,144,376,377
290,106,217,146,144,376,377
290,106,217,41,144,376,377
290,106,246,41,144,376,365
290,106,246,41,217,146,144,376,365
290,106,217,146,144,376,365
290,106,217,41,144,376,365
290,106,246,41,144,376,377,371
290,106,246,41,217,146,144,376,377,371
290,106,217,146,144,376,377,371
290,106,217,41,144,376,377,371
291,206
291,292
291,293
291,294
291,259
291,149
291,294,322
291,294,322,361
291,294,322,361,30
291,292,381
291,292,381,331
291,245,398
291,245,398,326
206,291,292
206,291,293
206,291,294
206,291,259
206,291,149
206,291,294,322
206,291,294,322,361
206,291,294,322,361,30
206,291,292,381
206,291,292,381,331
206,291,245,398
206,291,278,189,245,398
206,291,211,189,245,398
206,291,245,398,326
206,291,278,189,245,398,326
206,291,211,189,245,398,326
292,291,293
292,291,294
292,291,259
292,291,149
292,291,294,322
292,291,294,322,361
292,291,294,322,361,30
292,381
292,381,331
292,291,245,398
292,291,278,189,245,398
292,291,211,189,245,398
292,291,245,398,326
292,291,278,189,245,398,326
292,291,211,189,245,398,326
293,291,294
293,291,259
293,291,149
293,291,294,322
293,291,294,322,361
293,291,294,322,361,30
293,291,292,381
293,291,292,381,331
293,291,245,398
293,291,278,189,245,398
293,291,211,189,245,398
293,291,245,398,326
293,291,278,189,245,398,326
293,291,211,189,245,398,326
294,291,259
294,291,149
294,322
294,322,361
294,322,361,30
294,291,292,381
294,291,292,381,331
294,291,245,398
294,291,278,189,245,398
294,291,211,189,245,398
294,291,245,398,326
294,291,278,189,245,398,326
294,291,211,189,245,398,326
259,291,149
259,291,294,322
259,291,294,322,361
259,291,294,322,361,30
259,291,292,381
259,291,292,381,331
259,291,245,398
259,291,278,189,245,398
259,291,211,189,245,398
259,291,245,398,326
259,291,278,189,245,398,326
259,291,211,189,245,398,326
149,291,294,322
149,291,294,322,361
149,291,294,322,361,30
149,291,292,381
149,291,292,381,331
149,291,245,398
149,291,278,189,245,398
149,291,211,189,245,398
149,291,245,398,326
149,291,278,189,245,398,326
149,291,211,189,245,398,326
295,121
295,121,299
121,299
303,94
237,252,251,394
309,141
95,235,311
322,361
322,361,30
322,294,291,292,381
322,294,291,292,381,331
322,294,291,245,398
322,294,291,278,189,245,398
322,294,291,211,189,245,398
322,294,291,245,398,326
322,294,291,278,189,245,398,326
322,294,291,211,189,245,398,326
323,145,327
323,145,144,41,217,146,205
323,145,144,41,246,106,217,146,205
323,145,144,146,205
323,145,144,376
323,145,144,376,377
323,145,144,376,365
323,145,144,376,377,371
327,145,144,41,217,146,205
327,145,144,41,246,106,217,146,205
327,145,144,146,205
327,145,144,376
327,145,144,376,377
327,145,144,376,365
327,145,144,376,377,371
332,274
334,35
339,13
345,315
345,31
315,345,31
349,350
205,146,144,376
205,146,217,41,144,376
205,146,217,106,246,41,144,376
205,146,144,376,377
205,146,217,41,144,376,377
205,146,217,106,246,41,144,376,377
205,146,144,376,365
205,146,217,41,144,376,365
205,146,217,106,246,41,144,376,365
205,146,144,376,377,371
205,146,217,41,144,376,377,371
205,146,217,106,246,41,144,376,377,371
357,358
361,30
361,322,294,291,292,381
361,322,294,291,292,381,331
361,322,294,291,245,398
361,322,294,291,278,189,245,398
361,322,294,291,211,189,245,398
361,322,294,291,245,398,326
361,322,294,291,278,189,245,398,326
361,322,294,291,211,189,245,398,326
30,361,322,294,291,292,381
30,361,322,294,291,292,381,331
30,361,322,294,291,245,398
30,361,322,294,291,278,189,245,398
30,361,322,294,291,211,189,245,398
30,361,322,294,291,245,398,326
30,361,322,294,291,278,189,245,398,326
30,361,322,294,291,211,189,245,398,326
363,312
376,377
376,365
376,377,371
377,376,365
377,371
365,376,377,371
378,120
381,331
381,292,291,245,398
381,292,291,278,189,245,398
381,292,291,211,189,245,398
381,292,291,245,398,326
381,292,291,278,189,245,398,326
381,292,291,211,189,245,398,326
331,381,292,291,245,398
331,381,292,291,278,189,245,398
331,381,292,291,211,189,245,398
331,381,292,291,245,398,326
331,381,292,291,278,189,245,398,326
331,381,292,291,211,189,245,398,326
270,80,380
398,326
400,385
400,172
385,400,172
