20,21
20,245,8,26,27,21
20,245,8,204,530,26,27,21
20,245,8,530,26,27,21
20,21,27,26
20,245,8,26
20,245,8,204,530,26
20,245,8,530,26
20,21,27,26,8
20,21,27,26,530,8
20,21,27,26,530,204,8
20,245,8
20,21,27
20,245,8,26,27
20,245,8,204,530,26,27
20,245,8,530,26,27
20,21,27,26,8,204
20,21,27,26,530,204
20,245,8,204
20,245,8,530,204
20,21,27,26,8,245,244
20,21,27,26,530,8,245,244
20,21,27,26,530,204,8,245,244
20,245,244
20,245
20,21,27,26,8,245,264,263
20,21,27,26,530,8,245,264,263
20,21,27,26,530,204,8,245,264,263
20,245,264,263
20,21,27,26,8,245,264
20,21,27,26,530,8,245,264
20,21,27,26,530,204,8,245,264
20,245,264
20,21,27,26,8,245,385
20,21,27,26,530,8,245,385
20,21,27,26,530,204,8,245,385
20,245,385
20,21,27,26,8,245,264,263,467
20,21,27,26,530,8,245,264,263,467
20,21,27,26,530,204,8,245,264,263,467
20,245,264,263,467
20,21,27,26,8,245,264,263,467,223
20,21,27,26,530,8,245,264,263,467,223
20,21,27,26,530,204,8,245,264,263,467,223
20,245,264,263,467,223
20,21,27,26,530
20,245,8,530
20,21,27,26,8,204,530,34
20,21,27,26,8,530,34
20,21,27,26,530,34
20,245,8,26,530,34
20,245,8,204,530,34
20,245,8,530,34
20,21,27,26,8,204,530,315
20,21,27,26,8,530,315
20,21,27,26,530,315
20,245,8,26,530,315
20,245,8,204,530,315
20,245,8,530,315
21,20,245,8,26
21,20,245,8,204,530,26
21,20,245,8,530,26
21,27,26
21,20,245,8
21,27,26,8
21,27,26,530,8
21,27,26,530,204,8
21,27
21,20,245,8,204
21,20,245,8,530,204
21,27,26,8,204
21,27,26,530,204
21,20,245,244
21,27,26,8,245,244
21,27,26,530,8,245,244
21,27,26,530,204,8,245,244
21,20,245
21,27,26,8,245
21,27,26,530,8,245
21,27,26,530,204,8,245
21,20,245,264,263
21,27,26,8,245,264,263
21,27,26,530,8,245,264,263
21,27,26,530,204,8,245,264,263
21,20,245,264
21,27,26,8,245,264
21,27,26,530,8,245,264
21,27,26,530,204,8,245,264
21,20,245,385
21,27,26,8,245,385
21,27,26,530,8,245,385
21,27,26,530,204,8,245,385
21,20,245,264,263,467
21,27,26,8,245,264,263,467
21,27,26,530,8,245,264,263,467
21,27,26,530,204,8,245,264,263,467
21,20,245,264,263,467,223
21,27,26,8,245,264,263,467,223
21,27,26,530,8,245,264,263,467,223
21,27,26,530,204,8,245,264,263,467,223
21,20,245,8,530
21,27,26,530
21,20,245,8,26,530,34
21,20,245,8,204,530,34
21,20,245,8,530,34
21,27,26,8,204,530,34
21,27,26,8,530,34
21,27,26,530,34
21,20,245,8,26,530,315
21,20,245,8,204,530,315
21,20,245,8,530,315
21,27,26,8,204,530,315
21,27,26,8,530,315
21,27,26,530,315
23,24
26,8
26,530,8
26,530,204,8
26,27
26,8,204
26,27,21,20,245,8,204
26,530,204
26,8,245,244
26,27,21,20,245,244
26,530,8,245,244
26,530,204,8,245,244
26,8,245
26,27,21,20,245
26,530,8,245
26,530,204,8,245
26,8,245,264,263
26,27,21,20,245,264,263
26,530,8,245,264,263
26,530,204,8,245,264,263
26,8,245,264
26,27,21,20,245,264
26,530,8,245,264
26,530,204,8,245,264
26,8,245,385
26,27,21,20,245,385
26,530,8,245,385
26,530,204,8,245,385
26,8,245,264,263,467
26,27,21,20,245,264,263,467
26,530,8,245,264,263,467
26,530,204,8,245,264,263,467
26,8,245,264,263,467,223
26,27,21,20,245,264,263,467,223
26,530,8,245,264,263,467,223
26,530,204,8,245,264,263,467,223
26,530
26,8,204,530,34
26,8,530,34
26,27,21,20,245,8,204,530,34
26,27,21,20,245,8,530,34
26,530,34
26,8,204,530,315
26,8,530,315
26,27,21,20,245,8,204,530,315
26,27,21,20,245,8,530,315
26,530,315
8,26,27
8,204,530,26,27
8,245,20,21,27
8,530,26,27
8,204
8,530,204
8,245,244
8,245
8,245,264,263
8,245,264
8,245,385
8,245,264,263,467
8,245,264,263,467,223
8,530
8,204,530,34
8,530,34
8,204,530,315
8,530,315
27,26,8,204
27,26,530,204
27,21,20,245,8,204
27,21,20,245,8,530,204
27,26,8,245,244
27,26,530,8,245,244
27,26,530,204,8,245,244
27,21,20,245,244
27,26,8,245
27,26,530,8,245
27,26,530,204,8,245
27,21,20,245
27,26,8,245,264,263
27,26,530,8,245,264,263
27,26,530,204,8,245,264,263
27,21,20,245,264,263
27,26,8,245,264
27,26,530,8,245,264
27,26,530,204,8,245,264
27,21,20,245,264
27,26,8,245,385
27,26,530,8,245,385
27,26,530,204,8,245,385
27,21,20,245,385
27,26,8,245,264,263,467
27,26,530,8,245,264,263,467
27,26,530,204,8,245,264,263,467
27,21,20,245,264,263,467
27,26,8,245,264,263,467,223
27,26,530,8,245,264,263,467,223
27,26,530,204,8,245,264,263,467,223
27,21,20,245,264,263,467,223
27,26,530
27,21,20,245,8,530
27,26,8,204,530,34
27,26,8,530,34
27,26,530,34
27,21,20,245,8,204,530,34
27,21,20,245,8,530,34
27,26,8,204,530,315
27,26,8,530,315
27,26,530,315
27,21,20,245,8,204,530,315
27,21,20,245,8,530,315
29,30
39,40
57,58
57,58,209,214
57,58,214
57,58,209
57,58,327
58,209,214
58,214
58,209
58,327
63,64
63,64,143
63,64,585,143
63,64,172
63,64,172,173
63,64,515
63,64,520
63,64,585
64,143
64,585,143
64,172
64,172,173
64,515
64,520
64,585
67,68
74,32
96,45
96,45,480,481,324,269
96,45,270,269
96,45,480,481,324,269,270
96,45,270
96,45,480,481,324,269,270,307
96,45,270,307
96,45,480,481,324,269,310
96,45,270,269,310
96,45,480,481,324
96,45,270,269,324
96,45,452
96,45,480
96,45,480,481
96,45,270,269,324,481
96,45,480,481,324,269,270,514
96,45,270,514
96,45,480,481,324,269,270,514,526
96,45,270,514,526
45,480,481,324,269
45,270,269
45,480,481,324,269,270
45,270
45,480,481,324,269,270,307
45,270,307
45,480,481,324,269,310
45,270,269,310
45,480,481,324
45,270,269,324
45,452
45,480
45,480,481
45,270,269,324,481
45,480,481,324,269,270,514
45,270,514
45,480,481,324,269,270,514,526
45,270,514,526
105,94
106,107
106,108,235,109,107
106,108,275,107
106,109,235,108,275,107
106,109,107
106,108
106,109,235,108
106,109,107,275,108
106,14
106,109
106,107,275,108,235
106,107,109,235
106,108,235
106,109,235
106,107,275
106,108,275
106,109,235,108,275
106,109,107,275
106,107,275,108,429,428
106,107,109,235,108,429,428
106,108,429,428
106,109,235,108,429,428
106,109,107,275,108,429,428
106,107,275,108,429
106,107,109,235,108,429
106,108,429
106,109,235,108,429
106,109,107,275,108,429
107,106,108
107,275,108
107,109,106,108
107,109,235,108
107,106,14
107,275,108,106,14
107,275,108,235,109,106,14
107,109,106,14
107,109,235,108,106,14
107,275,108,235,109
107,109
107,106,108,235
107,275,108,235
107,109,235
107,275
107,106,108,429,428
107,275,108,429,428
107,109,106,108,429,428
107,109,235,108,429,428
107,106,108,429
107,275,108,429
107,109,106,108,429
107,109,235,108,429
108,106,14
108,235,109,106,14
108,275,107,109,106,14
108,106,109
108,235,109
108,275,107,109
108,235
108,275
108,429,428
108,429
14,106,109
14,106,107,275,108,235
14,106,107,109,235
14,106,108,235
14,106,109,235
14,106,107,275
14,106,108,275
14,106,109,235,108,275
14,106,109,107,275
14,106,107,275,108,429,428
14,106,107,109,235,108,429,428
14,106,108,429,428
14,106,109,235,108,429,428
14,106,109,107,275,108,429,428
14,106,107,275,108,429
14,106,107,109,235,108,429
14,106,108,429
14,106,109,235,108,429
14,106,109,107,275,108,429
109,235
109,106,108,275
109,235,108,275
109,107,275
109,106,108,429,428
109,235,108,429,428
109,107,275,108,429,428
109,106,108,429
109,235,108,429
109,107,275,108,429
114,115
114,570,314,181,180
114,570,180
114,570,314,181
114,570,180,181
114,570,314
114,570
114,570,478
114,570,36
115,114,570,314,181,180
115,114,570,180
115,114,570,314,181
115,114,570,180,181
115,114,570,314
115,114,570
115,114,570,478
115,114,570,36
120,121
120,122
120,123
120,124
120,38
121,120,122
121,120,123
121,120,124
121,120,38
122,120,123
122,120,124
122,120,38
123,120,124
123,120,38
124,120,38
129,130
129,130,346
129,130,507
129,130,87
130,346
130,507
130,87
140,141
143,64,172
143,585,64,172
143,64,172,173
143,585,64,172,173
143,64,515
143,585,64,515
143,64,520
143,585,64,520
143,585
145,146
145,147
145,606
146,145,147
146,145,606
147,145,606
163,164
163,164,505
163,164,558
164,505
164,558
166,167
172,173
172,64,515
172,64,520
172,64,585
173,172,64,515
173,172,64,520
173,172,64,585
177,178
180,181
180,570,314,181
180,181,314
180,570,314
180,570
180,181,314,570,478
180,570,478
180,181,314,570,36
180,570,36
181,314
181,180,570
181,314,570
181,180,570,478
181,314,570,478
181,180,570,36
181,314,570,36
183,184
183,184,240
183,184,341
184,240
184,341
187,188
187,188,454
188,454
190,191
190,13
190,191,549
191,190,13
191,549
13,190,191,549
195,196
195,229
196,195,229
200,201
200,201,366,365
200,201,366
201,366,365
201,366
202,203
202,258
203,202,258
204,8,26,27,21,20,245,244
204,8,245,244
204,530,8,245,244
204,530,26,27,21,20,245,244
204,8,245
204,530,8,245
204,530,26,27,21,20,245
204,8,26,27,21,20,245,264,263
204,8,245,264,263
204,530,8,245,264,263
204,530,26,27,21,20,245,264,263
204,8,26,27,21,20,245,264
204,8,245,264
204,530,8,245,264
204,530,26,27,21,20,245,264
204,8,26,27,21,20,245,385
204,8,245,385
204,530,8,245,385
204,530,26,27,21,20,245,385
204,8,26,27,21,20,245,264,263,467
204,8,245,264,263,467
204,530,8,245,264,263,467
204,530,26,27,21,20,245,264,263,467
204,8,26,27,21,20,245,264,263,467,223
204,8,245,264,263,467,223
204,530,8,245,264,263,467,223
204,530,26,27,21,20,245,264,263,467,223
204,530
204,530,34
204,530,315
210,211
210,211,461
210,211,617
211,461
211,617
214,209
214,209,58,327
214,58,327
209,58,327
215,216
217,218
217,218,254
217,218,255
218,254
218,255
235,108,275
235,109,106,107,275
235,109,107,275
235,108,429,428
235,109,106,107,275,108,429,428
235,109,107,275,108,429,428
235,108,429
235,109,106,107,275,108,429
235,109,107,275,108,429
239,48
240,184,341
244,245
244,245,264,263
244,245,264
244,245,385
244,245,264,263,467
244,245,264,263,467,223
244,245,8,530
244,245,20,21,27,26,530
244,245,8,26,530,34
244,245,8,204,530,34
244,245,8,530,34
244,245,20,21,27,26,8,204,530,34
244,245,20,21,27,26,8,530,34
244,245,20,21,27,26,530,34
244,245,8,26,530,315
244,245,8,204,530,315
244,245,8,530,315
244,245,20,21,27,26,8,204,530,315
244,245,20,21,27,26,8,530,315
244,245,20,21,27,26,530,315
245,264,263
245,264
245,385
245,264,263,467
245,264,263,467,223
245,8,530
245,20,21,27,26,530
245,8,26,530,34
245,8,204,530,34
245,8,530,34
245,20,21,27,26,530,34
245,8,26,530,315
245,8,204,530,315
245,8,530,315
245,20,21,27,26,530,315
246,234
250,251
254,218,255
261,262
263,264
263,264,245,385
263,467
263,467,223
263,264,245,8,530
263,264,245,20,21,27,26,530
263,264,245,8,26,530,34
263,264,245,8,204,530,34
263,264,245,8,530,34
263,264,245,20,21,27,26,8,204,530,34
263,264,245,20,21,27,26,8,530,34
263,264,245,20,21,27,26,530,34
263,264,245,8,26,530,315
263,264,245,8,204,530,315
263,264,245,8,530,315
263,264,245,20,21,27,26,8,204,530,315
263,264,245,20,21,27,26,8,530,315
263,264,245,20,21,27,26,530,315
264,245,385
264,263,467
264,263,467,223
264,245,8,530
264,245,20,21,27,26,530
264,245,8,26,530,34
264,245,8,204,530,34
264,245,8,530,34
264,245,20,21,27,26,8,204,530,34
264,245,20,21,27,26,8,530,34
264,245,20,21,27,26,530,34
264,245,8,26,530,315
264,245,8,204,530,315
264,245,8,530,315
264,245,20,21,27,26,8,204,530,315
264,245,20,21,27,26,8,530,315
264,245,20,21,27,26,530,315
269,270
269,270,307
269,310
269,324
269,270,45,452
269,324,481,480,45,452
269,270,45,480
269,324,481,480
269,270,45,480,481
269,324,481
269,270,514
269,270,514,526
270,307
270,269,310
270,45,480,481,324,269,310
270,269,324
270,45,480,481,324
270,269,324,481,480,45,452
270,45,452
270,269,324,481,480
270,45,480
270,269,324,481
270,45,480,481
270,514
270,514,526
275,108,429,428
275,108,429
285,286
285,438,286
285,438
285,286,438,439
285,286,438,440,439
285,438,439
285,438,440,439
285,286,438,317
285,438,317
285,286,438,440
285,438,440
286,438
286,438,439
286,438,440,439
286,438,317
286,438,440
293,144
295,296
295,297
295,298
296,295,297
296,295,298
297,295,298
307,270,269,310
307,270,45,480,481,324,269,310
307,270,269,324
307,270,45,480,481,324
307,270,269,324,481,480,45,452
307,270,45,452
307,270,269,324,481,480
307,270,45,480
307,270,269,324,481
307,270,45,480,481
307,270,514
307,270,514,526
309,127
310,269,324
310,269,270,45,452
310,269,324,481,480,45,452
310,269,270,45,480
310,269,324,481,480
310,269,270,45,480,481
310,269,324,481
310,269,270,514
310,269,324,481,480,45,270,514
310,269,270,514,526
310,269,324,481,480,45,270,514,526
314,570
314,570,478
314,570,36
320,321
320,322
320,394
320,484
320,575
321,320,322
321,320,394
321,320,484
321,320,575
322,320,394
322,320,484
322,320,575
324,269,270,45,452
324,481,480,45,452
324,269,270,45,480
324,481,480
324,481
324,269,270,514
324,481,480,45,270,514
324,269,270,514,526
324,481,480,45,270,514,526
326,44
326,350
44,326,350
337,338
337,458
338,337,458
361,362
361,362,430
362,430
365,366
380,381
382,383
382,357
382,383,393
383,382,357
383,393
357,382,383,393
394,320,484
394,320,575
402,403
402,403,16
402,403,455
403,16
403,455
406,86
16,403,455
414,415
414,416
414,417
414,198
415,414,416
415,414,417
415,414,198
416,414,417
416,414,198
417,414,198
428,429
432,433
432,434,463,433
432,434
432,433,463
432,434,463
433,432,434
433,463,434
433,463
434,463
437,303
438,439
438,440,439
438,317
438,440
439,438,317
439,440,438,317
439,440
317,438,440
450,451
452,45,480
452,45,480,481
452,45,270,269,324,481
452,45,480,481,324,269,270,514
452,45,270,514
452,45,480,481,324,269,270,514,526
452,45,270,514,526
385,245,264,263,467
385,245,264,263,467,223
385,245,8,530
385,245,20,21,27,26,530
385,245,8,26,530,34
385,245,8,204,530,34
385,245,8,530,34
385,245,20,21,27,26,8,204,530,34
385,245,20,21,27,26,8,530,34
385,245,20,21,27,26,530,34
385,245,8,26,530,315
385,245,8,204,530,315
385,245,8,530,315
385,245,20,21,27,26,8,204,530,315
385,245,20,21,27,26,8,530,315
385,245,20,21,27,26,530,315
461,211,617
467,223
467,263,264,245,8,530
467,263,264,245,20,21,27,26,530
467,263,264,245,8,26,530,34
467,263,264,245,8,204,530,34
467,263,264,245,8,530,34
467,263,264,245,20,21,27,26,8,204,530,34
467,263,264,245,20,21,27,26,8,530,34
467,263,264,245,20,21,27,26,530,34
467,263,264,245,8,26,530,315
467,263,264,245,8,204,530,315
467,263,264,245,8,530,315
467,263,264,245,20,21,27,26,8,204,530,315
467,263,264,245,20,21,27,26,8,530,315
467,263,264,245,20,21,27,26,530,315
223,467,263,264,245,8,530
223,467,263,264,245,20,21,27,26,530
223,467,263,264,245,8,26,530,34
223,467,263,264,245,8,204,530,34
223,467,263,264,245,8,530,34
223,467,263,264,245,20,21,27,26,8,204,530,34
223,467,263,264,245,20,21,27,26,8,530,34
223,467,263,264,245,20,21,27,26,530,34
223,467,263,264,245,8,26,530,315
223,467,263,264,245,8,204,530,315
223,467,263,264,245,8,530,315
223,467,263,264,245,20,21,27,26,8,204,530,315
223,467,263,264,245,20,21,27,26,8,530,315
223,467,263,264,245,20,21,27,26,530,315
472,116
475,476
480,481
480,481,324,269,270,514
480,45,270,514
480,481,324,269,270,514,526
480,45,270,514,526
481,480,45,270,514
481,324,269,270,514
481,480,45,270,514,526
481,324,269,270,514,526
482,54
484,320,575
490,88
498,252
498,252,540
252,540
505,164,558
508,443
514,526
515,64,520
515,64,585
519,367
520,64,585
529,486
530,34
530,315
34,530,315
531,153
555,208
567,59
570,478
570,36
478,570,36
589,590
589,590,43
589,590,571
590,43
590,571
601,300
346,130,507
346,130,87
507,130,87
43,590,571
