9,10
9,10,27
9,10,29,27
9,10,28
9,10,29
10,27
10,29,27
10,28
10,29
20,21
20,256,237,236,82,21
20,256,82,21
20,21,82,236,25,24
20,21,82,256,237,236,25,24
20,256,237,236,25,24
20,256,82,236,25,24
20,21,82,236,25
20,21,82,256,237,236,25
20,256,237,236,25
20,256,82,236,25
20,21,82
20,256,237,236,82
20,256,82
20,21,82,83
20,256,237,236,82,83
20,256,82,83
20,132
20,185
20,21,82,236,25,196
20,21,82,256,237,236,25,196
20,256,237,236,25,196
20,256,82,236,25,196
20,21,82,236,25,204
20,21,82,256,237,236,25,204
20,256,237,236,25,204
20,256,82,236,25,204
20,21,82,236
20,256,237,236
20,256,82,236
20,21,82,236,237
20,21,82,256,237
20,256,237
20,256
20,21,82,236,237,257
20,21,82,256,237,257
20,256,237,257
20,256,82,236,237,257
20,21,82,236,311
20,21,82,256,237,236,311
20,256,237,236,311
20,256,82,236,311
20,21,82,236,311,312
20,21,82,256,237,236,311,312
20,256,237,236,311,312
20,256,82,236,311,312
20,21,82,236,311,276
20,21,82,256,237,236,311,276
20,256,237,236,311,276
20,256,82,236,311,276
20,21,82,236,311,312,296
20,21,82,256,237,236,311,312,296
20,256,237,236,311,312,296
20,256,82,236,311,312,296
20,21,82,236,237,256,339
20,21,82,256,339
20,256,339
20,21,82,343,342
20,256,237,236,82,343,342
20,256,82,343,342
20,21,82,343,342,186
20,256,237,236,82,343,342,186
20,256,82,343,342,186
20,21,82,343
20,256,237,236,82,343
20,256,82,343
21,20,256,237,236,25,24
21,20,256,82,236,25,24
21,82,236,25,24
21,82,256,237,236,25,24
21,20,256,237,236,25
21,20,256,82,236,25
21,82,236,25
21,82,256,237,236,25
21,82
21,20,256,237,236,82,83
21,20,256,82,83
21,82,83
21,20,132
21,82,236,237,256,20,132
21,82,256,20,132
21,20,185
21,82,236,237,256,20,185
21,82,256,20,185
21,20,256,237,236,25,196
21,20,256,82,236,25,196
21,82,236,25,196
21,82,256,237,236,25,196
21,20,256,237,236,25,204
21,20,256,82,236,25,204
21,82,236,25,204
21,82,256,237,236,25,204
21,20,256,237,236
21,20,256,82,236
21,82,236
21,82,256,237,236
21,20,256,237
21,82,236,237
21,82,256,237
21,20,256
21,82,256
21,20,256,237,257
21,20,256,82,236,237,257
21,82,236,237,257
21,82,256,237,257
21,20,256,237,236,311
21,20,256,82,236,311
21,82,236,311
21,82,256,237,236,311
21,20,256,237,236,311,312
21,20,256,82,236,311,312
21,82,236,311,312
21,82,256,237,236,311,312
21,20,256,237,236,311,276
21,20,256,82,236,311,276
21,82,236,311,276
21,82,256,237,236,311,276
21,20,256,237,236,311,312,296
21,20,256,82,236,311,312,296
21,82,236,311,312,296
21,82,256,237,236,311,312,296
21,20,256,339
21,82,236,237,256,339
21,82,256,339
21,20,256,237,236,82,343,342
21,20,256,82,343,342
21,82,343,342
21,20,256,237,236,82,343,342,186
21,20,256,82,343,342,186
21,82,343,342,186
21,20,256,237,236,82,343
21,20,256,82,343
21,82,343
24,25
24,25,236,82
24,25,236,237,256,82
24,25,236,82,83
24,25,236,237,256,82,83
24,25,236,237,256,20,21,82,83
24,25,236,82,256,20,132
24,25,236,82,21,20,132
24,25,236,237,256,82,21,20,132
24,25,236,237,256,20,132
24,25,236,82,256,20,185
24,25,236,82,21,20,185
24,25,236,237,256,82,21,20,185
24,25,236,237,256,20,185
24,25,196
24,25,204
24,25,236
24,25,236,237
24,25,236,82,256
24,25,236,237,256
24,25,236,82,256,237,257
24,25,236,82,21,20,256,237,257
24,25,236,237,257
24,25,236,311
24,25,236,311,312
24,25,236,311,276
24,25,236,311,312,296
24,25,236,82,256,339
24,25,236,82,21,20,256,339
24,25,236,237,256,339
24,25,236,82,343,342
24,25,236,237,256,82,343,342
24,25,236,237,256,20,21,82,343,342
24,25,236,82,343,342,186
24,25,236,237,256,82,343,342,186
24,25,236,237,256,20,21,82,343,342,186
24,25,236,82,343
24,25,236,237,256,82,343
24,25,236,237,256,20,21,82,343
25,236,82
25,236,237,256,82
25,236,82,83
25,236,237,256,82,83
25,236,237,256,20,21,82,83
25,236,82,256,20,132
25,236,82,21,20,132
25,236,237,256,82,21,20,132
25,236,237,256,20,132
25,236,82,256,20,185
25,236,82,21,20,185
25,236,237,256,82,21,20,185
25,236,237,256,20,185
25,196
25,204
25,236
25,236,237
25,236,82,256
25,236,237,256
25,236,82,256,237,257
25,236,82,21,20,256,237,257
25,236,237,257
25,236,311
25,236,311,312
25,236,311,276
25,236,311,312,296
25,236,82,256,339
25,236,82,21,20,256,339
25,236,237,256,339
25,236,82,343,342
25,236,237,256,82,343,342
25,236,237,256,20,21,82,343,342
25,236,82,343,342,186
25,236,237,256,82,343,342,186
25,236,237,256,20,21,82,343,342,186
25,236,82,343
25,236,237,256,82,343
25,236,237,256,20,21,82,343
27,10,28
27,29,10,28
27,29
28,10,29
32,33
32,33,228
32,33,228,267,266
32,33,228,267
33,228
33,228,267,266
33,228,267
34,35
34,35,215,214
34,35,215
35,215,214
35,215
37,38
37,38,3
37,260
38,3
38,37,260
39,40
39,40,135
39,40,72
39,40,317
40,135
40,72
40,317
47,48
47,48,57
47,48,358,59,57
47,48,57,58
47,48,358,59,57,58
47,48,57,59
47,48,358,59
47,48,358
47,48,57,59,358,328
47,48,358,328
47,48,57,59,358,280
47,48,358,280
48,57
48,358,59,57
48,57,58
48,358,59,57,58
48,57,59
48,358,59
48,358
48,57,59,358,328
48,358,328
48,57,59,358,280
48,358,280
57,58
57,59
57,48,358
57,59,358
57,48,358,328
57,59,358,328
57,48,358,280
57,59,358,280
58,57,59
58,57,48,358
58,57,59,358
58,57,48,358,328
58,57,59,358,328
58,57,48,358,280
58,57,59,358,280
59,358
59,358,328
59,358,280
60,61
60,136,140,61
60,61,140,136,84
60,136,84
60,61,140,136,84,85
60,136,84,85
60,61,140,136,138,318,123,122
60,136,138,318,123,122
60,61,140,136,138,318,123
60,136,138,318,123
60,61,140,136,138,318,123,122,124
60,136,138,318,123,122,124
60,136
60,61,140,136,137
60,61,140,136,139,137
60,136,137
60,136,139,137
60,61,140,136,138
60,136,138
60,61,140,136,139
60,136,139
60,61,140
60,136,140
60,61,140,136,141
60,136,141
60,61,140,136,51
60,136,51
60,61,140,136,19
60,136,19
60,61,140,136,142
60,136,142
60,61,140,136,97
60,136,97
60,61,140,136,143
60,136,143
60,61,140,136,141,192
60,136,141,192
60,61,140,136,19,200
60,136,19,200
60,61,140,136,141,192,271
60,136,141,192,271
60,61,140,136,141,192,271,52
60,136,141,192,271,52
60,61,140,136,137,273
60,61,140,136,139,137,273
60,136,137,273
60,136,139,137,273
60,61,140,136,138,318
60,136,138,318
60,61,140,136,138,318,217
60,136,138,318,217
60,61,140,136,138,318,123,356
60,136,138,318,123,356
61,60,136,84
61,140,136,84
61,60,136,84,85
61,140,136,84,85
61,60,136,138,318,123,122
61,140,136,138,318,123,122
61,60,136,138,318,123
61,140,136,138,318,123
61,60,136,138,318,123,122,124
61,140,136,138,318,123,122,124
61,60,136
61,140,136
61,60,136,137
61,60,136,139,137
61,140,136,137
61,140,136,139,137
61,60,136,138
61,140,136,138
61,60,136,139
61,140,136,139
61,140
61,60,136,141
61,140,136,141
61,60,136,51
61,140,136,51
61,60,136,19
61,140,136,19
61,60,136,142
61,140,136,142
61,60,136,97
61,140,136,97
61,60,136,143
61,140,136,143
61,60,136,141,192
61,140,136,141,192
61,60,136,19,200
61,140,136,19,200
61,60,136,141,192,271
61,140,136,141,192,271
61,60,136,141,192,271,52
61,140,136,141,192,271,52
61,60,136,137,273
61,60,136,139,137,273
61,140,136,137,273
61,140,136,139,137,273
61,60,136,138,318
61,140,136,138,318
61,60,136,138,318,217
61,140,136,138,318,217
61,60,136,138,318,123,356
61,140,136,138,318,123,356
62,63
62,63,213,95,94
62,63,252,94
62,63,213,95
62,63,252,94,95
62,63,213,80,103
62,63,252,94,95,213,80,103
62,63,213,80
62,63,252,94,95,213,80
62,63,213
62,63,252,94,95,213
62,63,252
62,63,213,80,286
62,63,252,94,95,213,80,286
63,213,95,94
63,252,94
63,213,95
63,252,94,95
63,213,80,103
63,252,94,95,213,80,103
63,213,80
63,252,94,95,213,80
63,213
63,252,94,95,213
63,252
63,213,80,286
63,252,94,95,213,80,286
67,68
67,69,173,68
67,69,264,68
67,69
67,125
67,68,173
67,68,264,69,173
67,69,173
67,68,173,174
67,68,264,69,173,174
67,69,173,174
67,68,173,174,175
67,68,264,69,173,174,175
67,69,173,174,175
67,68,173,69,264,263
67,68,264,263
67,69,264,263
67,68,264
67,69,264
68,67,69
68,173,69
68,264,69
68,67,125
68,173,69,67,125
68,264,69,67,125
68,173
68,264,69,173
68,67,69,173,174
68,173,174
68,264,69,173,174
68,67,69,173,174,175
68,173,174,175
68,264,69,173,174,175
68,67,69,264,263
68,173,69,264,263
68,264,263
68,264
69,67,125
69,173
69,173,174
69,173,174,175
69,264,263
69,264
74,75
82,83
82,236,237,256,20,132
82,256,20,132
82,21,20,132
82,236,237,256,20,185
82,256,20,185
82,21,20,185
82,236,25,196
82,256,237,236,25,196
82,236,25,204
82,256,237,236,25,204
82,236
82,256,237,236
82,236,237
82,256,237
82,256
82,236,237,257
82,256,237,257
82,236,311
82,256,237,236,311
82,236,311,312
82,256,237,236,311,312
82,236,311,276
82,256,237,236,311,276
82,236,311,312,296
82,256,237,236,311,312,296
82,236,237,256,339
82,256,339
82,343,342
82,343,342,186
82,343
83,82,236,237,256,20,132
83,82,256,20,132
83,82,21,20,132
83,82,236,237,256,20,185
83,82,256,20,185
83,82,21,20,185
83,82,236,25,196
83,82,256,237,236,25,196
83,82,21,20,256,237,236,25,196
83,82,236,25,204
83,82,256,237,236,25,204
83,82,21,20,256,237,236,25,204
83,82,236
83,82,256,237,236
83,82,236,237
83,82,256,237
83,82,21,20,256,237
83,82,256
83,82,236,237,257
83,82,256,237,257
83,82,21,20,256,237,257
83,82,236,311
83,82,256,237,236,311
83,82,21,20,256,237,236,311
83,82,236,311,312
83,82,256,237,236,311,312
83,82,21,20,256,237,236,311,312
83,82,236,311,276
83,82,256,237,236,311,276
83,82,21,20,256,237,236,311,276
83,82,236,311,312,296
83,82,256,237,236,311,312,296
83,82,21,20,256,237,236,311,312,296
83,82,236,237,256,339
83,82,256,339
83,82,21,20,256,339
83,82,343,342
83,82,343,342,186
83,82,343
84,85
84,136,138,318,123,122
84,136,138,318,123
84,136,138,318,123,122,124
84,136
84,136,137
84,136,139,137
84,136,138
84,136,139
84,136,140
84,136,141
84,136,51
84,136,19
84,136,142
84,136,97
84,136,143
84,136,141,192
84,136,19,200
84,136,141,192,271
84,136,141,192,271,52
84,136,137,273
84,136,139,137,273
84,136,138,318
84,136,138,318,217
84,136,138,318,123,356
85,84,136,138,318,123,122
85,84,136,138,318,123
85,84,136,138,318,123,122,124
85,84,136
85,84,136,137
85,84,136,139,137
85,84,136,138
85,84,136,139
85,84,136,140
85,84,136,141
85,84,136,51
85,84,136,19
85,84,136,142
85,84,136,97
85,84,136,143
85,84,136,141,192
85,84,136,19,200
85,84,136,141,192,271
85,84,136,141,192,271,52
85,84,136,137,273
85,84,136,139,137,273
85,84,136,138,318
85,84,136,138,318,217
85,84,136,138,318,123,356
94,95
94,95,213,80,103
94,252,63,213,80,103
94,95,213,80
94,252,63,213,80
94,95,213
94,252,63,213
94,252
94,95,213,80,286
94,252,63,213,80,286
95,213,80,103
95,213,80
95,213
95,94,252
95,213,63,252
95,213,80,286
100,101
100,102
100,102,46
100,101,245
100,101,154
100,101,355
101,100,102
101,100,102,46
101,245
101,154
101,355
102,46
102,100,101,245
102,100,101,154
102,100,101,355
46,102,100,101,245
46,102,100,101,154
46,102,100,101,355
103,80
103,80,213
103,80,213,95,94,252
103,80,213,63,252
103,80,286
80,213
80,213,95,94,252
80,213,63,252
80,286
107,108
113,114
116,117
120,121
120,121,292
120,121,194
120,121,287
121,292
121,194
121,287
122,123
122,124
122,123,318,138,136
122,123,318,138,136,137
122,123,318,138,136,139,137
122,123,318,138
122,123,318,138,136,139
122,123,318,138,136,140
122,123,318,138,136,141
122,123,318,138,136,51
122,123,318,138,136,19
122,123,318,138,136,142
122,123,318,138,136,97
122,123,318,138,136,143
122,123,318,138,136,141,192
122,123,318,138,136,19,200
122,123,318,138,136,141,192,271
122,123,318,138,136,141,192,271,52
122,123,318,138,136,137,273
122,123,318,138,136,139,137,273
122,123,318
122,123,318,217
122,123,356
123,122,124
123,318,138,136
123,318,138,136,137
123,318,138,136,139,137
123,318,138
123,318,138,136,139
123,318,138,136,140
123,318,138,136,141
123,318,138,136,51
123,318,138,136,19
123,318,138,136,142
123,318,138,136,97
123,318,138,136,143
123,318,138,136,141,192
123,318,138,136,19,200
123,318,138,136,141,192,271
123,318,138,136,141,192,271,52
123,318,138,136,137,273
123,318,138,136,139,137,273
123,318
123,318,217
123,356
124,122,123,318,138,136
124,122,123,318,138,136,137
124,122,123,318,138,136,139,137
124,122,123,318,138
124,122,123,318,138,136,139
124,122,123,318,138,136,140
124,122,123,318,138,136,141
124,122,123,318,138,136,51
124,122,123,318,138,136,19
124,122,123,318,138,136,142
124,122,123,318,138,136,97
124,122,123,318,138,136,143
124,122,123,318,138,136,141,192
124,122,123,318,138,136,19,200
124,122,123,318,138,136,141,192,271
124,122,123,318,138,136,141,192,271,52
124,122,123,318,138,136,137,273
124,122,123,318,138,136,139,137,273
124,122,123,318
124,122,123,318,217
124,122,123,356
125,67,68,173
125,67,68,264,69,173
125,67,69,173
125,67,68,173,174
125,67,68,264,69,173,174
125,67,69,173,174
125,67,68,173,174,175
125,67,68,264,69,173,174,175
125,67,69,173,174,175
125,67,68,173,69,264,263
125,67,68,264,263
125,67,69,264,263
125,67,68,264
125,67,69,264
127,128
127,195
127,195,18
128,127,195
128,127,195,18
132,20,185
132,20,21,82,236,25,196
132,20,21,82,256,237,236,25,196
132,20,256,237,236,25,196
132,20,256,82,236,25,196
132,20,21,82,236,25,204
132,20,21,82,256,237,236,25,204
132,20,256,237,236,25,204
132,20,256,82,236,25,204
132,20,21,82,236
132,20,256,237,236
132,20,256,82,236
132,20,21,82,236,237
132,20,21,82,256,237
132,20,256,237
132,20,256
132,20,21,82,236,237,257
132,20,21,82,256,237,257
132,20,256,237,257
132,20,256,82,236,237,257
132,20,21,82,236,311
132,20,21,82,256,237,236,311
132,20,256,237,236,311
132,20,256,82,236,311
132,20,21,82,236,311,312
132,20,21,82,256,237,236,311,312
132,20,256,237,236,311,312
132,20,256,82,236,311,312
132,20,21,82,236,311,276
132,20,21,82,256,237,236,311,276
132,20,256,237,236,311,276
132,20,256,82,236,311,276
132,20,21,82,236,311,312,296
132,20,21,82,256,237,236,311,312,296
132,20,256,237,236,311,312,296
132,20,256,82,236,311,312,296
132,20,21,82,236,237,256,339
132,20,21,82,256,339
132,20,256,339
132,20,21,82,343,342
132,20,256,237,236,82,343,342
132,20,256,82,343,342
132,20,21,82,343,342,186
132,20,256,237,236,82,343,342,186
132,20,256,82,343,342,186
132,20,21,82,343
132,20,256,237,236,82,343
132,20,256,82,343
135,40,72
135,40,317
136,137
136,139,137
136,138
136,139
136,140
136,141
136,51
136,19
136,142
136,97
136,143
136,141,192
136,19,200
136,141,192,271
136,141,192,271,52
136,137,273
136,139,137,273
136,138,318
136,138,318,217
136,138,318,123,356
137,136,138
137,139,136,138
137,139
137,136,140
137,139,136,140
137,136,141
137,139,136,141
137,136,51
137,139,136,51
137,136,19
137,139,136,19
137,136,142
137,139,136,142
137,136,97
137,139,136,97
137,136,143
137,139,136,143
137,136,141,192
137,139,136,141,192
137,136,19,200
137,139,136,19,200
137,136,141,192,271
137,139,136,141,192,271
137,136,141,192,271,52
137,139,136,141,192,271,52
137,273
137,136,138,318
137,139,136,138,318
137,136,138,318,217
137,139,136,138,318,217
137,136,138,318,123,356
137,139,136,138,318,123,356
138,136,139
138,136,140
138,136,141
138,136,51
138,136,19
138,136,142
138,136,97
138,136,143
138,136,141,192
138,136,19,200
138,136,141,192,271
138,136,141,192,271,52
138,136,137,273
138,136,139,137,273
138,318
138,318,217
138,318,123,356
139,136,140
139,136,141
139,136,51
139,136,19
139,136,142
139,136,97
139,136,143
139,136,141,192
139,136,19,200
139,136,141,192,271
139,136,141,192,271,52
139,137,273
139,136,138,318
139,136,138,318,217
139,136,138,318,123,356
140,136,141
140,136,51
140,136,19
140,136,142
140,136,97
140,136,143
140,136,141,192
140,136,19,200
140,136,141,192,271
140,136,141,192,271,52
140,136,137,273
140,136,139,137,273
140,136,138,318
140,136,138,318,217
140,136,138,318,123,356
141,136,51
141,136,19
141,136,142
141,136,97
141,136,143
141,192
141,136,19,200
141,192,271
141,192,271,52
141,136,137,273
141,136,139,137,273
141,136,138,318
141,136,138,318,217
141,136,138,318,123,356
51,136,19
51,136,142
51,136,97
51,136,143
51,136,141,192
51,136,19,200
51,136,141,192,271
51,136,141,192,271,52
51,136,137,273
51,136,139,137,273
51,136,138,318
51,136,138,318,217
51,136,138,318,123,356
19,136,142
19,136,97
19,136,143
19,136,141,192
19,200
19,136,141,192,271
19,136,141,192,271,52
19,136,137,273
19,136,139,137,273
19,136,138,318
19,136,138,318,217
19,136,138,318,123,356
142,136,97
142,136,143
142,136,141,192
142,136,19,200
142,136,141,192,271
142,136,141,192,271,52
142,136,137,273
142,136,139,137,273
142,136,138,318
142,136,138,318,217
142,136,138,318,123,356
97,136,143
97,136,141,192
97,136,19,200
97,136,141,192,271
97,136,141,192,271,52
97,136,137,273
97,136,139,137,273
97,136,138,318
97,136,138,318,217
97,136,138,318,123,356
143,136,141,192
143,136,19,200
143,136,141,192,271
143,136,141,192,271,52
143,136,137,273
143,136,139,137,273
143,136,138,318
143,136,138,318,217
143,136,138,318,123,356
148,93
148,93,284
148,93,298
93,284
93,298
151,152
151,152,241
152,241
153,88
153,88,210
88,210
157,158
159,160
3,38,37,260
167,168
167,169
167,169,255
167,169,255,188
167,169,255,36
167,169,255,66
167,169,322
167,169,323
168,167,169
168,167,169,255
168,167,169,255,188
168,167,169,255,36
168,167,169,255,66
168,167,169,322
168,167,169,323
169,255
169,255,188
169,255,36
169,255,66
169,322
169,323
173,174
173,174,175
173,68,264,263
173,69,264,263
173,68,264
173,69,264
174,175
174,173,68,67,69,264,263
174,173,68,264,263
174,173,69,264,263
174,173,68,264
174,173,69,264
175,174,173,68,67,69,264,263
175,174,173,68,264,263
175,174,173,69,264,263
175,174,173,68,264
175,174,173,69,264
177,161
177,182
177,182,170
177,182,364
177,182,364,207
161,177,182
161,177,182,170
161,177,182,364
161,177,182,364,207
182,170
182,364
182,364,207
170,182,364
170,182,364,207
185,20,21,82,236,25,196
185,20,21,82,256,237,236,25,196
185,20,256,237,236,25,196
185,20,256,82,236,25,196
185,20,21,82,236,25,204
185,20,21,82,256,237,236,25,204
185,20,256,237,236,25,204
185,20,256,82,236,25,204
185,20,21,82,236
185,20,256,237,236
185,20,256,82,236
185,20,21,82,236,237
185,20,21,82,256,237
185,20,256,237
185,20,256
185,20,21,82,236,237,257
185,20,21,82,256,237,257
185,20,256,237,257
185,20,256,82,236,237,257
185,20,21,82,236,311
185,20,21,82,256,237,236,311
185,20,256,237,236,311
185,20,256,82,236,311
185,20,21,82,236,311,312
185,20,21,82,256,237,236,311,312
185,20,256,237,236,311,312
185,20,256,82,236,311,312
185,20,21,82,236,311,276
185,20,21,82,256,237,236,311,276
185,20,256,237,236,311,276
185,20,256,82,236,311,276
185,20,21,82,236,311,312,296
185,20,21,82,256,237,236,311,312,296
185,20,256,237,236,311,312,296
185,20,256,82,236,311,312,296
185,20,21,82,236,237,256,339
185,20,21,82,256,339
185,20,256,339
185,20,21,82,343,342
185,20,256,237,236,82,343,342
185,20,256,82,343,342
185,20,21,82,343,342,186
185,20,256,237,236,82,343,342,186
185,20,256,82,343,342,186
185,20,21,82,343
185,20,256,237,236,82,343
185,20,256,82,343
192,141,136,19,200
192,271
192,271,52
192,141,136,137,273
192,141,136,139,137,273
192,141,136,138,318
192,141,136,138,318,217
192,141,136,138,318,123,356
195,18
196,25,204
196,25,236
196,25,236,237
196,25,236,82,256
196,25,236,237,256
196,25,236,82,256,237,257
196,25,236,82,21,20,256,237,257
196,25,236,237,257
196,25,236,311
196,25,236,311,312
196,25,236,311,276
196,25,236,311,312,296
196,25,236,82,256,339
196,25,236,82,21,20,256,339
196,25,236,237,256,339
196,25,236,82,343,342
196,25,236,237,256,82,343,342
196,25,236,237,256,20,21,82,343,342
196,25,236,82,343,342,186
196,25,236,237,256,82,343,342,186
196,25,236,237,256,20,21,82,343,342,186
196,25,236,82,343
196,25,236,237,256,82,343
196,25,236,237,256,20,21,82,343
200,19,136,141,192,271
200,19,136,141,192,271,52
200,19,136,137,273
200,19,136,139,137,273
200,19,136,138,318
200,19,136,138,318,217
200,19,136,138,318,123,356
204,25,236
204,25,236,237
204,25,236,82,256
204,25,236,237,256
204,25,236,82,256,237,257
204,25,236,82,21,20,256,237,257
204,25,236,237,257
204,25,236,311
204,25,236,311,312
204,25,236,311,276
204,25,236,311,312,296
204,25,236,82,256,339
204,25,236,82,21,20,256,339
204,25,236,237,256,339
204,25,236,82,343,342
204,25,236,237,256,82,343,342
204,25,236,237,256,20,21,82,343,342
204,25,236,82,343,342,186
204,25,236,237,256,82,343,342,186
204,25,236,237,256,20,21,82,343,342,186
204,25,236,82,343
204,25,236,237,256,82,343
204,25,236,237,256,20,21,82,343
205,206
213,95,94,252
213,63,252
213,80,286
214,215
221,76
228,267,266
228,267
236,237
236,82,256
236,237,256
236,82,256,237,257
236,237,257
236,311
236,311,312
236,311,276
236,311,312,296
236,82,256,339
236,82,21,20,256,339
236,237,256,339
236,82,343,342
236,237,256,82,343,342
236,82,343,342,186
236,237,256,82,343,342,186
236,82,343
236,237,256,82,343
237,256
237,257
237,236,311
237,236,311,312
237,236,311,276
237,236,311,312,296
237,256,339
237,236,82,343,342
237,256,82,343,342
237,256,20,21,82,343,342
237,236,82,343,342,186
237,256,82,343,342,186
237,256,20,21,82,343,342,186
237,236,82,343
237,256,82,343
237,256,20,21,82,343
239,183
239,56
183,239,56
245,101,154
245,101,355
154,101,355
252,94,95,213,80,286
252,63,213,80,286
253,254
255,188
255,36
255,66
255,169,322
255,169,323
188,255,36
188,255,66
188,255,169,322
188,255,169,323
36,255,66
36,255,169,322
36,255,169,323
66,255,169,322
66,255,169,323
256,237,257
256,237,236,311
256,82,236,311
256,237,236,311,312
256,82,236,311,312
256,237,236,311,276
256,82,236,311,276
256,237,236,311,312,296
256,82,236,311,312,296
256,339
256,82,343,342
256,82,343,342,186
256,82,343
257,237,236,311
257,237,256,82,236,311
257,237,256,20,21,82,236,311
257,237,236,311,312
257,237,256,82,236,311,312
257,237,256,20,21,82,236,311,312
257,237,236,311,276
257,237,256,82,236,311,276
257,237,256,20,21,82,236,311,276
257,237,236,311,312,296
257,237,256,82,236,311,312,296
257,237,256,20,21,82,236,311,312,296
257,237,236,82,256,339
257,237,236,82,21,20,256,339
257,237,256,339
257,237,236,82,343,342
257,237,256,82,343,342
257,237,256,20,21,82,343,342
257,237,236,82,343,342,186
257,237,256,82,343,342,186
257,237,256,20,21,82,343,342,186
257,237,236,82,343
257,237,256,82,343
257,237,256,20,21,82,343
263,264
266,267
271,52
271,192,141,136,137,273
271,192,141,136,139,137,273
271,192,141,136,138,318
271,192,141,136,138,318,217
271,192,141,136,138,318,123,356
52,271,192,141,136,137,273
52,271,192,141,136,139,137,273
52,271,192,141,136,138,318
52,271,192,141,136,138,318,217
52,271,192,141,136,138,318,123,356
272,178
273,137,136,138,318
273,137,139,136,138,318
273,137,136,138,318,217
273,137,139,136,138,318,217
273,137,136,138,318,123,356
273,137,139,136,138,318,123,356
274,22
284,93,298
292,121,194
292,121,287
194,121,287
307,308
307,308,270
308,270
311,312
311,276
311,312,296
311,236,82,256,339
311,236,82,21,20,256,339
311,236,237,256,339
311,236,82,343,342
311,236,237,256,82,343,342
311,236,237,256,20,21,82,343,342
311,236,82,343,342,186
311,236,237,256,82,343,342,186
311,236,237,256,20,21,82,343,342,186
311,236,82,343
311,236,237,256,82,343
311,236,237,256,20,21,82,343
312,311,276
312,296
312,311,236,82,256,339
312,311,236,82,21,20,256,339
312,311,236,237,256,339
312,311,236,82,343,342
312,311,236,237,256,82,343,342
312,311,236,237,256,20,21,82,343,342
312,311,236,82,343,342,186
312,311,236,237,256,82,343,342,186
312,311,236,237,256,20,21,82,343,342,186
312,311,236,82,343
312,311,236,237,256,82,343
312,311,236,237,256,20,21,82,343
276,311,312,296
276,311,236,82,256,339
276,311,236,82,21,20,256,339
276,311,236,237,256,339
276,311,236,82,343,342
276,311,236,237,256,82,343,342
276,311,236,237,256,20,21,82,343,342
276,311,236,82,343,342,186
276,311,236,237,256,82,343,342,186
276,311,236,237,256,20,21,82,343,342,186
276,311,236,82,343
276,311,236,237,256,82,343
276,311,236,237,256,20,21,82,343
315,162
318,217
318,123,356
217,318,123,356
319,320
322,169,323
296,312,311,236,82,256,339
296,312,311,236,82,21,20,256,339
296,312,311,236,237,256,339
296,312,311,236,82,343,342
296,312,311,236,237,256,82,343,342
296,312,311,236,237,256,20,21,82,343,342
296,312,311,236,82,343,342,186
296,312,311,236,237,256,82,343,342,186
296,312,311,236,237,256,20,21,82,343,342,186
296,312,311,236,82,343
296,312,311,236,237,256,82,343
296,312,311,236,237,256,20,21,82,343
72,40,317
339,256,237,236,82,343,342
339,256,82,343,342
339,256,20,21,82,343,342
339,256,237,236,82,343,342,186
339,256,82,343,342,186
339,256,20,21,82,343,342,186
339,256,237,236,82,343
339,256,82,343
339,256,20,21,82,343
342,186
342,343
186,342,343
358,328
358,280
328,358,280
364,207
