3,4
3,4,197
4,197
15,16
17,18
40,41
40,41,94
40,41,100
40,41,516
40,41,707
40,41,820
40,41,1119
40,41,1171
40,41,1286
40,41,1299
41,94
41,100
41,516
41,707
41,820
41,1119
41,1171
41,1286
41,1299
54,55
54,56,718,55
54,56
54,55,718
54,56,718
55,54,56
55,718,56
55,718
56,718
57,58
57,59
57,1044
58,57,59
58,57,1044
59,57,1044
64,65
64,65,1317
65,1317
70,71
87,88
87,88,239
87,88,722
87,88,745
88,239
88,722
88,745
94,41,100
94,41,516
94,41,707
94,41,820
94,41,1119
94,41,1171
94,41,1286
94,41,1299
98,99
100,41,516
100,41,707
100,41,820
100,41,1119
100,41,1171
100,41,1286
100,41,1299
126,127
130,131
130,131,934
131,934
145,146
145,146,346
146,346
148,149
148,589,149
148,589
148,679
148,679,680
148,1237
148,1237,428
148,1237,1238
149,589
149,148,679
149,589,148,679
149,148,679,680
149,589,148,679,680
149,148,1237
149,589,148,1237
149,148,1237,428
149,589,148,1237,428
149,148,1237,1238
149,589,148,1237,1238
151,152
151,153
151,153,291
151,152,326
151,153,470
151,153,470,382
151,153,470,382,518
151,153,1203
151,153,470,382,1240
152,151,153
152,151,153,291
152,326
152,151,153,470
152,151,153,470,382
152,151,153,470,382,518
152,151,153,1203
152,151,153,470,382,1240
153,291
153,151,152,326
153,470
153,470,382
153,470,382,518
153,1203
153,470,382,1240
157,158
157,159
157,160
157,161
157,162
157,163
157,160,242
157,162,37
157,158,588
157,159,443
157,161,744
157,163,415
158,157,159
158,157,160
158,157,161
158,157,162
158,157,163
158,157,160,242
158,157,162,37
158,588
158,157,159,443
158,157,161,744
158,157,163,415
159,157,160
159,157,161
159,157,162
159,157,163
159,157,160,242
159,157,162,37
159,157,158,588
159,443
159,157,161,744
159,157,163,415
160,157,161
160,157,162
160,157,163
160,242
160,157,162,37
160,157,158,588
160,157,159,443
160,157,161,744
160,157,163,415
161,157,162
161,157,163
161,157,160,242
161,157,162,37
161,157,158,588
161,157,159,443
161,744
161,157,163,415
162,157,163
162,157,160,242
162,37
162,157,158,588
162,157,159,443
162,157,161,744
162,157,163,415
163,157,160,242
163,157,162,37
163,157,158,588
163,157,159,443
163,157,161,744
163,415
191,192
200,201
200,527,229,227
200,527,948,229,227
200,527,229,227,228
200,527,948,229,227,228
200,527,229
200,527,948,229
200,527,229,227,230
200,527,948,229,227,230
200,527,229,948,247
200,527,948,247
200,527,229,948,247,248
200,527,948,247,248
200,527
200,527,948
201,200,527,229,227
201,200,527,948,229,227
201,200,527,229,227,228
201,200,527,948,229,227,228
201,200,527,229
201,200,527,948,229
201,200,527,229,227,230
201,200,527,948,229,227,230
201,200,527,229,948,247
201,200,527,948,247
201,200,527,229,948,247,248
201,200,527,948,247,248
201,200,527
201,200,527,948
204,205
220,221
220,222
220,222,501
220,222,501,502
220,222,970
221,220,222
221,220,222,501
221,220,222,501,502
221,220,222,970
222,501
222,501,502
222,970
227,228
227,229
227,230
227,229,527,948,247
227,229,948,247
227,229,527,948,247,248
227,229,948,247,248
227,229,527
227,229,948,527
227,229,948
228,227,229
228,227,230
228,227,229,527,948,247
228,227,229,948,247
228,227,229,527,948,247,248
228,227,229,948,247,248
228,227,229,527
228,227,229,948,527
228,227,229,948
229,227,230
229,527,948,247
229,948,247
229,527,948,247,248
229,948,247,248
229,527
229,948,527
229,948
230,227,229,527,948,247
230,227,229,948,247
230,227,229,527,948,247,248
230,227,229,948,247,248
230,227,229,527
230,227,229,948,527
230,227,229,948
233,141
233,1022
233,1022,1023
141,233,1022
141,233,1022,1023
239,88,722
239,88,745
240,241
240,241,429
240,241,547
241,429
241,547
242,160,157,162,37
242,160,157,158,588
242,160,157,159,443
242,160,157,161,744
242,160,157,163,415
247,248
247,948,527
247,948
248,247,948,527
248,247,948
258,164
263,264
263,265
264,263,265
277,278
277,278,368
277,278,725
278,368
278,725
281,282
281,195,867,282
281,195,867,283,1148,282
281,195,925,282
281,195,1117,282
281,195,1148,282
281,283,867,282
281,283,867,195,925,282
281,283,867,195,1117,282
281,283,1148,282
281,283,1148,195,925,282
281,283,1148,195,1117,282
281,195
281,283,867,195
281,283,1148,195
281,283
281,282,867
281,282,925,195,867
281,282,925,195,1148,283,867
281,282,1117,195,867
281,282,1117,195,1148,283,867
281,282,1148,195,867
281,282,1148,283,867
281,195,867
281,195,1148,283,867
281,283,867
281,282,925
281,282,1117,195,925
281,282,1148,195,925
281,195,925
281,283,867,282,925
281,283,867,282,1117,195,925
281,283,867,195,925
281,283,1148,282,925
281,283,1148,282,1117,195,925
281,283,1148,195,925
281,282,1117
281,282,1148,195,1117
281,195,1117
281,283,867,282,1117
281,283,867,195,1117
281,283,1148,282,1117
281,283,1148,195,1117
281,282,1148
281,195,1148
281,283,1148
282,281,195
282,281,283,867,195
282,281,283,1148,195
282,867,195
282,867,283,1148,195
282,925,195
282,1117,195
282,1148,195
282,281,283
282,867,283
282,925,195,281,283
282,925,195,867,283
282,925,195,1148,283
282,1117,195,281,283
282,1117,195,867,283
282,1117,195,1148,283
282,1148,283
282,867
282,925,195,867
282,925,195,1148,283,867
282,1117,195,867
282,1117,195,1148,283,867
282,1148,195,867
282,1148,283,867
282,925
282,1117,195,925
282,1148,195,925
282,1117
282,1148,195,1117
282,1148
195,281,283
195,867,283
195,1148,283
195,867
195,1148,283,867
195,925
195,1117
195,1148
283,867
283,281,282,925
283,281,282,1117,195,925
283,281,195,925
283,867,282,925
283,867,282,1117,195,925
283,867,195,925
283,1148,282,925
283,1148,282,1117,195,925
283,1148,195,925
283,281,282,1117
283,281,195,1117
283,867,282,1117
283,867,195,1117
283,1148,282,1117
283,1148,195,1117
283,1148
291,153,151,152,326
291,153,470
291,153,470,382
291,153,470,382,518
291,153,1203
291,153,470,382,1240
37,162,157,158,588
37,162,157,159,443
37,162,157,161,744
37,162,157,163,415
306,307
306,308
307,306,308
309,310
309,133
310,309,133
311,312
315,124
317,49
317,49,1281
49,1281
323,150
326,152,151,153,470
326,152,151,153,470,382
326,152,151,153,470,382,518
326,152,151,153,1203
326,152,151,153,470,382,1240
348,349
348,349,1031,875
348,349,1031,875,876
348,349,494
348,349,1031
349,1031,875
349,1031,875,876
349,494
349,1031
363,364
363,364,957
364,957
365,366
368,278,725
374,375
374,31
374,375,548
374,375,548,549
374,375,603
374,375,603,394
374,375,884
374,375,884,848
374,375,1112
374,375,1112,982
374,375,1180
374,375,1180,259
375,374,31
375,548
375,548,549
375,603
375,603,394
375,884
375,884,848
375,1112
375,1112,982
375,1180
375,1180,259
31,374,375,548
31,374,375,548,549
31,374,375,603
31,374,375,603,394
31,374,375,884
31,374,375,884,848
31,374,375,1112
31,374,375,1112,982
31,374,375,1180
31,374,375,1180,259
380,381
380,381,1079
380,381,1079,1056
381,1079
381,1079,1056
396,397
414,360
425,42
425,42,1327
42,1327
429,241,547
446,447
446,447,628
447,628
450,451
450,407
451,450,407
470,382
470,382,518
470,153,1203
470,382,1240
382,518
382,470,153,1203
382,1240
473,474
473,475,1130,193,474
473,475,1130,683,474
473,475,1213,193,1130,683,474
473,475,1213,193,474
473,475
473,476
473,477
473,478
473,479
473,474,193,1130
473,474,193,1213,475,1130
473,474,683,1130
473,475,1130
473,475,1213,193,1130
473,474,193
473,474,683,1130,193
473,475,1130,193
473,475,1130,683,474,193
473,475,1213,193
473,474,683
473,475,1130,683
473,475,1213,193,1130,683
473,475,1213,193,474,683
473,474,193,1130,475,1198
473,474,193,1213,475,1198
473,474,683,1130,193,1213,475,1198
473,474,683,1130,475,1198
473,475,1198
473,474,193,1213
473,474,683,1130,193,1213
473,474,683,1130,475,1213
473,475,1213
473,474,193,1130,475,1310
473,474,193,1213,475,1310
473,474,683,1130,193,1213,475,1310
473,474,683,1130,475,1310
473,475,1310
474,473,475
474,193,1130,475
474,193,1213,475
474,683,1130,193,1213,475
474,683,1130,475
474,473,476
474,193,1130,475,473,476
474,193,1213,475,473,476
474,683,1130,193,1213,475,473,476
474,683,1130,475,473,476
474,473,477
474,193,1130,475,473,477
474,193,1213,475,473,477
474,683,1130,193,1213,475,473,477
474,683,1130,475,473,477
474,473,478
474,193,1130,475,473,478
474,193,1213,475,473,478
474,683,1130,193,1213,475,473,478
474,683,1130,475,473,478
474,473,479
474,193,1130,475,473,479
474,193,1213,475,473,479
474,683,1130,193,1213,475,473,479
474,683,1130,475,473,479
474,473,475,1130
474,193,1130
474,193,1213,475,1130
474,683,1130
474,193
474,683,1130,193
474,683
474,473,475,1198
474,193,1130,475,1198
474,193,1213,475,1198
474,683,1130,193,1213,475,1198
474,683,1130,475,1198
474,473,475,1213
474,193,1213
474,683,1130,193,1213
474,683,1130,475,1213
474,473,475,1310
474,193,1130,475,1310
474,193,1213,475,1310
474,683,1130,193,1213,475,1310
474,683,1130,475,1310
475,473,476
475,473,477
475,473,478
475,473,479
475,1130
475,1213,193,1130
475,473,474,193
475,1130,193
475,1130,683,474,193
475,1213,193
475,473,474,683
475,1130,683
475,1213,193,1130,683
475,1213,193,474,683
475,1198
475,1213
475,1310
476,473,477
476,473,478
476,473,479
476,473,474,193,1130
476,473,474,193,1213,475,1130
476,473,474,683,1130
476,473,475,1130
476,473,475,1213,193,1130
476,473,474,193
476,473,474,683,1130,193
476,473,475,1130,193
476,473,475,1130,683,474,193
476,473,475,1213,193
476,473,474,683
476,473,475,1130,683
476,473,475,1213,193,1130,683
476,473,475,1213,193,474,683
476,473,474,193,1130,475,1198
476,473,474,193,1213,475,1198
476,473,474,683,1130,193,1213,475,1198
476,473,474,683,1130,475,1198
476,473,475,1198
476,473,474,193,1213
476,473,474,683,1130,193,1213
476,473,474,683,1130,475,1213
476,473,475,1213
476,473,474,193,1130,475,1310
476,473,474,193,1213,475,1310
476,473,474,683,1130,193,1213,475,1310
476,473,474,683,1130,475,1310
476,473,475,1310
477,473,478
477,473,479
477,473,474,193,1130
477,473,474,193,1213,475,1130
477,473,474,683,1130
477,473,475,1130
477,473,475,1213,193,1130
477,473,474,193
477,473,474,683,1130,193
477,473,475,1130,193
477,473,475,1130,683,474,193
477,473,475,1213,193
477,473,474,683
477,473,475,1130,683
477,473,475,1213,193,1130,683
477,473,475,1213,193,474,683
477,473,474,193,1130,475,1198
477,473,474,193,1213,475,1198
477,473,474,683,1130,193,1213,475,1198
477,473,474,683,1130,475,1198
477,473,475,1198
477,473,474,193,1213
477,473,474,683,1130,193,1213
477,473,474,683,1130,475,1213
477,473,475,1213
477,473,474,193,1130,475,1310
477,473,474,193,1213,475,1310
477,473,474,683,1130,193,1213,475,1310
477,473,474,683,1130,475,1310
477,473,475,1310
478,473,479
478,473,474,193,1130
478,473,474,193,1213,475,1130
478,473,474,683,1130
478,473,475,1130
478,473,475,1213,193,1130
478,473,474,193
478,473,474,683,1130,193
478,473,475,1130,193
478,473,475,1130,683,474,193
478,473,475,1213,193
478,473,474,683
478,473,475,1130,683
478,473,475,1213,193,1130,683
478,473,475,1213,193,474,683
478,473,474,193,1130,475,1198
478,473,474,193,1213,475,1198
478,473,474,683,1130,193,1213,475,1198
478,473,474,683,1130,475,1198
478,473,475,1198
478,473,474,193,1213
478,473,474,683,1130,193,1213
478,473,474,683,1130,475,1213
478,473,475,1213
478,473,474,193,1130,475,1310
478,473,474,193,1213,475,1310
478,473,474,683,1130,193,1213,475,1310
478,473,474,683,1130,475,1310
478,473,475,1310
479,473,474,193,1130
479,473,474,193,1213,475,1130
479,473,474,683,1130
479,473,475,1130
479,473,475,1213,193,1130
479,473,474,193
479,473,474,683,1130,193
479,473,475,1130,193
479,473,475,1130,683,474,193
479,473,475,1213,193
479,473,474,683
479,473,475,1130,683
479,473,475,1213,193,1130,683
479,473,475,1213,193,474,683
479,473,474,193,1130,475,1198
479,473,474,193,1213,475,1198
479,473,474,683,1130,193,1213,475,1198
479,473,474,683,1130,475,1198
479,473,475,1198
479,473,474,193,1213
479,473,474,683,1130,193,1213
479,473,474,683,1130,475,1213
479,473,475,1213
479,473,474,193,1130,475,1310
479,473,474,193,1213,475,1310
479,473,474,683,1130,193,1213,475,1310
479,473,474,683,1130,475,1310
479,473,475,1310
501,502
501,222,970
502,501,222,970
508,509
516,41,707
516,41,820
516,41,1119
516,41,1171
516,41,1286
516,41,1299
518,382,470,153,1203
518,382,1240
525,526
527,948
530,531
532,915
548,549
548,375,603
548,375,603,394
548,375,884
548,375,884,848
548,375,1112
548,375,1112,982
548,375,1180
548,375,1180,259
549,548,375,603
549,548,375,603,394
549,548,375,884
549,548,375,884,848
549,548,375,1112
549,548,375,1112,982
549,548,375,1180
549,548,375,1180,259
556,232
557,558
557,558,571
557,558,571,639
558,571
558,571,639
559,560
559,560,624
560,624
561,536
566,60
571,639
589,148,679
589,148,679,680
589,148,1237
589,148,1237,428
589,148,1237,1238
603,394
603,375,884
603,375,884,848
603,375,1112
603,375,1112,982
603,375,1180
603,375,1180,259
394,603,375,884
394,603,375,884,848
394,603,375,1112
394,603,375,1112,982
394,603,375,1180
394,603,375,1180,259
604,496
605,12
605,606,644,12
605,607,644,12
605,608,644,12
605,608,645,643,644,12
605,643,644,12
605,606
605,607,644,606
605,608,644,606
605,608,645,643,644,606
605,643,644,606
605,607
605,608,644,607
605,608,645,643,644,607
605,643,644,607
605,608
605,643,644,608
605,643,645,608
605,643
605,12,644
605,606,644
605,607,644
605,608,644
605,608,645,643,644
605,643,644
605,12,644,643,645
605,12,644,608,645
605,606,644,643,645
605,606,644,608,645
605,607,644,643,645
605,607,644,608,645
605,608,645
605,643,645
605,12,644,643,645,608,890
605,12,644,608,890
605,606,644,643,645,608,890
605,606,644,608,890
605,607,644,643,645,608,890
605,607,644,608,890
605,608,890
605,643,644,608,890
605,643,645,608,890
12,605,606
12,605,607,644,606
12,605,608,644,606
12,605,608,645,643,644,606
12,605,643,644,606
12,644,606
12,605,607
12,605,608,644,607
12,605,608,645,643,644,607
12,605,643,644,607
12,644,607
12,605,608
12,605,643,644,608
12,605,643,645,608
12,644,643,645,608
12,644,608
12,605,643
12,644,643
12,644
12,605,606,644,643,645
12,605,606,644,608,645
12,605,607,644,643,645
12,605,607,644,608,645
12,605,608,645
12,605,643,645
12,644,643,645
12,644,608,645
12,605,606,644,643,645,608,890
12,605,606,644,608,890
12,605,607,644,643,645,608,890
12,605,607,644,608,890
12,605,608,890
12,605,643,644,608,890
12,605,643,645,608,890
12,644,643,645,608,890
12,644,608,890
606,605,607
606,605,608,644,607
606,605,608,645,643,644,607
606,605,643,644,607
606,644,607
606,605,608
606,605,643,644,608
606,605,643,645,608
606,644,643,645,608
606,644,608
606,605,643
606,644,643
606,644
606,605,607,644,643,645
606,605,607,644,608,645
606,605,608,645
606,605,643,645
606,644,643,645
606,644,608,645
606,605,607,644,643,645,608,890
606,605,607,644,608,890
606,605,608,890
606,605,643,644,608,890
606,605,643,645,608,890
606,644,643,645,608,890
606,644,608,890
607,605,608
607,605,643,644,608
607,605,643,645,608
607,644,643,645,608
607,644,608
607,605,643
607,644,643
607,644
607,605,608,645
607,605,643,645
607,644,643,645
607,644,608,645
607,605,608,890
607,605,643,644,608,890
607,605,643,645,608,890
607,644,643,645,608,890
607,644,608,890
608,605,643
608,644,643
608,645,643
608,644
608,645,643,644
608,645
608,890
625,73
625,1174
625,1174,881
625,1174,676
73,625,1174
73,625,1174,881
73,625,1174,676
632,633
643,644
643,645
643,644,608,890
643,605,608,890
643,645,608,890
644,643,645
644,608,645
644,643,645,608,890
644,608,890
645,608,890
665,666
679,680
679,148,1237
679,148,1237,428
679,148,1237,1238
680,679,148,1237
680,679,148,1237,428
680,679,148,1237,1238
689,389
693,694
693,694,951
693,694,1116
693,694,1235
694,951
694,1116
694,1235
699,700
699,701
700,699,701
707,41,820
707,41,1119
707,41,1171
707,41,1286
707,41,1299
722,88,745
729,730
735,736
735,736,1134
735,736,355
736,1134
736,355
752,753
752,754
752,753,812
753,752,754
753,812
754,752,753,812
588,158,157,159,443
588,158,157,161,744
588,158,157,163,415
786,783
809,408
820,41,1119
820,41,1171
820,41,1286
820,41,1299
822,114
443,159,157,161,744
443,159,157,163,415
825,826
825,826,1208
826,1208
827,828
840,841
867,282,925
867,282,1117,195,925
867,282,1148,195,925
867,195,925
867,283,1148,282,925
867,283,1148,282,1117,195,925
867,283,1148,195,925
867,282,1117
867,282,1148,195,1117
867,195,1117
867,283,1148,282,1117
867,283,1148,195,1117
867,282,1148
867,195,1148
867,283,1148
874,51
874,51,1169
51,1169
875,876
875,1031,349,494
875,1031
876,875,1031,349,494
876,875,1031
884,848
884,375,1112
884,375,1112,982
884,375,1180
884,375,1180,259
848,884,375,1112
848,884,375,1112,982
848,884,375,1180
848,884,375,1180,259
894,411
899,900
901,578
903,904
903,905
903,20
903,356
903,612
903,740
903,906
903,769
903,907
904,903,905
904,903,20
904,903,356
904,903,612
904,903,740
904,903,906
904,903,769
904,903,907
905,903,20
905,903,356
905,903,612
905,903,740
905,903,906
905,903,769
905,903,907
20,903,356
20,903,612
20,903,740
20,903,906
20,903,769
20,903,907
356,903,612
356,903,740
356,903,906
356,903,769
356,903,907
612,903,740
612,903,906
612,903,769
612,903,907
740,903,906
740,903,769
740,903,907
906,903,769
906,903,907
769,903,907
912,913
925,282,1117
925,282,1148,195,1117
925,195,1117
925,282,1148
925,195,1148
928,892
928,464
928,929
928,929,950
928,929,950,147
928,929,950,611
892,928,464
892,928,929
892,928,929,950
892,928,929,950,147
892,928,929,950,611
464,928,929
464,928,929,950
464,928,929,950,147
464,928,929,950,611
929,950
929,950,147
929,950,611
950,147
950,611
147,950,611
951,694,1116
951,694,1235
953,182
990,598
990,598,1073
598,1073
991,168
991,168,1247
168,1247
1012,583
1016,1017
1020,1021
1022,1023
1024,791
1024,601
791,1024,601
494,349,1031
1043,66
1058,1
1058,1,1277
1,1277
1079,1056
1080,784
1098,92
1098,1296
92,1098,1296
1100,1029
1106,1145
1112,982
1112,375,1180
1112,375,1180,259
982,1112,375,1180
982,1112,375,1180,259
1116,694,1235
1117,282,1148
1117,195,1148
1119,41,1171
1119,41,1286
1119,41,1299
1124,997
1128,111
1130,193
1130,683
1130,193,1213,475,1198
1130,475,1198
1130,193,1213
1130,475,1213
1130,193,1213,475,1310
1130,475,1310
193,1130,683
193,474,683
193,1130,683,474,473,475,1198
193,1130,475,1198
193,1213,475,1198
193,474,473,475,1198
193,474,683,1130,475,1198
193,1213
193,1130,683,474,473,475,1310
193,1130,475,1310
193,1213,475,1310
193,474,473,475,1310
193,474,683,1130,475,1310
683,1130,193,1213,475,1198
683,1130,475,1198
683,474,473,475,1198
683,474,193,1213,475,1198
683,1130,193,1213
683,1130,475,1213
683,474,473,475,1213
683,474,193,1213
683,1130,193,1213,475,1310
683,1130,475,1310
683,474,473,475,1310
683,474,193,1213,475,1310
1132,716
1134,736,355
1136,1114
744,161,157,163,415
1153,653
1158,515
1171,41,1286
1171,41,1299
1174,881
1174,676
881,1174,676
1179,472
1179,838
1179,1300
472,1179,838
472,1179,1300
838,1179,1300
1180,259
1189,1190
1198,475,1213
1198,475,1310
1203,153,470,382,1240
1209,471
1213,475,1310
1214,47
1226,1227
1237,428
1237,1238
428,1237,1238
1279,300
1285,1049
1286,41,1299
1318,154
1324,534
1325,505
1330,378
1331,1332
1335,774
1353,1143
