1,2
1,3
1,2,183,54,80
1,2,183,54
1,2,183
2,1,3
2,183,54,80
2,183,54
2,183
3,1,2,183,54,80
3,1,2,183,54
3,1,2,183
14,15
14,15,43
14,15,43,6
14,15,43,46,93,6
14,15,43,46,180,6
14,15,43,47,180,6
14,15,43,47,180,46,93,6
14,15,43,48,180,6
14,15,43,48,180,46,93,6
14,15,43,44
14,15,43,45
14,15,43,46
14,15,43,47,180,46
14,15,43,48,180,46
14,15,43,47
14,15,43,48,180,47
14,15,43,48
14,15,76
14,15,43,6,93,46,77
14,15,43,6,180,46,77
14,15,43,46,77
14,15,43,47,180,6,93,46,77
14,15,43,47,180,46,77
14,15,43,48,180,6,93,46,77
14,15,43,48,180,46,77
14,15,43,6,93,46,77,78
14,15,43,6,180,46,77,78
14,15,43,46,77,78
14,15,43,47,180,6,93,46,77,78
14,15,43,47,180,46,77,78
14,15,43,48,180,6,93,46,77,78
14,15,43,48,180,46,77,78
14,15,43,6,93,46,77,79
14,15,43,6,180,46,77,79
14,15,43,46,77,79
14,15,43,47,180,6,93,46,77,79
14,15,43,47,180,46,77,79
14,15,43,48,180,6,93,46,77,79
14,15,43,48,180,46,77,79
14,15,43,6,93,46,77,30
14,15,43,6,180,46,77,30
14,15,43,46,77,30
14,15,43,47,180,6,93,46,77,30
14,15,43,47,180,46,77,30
14,15,43,48,180,6,93,46,77,30
14,15,43,48,180,46,77,30
14,15,43,6,93,46,77,29
14,15,43,6,180,46,77,29
14,15,43,46,77,29
14,15,43,47,180,6,93,46,77,29
14,15,43,47,180,46,77,29
14,15,43,48,180,6,93,46,77,29
14,15,43,48,180,46,77,29
14,15,43,6,86
14,15,43,46,93,6,86
14,15,43,46,180,6,86
14,15,43,47,180,6,86
14,15,43,47,180,46,93,6,86
14,15,43,48,180,6,86
14,15,43,48,180,46,93,6,86
14,15,43,6,93
14,15,43,6,180,46,93
14,15,43,46,93
14,15,43,47,180,6,93
14,15,43,47,180,46,93
14,15,43,48,180,6,93
14,15,43,48,180,46,93
14,15,43,6,93,46,124
14,15,43,6,180,46,124
14,15,43,46,124
14,15,43,47,180,6,93,46,124
14,15,43,47,180,46,124
14,15,43,48,180,6,93,46,124
14,15,43,48,180,46,124
14,15,158
14,15,43,6,93,46,180,18,161
14,15,43,6,180,18,161
14,15,43,46,180,18,161
14,15,43,47,180,18,161
14,15,43,48,180,18,161
14,15,43,6,93,46,180,18
14,15,43,6,180,18
14,15,43,46,180,18
14,15,43,47,180,18
14,15,43,48,180,18
14,15,43,6,180
14,15,43,46,180
14,15,43,47,180
14,15,43,48,180
14,15,43,6,93,46,180,169
14,15,43,6,180,169
14,15,43,46,180,169
14,15,43,47,180,169
14,15,43,48,180,169
15,43
15,43,6
15,43,46,93,6
15,43,46,180,6
15,43,47,180,6
15,43,47,180,46,93,6
15,43,48,180,6
15,43,48,180,46,93,6
15,43,44
15,43,45
15,43,46
15,43,47,180,46
15,43,48,180,46
15,43,47
15,43,48,180,47
15,43,48
15,76
15,43,6,93,46,77
15,43,6,180,46,77
15,43,46,77
15,43,47,180,6,93,46,77
15,43,47,180,46,77
15,43,48,180,6,93,46,77
15,43,48,180,46,77
15,43,6,93,46,77,78
15,43,6,180,46,77,78
15,43,46,77,78
15,43,47,180,6,93,46,77,78
15,43,47,180,46,77,78
15,43,48,180,6,93,46,77,78
15,43,48,180,46,77,78
15,43,6,93,46,77,79
15,43,6,180,46,77,79
15,43,46,77,79
15,43,47,180,6,93,46,77,79
15,43,47,180,46,77,79
15,43,48,180,6,93,46,77,79
15,43,48,180,46,77,79
15,43,6,93,46,77,30
15,43,6,180,46,77,30
15,43,46,77,30
15,43,47,180,6,93,46,77,30
15,43,47,180,46,77,30
15,43,48,180,6,93,46,77,30
15,43,48,180,46,77,30
15,43,6,93,46,77,29
15,43,6,180,46,77,29
15,43,46,77,29
15,43,47,180,6,93,46,77,29
15,43,47,180,46,77,29
15,43,48,180,6,93,46,77,29
15,43,48,180,46,77,29
15,43,6,86
15,43,46,93,6,86
15,43,46,180,6,86
15,43,47,180,6,86
15,43,47,180,46,93,6,86
15,43,48,180,6,86
15,43,48,180,46,93,6,86
15,43,6,93
15,43,6,180,46,93
15,43,46,93
15,43,47,180,6,93
15,43,47,180,46,93
15,43,48,180,6,93
15,43,48,180,46,93
15,43,6,93,46,124
15,43,6,180,46,124
15,43,46,124
15,43,47,180,6,93,46,124
15,43,47,180,46,124
15,43,48,180,6,93,46,124
15,43,48,180,46,124
15,158
15,43,6,93,46,180,18,161
15,43,6,180,18,161
15,43,46,180,18,161
15,43,47,180,18,161
15,43,48,180,18,161
15,43,6,93,46,180,18
15,43,6,180,18
15,43,46,180,18
15,43,47,180,18
15,43,48,180,18
15,43,6,180
15,43,46,180
15,43,47,180
15,43,48,180
15,43,6,93,46,180,169
15,43,6,180,169
15,43,46,180,169
15,43,47,180,169
15,43,48,180,169
21,22
21,22,126
22,126
38,39
38,40
38,40,159
39,38,40
39,38,40,159
40,159
43,6
43,46,93,6
43,46,180,6
43,47,180,6
43,47,180,46,93,6
43,48,180,6
43,48,180,46,93,6
43,44
43,45
43,46
43,47,180,46
43,48,180,46
43,47
43,48,180,47
43,48
43,15,76
43,6,93,46,77
43,6,180,46,77
43,46,77
43,47,180,6,93,46,77
43,47,180,46,77
43,48,180,6,93,46,77
43,48,180,46,77
43,6,93,46,77,78
43,6,180,46,77,78
43,46,77,78
43,47,180,6,93,46,77,78
43,47,180,46,77,78
43,48,180,6,93,46,77,78
43,48,180,46,77,78
43,6,93,46,77,79
43,6,180,46,77,79
43,46,77,79
43,47,180,6,93,46,77,79
43,47,180,46,77,79
43,48,180,6,93,46,77,79
43,48,180,46,77,79
43,6,93,46,77,30
43,6,180,46,77,30
43,46,77,30
43,47,180,6,93,46,77,30
43,47,180,46,77,30
43,48,180,6,93,46,77,30
43,48,180,46,77,30
43,6,93,46,77,29
43,6,180,46,77,29
43,46,77,29
43,47,180,6,93,46,77,29
43,47,180,46,77,29
43,48,180,6,93,46,77,29
43,48,180,46,77,29
43,6,86
43,46,93,6,86
43,46,180,6,86
43,47,180,6,86
43,47,180,46,93,6,86
43,48,180,6,86
43,48,180,46,93,6,86
43,6,93
43,6,180,46,93
43,46,93
43,47,180,6,93
43,47,180,46,93
43,48,180,6,93
43,48,180,46,93
43,6,93,46,124
43,6,180,46,124
43,46,124
43,47,180,6,93,46,124
43,47,180,46,124
43,48,180,6,93,46,124
43,48,180,46,124
43,15,158
43,6,93,46,180,18,161
43,6,180,18,161
43,46,180,18,161
43,47,180,18,161
43,48,180,18,161
43,6,93,46,180,18
43,6,180,18
43,46,180,18
43,47,180,18
43,48,180,18
43,6,180
43,46,180
43,47,180
43,48,180
43,6,93,46,180,169
43,6,180,169
43,46,180,169
43,47,180,169
43,48,180,169
6,43,44
6,93,46,43,44
6,93,46,180,47,43,44
6,93,46,180,48,43,44
6,180,46,43,44
6,180,47,43,44
6,180,48,43,44
6,43,45
6,93,46,43,45
6,93,46,180,47,43,45
6,93,46,180,48,43,45
6,180,46,43,45
6,180,47,43,45
6,180,48,43,45
6,43,46
6,43,47,180,46
6,43,48,180,46
6,93,46
6,180,46
6,43,47
6,43,48,180,47
6,93,46,43,47
6,93,46,43,48,180,47
6,93,46,180,47
6,180,47
6,43,48
6,93,46,43,48
6,93,46,180,48
6,180,48
6,43,15,76
6,93,46,43,15,76
6,93,46,180,47,43,15,76
6,93,46,180,48,43,15,76
6,180,46,43,15,76
6,180,47,43,15,76
6,180,48,43,15,76
6,43,46,77
6,43,47,180,46,77
6,43,48,180,46,77
6,93,46,77
6,180,46,77
6,43,46,77,78
6,43,47,180,46,77,78
6,43,48,180,46,77,78
6,93,46,77,78
6,180,46,77,78
6,43,46,77,79
6,43,47,180,46,77,79
6,43,48,180,46,77,79
6,93,46,77,79
6,180,46,77,79
6,43,46,77,30
6,43,47,180,46,77,30
6,43,48,180,46,77,30
6,93,46,77,30
6,180,46,77,30
6,43,46,77,29
6,43,47,180,46,77,29
6,43,48,180,46,77,29
6,93,46,77,29
6,180,46,77,29
6,86
6,93
6,180,46,93
6,43,46,124
6,43,47,180,46,124
6,43,48,180,46,124
6,93,46,124
6,180,46,124
6,43,15,158
6,93,46,43,15,158
6,93,46,180,47,43,15,158
6,93,46,180,48,43,15,158
6,180,46,43,15,158
6,180,47,43,15,158
6,180,48,43,15,158
6,43,46,180,18,161
6,43,47,180,18,161
6,43,48,180,18,161
6,93,46,43,47,180,18,161
6,93,46,43,48,180,18,161
6,93,46,180,18,161
6,180,18,161
6,43,46,180,18
6,43,47,180,18
6,43,48,180,18
6,93,46,43,47,180,18
6,93,46,43,48,180,18
6,93,46,180,18
6,180,18
6,180
6,43,46,180,169
6,43,47,180,169
6,43,48,180,169
6,93,46,43,47,180,169
6,93,46,43,48,180,169
6,93,46,180,169
6,180,169
44,43,45
44,43,46
44,43,47,180,46
44,43,48,180,46
44,43,47
44,43,48,180,47
44,43,48
44,43,15,76
44,43,6,93,46,77
44,43,6,180,46,77
44,43,46,77
44,43,47,180,6,93,46,77
44,43,47,180,46,77
44,43,48,180,6,93,46,77
44,43,48,180,46,77
44,43,6,93,46,77,78
44,43,6,180,46,77,78
44,43,46,77,78
44,43,47,180,6,93,46,77,78
44,43,47,180,46,77,78
44,43,48,180,6,93,46,77,78
44,43,48,180,46,77,78
44,43,6,93,46,77,79
44,43,6,180,46,77,79
44,43,46,77,79
44,43,47,180,6,93,46,77,79
44,43,47,180,46,77,79
44,43,48,180,6,93,46,77,79
44,43,48,180,46,77,79
44,43,6,93,46,77,30
44,43,6,180,46,77,30
44,43,46,77,30
44,43,47,180,6,93,46,77,30
44,43,47,180,46,77,30
44,43,48,180,6,93,46,77,30
44,43,48,180,46,77,30
44,43,6,93,46,77,29
44,43,6,180,46,77,29
44,43,46,77,29
44,43,47,180,6,93,46,77,29
44,43,47,180,46,77,29
44,43,48,180,6,93,46,77,29
44,43,48,180,46,77,29
44,43,6,86
44,43,46,93,6,86
44,43,46,180,6,86
44,43,47,180,6,86
44,43,47,180,46,93,6,86
44,43,48,180,6,86
44,43,48,180,46,93,6,86
44,43,6,93
44,43,6,180,46,93
44,43,46,93
44,43,47,180,6,93
44,43,47,180,46,93
44,43,48,180,6,93
44,43,48,180,46,93
44,43,6,93,46,124
44,43,6,180,46,124
44,43,46,124
44,43,47,180,6,93,46,124
44,43,47,180,46,124
44,43,48,180,6,93,46,124
44,43,48,180,46,124
44,43,15,158
44,43,6,93,46,180,18,161
44,43,6,180,18,161
44,43,46,180,18,161
44,43,47,180,18,161
44,43,48,180,18,161
44,43,6,93,46,180,18
44,43,6,180,18
44,43,46,180,18
44,43,47,180,18
44,43,48,180,18
44,43,6,180
44,43,46,180
44,43,47,180
44,43,48,180
44,43,6,93,46,180,169
44,43,6,180,169
44,43,46,180,169
44,43,47,180,169
44,43,48,180,169
45,43,46
45,43,47,180,46
45,43,48,180,46
45,43,47
45,43,48,180,47
45,43,48
45,43,15,76
45,43,6,93,46,77
45,43,6,180,46,77
45,43,46,77
45,43,47,180,6,93,46,77
45,43,47,180,46,77
45,43,48,180,6,93,46,77
45,43,48,180,46,77
45,43,6,93,46,77,78
45,43,6,180,46,77,78
45,43,46,77,78
45,43,47,180,6,93,46,77,78
45,43,47,180,46,77,78
45,43,48,180,6,93,46,77,78
45,43,48,180,46,77,78
45,43,6,93,46,77,79
45,43,6,180,46,77,79
45,43,46,77,79
45,43,47,180,6,93,46,77,79
45,43,47,180,46,77,79
45,43,48,180,6,93,46,77,79
45,43,48,180,46,77,79
45,43,6,93,46,77,30
45,43,6,180,46,77,30
45,43,46,77,30
45,43,47,180,6,93,46,77,30
45,43,47,180,46,77,30
45,43,48,180,6,93,46,77,30
45,43,48,180,46,77,30
45,43,6,93,46,77,29
45,43,6,180,46,77,29
45,43,46,77,29
45,43,47,180,6,93,46,77,29
45,43,47,180,46,77,29
45,43,48,180,6,93,46,77,29
45,43,48,180,46,77,29
45,43,6,86
45,43,46,93,6,86
45,43,46,180,6,86
45,43,47,180,6,86
45,43,47,180,46,93,6,86
45,43,48,180,6,86
45,43,48,180,46,93,6,86
45,43,6,93
45,43,6,180,46,93
45,43,46,93
45,43,47,180,6,93
45,43,47,180,46,93
45,43,48,180,6,93
45,43,48,180,46,93
45,43,6,93,46,124
45,43,6,180,46,124
45,43,46,124
45,43,47,180,6,93,46,124
45,43,47,180,46,124
45,43,48,180,6,93,46,124
45,43,48,180,46,124
45,43,15,158
45,43,6,93,46,180,18,161
45,43,6,180,18,161
45,43,46,180,18,161
45,43,47,180,18,161
45,43,48,180,18,161
45,43,6,93,46,180,18
45,43,6,180,18
45,43,46,180,18
45,43,47,180,18
45,43,48,180,18
45,43,6,180
45,43,46,180
45,43,47,180
45,43,48,180
45,43,6,93,46,180,169
45,43,6,180,169
45,43,46,180,169
45,43,47,180,169
45,43,48,180,169
46,43,47
46,43,48,180,47
46,180,47
46,43,48
46,180,48
46,43,15,76
46,180,47,43,15,76
46,180,48,43,15,76
46,77
46,77,78
46,77,79
46,77,30
46,77,29
46,43,6,86
46,43,47,180,6,86
46,43,48,180,6,86
46,93,6,86
46,180,6,86
46,93
46,124
46,43,15,158
46,180,47,43,15,158
46,180,48,43,15,158
46,43,47,180,18,161
46,43,48,180,18,161
46,180,18,161
46,43,47,180,18
46,43,48,180,18
46,180,18
46,180
46,43,47,180,169
46,43,48,180,169
46,180,169
47,43,48
47,180,48
47,43,15,76
47,180,48,43,15,76
47,43,6,93,46,77
47,43,46,77
47,43,48,180,6,93,46,77
47,43,48,180,46,77
47,180,6,93,46,77
47,180,46,77
47,43,6,93,46,77,78
47,43,46,77,78
47,43,48,180,6,93,46,77,78
47,43,48,180,46,77,78
47,180,6,93,46,77,78
47,180,46,77,78
47,43,6,93,46,77,79
47,43,46,77,79
47,43,48,180,6,93,46,77,79
47,43,48,180,46,77,79
47,180,6,93,46,77,79
47,180,46,77,79
47,43,6,93,46,77,30
47,43,46,77,30
47,43,48,180,6,93,46,77,30
47,43,48,180,46,77,30
47,180,6,93,46,77,30
47,180,46,77,30
47,43,6,93,46,77,29
47,43,46,77,29
47,43,48,180,6,93,46,77,29
47,43,48,180,46,77,29
47,180,6,93,46,77,29
47,180,46,77,29
47,43,6,86
47,43,46,93,6,86
47,43,48,180,6,86
47,43,48,180,46,93,6,86
47,180,6,86
47,180,46,93,6,86
47,43,6,93
47,43,46,93
47,43,48,180,6,93
47,43,48,180,46,93
47,180,6,93
47,180,46,93
47,43,6,93,46,124
47,43,46,124
47,43,48,180,6,93,46,124
47,43,48,180,46,124
47,180,6,93,46,124
47,180,46,124
47,43,15,158
47,180,48,43,15,158
47,43,48,180,18,161
47,180,18,161
47,43,48,180,18
47,180,18
47,180
47,43,48,180,169
47,180,169
48,43,15,76
48,43,6,93,46,77
48,43,46,77
48,180,6,93,46,77
48,180,46,77
48,43,6,93,46,77,78
48,43,46,77,78
48,180,6,93,46,77,78
48,180,46,77,78
48,43,6,93,46,77,79
48,43,46,77,79
48,180,6,93,46,77,79
48,180,46,77,79
48,43,6,93,46,77,30
48,43,46,77,30
48,180,6,93,46,77,30
48,180,46,77,30
48,43,6,93,46,77,29
48,43,46,77,29
48,180,6,93,46,77,29
48,180,46,77,29
48,43,6,86
48,43,46,93,6,86
48,180,6,86
48,180,46,93,6,86
48,43,6,93
48,43,46,93
48,180,6,93
48,180,46,93
48,43,6,93,46,124
48,43,46,124
48,180,6,93,46,124
48,180,46,124
48,43,15,158
48,180,18,161
48,180,18
48,180
48,180,169
76,15,43,6,93,46,77
76,15,43,6,180,46,77
76,15,43,46,77
76,15,43,47,180,6,93,46,77
76,15,43,47,180,46,77
76,15,43,48,180,6,93,46,77
76,15,43,48,180,46,77
76,15,43,6,93,46,77,78
76,15,43,6,180,46,77,78
76,15,43,46,77,78
76,15,43,47,180,6,93,46,77,78
76,15,43,47,180,46,77,78
76,15,43,48,180,6,93,46,77,78
76,15,43,48,180,46,77,78
76,15,43,6,93,46,77,79
76,15,43,6,180,46,77,79
76,15,43,46,77,79
76,15,43,47,180,6,93,46,77,79
76,15,43,47,180,46,77,79
76,15,43,48,180,6,93,46,77,79
76,15,43,48,180,46,77,79
76,15,43,6,93,46,77,30
76,15,43,6,180,46,77,30
76,15,43,46,77,30
76,15,43,47,180,6,93,46,77,30
76,15,43,47,180,46,77,30
76,15,43,48,180,6,93,46,77,30
76,15,43,48,180,46,77,30
76,15,43,6,93,46,77,29
76,15,43,6,180,46,77,29
76,15,43,46,77,29
76,15,43,47,180,6,93,46,77,29
76,15,43,47,180,46,77,29
76,15,43,48,180,6,93,46,77,29
76,15,43,48,180,46,77,29
76,15,43,6,86
76,15,43,46,93,6,86
76,15,43,46,180,6,86
76,15,43,47,180,6,86
76,15,43,47,180,46,93,6,86
76,15,43,48,180,6,86
76,15,43,48,180,46,93,6,86
76,15,43,6,93
76,15,43,6,180,46,93
76,15,43,46,93
76,15,43,47,180,6,93
76,15,43,47,180,46,93
76,15,43,48,180,6,93
76,15,43,48,180,46,93
76,15,43,6,93,46,124
76,15,43,6,180,46,124
76,15,43,46,124
76,15,43,47,180,6,93,46,124
76,15,43,47,180,46,124
76,15,43,48,180,6,93,46,124
76,15,43,48,180,46,124
76,15,158
76,15,43,6,93,46,180,18,161
76,15,43,6,180,18,161
76,15,43,46,180,18,161
76,15,43,47,180,18,161
76,15,43,48,180,18,161
76,15,43,6,93,46,180,18
76,15,43,6,180,18
76,15,43,46,180,18
76,15,43,47,180,18
76,15,43,48,180,18
76,15,43,6,180
76,15,43,46,180
76,15,43,47,180
76,15,43,48,180
76,15,43,6,93,46,180,169
76,15,43,6,180,169
76,15,43,46,180,169
76,15,43,47,180,169
76,15,43,48,180,169
77,78
77,79
77,30
77,29
77,46,43,6,86
77,46,43,47,180,6,86
77,46,43,48,180,6,86
77,46,93,6,86
77,46,180,6,86
77,46,93
77,46,180,6,93
77,46,124
77,46,43,15,158
77,46,93,6,43,15,158
77,46,93,6,180,47,43,15,158
77,46,93,6,180,48,43,15,158
77,46,180,6,43,15,158
77,46,180,47,43,15,158
77,46,180,48,43,15,158
77,46,43,6,180,18,161
77,46,43,47,180,18,161
77,46,43,48,180,18,161
77,46,93,6,43,47,180,18,161
77,46,93,6,43,48,180,18,161
77,46,93,6,180,18,161
77,46,180,18,161
77,46,43,6,180,18
77,46,43,47,180,18
77,46,43,48,180,18
77,46,93,6,43,47,180,18
77,46,93,6,43,48,180,18
77,46,93,6,180,18
77,46,180,18
77,46,180
77,46,43,6,180,169
77,46,43,47,180,169
77,46,43,48,180,169
77,46,93,6,43,47,180,169
77,46,93,6,43,48,180,169
77,46,93,6,180,169
77,46,180,169
78,77,79
78,77,30
78,77,29
78,77,46,43,6,86
78,77,46,43,47,180,6,86
78,77,46,43,48,180,6,86
78,77,46,93,6,86
78,77,46,180,6,86
78,77,46,93
78,77,46,180,6,93
78,77,46,124
78,77,46,43,15,158
78,77,46,93,6,43,15,158
78,77,46,93,6,180,47,43,15,158
78,77,46,93,6,180,48,43,15,158
78,77,46,180,6,43,15,158
78,77,46,180,47,43,15,158
78,77,46,180,48,43,15,158
78,77,46,43,6,180,18,161
78,77,46,43,47,180,18,161
78,77,46,43,48,180,18,161
78,77,46,93,6,43,47,180,18,161
78,77,46,93,6,43,48,180,18,161
78,77,46,93,6,180,18,161
78,77,46,180,18,161
78,77,46,43,6,180,18
78,77,46,43,47,180,18
78,77,46,43,48,180,18
78,77,46,93,6,43,47,180,18
78,77,46,93,6,43,48,180,18
78,77,46,93,6,180,18
78,77,46,180,18
78,77,46,180
78,77,46,43,6,180,169
78,77,46,43,47,180,169
78,77,46,43,48,180,169
78,77,46,93,6,43,47,180,169
78,77,46,93,6,43,48,180,169
78,77,46,93,6,180,169
78,77,46,180,169
79,77,30
79,77,29
79,77,46,43,6,86
79,77,46,43,47,180,6,86
79,77,46,43,48,180,6,86
79,77,46,93,6,86
79,77,46,180,6,86
79,77,46,93
79,77,46,180,6,93
79,77,46,124
79,77,46,43,15,158
79,77,46,93,6,43,15,158
79,77,46,93,6,180,47,43,15,158
79,77,46,93,6,180,48,43,15,158
79,77,46,180,6,43,15,158
79,77,46,180,47,43,15,158
79,77,46,180,48,43,15,158
79,77,46,43,6,180,18,161
79,77,46,43,47,180,18,161
79,77,46,43,48,180,18,161
79,77,46,93,6,43,47,180,18,161
79,77,46,93,6,43,48,180,18,161
79,77,46,93,6,180,18,161
79,77,46,180,18,161
79,77,46,43,6,180,18
79,77,46,43,47,180,18
79,77,46,43,48,180,18
79,77,46,93,6,43,47,180,18
79,77,46,93,6,43,48,180,18
79,77,46,93,6,180,18
79,77,46,180,18
79,77,46,180
79,77,46,43,6,180,169
79,77,46,43,47,180,169
79,77,46,43,48,180,169
79,77,46,93,6,43,47,180,169
79,77,46,93,6,43,48,180,169
79,77,46,93,6,180,169
79,77,46,180,169
30,77,29
30,77,46,43,6,86
30,77,46,43,47,180,6,86
30,77,46,43,48,180,6,86
30,77,46,93,6,86
30,77,46,180,6,86
30,77,46,93
30,77,46,180,6,93
30,77,46,124
30,77,46,43,15,158
30,77,46,93,6,43,15,158
30,77,46,93,6,180,47,43,15,158
30,77,46,93,6,180,48,43,15,158
30,77,46,180,6,43,15,158
30,77,46,180,47,43,15,158
30,77,46,180,48,43,15,158
30,77,46,43,6,180,18,161
30,77,46,43,47,180,18,161
30,77,46,43,48,180,18,161
30,77,46,93,6,43,47,180,18,161
30,77,46,93,6,43,48,180,18,161
30,77,46,93,6,180,18,161
30,77,46,180,18,161
30,77,46,43,6,180,18
30,77,46,43,47,180,18
30,77,46,43,48,180,18
30,77,46,93,6,43,47,180,18
30,77,46,93,6,43,48,180,18
30,77,46,93,6,180,18
30,77,46,180,18
30,77,46,180
30,77,46,43,6,180,169
30,77,46,43,47,180,169
30,77,46,43,48,180,169
30,77,46,93,6,43,47,180,169
30,77,46,93,6,43,48,180,169
30,77,46,93,6,180,169
30,77,46,180,169
29,77,46,43,6,86
29,77,46,43,47,180,6,86
29,77,46,43,48,180,6,86
29,77,46,93,6,86
29,77,46,180,6,86
29,77,46,93
29,77,46,180,6,93
29,77,46,124
29,77,46,43,15,158
29,77,46,93,6,43,15,158
29,77,46,93,6,180,47,43,15,158
29,77,46,93,6,180,48,43,15,158
29,77,46,180,6,43,15,158
29,77,46,180,47,43,15,158
29,77,46,180,48,43,15,158
29,77,46,43,6,180,18,161
29,77,46,43,47,180,18,161
29,77,46,43,48,180,18,161
29,77,46,93,6,43,47,180,18,161
29,77,46,93,6,43,48,180,18,161
29,77,46,93,6,180,18,161
29,77,46,180,18,161
29,77,46,43,6,180,18
29,77,46,43,47,180,18
29,77,46,43,48,180,18
29,77,46,93,6,43,47,180,18
29,77,46,93,6,43,48,180,18
29,77,46,93,6,180,18
29,77,46,180,18
29,77,46,180
29,77,46,43,6,180,169
29,77,46,43,47,180,169
29,77,46,43,48,180,169
29,77,46,93,6,43,47,180,169
29,77,46,93,6,43,48,180,169
29,77,46,93,6,180,169
29,77,46,180,169
80,54
80,54,183
54,183
86,6,93
86,6,180,46,93
86,6,43,46,124
86,6,43,47,180,46,124
86,6,43,48,180,46,124
86,6,93,46,124
86,6,180,46,124
86,6,43,15,158
86,6,93,46,43,15,158
86,6,93,46,180,47,43,15,158
86,6,93,46,180,48,43,15,158
86,6,180,46,43,15,158
86,6,180,47,43,15,158
86,6,180,48,43,15,158
86,6,43,46,180,18,161
86,6,43,47,180,18,161
86,6,43,48,180,18,161
86,6,93,46,43,47,180,18,161
86,6,93,46,43,48,180,18,161
86,6,93,46,180,18,161
86,6,180,18,161
86,6,43,46,180,18
86,6,43,47,180,18
86,6,43,48,180,18
86,6,93,46,43,47,180,18
86,6,93,46,43,48,180,18
86,6,93,46,180,18
86,6,180,18
86,6,180
86,6,43,46,180,169
86,6,43,47,180,169
86,6,43,48,180,169
86,6,93,46,43,47,180,169
86,6,93,46,43,48,180,169
86,6,93,46,180,169
86,6,180,169
90,91
93,46,124
93,6,180,46,124
93,46,43,15,158
93,46,180,6,43,15,158
93,46,180,47,43,15,158
93,46,180,48,43,15,158
93,6,43,15,158
93,6,180,47,43,15,158
93,6,180,48,43,15,158
93,46,43,47,180,18,161
93,46,43,48,180,18,161
93,46,180,18,161
93,6,43,47,180,18,161
93,6,43,48,180,18,161
93,6,180,18,161
93,46,43,47,180,18
93,46,43,48,180,18
93,46,180,18
93,6,43,47,180,18
93,6,43,48,180,18
93,6,180,18
93,46,180
93,6,180
93,46,43,47,180,169
93,46,43,48,180,169
93,46,180,169
93,6,43,47,180,169
93,6,43,48,180,169
93,6,180,169
106,107
106,108
107,106,108
124,46,43,15,158
124,46,93,6,43,15,158
124,46,93,6,180,47,43,15,158
124,46,93,6,180,48,43,15,158
124,46,180,6,43,15,158
124,46,180,47,43,15,158
124,46,180,48,43,15,158
124,46,43,6,180,18,161
124,46,43,47,180,18,161
124,46,43,48,180,18,161
124,46,93,6,43,47,180,18,161
124,46,93,6,43,48,180,18,161
124,46,93,6,180,18,161
124,46,180,18,161
124,46,43,6,180,18
124,46,43,47,180,18
124,46,43,48,180,18
124,46,93,6,43,47,180,18
124,46,93,6,43,48,180,18
124,46,93,6,180,18
124,46,180,18
124,46,180
124,46,43,6,180,169
124,46,43,47,180,169
124,46,43,48,180,169
124,46,93,6,43,47,180,169
124,46,93,6,43,48,180,169
124,46,93,6,180,169
124,46,180,169
158,15,43,6,93,46,180,18,161
158,15,43,6,180,18,161
158,15,43,46,180,18,161
158,15,43,47,180,18,161
158,15,43,48,180,18,161
158,15,43,6,93,46,180,18
158,15,43,6,180,18
158,15,43,46,180,18
158,15,43,47,180,18
158,15,43,48,180,18
158,15,43,6,180
158,15,43,46,180
158,15,43,47,180
158,15,43,48,180
158,15,43,6,93,46,180,169
158,15,43,6,180,169
158,15,43,46,180,169
158,15,43,47,180,169
158,15,43,48,180,169
161,18
161,18,180
161,18,180,169
18,180
18,180,169
164,165
168,20
172,139
172,42
139,172,42
180,169
