2,3
2,3,48
2,3,129
2,3,402
2,3,509
2,3,734
2,3,1378
3,48
3,129
3,402
3,509
3,734
3,1378
18,19
18,19,535
18,19,771
18,19,1148
18,19,1210,1209
18,19,1464,1233,1210,1209
18,19,1210,1209,193
18,19,1464,1233,1210,1209,193
18,19,1210
18,19,1464,1233,1210
18,19,1210,1233
18,19,1464,1233
18,19,1299
18,19,1464
19,535
19,771
19,1148
19,1210,1209
19,1464,1233,1210,1209
19,1210,1209,193
19,1464,1233,1210,1209,193
19,1210
19,1464,1233,1210
19,1210,1233
19,1464,1233
19,1299
19,1464
23,24
23,24,285
23,24,410
23,24,888
23,24,892
23,24,1263
23,24,1427
23,24,1468
23,24,1544
23,24,1547
24,285
24,410
24,888
24,892
24,1263
24,1427
24,1468
24,1544
24,1547
36,37
36,37,62,61
36,37,62,153,63,61
36,37,62,64,61
36,37,62,66,61
36,37,62,63,61
36,37,62
36,37,62,153,63
36,37,62,64,61,63
36,37,62,66,61,63
36,37,62,63
36,37,62,153,63,61,64
36,37,62,64
36,37,62,66,61,64
36,37,62,61,65
36,37,62,153,63,61,65
36,37,62,64,61,65
36,37,62,66,61,65
36,37,62,63,61,65
36,37,62,153,63,61,66
36,37,62,66
36,37,62,153
36,37,62,567
36,37,62,1260,1259,567
36,37,62,1037
36,37,62,567,1259
36,37,62,1260,1259
36,37,62,1260
36,37,62,61,63,74
36,37,62,153,63,74
36,37,62,64,61,63,74
36,37,62,66,61,63,74
36,37,62,63,74
37,62,61
37,62,153,63,61
37,62,64,61
37,62,66,61
37,62,63,61
37,62
37,62,153,63
37,62,64,61,63
37,62,66,61,63
37,62,63
37,62,153,63,61,64
37,62,64
37,62,66,61,64
37,62,61,65
37,62,153,63,61,65
37,62,64,61,65
37,62,66,61,65
37,62,63,61,65
37,62,153,63,61,66
37,62,66
37,62,153
37,62,567
37,62,1260,1259,567
37,62,1037
37,62,567,1259
37,62,1260,1259
37,62,1260
37,62,61,63,74
37,62,153,63,74
37,62,64,61,63,74
37,62,66,61,63,74
37,62,63,74
39,40
48,3,129
48,3,402
48,3,509
48,3,734
48,3,1378
54,55
54,56
54,56,1246
54,56,1082
55,54,56
55,54,56,1246
55,54,56,1082
56,1246
56,1082
61,62
61,63,153,62
61,63,62
61,64,62
61,66,62
61,63
61,64,62,153,63
61,64,62,63
61,66,62,153,63
61,66,62,63
61,64
61,66,62,64
61,65
61,66
61,62,153
61,63,153
61,64,62,153
61,66,62,153
61,62,567
61,62,1260,1259,567
61,63,153,62,567
61,63,153,62,1260,1259,567
61,63,62,567
61,63,62,1260,1259,567
61,64,62,567
61,64,62,1260,1259,567
61,66,62,567
61,66,62,1260,1259,567
61,62,1037
61,63,153,62,1037
61,63,62,1037
61,64,62,1037
61,66,62,1037
61,62,567,1259
61,62,1260,1259
61,63,153,62,567,1259
61,63,153,62,1260,1259
61,63,62,567,1259
61,63,62,1260,1259
61,64,62,567,1259
61,64,62,1260,1259
61,66,62,567,1259
61,66,62,1260,1259
61,62,1260
61,63,153,62,1260
61,63,62,1260
61,64,62,1260
61,66,62,1260
61,62,153,63,74
61,62,63,74
61,63,74
61,64,62,153,63,74
61,64,62,63,74
61,66,62,153,63,74
61,66,62,63,74
62,153,63
62,63
62,64
62,61,65
62,153,63,61,65
62,64,61,65
62,66,61,65
62,63,61,65
62,66
62,153
62,567
62,1260,1259,567
62,1037
62,567,1259
62,1260,1259
62,1260
62,153,63,74
62,63,74
63,61,64
63,61,66,62,64
63,153,62,64
63,153,62,66,61,64
63,62,64
63,61,65
63,153,62,64,61,65
63,153,62,66,61,65
63,62,64,61,65
63,62,66,61,65
63,61,66
63,153,62,66
63,62,66
63,153
63,61,64,62,567
63,61,64,62,1260,1259,567
63,61,66,62,567
63,61,66,62,1260,1259,567
63,153,62,567
63,153,62,1260,1259,567
63,62,567
63,62,1260,1259,567
63,61,64,62,1037
63,61,66,62,1037
63,153,62,1037
63,62,1037
63,61,64,62,567,1259
63,61,64,62,1260,1259
63,61,66,62,567,1259
63,61,66,62,1260,1259
63,153,62,567,1259
63,153,62,1260,1259
63,62,567,1259
63,62,1260,1259
63,61,64,62,1260
63,61,66,62,1260
63,153,62,1260
63,62,1260
63,74
64,61,65
64,62,66,61,65
64,61,66
64,62,66
64,61,63,153
64,61,66,62,153
64,62,153
64,61,63,153,62,567
64,61,63,153,62,1260,1259,567
64,61,66,62,567
64,61,66,62,1260,1259,567
64,62,567
64,62,1260,1259,567
64,61,63,153,62,1037
64,61,66,62,1037
64,62,1037
64,61,63,153,62,567,1259
64,61,63,153,62,1260,1259
64,61,66,62,567,1259
64,61,66,62,1260,1259
64,62,567,1259
64,62,1260,1259
64,61,63,153,62,1260
64,61,66,62,1260
64,62,1260
64,61,63,74
64,61,66,62,153,63,74
64,61,66,62,63,74
64,62,153,63,74
64,62,63,74
65,61,66
65,61,62,153
65,61,63,153
65,61,64,62,153
65,61,66,62,153
65,61,62,567
65,61,62,1260,1259,567
65,61,63,153,62,567
65,61,63,153,62,1260,1259,567
65,61,63,62,567
65,61,63,62,1260,1259,567
65,61,64,62,567
65,61,64,62,1260,1259,567
65,61,66,62,567
65,61,66,62,1260,1259,567
65,61,62,1037
65,61,63,153,62,1037
65,61,63,62,1037
65,61,64,62,1037
65,61,66,62,1037
65,61,62,567,1259
65,61,62,1260,1259
65,61,63,153,62,567,1259
65,61,63,153,62,1260,1259
65,61,63,62,567,1259
65,61,63,62,1260,1259
65,61,64,62,567,1259
65,61,64,62,1260,1259
65,61,66,62,567,1259
65,61,66,62,1260,1259
65,61,62,1260
65,61,63,153,62,1260
65,61,63,62,1260
65,61,64,62,1260
65,61,66,62,1260
65,61,62,153,63,74
65,61,62,63,74
65,61,63,74
65,61,64,62,153,63,74
65,61,64,62,63,74
65,61,66,62,153,63,74
65,61,66,62,63,74
66,61,63,153
66,62,153
66,61,63,153,62,567
66,61,63,153,62,1260,1259,567
66,62,567
66,62,1260,1259,567
66,61,63,153,62,1037
66,62,1037
66,61,63,153,62,567,1259
66,61,63,153,62,1260,1259
66,62,567,1259
66,62,1260,1259
66,61,63,153,62,1260
66,62,1260
66,61,63,74
66,62,153,63,74
66,62,63,74
82,83
85,86
85,1184,1096,793,1046,1086,86
85,1086,86
85,86,673,158
85,1184,1096,793,1046,1086,86,673,158
85,1086,86,673,158
85,86,673
85,1184,1096,793,1046,1086,86,673
85,1086,86,673
85,86,1086,1046
85,1184,1096,793,1046
85,1086,1046
85,86,1086,1046,886
85,1184,1096,793,1046,886
85,1086,1046,886
85,86,1086,1046,793
85,1184,1096,793
85,1086,1046,793
85,86,1086,1046,793,1096,1051
85,1184,1096,1051
85,1086,1046,793,1096,1051
85,86,1086,1046,793,1096,1051,925
85,1184,1096,1051,925
85,1086,1046,793,1096,1051,925
85,1184,1096,793,1046,1086
85,1086
85,86,1086,1046,793,1096
85,1184,1096
85,1086,1046,793,1096
85,1184
85,86,1086,1046,793,1096,1184,254
85,1184,254
85,1086,1046,793,1096,1184,254
86,673,158
86,673
86,85,1184,1096,793,1046
86,1086,1046
86,85,1184,1096,793,1046,886
86,1086,85,1184,1096,793,1046,886
86,1086,1046,886
86,85,1184,1096,793
86,1086,85,1184,1096,793
86,1086,1046,793
86,85,1184,1096,1051
86,1086,85,1184,1096,1051
86,1086,1046,793,1096,1051
86,85,1184,1096,1051,925
86,1086,85,1184,1096,1051,925
86,1086,1046,793,1096,1051,925
86,1086
86,85,1184,1096
86,1086,85,1184,1096
86,1086,1046,793,1096
86,85,1184
86,1086,85,1184
86,1086,1046,793,1096,1184
86,85,1184,254
86,1086,85,1184,254
86,1086,1046,793,1096,1184,254
91,92
91,1213
91,1213,1047
92,91,1213
92,91,1213,1047
93,94
93,94,1455
93,94,1460,1459
93,94,1460,1459,200
93,94,1460
94,1455
94,1460,1459
94,1460,1459,200
94,1460
111,742
119,120
119,918
119,918,919
119,918,920
119,918,921
119,918,922
119,918,923
119,918,922,860
119,918,919,328
119,918,920,246
119,918,921,437
119,918,923,221
120,119,918
120,119,918,919
120,119,918,920
120,119,918,921
120,119,918,922
120,119,918,923
120,119,918,922,860
120,119,918,919,328
120,119,918,920,246
120,119,918,921,437
120,119,918,923,221
129,3,402
129,3,509
129,3,734
129,3,1378
135,136
135,137
135,136,1462
136,135,137
136,1462
137,135,136,1462
140,141
140,141,258
140,141,258,259
140,141,730
140,141,913
140,141,913,914
140,141,913,914,1019
140,141,258,259,1109
140,141,258,259,1517
141,258
141,258,259
141,730
141,913
141,913,914
141,913,914,1019
141,258,259,1109
141,258,259,1517
153,62,567
153,62,1260,1259,567
153,62,1037
153,62,567,1259
153,62,1260,1259
153,62,1260
153,63,74
158,673
158,673,86,85,1184,1096,793,1046
158,673,86,85,1086,1046
158,673,86,1086,1046
158,673,86,85,1184,1096,793,1046,886
158,673,86,85,1086,1046,886
158,673,86,1086,85,1184,1096,793,1046,886
158,673,86,1086,1046,886
158,673,86,85,1184,1096,793
158,673,86,85,1086,1046,793
158,673,86,1086,85,1184,1096,793
158,673,86,1086,1046,793
158,673,86,85,1184,1096,1051
158,673,86,85,1086,1046,793,1096,1051
158,673,86,1086,85,1184,1096,1051
158,673,86,1086,1046,793,1096,1051
158,673,86,85,1184,1096,1051,925
158,673,86,85,1086,1046,793,1096,1051,925
158,673,86,1086,85,1184,1096,1051,925
158,673,86,1086,1046,793,1096,1051,925
158,673,86,1086
158,673,86,85,1184,1096
158,673,86,85,1086,1046,793,1096
158,673,86,1086,85,1184,1096
158,673,86,1086,1046,793,1096
158,673,86,85,1184
158,673,86,1086,85,1184
158,673,86,1086,1046,793,1096,1184
158,673,86,85,1184,254
158,673,86,85,1086,1046,793,1096,1184,254
158,673,86,1086,85,1184,254
158,673,86,1086,1046,793,1096,1184,254
171,172
173,174
187,188
187,189
187,190
187,191
187,192
187,1476
187,1476,1248
187,1476,1269
187,1476,963
187,1476,1477
188,187,189
188,187,190
188,187,191
188,187,192
188,187,1476
188,187,1476,1248
188,187,1476,1269
188,187,1476,963
188,187,1476,1477
189,187,190
189,187,191
189,187,192
189,187,1476
189,187,1476,1248
189,187,1476,1269
189,187,1476,963
189,187,1476,1477
190,187,191
190,187,192
190,187,1476
190,187,1476,1248
190,187,1476,1269
190,187,1476,963
190,187,1476,1477
191,187,192
191,187,1476
191,187,1476,1248
191,187,1476,1269
191,187,1476,963
191,187,1476,1477
192,187,1476
192,187,1476,1248
192,187,1476,1269
192,187,1476,963
192,187,1476,1477
207,208
219,220
230,231
240,241
249,250
249,251
250,249,251
258,259
258,141,730
258,141,913
258,141,913,914
258,141,913,914,1019
258,259,1109
258,259,1517
259,258,141,730
259,258,141,913
259,258,141,913,914
259,258,141,913,914,1019
259,1109
259,1517
262,263
262,264,741,103,263
262,264,741,103,1438,400,263
262,264,1438,103,263
262,264,1438,400,263
262,264
262,265
262,266
262,267
262,268
262,263,103,741
262,263,103,1438,264,741
262,263,400,1438,103,741
262,263,400,1438,264,741
262,264,741
262,264,1438,103,741
262,263,103
262,263,400,1438,103
262,264,741,103
262,264,1438,103
262,264,1438,400,263,103
262,263,103,741,264,756
262,263,103,1438,264,756
262,263,400,1438,103,741,264,756
262,263,400,1438,264,756
262,264,756
262,263,400
262,264,741,103,263,400
262,264,741,103,1438,400
262,264,1438,400
262,263,103,1438
262,263,400,1438
262,264,1438
262,263,103,741,264,1552
262,263,103,1438,264,1552
262,263,400,1438,103,741,264,1552
262,263,400,1438,264,1552
262,264,1552
263,262,264
263,103,741,264
263,103,1438,264
263,400,1438,103,741,264
263,400,1438,264
263,262,265
263,103,741,264,262,265
263,103,1438,264,262,265
263,400,1438,103,741,264,262,265
263,400,1438,264,262,265
263,262,266
263,103,741,264,262,266
263,103,1438,264,262,266
263,400,1438,103,741,264,262,266
263,400,1438,264,262,266
263,262,267
263,103,741,264,262,267
263,103,1438,264,262,267
263,400,1438,103,741,264,262,267
263,400,1438,264,262,267
263,262,268
263,103,741,264,262,268
263,103,1438,264,262,268
263,400,1438,103,741,264,262,268
263,400,1438,264,262,268
263,262,264,741
263,103,741
263,103,1438,264,741
263,400,1438,103,741
263,400,1438,264,741
263,103
263,400,1438,103
263,262,264,756
263,103,741,264,756
263,103,1438,264,756
263,400,1438,103,741,264,756
263,400,1438,264,756
263,400
263,262,264,1438
263,103,1438
263,400,1438
263,262,264,1552
263,103,741,264,1552
263,103,1438,264,1552
263,400,1438,103,741,264,1552
263,400,1438,264,1552
264,262,265
264,262,266
264,262,267
264,262,268
264,741
264,1438,103,741
264,262,263,103
264,741,103
264,1438,103
264,1438,400,263,103
264,756
264,262,263,400
264,741,103,263,400
264,741,103,1438,400
264,1438,400
264,1438
264,1552
265,262,266
265,262,267
265,262,268
265,262,263,103,741
265,262,263,103,1438,264,741
265,262,263,400,1438,103,741
265,262,263,400,1438,264,741
265,262,264,741
265,262,264,1438,103,741
265,262,263,103
265,262,263,400,1438,103
265,262,264,741,103
265,262,264,1438,103
265,262,264,1438,400,263,103
265,262,263,103,741,264,756
265,262,263,103,1438,264,756
265,262,263,400,1438,103,741,264,756
265,262,263,400,1438,264,756
265,262,264,756
265,262,263,400
265,262,264,741,103,263,400
265,262,264,741,103,1438,400
265,262,264,1438,400
265,262,263,103,1438
265,262,263,400,1438
265,262,264,1438
265,262,263,103,741,264,1552
265,262,263,103,1438,264,1552
265,262,263,400,1438,103,741,264,1552
265,262,263,400,1438,264,1552
265,262,264,1552
266,262,267
266,262,268
266,262,263,103,741
266,262,263,103,1438,264,741
266,262,263,400,1438,103,741
266,262,263,400,1438,264,741
266,262,264,741
266,262,264,1438,103,741
266,262,263,103
266,262,263,400,1438,103
266,262,264,741,103
266,262,264,1438,103
266,262,264,1438,400,263,103
266,262,263,103,741,264,756
266,262,263,103,1438,264,756
266,262,263,400,1438,103,741,264,756
266,262,263,400,1438,264,756
266,262,264,756
266,262,263,400
266,262,264,741,103,263,400
266,262,264,741,103,1438,400
266,262,264,1438,400
266,262,263,103,1438
266,262,263,400,1438
266,262,264,1438
266,262,263,103,741,264,1552
266,262,263,103,1438,264,1552
266,262,263,400,1438,103,741,264,1552
266,262,263,400,1438,264,1552
266,262,264,1552
267,262,268
267,262,263,103,741
267,262,263,103,1438,264,741
267,262,263,400,1438,103,741
267,262,263,400,1438,264,741
267,262,264,741
267,262,264,1438,103,741
267,262,263,103
267,262,263,400,1438,103
267,262,264,741,103
267,262,264,1438,103
267,262,264,1438,400,263,103
267,262,263,103,741,264,756
267,262,263,103,1438,264,756
267,262,263,400,1438,103,741,264,756
267,262,263,400,1438,264,756
267,262,264,756
267,262,263,400
267,262,264,741,103,263,400
267,262,264,741,103,1438,400
267,262,264,1438,400
267,262,263,103,1438
267,262,263,400,1438
267,262,264,1438
267,262,263,103,741,264,1552
267,262,263,103,1438,264,1552
267,262,263,400,1438,103,741,264,1552
267,262,263,400,1438,264,1552
267,262,264,1552
268,262,263,103,741
268,262,263,103,1438,264,741
268,262,263,400,1438,103,741
268,262,263,400,1438,264,741
268,262,264,741
268,262,264,1438,103,741
268,262,263,103
268,262,263,400,1438,103
268,262,264,741,103
268,262,264,1438,103
268,262,264,1438,400,263,103
268,262,263,103,741,264,756
268,262,263,103,1438,264,756
268,262,263,400,1438,103,741,264,756
268,262,263,400,1438,264,756
268,262,264,756
268,262,263,400
268,262,264,741,103,263,400
268,262,264,741,103,1438,400
268,262,264,1438,400
268,262,263,103,1438
268,262,263,400,1438
268,262,264,1438
268,262,263,103,741,264,1552
268,262,263,103,1438,264,1552
268,262,263,400,1438,103,741,264,1552
268,262,263,400,1438,264,1552
268,262,264,1552
282,165
285,24,410
285,24,888
285,24,892
285,24,1263
285,24,1427
285,24,1468
285,24,1544
285,24,1547
291,540
301,302
311,312
311,312,383
311,1131
311,1131,561
312,383
312,311,1131
312,311,1131,561
321,287
334,335
334,335,635
334,335,688
334,335,713
334,335,975
335,635
335,688
335,713
335,975
336,337
336,204
336,337,717
336,337,717,127
336,337,1044
336,337,1044,856
336,337,1123
336,337,1123,1124
336,337,1293
336,337,1293,1276
336,337,1420
336,337,1420,1340
337,336,204
337,717
337,717,127
337,1044
337,1044,856
337,1123
337,1123,1124
337,1293
337,1293,1276
337,1420
337,1420,1340
204,336,337,717
204,336,337,717,127
204,336,337,1044
204,336,337,1044,856
204,336,337,1123
204,336,337,1123,1124
204,336,337,1293
204,336,337,1293,1276
204,336,337,1420
204,336,337,1420,1340
340,9
340,341,368,9
340,342,368,9
340,343,369,367,368,9
340,343,368,9
340,367,368,9
340,341
340,342,368,341
340,343,369,367,368,341
340,343,368,341
340,367,368,341
340,342
340,343,369,367,368,342
340,343,368,342
340,367,368,342
340,343
340,367,368,343
340,367,369,343
340,367
340,9,368
340,341,368
340,342,368
340,343,369,367,368
340,343,368
340,367,368
340,9,368,367,369
340,9,368,343,369
340,341,368,367,369
340,341,368,343,369
340,342,368,367,369
340,342,368,343,369
340,343,369
340,367,369
340,9,368,367,369,343,789
340,9,368,343,789
340,341,368,367,369,343,789
340,341,368,343,789
340,342,368,367,369,343,789
340,342,368,343,789
340,343,789
340,367,368,343,789
340,367,369,343,789
9,340,341
9,340,342,368,341
9,340,343,369,367,368,341
9,340,343,368,341
9,340,367,368,341
9,368,341
9,340,342
9,340,343,369,367,368,342
9,340,343,368,342
9,340,367,368,342
9,368,342
9,340,343
9,340,367,368,343
9,340,367,369,343
9,368,367,369,343
9,368,343
9,340,367
9,368,367
9,368
9,340,341,368,367,369
9,340,341,368,343,369
9,340,342,368,367,369
9,340,342,368,343,369
9,340,343,369
9,340,367,369
9,368,367,369
9,368,343,369
9,340,341,368,367,369,343,789
9,340,341,368,343,789
9,340,342,368,367,369,343,789
9,340,342,368,343,789
9,340,343,789
9,340,367,368,343,789
9,340,367,369,343,789
9,368,367,369,343,789
9,368,343,789
341,340,342
341,340,343,369,367,368,342
341,340,343,368,342
341,340,367,368,342
341,368,342
341,340,343
341,340,367,368,343
341,340,367,369,343
341,368,367,369,343
341,368,343
341,340,367
341,368,367
341,368
341,340,342,368,367,369
341,340,342,368,343,369
341,340,343,369
341,340,367,369
341,368,367,369
341,368,343,369
341,340,342,368,367,369,343,789
341,340,342,368,343,789
341,340,343,789
341,340,367,368,343,789
341,340,367,369,343,789
341,368,367,369,343,789
341,368,343,789
342,340,343
342,340,367,368,343
342,340,367,369,343
342,368,367,369,343
342,368,343
342,340,367
342,368,367
342,368
342,340,343,369
342,340,367,369
342,368,367,369
342,368,343,369
342,340,343,789
342,340,367,368,343,789
342,340,367,369,343,789
342,368,367,369,343,789
342,368,343,789
343,340,367
343,369,367
343,368,367
343,369,367,368
343,368
343,369
343,789
346,347
346,348
346,347,320
347,346,348
347,320
348,346,347,320
362,363
362,364,1006,363
362,364
362,363,1006,364,427
362,364,427
362,363,1006,364,630
362,364,630
362,363,1006
362,364,1006
363,362,364
363,1006,364
363,362,364,427
363,1006,364,427
363,362,364,630
363,1006,364,630
363,1006
364,427
364,630
364,1006
367,368
367,369
367,368,343,789
367,340,343,789
367,369,343,789
368,367,369
368,343,369
368,367,369,343,789
368,343,789
369,343,789
383,312,311,1131
383,312,311,1131,561
389,390
394,395
394,1562
395,394,1562
396,397
396,398
396,397,857
396,397,1146,857
396,397,1146
396,397,1516
396,397,1516,616
396,397,1516,1515
397,396,398
397,857
397,1146,857
397,1146
397,1516
397,1516,616
397,1516,1515
398,396,397,857
398,396,397,1146,857
398,396,397,1146
398,396,397,1516
398,396,397,1516,616
398,396,397,1516,1515
402,3,509
402,3,734
402,3,1378
410,24,888
410,24,892
410,24,1263
410,24,1427
410,24,1468
410,24,1544
410,24,1547
427,364,630
427,364,1006
435,436
435,436,1057
435,436,1261
436,1057
436,1261
439,440
439,121,659,440
439,121,659,660,757,440
439,121,659,660,1392,440
439,121,757,440
439,121,757,660,1392,440
439,121,981,440
439,121,1392,440
439,121
439,440,659
439,440,757,121,659
439,440,757,121,1392,660,659
439,440,757,660,659
439,440,981,121,659
439,440,981,121,757,660,659
439,440,981,121,1392,660,659
439,440,1392,121,659
439,440,1392,660,659
439,121,659
439,121,757,660,659
439,121,1392,660,659
439,440,659,660
439,440,757,660
439,440,981,121,659,660
439,440,981,121,757,660
439,440,981,121,1392,660
439,440,1392,660
439,121,659,660
439,121,757,660
439,121,1392,660
439,440,757
439,440,981,121,757
439,440,981,121,1392,660,757
439,440,1392,121,757
439,440,1392,660,757
439,121,757
439,121,1392,660,757
439,440,981
439,440,1392,121,981
439,121,981
439,440,1392
439,121,1392
440,439,121
440,659,121
440,659,660,757,121
440,659,660,1392,121
440,757,121
440,757,660,1392,121
440,981,121
440,1392,121
440,659
440,757,121,659
440,757,121,1392,660,659
440,757,660,659
440,981,121,659
440,981,121,757,660,659
440,981,121,1392,660,659
440,1392,121,659
440,1392,660,659
440,439,121,659,660
440,439,121,757,660
440,439,121,1392,660
440,659,660
440,757,660
440,981,121,659,660
440,981,121,757,660
440,981,121,1392,660
440,1392,660
440,757
440,981,121,757
440,981,121,1392,660,757
440,1392,121,757
440,1392,660,757
440,981
440,1392,121,981
440,1392
121,659
121,757,660,659
121,1392,660,659
121,659,660
121,757,660
121,1392,660
121,757
121,1392,660,757
121,981
121,1392
451,106
451,106,516
451,106,681
451,106,951
106,516
106,681
106,951
462,459
474,308
480,481
480,481,1498
481,1498
498,281
498,205
281,498,205
500,477
500,501,1265,477
500,501
500,477,1265
500,501,1265
477,500,501
477,1265,501
477,1265
501,1265
509,3,734
509,3,1378
516,106,681
516,106,951
520,521
520,521,1164
520,521,1290
521,1164
521,1290
526,316
527,528
527,529
527,530
527,175
527,531
527,428
527,532
527,533
527,534
528,527,529
528,527,530
528,527,175
528,527,531
528,527,428
528,527,532
528,527,533
528,527,534
529,527,530
529,527,175
529,527,531
529,527,428
529,527,532
529,527,533
529,527,534
530,527,175
530,527,531
530,527,428
530,527,532
530,527,533
530,527,534
175,527,531
175,527,428
175,527,532
175,527,533
175,527,534
531,527,428
531,527,532
531,527,533
531,527,534
428,527,532
428,527,533
428,527,534
532,527,533
532,527,534
533,527,534
535,19,771
535,19,1148
535,19,1210,1209
535,19,1464,1233,1210,1209
535,19,1210,1209,193
535,19,1464,1233,1210,1209,193
535,19,1210
535,19,1464,1233,1210
535,19,1210,1233
535,19,1464,1233
535,19,1299
535,19,1464
562,300
567,62,1037
567,1259,1260,62,1037
567,1259
567,62,1260
567,1259,1260
567,62,61,63,74
567,62,153,63,74
567,62,64,61,63,74
567,62,66,61,63,74
567,62,63,74
567,1259,1260,62,61,63,74
567,1259,1260,62,153,63,74
567,1259,1260,62,64,61,63,74
567,1259,1260,62,66,61,63,74
567,1259,1260,62,63,74
568,89
568,89,1376
89,1376
569,570
577,96
577,96,1143
96,1143
578,579
578,579,1015
579,1015
581,582
581,1187
582,581,1187
585,586
587,588
587,588,669
587,1090
587,588,1523
587,588,1523,426
587,588,1523,1048
588,669
588,587,1090
588,1523
588,1523,426
588,1523,1048
596,597
598,599
602,465
602,603
465,602,603
619,511
620,621
620,621,825
620,621,871
621,825
621,871
635,335,688
635,335,713
635,335,975
644,641
644,645
644,645,1004
641,644,645
641,644,645,1004
645,1004
655,656
655,804
656,655,804
659,660
659,440,757
659,440,981,121,757
659,440,981,121,1392,660,757
659,440,1392,121,757
659,440,1392,660,757
659,121,757
659,121,1392,660,757
659,660,757
659,440,981
659,440,1392,121,981
659,121,981
659,660,757,440,981
659,660,757,121,981
659,660,1392,440,981
659,660,1392,121,981
659,440,1392
659,121,1392
659,660,1392
660,757
660,659,440,981
660,659,121,981
660,757,440,981
660,757,121,981
660,1392,440,981
660,1392,121,981
660,1392
669,588,587,1090
669,588,1523
669,588,1523,426
669,588,1523,1048
673,86,85,1184,1096,793,1046
673,86,85,1086,1046
673,86,1086,1046
673,86,85,1184,1096,793,1046,886
673,86,85,1086,1046,886
673,86,1086,85,1184,1096,793,1046,886
673,86,1086,1046,886
673,86,85,1184,1096,793
673,86,85,1086,1046,793
673,86,1086,85,1184,1096,793
673,86,1086,1046,793
673,86,85,1184,1096,1051
673,86,85,1086,1046,793,1096,1051
673,86,1086,85,1184,1096,1051
673,86,1086,1046,793,1096,1051
673,86,85,1184,1096,1051,925
673,86,85,1086,1046,793,1096,1051,925
673,86,1086,85,1184,1096,1051,925
673,86,1086,1046,793,1096,1051,925
673,86,1086
673,86,85,1184,1096
673,86,85,1086,1046,793,1096
673,86,1086,85,1184,1096
673,86,1086,1046,793,1096
673,86,85,1184
673,86,1086,85,1184
673,86,1086,1046,793,1096,1184
673,86,85,1184,254
673,86,85,1086,1046,793,1096,1184,254
673,86,1086,85,1184,254
673,86,1086,1046,793,1096,1184,254
678,679
681,106,951
688,335,713
688,335,975
689,690
694,695
694,695,780
695,780
711,372
713,335,975
714,715
717,127
717,337,1044
717,337,1044,856
717,337,1123
717,337,1123,1124
717,337,1293
717,337,1293,1276
717,337,1420
717,337,1420,1340
127,717,337,1044
127,717,337,1044,856
127,717,337,1123
127,717,337,1123,1124
127,717,337,1293
127,717,337,1293,1276
127,717,337,1420
127,717,337,1420,1340
724,725
730,141,913
730,141,913,914
730,141,913,914,1019
730,141,258,259,1109
730,141,258,259,1517
734,3,1378
736,260
739,298
739,298,875
739,298,909
739,298,1069
739,298,1525
298,875
298,909
298,1069
298,1525
741,103
741,264,756
741,103,1438,264,756
741,264,262,263,400
741,264,1438,400
741,103,263,400
741,103,1438,400
741,264,1438
741,103,1438
741,264,1552
741,103,1438,264,1552
103,741,264,756
103,263,262,264,756
103,263,400,1438,264,756
103,1438,400,263,262,264,756
103,1438,264,756
103,263,400
103,1438,400
103,1438
103,741,264,1552
103,263,262,264,1552
103,263,400,1438,264,1552
103,1438,400,263,262,264,1552
103,1438,264,1552
751,752
756,264,262,263,400
756,264,741,103,263,400
756,264,741,103,1438,400
756,264,1438,400
756,264,1438
756,264,1552
757,440,981
757,440,1392,121,981
757,121,981
757,660,1392,440,981
757,660,1392,121,981
757,440,1392
757,121,1392
757,660,1392
771,19,1148
771,19,1210,1209
771,19,1464,1233,1210,1209
771,19,1210,1209,193
771,19,1464,1233,1210,1209,193
771,19,1210
771,19,1464,1233,1210
771,19,1210,1233
771,19,1464,1233
771,19,1299
771,19,1464
794,147
630,364,1006
816,610
818,819
821,184
826,455
400,1438
400,263,262,264,1552
400,263,103,741,264,1552
400,1438,103,741,264,1552
400,1438,264,1552
842,843
844,845
844,261
844,707
844,707,1458
844,707,1458,966
844,707,1458,14
844,707,1504
845,844,261
845,844,707
845,844,707,1458
845,844,707,1458,966
845,844,707,1458,14
845,844,707,1504
261,844,707
261,844,707,1458
261,844,707,1458,966
261,844,707,1458,14
261,844,707,1504
707,1458
707,1458,966
707,1458,14
707,1504
850,851
857,1146
857,397,1516
857,1146,397,1516
857,397,1516,616
857,1146,397,1516,616
857,397,1516,1515
857,1146,397,1516,1515
825,621,871
875,298,909
875,298,1069
875,298,1525
888,24,892
888,24,1263
888,24,1427
888,24,1468
888,24,1544
888,24,1547
890,891
892,24,1263
892,24,1427
892,24,1468
892,24,1544
892,24,1547
908,409
908,409,1031
409,1031
909,298,1069
909,298,1525
910,911
910,380
910,835
910,912
911,910,380
911,910,835
911,910,912
380,910,835
380,910,912
835,910,912
913,914
913,914,1019
913,141,258,259,1109
913,141,258,259,1517
914,1019
914,913,141,258,259,1109
914,913,141,258,259,1517
918,919
918,920
918,921
918,922
918,923
918,922,860
918,919,328
918,920,246
918,921,437
918,923,221
919,918,920
919,918,921
919,918,922
919,918,923
919,918,922,860
919,328
919,918,920,246
919,918,921,437
919,918,923,221
920,918,921
920,918,922
920,918,923
920,918,922,860
920,918,919,328
920,246
920,918,921,437
920,918,923,221
921,918,922
921,918,923
921,918,922,860
921,918,919,328
921,918,920,246
921,437
921,918,923,221
922,918,923
922,860
922,918,919,328
922,918,920,246
922,918,921,437
922,918,923,221
923,918,922,860
923,918,919,328
923,918,920,246
923,918,921,437
923,221
948,357
954,955
959,194
960,278
960,961
278,960,961
981,440,1392
981,121,1392
984,213
984,213,1250
213,1250
985,986
985,303
986,985,303
860,922,918,919,328
860,922,918,920,246
860,922,918,921,437
860,922,918,923,221
1007,1008
1007,310
1008,1007,310
1009,1010
1019,914,913,141,258,259,1109
1019,914,913,141,258,259,1517
1021,609
1037,62,567,1259
1037,62,1260,1259
1037,62,1260
1037,62,61,63,74
1037,62,153,63,74
1037,62,64,61,63,74
1037,62,66,61,63,74
1037,62,63,74
1040,339
1044,856
1044,337,1123
1044,337,1123,1124
1044,337,1293
1044,337,1293,1276
1044,337,1420
1044,337,1420,1340
856,1044,337,1123
856,1044,337,1123,1124
856,1044,337,1293
856,1044,337,1293,1276
856,1044,337,1420
856,1044,337,1420,1340
1046,886
1046,793
1046,793,1096,1051
1046,1086,86,85,1184,1096,1051
1046,1086,85,1184,1096,1051
1046,793,1096,1051,925
1046,1086,86,85,1184,1096,1051,925
1046,1086,85,1184,1096,1051,925
1046,1086
1046,793,1096
1046,1086,86,85,1184,1096
1046,1086,85,1184,1096
1046,793,1096,1184
1046,1086,86,85,1184
1046,1086,85,1184
1046,793,1096,1184,254
1046,1086,86,85,1184,254
1046,1086,85,1184,254
886,1046,793
886,1046,1086,85,1184,1096,793
886,1046,793,1096,1051
886,1046,1086,86,85,1184,1096,1051
886,1046,1086,85,1184,1096,1051
886,1046,793,1096,1051,925
886,1046,1086,86,85,1184,1096,1051,925
886,1046,1086,85,1184,1096,1051,925
886,1046,1086
886,1046,793,1096
886,1046,1086,86,85,1184,1096
886,1046,1086,85,1184,1096
886,1046,793,1096,1184
886,1046,1086,86,85,1184
886,1046,1086,85,1184
886,1046,793,1096,1184,254
886,1046,1086,86,85,1184,254
886,1046,1086,85,1184,254
793,1046,1086,86,85,1184,1096,1051
793,1046,1086,85,1184,1096,1051
793,1096,1051
793,1046,1086,86,85,1184,1096,1051,925
793,1046,1086,85,1184,1096,1051,925
793,1096,1051,925
793,1046,1086
793,1096,1184,85,1086
793,1096
793,1046,1086,86,85,1184
793,1046,1086,85,1184
793,1096,1184
793,1046,1086,86,85,1184,254
793,1046,1086,85,1184,254
793,1096,1184,254
1051,925
1051,1096,793,1046,1086
1051,1096,1184,85,1086
1051,1096
1051,1096,1184
1051,1096,793,1046,1086,86,85,1184,254
1051,1096,793,1046,1086,85,1184,254
1051,1096,1184,254
925,1051,1096,793,1046,1086
925,1051,1096,1184,85,1086
925,1051,1096
925,1051,1096,1184
925,1051,1096,793,1046,1086,86,85,1184,254
925,1051,1096,793,1046,1086,85,1184,254
925,1051,1096,1184,254
1057,436,1261
1062,1063
1062,1063,338,1442
1062,1063,338
1062,1063,1466
1063,338,1442
1063,338
1063,1466
1066,1067
1066,1371
1067,1066,1371
1069,298,1525
1073,1027
1073,1027,1489
1027,1489
1086,85,1184,1096
1086,1046,793,1096
1086,85,1184
1086,1046,793,1096,1184
1086,85,1184,254
1086,1046,793,1096,1184,254
1090,587,588,1523
1090,587,588,1523,426
1090,587,588,1523,1048
1096,1184
1096,1184,254
1099,571
1099,571,1180
571,1180
1101,648
1109,259,1517
1110,296
1114,401
1123,1124
1123,337,1293
1123,337,1293,1276
1123,337,1420
1123,337,1420,1340
1124,1123,337,1293
1124,1123,337,1293,1276
1124,1123,337,1420
1124,1123,337,1420,1340
1131,561
1133,292
1146,397,1516
1146,397,1516,616
1146,397,1516,1515
1148,19,1210,1209
1148,19,1464,1233,1210,1209
1148,19,1210,1209,193
1148,19,1464,1233,1210,1209,193
1148,19,1210
1148,19,1464,1233,1210
1148,19,1210,1233
1148,19,1464,1233
1148,19,1299
1148,19,1464
1159,667
1163,878
1163,1473
1163,1473,1292
1163,1473,1191
878,1163,1473
878,1163,1473,1292
878,1163,1473,1191
1164,521,1290
1168,1169
1184,254
1185,1186
1193,1194
1209,193
1209,1210
1209,1210,1233
1209,1210,19,1299
1209,1210,1233,1464,19,1299
1209,1210,19,1464
1209,1210,1233,1464
193,1209,1210
193,1209,1210,1233
193,1209,1210,19,1299
193,1209,1210,1233,1464,19,1299
193,1209,1210,19,1464
193,1209,1210,1233,1464
1210,1233
1210,19,1299
1210,1233,1464,19,1299
1210,19,1464
1210,1233,1464
1213,1047
1233,1210,19,1299
1233,1464,19,1299
1233,1464
328,919,918,920,246
328,919,918,921,437
328,919,918,923,221
1258,895
1258,186
895,1258,186
1259,1260
1259,1260,62,61,63,74
1259,1260,62,153,63,74
1259,1260,62,64,61,63,74
1259,1260,62,66,61,63,74
1259,1260,62,63,74
1259,567,62,61,63,74
1259,567,62,153,63,74
1259,567,62,64,61,63,74
1259,567,62,66,61,63,74
1259,567,62,63,74
1260,62,61,63,74
1260,62,153,63,74
1260,62,64,61,63,74
1260,62,66,61,63,74
1260,62,63,74
1263,24,1427
1263,24,1468
1263,24,1544
1263,24,1547
1267,898
246,920,918,921,437
246,920,918,923,221
1271,658
1293,1276
1293,337,1420
1293,337,1420,1340
1276,1293,337,1420
1276,1293,337,1420,1340
1299,19,1464
1322,936
1346,1151
1346,1151,1393
1151,1393
1347,791
1246,56,1082
1359,323
1363,649
1398,460
1413,606
1420,1340
1427,24,1468
1427,24,1544
1427,24,1547
1433,583
1438,264,1552
1442,338
1442,338,1063,1466
338,1063,1466
1443,1424
437,921,918,923,221
1454,1182
1455,94,1460,1459
1455,94,1460,1459,200
1455,94,1460
1456,1107
1458,966
1458,14
1458,707,1504
966,1458,14
966,1458,707,1504
14,1458,707,1504
1459,200
1459,1460
200,1459,1460
1461,450
1468,24,1544
1468,24,1547
1473,1292
1473,1191
1292,1473,1191
1476,1248
1476,1269
1476,963
1476,1477
1248,1476,1269
1248,1476,963
1248,1476,1477
1269,1476,963
1269,1476,1477
963,1476,1477
1479,1081
1479,489
1479,1548
1081,1479,489
1081,1479,1548
489,1479,1548
1483,1241
1499,30
1512,1106
1516,616
1516,1515
616,1516,1515
1523,426
1523,1048
426,1523,1048
1529,765
1530,1405
1542,627
1544,24,1547
1546,777
1557,915
1563,1117
1567,1336
