12,13
12,13,27
12,41
12,41,42
13,27
13,12,41
13,12,41,42
17,18
17,19
17,18,202
18,17,19
18,202
19,17,18,202
23,8
23,24
23,25
8,23,24
8,23,25
24,23,25
27,13,12,41
27,13,12,41,42
41,42
61,62
61,59
62,61,59
102,103
102,225,103
102,103,159
102,225,103,159
102,225
103,159
103,225
112,107
112,123,107
112,123
112,107,123,92
112,123,92
107,123
107,123,92
123,92
140,141
140,50
140,141,96
140,141,96,218
141,140,50
141,96
141,96,218
50,140,141,96
50,140,141,96,218
142,57
142,117
57,142,117
151,152
151,72
151,152,188,187
151,152,188
152,151,72
152,188,187
152,188
72,151,152,188,187
72,151,152,188
154,155
154,156
154,155,186
155,154,156
155,186
156,154,155,186
159,103,225
166,167
166,168
167,166,168
177,80
96,218
187,188
231,211
231,226
211,231,226
251,9
251,249
9,251,249
265,207
265,228
207,265,228
