4,5
4,5,82
4,5,533
4,5,884
5,82
5,533
5,884
26,27
26,27,428
26,27,707
26,27,909
27,428
27,707
27,909
29,30
29,30,794,467,466
29,30,972,467,466
29,30,794,467
29,30,972,467
29,30,794,467,506
29,30,972,467,506
29,30,794
29,30,972,467,794
29,30,863
29,30,910
29,30,972
30,794,467,466
30,972,467,466
30,794,467
30,972,467
30,794,467,506
30,972,467,506
30,794
30,972,467,794
30,863
30,910
30,972
32,33
32,34
33,32,34
36,37
36,37,218
36,37,218,299,233
36,37,248
36,37,218,299
36,37,619
36,37,826,619
36,37,619,14
36,37,826,619,14
36,37,619,693
36,37,826,619,693
36,37,619,14,702
36,37,826,619,14,702
36,37,826
36,37,619,949
36,37,826,619,949
36,37,619,995
36,37,826,619,995
37,218
37,218,299,233
37,248
37,218,299
37,619
37,826,619
37,619,14
37,826,619,14
37,619,693
37,826,619,693
37,619,14,702
37,826,619,14,702
37,826
37,619,949
37,826,619,949
37,619,995
37,826,619,995
38,39
40,41
44,45
44,45,48
44,45,282,49,48
44,45,501,49,48
44,45,661,49,48
44,45,991,49,48
44,45,48,49
44,45,282,49
44,45,501,49
44,45,661,49
44,45,991,49
44,45,48,49,108
44,45,282,49,108
44,45,501,49,108
44,45,661,49,108
44,45,991,49,108
44,45,282
44,45,501,49,282
44,45,661,49,282
44,45,991,49,282
44,45,407,309
44,45,407,408,309
44,45,407,309,310
44,45,407,408,309,310
44,45,407
44,45,407,408
44,45,48,49,477
44,45,282,49,477
44,45,501,49,477
44,45,661,49,477
44,45,991,49,477
44,45,501
44,45,661,49,501
44,45,991,49,501
44,45,48,49,534
44,45,282,49,534
44,45,501,49,534
44,45,661,49,534
44,45,991,49,534
44,45,48,49,574
44,45,282,49,574
44,45,501,49,574
44,45,661,49,574
44,45,991,49,574
44,45,661
44,45,991,49,661
44,45,48,49,806
44,45,282,49,806
44,45,501,49,806
44,45,661,49,806
44,45,991,49,806
44,45,48,49,875
44,45,282,49,875
44,45,501,49,875
44,45,661,49,875
44,45,991,49,875
44,45,991
45,48
45,282,49,48
45,501,49,48
45,661,49,48
45,991,49,48
45,48,49
45,282,49
45,501,49
45,661,49
45,991,49
45,48,49,108
45,282,49,108
45,501,49,108
45,661,49,108
45,991,49,108
45,282
45,501,49,282
45,661,49,282
45,991,49,282
45,407,309
45,407,408,309
45,407,309,310
45,407,408,309,310
45,407
45,407,408
45,48,49,477
45,282,49,477
45,501,49,477
45,661,49,477
45,991,49,477
45,501
45,661,49,501
45,991,49,501
45,48,49,534
45,282,49,534
45,501,49,534
45,661,49,534
45,991,49,534
45,48,49,574
45,282,49,574
45,501,49,574
45,661,49,574
45,991,49,574
45,661
45,991,49,661
45,48,49,806
45,282,49,806
45,501,49,806
45,661,49,806
45,991,49,806
45,48,49,875
45,282,49,875
45,501,49,875
45,661,49,875
45,991,49,875
45,991
48,49
48,45,282,49,108
48,45,501,49,108
48,45,661,49,108
48,45,991,49,108
48,49,108
48,45,282
48,45,501,49,282
48,45,661,49,282
48,45,991,49,282
48,49,282
48,45,407,309
48,45,407,408,309
48,49,282,45,407,309
48,49,282,45,407,408,309
48,49,501,45,407,309
48,49,501,45,407,408,309
48,49,661,45,407,309
48,49,661,45,407,408,309
48,49,991,45,407,309
48,49,991,45,407,408,309
48,45,407,309,310
48,45,407,408,309,310
48,49,282,45,407,309,310
48,49,282,45,407,408,309,310
48,49,501,45,407,309,310
48,49,501,45,407,408,309,310
48,49,661,45,407,309,310
48,49,661,45,407,408,309,310
48,49,991,45,407,309,310
48,49,991,45,407,408,309,310
48,45,407
48,49,282,45,407
48,49,501,45,407
48,49,661,45,407
48,49,991,45,407
48,45,407,408
48,49,282,45,407,408
48,49,501,45,407,408
48,49,661,45,407,408
48,49,991,45,407,408
48,45,282,49,477
48,45,501,49,477
48,45,661,49,477
48,45,991,49,477
48,49,477
48,45,501
48,45,661,49,501
48,45,991,49,501
48,49,501
48,45,282,49,534
48,45,501,49,534
48,45,661,49,534
48,45,991,49,534
48,49,534
48,45,282,49,574
48,45,501,49,574
48,45,661,49,574
48,45,991,49,574
48,49,574
48,45,661
48,45,991,49,661
48,49,661
48,45,282,49,806
48,45,501,49,806
48,45,661,49,806
48,45,991,49,806
48,49,806
48,45,282,49,875
48,45,501,49,875
48,45,661,49,875
48,45,991,49,875
48,49,875
48,45,991
48,49,991
49,108
49,282
49,48,45,407,309
49,48,45,407,408,309
49,282,45,407,309
49,282,45,407,408,309
49,501,45,407,309
49,501,45,407,408,309
49,661,45,407,309
49,661,45,407,408,309
49,991,45,407,309
49,991,45,407,408,309
49,48,45,407,309,310
49,48,45,407,408,309,310
49,282,45,407,309,310
49,282,45,407,408,309,310
49,501,45,407,309,310
49,501,45,407,408,309,310
49,661,45,407,309,310
49,661,45,407,408,309,310
49,991,45,407,309,310
49,991,45,407,408,309,310
49,48,45,407
49,282,45,407
49,501,45,407
49,661,45,407
49,991,45,407
49,48,45,407,408
49,282,45,407,408
49,501,45,407,408
49,661,45,407,408
49,991,45,407,408
49,477
49,501
49,534
49,574
49,661
49,806
49,875
49,991
50,51
59,60
59,60,276
59,60,292
59,60,596
59,60,733
59,60,745
60,276
60,292
60,596
60,733
60,745
68,23
68,23,192
68,23,192,193
68,23,192,193,100
68,23,192,193,205
68,23,192,193,206
23,192
23,192,193
23,192,193,100
23,192,193,205
23,192,193,206
82,5,533
82,5,884
86,87
99,18
102,103
102,103,196,197,454,1024,1023,170,169
102,103,196,197,530,169
102,103,196,197,171,169
102,103,505,197,454,1024,1023,170,169
102,103,505,197,530,169
102,103,505,197,171,169
102,103,530,169
102,103,530,197,454,1024,1023,170,169
102,103,530,197,171,169
102,103,171,169
102,103,171,197,454,1024,1023,170,169
102,103,1023,170,169
102,103,1023,1024,454,197,530,169
102,103,1023,1024,454,197,171,169
102,103,1024,1023,170,169
102,103,1024,454,197,530,169
102,103,1024,454,197,171,169
102,103,196,197,454,1024,1023,170
102,103,196,197,530,169,170
102,103,196,197,171,169,170
102,103,505,197,454,1024,1023,170
102,103,505,197,530,169,170
102,103,505,197,171,169,170
102,103,530,169,170
102,103,530,169,171,197,454,1024,1023,170
102,103,530,197,454,1024,1023,170
102,103,530,197,171,169,170
102,103,171,169,170
102,103,171,197,454,1024,1023,170
102,103,1023,170
102,103,1024,1023,170
102,103,1024,454,197,530,169,170
102,103,1024,454,197,171,169,170
102,103,196,197,454,1024,1023,170,169,171
102,103,196,197,530,169,171
102,103,196,197,171
102,103,505,197,454,1024,1023,170,169,171
102,103,505,197,530,169,171
102,103,505,197,171
102,103,530,169,171
102,103,530,197,171
102,103,171
102,103,1023,170,169,171
102,103,1023,170,169,530,197,171
102,103,1023,1024,454,197,530,169,171
102,103,1023,1024,454,197,171
102,103,1024,1023,170,169,171
102,103,1024,1023,170,169,530,197,171
102,103,1024,454,197,530,169,171
102,103,1024,454,197,171
102,103,196
102,103,505,197,196
102,103,530,169,170,1023,1024,454,197,196
102,103,530,197,196
102,103,1023,170,169,171,197,196
102,103,1023,170,169,530,197,196
102,103,1023,1024,454,197,196
102,103,1024,1023,170,169,171,197,196
102,103,1024,1023,170,169,530,197,196
102,103,1024,454,197,196
102,103,196,197
102,103,505,197
102,103,530,197
102,103,171,197
102,103,1023,170,169,171,197
102,103,1023,170,169,530,197
102,103,1023,1024,454,197
102,103,1024,1023,170,169,171,197
102,103,1024,1023,170,169,530,197
102,103,1024,454,197
102,103,196,197,454
102,103,505,197,454
102,103,505,197,530,169,170,1023,1024,454
102,103,530,169,170,1023,1024,454
102,103,530,169,171,197,454
102,103,530,197,454
102,103,171,169,170,1023,1024,454
102,103,171,197,454
102,103,1023,170,169,171,197,454
102,103,1023,170,169,530,197,454
102,103,1023,1024,454
102,103,1024,454
102,103,505
102,103,530,197,505
102,103,1023,170,169,171,197,505
102,103,1023,170,169,530,197,505
102,103,1023,1024,454,197,505
102,103,1024,1023,170,169,171,197,505
102,103,1024,1023,170,169,530,197,505
102,103,1024,454,197,505
102,103,530
102,103,1023,170,169,530
102,103,1023,1024,454,197,530
102,103,1024,1023,170,169,530
102,103,1024,454,197,530
102,103,1023
102,103,1024,1023
102,103,1024
103,196,197,454,1024,1023,170,169
103,196,197,530,169
103,196,197,171,169
103,505,197,454,1024,1023,170,169
103,505,197,530,169
103,505,197,171,169
103,530,169
103,530,197,454,1024,1023,170,169
103,530,197,171,169
103,171,169
103,171,197,454,1024,1023,170,169
103,1023,170,169
103,1023,1024,454,197,530,169
103,1023,1024,454,197,171,169
103,1024,1023,170,169
103,1024,454,197,530,169
103,1024,454,197,171,169
103,196,197,454,1024,1023,170
103,196,197,530,169,170
103,196,197,171,169,170
103,505,197,454,1024,1023,170
103,505,197,530,169,170
103,505,197,171,169,170
103,530,169,170
103,530,169,171,197,454,1024,1023,170
103,530,197,454,1024,1023,170
103,530,197,171,169,170
103,171,169,170
103,171,197,454,1024,1023,170
103,1023,170
103,1024,1023,170
103,1024,454,197,530,169,170
103,1024,454,197,171,169,170
103,196,197,454,1024,1023,170,169,171
103,196,197,530,169,171
103,196,197,171
103,505,197,454,1024,1023,170,169,171
103,505,197,530,169,171
103,505,197,171
103,530,169,171
103,530,197,171
103,171
103,1023,170,169,171
103,1023,170,169,530,197,171
103,1023,1024,454,197,530,169,171
103,1023,1024,454,197,171
103,1024,1023,170,169,171
103,1024,1023,170,169,530,197,171
103,1024,454,197,530,169,171
103,1024,454,197,171
103,196
103,505,197,196
103,530,169,170,1023,1024,454,197,196
103,530,197,196
103,1023,170,169,171,197,196
103,1023,170,169,530,197,196
103,1023,1024,454,197,196
103,1024,1023,170,169,171,197,196
103,1024,1023,170,169,530,197,196
103,1024,454,197,196
103,196,197
103,505,197
103,530,197
103,171,197
103,1023,170,169,171,197
103,1023,170,169,530,197
103,1023,1024,454,197
103,1024,1023,170,169,171,197
103,1024,1023,170,169,530,197
103,1024,454,197
103,196,197,454
103,505,197,454
103,505,197,530,169,170,1023,1024,454
103,530,169,170,1023,1024,454
103,530,169,171,197,454
103,530,197,454
103,171,169,170,1023,1024,454
103,171,197,454
103,1023,170,169,171,197,454
103,1023,170,169,530,197,454
103,1023,1024,454
103,1024,454
103,505
103,530,197,505
103,1023,170,169,171,197,505
103,1023,170,169,530,197,505
103,1023,1024,454,197,505
103,1024,1023,170,169,171,197,505
103,1024,1023,170,169,530,197,505
103,1024,454,197,505
103,530
103,1023,170,169,530
103,1023,1024,454,197,530
103,1024,1023,170,169,530
103,1024,454,197,530
103,1023
103,1024,1023
103,1024
108,49,282
108,49,501,45,282
108,49,661,45,282
108,49,991,45,282
108,49,48,45,407,309
108,49,48,45,407,408,309
108,49,282,45,407,309
108,49,282,45,407,408,309
108,49,501,45,407,309
108,49,501,45,407,408,309
108,49,661,45,407,309
108,49,661,45,407,408,309
108,49,991,45,407,309
108,49,991,45,407,408,309
108,49,48,45,407,309,310
108,49,48,45,407,408,309,310
108,49,282,45,407,309,310
108,49,282,45,407,408,309,310
108,49,501,45,407,309,310
108,49,501,45,407,408,309,310
108,49,661,45,407,309,310
108,49,661,45,407,408,309,310
108,49,991,45,407,309,310
108,49,991,45,407,408,309,310
108,49,48,45,407
108,49,282,45,407
108,49,501,45,407
108,49,661,45,407
108,49,991,45,407
108,49,48,45,407,408
108,49,282,45,407,408
108,49,501,45,407,408
108,49,661,45,407,408
108,49,991,45,407,408
108,49,477
108,49,501
108,49,661,45,501
108,49,991,45,501
108,49,534
108,49,574
108,49,661
108,49,991,45,661
108,49,806
108,49,875
108,49,991
110,111
110,111,124
110,111,167
110,111,255
110,111,296
110,111,326
110,111,379
110,111,389
110,111,418
110,111,500
110,111,717
110,111,934
110,111,963
110,111,970
110,111,980
110,111,983
111,124
111,167
111,255
111,296
111,326
111,379
111,389
111,418
111,500
111,717
111,934
111,963
111,970
111,980
111,983
114,115
114,117,115
114,116
114,117
114,115,117,143
114,117,143
115,114,116
115,117,114,116
115,117
115,117,143
116,114,117
116,114,115,117,143
116,114,117,143
117,143
124,111,167
124,111,255
124,111,296
124,111,326
124,111,379
124,111,389
124,111,418
124,111,500
124,111,717
124,111,934
124,111,963
124,111,970
124,111,980
124,111,983
154,155
154,411,155
154,640,155
154,155,383
154,411,155,383
154,640,155,383
154,411
154,640,155,411
154,640
154,155,864
154,411,155,864
154,640,155,864
154,155,869
154,411,155,869
154,640,155,869
155,383
155,411
155,640
155,864
155,869
157,158
160,161
160,987,161
160,987,803,161
160,162
160,161,803
160,987,803
160,161,803,804
160,161,987,803,804
160,987,803,804
160,161,803,353
160,161,987,803,353
160,987,803,353
160,161,803,571
160,161,987,803,571
160,987,803,571
160,987
161,160,162
161,803,987,160,162
161,987,160,162
161,803
161,987,803
161,803,804
161,987,803,804
161,803,353
161,987,803,353
161,803,571
161,987,803,571
161,987
162,160,161,803
162,160,987,803
162,160,161,803,804
162,160,161,987,803,804
162,160,987,803,804
162,160,161,803,353
162,160,161,987,803,353
162,160,987,803,353
162,160,161,803,571
162,160,161,987,803,571
162,160,987,803,571
162,160,987
167,111,255
167,111,296
167,111,326
167,111,379
167,111,389
167,111,418
167,111,500
167,111,717
167,111,934
167,111,963
167,111,970
167,111,980
167,111,983
169,170
169,171,197,454,1024,1023,170
169,530,197,454,1024,1023,170
169,171
169,530,197,171
169,170,1023,103,196
169,170,1023,103,505,197,196
169,170,1023,1024,103,196
169,170,1023,1024,103,505,197,196
169,170,1023,1024,454,197,196
169,170,1023,1024,454,197,505,103,196
169,171,103,196
169,171,103,505,197,196
169,171,103,1023,1024,454,197,196
169,171,103,1024,454,197,196
169,171,197,196
169,530,103,196
169,530,103,505,197,196
169,530,103,1023,1024,454,197,196
169,530,103,1024,454,197,196
169,530,197,196
169,170,1023,103,196,197
169,170,1023,103,505,197
169,170,1023,103,1024,454,197
169,170,1023,1024,103,196,197
169,170,1023,1024,103,505,197
169,170,1023,1024,454,197
169,171,197
169,530,197
169,170,1023,103,196,197,454
169,170,1023,103,505,197,454
169,170,1023,103,1024,454
169,170,1023,1024,454
169,171,103,196,197,454
169,171,103,505,197,454
169,171,103,1023,1024,454
169,171,103,1024,454
169,171,197,454
169,171,197,505,103,1023,1024,454
169,171,197,505,103,1024,454
169,530,103,196,197,454
169,530,103,505,197,454
169,530,103,1023,1024,454
169,530,103,1024,454
169,530,197,454
169,530,197,505,103,1023,1024,454
169,530,197,505,103,1024,454
169,170,1023,103,505
169,170,1023,1024,103,505
169,170,1023,1024,454,197,505
169,171,103,505
169,171,197,505
169,530,103,505
169,530,197,505
169,530
169,170,1023
169,171,103,1023
169,171,103,1024,1023
169,171,197,196,103,1023
169,171,197,196,103,1024,1023
169,171,197,454,1024,1023
169,171,197,505,103,1023
169,171,197,505,103,1024,1023
169,171,197,530,103,1023
169,171,197,530,103,1024,1023
169,530,103,1023
169,530,103,1024,1023
169,530,197,196,103,1023
169,530,197,196,103,1024,1023
169,530,197,454,1024,1023
169,530,197,505,103,1023
169,530,197,505,103,1024,1023
169,170,1023,1024
169,171,103,1024
169,171,197,196,103,1024
169,171,197,454,1024
169,171,197,505,103,1024
169,171,197,530,103,1024
169,530,103,1024
169,530,197,196,103,1024
169,530,197,454,1024
169,530,197,505,103,1024
170,169,171
170,169,530,103,196,197,171
170,169,530,103,505,197,171
170,169,530,103,171
170,169,530,103,1024,454,197,171
170,169,530,197,171
170,1023,103,196,197,530,169,171
170,1023,103,196,197,171
170,1023,103,505,197,530,169,171
170,1023,103,505,197,171
170,1023,103,530,169,171
170,1023,103,530,197,171
170,1023,103,171
170,1023,1024,103,196,197,530,169,171
170,1023,1024,103,196,197,171
170,1023,1024,103,505,197,530,169,171
170,1023,1024,103,505,197,171
170,1023,1024,103,530,169,171
170,1023,1024,103,530,197,171
170,1023,1024,103,171
170,1023,1024,454,197,196,103,530,169,171
170,1023,1024,454,197,196,103,171
170,1023,1024,454,197,505,103,530,169,171
170,1023,1024,454,197,505,103,171
170,1023,1024,454,197,530,169,171
170,1023,1024,454,197,530,103,171
170,1023,1024,454,197,171
170,169,171,103,196
170,169,171,103,505,197,196
170,169,171,103,1024,454,197,196
170,169,171,197,196
170,169,530,103,196
170,169,530,103,505,197,196
170,169,530,103,1024,454,197,196
170,169,530,197,196
170,1023,103,196
170,1023,103,505,197,196
170,1023,103,530,197,196
170,1023,1024,103,196
170,1023,1024,103,505,197,196
170,1023,1024,103,530,197,196
170,1023,1024,454,197,196
170,1023,1024,454,197,505,103,196
170,1023,1024,454,197,530,103,196
170,169,171,197
170,169,530,197
170,1023,103,196,197
170,1023,103,505,197
170,1023,103,530,197
170,1023,103,171,197
170,1023,103,1024,454,197
170,1023,1024,103,196,197
170,1023,1024,103,505,197
170,1023,1024,103,530,197
170,1023,1024,103,171,197
170,1023,1024,454,197
170,169,171,103,196,197,454
170,169,171,103,505,197,454
170,169,171,103,530,197,454
170,169,171,103,1024,454
170,169,171,197,454
170,169,171,197,505,103,1024,454
170,169,530,103,196,197,454
170,169,530,103,505,197,454
170,169,530,103,1024,454
170,169,530,197,454
170,169,530,197,505,103,1024,454
170,1023,103,196,197,454
170,1023,103,505,197,454
170,1023,103,530,169,171,197,454
170,1023,103,530,197,454
170,1023,103,171,197,454
170,1023,103,1024,454
170,1023,1024,454
170,169,171,103,505
170,169,171,197,505
170,169,530,103,505
170,169,530,197,505
170,1023,103,505
170,1023,103,530,197,505
170,1023,1024,103,505
170,1023,1024,103,530,197,505
170,1023,1024,454,197,505
170,1023,1024,454,197,530,103,505
170,169,530
170,1023,103,530
170,1023,1024,103,530
170,1023,1024,454,197,530
170,1023
170,169,171,103,1024
170,169,171,197,196,103,1024
170,169,171,197,454,1024
170,169,171,197,505,103,1024
170,169,171,197,530,103,1024
170,169,530,103,1024
170,169,530,197,196,103,1024
170,169,530,197,454,1024
170,169,530,197,505,103,1024
170,1023,1024
171,169,170,1023,103,196
171,169,170,1023,103,505,197,196
171,169,170,1023,1024,103,196
171,169,170,1023,1024,103,505,197,196
171,169,170,1023,1024,454,197,196
171,169,170,1023,1024,454,197,505,103,196
171,169,530,103,196
171,169,530,103,505,197,196
171,169,530,103,1023,1024,454,197,196
171,169,530,103,1024,454,197,196
171,169,530,197,196
171,103,196
171,103,505,197,196
171,103,530,197,196
171,103,1023,1024,454,197,196
171,103,1024,454,197,196
171,197,196
171,197
171,169,170,1023,103,196,197,454
171,169,170,1023,103,505,197,454
171,169,170,1023,1024,454
171,169,530,103,196,197,454
171,169,530,103,505,197,454
171,169,530,103,1023,1024,454
171,169,530,103,1024,454
171,169,530,197,454
171,169,530,197,505,103,1023,1024,454
171,169,530,197,505,103,1024,454
171,103,196,197,454
171,103,505,197,454
171,103,530,169,170,1023,1024,454
171,103,530,197,454
171,103,1023,1024,454
171,103,1024,454
171,197,454
171,197,505,103,1023,1024,454
171,197,505,103,1024,454
171,197,530,103,1023,1024,454
171,197,530,103,1024,454
171,169,170,1023,103,505
171,169,170,1023,1024,103,505
171,169,170,1023,1024,454,197,505
171,169,530,103,505
171,169,530,197,505
171,103,505
171,103,530,197,505
171,197,505
171,169,530
171,103,530
171,197,530
171,169,170,1023
171,169,530,103,1023
171,169,530,103,1024,1023
171,169,530,197,196,103,1023
171,169,530,197,196,103,1024,1023
171,169,530,197,454,1024,1023
171,169,530,197,505,103,1023
171,169,530,197,505,103,1024,1023
171,103,1023
171,103,1024,1023
171,197,196,103,1023
171,197,196,103,1024,1023
171,197,454,1024,1023
171,197,505,103,1023
171,197,505,103,1024,1023
171,197,530,169,170,1023
171,197,530,103,1023
171,197,530,103,1024,1023
171,169,170,1023,1024
171,169,530,103,1024
171,169,530,197,196,103,1024
171,169,530,197,454,1024
171,169,530,197,505,103,1024
171,103,1024
171,197,196,103,1024
171,197,454,1024
171,197,505,103,1024
171,197,530,169,170,1023,1024
171,197,530,103,1024
179,180
179,181,517,518,180
179,181,517,266,180
179,181
179,180,518,517,266
179,180,266
179,181,517,518,180,266
179,181,517,266
179,180,459
179,181,517,518,180,459
179,181,517,266,180,459
179,180,518,517
179,180,266,517
179,181,517
179,180,518
179,181,517,518
180,179,181
180,518,517,181
180,266,517,181
180,518,517,266
180,266
180,459
180,179,181,517
180,518,517
180,266,517
180,518
181,179,180,266
181,517,518,180,266
181,517,266
181,179,180,459
181,517,518,180,459
181,517,266,180,459
181,517
181,179,180,518
181,517,518
192,193
192,193,100
192,193,205
192,193,206
193,100
193,205
193,206
196,197
196,103,505,197,454
196,103,505,197,530,169,170,1023,1024,454
196,103,530,169,170,1023,1024,454
196,103,530,197,454
196,103,171,169,170,1023,1024,454
196,103,1023,170,169,530,197,454
196,103,1023,1024,454
196,103,1024,454
196,197,454
196,197,505,103,1023,1024,454
196,197,505,103,1024,454
196,197,530,169,170,1023,1024,454
196,197,530,103,1023,1024,454
196,197,530,103,1024,454
196,103,505
196,103,530,197,505
196,103,1023,170,169,530,197,505
196,103,1024,1023,170,169,530,197,505
196,197,505
196,103,530
196,103,1023,170,169,530
196,103,1024,1023,170,169,530
196,197,530
196,103,1023
196,103,1024,1023
196,197,454,1024,1023
196,197,505,103,1023
196,197,505,103,1024,1023
196,197,530,169,170,1023
196,197,530,103,1023
196,197,530,103,1024,1023
196,197,171,169,170,1023
196,103,1024
196,197,454,1024
196,197,505,103,1024
196,197,530,169,170,1023,1024
196,197,530,103,1024
196,197,171,169,170,1023,1024
197,454
197,505
197,530
197,196,103,1023
197,196,103,1024,1023
197,454,1024,1023
197,505,103,1023
197,505,103,1024,1023
197,530,169,170,1023
197,530,103,1023
197,530,103,1024,1023
197,171,169,170,1023
197,171,103,1023
197,171,103,1024,1023
197,196,103,1024
197,454,1024
197,505,103,1024
197,530,169,170,1023,1024
197,530,103,1024
197,171,169,170,1023,1024
197,171,103,1024
200,201
100,193,205
100,193,206
205,193,206
207,208
207,209
208,207,209
214,215
214,611
214,611,612
215,214,611
215,214,611,612
218,299,233
218,37,248
218,299
218,37,619
218,37,826,619
218,37,619,14
218,37,826,619,14
218,37,619,693
218,37,826,619,693
218,37,619,14,702
218,37,826,619,14,702
218,37,826
218,37,619,949
218,37,826,619,949
218,37,619,995
218,37,826,619,995
233,299,218,37,248
233,299
233,299,218,37,619
233,299,218,37,826,619
233,299,218,37,619,14
233,299,218,37,826,619,14
233,299,218,37,619,693
233,299,218,37,826,619,693
233,299,218,37,619,14,702
233,299,218,37,826,619,14,702
233,299,218,37,826
233,299,218,37,619,949
233,299,218,37,826,619,949
233,299,218,37,619,995
233,299,218,37,826,619,995
237,238
237,1033
238,237,1033
248,37,218,299
248,37,619
248,37,826,619
248,37,619,14
248,37,826,619,14
248,37,619,693
248,37,826,619,693
248,37,619,14,702
248,37,826,619,14,702
248,37,826
248,37,619,949
248,37,826,619,949
248,37,619,995
248,37,826,619,995
253,254
253,254,645,922,511,510,364
253,254,645,922,511,783,545,514,510,364
253,254,645,922,511,513,510,364
253,254,645,922,783,511,510,364
253,254,645,922,783,511,513,510,364
253,254,645,922,783,545,514,510,364
253,254,645,922,545,514,510,364
253,254,645,922,545,783,511,510,364
253,254,645,922,545,783,511,513,510,364
253,254,645,545,514,510,364
253,254,645,545,783,511,510,364
253,254,645,545,783,511,513,510,364
253,254,645,545,922,511,510,364
253,254,645,545,922,511,513,510,364
253,254,922,511,510,364
253,254,922,511,783,545,514,510,364
253,254,922,511,513,510,364
253,254,922,783,511,510,364
253,254,922,783,511,513,510,364
253,254,922,783,545,514,510,364
253,254,922,545,514,510,364
253,254,922,545,783,511,510,364
253,254,922,545,783,511,513,510,364
253,254,645,922,511,510,364,365
253,254,645,922,511,783,545,514,510,364,365
253,254,645,922,511,513,510,364,365
253,254,645,922,783,511,510,364,365
253,254,645,922,783,511,513,510,364,365
253,254,645,922,783,545,514,510,364,365
253,254,645,922,545,514,510,364,365
253,254,645,922,545,783,511,510,364,365
253,254,645,922,545,783,511,513,510,364,365
253,254,645,545,514,510,364,365
253,254,645,545,783,511,510,364,365
253,254,645,545,783,511,513,510,364,365
253,254,645,545,922,511,510,364,365
253,254,645,545,922,511,513,510,364,365
253,254,922,511,510,364,365
253,254,922,511,783,545,514,510,364,365
253,254,922,511,513,510,364,365
253,254,922,783,511,510,364,365
253,254,922,783,511,513,510,364,365
253,254,922,783,545,514,510,364,365
253,254,922,545,514,510,364,365
253,254,922,545,783,511,510,364,365
253,254,922,545,783,511,513,510,364,365
253,254,645,922,511,510
253,254,645,922,511,783,545,514,510
253,254,645,922,511,513,510
253,254,645,922,783,511,510
253,254,645,922,783,511,513,510
253,254,645,922,783,545,514,510
253,254,645,922,545,514,510
253,254,645,922,545,783,511,510
253,254,645,922,545,783,511,513,510
253,254,645,545,514,510
253,254,645,545,783,511,510
253,254,645,545,783,511,513,510
253,254,645,545,922,511,510
253,254,645,545,922,511,513,510
253,254,922,511,510
253,254,922,511,783,545,514,510
253,254,922,511,513,510
253,254,922,783,511,510
253,254,922,783,511,513,510
253,254,922,783,545,514,510
253,254,922,545,514,510
253,254,922,545,783,511,510
253,254,922,545,783,511,513,510
253,254,645,922,511
253,254,645,922,783,511
253,254,645,922,783,545,514,510,513,511
253,254,645,922,545,514,510,511
253,254,645,922,545,514,510,513,511
253,254,645,922,545,783,511
253,254,645,545,514,510,511
253,254,645,545,514,510,513,511
253,254,645,545,783,511
253,254,645,545,922,511
253,254,922,511
253,254,922,783,511
253,254,922,783,545,514,510,513,511
253,254,922,545,514,510,511
253,254,922,545,514,510,513,511
253,254,922,545,783,511
253,254,645,922,511,510,512
253,254,645,922,511,783,545,514,510,512
253,254,645,922,511,513,510,512
253,254,645,922,783,511,510,512
253,254,645,922,783,511,513,510,512
253,254,645,922,783,545,514,510,512
253,254,645,922,545,514,510,512
253,254,645,922,545,783,511,510,512
253,254,645,922,545,783,511,513,510,512
253,254,645,545,514,510,512
253,254,645,545,783,511,510,512
253,254,645,545,783,511,513,510,512
253,254,645,545,922,511,510,512
253,254,645,545,922,511,513,510,512
253,254,922,511,510,512
253,254,922,511,783,545,514,510,512
253,254,922,511,513,510,512
253,254,922,783,511,510,512
253,254,922,783,511,513,510,512
253,254,922,783,545,514,510,512
253,254,922,545,514,510,512
253,254,922,545,783,511,510,512
253,254,922,545,783,511,513,510,512
253,254,645,922,511,513
253,254,645,922,783,511,513
253,254,645,922,783,545,514,510,513
253,254,645,922,545,514,510,513
253,254,645,922,545,783,511,513
253,254,645,545,514,510,513
253,254,645,545,783,511,513
253,254,645,545,922,511,513
253,254,922,511,513
253,254,922,783,511,513
253,254,922,783,545,514,510,513
253,254,922,545,514,510,513
253,254,922,545,783,511,513
253,254,645,922,511,510,514
253,254,645,922,511,783,545,514
253,254,645,922,511,513,510,514
253,254,645,922,783,511,510,514
253,254,645,922,783,511,513,510,514
253,254,645,922,783,545,514
253,254,645,922,545,514
253,254,645,545,514
253,254,645,545,783,511,510,514
253,254,645,545,783,511,513,510,514
253,254,922,511,510,514
253,254,922,511,783,545,514
253,254,922,511,513,510,514
253,254,922,783,511,510,514
253,254,922,783,511,513,510,514
253,254,922,783,545,514
253,254,922,545,514
253,254,645,922,783,545
253,254,645,922,545
253,254,645,545
253,254,922,783,545
253,254,922,545
253,254,645,922,511,510,514,546
253,254,645,922,511,783,545,514,546
253,254,645,922,511,513,510,514,546
253,254,645,922,783,511,510,514,546
253,254,645,922,783,511,513,510,514,546
253,254,645,922,783,545,514,546
253,254,645,922,545,514,546
253,254,645,922,545,783,511,510,514,546
253,254,645,922,545,783,511,513,510,514,546
253,254,645,545,514,546
253,254,645,545,783,511,510,514,546
253,254,645,545,783,511,513,510,514,546
253,254,645,545,922,511,510,514,546
253,254,645,545,922,511,513,510,514,546
253,254,922,511,510,514,546
253,254,922,511,783,545,514,546
253,254,922,511,513,510,514,546
253,254,922,783,511,510,514,546
253,254,922,783,511,513,510,514,546
253,254,922,783,545,514,546
253,254,922,545,514,546
253,254,922,545,783,511,510,514,546
253,254,922,545,783,511,513,510,514,546
253,254,645
253,254,922,645
253,254,645,922,783
253,254,645,545,783
253,254,922,783
253,254,922
253,254,645,922,511,510,514,545,817
253,254,645,922,511,783,545,817
253,254,645,922,511,513,510,514,545,817
253,254,645,922,783,511,510,514,545,817
253,254,645,922,783,511,513,510,514,545,817
253,254,645,922,783,545,817
253,254,645,922,545,817
253,254,645,545,817
253,254,922,511,510,514,545,817
253,254,922,511,783,545,817
253,254,922,511,513,510,514,545,817
253,254,922,783,511,510,514,545,817
253,254,922,783,511,513,510,514,545,817
253,254,922,783,545,817
253,254,922,545,817
253,254,645,922,511,510,514,545,112
253,254,645,922,511,783,545,112
253,254,645,922,511,513,510,514,545,112
253,254,645,922,783,511,510,514,545,112
253,254,645,922,783,511,513,510,514,545,112
253,254,645,922,783,545,112
253,254,645,922,545,112
253,254,645,545,112
253,254,922,511,510,514,545,112
253,254,922,511,783,545,112
253,254,922,511,513,510,514,545,112
253,254,922,783,511,510,514,545,112
253,254,922,783,511,513,510,514,545,112
253,254,922,783,545,112
253,254,922,545,112
254,645,922,511,510,364
254,645,922,511,783,545,514,510,364
254,645,922,511,513,510,364
254,645,922,783,511,510,364
254,645,922,783,511,513,510,364
254,645,922,783,545,514,510,364
254,645,922,545,514,510,364
254,645,922,545,783,511,510,364
254,645,922,545,783,511,513,510,364
254,645,545,514,510,364
254,645,545,783,511,510,364
254,645,545,783,511,513,510,364
254,645,545,922,511,510,364
254,645,545,922,511,513,510,364
254,922,511,510,364
254,922,511,783,545,514,510,364
254,922,511,513,510,364
254,922,783,511,510,364
254,922,783,511,513,510,364
254,922,783,545,514,510,364
254,922,545,514,510,364
254,922,545,783,511,510,364
254,922,545,783,511,513,510,364
254,645,922,511,510,364,365
254,645,922,511,783,545,514,510,364,365
254,645,922,511,513,510,364,365
254,645,922,783,511,510,364,365
254,645,922,783,511,513,510,364,365
254,645,922,783,545,514,510,364,365
254,645,922,545,514,510,364,365
254,645,922,545,783,511,510,364,365
254,645,922,545,783,511,513,510,364,365
254,645,545,514,510,364,365
254,645,545,783,511,510,364,365
254,645,545,783,511,513,510,364,365
254,645,545,922,511,510,364,365
254,645,545,922,511,513,510,364,365
254,922,511,510,364,365
254,922,511,783,545,514,510,364,365
254,922,511,513,510,364,365
254,922,783,511,510,364,365
254,922,783,511,513,510,364,365
254,922,783,545,514,510,364,365
254,922,545,514,510,364,365
254,922,545,783,511,510,364,365
254,922,545,783,511,513,510,364,365
254,645,922,511,510
254,645,922,511,783,545,514,510
254,645,922,511,513,510
254,645,922,783,511,510
254,645,922,783,511,513,510
254,645,922,783,545,514,510
254,645,922,545,514,510
254,645,922,545,783,511,510
254,645,922,545,783,511,513,510
254,645,545,514,510
254,645,545,783,511,510
254,645,545,783,511,513,510
254,645,545,922,511,510
254,645,545,922,511,513,510
254,922,511,510
254,922,511,783,545,514,510
254,922,511,513,510
254,922,783,511,510
254,922,783,511,513,510
254,922,783,545,514,510
254,922,545,514,510
254,922,545,783,511,510
254,922,545,783,511,513,510
254,645,922,511
254,645,922,783,511
254,645,922,783,545,514,510,513,511
254,645,922,545,514,510,511
254,645,922,545,514,510,513,511
254,645,922,545,783,511
254,645,545,514,510,511
254,645,545,514,510,513,511
254,645,545,783,511
254,645,545,922,511
254,922,511
254,922,783,511
254,922,783,545,514,510,513,511
254,922,545,514,510,511
254,922,545,514,510,513,511
254,922,545,783,511
254,645,922,511,510,512
254,645,922,511,783,545,514,510,512
254,645,922,511,513,510,512
254,645,922,783,511,510,512
254,645,922,783,511,513,510,512
254,645,922,783,545,514,510,512
254,645,922,545,514,510,512
254,645,922,545,783,511,510,512
254,645,922,545,783,511,513,510,512
254,645,545,514,510,512
254,645,545,783,511,510,512
254,645,545,783,511,513,510,512
254,645,545,922,511,510,512
254,645,545,922,511,513,510,512
254,922,511,510,512
254,922,511,783,545,514,510,512
254,922,511,513,510,512
254,922,783,511,510,512
254,922,783,511,513,510,512
254,922,783,545,514,510,512
254,922,545,514,510,512
254,922,545,783,511,510,512
254,922,545,783,511,513,510,512
254,645,922,511,513
254,645,922,783,511,513
254,645,922,783,545,514,510,513
254,645,922,545,514,510,513
254,645,922,545,783,511,513
254,645,545,514,510,513
254,645,545,783,511,513
254,645,545,922,511,513
254,922,511,513
254,922,783,511,513
254,922,783,545,514,510,513
254,922,545,514,510,513
254,922,545,783,511,513
254,645,922,511,510,514
254,645,922,511,783,545,514
254,645,922,511,513,510,514
254,645,922,783,511,510,514
254,645,922,783,511,513,510,514
254,645,922,783,545,514
254,645,922,545,514
254,645,545,514
254,645,545,783,511,510,514
254,645,545,783,511,513,510,514
254,922,511,510,514
254,922,511,783,545,514
254,922,511,513,510,514
254,922,783,511,510,514
254,922,783,511,513,510,514
254,922,783,545,514
254,922,545,514
254,645,922,783,545
254,645,922,545
254,645,545
254,922,783,545
254,922,545
254,645,922,511,510,514,546
254,645,922,511,783,545,514,546
254,645,922,511,513,510,514,546
254,645,922,783,511,510,514,546
254,645,922,783,511,513,510,514,546
254,645,922,783,545,514,546
254,645,922,545,514,546
254,645,922,545,783,511,510,514,546
254,645,922,545,783,511,513,510,514,546
254,645,545,514,546
254,645,545,783,511,510,514,546
254,645,545,783,511,513,510,514,546
254,645,545,922,511,510,514,546
254,645,545,922,511,513,510,514,546
254,922,511,510,514,546
254,922,511,783,545,514,546
254,922,511,513,510,514,546
254,922,783,511,510,514,546
254,922,783,511,513,510,514,546
254,922,783,545,514,546
254,922,545,514,546
254,922,545,783,511,510,514,546
254,922,545,783,511,513,510,514,546
254,645
254,922,645
254,645,922,783
254,645,545,783
254,922,783
254,922
254,645,922,511,510,514,545,817
254,645,922,511,783,545,817
254,645,922,511,513,510,514,545,817
254,645,922,783,511,510,514,545,817
254,645,922,783,511,513,510,514,545,817
254,645,922,783,545,817
254,645,922,545,817
254,645,545,817
254,922,511,510,514,545,817
254,922,511,783,545,817
254,922,511,513,510,514,545,817
254,922,783,511,510,514,545,817
254,922,783,511,513,510,514,545,817
254,922,783,545,817
254,922,545,817
254,645,922,511,510,514,545,112
254,645,922,511,783,545,112
254,645,922,511,513,510,514,545,112
254,645,922,783,511,510,514,545,112
254,645,922,783,511,513,510,514,545,112
254,645,922,783,545,112
254,645,922,545,112
254,645,545,112
254,922,511,510,514,545,112
254,922,511,783,545,112
254,922,511,513,510,514,545,112
254,922,783,511,510,514,545,112
254,922,783,511,513,510,514,545,112
254,922,783,545,112
254,922,545,112
255,111,296
255,111,326
255,111,379
255,111,389
255,111,418
255,111,500
255,111,717
255,111,934
255,111,963
255,111,970
255,111,980
255,111,983
260,235
260,151,382,235
260,151,811,235
260,151
260,235,382
260,235,811,151,382
260,151,382
260,235,811
260,151,811
235,260,151
235,382,151
235,811,151
235,382
235,811,151,382
235,811
151,382
151,811
266,517,518,180,459
266,180,459
266,517
266,517,518
266,180,518
268,269
276,60,292
276,60,596
276,60,733
276,60,745
282,49,501,45,407,309
282,49,501,45,407,408,309
282,49,661,45,407,309
282,49,661,45,407,408,309
282,49,991,45,407,309
282,49,991,45,407,408,309
282,45,407,309
282,45,407,408,309
282,49,501,45,407,309,310
282,49,501,45,407,408,309,310
282,49,661,45,407,309,310
282,49,661,45,407,408,309,310
282,49,991,45,407,309,310
282,49,991,45,407,408,309,310
282,45,407,309,310
282,45,407,408,309,310
282,49,501,45,407
282,49,661,45,407
282,49,991,45,407
282,45,407
282,49,501,45,407,408
282,49,661,45,407,408
282,49,991,45,407,408
282,45,407,408
282,49,477
282,45,501,49,477
282,45,661,49,477
282,45,991,49,477
282,49,501
282,49,661,45,501
282,49,991,45,501
282,45,501
282,49,534
282,45,501,49,534
282,45,661,49,534
282,45,991,49,534
282,49,574
282,45,501,49,574
282,45,661,49,574
282,45,991,49,574
282,49,661
282,49,991,45,661
282,45,661
282,49,806
282,45,501,49,806
282,45,661,49,806
282,45,991,49,806
282,49,875
282,45,501,49,875
282,45,661,49,875
282,45,991,49,875
282,49,991
282,45,991
290,291
290,930,813,291
290,291,813,930,497
290,930,497
290,291,813,930,497,498
290,930,497,498
290,291,813
290,930,813
290,291,813,487
290,930,813,487
290,291,813,632
290,930,813,632
290,930
290,291,813,930,773
290,930,773
291,290,930,497
291,813,930,497
291,290,930,497,498
291,813,930,497,498
291,813
291,290,930,813,487
291,813,487
291,290,930,813,632
291,813,632
291,290,930
291,813,930
291,290,930,773
291,813,930,773
292,60,596
292,60,733
292,60,745
294,295
294,295,819
295,819
296,111,326
296,111,379
296,111,389
296,111,418
296,111,500
296,111,717
296,111,934
296,111,963
296,111,970
296,111,980
296,111,983
299,218,37,619
299,218,37,826,619
299,218,37,619,14
299,218,37,826,619,14
299,218,37,619,693
299,218,37,826,619,693
299,218,37,619,14,702
299,218,37,826,619,14,702
299,218,37,826
299,218,37,619,949
299,218,37,826,619,949
299,218,37,619,995
299,218,37,826,619,995
309,310
309,407
309,408,407
309,408
309,407,45,48,49,477
309,407,45,282,49,477
309,407,45,501,49,477
309,407,45,661,49,477
309,407,45,991,49,477
309,408,407,45,48,49,477
309,408,407,45,282,49,477
309,408,407,45,501,49,477
309,408,407,45,661,49,477
309,408,407,45,991,49,477
309,407,45,501
309,407,45,661,49,501
309,407,45,991,49,501
309,408,407,45,501
309,408,407,45,661,49,501
309,408,407,45,991,49,501
309,407,45,48,49,534
309,407,45,282,49,534
309,407,45,501,49,534
309,407,45,661,49,534
309,407,45,991,49,534
309,408,407,45,48,49,534
309,408,407,45,282,49,534
309,408,407,45,501,49,534
309,408,407,45,661,49,534
309,408,407,45,991,49,534
309,407,45,48,49,574
309,407,45,282,49,574
309,407,45,501,49,574
309,407,45,661,49,574
309,407,45,991,49,574
309,408,407,45,48,49,574
309,408,407,45,282,49,574
309,408,407,45,501,49,574
309,408,407,45,661,49,574
309,408,407,45,991,49,574
309,407,45,661
309,407,45,991,49,661
309,408,407,45,661
309,408,407,45,991,49,661
309,407,45,48,49,806
309,407,45,282,49,806
309,407,45,501,49,806
309,407,45,661,49,806
309,407,45,991,49,806
309,408,407,45,48,49,806
309,408,407,45,282,49,806
309,408,407,45,501,49,806
309,408,407,45,661,49,806
309,408,407,45,991,49,806
309,407,45,48,49,875
309,407,45,282,49,875
309,407,45,501,49,875
309,407,45,661,49,875
309,407,45,991,49,875
309,408,407,45,48,49,875
309,408,407,45,282,49,875
309,408,407,45,501,49,875
309,408,407,45,661,49,875
309,408,407,45,991,49,875
309,407,45,991
309,408,407,45,991
310,309,407
310,309,408,407
310,309,408
310,309,407,45,48,49,477
310,309,407,45,282,49,477
310,309,407,45,501,49,477
310,309,407,45,661,49,477
310,309,407,45,991,49,477
310,309,408,407,45,48,49,477
310,309,408,407,45,282,49,477
310,309,408,407,45,501,49,477
310,309,408,407,45,661,49,477
310,309,408,407,45,991,49,477
310,309,407,45,501
310,309,407,45,661,49,501
310,309,407,45,991,49,501
310,309,408,407,45,501
310,309,408,407,45,661,49,501
310,309,408,407,45,991,49,501
310,309,407,45,48,49,534
310,309,407,45,282,49,534
310,309,407,45,501,49,534
310,309,407,45,661,49,534
310,309,407,45,991,49,534
310,309,408,407,45,48,49,534
310,309,408,407,45,282,49,534
310,309,408,407,45,501,49,534
310,309,408,407,45,661,49,534
310,309,408,407,45,991,49,534
310,309,407,45,48,49,574
310,309,407,45,282,49,574
310,309,407,45,501,49,574
310,309,407,45,661,49,574
310,309,407,45,991,49,574
310,309,408,407,45,48,49,574
310,309,408,407,45,282,49,574
310,309,408,407,45,501,49,574
310,309,408,407,45,661,49,574
310,309,408,407,45,991,49,574
310,309,407,45,661
310,309,407,45,991,49,661
310,309,408,407,45,661
310,309,408,407,45,991,49,661
310,309,407,45,48,49,806
310,309,407,45,282,49,806
310,309,407,45,501,49,806
310,309,407,45,661,49,806
310,309,407,45,991,49,806
310,309,408,407,45,48,49,806
310,309,408,407,45,282,49,806
310,309,408,407,45,501,49,806
310,309,408,407,45,661,49,806
310,309,408,407,45,991,49,806
310,309,407,45,48,49,875
310,309,407,45,282,49,875
310,309,407,45,501,49,875
310,309,407,45,661,49,875
310,309,407,45,991,49,875
310,309,408,407,45,48,49,875
310,309,408,407,45,282,49,875
310,309,408,407,45,501,49,875
310,309,408,407,45,661,49,875
310,309,408,407,45,991,49,875
310,309,407,45,991
310,309,408,407,45,991
326,111,379
326,111,389
326,111,418
326,111,500
326,111,717
326,111,934
326,111,963
326,111,970
326,111,980
326,111,983
346,347
346,348,548,347
346,348,583,347
346,348,583,584,615,347
346,348,615,347
346,348,882,584,583,347
346,348,882,584,615,347
346,348
346,347,548
346,347,583,584,615,348,548
346,347,583,584,882,348,548
346,347,583,348,548
346,347,615,348,548
346,347,615,584,882,348,548
346,348,548
346,347,583
346,347,615,348,583
346,347,615,348,882,584,583
346,347,615,584,583
346,348,583
346,348,615,584,583
346,348,882,584,583
346,347,548,348,583,584
346,347,548,348,615,584
346,347,548,348,882,584
346,347,583,584
346,347,615,584
346,348,583,584
346,348,615,584
346,348,882,584
346,347,548,348,583,584,615,614
346,347,548,348,615,614
346,347,548,348,882,584,615,614
346,347,583,584,615,614
346,347,583,584,882,348,615,614
346,347,583,348,615,614
346,347,615,614
346,348,583,584,615,614
346,348,615,614
346,348,882,584,615,614
346,347,615
346,348,615
346,348,882,584,615
346,347,548,348,583,584,615,846
346,347,548,348,615,846
346,347,548,348,882,584,615,846
346,347,583,584,615,846
346,347,583,584,882,348,615,846
346,347,583,348,615,846
346,347,615,846
346,348,583,584,615,846
346,348,615,846
346,348,882,584,615,846
346,347,548,348,583,584,865
346,347,548,348,615,584,865
346,347,548,348,882,584,865
346,347,583,584,865
346,347,583,348,615,584,865
346,347,583,348,882,584,865
346,347,615,348,882,584,865
346,347,615,584,865
346,348,583,584,865
346,348,615,584,865
346,348,882,584,865
346,347,548,348,882
346,347,583,584,882
346,347,583,348,882
346,347,615,348,882
346,347,615,584,882
346,348,882
347,346,348
347,548,348
347,583,584,615,348
347,583,584,882,348
347,583,348
347,615,348
347,615,584,882,348
347,548
347,583,584,615,348,548
347,583,584,882,348,548
347,583,348,548
347,615,348,548
347,615,584,882,348,548
347,583
347,615,348,583
347,615,348,882,584,583
347,615,584,583
347,346,348,583,584
347,346,348,615,584
347,346,348,882,584
347,548,348,583,584
347,548,348,615,584
347,548,348,882,584
347,583,584
347,615,584
347,346,348,583,584,615,614
347,346,348,615,614
347,346,348,882,584,615,614
347,548,348,583,584,615,614
347,548,348,615,614
347,548,348,882,584,615,614
347,583,584,615,614
347,583,584,882,348,615,614
347,583,348,615,614
347,615,614
347,615
347,346,348,583,584,615,846
347,346,348,615,846
347,346,348,882,584,615,846
347,548,348,583,584,615,846
347,548,348,615,846
347,548,348,882,584,615,846
347,583,584,615,846
347,583,584,882,348,615,846
347,583,348,615,846
347,615,846
347,346,348,583,584,865
347,346,348,615,584,865
347,346,348,882,584,865
347,548,348,583,584,865
347,548,348,615,584,865
347,548,348,882,584,865
347,583,584,865
347,583,348,615,584,865
347,583,348,882,584,865
347,615,348,882,584,865
347,615,584,865
347,346,348,882
347,548,348,882
347,583,584,882
347,583,348,882
347,615,348,882
347,615,584,882
348,548
348,583
348,615,584,583
348,882,584,583
348,583,584
348,615,584
348,882,584
348,583,584,615,614
348,615,614
348,882,584,615,614
348,615
348,882,584,615
348,583,584,615,846
348,615,846
348,882,584,615,846
348,583,584,865
348,615,584,865
348,882,584,865
348,882
349,242
361,362
361,964,362
361,964
361,362,998
361,964,362,998
362,964
362,998
364,365
364,510
364,510,511
364,510,513,511
364,510,514,545,645,254,922,511
364,510,514,545,645,922,511
364,510,514,545,645,922,783,511
364,510,514,545,783,511
364,510,514,545,783,922,511
364,510,514,545,922,511
364,510,512
364,510,513
364,510,514,545,645,254,922,511,513
364,510,514,545,645,254,922,783,511,513
364,510,514,545,645,922,511,513
364,510,514,545,645,922,783,511,513
364,510,514,545,783,511,513
364,510,514,545,783,922,511,513
364,510,514,545,922,511,513
364,510,514
364,510,511,783,922,645,545
364,510,511,783,922,545
364,510,511,783,545
364,510,511,922,645,545
364,510,511,922,545
364,510,513,511,783,922,645,545
364,510,513,511,783,922,545
364,510,513,511,783,545
364,510,513,511,922,645,545
364,510,513,511,922,545
364,510,514,545
364,510,511,783,922,645,545,514,546
364,510,511,783,922,254,645,545,514,546
364,510,511,783,922,545,514,546
364,510,511,783,545,514,546
364,510,511,922,645,545,514,546
364,510,511,922,254,645,545,514,546
364,510,511,922,545,514,546
364,510,513,511,783,922,645,545,514,546
364,510,513,511,783,922,254,645,545,514,546
364,510,513,511,783,922,545,514,546
364,510,513,511,783,545,514,546
364,510,513,511,922,645,545,514,546
364,510,513,511,922,254,645,545,514,546
364,510,513,511,922,545,514,546
364,510,514,546
364,510,511,783,922,645
364,510,511,783,545,645
364,510,511,922,645
364,510,513,511,783,922,645
364,510,513,511,783,545,645
364,510,513,511,922,645
364,510,514,545,645
364,510,514,545,783,922,645
364,510,514,545,922,645
364,510,511,783
364,510,511,922,783
364,510,513,511,783
364,510,513,511,922,783
364,510,514,545,783
364,510,514,545,922,783
364,510,511,922
364,510,513,511,922
364,510,514,545,922
364,510,511,783,922,645,545,817
364,510,511,783,922,254,645,545,817
364,510,511,783,922,545,817
364,510,511,783,545,817
364,510,511,922,645,545,817
364,510,511,922,254,645,545,817
364,510,511,922,545,817
364,510,513,511,783,922,645,545,817
364,510,513,511,783,922,254,645,545,817
364,510,513,511,783,922,545,817
364,510,513,511,783,545,817
364,510,513,511,922,645,545,817
364,510,513,511,922,254,645,545,817
364,510,513,511,922,545,817
364,510,514,545,817
364,510,511,783,922,645,545,112
364,510,511,783,922,254,645,545,112
364,510,511,783,922,545,112
364,510,511,783,545,112
364,510,511,922,645,545,112
364,510,511,922,254,645,545,112
364,510,511,922,545,112
364,510,513,511,783,922,645,545,112
364,510,513,511,783,922,254,645,545,112
364,510,513,511,783,922,545,112
364,510,513,511,783,545,112
364,510,513,511,922,645,545,112
364,510,513,511,922,254,645,545,112
364,510,513,511,922,545,112
364,510,514,545,112
365,364,510
365,364,510,511
365,364,510,513,511
365,364,510,514,545,645,254,922,511
365,364,510,514,545,645,922,511
365,364,510,514,545,645,922,783,511
365,364,510,514,545,783,511
365,364,510,514,545,783,922,511
365,364,510,514,545,922,511
365,364,510,512
365,364,510,513
365,364,510,514,545,645,254,922,511,513
365,364,510,514,545,645,254,922,783,511,513
365,364,510,514,545,645,922,511,513
365,364,510,514,545,645,922,783,511,513
365,364,510,514,545,783,511,513
365,364,510,514,545,783,922,511,513
365,364,510,514,545,922,511,513
365,364,510,514
365,364,510,511,783,922,645,545
365,364,510,511,783,922,545
365,364,510,511,783,545
365,364,510,511,922,645,545
365,364,510,511,922,545
365,364,510,513,511,783,922,645,545
365,364,510,513,511,783,922,545
365,364,510,513,511,783,545
365,364,510,513,511,922,645,545
365,364,510,513,511,922,545
365,364,510,514,545
365,364,510,511,783,922,645,545,514,546
365,364,510,511,783,922,254,645,545,514,546
365,364,510,511,783,922,545,514,546
365,364,510,511,783,545,514,546
365,364,510,511,922,645,545,514,546
365,364,510,511,922,254,645,545,514,546
365,364,510,511,922,545,514,546
365,364,510,513,511,783,922,645,545,514,546
365,364,510,513,511,783,922,254,645,545,514,546
365,364,510,513,511,783,922,545,514,546
365,364,510,513,511,783,545,514,546
365,364,510,513,511,922,645,545,514,546
365,364,510,513,511,922,254,645,545,514,546
365,364,510,513,511,922,545,514,546
365,364,510,514,546
365,364,510,511,783,922,645
365,364,510,511,783,545,645
365,364,510,511,922,645
365,364,510,513,511,783,922,645
365,364,510,513,511,783,545,645
365,364,510,513,511,922,645
365,364,510,514,545,645
365,364,510,514,545,783,922,645
365,364,510,514,545,922,645
365,364,510,511,783
365,364,510,511,922,783
365,364,510,513,511,783
365,364,510,513,511,922,783
365,364,510,514,545,783
365,364,510,514,545,922,783
365,364,510,511,922
365,364,510,513,511,922
365,364,510,514,545,922
365,364,510,511,783,922,645,545,817
365,364,510,511,783,922,254,645,545,817
365,364,510,511,783,922,545,817
365,364,510,511,783,545,817
365,364,510,511,922,645,545,817
365,364,510,511,922,254,645,545,817
365,364,510,511,922,545,817
365,364,510,513,511,783,922,645,545,817
365,364,510,513,511,783,922,254,645,545,817
365,364,510,513,511,783,922,545,817
365,364,510,513,511,783,545,817
365,364,510,513,511,922,645,545,817
365,364,510,513,511,922,254,645,545,817
365,364,510,513,511,922,545,817
365,364,510,514,545,817
365,364,510,511,783,922,645,545,112
365,364,510,511,783,922,254,645,545,112
365,364,510,511,783,922,545,112
365,364,510,511,783,545,112
365,364,510,511,922,645,545,112
365,364,510,511,922,254,645,545,112
365,364,510,511,922,545,112
365,364,510,513,511,783,922,645,545,112
365,364,510,513,511,783,922,254,645,545,112
365,364,510,513,511,783,922,545,112
365,364,510,513,511,783,545,112
365,364,510,513,511,922,645,545,112
365,364,510,513,511,922,254,645,545,112
365,364,510,513,511,922,545,112
365,364,510,514,545,112
379,111,389
379,111,418
379,111,500
379,111,717
379,111,934
379,111,963
379,111,970
379,111,980
379,111,983
382,235,811
382,151,811
383,155,411
383,155,640,154,411
383,155,640
383,155,864
383,155,869
389,111,418
389,111,500
389,111,717
389,111,934
389,111,963
389,111,970
389,111,980
389,111,983
393,394
396,397
396,398
396,398,429
396,398,429,430
396,398,190
397,396,398
397,396,398,429
397,396,398,429,430
397,396,398,190
398,429
398,429,430
398,190
407,408
407,45,48,49,477
407,45,282,49,477
407,45,501,49,477
407,45,661,49,477
407,45,991,49,477
407,45,501
407,45,661,49,501
407,45,991,49,501
407,45,48,49,534
407,45,282,49,534
407,45,501,49,534
407,45,661,49,534
407,45,991,49,534
407,45,48,49,574
407,45,282,49,574
407,45,501,49,574
407,45,661,49,574
407,45,991,49,574
407,45,661
407,45,991,49,661
407,45,48,49,806
407,45,282,49,806
407,45,501,49,806
407,45,661,49,806
407,45,991,49,806
407,45,48,49,875
407,45,282,49,875
407,45,501,49,875
407,45,661,49,875
407,45,991,49,875
407,45,991
408,407,45,48,49,477
408,407,45,282,49,477
408,407,45,501,49,477
408,407,45,661,49,477
408,407,45,991,49,477
408,407,45,501
408,407,45,661,49,501
408,407,45,991,49,501
408,407,45,48,49,534
408,407,45,282,49,534
408,407,45,501,49,534
408,407,45,661,49,534
408,407,45,991,49,534
408,407,45,48,49,574
408,407,45,282,49,574
408,407,45,501,49,574
408,407,45,661,49,574
408,407,45,991,49,574
408,407,45,661
408,407,45,991,49,661
408,407,45,48,49,806
408,407,45,282,49,806
408,407,45,501,49,806
408,407,45,661,49,806
408,407,45,991,49,806
408,407,45,48,49,875
408,407,45,282,49,875
408,407,45,501,49,875
408,407,45,661,49,875
408,407,45,991,49,875
408,407,45,991
411,154,640
411,155,640
411,154,640,155,864
411,155,864
411,154,640,155,869
411,155,869
418,111,500
418,111,717
418,111,934
418,111,963
418,111,970
418,111,980
418,111,983
428,27,707
428,27,909
429,430
429,398,190
430,429,398,190
435,63
435,63,560
435,63,798
63,560
63,798
440,441
440,420
441,440,420
450,451
454,197,505
454,197,530,169,170,1023,103,505
454,197,530,103,505
454,1024,1023,103,505
454,1024,1023,103,530,197,505
454,1024,1023,170,169,171,103,505
454,1024,1023,170,169,530,103,505
454,1024,1023,170,169,530,197,505
454,1024,103,505
454,1024,103,530,197,505
454,197,530
454,1024,1023,103,530
454,1024,1023,170,169,530
454,1024,103,530
454,197,196,103,1023
454,197,505,103,1023
454,197,530,169,170,1023
454,197,530,169,171,103,1023
454,197,530,103,1023
454,197,171,169,170,1023
454,197,171,103,1023
454,1024,1023
454,1024
459,180,179,181,517
459,180,518,517
459,180,266,517
459,180,518
465,85
466,467
466,467,506
466,467,794
466,467,972,30,794
466,467,794,30,863
466,467,972,30,863
466,467,794,30,910
466,467,972,30,910
466,467,972
467,506
467,794
467,794,30,863
467,972,30,863
467,794,30,910
467,972,30,910
467,972
477,49,501
477,49,661,45,501
477,49,991,45,501
477,49,534
477,49,574
477,49,661
477,49,991,45,661
477,49,806
477,49,875
477,49,991
497,498
497,930,813
497,930,290,291,813,487
497,930,813,487
497,930,290,291,813,632
497,930,813,632
497,930
497,930,773
498,497,930,813
498,497,930,290,291,813,487
498,497,930,813,487
498,497,930,290,291,813,632
498,497,930,813,632
498,497,930
498,497,930,773
500,111,717
500,111,934
500,111,963
500,111,970
500,111,980
500,111,983
501,45,661,49,534
501,45,991,49,534
501,49,534
501,45,661,49,574
501,45,991,49,574
501,49,574
501,45,661
501,45,991,49,661
501,49,661
501,45,661,49,806
501,45,991,49,806
501,49,806
501,45,661,49,875
501,45,991,49,875
501,49,875
501,45,991
501,49,991
505,103,530
505,103,1023,170,169,530
505,103,1024,1023,170,169,530
505,197,530
505,103,1023
505,103,1024,1023
505,197,454,1024,1023
505,197,530,169,170,1023
505,197,530,103,1023
505,197,530,103,1024,1023
505,197,171,169,170,1023
505,103,1024
505,197,454,1024
505,197,530,169,170,1023,1024
505,197,530,103,1024
505,197,171,169,170,1023,1024
506,467,794
506,467,972,30,794
506,467,794,30,863
506,467,972,30,863
506,467,794,30,910
506,467,972,30,910
506,467,972
507,508
507,508,595
507,508,767
507,508,805
507,508,805,923
507,508,805,924,923
507,508,805,924
507,508,805,923,924,599
507,508,805,924,599
508,595
508,767
508,805
508,805,923
508,805,924,923
508,805,924
508,805,923,924,599
508,805,924,599
510,511
510,513,511
510,514,545,645,922,511
510,514,545,645,922,783,511
510,514,545,783,511
510,514,545,783,922,511
510,514,545,922,511
510,512
510,513
510,514,545,645,922,511,513
510,514,545,645,922,783,511,513
510,514,545,783,511,513
510,514,545,783,922,511,513
510,514,545,922,511,513
510,514
510,511,783,922,645,545
510,511,783,922,545
510,511,783,545
510,511,922,645,545
510,511,922,545
510,513,511,783,922,645,545
510,513,511,783,922,545
510,513,511,783,545
510,513,511,922,645,545
510,513,511,922,545
510,514,545
510,511,783,922,645,545,514,546
510,511,783,922,545,514,546
510,511,783,545,514,546
510,511,922,645,545,514,546
510,511,922,545,514,546
510,513,511,783,922,645,545,514,546
510,513,511,783,922,545,514,546
510,513,511,783,545,514,546
510,513,511,922,645,545,514,546
510,513,511,922,545,514,546
510,514,546
510,511,783,922,645
510,511,783,545,645
510,511,922,645
510,513,511,783,922,645
510,513,511,783,545,645
510,513,511,922,645
510,514,545,645
510,514,545,783,922,645
510,514,545,922,645
510,511,783
510,511,922,783
510,513,511,783
510,513,511,922,783
510,514,545,783
510,514,545,922,783
510,511,922
510,513,511,922
510,514,545,922
510,511,783,922,645,545,817
510,511,783,922,254,645,545,817
510,511,783,922,545,817
510,511,783,545,817
510,511,922,645,545,817
510,511,922,254,645,545,817
510,511,922,545,817
510,513,511,783,922,645,545,817
510,513,511,783,922,254,645,545,817
510,513,511,783,922,545,817
510,513,511,783,545,817
510,513,511,922,645,545,817
510,513,511,922,254,645,545,817
510,513,511,922,545,817
510,514,545,817
510,511,783,922,645,545,112
510,511,783,922,254,645,545,112
510,511,783,922,545,112
510,511,783,545,112
510,511,922,645,545,112
510,511,922,254,645,545,112
510,511,922,545,112
510,513,511,783,922,645,545,112
510,513,511,783,922,254,645,545,112
510,513,511,783,922,545,112
510,513,511,783,545,112
510,513,511,922,645,545,112
510,513,511,922,254,645,545,112
510,513,511,922,545,112
510,514,545,112
511,510,512
511,783,922,645,545,514,510,512
511,783,922,545,514,510,512
511,783,545,514,510,512
511,922,645,545,514,510,512
511,922,254,645,545,514,510,512
511,922,545,514,510,512
511,513,510,512
511,513
511,510,514
511,783,922,645,545,514
511,783,922,545,514
511,783,545,514
511,922,645,545,514
511,922,254,645,545,514
511,922,545,514
511,513,510,514
511,510,514,545
511,783,922,645,545
511,783,922,545
511,783,545
511,922,645,545
511,922,545
511,513,510,514,545
511,510,514,546
511,783,922,645,545,514,546
511,783,922,545,514,546
511,783,545,514,546
511,922,645,545,514,546
511,922,254,645,545,514,546
511,922,545,514,546
511,513,510,514,546
511,510,514,545,645
511,783,922,645
511,783,545,645
511,922,645
511,513,510,514,545,645
511,783
511,922,783
511,922
511,510,514,545,817
511,783,922,645,545,817
511,783,922,545,817
511,783,545,817
511,922,645,545,817
511,922,254,645,545,817
511,922,545,817
511,513,510,514,545,817
511,510,514,545,112
511,783,922,645,545,112
511,783,922,545,112
511,783,545,112
511,922,645,545,112
511,922,254,645,545,112
511,922,545,112
511,513,510,514,545,112
512,510,513
512,510,514,545,645,254,922,511,513
512,510,514,545,645,254,922,783,511,513
512,510,514,545,645,922,511,513
512,510,514,545,645,922,783,511,513
512,510,514,545,783,511,513
512,510,514,545,783,922,511,513
512,510,514,545,922,511,513
512,510,514
512,510,511,783,922,645,545
512,510,511,783,922,545
512,510,511,783,545
512,510,511,922,645,545
512,510,511,922,545
512,510,513,511,783,922,645,545
512,510,513,511,783,922,545
512,510,513,511,783,545
512,510,513,511,922,645,545
512,510,513,511,922,545
512,510,514,545
512,510,511,783,922,645,545,514,546
512,510,511,783,922,254,645,545,514,546
512,510,511,783,922,545,514,546
512,510,511,783,545,514,546
512,510,511,922,645,545,514,546
512,510,511,922,254,645,545,514,546
512,510,511,922,545,514,546
512,510,513,511,783,922,645,545,514,546
512,510,513,511,783,922,254,645,545,514,546
512,510,513,511,783,922,545,514,546
512,510,513,511,783,545,514,546
512,510,513,511,922,645,545,514,546
512,510,513,511,922,254,645,545,514,546
512,510,513,511,922,545,514,546
512,510,514,546
512,510,511,783,922,645
512,510,511,783,545,645
512,510,511,922,645
512,510,513,511,783,922,645
512,510,513,511,783,545,645
512,510,513,511,922,645
512,510,514,545,645
512,510,514,545,783,922,645
512,510,514,545,922,645
512,510,511,783
512,510,511,922,783
512,510,513,511,783
512,510,513,511,922,783
512,510,514,545,783
512,510,514,545,922,783
512,510,511,922
512,510,513,511,922
512,510,514,545,922
512,510,511,783,922,645,545,817
512,510,511,783,922,254,645,545,817
512,510,511,783,922,545,817
512,510,511,783,545,817
512,510,511,922,645,545,817
512,510,511,922,254,645,545,817
512,510,511,922,545,817
512,510,513,511,783,922,645,545,817
512,510,513,511,783,922,254,645,545,817
512,510,513,511,783,922,545,817
512,510,513,511,783,545,817
512,510,513,511,922,645,545,817
512,510,513,511,922,254,645,545,817
512,510,513,511,922,545,817
512,510,514,545,817
512,510,511,783,922,645,545,112
512,510,511,783,922,254,645,545,112
512,510,511,783,922,545,112
512,510,511,783,545,112
512,510,511,922,645,545,112
512,510,511,922,254,645,545,112
512,510,511,922,545,112
512,510,513,511,783,922,645,545,112
512,510,513,511,783,922,254,645,545,112
512,510,513,511,783,922,545,112
512,510,513,511,783,545,112
512,510,513,511,922,645,545,112
512,510,513,511,922,254,645,545,112
512,510,513,511,922,545,112
512,510,514,545,112
513,510,514
513,511,783,922,645,545,514
513,511,783,922,254,645,545,514
513,511,783,922,545,514
513,511,783,545,514
513,511,922,645,545,514
513,511,922,254,645,545,514
513,511,922,545,514
513,510,514,545
513,511,783,922,645,545
513,511,783,922,545
513,511,783,545
513,511,922,645,545
513,511,922,545
513,510,514,546
513,511,783,922,645,545,514,546
513,511,783,922,254,645,545,514,546
513,511,783,922,545,514,546
513,511,783,545,514,546
513,511,922,645,545,514,546
513,511,922,254,645,545,514,546
513,511,922,545,514,546
513,510,514,545,645
513,510,514,545,783,922,645
513,510,514,545,922,645
513,511,783,922,645
513,511,783,545,645
513,511,922,645
513,510,514,545,783
513,510,514,545,922,783
513,511,783
513,511,922,783
513,510,514,545,922
513,511,922
513,510,514,545,817
513,511,783,922,645,545,817
513,511,783,922,254,645,545,817
513,511,783,922,545,817
513,511,783,545,817
513,511,922,645,545,817
513,511,922,254,645,545,817
513,511,922,545,817
513,510,514,545,112
513,511,783,922,645,545,112
513,511,783,922,254,645,545,112
513,511,783,922,545,112
513,511,783,545,112
513,511,922,645,545,112
513,511,922,254,645,545,112
513,511,922,545,112
514,545
514,546
514,510,511,783,922,645
514,510,511,783,545,645
514,510,511,922,645
514,510,513,511,783,922,645
514,510,513,511,783,545,645
514,510,513,511,922,645
514,545,645
514,545,783,922,645
514,545,922,645
514,510,511,783
514,510,511,922,783
514,510,513,511,783
514,510,513,511,922,783
514,545,783
514,545,922,783
514,510,511,922
514,510,513,511,922
514,545,922
514,510,511,783,922,645,545,817
514,510,511,783,922,545,817
514,510,511,783,545,817
514,510,511,922,645,545,817
514,510,511,922,545,817
514,510,513,511,783,922,645,545,817
514,510,513,511,783,922,545,817
514,510,513,511,783,545,817
514,510,513,511,922,645,545,817
514,510,513,511,922,545,817
514,545,817
514,510,511,783,922,645,545,112
514,510,511,783,922,545,112
514,510,511,783,545,112
514,510,511,922,645,545,112
514,510,511,922,545,112
514,510,513,511,783,922,645,545,112
514,510,513,511,783,922,545,112
514,510,513,511,783,545,112
514,510,513,511,922,645,545,112
514,510,513,511,922,545,112
514,545,112
517,518
527,528
529,471
530,169,170,1023
530,103,1023
530,103,1024,1023
530,197,454,1024,1023
530,169,170,1023,1024
530,103,1024
530,197,454,1024
533,5,884
534,49,574
534,49,661
534,49,991,45,661
534,49,806
534,49,875
534,49,991
545,514,546
545,645
545,783,922,645
545,922,645
545,783
545,922,783
545,922
545,817
545,112
546,514,510,511,783,922,645
546,514,510,511,783,545,645
546,514,510,511,922,645
546,514,510,513,511,783,922,645
546,514,510,513,511,783,545,645
546,514,510,513,511,922,645
546,514,545,645
546,514,545,783,922,645
546,514,545,922,645
546,514,510,511,783
546,514,510,511,922,783
546,514,510,513,511,783
546,514,510,513,511,922,783
546,514,545,783
546,514,545,922,783
546,514,510,511,922
546,514,510,513,511,922
546,514,545,922
546,514,510,511,783,922,645,545,817
546,514,510,511,783,922,254,645,545,817
546,514,510,511,783,922,545,817
546,514,510,511,783,545,817
546,514,510,511,922,645,545,817
546,514,510,511,922,254,645,545,817
546,514,510,511,922,545,817
546,514,510,513,511,783,922,645,545,817
546,514,510,513,511,783,922,254,645,545,817
546,514,510,513,511,783,922,545,817
546,514,510,513,511,783,545,817
546,514,510,513,511,922,645,545,817
546,514,510,513,511,922,254,645,545,817
546,514,510,513,511,922,545,817
546,514,545,817
546,514,510,511,783,922,645,545,112
546,514,510,511,783,922,254,645,545,112
546,514,510,511,783,922,545,112
546,514,510,511,783,545,112
546,514,510,511,922,645,545,112
546,514,510,511,922,254,645,545,112
546,514,510,511,922,545,112
546,514,510,513,511,783,922,645,545,112
546,514,510,513,511,783,922,254,645,545,112
546,514,510,513,511,783,922,545,112
546,514,510,513,511,783,545,112
546,514,510,513,511,922,645,545,112
546,514,510,513,511,922,254,645,545,112
546,514,510,513,511,922,545,112
546,514,545,112
548,348,583
548,348,615,347,583
548,348,615,584,583
548,348,882,584,583
548,348,882,584,615,347,583
548,347,583
548,347,615,584,583
548,348,583,584
548,348,615,584
548,348,882,584
548,347,583,584
548,347,615,584
548,348,583,347,615,614
548,348,583,584,615,614
548,348,615,614
548,348,882,584,583,347,615,614
548,348,882,584,615,614
548,347,583,584,615,614
548,347,615,614
548,348,615
548,348,882,584,615
548,347,615
548,348,583,347,615,846
548,348,583,584,615,846
548,348,615,846
548,348,882,584,583,347,615,846
548,348,882,584,615,846
548,347,583,584,615,846
548,347,615,846
548,348,583,347,615,584,865
548,348,583,584,865
548,348,615,584,865
548,348,882,584,865
548,347,583,584,865
548,347,583,348,882,584,865
548,347,615,348,882,584,865
548,347,615,584,865
548,348,882
548,347,583,584,882
548,347,583,348,882
548,347,615,348,882
548,347,615,584,882
560,63,798
567,568
573,388
573,186
388,573,186
574,49,661
574,49,991,45,661
574,49,806
574,49,875
574,49,991
583,584
583,347,615,614
583,584,615,614
583,584,882,348,615,614
583,348,615,614
583,347,615
583,584,615
583,584,882,348,615
583,348,615
583,347,615,846
583,584,615,846
583,584,882,348,615,846
583,348,615,846
583,347,615,348,882,584,865
583,347,615,584,865
583,584,865
583,348,615,584,865
583,348,882,584,865
583,347,615,348,882
583,347,615,584,882
583,584,882
583,348,882
584,615,614
584,615
584,615,846
584,865
584,882
587,77
595,508,767
595,508,805
595,508,805,923
595,508,805,924,923
595,508,805,924
595,508,805,923,924,599
595,508,805,924,599
596,60,733
596,60,745
611,612
614,615
614,615,846
614,615,347,346,348,583,584,865
614,615,347,346,348,882,584,865
614,615,347,548,348,583,584,865
614,615,347,548,348,882,584,865
614,615,347,583,584,865
614,615,347,583,348,882,584,865
614,615,348,583,584,865
614,615,348,882,584,865
614,615,584,865
614,615,347,346,348,882
614,615,347,548,348,882
614,615,347,583,584,882
614,615,347,583,348,882
614,615,348,882
614,615,584,882
615,846
615,348,882,584,865
615,584,865
615,348,882
615,584,882
619,14
619,693
619,14,702
619,826
619,949
619,995
14,619,693
14,702
14,619,826
14,619,949
14,619,995
640,155,864
640,155,869
661,49,806
661,45,991,49,806
661,49,875
661,45,991,49,875
661,49,991
661,45,991
664,665
645,922,783
645,545,783
645,922
645,922,783,545,817
645,922,545,817
645,545,817
645,922,783,545,112
645,922,545,112
645,545,112
687,133
691,692
693,619,14,702
693,619,826
693,619,949
693,619,995
702,14,619,826
702,14,619,949
702,14,619,995
705,314
705,120,771,314
705,706,771,314
705,120
705,706,771,120
705,706
705,314,771
705,120,771
705,706,771
314,705,120
314,705,706,771,120
314,771,120
314,705,706
314,771,706
314,771
120,705,706
120,771,706
120,771
706,771
707,27,909
708,709
717,111,934
717,111,963
717,111,970
717,111,980
717,111,983
733,60,745
742,743
742,870
743,742,870
766,354
767,508,805
767,508,805,923
767,508,805,924,923
767,508,805,924
767,508,805,923,924,599
767,508,805,924,599
783,922
783,922,545,817
783,545,817
783,922,545,112
783,545,112
791,339
791,339,951
339,951
794,467,972,30,863
794,30,863
794,467,972,30,910
794,30,910
794,467,972
794,30,972
803,804
803,353
803,571
803,987
804,803,353
804,803,571
804,803,987
353,803,571
353,803,987
571,803,987
805,923
805,924,923
805,924
805,923,924,599
805,924,599
806,49,875
806,49,991
807,808
807,42
807,222
808,807,42
808,807,222
42,807,222
813,487
813,632
813,930
813,930,773
487,813,632
487,813,930
487,813,291,290,930,773
487,813,930,773
632,813,930
632,813,291,290,930,773
632,813,930,773
820,821
826,619,949
826,619,995
828,829
844,736
844,220,971,736
844,220
844,736,971
844,220,971
736,844,220
736,971,220
736,971
220,971
846,615,347,346,348,583,584,865
846,615,347,346,348,882,584,865
846,615,347,548,348,583,584,865
846,615,347,548,348,882,584,865
846,615,347,583,584,865
846,615,347,583,348,882,584,865
846,615,348,583,584,865
846,615,348,882,584,865
846,615,584,865
846,615,347,346,348,882
846,615,347,548,348,882
846,615,347,583,584,882
846,615,347,583,348,882
846,615,348,882
846,615,584,882
863,30,910
863,30,972
864,155,869
865,584,882
875,49,991
908,421
910,30,972
922,545,817
922,545,112
923,924
923,924,599
924,599
930,773
934,111,963
934,111,970
934,111,980
934,111,983
949,619,995
963,111,970
963,111,980
963,111,983
964,362,998
817,545,112
967,245
970,111,980
970,111,983
980,111,983
1005,1006
1017,264
1023,1024
