0 1
2 3
4 5
6 7
8 9
10 11
12 13
14 15
4 16
17 18
19 20
21 22
23 24
25 26
27 28
29 30
31 32
33 5
34 35
36 4
37 38
39 11
40 41
42 43
44 45
46 47
48 49
50 51
52 4
53 54
55 56
57 58
59 13
60 61
62 2
63 64
65 66
67 68
69 70
71 72
36 17
49 73
74 75
76 77
78 79
17 80
81 11
82 24
83 51
84 51
85 45
72 86
87 88
89 90
9 4
91 20
92 1
93 72
94 5
91 95
96 4
97 98
82 99
100 101
102 7
103 104
91 105
106 107
108 109
110 11
111 101
112 113
114 99
115 116
117 118
119 120
31 24
121 41
122 123
124 125
92 54
17 43
8 4
126 127
128 78
129 130
131 53
132 133
84 102
134 135
103 129
136 137
138 20
139 116
140 53
141 142
143 144
124 4
145 146
108 51
138 147
148 149
150 151
152 153
154 28
155 5
156 83
157 158
159 160
161 162
97 5
88 133
163 56
17 162
164 165
166 91
167 168
169 79
170 102
96 171
172 30
173 43
174 175
176 35
177 11
178 179
66 129
180 181
66 104
182 183
184 72
129 67
185 11
186 187
174 188
114 24
189 4
17 51
190 53
66 191
192 193
84 194
195 101
196 11
31 197
22 198
195 199
200 129
47 12
29 201
202 203
204 11
205 6
206 207
208 209
210 23
69 211
184 53
212 213
138 214
215 189
216 133
4 162
217 43
218 142
79 78
78 219
84 220
221 222
223 224
96 58
225 226
179 227
228 229
126 230
231 62
232 233
234 235
236 123
237 151
43 7
91 138
238 239
240 241
21 242
243 244
107 245
84 246
138 225
17 58
247 248
249 250
189 17
251 252
100 229
253 20
37 234
155 51
140 72
254 203
16 162
255 83
252 256
228 101
138 19
63 257
108 258
259 65
260 261
262 56
263 162
264 265
174 250
266 267
254 113
268 65
84 109
269 188
178 132
26 270
111 1
271 227
272 7
260 273
274 149
275 276
277 49
21 201
17 260
278 5
279 86
129 68
280 281
282 283
84 4
17 284
285 286
62 287
288 86
289 5
290 11
291 292
31 99
17 293
186 294
147 103
66 157
295 296
297 298
299 28
279 54
173 83
300 301
232 70
71 53
183 302
303 304
305 306
2 245
307 4
92 116
308 75
309 175
310 311
312 11
206 313
195 229
33 98
259 231
314 315
280 56
62 316
282 160
317 28
91 287
318 241
147 319
118 320
134 304
288 54
111 116
141 321
322 11
323 324
228 199
100 199
189 58
225 325
69 134
326 90
37 158
327 270
171 4
108 246
159 283
84 328
262 281
42 83
329 181
62 330
331 79
21 172
134 332
333 334
92 86
335 11
336 337
200 104
338 137
339 340
73 41
189 162
237 149
216 227
341 209
342 321
66 200
255 43
213 343
305 344
345 11
129 200
346 213
21 29
87 271
347 77
348 162
186 236
190 72
151 349
63 350
268 62
17 351
301 107
352 79
107 158
353 354
147 105
36 162
111 199
355 356
357 113
36 58
217 83
166 358
67 286
289 359
360 361
238 72
362 113
66 363
364 144
4 52
365 13
62 298
366 367
124 194
108 328
183 368
23 99
63 369
131 72
370 213
371 51
111 229
66 67
265 324
37 285
372 373
