19,20
19,263,5,25,26,20
19,263,5,219,562,25,26,20
19,263,5,562,25,26,20
19,20,26,25
19,263,5,25
19,263,5,219,562,25
19,263,5,562,25
19,20,26,25,5
19,20,26,25,562,5
19,20,26,25,562,219,5
19,263,5
19,20,26
19,263,5,25,26
19,263,5,219,562,25,26
19,263,5,562,25,26
19,20,26,25,5,219
19,20,26,25,562,219
19,263,5,219
19,263,5,562,219
19,20,26,25,5,263,262
19,20,26,25,562,5,263,262
19,20,26,25,562,219,5,263,262
19,263,262
19,263
19,20,26,25,5,263,282,281
19,20,26,25,562,5,263,282,281
19,20,26,25,562,219,5,263,282,281
19,263,282,281
19,20,26,25,5,263,282
19,20,26,25,562,5,263,282
19,20,26,25,562,219,5,263,282
19,263,282
19,20,26,25,5,263,414
19,20,26,25,562,5,263,414
19,20,26,25,562,219,5,263,414
19,263,414
19,20,26,25,5,263,282,281,500
19,20,26,25,562,5,263,282,281,500
19,20,26,25,562,219,5,263,282,281,500
19,263,282,281,500
19,20,26,25,5,263,282,281,500,238
19,20,26,25,562,5,263,282,281,500,238
19,20,26,25,562,219,5,263,282,281,500,238
19,263,282,281,500,238
19,20,26,25,562
19,263,5,562
19,20,26,25,5,219,562,35
19,20,26,25,5,562,35
19,20,26,25,562,35
19,263,5,25,562,35
19,263,5,219,562,35
19,263,5,562,35
19,20,26,25,5,219,562,338
19,20,26,25,5,562,338
19,20,26,25,562,338
19,263,5,25,562,338
19,263,5,219,562,338
19,263,5,562,338
20,19,263,5,25
20,19,263,5,219,562,25
20,19,263,5,562,25
20,26,25
20,19,263,5
20,26,25,5
20,26,25,562,5
20,26,25,562,219,5
20,26
20,19,263,5,219
20,19,263,5,562,219
20,26,25,5,219
20,26,25,562,219
20,19,263,262
20,26,25,5,263,262
20,26,25,562,5,263,262
20,26,25,562,219,5,263,262
20,19,263
20,26,25,5,263
20,26,25,562,5,263
20,26,25,562,219,5,263
20,19,263,282,281
20,26,25,5,263,282,281
20,26,25,562,5,263,282,281
20,26,25,562,219,5,263,282,281
20,19,263,282
20,26,25,5,263,282
20,26,25,562,5,263,282
20,26,25,562,219,5,263,282
20,19,263,414
20,26,25,5,263,414
20,26,25,562,5,263,414
20,26,25,562,219,5,263,414
20,19,263,282,281,500
20,26,25,5,263,282,281,500
20,26,25,562,5,263,282,281,500
20,26,25,562,219,5,263,282,281,500
20,19,263,282,281,500,238
20,26,25,5,263,282,281,500,238
20,26,25,562,5,263,282,281,500,238
20,26,25,562,219,5,263,282,281,500,238
20,19,263,5,562
20,26,25,562
20,19,263,5,25,562,35
20,19,263,5,219,562,35
20,19,263,5,562,35
20,26,25,5,219,562,35
20,26,25,5,562,35
20,26,25,562,35
20,19,263,5,25,562,338
20,19,263,5,219,562,338
20,19,263,5,562,338
20,26,25,5,219,562,338
20,26,25,5,562,338
20,26,25,562,338
22,23
25,5
25,562,5
25,562,219,5
25,26
25,5,219
25,26,20,19,263,5,219
25,562,219
25,5,263,262
25,26,20,19,263,262
25,562,5,263,262
25,562,219,5,263,262
25,5,263
25,26,20,19,263
25,562,5,263
25,562,219,5,263
25,5,263,282,281
25,26,20,19,263,282,281
25,562,5,263,282,281
25,562,219,5,263,282,281
25,5,263,282
25,26,20,19,263,282
25,562,5,263,282
25,562,219,5,263,282
25,5,263,414
25,26,20,19,263,414
25,562,5,263,414
25,562,219,5,263,414
25,5,263,282,281,500
25,26,20,19,263,282,281,500
25,562,5,263,282,281,500
25,562,219,5,263,282,281,500
25,5,263,282,281,500,238
25,26,20,19,263,282,281,500,238
25,562,5,263,282,281,500,238
25,562,219,5,263,282,281,500,238
25,562
25,5,219,562,35
25,5,562,35
25,26,20,19,263,5,219,562,35
25,26,20,19,263,5,562,35
25,562,35
25,5,219,562,338
25,5,562,338
25,26,20,19,263,5,219,562,338
25,26,20,19,263,5,562,338
25,562,338
5,25,26
5,219,562,25,26
5,263,19,20,26
5,562,25,26
5,219
5,562,219
5,263,262
5,263
5,263,282,281
5,263,282
5,263,414
5,263,282,281,500
5,263,282,281,500,238
5,562
5,219,562,35
5,562,35
5,219,562,338
5,562,338
26,25,5,219
26,25,562,219
26,20,19,263,5,219
26,20,19,263,5,562,219
26,25,5,263,262
26,25,562,5,263,262
26,25,562,219,5,263,262
26,20,19,263,262
26,25,5,263
26,25,562,5,263
26,25,562,219,5,263
26,20,19,263
26,25,5,263,282,281
26,25,562,5,263,282,281
26,25,562,219,5,263,282,281
26,20,19,263,282,281
26,25,5,263,282
26,25,562,5,263,282
26,25,562,219,5,263,282
26,20,19,263,282
26,25,5,263,414
26,25,562,5,263,414
26,25,562,219,5,263,414
26,20,19,263,414
26,25,5,263,282,281,500
26,25,562,5,263,282,281,500
26,25,562,219,5,263,282,281,500
26,20,19,263,282,281,500
26,25,5,263,282,281,500,238
26,25,562,5,263,282,281,500,238
26,25,562,219,5,263,282,281,500,238
26,20,19,263,282,281,500,238
26,25,562
26,20,19,263,5,562
26,25,5,219,562,35
26,25,5,562,35
26,25,562,35
26,20,19,263,5,219,562,35
26,20,19,263,5,562,35
26,25,5,219,562,338
26,25,5,562,338
26,25,562,338
26,20,19,263,5,219,562,338
26,20,19,263,5,562,338
28,29
30,31
30,31,289,347,513,512,48,104
30,31,48,104
30,31,289,347,513,512,48
30,31,48
30,31,289
30,31,289,333
30,31,48,512,513,347,289,333
30,31,289,347
30,31,48,512,513,347
30,31,289,347,513,512,48,484
30,31,48,484
30,31,289,347,513,512
30,31,48,512
30,31,289,347,513
30,31,48,512,513
30,31,546
30,31,546,559
31,289,347,513,512,48,104
31,48,104
31,289,347,513,512,48
31,48
31,289
31,289,333
31,48,512,513,347,289,333
31,289,347
31,48,512,513,347
31,289,347,513,512,48,484
31,48,484
31,289,347,513,512
31,48,512
31,289,347,513
31,48,512,513
31,546
31,546,559
40,41
42,43
62,63
62,63,224,229
62,63,229
62,63,224
62,63,350
63,224,229
63,229
63,224
63,350
68,69
68,69,157
68,69,619,157
68,69,188
68,69,188,189
68,69,547
68,69,553
68,69,619
69,157
69,619,157
69,188
69,188,189
69,547
69,553
69,619
72,73
81,33
104,48
104,48,512,513,347,289
104,48,31,289
104,48,512,513,347,289,333
104,48,31,289,333
104,48,512,513,347
104,48,31,289,347
104,48,484
104,48,512
104,48,512,513
104,48,31,289,347,513
104,48,512,513,347,289,31,546
104,48,31,546
104,48,512,513,347,289,31,546,559
104,48,31,546,559
48,512,513,347,289
48,31,289
48,512,513,347,289,333
48,31,289,333
48,512,513,347
48,31,289,347
48,484
48,512
48,512,513
48,31,289,347,513
48,512,513,347,289,31,546
48,31,546
48,512,513,347,289,31,546,559
48,31,546,559
115,102
115,325
115,325,326
102,115,325
102,115,325,326
116,117
116,118,249,119,117
116,118,294,117
116,119,249,118,294,117
116,119,117
116,118
116,119,249,118
116,119,117,294,118
116,11
116,119
116,117,294,118,249
116,117,119,249
116,118,249
116,119,249
116,117,294
116,118,294
116,119,249,118,294
116,119,117,294
116,117,294,118,457,456
116,117,119,249,118,457,456
116,118,457,456
116,119,249,118,457,456
116,119,117,294,118,457,456
116,117,294,118,457
116,117,119,249,118,457
116,118,457
116,119,249,118,457
116,119,117,294,118,457
117,116,118
117,294,118
117,119,116,118
117,119,249,118
117,116,11
117,294,118,116,11
117,294,118,249,119,116,11
117,119,116,11
117,119,249,118,116,11
117,294,118,249,119
117,119
117,116,118,249
117,294,118,249
117,119,249
117,294
117,116,118,457,456
117,294,118,457,456
117,119,116,118,457,456
117,119,249,118,457,456
117,116,118,457
117,294,118,457
117,119,116,118,457
117,119,249,118,457
118,116,11
118,249,119,116,11
118,294,117,119,116,11
118,116,119
118,249,119
118,294,117,119
118,249
118,294
118,457,456
118,457
11,116,119
11,116,117,294,118,249
11,116,117,119,249
11,116,118,249
11,116,119,249
11,116,117,294
11,116,118,294
11,116,119,249,118,294
11,116,119,117,294
11,116,117,294,118,457,456
11,116,117,119,249,118,457,456
11,116,118,457,456
11,116,119,249,118,457,456
11,116,119,117,294,118,457,456
11,116,117,294,118,457
11,116,117,119,249,118,457
11,116,118,457
11,116,119,249,118,457
11,116,119,117,294,118,457
119,249
119,116,118,294
119,249,118,294
119,117,294
119,116,118,457,456
119,249,118,457,456
119,117,294,118,457,456
119,116,118,457
119,249,118,457
119,117,294,118,457
124,125
124,607,337,196,195
124,607,195
124,607,337,196
124,607,195,196
124,607,337
124,607
124,607,510
124,607,37
125,124,607,337,196,195
125,124,607,195
125,124,607,337,196
125,124,607,195,196
125,124,607,337
125,124,607
125,124,607,510
125,124,607,37
131,132
131,133
131,134
131,135
131,39
131,79
132,131,133
132,131,134
132,131,135
132,131,39
132,131,79
133,131,134
133,131,135
133,131,39
133,131,79
134,131,135
134,131,39
134,131,79
135,131,39
135,131,79
39,131,79
139,140
139,140,472
139,140,473
140,472
140,473
142,143
142,143,369
142,143,539
142,143,96
143,369
143,539
143,96
152,153
154,155
154,155,378
154,580
155,378
155,154,580
157,69,188
157,619,69,188
157,69,188,189
157,619,69,188,189
157,69,547
157,619,69,547
157,69,553
157,619,69,553
157,619
159,160
159,161
159,637
160,159,161
160,159,637
161,159,637
178,179
178,179,536
178,179,590
179,536
179,590
181,182
188,189
188,69,547
188,69,553
188,69,619
189,188,69,547
189,188,69,553
189,188,69,619
193,194
195,196
195,607,337,196
195,196,337
195,607,337
195,607
195,196,337,607,510
195,607,510
195,196,337,607,37
195,607,37
196,337
196,195,607
196,337,607
196,195,607,510
196,337,607,510
196,195,607,37
196,337,607,37
198,199
198,199,364
198,199,502
199,364
199,502
201,202
205,206
205,206,486
206,486
207,208
207,10
207,208,581
208,207,10
208,581
10,207,208,581
212,213
212,243
213,212,243
217,218
217,218,391,390
217,218,391
218,391,390
218,391
219,5,25,26,20,19,263,262
219,5,263,262
219,562,5,263,262
219,562,25,26,20,19,263,262
219,5,263
219,562,5,263
219,562,25,26,20,19,263
219,5,25,26,20,19,263,282,281
219,5,263,282,281
219,562,5,263,282,281
219,562,25,26,20,19,263,282,281
219,5,25,26,20,19,263,282
219,5,263,282
219,562,5,263,282
219,562,25,26,20,19,263,282
219,5,25,26,20,19,263,414
219,5,263,414
219,562,5,263,414
219,562,25,26,20,19,263,414
219,5,25,26,20,19,263,282,281,500
219,5,263,282,281,500
219,562,5,263,282,281,500
219,562,25,26,20,19,263,282,281,500
219,5,25,26,20,19,263,282,281,500,238
219,5,263,282,281,500,238
219,562,5,263,282,281,500,238
219,562,25,26,20,19,263,282,281,500,238
219,562
219,562,35
219,562,338
226,227
226,227,492
226,227,648
227,492
227,648
229,224
229,224,63,350
229,63,350
224,63,350
230,231
232,233
232,233,271
232,233,272
233,271
233,272
249,118,294
249,119,116,117,294
249,119,117,294
249,118,457,456
249,119,116,117,294,118,457,456
249,119,117,294,118,457,456
249,118,457
249,119,116,117,294,118,457
249,119,117,294,118,457
255,51
262,263
262,263,282,281
262,263,282
262,263,414
262,263,282,281,500
262,263,282,281,500,238
262,263,5,562
262,263,19,20,26,25,562
262,263,5,25,562,35
262,263,5,219,562,35
262,263,5,562,35
262,263,19,20,26,25,5,219,562,35
262,263,19,20,26,25,5,562,35
262,263,19,20,26,25,562,35
262,263,5,25,562,338
262,263,5,219,562,338
262,263,5,562,338
262,263,19,20,26,25,5,219,562,338
262,263,19,20,26,25,5,562,338
262,263,19,20,26,25,562,338
263,282,281
263,282
263,414
263,282,281,500
263,282,281,500,238
263,5,562
263,19,20,26,25,562
263,5,25,562,35
263,5,219,562,35
263,5,562,35
263,19,20,26,25,562,35
263,5,25,562,338
263,5,219,562,338
263,5,562,338
263,19,20,26,25,562,338
264,247
268,269
271,233,272
281,282
281,282,263,414
281,500
281,500,238
281,282,263,5,562
281,282,263,19,20,26,25,562
281,282,263,5,25,562,35
281,282,263,5,219,562,35
281,282,263,5,562,35
281,282,263,19,20,26,25,5,219,562,35
281,282,263,19,20,26,25,5,562,35
281,282,263,19,20,26,25,562,35
281,282,263,5,25,562,338
281,282,263,5,219,562,338
281,282,263,5,562,338
281,282,263,19,20,26,25,5,219,562,338
281,282,263,19,20,26,25,5,562,338
281,282,263,19,20,26,25,562,338
282,263,414
282,281,500
282,281,500,238
282,263,5,562
282,263,19,20,26,25,562
282,263,5,25,562,35
282,263,5,219,562,35
282,263,5,562,35
282,263,19,20,26,25,5,219,562,35
282,263,19,20,26,25,5,562,35
282,263,19,20,26,25,562,35
282,263,5,25,562,338
282,263,5,219,562,338
282,263,5,562,338
282,263,19,20,26,25,5,219,562,338
282,263,19,20,26,25,5,562,338
282,263,19,20,26,25,562,338
289,333
289,347
289,31,48,484
289,347,513,512,48,484
289,31,48,512
289,347,513,512
289,31,48,512,513
289,347,513
289,31,546
289,31,546,559
294,118,457,456
294,118,457
306,307
306,466,307
306,466
306,307,466,467
306,307,466,468,467
306,466,467
306,466,468,467
306,307,466,340
306,466,340
306,307,466,468
306,466,468
307,466
307,466,467
307,466,468,467
307,466,340
307,466,468
314,158
318,319
318,320
318,321
319,318,320
319,318,321
320,318,321
325,326
332,137
333,289,347
333,289,31,48,484
333,289,347,513,512,48,484
333,289,31,48,512
333,289,347,513,512
333,289,31,48,512,513
333,289,347,513
333,289,31,546
333,289,347,513,512,48,31,546
333,289,31,546,559
333,289,347,513,512,48,31,546,559
337,607
337,607,510
337,607,37
344,345
344,346
344,422
344,517
344,612
345,344,346
345,344,422
345,344,517
345,344,612
346,344,422
346,344,517
346,344,612
347,289,31,48,484
347,513,512,48,484
347,289,31,48,512
347,513,512
347,513
347,289,31,546
347,513,512,48,31,546
347,289,31,546,559
347,513,512,48,31,546,559
349,46
349,375
46,349,375
360,361
360,489
361,360,489
378,155,154,580
387,388
387,388,458
388,458
390,391
409,410
411,412
411,383
411,412,421
412,411,383
412,421
383,411,412,421
422,344,517
422,344,612
430,431
430,431,13
430,431,487
431,13
431,487
435,95
13,431,487
444,445
444,446
444,447
444,215
445,444,446
445,444,447
445,444,215
446,444,447
446,444,215
447,444,215
456,457
460,461
460,462,495,461
460,462
460,461,495
460,462,495
461,460,462
461,495,462
461,495
462,495
465,327
466,467
466,468,467
466,340
466,468
467,466,340
467,468,466,340
467,468
340,466,468
472,140,473
482,483
484,48,512
484,48,512,513
484,48,31,289,347,513
484,48,512,513,347,289,31,546
484,48,31,546
484,48,512,513,347,289,31,546,559
484,48,31,546,559
414,263,282,281,500
414,263,282,281,500,238
414,263,5,562
414,263,19,20,26,25,562
414,263,5,25,562,35
414,263,5,219,562,35
414,263,5,562,35
414,263,19,20,26,25,5,219,562,35
414,263,19,20,26,25,5,562,35
414,263,19,20,26,25,562,35
414,263,5,25,562,338
414,263,5,219,562,338
414,263,5,562,338
414,263,19,20,26,25,5,219,562,338
414,263,19,20,26,25,5,562,338
414,263,19,20,26,25,562,338
364,199,502
492,227,648
500,238
500,281,282,263,5,562
500,281,282,263,19,20,26,25,562
500,281,282,263,5,25,562,35
500,281,282,263,5,219,562,35
500,281,282,263,5,562,35
500,281,282,263,19,20,26,25,5,219,562,35
500,281,282,263,19,20,26,25,5,562,35
500,281,282,263,19,20,26,25,562,35
500,281,282,263,5,25,562,338
500,281,282,263,5,219,562,338
500,281,282,263,5,562,338
500,281,282,263,19,20,26,25,5,219,562,338
500,281,282,263,19,20,26,25,5,562,338
500,281,282,263,19,20,26,25,562,338
238,500,281,282,263,5,562
238,500,281,282,263,19,20,26,25,562
238,500,281,282,263,5,25,562,35
238,500,281,282,263,5,219,562,35
238,500,281,282,263,5,562,35
238,500,281,282,263,19,20,26,25,5,219,562,35
238,500,281,282,263,19,20,26,25,5,562,35
238,500,281,282,263,19,20,26,25,562,35
238,500,281,282,263,5,25,562,338
238,500,281,282,263,5,219,562,338
238,500,281,282,263,5,562,338
238,500,281,282,263,19,20,26,25,5,219,562,338
238,500,281,282,263,19,20,26,25,5,562,338
238,500,281,282,263,19,20,26,25,562,338
506,126
512,513
512,513,347,289,31,546
512,48,31,546
512,513,347,289,31,546,559
512,48,31,546,559
513,512,48,31,546
513,347,289,31,546
513,512,48,31,546,559
513,347,289,31,546,559
515,58
517,344,612
521,97
529,270
529,270,572
270,572
536,179,590
540,476
546,559
547,69,553
547,69,619
553,69,619
562,35
562,338
35,562,338
587,223
604,64
607,510
607,37
510,607,37
624,625
624,625,45
624,625,608
625,45
625,608
634,322
369,143,539
369,143,96
539,143,96
45,625,608
