12,13
12,39
12,39,40
12,13,122
13,12,39
13,12,39,40
13,122
17,18
17,19
17,18,196
18,17,19
18,196
19,17,18,196
22,8
22,23
22,24
8,22,23
8,22,24
23,22,24
39,40
39,12,13,122
40,39,12,13,122
58,59
58,56
59,58,56
76,77
76,77,149,148
76,77,149
76,77,149,148,69
77,149,148
77,149
77,149,148,69
79,80
79,81
79,82,81
79,82
80,79,81
80,79,82,81
80,79,82
81,82
103,104
103,218,104
103,104,156
103,218,104,156
103,218
104,156
104,218
137,138
137,47
137,138,97
137,138,97,239
138,137,47
138,97
138,97,239
47,137,138,97
47,137,138,97,239
139,54
139,116
54,139,116
148,149
148,69
149,148,69
151,152
151,153
151,152,183
152,151,153
152,183
153,151,152,183
156,104,218
163,164
163,165
164,163,165
174,83
97,239
224,205
224,219
205,224,219
243,9
243,241
9,243,241
256,201
256,221
201,256,221
