5,6
5,7,327,6
5,7
5,6,327
5,7,327
5,6,918
5,7,327,6,918
5,6,918,416
5,7,327,6,918,416
6,5,7
6,327,7
6,327
6,918
6,918,416
7,327
7,5,6,918
7,327,6,918
7,5,6,918,416
7,327,6,918,416
32,33
32,33,1395
33,1395
35,36
35,37,631,36
35,37,1063,36
35,37,1365,38,631,36
35,37,1390,36
35,38,631,36
35,38,631,37,1063,36
35,38,631,37,1390,36
35,38,1365,37,1063,36
35,38,1365,37,1390,36
35,37
35,38,631,37
35,38,1365,37
35,38
35,36,631
35,36,1063,37,631
35,36,1063,37,1365,38,631
35,36,1390,37,631
35,36,1390,37,1365,38,631
35,37,631
35,37,1365,38,631
35,38,631
35,910
35,36,1063
35,36,1390,37,1063
35,37,1063
35,38,631,36,1063
35,38,631,36,1390,37,1063
35,38,631,37,1063
35,38,1365,37,1063
35,38,1365,37,1390,36,1063
35,1251
35,36,631,38,1365
35,36,631,37,1365
35,36,1063,37,1365
35,36,1390,37,1365
35,37,1365
35,38,1365
35,36,1390
35,37,1390
35,38,631,36,1390
35,38,631,37,1390
35,38,1365,37,1390
36,35,37
36,35,38,631,37
36,35,38,1365,37
36,631,38,1365,37
36,631,37
36,1063,37
36,1390,37
36,35,38
36,631,38
36,1063,37,35,38
36,1063,37,631,38
36,1063,37,1365,38
36,1390,37,35,38
36,1390,37,631,38
36,1390,37,1365,38
36,631
36,1063,37,631
36,1063,37,1365,38,631
36,1390,37,631
36,1390,37,1365,38,631
36,35,910
36,631,38,35,910
36,631,38,1365,37,35,910
36,631,37,35,910
36,1063,37,35,910
36,1063,37,631,38,35,910
36,1063,37,1365,38,35,910
36,1390,37,35,910
36,1390,37,631,38,35,910
36,1390,37,1365,38,35,910
36,1063
36,1390,37,1063
36,35,1251
36,631,38,35,1251
36,631,38,1365,37,35,1251
36,631,37,35,1251
36,1063,37,35,1251
36,1063,37,631,38,35,1251
36,1063,37,1365,38,35,1251
36,1390,37,35,1251
36,1390,37,631,38,35,1251
36,1390,37,1365,38,35,1251
36,35,37,1365
36,35,38,1365
36,631,38,1365
36,631,37,1365
36,1063,37,1365
36,1390,37,1365
36,1390
37,35,38
37,631,38
37,1365,38
37,631
37,1365,38,631
37,35,910
37,631,38,35,910
37,1365,38,35,910
37,1063
37,35,1251
37,631,38,35,1251
37,1365,38,35,1251
37,1365
37,1390
38,631
38,35,910
38,35,36,1063
38,35,36,1390,37,1063
38,35,37,1063
38,631,36,1063
38,631,36,1390,37,1063
38,631,37,1063
38,1365,37,1063
38,1365,37,1390,36,1063
38,35,1251
38,1365
38,35,36,1390
38,35,37,1390
38,631,36,1390
38,631,37,1390
38,1365,37,1390
39,8
47,48
47,49
47,50
48,47,49
48,47,50
49,47,50
51,52
51,53,52
51,53
52,53
59,60
59,642,60
59,316
59,642
59,688
59,969
60,59,316
60,642,59,316
60,642
60,59,688
60,642,59,688
60,59,969
60,642,59,969
70,71
70,72,359,71
70,72
70,71,359
70,72,359
71,70,72
71,359,72
71,359
72,359
73,74
73,75,234,74
73,75,234,76,698,74
73,75,234,77,698,74
73,75,698,74
73,76,234,74
73,76,234,77,698,74
73,76,698,74
73,77,698,74
73,77,234,74
73,75
73,76,234,75
73,76,234,77,698,75
73,76,698,75
73,77,698,75
73,77,234,75
73,76
73,77,698,76
73,77,234,76
73,77
73,78
73,79,297,78
73,79
73,74,234
73,74,698,75,234
73,74,698,76,234
73,74,698,77,234
73,75,234
73,75,698,76,234
73,75,698,77,234
73,76,234
73,76,698,77,234
73,77,234
73,74,698
73,75,698
73,76,698
73,77,698
73,78,297
73,79,297
74,73,75
74,73,76,234,75
74,73,76,234,77,698,75
74,73,76,698,75
74,73,77,698,75
74,73,77,234,75
74,234,76,698,75
74,234,75
74,234,77,698,75
74,698,75
74,73,76
74,73,77,698,76
74,73,77,234,76
74,234,76
74,234,77,698,76
74,698,76
74,73,77
74,234,77
74,698,77
74,73,78
74,73,79,297,78
74,234,76,73,78
74,234,76,73,79,297,78
74,234,76,698,75,73,78
74,234,76,698,75,73,79,297,78
74,234,76,698,77,73,78
74,234,76,698,77,73,79,297,78
74,234,75,73,78
74,234,75,73,79,297,78
74,234,75,698,77,73,78
74,234,75,698,77,73,79,297,78
74,234,77,73,78
74,234,77,73,79,297,78
74,698,75,73,78
74,698,75,73,79,297,78
74,698,76,73,78
74,698,76,73,79,297,78
74,698,77,73,78
74,698,77,73,79,297,78
74,73,79
74,234,76,73,79
74,234,76,698,75,73,79
74,234,76,698,77,73,79
74,234,75,73,79
74,234,75,698,77,73,79
74,234,77,73,79
74,698,75,73,79
74,698,76,73,79
74,698,77,73,79
74,234
74,698,75,234
74,698,76,234
74,698,77,234
74,698
74,73,78,297
74,73,79,297
74,234,76,73,78,297
74,234,76,73,79,297
74,234,76,698,75,73,78,297
74,234,76,698,75,73,79,297
74,234,76,698,77,73,78,297
74,234,76,698,77,73,79,297
74,234,75,73,78,297
74,234,75,73,79,297
74,234,75,698,77,73,78,297
74,234,75,698,77,73,79,297
74,234,77,73,78,297
74,234,77,73,79,297
74,698,75,73,78,297
74,698,75,73,79,297
74,698,76,73,78,297
74,698,76,73,79,297
74,698,77,73,78,297
74,698,77,73,79,297
75,73,76
75,73,77,698,76
75,73,77,234,76
75,234,76
75,234,77,698,76
75,698,76
75,73,77
75,234,77
75,698,77
75,73,78
75,73,79,297,78
75,234,76,73,78
75,234,76,73,79,297,78
75,234,76,698,77,73,78
75,234,76,698,77,73,79,297,78
75,234,77,73,78
75,234,77,73,79,297,78
75,698,76,73,78
75,698,76,73,79,297,78
75,698,77,73,78
75,698,77,73,79,297,78
75,73,79
75,234,76,73,79
75,234,76,698,77,73,79
75,234,77,73,79
75,698,76,73,79
75,698,77,73,79
75,234
75,698,76,234
75,698,77,234
75,698
75,73,78,297
75,73,79,297
75,234,76,73,78,297
75,234,76,73,79,297
75,234,76,698,77,73,78,297
75,234,76,698,77,73,79,297
75,234,77,73,78,297
75,234,77,73,79,297
75,698,76,73,78,297
75,698,76,73,79,297
75,698,77,73,78,297
75,698,77,73,79,297
76,73,77
76,234,77
76,698,77
76,73,78
76,73,79,297,78
76,234,77,73,78
76,234,77,73,79,297,78
76,698,77,73,78
76,698,77,73,79,297,78
76,73,79
76,234,77,73,79
76,698,77,73,79
76,234
76,698,77,234
76,698
76,73,78,297
76,73,79,297
76,234,77,73,78,297
76,234,77,73,79,297
76,698,77,73,78,297
76,698,77,73,79,297
77,73,78
77,73,79,297,78
77,73,79
77,234
77,698
77,73,78,297
77,73,79,297
78,73,79
78,297,79
78,73,74,234
78,73,74,698,75,234
78,73,74,698,76,234
78,73,74,698,77,234
78,73,75,234
78,73,75,698,76,234
78,73,75,698,77,234
78,73,76,234
78,73,76,698,77,234
78,73,77,234
78,297,79,73,74,234
78,297,79,73,74,698,75,234
78,297,79,73,74,698,76,234
78,297,79,73,74,698,77,234
78,297,79,73,75,234
78,297,79,73,75,698,76,234
78,297,79,73,75,698,77,234
78,297,79,73,76,234
78,297,79,73,76,698,77,234
78,297,79,73,77,234
78,73,74,698
78,73,75,698
78,73,76,698
78,73,77,698
78,297,79,73,74,698
78,297,79,73,75,698
78,297,79,73,76,698
78,297,79,73,77,698
78,297
79,73,74,234
79,73,74,698,75,234
79,73,74,698,76,234
79,73,74,698,77,234
79,73,75,234
79,73,75,698,76,234
79,73,75,698,77,234
79,73,76,234
79,73,76,698,77,234
79,73,77,234
79,73,74,698
79,73,75,698
79,73,76,698
79,73,77,698
79,297
87,88
87,88,704
88,704
97,98
97,99
98,97,99
116,21
118,119
118,119,329
118,119,1530
119,329
119,1530
124,125
155,156
155,29,902,169,156
155,29
155,156,90
155,29,902,169,156,90
155,156,169
155,29,902,169
155,156,170
155,29,902,169,156,170
155,156,171
155,29,902,169,156,171
155,156,169,902
155,29,902
156,155,29
156,169,902,29
156,90
156,169
156,170
156,171
156,155,29,902
156,169,902
29,155,156,90
29,902,169,156,90
29,155,156,169
29,902,169
29,155,156,170
29,902,169,156,170
29,155,156,171
29,902,169,156,171
29,902
158,159
158,160
158,161
158,159,352
159,158,160
159,158,161
159,352
160,158,161
160,158,159,352
161,158,159,352
164,165
164,165,678
164,165,927
164,165,927,928
164,165,1154
164,165,1247
165,678
165,927
165,927,928
165,1154
165,1247
167,168
167,168,173
167,168,375
167,168,393
167,168,538
167,168,768
167,168,834
167,168,1019
167,168,1037
167,168,1101
167,168,1125
167,168,1138
167,168,1160
167,168,1228
167,168,1242
167,168,1327
167,168,1383
167,168,1413
167,168,1447
167,168,1516
167,168,1574
167,168,1599
168,173
168,375
168,393
168,538
168,768
168,834
168,1019
168,1037
168,1101
168,1125
168,1138
168,1160
168,1228
168,1242
168,1327
168,1383
168,1413
168,1447
168,1516
168,1574
168,1599
90,156,169
90,156,170
90,156,171
90,156,155,29,902
90,156,169,902
169,156,170
169,156,171
169,902
170,156,171
170,156,155,29,902
170,156,169,902
171,156,155,29,902
171,156,169,902
173,168,375
173,168,393
173,168,538
173,168,768
173,168,834
173,168,1019
173,168,1037
173,168,1101
173,168,1125
173,168,1138
173,168,1160
173,168,1228
173,168,1242
173,168,1327
173,168,1383
173,168,1413
173,168,1447
173,168,1516
173,168,1574
173,168,1599
209,210
229,230
249,28
249,181
28,249,181
234,74,698
234,76,698
234,75,698
234,77,698
234,74,73,78,297
234,74,73,79,297
234,74,698,75,73,78,297
234,74,698,75,73,79,297
234,74,698,76,73,78,297
234,74,698,76,73,79,297
234,74,698,77,73,78,297
234,74,698,77,73,79,297
234,76,73,78,297
234,76,73,79,297
234,76,698,75,73,78,297
234,76,698,75,73,79,297
234,76,698,77,73,78,297
234,76,698,77,73,79,297
234,75,73,78,297
234,75,73,79,297
234,75,698,77,73,78,297
234,75,698,77,73,79,297
234,77,73,78,297
234,77,73,79,297
254,255
254,256,509,255
254,256,587,255
254,256,1038,255
254,256
254,255,342,343,276,275
254,255,342,343,276,452,277,275
254,255,342,343,1509,277,275
254,255,342,343,1509,277,452,276,275
254,256,509,255,342,343,276,275
254,256,509,255,342,343,276,452,277,275
254,256,509,255,342,343,1509,277,275
254,256,509,255,342,343,1509,277,452,276,275
254,256,587,255,342,343,276,275
254,256,587,255,342,343,276,452,277,275
254,256,587,255,342,343,1509,277,275
254,256,587,255,342,343,1509,277,452,276,275
254,256,1038,255,342,343,276,275
254,256,1038,255,342,343,276,452,277,275
254,256,1038,255,342,343,1509,277,275
254,256,1038,255,342,343,1509,277,452,276,275
254,255,342,343,276
254,255,342,343,1509,277,275,276
254,255,342,343,1509,277,452,276
254,256,509,255,342,343,276
254,256,509,255,342,343,1509,277,275,276
254,256,509,255,342,343,1509,277,452,276
254,256,587,255,342,343,276
254,256,587,255,342,343,1509,277,275,276
254,256,587,255,342,343,1509,277,452,276
254,256,1038,255,342,343,276
254,256,1038,255,342,343,1509,277,275,276
254,256,1038,255,342,343,1509,277,452,276
254,255,342,343,276,275,277
254,255,342,343,276,452,277
254,255,342,343,1509,277
254,256,509,255,342,343,276,275,277
254,256,509,255,342,343,276,452,277
254,256,509,255,342,343,1509,277
254,256,587,255,342,343,276,275,277
254,256,587,255,342,343,276,452,277
254,256,587,255,342,343,1509,277
254,256,1038,255,342,343,276,275,277
254,256,1038,255,342,343,276,452,277
254,256,1038,255,342,343,1509,277
254,255,342
254,256,509,255,342
254,256,587,255,342
254,256,1038,255,342
254,255,342,343
254,256,509,255,342,343
254,256,587,255,342,343
254,256,1038,255,342,343
254,255,436
254,256,509,255,436
254,256,587,255,436
254,256,1038,255,436
254,255,342,343,276,452
254,255,342,343,1509,277,452
254,256,509,255,342,343,276,452
254,256,509,255,342,343,1509,277,452
254,256,587,255,342,343,276,452
254,256,587,255,342,343,1509,277,452
254,256,1038,255,342,343,276,452
254,256,1038,255,342,343,1509,277,452
254,255,342,343,276,490
254,255,342,343,1509,277,275,276,490
254,255,342,343,1509,277,452,276,490
254,256,509,255,342,343,276,490
254,256,509,255,342,343,1509,277,275,276,490
254,256,509,255,342,343,1509,277,452,276,490
254,256,587,255,342,343,276,490
254,256,587,255,342,343,1509,277,275,276,490
254,256,587,255,342,343,1509,277,452,276,490
254,256,1038,255,342,343,276,490
254,256,1038,255,342,343,1509,277,275,276,490
254,256,1038,255,342,343,1509,277,452,276,490
254,255,509
254,255,587,256,509
254,255,1038,256,509
254,256,509
254,255,342,343,276,275,277,585
254,255,342,343,276,452,277,585
254,255,342,343,1509,277,585
254,256,509,255,342,343,276,275,277,585
254,256,509,255,342,343,276,452,277,585
254,256,509,255,342,343,1509,277,585
254,256,587,255,342,343,276,275,277,585
254,256,587,255,342,343,276,452,277,585
254,256,587,255,342,343,1509,277,585
254,256,1038,255,342,343,276,275,277,585
254,256,1038,255,342,343,276,452,277,585
254,256,1038,255,342,343,1509,277,585
254,255,587
254,255,1038,256,587
254,256,587
254,255,342,343,276,275,277,1509,434,736
254,255,342,343,276,452,277,1509,434,736
254,255,342,343,1509,434,736
254,256,509,255,342,343,276,275,277,1509,434,736
254,256,509,255,342,343,276,452,277,1509,434,736
254,256,509,255,342,343,1509,434,736
254,256,587,255,342,343,276,275,277,1509,434,736
254,256,587,255,342,343,276,452,277,1509,434,736
254,256,587,255,342,343,1509,434,736
254,256,1038,255,342,343,276,275,277,1509,434,736
254,256,1038,255,342,343,276,452,277,1509,434,736
254,256,1038,255,342,343,1509,434,736
254,255,342,343,276,275,277,1509,434,736,737
254,255,342,343,276,452,277,1509,434,736,737
254,255,342,343,1509,434,736,737
254,256,509,255,342,343,276,275,277,1509,434,736,737
254,256,509,255,342,343,276,452,277,1509,434,736,737
254,256,509,255,342,343,1509,434,736,737
254,256,587,255,342,343,276,275,277,1509,434,736,737
254,256,587,255,342,343,276,452,277,1509,434,736,737
254,256,587,255,342,343,1509,434,736,737
254,256,1038,255,342,343,276,275,277,1509,434,736,737
254,256,1038,255,342,343,276,452,277,1509,434,736,737
254,256,1038,255,342,343,1509,434,736,737
254,255,342,343,276,275,277,1509,434
254,255,342,343,276,452,277,1509,434
254,255,342,343,1509,434
254,256,509,255,342,343,276,275,277,1509,434
254,256,509,255,342,343,276,452,277,1509,434
254,256,509,255,342,343,1509,434
254,256,587,255,342,343,276,275,277,1509,434
254,256,587,255,342,343,276,452,277,1509,434
254,256,587,255,342,343,1509,434
254,256,1038,255,342,343,276,275,277,1509,434
254,256,1038,255,342,343,276,452,277,1509,434
254,256,1038,255,342,343,1509,434
254,255,342,343,276,275,277,997
254,255,342,343,276,452,277,997
254,255,342,343,1509,277,997
254,256,509,255,342,343,276,275,277,997
254,256,509,255,342,343,276,452,277,997
254,256,509,255,342,343,1509,277,997
254,256,587,255,342,343,276,275,277,997
254,256,587,255,342,343,276,452,277,997
254,256,587,255,342,343,1509,277,997
254,256,1038,255,342,343,276,275,277,997
254,256,1038,255,342,343,276,452,277,997
254,256,1038,255,342,343,1509,277,997
254,255,1038
254,256,1038
254,255,1180
254,256,509,255,1180
254,256,587,255,1180
254,256,1038,255,1180
254,255,342,343,1509
254,256,509,255,342,343,1509
254,256,587,255,342,343,1509
254,256,1038,255,342,343,1509
254,255,342,343,276,275,277,1509,1499
254,255,342,343,276,452,277,1509,1499
254,255,342,343,1509,1499
254,256,509,255,342,343,276,275,277,1509,1499
254,256,509,255,342,343,276,452,277,1509,1499
254,256,509,255,342,343,1509,1499
254,256,587,255,342,343,276,275,277,1509,1499
254,256,587,255,342,343,276,452,277,1509,1499
254,256,587,255,342,343,1509,1499
254,256,1038,255,342,343,276,275,277,1509,1499
254,256,1038,255,342,343,276,452,277,1509,1499
254,256,1038,255,342,343,1509,1499
254,255,1529
254,256,509,255,1529
254,256,587,255,1529
254,256,1038,255,1529
255,254,256
255,509,256
255,587,256
255,1038,256
255,342,343,276,275
255,342,343,276,452,277,275
255,342,343,1509,277,275
255,342,343,1509,277,452,276,275
255,342,343,276
255,342,343,1509,277,275,276
255,342,343,1509,277,452,276
255,342,343,276,275,277
255,342,343,276,452,277
255,342,343,1509,277
255,342
255,342,343
255,436
255,342,343,276,452
255,342,343,1509,277,452
255,342,343,276,490
255,342,343,1509,277,275,276,490
255,342,343,1509,277,452,276,490
255,509
255,587,256,509
255,1038,256,509
255,342,343,276,275,277,585
255,342,343,276,452,277,585
255,342,343,1509,277,585
255,587
255,1038,256,587
255,342,343,276,275,277,1509,434,736
255,342,343,276,452,277,1509,434,736
255,342,343,1509,434,736
255,342,343,276,275,277,1509,434,736,737
255,342,343,276,452,277,1509,434,736,737
255,342,343,1509,434,736,737
255,342,343,276,275,277,1509,434
255,342,343,276,452,277,1509,434
255,342,343,1509,434
255,342,343,276,275,277,997
255,342,343,276,452,277,997
255,342,343,1509,277,997
255,1038
255,1180
255,342,343,1509
255,342,343,276,275,277,1509,1499
255,342,343,276,452,277,1509,1499
255,342,343,1509,1499
255,1529
256,254,255,342,343,276,275
256,254,255,342,343,276,452,277,275
256,254,255,342,343,1509,277,275
256,254,255,342,343,1509,277,452,276,275
256,509,255,342,343,276,275
256,509,255,342,343,276,452,277,275
256,509,255,342,343,1509,277,275
256,509,255,342,343,1509,277,452,276,275
256,587,255,342,343,276,275
256,587,255,342,343,276,452,277,275
256,587,255,342,343,1509,277,275
256,587,255,342,343,1509,277,452,276,275
256,1038,255,342,343,276,275
256,1038,255,342,343,276,452,277,275
256,1038,255,342,343,1509,277,275
256,1038,255,342,343,1509,277,452,276,275
256,254,255,342,343,276
256,254,255,342,343,1509,277,275,276
256,254,255,342,343,1509,277,452,276
256,509,255,342,343,276
256,509,255,342,343,1509,277,275,276
256,509,255,342,343,1509,277,452,276
256,587,255,342,343,276
256,587,255,342,343,1509,277,275,276
256,587,255,342,343,1509,277,452,276
256,1038,255,342,343,276
256,1038,255,342,343,1509,277,275,276
256,1038,255,342,343,1509,277,452,276
256,254,255,342,343,276,275,277
256,254,255,342,343,276,452,277
256,254,255,342,343,1509,277
256,509,255,342,343,276,275,277
256,509,255,342,343,276,452,277
256,509,255,342,343,1509,277
256,587,255,342,343,276,275,277
256,587,255,342,343,276,452,277
256,587,255,342,343,1509,277
256,1038,255,342,343,276,275,277
256,1038,255,342,343,276,452,277
256,1038,255,342,343,1509,277
256,254,255,342
256,509,255,342
256,587,255,342
256,1038,255,342
256,254,255,342,343
256,509,255,342,343
256,587,255,342,343
256,1038,255,342,343
256,254,255,436
256,509,255,436
256,587,255,436
256,1038,255,436
256,254,255,342,343,276,452
256,254,255,342,343,1509,277,452
256,509,255,342,343,276,452
256,509,255,342,343,1509,277,452
256,587,255,342,343,276,452
256,587,255,342,343,1509,277,452
256,1038,255,342,343,276,452
256,1038,255,342,343,1509,277,452
256,254,255,342,343,276,490
256,254,255,342,343,1509,277,275,276,490
256,254,255,342,343,1509,277,452,276,490
256,509,255,342,343,276,490
256,509,255,342,343,1509,277,275,276,490
256,509,255,342,343,1509,277,452,276,490
256,587,255,342,343,276,490
256,587,255,342,343,1509,277,275,276,490
256,587,255,342,343,1509,277,452,276,490
256,1038,255,342,343,276,490
256,1038,255,342,343,1509,277,275,276,490
256,1038,255,342,343,1509,277,452,276,490
256,509
256,254,255,342,343,276,275,277,585
256,254,255,342,343,276,452,277,585
256,254,255,342,343,1509,277,585
256,509,255,342,343,276,275,277,585
256,509,255,342,343,276,452,277,585
256,509,255,342,343,1509,277,585
256,587,255,342,343,276,275,277,585
256,587,255,342,343,276,452,277,585
256,587,255,342,343,1509,277,585
256,1038,255,342,343,276,275,277,585
256,1038,255,342,343,276,452,277,585
256,1038,255,342,343,1509,277,585
256,587
256,254,255,342,343,276,275,277,1509,434,736
256,254,255,342,343,276,452,277,1509,434,736
256,254,255,342,343,1509,434,736
256,509,255,342,343,276,275,277,1509,434,736
256,509,255,342,343,276,452,277,1509,434,736
256,509,255,342,343,1509,434,736
256,587,255,342,343,276,275,277,1509,434,736
256,587,255,342,343,276,452,277,1509,434,736
256,587,255,342,343,1509,434,736
256,1038,255,342,343,276,275,277,1509,434,736
256,1038,255,342,343,276,452,277,1509,434,736
256,1038,255,342,343,1509,434,736
256,254,255,342,343,276,275,277,1509,434,736,737
256,254,255,342,343,276,452,277,1509,434,736,737
256,254,255,342,343,1509,434,736,737
256,509,255,342,343,276,275,277,1509,434,736,737
256,509,255,342,343,276,452,277,1509,434,736,737
256,509,255,342,343,1509,434,736,737
256,587,255,342,343,276,275,277,1509,434,736,737
256,587,255,342,343,276,452,277,1509,434,736,737
256,587,255,342,343,1509,434,736,737
256,1038,255,342,343,276,275,277,1509,434,736,737
256,1038,255,342,343,276,452,277,1509,434,736,737
256,1038,255,342,343,1509,434,736,737
256,254,255,342,343,276,275,277,1509,434
256,254,255,342,343,276,452,277,1509,434
256,254,255,342,343,1509,434
256,509,255,342,343,276,275,277,1509,434
256,509,255,342,343,276,452,277,1509,434
256,509,255,342,343,1509,434
256,587,255,342,343,276,275,277,1509,434
256,587,255,342,343,276,452,277,1509,434
256,587,255,342,343,1509,434
256,1038,255,342,343,276,275,277,1509,434
256,1038,255,342,343,276,452,277,1509,434
256,1038,255,342,343,1509,434
256,254,255,342,343,276,275,277,997
256,254,255,342,343,276,452,277,997
256,254,255,342,343,1509,277,997
256,509,255,342,343,276,275,277,997
256,509,255,342,343,276,452,277,997
256,509,255,342,343,1509,277,997
256,587,255,342,343,276,275,277,997
256,587,255,342,343,276,452,277,997
256,587,255,342,343,1509,277,997
256,1038,255,342,343,276,275,277,997
256,1038,255,342,343,276,452,277,997
256,1038,255,342,343,1509,277,997
256,1038
256,254,255,1180
256,509,255,1180
256,587,255,1180
256,1038,255,1180
256,254,255,342,343,1509
256,509,255,342,343,1509
256,587,255,342,343,1509
256,1038,255,342,343,1509
256,254,255,342,343,276,275,277,1509,1499
256,254,255,342,343,276,452,277,1509,1499
256,254,255,342,343,1509,1499
256,509,255,342,343,276,275,277,1509,1499
256,509,255,342,343,276,452,277,1509,1499
256,509,255,342,343,1509,1499
256,587,255,342,343,276,275,277,1509,1499
256,587,255,342,343,276,452,277,1509,1499
256,587,255,342,343,1509,1499
256,1038,255,342,343,276,275,277,1509,1499
256,1038,255,342,343,276,452,277,1509,1499
256,1038,255,342,343,1509,1499
256,254,255,1529
256,509,255,1529
256,587,255,1529
256,1038,255,1529
265,266
269,195
275,276
275,277,452,276
275,277,1509,343,276
275,277
275,276,452,277,1509,343,342
275,276,343,342
275,277,452,276,343,342
275,277,1509,343,342
275,276,452,277,1509,343
275,276,343
275,277,452,276,343
275,277,1509,343
275,276,452,277,1509,343,342,255,436
275,276,343,342,255,436
275,277,452,276,343,342,255,436
275,277,1509,343,342,255,436
275,276,452
275,277,452
275,276,490
275,277,452,276,490
275,277,1509,343,276,490
275,276,452,277,1509,343,342,255,509
275,276,452,277,1509,343,342,255,587,256,509
275,276,452,277,1509,343,342,255,1038,256,509
275,276,343,342,255,509
275,276,343,342,255,587,256,509
275,276,343,342,255,1038,256,509
275,277,452,276,343,342,255,509
275,277,452,276,343,342,255,587,256,509
275,277,452,276,343,342,255,1038,256,509
275,277,1509,343,342,255,509
275,277,1509,343,342,255,587,256,509
275,277,1509,343,342,255,1038,256,509
275,276,452,277,585
275,276,343,1509,277,585
275,277,585
275,276,452,277,1509,343,342,255,587
275,276,452,277,1509,343,342,255,1038,256,587
275,276,343,342,255,587
275,276,343,342,255,1038,256,587
275,277,452,276,343,342,255,587
275,277,452,276,343,342,255,1038,256,587
275,277,1509,343,342,255,587
275,277,1509,343,342,255,1038,256,587
275,276,452,277,1509,434,736
275,276,343,1509,434,736
275,277,452,276,343,1509,434,736
275,277,1509,434,736
275,276,452,277,1509,434,736,737
275,276,343,1509,434,736,737
275,277,452,276,343,1509,434,736,737
275,277,1509,434,736,737
275,276,452,277,1509,434
275,276,343,1509,434
275,277,452,276,343,1509,434
275,277,1509,434
275,276,452,277,997
275,276,343,1509,277,997
275,277,997
275,276,452,277,1509,343,342,255,1038
275,276,343,342,255,1038
275,277,452,276,343,342,255,1038
275,277,1509,343,342,255,1038
275,276,452,277,1509,343,342,255,1180
275,276,343,342,255,1180
275,277,452,276,343,342,255,1180
275,277,1509,343,342,255,1180
275,276,452,277,1509
275,276,343,1509
275,277,1509
275,276,452,277,1509,1499
275,276,343,1509,1499
275,277,452,276,343,1509,1499
275,277,1509,1499
275,276,452,277,1509,343,342,255,1529
275,276,343,342,255,1529
275,277,452,276,343,342,255,1529
275,277,1509,343,342,255,1529
276,275,277
276,452,277
276,343,1509,277
276,275,277,1509,343,342
276,452,277,1509,343,342
276,343,342
276,452,277,1509,343
276,343
276,275,277,1509,343,342,255,436
276,452,277,1509,343,342,255,436
276,343,342,255,436
276,452
276,490
276,275,277,1509,343,342,255,509
276,275,277,1509,343,342,255,587,256,509
276,275,277,1509,343,342,255,1038,256,509
276,452,277,1509,343,342,255,509
276,452,277,1509,343,342,255,587,256,509
276,452,277,1509,343,342,255,1038,256,509
276,343,342,255,509
276,343,342,255,587,256,509
276,343,342,255,1038,256,509
276,275,277,585
276,452,277,585
276,343,1509,277,585
276,275,277,1509,343,342,255,587
276,275,277,1509,343,342,255,1038,256,587
276,452,277,1509,343,342,255,587
276,452,277,1509,343,342,255,1038,256,587
276,343,342,255,587
276,343,342,255,1038,256,587
276,275,277,1509,434,736
276,452,277,1509,434,736
276,343,1509,434,736
276,275,277,1509,434,736,737
276,452,277,1509,434,736,737
276,343,1509,434,736,737
276,275,277,1509,434
276,452,277,1509,434
276,343,1509,434
276,275,277,997
276,452,277,997
276,343,1509,277,997
276,275,277,1509,343,342,255,1038
276,452,277,1509,343,342,255,1038
276,343,342,255,1038
276,275,277,1509,343,342,255,1180
276,452,277,1509,343,342,255,1180
276,343,342,255,1180
276,275,277,1509
276,452,277,1509
276,343,1509
276,275,277,1509,1499
276,452,277,1509,1499
276,343,1509,1499
276,275,277,1509,343,342,255,1529
276,452,277,1509,343,342,255,1529
276,343,342,255,1529
277,275,276,343,342
277,452,276,343,342
277,1509,343,342
277,275,276,343
277,452,276,343
277,1509,343
277,275,276,343,342,255,436
277,452,276,343,342,255,436
277,1509,343,342,255,436
277,452
277,275,276,490
277,452,276,490
277,1509,343,276,490
277,275,276,343,342,255,509
277,275,276,343,342,255,587,256,509
277,275,276,343,342,255,1038,256,509
277,452,276,343,342,255,509
277,452,276,343,342,255,587,256,509
277,452,276,343,342,255,1038,256,509
277,1509,343,342,255,509
277,1509,343,342,255,587,256,509
277,1509,343,342,255,1038,256,509
277,585
277,275,276,343,342,255,587
277,275,276,343,342,255,1038,256,587
277,452,276,343,342,255,587
277,452,276,343,342,255,1038,256,587
277,1509,343,342,255,587
277,1509,343,342,255,1038,256,587
277,275,276,343,1509,434,736
277,452,276,343,1509,434,736
277,1509,434,736
277,275,276,343,1509,434,736,737
277,452,276,343,1509,434,736,737
277,1509,434,736,737
277,275,276,343,1509,434
277,452,276,343,1509,434
277,1509,434
277,997
277,275,276,343,342,255,1038
277,452,276,343,342,255,1038
277,1509,343,342,255,1038
277,275,276,343,342,255,1180
277,452,276,343,342,255,1180
277,1509,343,342,255,1180
277,1509
277,275,276,343,1509,1499
277,452,276,343,1509,1499
277,1509,1499
277,275,276,343,342,255,1529
277,452,276,343,342,255,1529
277,1509,343,342,255,1529
306,303
306,307
306,303,318
306,307,104
303,306,307
303,318
303,306,307,104
307,306,303,318
307,104
316,59,642
316,59,688
316,59,969
318,303,306,307,104
324,325
324,325,1446,1445
324,325,1446
324,325,1446,1374
325,1446,1445
325,1446
325,1446,1374
327,6,918
327,6,918,416
329,119,1530
342,343
342,255,436
342,343,276,452
342,343,1509,277,452
342,343,276,490
342,343,1509,277,275,276,490
342,343,1509,277,452,276,490
342,255,509
342,255,587,256,509
342,255,1038,256,509
342,343,276,275,277,585
342,343,276,452,277,585
342,343,1509,277,585
342,255,587
342,255,1038,256,587
342,343,276,275,277,1509,434,736
342,343,276,452,277,1509,434,736
342,343,1509,434,736
342,343,276,275,277,1509,434,736,737
342,343,276,452,277,1509,434,736,737
342,343,1509,434,736,737
342,343,276,275,277,1509,434
342,343,276,452,277,1509,434
342,343,1509,434
342,343,276,275,277,997
342,343,276,452,277,997
342,343,1509,277,997
342,255,1038
342,255,1180
342,343,1509
342,343,276,275,277,1509,1499
342,343,276,452,277,1509,1499
342,343,1509,1499
342,255,1529
343,342,255,436
343,276,452
343,1509,277,452
343,276,490
343,1509,277,452,276,490
343,342,255,509
343,342,255,587,256,509
343,342,255,1038,256,509
343,276,275,277,585
343,276,452,277,585
343,1509,277,585
343,342,255,587
343,342,255,1038,256,587
343,1509,434,736
343,1509,434,736,737
343,1509,434
343,276,275,277,997
343,276,452,277,997
343,1509,277,997
343,342,255,1038
343,342,255,1180
343,1509
343,1509,1499
343,342,255,1529
357,358
375,168,393
375,168,538
375,168,768
375,168,834
375,168,1019
375,168,1037
375,168,1101
375,168,1125
375,168,1138
375,168,1160
375,168,1228
375,168,1242
375,168,1327
375,168,1383
375,168,1413
375,168,1447
375,168,1516
375,168,1574
375,168,1599
380,381
380,382,671,672,381
380,382,672,381
380,382,1238,392,381
380,382,1293,392,381
380,382,381
380,382
380,381,672,671,382,495
380,381,672,382,495
380,381,382,495
380,381,392,1238,382,495
380,381,392,1293,382,495
380,382,495
380,381,672,671
380,381,382,671
380,381,392,1238,382,671
380,381,392,1238,382,672,671
380,381,392,1293,382,671
380,381,392,1293,382,672,671
380,382,671
380,382,672,671
380,381,672
380,381,392,1238,382,672
380,381,392,1293,382,672
380,382,672
380,381,672,671,382,767
380,381,672,382,767
380,381,382,767
380,381,392,1238,382,767
380,381,392,1293,382,767
380,382,767
380,381,672,671,382,992
380,381,672,382,992
380,381,382,992
380,381,392,1238,382,992
380,381,392,1293,382,992
380,382,992
380,381,672,671,1031
380,381,672,382,671,1031
380,381,382,671,1031
380,381,392,1238,382,671,1031
380,381,392,1238,382,672,671,1031
380,381,392,1293,382,671,1031
380,381,392,1293,382,672,671,1031
380,382,671,1031
380,382,672,671,1031
380,381,672,671,382,1238
380,381,672,671,382,1293,392,1238
380,381,672,382,1238
380,381,672,382,1293,392,1238
380,381,382,1238
380,381,382,1293,392,1238
380,381,392,1238
380,382,1238
380,382,1293,392,1238
380,381,392
380,382,671,672,381,392
380,382,672,381,392
380,382,1238,392
380,382,1293,392
380,382,381,392
380,381,672,671,382,1293
380,381,672,382,1293
380,381,382,1293
380,381,392,1293
380,382,1293
380,381,672,671,382,1412
380,381,672,382,1412
380,381,382,1412
380,381,392,1238,382,1412
380,381,392,1293,382,1412
380,382,1412
380,381,672,671,382,1238,392,1419
380,381,672,671,382,1293,392,1419
380,381,672,382,1238,392,1419
380,381,672,382,1293,392,1419
380,381,382,1238,392,1419
380,381,382,1293,392,1419
380,381,392,1419
380,382,671,672,381,392,1419
380,382,672,381,392,1419
380,382,1238,392,1419
380,382,1293,392,1419
380,382,381,392,1419
381,672,671,382
381,672,382
381,382
381,392,1238,382
381,392,1293,382
381,672,671,382,495
381,672,382,495
381,382,495
381,392,1238,382,495
381,392,1293,382,495
381,672,671
381,382,671
381,392,1238,382,671
381,392,1238,382,672,671
381,392,1293,382,671
381,392,1293,382,672,671
381,672
381,392,1238,382,672
381,392,1293,382,672
381,672,671,382,767
381,672,382,767
381,382,767
381,392,1238,382,767
381,392,1293,382,767
381,672,671,382,992
381,672,382,992
381,382,992
381,392,1238,382,992
381,392,1293,382,992
381,672,671,1031
381,672,382,671,1031
381,382,671,1031
381,392,1238,382,671,1031
381,392,1238,382,672,671,1031
381,392,1293,382,671,1031
381,392,1293,382,672,671,1031
381,672,671,382,1238
381,672,671,382,1293,392,1238
381,672,382,1238
381,672,382,1293,392,1238
381,382,1238
381,382,1293,392,1238
381,392,1238
381,392
381,672,671,382,1293
381,672,382,1293
381,382,1293
381,392,1293
381,672,671,382,1412
381,672,382,1412
381,382,1412
381,392,1238,382,1412
381,392,1293,382,1412
381,672,671,382,1238,392,1419
381,672,671,382,1293,392,1419
381,672,382,1238,392,1419
381,672,382,1293,392,1419
381,382,1238,392,1419
381,382,1293,392,1419
381,392,1419
382,495
382,671
382,672,671
382,672
382,767
382,992
382,671,1031
382,672,671,1031
382,1238
382,1293,392,1238
382,671,672,381,392
382,672,381,392
382,1238,392
382,1293,392
382,381,392
382,1293
382,1412
382,671,672,381,392,1419
382,672,381,392,1419
382,1238,392,1419
382,1293,392,1419
382,381,392,1419
393,168,538
393,168,768
393,168,834
393,168,1019
393,168,1037
393,168,1101
393,168,1125
393,168,1138
393,168,1160
393,168,1228
393,168,1242
393,168,1327
393,168,1383
393,168,1413
393,168,1447
393,168,1516
393,168,1574
393,168,1599
411,412
436,255,342,343,276,452
436,255,342,343,1509,277,452
436,255,342,343,276,490
436,255,342,343,1509,277,275,276,490
436,255,342,343,1509,277,452,276,490
436,255,509
436,255,587,256,509
436,255,1038,256,509
436,255,342,343,276,275,277,585
436,255,342,343,276,452,277,585
436,255,342,343,1509,277,585
436,255,587
436,255,1038,256,587
436,255,342,343,276,275,277,1509,434,736
436,255,342,343,276,452,277,1509,434,736
436,255,342,343,1509,434,736
436,255,342,343,276,275,277,1509,434,736,737
436,255,342,343,276,452,277,1509,434,736,737
436,255,342,343,1509,434,736,737
436,255,342,343,276,275,277,1509,434
436,255,342,343,276,452,277,1509,434
436,255,342,343,1509,434
436,255,342,343,276,275,277,997
436,255,342,343,276,452,277,997
436,255,342,343,1509,277,997
436,255,1038
436,255,1180
436,255,342,343,1509
436,255,342,343,276,275,277,1509,1499
436,255,342,343,276,452,277,1509,1499
436,255,342,343,1509,1499
436,255,1529
439,440
449,450
449,450,860
450,860
452,276,490
452,277,1509,343,342,255,509
452,277,1509,343,342,255,587,256,509
452,277,1509,343,342,255,1038,256,509
452,276,343,342,255,509
452,276,343,342,255,587,256,509
452,276,343,342,255,1038,256,509
452,277,585
452,276,343,1509,277,585
452,277,1509,343,342,255,587
452,277,1509,343,342,255,1038,256,587
452,276,343,342,255,587
452,276,343,342,255,1038,256,587
452,277,1509,434,736
452,276,343,1509,434,736
452,277,1509,434,736,737
452,276,343,1509,434,736,737
452,277,1509,434
452,276,343,1509,434
452,277,997
452,276,343,1509,277,997
452,277,1509,343,342,255,1038
452,276,343,342,255,1038
452,277,1509,343,342,255,1180
452,276,343,342,255,1180
452,277,1509
452,276,343,1509
452,277,1509,1499
452,276,343,1509,1499
452,277,1509,343,342,255,1529
452,276,343,342,255,1529
490,276,275,277,1509,343,342,255,509
490,276,275,277,1509,343,342,255,587,256,509
490,276,275,277,1509,343,342,255,1038,256,509
490,276,452,277,1509,343,342,255,509
490,276,452,277,1509,343,342,255,587,256,509
490,276,452,277,1509,343,342,255,1038,256,509
490,276,343,342,255,509
490,276,343,342,255,587,256,509
490,276,343,342,255,1038,256,509
490,276,275,277,585
490,276,452,277,585
490,276,343,1509,277,585
490,276,275,277,1509,343,342,255,587
490,276,275,277,1509,343,342,255,1038,256,587
490,276,452,277,1509,343,342,255,587
490,276,452,277,1509,343,342,255,1038,256,587
490,276,343,342,255,587
490,276,343,342,255,1038,256,587
490,276,275,277,1509,434,736
490,276,452,277,1509,434,736
490,276,343,1509,434,736
490,276,275,277,1509,434,736,737
490,276,452,277,1509,434,736,737
490,276,343,1509,434,736,737
490,276,275,277,1509,434
490,276,452,277,1509,434
490,276,343,1509,434
490,276,275,277,997
490,276,452,277,997
490,276,343,1509,277,997
490,276,275,277,1509,343,342,255,1038
490,276,452,277,1509,343,342,255,1038
490,276,343,342,255,1038
490,276,275,277,1509,343,342,255,1180
490,276,452,277,1509,343,342,255,1180
490,276,343,342,255,1180
490,276,275,277,1509
490,276,452,277,1509
490,276,343,1509
490,276,275,277,1509,1499
490,276,452,277,1509,1499
490,276,343,1509,1499
490,276,275,277,1509,343,342,255,1529
490,276,452,277,1509,343,342,255,1529
490,276,343,342,255,1529
495,382,671
495,382,672,671
495,382,1238,392,381,672,671
495,382,1293,392,381,672,671
495,382,672
495,382,1238,392,381,672
495,382,1293,392,381,672
495,382,767
495,382,992
495,382,380,381,672,671,1031
495,382,671,1031
495,382,672,671,1031
495,382,1238,392,381,672,671,1031
495,382,1293,392,381,672,671,1031
495,382,381,672,671,1031
495,382,1238
495,382,1293,392,1238
495,382,380,381,392
495,382,671,672,381,392
495,382,672,381,392
495,382,1238,392
495,382,1293,392
495,382,381,392
495,382,1293
495,382,1412
495,382,380,381,392,1419
495,382,671,672,381,392,1419
495,382,672,381,392,1419
495,382,1238,392,1419
495,382,1293,392,1419
495,382,381,392,1419
505,311
509,255,342,343,276,275,277,585
509,255,342,343,276,452,277,585
509,255,342,343,1509,277,585
509,256,587,255,342,343,276,275,277,585
509,256,587,255,342,343,276,452,277,585
509,256,587,255,342,343,1509,277,585
509,256,1038,255,342,343,276,275,277,585
509,256,1038,255,342,343,276,452,277,585
509,256,1038,255,342,343,1509,277,585
509,255,587
509,255,1038,256,587
509,256,587
509,255,342,343,276,275,277,1509,434,736
509,255,342,343,276,452,277,1509,434,736
509,255,342,343,1509,434,736
509,256,587,255,342,343,276,275,277,1509,434,736
509,256,587,255,342,343,276,452,277,1509,434,736
509,256,587,255,342,343,1509,434,736
509,256,1038,255,342,343,276,275,277,1509,434,736
509,256,1038,255,342,343,276,452,277,1509,434,736
509,256,1038,255,342,343,1509,434,736
509,255,342,343,276,275,277,1509,434,736,737
509,255,342,343,276,452,277,1509,434,736,737
509,255,342,343,1509,434,736,737
509,256,587,255,342,343,276,275,277,1509,434,736,737
509,256,587,255,342,343,276,452,277,1509,434,736,737
509,256,587,255,342,343,1509,434,736,737
509,256,1038,255,342,343,276,275,277,1509,434,736,737
509,256,1038,255,342,343,276,452,277,1509,434,736,737
509,256,1038,255,342,343,1509,434,736,737
509,255,342,343,276,275,277,1509,434
509,255,342,343,276,452,277,1509,434
509,255,342,343,1509,434
509,256,587,255,342,343,276,275,277,1509,434
509,256,587,255,342,343,276,452,277,1509,434
509,256,587,255,342,343,1509,434
509,256,1038,255,342,343,276,275,277,1509,434
509,256,1038,255,342,343,276,452,277,1509,434
509,256,1038,255,342,343,1509,434
509,255,342,343,276,275,277,997
509,255,342,343,276,452,277,997
509,255,342,343,1509,277,997
509,256,587,255,342,343,276,275,277,997
509,256,587,255,342,343,276,452,277,997
509,256,587,255,342,343,1509,277,997
509,256,1038,255,342,343,276,275,277,997
509,256,1038,255,342,343,276,452,277,997
509,256,1038,255,342,343,1509,277,997
509,255,1038
509,256,1038
509,255,1180
509,256,587,255,1180
509,256,1038,255,1180
509,255,342,343,1509
509,256,587,255,342,343,1509
509,256,1038,255,342,343,1509
509,255,342,343,276,275,277,1509,1499
509,255,342,343,276,452,277,1509,1499
509,255,342,343,1509,1499
509,256,587,255,342,343,276,275,277,1509,1499
509,256,587,255,342,343,276,452,277,1509,1499
509,256,587,255,342,343,1509,1499
509,256,1038,255,342,343,276,275,277,1509,1499
509,256,1038,255,342,343,276,452,277,1509,1499
509,256,1038,255,342,343,1509,1499
509,255,1529
509,256,587,255,1529
509,256,1038,255,1529
518,519
518,519,546,545
518,519,546
518,519,546,568
518,519,546,836
518,519,546,326
518,519,546,626
518,519,546,1010
519,546,545
519,546
519,546,568
519,546,836
519,546,326
519,546,626
519,546,1010
521,522
521,522,744
521,522,775
522,744
522,775
523,524
538,168,768
538,168,834
538,168,1019
538,168,1037
538,168,1101
538,168,1125
538,168,1138
538,168,1160
538,168,1228
538,168,1242
538,168,1327
538,168,1383
538,168,1413
538,168,1447
538,168,1516
538,168,1574
538,168,1599
545,546
545,546,568
545,546,836
545,546,326
545,546,626
545,546,1010
546,568
546,836
546,326
546,626
546,1010
558,559
558,560,559
558,560
559,560
568,546,836
568,546,326
568,546,626
568,546,1010
576,577
576,577,665
576,577,898
576,577,1572
577,665
577,898
577,1572
584,150
585,277,275,276,343,342,255,587
585,277,275,276,343,342,255,1038,256,587
585,277,452,276,343,342,255,587
585,277,452,276,343,342,255,1038,256,587
585,277,1509,343,342,255,587
585,277,1509,343,342,255,1038,256,587
585,277,275,276,343,1509,434,736
585,277,452,276,343,1509,434,736
585,277,1509,434,736
585,277,275,276,343,1509,434,736,737
585,277,452,276,343,1509,434,736,737
585,277,1509,434,736,737
585,277,275,276,343,1509,434
585,277,452,276,343,1509,434
585,277,1509,434
585,277,997
585,277,275,276,343,342,255,1038
585,277,452,276,343,342,255,1038
585,277,1509,343,342,255,1038
585,277,275,276,343,342,255,1180
585,277,452,276,343,342,255,1180
585,277,1509,343,342,255,1180
585,277,1509
585,277,275,276,343,1509,1499
585,277,452,276,343,1509,1499
585,277,1509,1499
585,277,275,276,343,342,255,1529
585,277,452,276,343,342,255,1529
585,277,1509,343,342,255,1529
587,255,342,343,276,275,277,1509,434,736
587,255,342,343,276,452,277,1509,434,736
587,255,342,343,1509,434,736
587,256,1038,255,342,343,276,275,277,1509,434,736
587,256,1038,255,342,343,276,452,277,1509,434,736
587,256,1038,255,342,343,1509,434,736
587,255,342,343,276,275,277,1509,434,736,737
587,255,342,343,276,452,277,1509,434,736,737
587,255,342,343,1509,434,736,737
587,256,1038,255,342,343,276,275,277,1509,434,736,737
587,256,1038,255,342,343,276,452,277,1509,434,736,737
587,256,1038,255,342,343,1509,434,736,737
587,255,342,343,276,275,277,1509,434
587,255,342,343,276,452,277,1509,434
587,255,342,343,1509,434
587,256,1038,255,342,343,276,275,277,1509,434
587,256,1038,255,342,343,276,452,277,1509,434
587,256,1038,255,342,343,1509,434
587,255,342,343,276,275,277,997
587,255,342,343,276,452,277,997
587,255,342,343,1509,277,997
587,256,1038,255,342,343,276,275,277,997
587,256,1038,255,342,343,276,452,277,997
587,256,1038,255,342,343,1509,277,997
587,255,1038
587,256,1038
587,255,1180
587,256,1038,255,1180
587,255,342,343,1509
587,256,1038,255,342,343,1509
587,255,342,343,276,275,277,1509,1499
587,255,342,343,276,452,277,1509,1499
587,255,342,343,1509,1499
587,256,1038,255,342,343,276,275,277,1509,1499
587,256,1038,255,342,343,276,452,277,1509,1499
587,256,1038,255,342,343,1509,1499
587,255,1529
587,256,1038,255,1529
613,128
613,185
128,613,185
622,197
631,36,35,910
631,36,1063,37,35,910
631,36,1063,37,1365,38,35,910
631,36,1390,37,35,910
631,36,1390,37,1365,38,35,910
631,38,35,910
631,38,1365,37,35,910
631,37,35,910
631,36,1063
631,36,1390,37,1063
631,38,1365,37,1063
631,38,1365,37,1390,36,1063
631,37,1063
631,36,35,1251
631,36,1063,37,35,1251
631,36,1063,37,1365,38,35,1251
631,36,1390,37,35,1251
631,36,1390,37,1365,38,35,1251
631,38,35,1251
631,38,1365,37,35,1251
631,37,35,1251
631,36,1063,37,1365
631,36,1390,37,1365
631,38,1365
631,37,1365
631,36,1390
631,38,1365,37,1390
631,37,1390
642,59,688
642,59,969
649,650
649,651
649,179
650,649,651
650,649,179
651,649,179
665,577,898
665,577,1572
669,670
669,42,1066,670
669,42,1406,670
669,42
669,670,1066
669,670,1406,42,1066
669,42,1066
669,670,1406
669,42,1406
670,669,42
670,1066,42
670,1406,42
670,1066
670,1406,42,1066
670,1406
42,1066
42,1406
671,672
671,382,767
671,672,382,767
671,672,381,392,1238,382,767
671,672,381,392,1293,382,767
671,382,992
671,672,382,992
671,672,381,392,1238,382,992
671,672,381,392,1293,382,992
671,1031
671,382,1238
671,382,1293,392,1238
671,672,382,1238
671,672,382,1293,392,1238
671,672,381,392,1238
671,382,380,381,392
671,382,1238,392
671,382,1293,392
671,382,381,392
671,672,382,1238,392
671,672,382,1293,392
671,672,381,392
671,382,1293
671,672,382,1293
671,672,381,392,1293
671,382,1412
671,672,382,1412
671,672,381,392,1238,382,1412
671,672,381,392,1293,382,1412
671,382,380,381,392,1419
671,382,1238,392,1419
671,382,1293,392,1419
671,382,381,392,1419
671,672,382,1238,392,1419
671,672,382,1293,392,1419
671,672,381,392,1419
672,382,767
672,381,392,1238,382,767
672,381,392,1293,382,767
672,382,992
672,381,392,1238,382,992
672,381,392,1293,382,992
672,671,1031
672,382,1238
672,382,1293,392,1238
672,381,392,1238
672,382,1238,392
672,382,1293,392
672,381,392
672,382,1293
672,381,392,1293
672,382,1412
672,381,392,1238,382,1412
672,381,392,1293,382,1412
672,382,1238,392,1419
672,382,1293,392,1419
672,381,392,1419
673,674
673,674,1051
673,674,1051,1052
673,674,1051,1052,1321
673,674,1051,1052,1321,506
674,1051
674,1051,1052
674,1051,1052,1321
674,1051,1052,1321,506
678,165,927
678,165,927,928
678,165,1154
678,165,1247
688,59,969
698,74,73,78,297
698,74,73,79,297
698,75,73,78,297
698,75,73,79,297
698,76,73,78,297
698,76,73,79,297
698,77,73,78,297
698,77,73,79,297
710,711
710,712
710,659,1497,712
710,1497,712
710,659
710,1497,659
710,1497
711,710,712
711,710,659,1497,712
711,710,1497,712
711,710,659
711,710,1497,659
711,710,1497
712,710,659
712,1497,659
712,1497
659,1497
733,552
733,552,812
552,812
736,737
736,434
736,434,1509,277,997
736,434,1509,343,276,275,277,997
736,434,1509,343,276,452,277,997
736,434,1509,277,275,276,343,342,255,1038
736,434,1509,277,452,276,343,342,255,1038
736,434,1509,343,342,255,1038
736,434,1509,277,275,276,343,342,255,1180
736,434,1509,277,452,276,343,342,255,1180
736,434,1509,343,342,255,1180
736,434,1509
736,434,1509,1499
736,434,1509,277,275,276,343,342,255,1529
736,434,1509,277,452,276,343,342,255,1529
736,434,1509,343,342,255,1529
737,736,434
737,736,434,1509,277,997
737,736,434,1509,343,276,275,277,997
737,736,434,1509,343,276,452,277,997
737,736,434,1509,277,275,276,343,342,255,1038
737,736,434,1509,277,452,276,343,342,255,1038
737,736,434,1509,343,342,255,1038
737,736,434,1509,277,275,276,343,342,255,1180
737,736,434,1509,277,452,276,343,342,255,1180
737,736,434,1509,343,342,255,1180
737,736,434,1509
737,736,434,1509,1499
737,736,434,1509,277,275,276,343,342,255,1529
737,736,434,1509,277,452,276,343,342,255,1529
737,736,434,1509,343,342,255,1529
434,1509,277,997
434,1509,343,276,275,277,997
434,1509,343,276,452,277,997
434,1509,277,275,276,343,342,255,1038
434,1509,277,452,276,343,342,255,1038
434,1509,343,342,255,1038
434,1509,277,275,276,343,342,255,1180
434,1509,277,452,276,343,342,255,1180
434,1509,343,342,255,1180
434,1509
434,1509,1499
434,1509,277,275,276,343,342,255,1529
434,1509,277,452,276,343,342,255,1529
434,1509,343,342,255,1529
744,522,775
746,278
764,765
767,382,992
767,382,380,381,672,671,1031
767,382,671,1031
767,382,672,671,1031
767,382,1238,392,381,672,671,1031
767,382,1293,392,381,672,671,1031
767,382,381,672,671,1031
767,382,1238
767,382,1293,392,1238
767,382,380,381,392
767,382,671,672,381,392
767,382,672,381,392
767,382,1238,392
767,382,1293,392
767,382,381,392
767,382,1293
767,382,1412
767,382,380,381,392,1419
767,382,671,672,381,392,1419
767,382,672,381,392,1419
767,382,1238,392,1419
767,382,1293,392,1419
767,382,381,392,1419
768,168,834
768,168,1019
768,168,1037
768,168,1101
768,168,1125
768,168,1138
768,168,1160
768,168,1228
768,168,1242
768,168,1327
768,168,1383
768,168,1413
768,168,1447
768,168,1516
768,168,1574
768,168,1599
782,783
782,783,1396
783,1396
796,797
796,797,1071
797,1071
801,802
801,802,945
802,945
810,614
817,693
834,168,1019
834,168,1037
834,168,1101
834,168,1125
834,168,1138
834,168,1160
834,168,1228
834,168,1242
834,168,1327
834,168,1383
834,168,1413
834,168,1447
834,168,1516
834,168,1574
834,168,1599
849,586
849,586,1183
586,1183
867,868
871,872
871,873
871,872,1096
871,872,1096,1527
872,871,873
872,1096
872,1096,1527
873,871,872,1096
873,871,872,1096,1527
888,889
888,889,975,216,935
888,889,975,216
888,889,975
889,975,216,935
889,975,216
889,975
898,577,1572
910,35,36,1063
910,35,36,1390,37,1063
910,35,37,1063
910,35,38,631,36,1063
910,35,38,631,36,1390,37,1063
910,35,38,631,37,1063
910,35,38,1365,37,1063
910,35,38,1365,37,1390,36,1063
910,35,1251
910,35,36,631,38,1365
910,35,36,631,37,1365
910,35,36,1063,37,1365
910,35,36,1390,37,1365
910,35,37,1365
910,35,38,1365
910,35,36,1390
910,35,37,1390
910,35,38,631,36,1390
910,35,38,631,37,1390
910,35,38,1365,37,1390
918,416
922,749
927,928
927,165,1154
927,165,1247
928,927,165,1154
928,927,165,1247
933,122
933,122,1301
933,122,1349
122,1301
122,1349
935,216
935,216,975
216,975
948,949
962,963
978,979
992,382,380,381,672,671,1031
992,382,671,1031
992,382,672,671,1031
992,382,1238,392,381,672,671,1031
992,382,1293,392,381,672,671,1031
992,382,381,672,671,1031
992,382,1238
992,382,1293,392,1238
992,382,380,381,392
992,382,671,672,381,392
992,382,672,381,392
992,382,1238,392
992,382,1293,392
992,382,381,392
992,382,1293
992,382,1412
992,382,380,381,392,1419
992,382,671,672,381,392,1419
992,382,672,381,392,1419
992,382,1238,392,1419
992,382,1293,392,1419
992,382,381,392,1419
997,277,275,276,343,342,255,1038
997,277,452,276,343,342,255,1038
997,277,1509,343,342,255,1038
997,277,275,276,343,342,255,1180
997,277,452,276,343,342,255,1180
997,277,1509,343,342,255,1180
997,277,1509
997,277,275,276,343,1509,1499
997,277,452,276,343,1509,1499
997,277,1509,1499
997,277,275,276,343,342,255,1529
997,277,452,276,343,342,255,1529
997,277,1509,343,342,255,1529
836,546,326
836,546,626
836,546,1010
326,546,626
326,546,1010
626,546,1010
1019,168,1037
1019,168,1101
1019,168,1125
1019,168,1138
1019,168,1160
1019,168,1228
1019,168,1242
1019,168,1327
1019,168,1383
1019,168,1413
1019,168,1447
1019,168,1516
1019,168,1574
1019,168,1599
1031,671,382,1238
1031,671,382,1293,392,1238
1031,671,672,382,1238
1031,671,672,382,1293,392,1238
1031,671,672,381,380,382,1238
1031,671,672,381,380,382,1293,392,1238
1031,671,672,381,382,1238
1031,671,672,381,382,1293,392,1238
1031,671,672,381,392,1238
1031,671,382,380,381,392
1031,671,382,672,381,392
1031,671,382,1238,392
1031,671,382,1293,392
1031,671,382,381,392
1031,671,672,382,380,381,392
1031,671,672,382,1238,392
1031,671,672,382,1293,392
1031,671,672,381,392
1031,671,382,1293
1031,671,672,382,1293
1031,671,672,381,380,382,1293
1031,671,672,381,382,1293
1031,671,672,381,392,1293
1031,671,382,1412
1031,671,672,382,1412
1031,671,672,381,380,382,1412
1031,671,672,381,382,1412
1031,671,672,381,392,1238,382,1412
1031,671,672,381,392,1293,382,1412
1031,671,382,380,381,392,1419
1031,671,382,672,381,392,1419
1031,671,382,1238,392,1419
1031,671,382,1293,392,1419
1031,671,382,381,392,1419
1031,671,672,382,380,381,392,1419
1031,671,672,382,1238,392,1419
1031,671,672,382,1293,392,1419
1031,671,672,381,380,382,1238,392,1419
1031,671,672,381,380,382,1293,392,1419
1031,671,672,381,382,1238,392,1419
1031,671,672,381,382,1293,392,1419
1031,671,672,381,392,1419
1037,168,1101
1037,168,1125
1037,168,1138
1037,168,1160
1037,168,1228
1037,168,1242
1037,168,1327
1037,168,1383
1037,168,1413
1037,168,1447
1037,168,1516
1037,168,1574
1037,168,1599
1038,255,1180
1038,255,342,343,1509
1038,255,342,343,276,275,277,1509,1499
1038,255,342,343,276,452,277,1509,1499
1038,255,342,343,1509,1499
1038,255,1529
1051,1052
1051,1052,1321
1051,1052,1321,506
1052,1321
1052,1321,506
1058,1059
1063,36,35,1251
1063,36,631,38,35,1251
1063,36,1390,37,35,1251
1063,36,1390,37,631,38,35,1251
1063,36,1390,37,1365,38,35,1251
1063,37,35,1251
1063,37,631,38,35,1251
1063,37,1365,38,35,1251
1063,36,35,38,1365
1063,36,631,38,1365
1063,36,1390,37,1365
1063,37,1365
1063,36,1390
1063,37,1390
1066,670,1406
1066,42,1406
1068,1069
1087,609
1096,1527
1101,168,1125
1101,168,1138
1101,168,1160
1101,168,1228
1101,168,1242
1101,168,1327
1101,168,1383
1101,168,1413
1101,168,1447
1101,168,1516
1101,168,1574
1101,168,1599
1114,1098
1114,368
1098,1114,368
1125,168,1138
1125,168,1160
1125,168,1228
1125,168,1242
1125,168,1327
1125,168,1383
1125,168,1413
1125,168,1447
1125,168,1516
1125,168,1574
1125,168,1599
1138,168,1160
1138,168,1228
1138,168,1242
1138,168,1327
1138,168,1383
1138,168,1413
1138,168,1447
1138,168,1516
1138,168,1574
1138,168,1599
1154,165,1247
1160,168,1228
1160,168,1242
1160,168,1327
1160,168,1383
1160,168,1413
1160,168,1447
1160,168,1516
1160,168,1574
1160,168,1599
1180,255,342,343,1509
1180,255,342,343,276,275,277,1509,1499
1180,255,342,343,276,452,277,1509,1499
1180,255,342,343,1509,1499
1180,255,1529
1185,1186
1185,370
1185,497
1186,1185,370
1186,1185,497
370,1185,497
1211,132
1228,168,1242
1228,168,1327
1228,168,1383
1228,168,1413
1228,168,1447
1228,168,1516
1228,168,1574
1228,168,1599
1229,982
1229,724
1229,431
982,1229,724
982,1229,431
724,1229,431
1238,392
1238,392,1293
1238,382,1293
1238,392,1293,382,1412
1238,382,1412
1238,392,1419
1238,382,1293,392,1419
392,1293
392,1238,382,1412
392,1293,382,1412
392,381,380,382,1412
392,381,672,671,382,1412
392,381,672,382,1412
392,381,382,1412
392,1419
1242,168,1327
1242,168,1383
1242,168,1413
1242,168,1447
1242,168,1516
1242,168,1574
1242,168,1599
1243,488
1251,35,36,631,38,1365
1251,35,36,631,37,1365
1251,35,36,1063,37,1365
1251,35,36,1390,37,1365
1251,35,37,1365
1251,35,38,1365
1251,35,36,1390
1251,35,37,1390
1251,35,38,631,36,1390
1251,35,38,631,37,1390
1251,35,38,1365,37,1390
1278,955
1279,1280
1293,382,1412
1293,392,1419
1301,122,1349
1316,1258
1321,506
1327,168,1383
1327,168,1413
1327,168,1447
1327,168,1516
1327,168,1574
1327,168,1599
1353,1354
1353,1354,1411
1354,1411
1361,406
1365,37,1390
1365,38,35,36,1390
1365,38,631,36,1390
1383,168,1413
1383,168,1447
1383,168,1516
1383,168,1574
1383,168,1599
1412,382,380,381,392,1419
1412,382,671,672,381,392,1419
1412,382,672,381,392,1419
1412,382,1238,392,1419
1412,382,1293,392,1419
1412,382,381,392,1419
1413,168,1447
1413,168,1516
1413,168,1574
1413,168,1599
1445,1446
1445,1446,1374
1446,1374
1447,168,1516
1447,168,1574
1447,168,1599
1472,258
1509,1499
1509,343,342,255,1529
1499,1509,277,275,276,343,342,255,1529
1499,1509,277,452,276,343,342,255,1529
1499,1509,343,342,255,1529
1513,1337
1516,168,1574
1516,168,1599
1574,168,1599
