2,3
2,3,46
2,3,127
2,3,407
2,3,516
2,3,746
2,3,1392
3,46
3,127
3,407
3,516
3,746
3,1392
22,23
22,23,285
22,23,414
22,23,899
22,23,903
22,23,1278
22,23,1444
22,23,1485
22,23,1563
22,23,1566
23,285
23,414
23,899
23,903
23,1278
23,1444
23,1485
23,1563
23,1566
34,35
34,35,61,60
34,35,61,152,62,60
34,35,61,63,60
34,35,61,65,60
34,35,61,62,60
34,35,61
34,35,61,152,62
34,35,61,63,60,62
34,35,61,65,60,62
34,35,61,62
34,35,61,152,62,60,63
34,35,61,63
34,35,61,65,60,63
34,35,61,60,64
34,35,61,152,62,60,64
34,35,61,63,60,64
34,35,61,65,60,64
34,35,61,62,60,64
34,35,61,152,62,60,65
34,35,61,65
34,35,61,152
34,35,61,576
34,35,61,1275,1274,576
34,35,61,1050
34,35,61,576,1274
34,35,61,1275,1274
34,35,61,1275
34,35,61,60,62,73
34,35,61,152,62,73
34,35,61,63,60,62,73
34,35,61,65,60,62,73
34,35,61,62,73
35,61,60
35,61,152,62,60
35,61,63,60
35,61,65,60
35,61,62,60
35,61
35,61,152,62
35,61,63,60,62
35,61,65,60,62
35,61,62
35,61,152,62,60,63
35,61,63
35,61,65,60,63
35,61,60,64
35,61,152,62,60,64
35,61,63,60,64
35,61,65,60,64
35,61,62,60,64
35,61,152,62,60,65
35,61,65
35,61,152
35,61,576
35,61,1275,1274,576
35,61,1050
35,61,576,1274
35,61,1275,1274
35,61,1275
35,61,60,62,73
35,61,152,62,73
35,61,63,60,62,73
35,61,65,60,62,73
35,61,62,73
37,38
46,3,127
46,3,407
46,3,516
46,3,746
46,3,1392
53,54
53,55
53,55,1261
53,55,1095
54,53,55
54,53,55,1261
54,53,55,1095
55,1261
55,1095
60,61
60,62,152,61
60,62,61
60,63,61
60,65,61
60,62
60,63,61,152,62
60,63,61,62
60,65,61,152,62
60,65,61,62
60,63
60,65,61,63
60,64
60,65
60,61,152
60,62,152
60,63,61,152
60,65,61,152
60,61,576
60,61,1275,1274,576
60,62,152,61,576
60,62,152,61,1275,1274,576
60,62,61,576
60,62,61,1275,1274,576
60,63,61,576
60,63,61,1275,1274,576
60,65,61,576
60,65,61,1275,1274,576
60,61,1050
60,62,152,61,1050
60,62,61,1050
60,63,61,1050
60,65,61,1050
60,61,576,1274
60,61,1275,1274
60,62,152,61,576,1274
60,62,152,61,1275,1274
60,62,61,576,1274
60,62,61,1275,1274
60,63,61,576,1274
60,63,61,1275,1274
60,65,61,576,1274
60,65,61,1275,1274
60,61,1275
60,62,152,61,1275
60,62,61,1275
60,63,61,1275
60,65,61,1275
60,61,152,62,73
60,61,62,73
60,62,73
60,63,61,152,62,73
60,63,61,62,73
60,65,61,152,62,73
60,65,61,62,73
61,152,62
61,62
61,63
61,60,64
61,152,62,60,64
61,63,60,64
61,65,60,64
61,62,60,64
61,65
61,152
61,576
61,1275,1274,576
61,1050
61,576,1274
61,1275,1274
61,1275
61,152,62,73
61,62,73
62,60,63
62,60,65,61,63
62,152,61,63
62,152,61,65,60,63
62,61,63
62,60,64
62,152,61,63,60,64
62,152,61,65,60,64
62,61,63,60,64
62,61,65,60,64
62,60,65
62,152,61,65
62,61,65
62,152
62,60,63,61,576
62,60,63,61,1275,1274,576
62,60,65,61,576
62,60,65,61,1275,1274,576
62,152,61,576
62,152,61,1275,1274,576
62,61,576
62,61,1275,1274,576
62,60,63,61,1050
62,60,65,61,1050
62,152,61,1050
62,61,1050
62,60,63,61,576,1274
62,60,63,61,1275,1274
62,60,65,61,576,1274
62,60,65,61,1275,1274
62,152,61,576,1274
62,152,61,1275,1274
62,61,576,1274
62,61,1275,1274
62,60,63,61,1275
62,60,65,61,1275
62,152,61,1275
62,61,1275
62,73
63,60,64
63,61,65,60,64
63,60,65
63,61,65
63,60,62,152
63,60,65,61,152
63,61,152
63,60,62,152,61,576
63,60,62,152,61,1275,1274,576
63,60,65,61,576
63,60,65,61,1275,1274,576
63,61,576
63,61,1275,1274,576
63,60,62,152,61,1050
63,60,65,61,1050
63,61,1050
63,60,62,152,61,576,1274
63,60,62,152,61,1275,1274
63,60,65,61,576,1274
63,60,65,61,1275,1274
63,61,576,1274
63,61,1275,1274
63,60,62,152,61,1275
63,60,65,61,1275
63,61,1275
63,60,62,73
63,60,65,61,152,62,73
63,60,65,61,62,73
63,61,152,62,73
63,61,62,73
64,60,65
64,60,61,152
64,60,62,152
64,60,63,61,152
64,60,65,61,152
64,60,61,576
64,60,61,1275,1274,576
64,60,62,152,61,576
64,60,62,152,61,1275,1274,576
64,60,62,61,576
64,60,62,61,1275,1274,576
64,60,63,61,576
64,60,63,61,1275,1274,576
64,60,65,61,576
64,60,65,61,1275,1274,576
64,60,61,1050
64,60,62,152,61,1050
64,60,62,61,1050
64,60,63,61,1050
64,60,65,61,1050
64,60,61,576,1274
64,60,61,1275,1274
64,60,62,152,61,576,1274
64,60,62,152,61,1275,1274
64,60,62,61,576,1274
64,60,62,61,1275,1274
64,60,63,61,576,1274
64,60,63,61,1275,1274
64,60,65,61,576,1274
64,60,65,61,1275,1274
64,60,61,1275
64,60,62,152,61,1275
64,60,62,61,1275
64,60,63,61,1275
64,60,65,61,1275
64,60,61,152,62,73
64,60,61,62,73
64,60,62,73
64,60,63,61,152,62,73
64,60,63,61,62,73
64,60,65,61,152,62,73
64,60,65,61,62,73
65,60,62,152
65,61,152
65,60,62,152,61,576
65,60,62,152,61,1275,1274,576
65,61,576
65,61,1275,1274,576
65,60,62,152,61,1050
65,61,1050
65,60,62,152,61,576,1274
65,60,62,152,61,1275,1274
65,61,576,1274
65,61,1275,1274
65,60,62,152,61,1275
65,61,1275
65,60,62,73
65,61,152,62,73
65,61,62,73
70,71
70,71,264
70,71,752,102,265,264
70,71,752,102,1455,405,265,264
70,71,1455,102,265,264
70,71,1455,405,265,264
70,71,264,265
70,71,752,102,265
70,71,752,102,1455,405,265
70,71,1455,102,265
70,71,1455,405,265
70,71,264,266
70,71,752,102,265,264,266
70,71,752,102,1455,405,265,264,266
70,71,1455,102,265,264,266
70,71,1455,405,265,264,266
70,71,264,267
70,71,752,102,265,264,267
70,71,752,102,1455,405,265,264,267
70,71,1455,102,265,264,267
70,71,1455,405,265,264,267
70,71,264,268
70,71,752,102,265,264,268
70,71,752,102,1455,405,265,264,268
70,71,1455,102,265,264,268
70,71,1455,405,265,264,268
70,71,264,269
70,71,752,102,265,264,269
70,71,752,102,1455,405,265,264,269
70,71,1455,102,265,264,269
70,71,1455,405,265,264,269
70,71,752
70,71,1455,102,752
70,71,264,265,102
70,71,264,265,405,1455,102
70,71,752,102
70,71,1455,102
70,71,1455,405,265,102
70,71,264,265,405
70,71,752,102,265,405
70,71,752,102,1455,405
70,71,1455,405
70,71,1455
70,71,1571
71,264
71,752,102,265,264
71,752,102,1455,405,265,264
71,1455,102,265,264
71,1455,405,265,264
71,264,265
71,752,102,265
71,752,102,1455,405,265
71,1455,102,265
71,1455,405,265
71,264,266
71,752,102,265,264,266
71,752,102,1455,405,265,264,266
71,1455,102,265,264,266
71,1455,405,265,264,266
71,264,267
71,752,102,265,264,267
71,752,102,1455,405,265,264,267
71,1455,102,265,264,267
71,1455,405,265,264,267
71,264,268
71,752,102,265,264,268
71,752,102,1455,405,265,264,268
71,1455,102,265,264,268
71,1455,405,265,264,268
71,264,269
71,752,102,265,264,269
71,752,102,1455,405,265,264,269
71,1455,102,265,264,269
71,1455,405,265,264,269
71,752
71,1455,102,752
71,264,265,102
71,264,265,405,1455,102
71,752,102
71,1455,102
71,1455,405,265,102
71,264,265,405
71,752,102,265,405
71,752,102,1455,405
71,1455,405
71,1455
71,1571
81,82
84,85
84,1198,1109,803,1059,1099,85
84,1099,85
84,85,683,159
84,1198,1109,803,1059,1099,85,683,159
84,1099,85,683,159
84,85,683
84,1198,1109,803,1059,1099,85,683
84,1099,85,683
84,85,1099,1059
84,1198,1109,803,1059
84,1099,1059
84,85,1099,1059,898
84,1198,1109,803,1059,898
84,1099,1059,898
84,85,1099,1059,803
84,1198,1109,803
84,1099,1059,803
84,85,1099,1059,803,1109,1065
84,1198,1109,1065
84,1099,1059,803,1109,1065
84,85,1099,1059,803,1109,1065,935
84,1198,1109,1065,935
84,1099,1059,803,1109,1065,935
84,1198,1109,803,1059,1099
84,1099
84,85,1099,1059,803,1109
84,1198,1109
84,1099,1059,803,1109
84,1198
84,85,1099,1059,803,1109,1198,256
84,1198,256
84,1099,1059,803,1109,1198,256
85,683,159
85,683
85,84,1198,1109,803,1059
85,1099,1059
85,84,1198,1109,803,1059,898
85,1099,84,1198,1109,803,1059,898
85,1099,1059,898
85,84,1198,1109,803
85,1099,84,1198,1109,803
85,1099,1059,803
85,84,1198,1109,1065
85,1099,84,1198,1109,1065
85,1099,1059,803,1109,1065
85,84,1198,1109,1065,935
85,1099,84,1198,1109,1065,935
85,1099,1059,803,1109,1065,935
85,1099
85,84,1198,1109
85,1099,84,1198,1109
85,1099,1059,803,1109
85,84,1198
85,1099,84,1198
85,1099,1059,803,1109,1198
85,84,1198,256
85,1099,84,1198,256
85,1099,1059,803,1109,1198,256
90,91
90,1227
90,1227,1060
91,90,1227
91,90,1227,1060
92,93
92,93,1471
92,93,1477,1476
92,93,1477,1476,201
92,93,1477
93,1471
93,1477,1476
93,1477,1476,201
93,1477
110,753
117,118
117,928
117,928,929
117,928,930
117,928,931
117,928,932
117,928,933
117,928,932,870
117,928,929,327
117,928,930,248
117,928,931,441
117,928,933,224
118,117,928
118,117,928,929
118,117,928,930
118,117,928,931
118,117,928,932
118,117,928,933
118,117,928,932,870
118,117,928,929,327
118,117,928,930,248
118,117,928,931,441
118,117,928,933,224
127,3,407
127,3,516
127,3,746
127,3,1392
134,135
134,136
134,135,1479
135,134,136
135,1479
136,134,135,1479
139,140
139,140,260
139,140,260,261
139,140,742
139,140,923
139,140,923,924
139,140,923,924,1030
139,140,260,261,1121
139,140,260,261,1536
140,260
140,260,261
140,742
140,923
140,923,924
140,923,924,1030
140,260,261,1121
140,260,261,1536
152,61,576
152,61,1275,1274,576
152,61,1050
152,61,576,1274
152,61,1275,1274
152,61,1275
152,62,73
159,683
159,683,85,84,1198,1109,803,1059
159,683,85,84,1099,1059
159,683,85,1099,1059
159,683,85,84,1198,1109,803,1059,898
159,683,85,84,1099,1059,898
159,683,85,1099,84,1198,1109,803,1059,898
159,683,85,1099,1059,898
159,683,85,84,1198,1109,803
159,683,85,84,1099,1059,803
159,683,85,1099,84,1198,1109,803
159,683,85,1099,1059,803
159,683,85,84,1198,1109,1065
159,683,85,84,1099,1059,803,1109,1065
159,683,85,1099,84,1198,1109,1065
159,683,85,1099,1059,803,1109,1065
159,683,85,84,1198,1109,1065,935
159,683,85,84,1099,1059,803,1109,1065,935
159,683,85,1099,84,1198,1109,1065,935
159,683,85,1099,1059,803,1109,1065,935
159,683,85,1099
159,683,85,84,1198,1109
159,683,85,84,1099,1059,803,1109
159,683,85,1099,84,1198,1109
159,683,85,1099,1059,803,1109
159,683,85,84,1198
159,683,85,1099,84,1198
159,683,85,1099,1059,803,1109,1198
159,683,85,84,1198,256
159,683,85,84,1099,1059,803,1109,1198,256
159,683,85,1099,84,1198,256
159,683,85,1099,1059,803,1109,1198,256
172,173
187,188
187,189
187,190
187,191
187,192
187,1493
187,1493,1263
187,1493,1285
187,1493,973
187,1493,1494
188,187,189
188,187,190
188,187,191
188,187,192
188,187,1493
188,187,1493,1263
188,187,1493,1285
188,187,1493,973
188,187,1493,1494
189,187,190
189,187,191
189,187,192
189,187,1493
189,187,1493,1263
189,187,1493,1285
189,187,1493,973
189,187,1493,1494
190,187,191
190,187,192
190,187,1493
190,187,1493,1263
190,187,1493,1285
190,187,1493,973
190,187,1493,1494
191,187,192
191,187,1493
191,187,1493,1263
191,187,1493,1285
191,187,1493,973
191,187,1493,1494
192,187,1493
192,187,1493,1263
192,187,1493,1285
192,187,1493,973
192,187,1493,1494
208,209
222,223
233,234
242,243
251,252
251,253
252,251,253
260,261
260,140,742
260,140,923
260,140,923,924
260,140,923,924,1030
260,261,1121
260,261,1536
261,260,140,742
261,260,140,923
261,260,140,923,924
261,260,140,923,924,1030
261,1121
261,1536
264,265
264,266
264,267
264,268
264,269
264,265,102,752
264,265,102,1455,71,752
264,265,405,1455,102,752
264,265,405,1455,71,752
264,71,752
264,71,1455,102,752
264,265,102
264,265,405,1455,102
264,71,752,102
264,71,1455,102
264,265,405
264,71,752,102,265,405
264,71,752,102,1455,405
264,71,1455,405
264,265,102,1455
264,265,405,1455
264,71,1455
264,265,102,752,71,1571
264,265,102,1455,71,1571
264,265,405,1455,102,752,71,1571
264,265,405,1455,71,1571
264,71,1571
265,264,266
265,264,267
265,264,268
265,264,269
265,264,71,752
265,102,752
265,102,1455,71,752
265,405,1455,102,752
265,405,1455,71,752
265,102
265,405,1455,102
265,405
265,264,71,1455
265,102,1455
265,405,1455
265,264,71,1571
265,102,752,71,1571
265,102,1455,71,1571
265,405,1455,102,752,71,1571
265,405,1455,71,1571
266,264,267
266,264,268
266,264,269
266,264,265,102,752
266,264,265,102,1455,71,752
266,264,265,405,1455,102,752
266,264,265,405,1455,71,752
266,264,71,752
266,264,71,1455,102,752
266,264,265,102
266,264,265,405,1455,102
266,264,71,752,102
266,264,71,1455,102
266,264,71,1455,405,265,102
266,264,265,405
266,264,71,752,102,265,405
266,264,71,752,102,1455,405
266,264,71,1455,405
266,264,265,102,1455
266,264,265,405,1455
266,264,71,1455
266,264,265,102,752,71,1571
266,264,265,102,1455,71,1571
266,264,265,405,1455,102,752,71,1571
266,264,265,405,1455,71,1571
266,264,71,1571
267,264,268
267,264,269
267,264,265,102,752
267,264,265,102,1455,71,752
267,264,265,405,1455,102,752
267,264,265,405,1455,71,752
267,264,71,752
267,264,71,1455,102,752
267,264,265,102
267,264,265,405,1455,102
267,264,71,752,102
267,264,71,1455,102
267,264,71,1455,405,265,102
267,264,265,405
267,264,71,752,102,265,405
267,264,71,752,102,1455,405
267,264,71,1455,405
267,264,265,102,1455
267,264,265,405,1455
267,264,71,1455
267,264,265,102,752,71,1571
267,264,265,102,1455,71,1571
267,264,265,405,1455,102,752,71,1571
267,264,265,405,1455,71,1571
267,264,71,1571
268,264,269
268,264,265,102,752
268,264,265,102,1455,71,752
268,264,265,405,1455,102,752
268,264,265,405,1455,71,752
268,264,71,752
268,264,71,1455,102,752
268,264,265,102
268,264,265,405,1455,102
268,264,71,752,102
268,264,71,1455,102
268,264,71,1455,405,265,102
268,264,265,405
268,264,71,752,102,265,405
268,264,71,752,102,1455,405
268,264,71,1455,405
268,264,265,102,1455
268,264,265,405,1455
268,264,71,1455
268,264,265,102,752,71,1571
268,264,265,102,1455,71,1571
268,264,265,405,1455,102,752,71,1571
268,264,265,405,1455,71,1571
268,264,71,1571
269,264,265,102,752
269,264,265,102,1455,71,752
269,264,265,405,1455,102,752
269,264,265,405,1455,71,752
269,264,71,752
269,264,71,1455,102,752
269,264,265,102
269,264,265,405,1455,102
269,264,71,752,102
269,264,71,1455,102
269,264,71,1455,405,265,102
269,264,265,405
269,264,71,752,102,265,405
269,264,71,752,102,1455,405
269,264,71,1455,405
269,264,265,102,1455
269,264,265,405,1455
269,264,71,1455
269,264,265,102,752,71,1571
269,264,265,102,1455,71,1571
269,264,265,405,1455,102,752,71,1571
269,264,265,405,1455,71,1571
269,264,71,1571
283,166
285,23,414
285,23,899
285,23,903
285,23,1278
285,23,1444
285,23,1485
285,23,1563
285,23,1566
290,549
300,301
310,311
310,311,384
310,1143
310,1143,569
311,384
311,310,1143
311,310,1143,569
320,287
332,333
332,333,645
332,333,698
332,333,724
332,333,986
333,645
333,698
333,724
333,986
334,335
334,205
334,335,728
334,335,728,125
334,335,1057
334,335,1057,866
334,335,1135
334,335,1135,1136
334,335,1306
334,335,1306,1292
334,335,1438
334,335,1438,1353
335,334,205
335,728
335,728,125
335,1057
335,1057,866
335,1135
335,1135,1136
335,1306
335,1306,1292
335,1438
335,1438,1353
205,334,335,728
205,334,335,728,125
205,334,335,1057
205,334,335,1057,866
205,334,335,1135
205,334,335,1135,1136
205,334,335,1306
205,334,335,1306,1292
205,334,335,1438
205,334,335,1438,1353
338,9
338,339,368,9
338,340,368,9
338,341,369,367,368,9
338,341,368,9
338,367,368,9
338,339
338,340,368,339
338,341,369,367,368,339
338,341,368,339
338,367,368,339
338,340
338,341,369,367,368,340
338,341,368,340
338,367,368,340
338,341
338,367,368,341
338,367,369,341
338,367
338,9,368
338,339,368
338,340,368
338,341,369,367,368
338,341,368
338,367,368
338,9,368,367,369
338,9,368,341,369
338,339,368,367,369
338,339,368,341,369
338,340,368,367,369
338,340,368,341,369
338,341,369
338,367,369
338,9,368,367,369,341,799
338,9,368,341,799
338,339,368,367,369,341,799
338,339,368,341,799
338,340,368,367,369,341,799
338,340,368,341,799
338,341,799
338,367,368,341,799
338,367,369,341,799
9,338,339
9,338,340,368,339
9,338,341,369,367,368,339
9,338,341,368,339
9,338,367,368,339
9,368,339
9,338,340
9,338,341,369,367,368,340
9,338,341,368,340
9,338,367,368,340
9,368,340
9,338,341
9,338,367,368,341
9,338,367,369,341
9,368,367,369,341
9,368,341
9,338,367
9,368,367
9,368
9,338,339,368,367,369
9,338,339,368,341,369
9,338,340,368,367,369
9,338,340,368,341,369
9,338,341,369
9,338,367,369
9,368,367,369
9,368,341,369
9,338,339,368,367,369,341,799
9,338,339,368,341,799
9,338,340,368,367,369,341,799
9,338,340,368,341,799
9,338,341,799
9,338,367,368,341,799
9,338,367,369,341,799
9,368,367,369,341,799
9,368,341,799
339,338,340
339,338,341,369,367,368,340
339,338,341,368,340
339,338,367,368,340
339,368,340
339,338,341
339,338,367,368,341
339,338,367,369,341
339,368,367,369,341
339,368,341
339,338,367
339,368,367
339,368
339,338,340,368,367,369
339,338,340,368,341,369
339,338,341,369
339,338,367,369
339,368,367,369
339,368,341,369
339,338,340,368,367,369,341,799
339,338,340,368,341,799
339,338,341,799
339,338,367,368,341,799
339,338,367,369,341,799
339,368,367,369,341,799
339,368,341,799
340,338,341
340,338,367,368,341
340,338,367,369,341
340,368,367,369,341
340,368,341
340,338,367
340,368,367
340,368
340,338,341,369
340,338,367,369
340,368,367,369
340,368,341,369
340,338,341,799
340,338,367,368,341,799
340,338,367,369,341,799
340,368,367,369,341,799
340,368,341,799
341,338,367
341,369,367
341,368,367
341,369,367,368
341,368
341,369
341,799
344,345
344,346
344,345,319
345,344,346
345,319
346,344,345,319
362,363
362,364,1017,363
362,364
362,363,1017,364,431
362,364,431
362,363,1017,364,640
362,364,640
362,363,1017
362,364,1017
363,362,364
363,1017,364
363,362,364,431
363,1017,364,431
363,362,364,640
363,1017,364,640
363,1017
364,431
364,640
364,1017
367,368
367,369
367,368,341,799
367,338,341,799
367,369,341,799
368,367,369
368,341,369
368,367,369,341,799
368,341,799
369,341,799
384,311,310,1143
384,311,310,1143,569
390,391
392,393
397,398
397,1581
397,1581,214
398,397,1581
398,397,1581,214
399,400
399,401
399,400,867
399,400,1158,867
399,400,1158
399,400,1535
399,400,1535,626
399,400,1535,1534
400,399,401
400,867
400,1158,867
400,1158
400,1535
400,1535,626
400,1535,1534
401,399,400,867
401,399,400,1158,867
401,399,400,1158
401,399,400,1535
401,399,400,1535,626
401,399,400,1535,1534
407,3,516
407,3,746
407,3,1392
414,23,899
414,23,903
414,23,1278
414,23,1444
414,23,1485
414,23,1563
414,23,1566
431,364,640
431,364,1017
439,440
439,440,1071
439,440,1276
440,1071
440,1276
443,444
443,119,670,444
443,119,670,671,768,444
443,119,670,671,1408,444
443,119,768,444
443,119,768,671,1408,444
443,119,993,444
443,119,1408,444
443,119
443,444,670,119,644
443,444,670,671,768,119,644
443,444,670,671,1408,119,644
443,444,768,119,644
443,444,768,671,1408,119,644
443,444,993,119,644
443,444,1408,119,644
443,119,644
443,444,670
443,444,768,119,670
443,444,768,119,1408,671,670
443,444,768,671,670
443,444,993,119,670
443,444,993,119,768,671,670
443,444,993,119,1408,671,670
443,444,1408,119,670
443,444,1408,671,670
443,119,670
443,119,768,671,670
443,119,1408,671,670
443,444,670,671
443,444,768,671
443,444,993,119,670,671
443,444,993,119,768,671
443,444,993,119,1408,671
443,444,1408,671
443,119,670,671
443,119,768,671
443,119,1408,671
443,444,768
443,444,993,119,768
443,444,993,119,1408,671,768
443,444,1408,119,768
443,444,1408,671,768
443,119,768
443,119,1408,671,768
443,444,993
443,444,1408,119,993
443,119,993
443,444,1408
443,119,1408
444,443,119
444,670,119
444,670,671,768,119
444,670,671,1408,119
444,768,119
444,768,671,1408,119
444,993,119
444,1408,119
444,443,119,644
444,670,119,644
444,670,671,768,119,644
444,670,671,1408,119,644
444,768,119,644
444,768,671,1408,119,644
444,993,119,644
444,1408,119,644
444,670
444,768,119,670
444,768,119,1408,671,670
444,768,671,670
444,993,119,670
444,993,119,768,671,670
444,993,119,1408,671,670
444,1408,119,670
444,1408,671,670
444,443,119,670,671
444,443,119,768,671
444,443,119,1408,671
444,670,671
444,768,671
444,993,119,670,671
444,993,119,768,671
444,993,119,1408,671
444,1408,671
444,768
444,993,119,768
444,993,119,1408,671,768
444,1408,119,768
444,1408,671,768
444,993
444,1408,119,993
444,1408
119,644
119,670
119,768,671,670
119,1408,671,670
119,670,671
119,768,671
119,1408,671
119,768
119,1408,671,768
119,993
119,1408
456,105
456,105,524
456,105,691
456,105,961
105,524
105,691
105,961
466,463
479,307
487,488
487,488,1516
488,1516
492,493
492,493,336,1459
492,493,336
492,493,1483
493,336,1459
493,336
493,1483
505,282
505,206
282,505,206
507,483
507,508,1280,483
507,508
507,483,1280
507,508,1280
483,507,508
483,1280,508
483,1280
508,1280
516,3,746
516,3,1392
524,105,691
524,105,961
528,529
528,529,1177
528,529,1304
529,1177
529,1304
534,315
535,536
535,537
535,538
535,174
535,539
535,432
535,540
535,541
535,542
536,535,537
536,535,538
536,535,174
536,535,539
536,535,432
536,535,540
536,535,541
536,535,542
537,535,538
537,535,174
537,535,539
537,535,432
537,535,540
537,535,541
537,535,542
538,535,174
538,535,539
538,535,432
538,535,540
538,535,541
538,535,542
174,535,539
174,535,432
174,535,540
174,535,541
174,535,542
539,535,432
539,535,540
539,535,541
539,535,542
432,535,540
432,535,541
432,535,542
540,535,541
540,535,542
541,535,542
543,544
543,544,664
543,544,1224,1223
543,544,1346,1248,1224,1223
543,544,1224,1223,193
543,544,1346,1248,1224,1223,193
543,544,1224
543,544,1346,1248,1224
543,544,1224,1248
543,544,1346,1248
543,544,1312
543,544,1346
543,544,1409
543,544,1588
544,664
544,1224,1223
544,1346,1248,1224,1223
544,1224,1223,193
544,1346,1248,1224,1223,193
544,1224
544,1346,1248,1224
544,1224,1248
544,1346,1248
544,1312
544,1346
544,1409
544,1588
571,299
576,61,1050
576,1274,1275,61,1050
576,1274
576,61,1275
576,1274,1275
576,61,60,62,73
576,61,152,62,73
576,61,63,60,62,73
576,61,65,60,62,73
576,61,62,73
576,1274,1275,61,60,62,73
576,1274,1275,61,152,62,73
576,1274,1275,61,63,60,62,73
576,1274,1275,61,65,60,62,73
576,1274,1275,61,62,73
577,88
577,88,1389
88,1389
578,579
586,95
586,95,1155
95,1155
587,588
587,588,1026
588,1026
590,591
590,1201
591,590,1201
594,595
596,597
596,597,680
596,1103
596,597,1542
596,597,1542,430
596,597,1542,1061
597,680
597,596,1103
597,1542
597,1542,430
597,1542,1061
606,607
608,609
612,469
612,613
469,612,613
629,518
630,631
630,631,833
630,631,881
631,833
631,881
644,119,670
644,119,768,444,670
644,119,768,444,1408,671,670
644,119,768,671,670
644,119,993,444,670
644,119,993,444,768,671,670
644,119,993,444,1408,671,670
644,119,1408,444,670
644,119,1408,671,670
644,119,443,444,670,671
644,119,443,444,768,671
644,119,443,444,1408,671
644,119,670,671
644,119,768,671
644,119,993,444,670,671
644,119,993,444,768,671
644,119,993,444,1408,671
644,119,1408,671
644,119,768
644,119,993,444,768
644,119,993,444,1408,671,768
644,119,1408,444,768
644,119,1408,671,768
644,119,993
644,119,1408,444,993
644,119,1408
645,333,698
645,333,724
645,333,986
654,651
654,655
654,655,1015
651,654,655
651,654,655,1015
655,1015
664,544,1224,1223
664,544,1346,1248,1224,1223
664,544,1224,1223,193
664,544,1346,1248,1224,1223,193
664,544,1224
664,544,1346,1248,1224
664,544,1224,1248
664,544,1346,1248
664,544,1312
664,544,1346
664,544,1409
664,544,1588
666,667
666,814
667,666,814
670,671
670,444,768
670,444,993,119,768
670,444,993,119,1408,671,768
670,444,1408,119,768
670,444,1408,671,768
670,119,768
670,119,1408,671,768
670,671,768
670,444,993
670,444,1408,119,993
670,119,993
670,671,768,444,993
670,671,768,119,993
670,671,1408,444,993
670,671,1408,119,993
670,444,1408
670,119,1408
670,671,1408
671,768
671,670,444,993
671,670,119,993
671,768,444,993
671,768,119,993
671,1408,444,993
671,1408,119,993
671,1408
680,597,596,1103
680,597,1542
680,597,1542,430
680,597,1542,1061
683,85,84,1198,1109,803,1059
683,85,84,1099,1059
683,85,1099,1059
683,85,84,1198,1109,803,1059,898
683,85,84,1099,1059,898
683,85,1099,84,1198,1109,803,1059,898
683,85,1099,1059,898
683,85,84,1198,1109,803
683,85,84,1099,1059,803
683,85,1099,84,1198,1109,803
683,85,1099,1059,803
683,85,84,1198,1109,1065
683,85,84,1099,1059,803,1109,1065
683,85,1099,84,1198,1109,1065
683,85,1099,1059,803,1109,1065
683,85,84,1198,1109,1065,935
683,85,84,1099,1059,803,1109,1065,935
683,85,1099,84,1198,1109,1065,935
683,85,1099,1059,803,1109,1065,935
683,85,1099
683,85,84,1198,1109
683,85,84,1099,1059,803,1109
683,85,1099,84,1198,1109
683,85,1099,1059,803,1109
683,85,84,1198
683,85,1099,84,1198
683,85,1099,1059,803,1109,1198
683,85,84,1198,256
683,85,84,1099,1059,803,1109,1198,256
683,85,1099,84,1198,256
683,85,1099,1059,803,1109,1198,256
688,689
691,105,961
698,333,724
698,333,986
699,700
704,705
704,705,790
705,790
722,372
724,333,986
725,726
728,125
728,335,1057
728,335,1057,866
728,335,1135
728,335,1135,1136
728,335,1306
728,335,1306,1292
728,335,1438
728,335,1438,1353
125,728,335,1057
125,728,335,1057,866
125,728,335,1135
125,728,335,1135,1136
125,728,335,1306
125,728,335,1306,1292
125,728,335,1438
125,728,335,1438,1353
736,737
742,140,923
742,140,923,924
742,140,923,924,1030
742,140,260,261,1121
742,140,260,261,1536
746,3,1392
748,262
750,297
750,297,885
750,297,919
750,297,1081
750,297,1544
297,885
297,919
297,1081
297,1544
752,102
752,71,264,265,405
752,71,1455,405
752,102,265,405
752,102,1455,405
752,71,1455
752,102,1455
752,71,1571
752,102,1455,71,1571
102,265,405
102,1455,405
102,1455
102,752,71,1571
102,265,264,71,1571
102,265,405,1455,71,1571
102,1455,405,265,264,71,1571
102,1455,71,1571
763,764
768,444,993
768,444,1408,119,993
768,119,993
768,671,1408,444,993
768,671,1408,119,993
768,444,1408
768,119,1408
768,671,1408
804,146
640,364,1017
826,620
828,829
831,184
834,460
405,1455
405,265,264,71,1571
405,265,102,752,71,1571
405,1455,102,752,71,1571
405,1455,71,1571
851,852
853,854
853,263
853,718
853,718,1475
853,718,1475,976
853,718,1475,14
853,718,1523
854,853,263
854,853,718
854,853,718,1475
854,853,718,1475,976
854,853,718,1475,14
854,853,718,1523
263,853,718
263,853,718,1475
263,853,718,1475,976
263,853,718,1475,14
263,853,718,1523
718,1475
718,1475,976
718,1475,14
718,1523
859,860
867,1158
867,400,1535
867,1158,400,1535
867,400,1535,626
867,1158,400,1535,626
867,400,1535,1534
867,1158,400,1535,1534
833,631,881
885,297,919
885,297,1081
885,297,1544
899,23,903
899,23,1278
899,23,1444
899,23,1485
899,23,1563
899,23,1566
901,902
903,23,1278
903,23,1444
903,23,1485
903,23,1563
903,23,1566
918,413
918,413,1044
413,1044
919,297,1081
919,297,1544
920,921
920,381
920,843
920,922
921,920,381
921,920,843
921,920,922
381,920,843
381,920,922
843,920,922
923,924
923,924,1030
923,140,260,261,1121
923,140,260,261,1536
924,1030
924,923,140,260,261,1121
924,923,140,260,261,1536
928,929
928,930
928,931
928,932
928,933
928,932,870
928,929,327
928,930,248
928,931,441
928,933,224
929,928,930
929,928,931
929,928,932
929,928,933
929,928,932,870
929,327
929,928,930,248
929,928,931,441
929,928,933,224
930,928,931
930,928,932
930,928,933
930,928,932,870
930,928,929,327
930,248
930,928,931,441
930,928,933,224
931,928,932
931,928,933
931,928,932,870
931,928,929,327
931,928,930,248
931,441
931,928,933,224
932,928,933
932,870
932,928,929,327
932,928,930,248
932,928,931,441
932,928,933,224
933,928,932,870
933,928,929,327
933,928,930,248
933,928,931,441
933,224
958,356
964,965
969,194
970,279
970,971
279,970,971
993,444,1408
993,119,1408
996,215
996,215,1265
215,1265
997,998
997,302
998,997,302
870,932,928,929,327
870,932,928,930,248
870,932,928,931,441
870,932,928,933,224
1018,1019
1018,309
1019,1018,309
1020,1021
1030,924,923,140,260,261,1121
1030,924,923,140,260,261,1536
1032,619
1050,61,576,1274
1050,61,1275,1274
1050,61,1275
1050,61,60,62,73
1050,61,152,62,73
1050,61,63,60,62,73
1050,61,65,60,62,73
1050,61,62,73
1053,337
1057,866
1057,335,1135
1057,335,1135,1136
1057,335,1306
1057,335,1306,1292
1057,335,1438
1057,335,1438,1353
866,1057,335,1135
866,1057,335,1135,1136
866,1057,335,1306
866,1057,335,1306,1292
866,1057,335,1438
866,1057,335,1438,1353
1059,898
1059,803
1059,803,1109,1065
1059,1099,85,84,1198,1109,1065
1059,1099,84,1198,1109,1065
1059,803,1109,1065,935
1059,1099,85,84,1198,1109,1065,935
1059,1099,84,1198,1109,1065,935
1059,1099
1059,803,1109
1059,1099,85,84,1198,1109
1059,1099,84,1198,1109
1059,803,1109,1198
1059,1099,85,84,1198
1059,1099,84,1198
1059,803,1109,1198,256
1059,1099,85,84,1198,256
1059,1099,84,1198,256
898,1059,803
898,1059,1099,84,1198,1109,803
898,1059,803,1109,1065
898,1059,1099,85,84,1198,1109,1065
898,1059,1099,84,1198,1109,1065
898,1059,803,1109,1065,935
898,1059,1099,85,84,1198,1109,1065,935
898,1059,1099,84,1198,1109,1065,935
898,1059,1099
898,1059,803,1109
898,1059,1099,85,84,1198,1109
898,1059,1099,84,1198,1109
898,1059,803,1109,1198
898,1059,1099,85,84,1198
898,1059,1099,84,1198
898,1059,803,1109,1198,256
898,1059,1099,85,84,1198,256
898,1059,1099,84,1198,256
803,1059,1099,85,84,1198,1109,1065
803,1059,1099,84,1198,1109,1065
803,1109,1065
803,1059,1099,85,84,1198,1109,1065,935
803,1059,1099,84,1198,1109,1065,935
803,1109,1065,935
803,1059,1099
803,1109,1198,84,1099
803,1109
803,1059,1099,85,84,1198
803,1059,1099,84,1198
803,1109,1198
803,1059,1099,85,84,1198,256
803,1059,1099,84,1198,256
803,1109,1198,256
1065,935
1065,1109,803,1059,1099
1065,1109,1198,84,1099
1065,1109
1065,1109,1198
1065,1109,803,1059,1099,85,84,1198,256
1065,1109,803,1059,1099,84,1198,256
1065,1109,1198,256
935,1065,1109,803,1059,1099
935,1065,1109,1198,84,1099
935,1065,1109
935,1065,1109,1198
935,1065,1109,803,1059,1099,85,84,1198,256
935,1065,1109,803,1059,1099,84,1198,256
935,1065,1109,1198,256
1071,440,1276
1078,1079
1078,1384
1079,1078,1384
1081,297,1544
1085,1039
1085,1039,1506
1039,1506
1099,84,1198,1109
1099,1059,803,1109
1099,84,1198
1099,1059,803,1109,1198
1099,84,1198,256
1099,1059,803,1109,1198,256
1103,596,597,1542
1103,596,597,1542,430
1103,596,597,1542,1061
1109,1198
1109,1198,256
1111,580
1111,580,1193
580,1193
1113,658
1121,261,1536
1122,295
1126,406
1135,1136
1135,335,1306
1135,335,1306,1292
1135,335,1438
1135,335,1438,1353
1136,1135,335,1306
1136,1135,335,1306,1292
1136,1135,335,1438
1136,1135,335,1438,1353
1143,569
1145,291
1158,400,1535
1158,400,1535,626
1158,400,1535,1534
1172,678
1176,889
1176,1491
1176,1491,1305
1176,1491,1205
889,1176,1491
889,1176,1491,1305
889,1176,1491,1205
1177,529,1304
1180,1181
1198,256
1199,1200
1207,1208
1214,1037
1223,193
1223,1224
1223,1224,1248
1223,1224,544,1312
1223,1224,1248,1346,544,1312
1223,1224,544,1346
1223,1224,1248,1346
1223,1224,544,1409
1223,1224,1248,1346,544,1409
1223,1224,544,1588
1223,1224,1248,1346,544,1588
193,1223,1224
193,1223,1224,1248
193,1223,1224,544,1312
193,1223,1224,1248,1346,544,1312
193,1223,1224,544,1346
193,1223,1224,1248,1346
193,1223,1224,544,1409
193,1223,1224,1248,1346,544,1409
193,1223,1224,544,1588
193,1223,1224,1248,1346,544,1588
1224,1248
1224,544,1312
1224,1248,1346,544,1312
1224,544,1346
1224,1248,1346
1224,544,1409
1224,1248,1346,544,1409
1224,544,1588
1224,1248,1346,544,1588
1227,1060
1248,1224,544,1312
1248,1346,544,1312
1248,1346
1248,1224,544,1409
1248,1346,544,1409
1248,1224,544,1588
1248,1346,544,1588
327,929,928,930,248
327,929,928,931,441
327,929,928,933,224
1273,906
1273,186
906,1273,186
1274,1275
1274,1275,61,60,62,73
1274,1275,61,152,62,73
1274,1275,61,63,60,62,73
1274,1275,61,65,60,62,73
1274,1275,61,62,73
1274,576,61,60,62,73
1274,576,61,152,62,73
1274,576,61,63,60,62,73
1274,576,61,65,60,62,73
1274,576,61,62,73
1275,61,60,62,73
1275,61,152,62,73
1275,61,63,60,62,73
1275,61,65,60,62,73
1275,61,62,73
1278,23,1444
1278,23,1485
1278,23,1563
1278,23,1566
1283,908
248,930,928,931,441
248,930,928,933,224
1287,669
1306,1292
1306,335,1438
1306,335,1438,1353
1292,1306,335,1438
1292,1306,335,1438,1353
1312,544,1346
1312,544,1409
1312,544,1588
1336,946
1346,544,1409
1346,544,1588
1359,1163
1359,1163,1410
1163,1410
1360,801
1261,55,1095
1373,322
1377,659
1409,544,1588
1415,464
1431,616
1438,1353
1444,23,1485
1444,23,1563
1444,23,1566
1450,592
1455,71,1571
1459,336
1459,336,493,1483
336,493,1483
1460,1441
441,931,928,933,224
1470,1195
1471,93,1477,1476
1471,93,1477,1476,201
1471,93,1477
1472,1119
1475,976
1475,14
1475,718,1523
976,1475,14
976,1475,718,1523
14,1475,718,1523
1476,201
1476,1477
201,1476,1477
1478,455
1485,23,1563
1485,23,1566
1491,1305
1491,1205
1305,1491,1205
1493,1263
1493,1285
1493,973
1493,1494
1263,1493,1285
1263,1493,973
1263,1493,1494
1285,1493,973
1285,1493,1494
973,1493,1494
1496,1094
1496,497
1496,1567
1094,1496,497
1094,1496,1567
497,1496,1567
1500,1256
1518,28
1531,1118
1535,626
1535,1534
626,1535,1534
1542,430
1542,1061
430,1542,1061
1548,776
1549,1422
1561,637
1563,23,1566
1565,787
1576,925
1581,214
1582,1129
1586,1350
