[247, 165]
[295, 296]
[69, 19, 6]
[72, 73, 41]
[301, 210, 211, 220]
[44, 0, 1, 109]
[154, 155, 40]
[40, 41, 42]
[154, 155, 40, 202]
[266, 63]
[306, 198]
[154, 26, 108]
[216, 19, 6]
[159, 259]
[155, 40, 41, 249]
[154, 155, 40, 41, 202, 249]
[116, 57]
[4, 19, 6, 5]
[21, 176]
[3, 152, 153]
[294, 19, 6, 5]
[13, 58]
[155, 40, 42]
[114, 221]
[30, 103]
[0, 72, 73, 41, 202, 245]
[254, 44, 0, 217]
[44, 0, 49]
[112, 201]
[183, 90, 34]
[9, 90]
[73, 41, 202, 249]
[41, 42, 43]
[117, 215]
[117, 106]
[209, 182]
[241, 4, 67, 68]
[261, 262]
[38, 39]
[135, 132]
[254, 44, 0, 72]
[89, 90]
[155, 40, 41]
[59, 18]
[282, 247, 165]
[185, 186]
[12, 9, 90]
[0, 72, 73, 41, 202]
[62, 63]
[66, 59, 18]
[157, 78]
[254, 44, 0, 72, 203]
[70, 71]
[154, 26]
[224, 210]
[254, 44, 0, 7, 93]
[72, 73, 41, 202, 249]
[122, 123]
[4, 67, 322]
[210, 211, 220]
[4, 19, 5]
[154, 26, 312]
[4, 19, 20]
[69, 19, 20]
[72, 73, 43]
[138, 320]
[155, 40, 42, 41]
[44, 0, 72, 73]
[83, 84, 99]
[74, 76]
[44, 0, 251]
[124, 67]
[301, 210, 211]
[124, 67, 136]
[0, 49]
[154, 26, 207, 158]
[254, 44, 0, 1, 329]
[13, 58, 59]
[143, 100, 101]
[254, 44, 0, 203]
[60, 61, 76]
[48, 103]
[69, 19, 5]
[141, 142, 285]
[4, 19, 6]
[53, 96]
[55, 18]
[179, 180]
[79, 25]
[74, 75]
[73, 41, 42]
[263, 82, 201]
[58, 59, 18]
[155, 40, 41, 202, 249]
[117, 215, 18]
[260, 39]
[313, 314]
[323, 138]
[241, 4, 19]
[69, 95]
[114, 115]
[155, 40, 43]
[244, 191]
[89, 90, 34]
[270, 209, 182]
[58, 59]
[124, 19, 6, 5]
[40, 42, 41, 202, 249]
[40, 202, 249]
[124, 67, 144, 145]
[155, 40, 42, 43]
[38, 39, 264]
[69, 91, 19, 6, 5]
[254, 44, 0, 278, 49]
[4, 67, 82]
[29, 30, 103]
[91, 19, 5]
[12, 9, 90, 34]
[15, 16, 103]
[56, 215]
[56, 106]
[133, 134]
[254, 44, 54]
[42, 41]
[159, 324]
[42, 41, 202, 249]
[0, 72, 73, 41, 202, 249]
[254, 44, 0, 194, 49]
[21, 22]
[241, 4]
[69, 91, 19]
[21, 46]
[77, 78, 147]
[154, 155, 40, 50]
[216, 19, 6, 5]
[253, 100, 101]
[300, 92, 158]
[64, 132]
[116, 117, 106, 103]
[80, 33]
[44, 0, 7]
[0, 194]
[40, 7, 93]
[241, 4, 67, 144, 145]
[21, 176, 201]
[91, 19, 6]
[127, 110, 30, 103]
[4, 19]
[40, 42, 41, 249]
[241, 4, 67, 76]
[260, 39, 264]
[294, 19, 20]
[2, 3]
[211, 220]
[207, 158]
[228, 9, 90, 34]
[295, 296, 92, 158]
[24, 238]
[302, 179, 180]
[44, 0]
[0, 72, 73, 41, 42, 43]
[254, 44]
[125, 126]
[104, 20]
[137, 138, 320]
[254, 44, 0]
[39, 264]
[44, 0, 7, 93]
[154, 26, 45]
[44, 0, 1, 329]
[302, 179]
[60, 82, 201]
[79, 16]
[4, 67, 136]
[141, 142]
[29, 30]
[44, 0, 72, 73, 41, 202]
[9, 90, 34]
[42, 43]
[67, 144, 172]
[266, 267]
[124, 67, 322]
[121, 49]
[254, 44, 0, 72, 73]
[282, 283]
[23, 240, 245]
[254, 44, 0, 121, 49]
[254, 44, 0, 1, 309]
[293, 220]
[174, 82, 201]
[129, 130]
[240, 245]
[15, 87]
[26, 27]
[242, 243]
[127, 110]
[155, 40, 41, 202, 245]
[254, 44, 0, 72, 73, 41, 42, 43]
[216, 19, 5]
[279, 34]
[44, 0, 72, 73, 41, 249]
[154, 155, 40, 7, 93]
[156, 33, 34]
[164, 165]
[155, 40, 41, 202]
[254, 44, 0, 54]
[44, 0, 54]
[66, 59]
[163, 138, 299]
[297, 298]
[40, 202, 245]
[67, 68]
[216, 19, 294]
[155, 40, 7]
[83, 84]
[23, 28]
[118, 87]
[155, 40, 202, 249]
[224, 210, 211]
[250, 34]
[122, 173]
[195, 18]
[224, 210, 211, 220]
[102, 18]
[200, 173]
[0, 203]
[69, 91, 19, 5]
[42, 41, 202, 245]
[66, 14]
[254, 291]
[111, 112]
[44, 0, 72, 54]
[4, 67]
[13, 58, 150]
[124, 67, 68]
[241, 4, 19, 6, 5]
[107, 108]
[40, 41, 42, 43]
[252, 186]
[187, 188]
[295, 296, 92]
[21, 19, 6, 5]
[254, 44, 0, 72, 73, 41, 42]
[215, 18]
[154, 155, 40, 41, 42, 43]
[44, 206]
[127, 110, 30]
[268, 269]
[19, 6]
[270, 209]
[154, 155, 40, 42, 41, 249]
[254, 44, 0, 72, 73, 43]
[124, 19, 20]
[254, 44, 0, 72, 73, 41, 202, 245]
[69, 91, 19, 6]
[118, 79, 25]
[12, 9]
[204, 34]
[4, 67, 168]
[174, 61]
[4, 67, 144]
[40, 50]
[40, 42, 41, 202]
[44, 0, 1, 309]
[102, 103]
[214, 5]
[72, 73, 41, 249]
[81, 61, 76]
[127, 30, 103]
[0, 217]
[282, 247]
[44, 0, 194]
[10, 11]
[246, 198]
[40, 41, 202]
[263, 61, 76]
[235, 37]
[265, 5]
[40, 7]
[284, 285]
[292, 9, 90]
[40, 202]
[274, 201]
[119, 120]
[254, 44, 0, 72, 73, 41, 202]
[33, 34]
[166, 167]
[196, 90]
[69, 19, 294]
[73, 41]
[254, 44, 0, 72, 73, 41]
[0, 1]
[40, 41, 249]
[307, 14]
[2, 3, 152, 208]
[110, 195, 18]
[67, 76]
[154, 155, 40, 42, 41, 202, 245]
[128, 76]
[41, 249]
[254, 44, 0, 72, 73, 41, 249]
[219, 220]
[53, 11]
[155, 40, 41, 42]
[0, 278, 49]
[23, 24]
[237, 33]
[35, 303]
[124, 19, 6]
[154, 155, 40, 41, 202, 245]
[13, 14]
[80, 33, 34]
[155, 40, 50]
[199, 57]
[231, 232]
[44, 0, 121, 49]
[316, 317]
[154, 155, 40, 217]
[41, 202]
[124, 67, 76]
[133, 175]
[73, 41, 202, 245]
[124, 19, 5]
[118, 79, 25, 18]
[177, 178]
[44, 0, 72]
[66, 150]
[124, 19, 294]
[0, 72, 73]
[254, 44, 0, 72, 54]
[73, 43]
[127, 110, 195, 18]
[44, 0, 194, 49]
[241, 4, 67, 144, 172]
[48, 18]
[72, 73, 41, 202, 245]
[21, 19]
[237, 33, 34]
[58, 150]
[69, 19, 6, 5]
[254, 44, 0, 194]
[270, 164, 165]
[167, 230]
[1, 109]
[40, 42]
[85, 86]
[124, 67, 144]
[124, 67, 168]
[286, 287]
[19, 5]
[152, 208]
[35, 20]
[29, 205]
[154, 155, 40, 42, 41, 202]
[155, 40, 41, 42, 43]
[0, 72, 73, 41, 249]
[155, 40, 7, 93]
[192, 138, 320]
[254, 44, 206]
[181, 165]
[40, 41]
[69, 91]
[189, 190]
[163, 138]
[222, 223]
[323, 138, 299]
[2, 3, 152]
[104, 105]
[106, 103]
[13, 150]
[40, 217]
[241, 4, 67]
[207, 315]
[1, 329]
[64, 65]
[8, 9, 90]
[90, 34]
[241, 4, 19, 5]
[241, 4, 95]
[8, 9]
[91, 19]
[110, 30]
[74, 229]
[72, 73]
[26, 207]
[155, 40, 42, 41, 202, 245]
[241, 4, 19, 20]
[0, 72, 54]
[241, 4, 67, 136]
[8, 9, 90, 34]
[21, 229]
[23, 24, 238]
[56, 57]
[44, 0, 72, 73, 41, 202, 245]
[40, 43]
[88, 61]
[67, 82]
[216, 19]
[60, 61]
[47, 76]
[197, 198]
[4, 19, 294]
[3, 152, 208]
[92, 158]
[0, 7]
[212, 134]
[15, 25]
[82, 201]
[273, 32]
[0, 121]
[0, 278]
[116, 117, 215, 18]
[4, 95]
[154, 155, 40, 41, 42]
[254, 44, 0, 1]
[92, 93]
[44, 0, 72, 203]
[154, 155, 40, 7]
[29, 195]
[0, 1, 309]
[41, 202, 249]
[44, 49]
[292, 9]
[74, 239]
[72, 73, 41, 42, 43]
[78, 147]
[26, 108]
[124, 67, 82]
[127, 110, 195]
[174, 61, 76]
[21, 239]
[149, 132]
[241, 4, 19, 6]
[157, 78, 147]
[159, 160]
[124, 5]
[183, 90]
[296, 92]
[301, 210]
[184, 20]
[124, 67, 144, 172]
[300, 92, 93]
[295, 296, 92, 93]
[26, 207, 315]
[38, 269]
[44, 0, 72, 73, 41, 42, 43]
[118, 79]
[277, 173]
[60, 82]
[275, 276]
[1, 309]
[19, 294]
[124, 67, 82, 201]
[155, 40, 202, 245]
[228, 9]
[319, 20]
[81, 82, 201]
[326, 178]
[15, 16]
[31, 32]
[26, 312]
[271, 267]
[233, 234]
[42, 41, 202]
[111, 112, 201]
[116, 106]
[118, 79, 16]
[241, 4, 67, 322]
[263, 82]
[318, 71]
[144, 172]
[169, 90, 34]
[304, 205]
[166, 167, 230]
[6, 5]
[64, 98]
[97, 132]
[47, 20]
[156, 33]
[202, 249]
[29, 195, 18]
[72, 73, 41, 202]
[21, 19, 20]
[254, 44, 0, 72, 73, 41, 202, 249]
[288, 289]
[0, 258]
[194, 49]
[44, 0, 72, 73, 43]
[44, 0, 203]
[97, 98]
[290, 100]
[42, 41, 249]
[72, 54]
[282, 283, 182]
[0, 72, 203]
[21, 19, 5]
[283, 182]
[254, 44, 0, 251]
[154, 155, 40, 42, 41, 202, 249]
[181, 182]
[328, 186]
[0, 1, 329]
[72, 73, 41, 42]
[241, 4, 5]
[36, 37]
[155, 40, 42, 41, 202]
[100, 101]
[124, 19]
[19, 20]
[55, 103]
[73, 41, 42, 43]
[58, 150, 103]
[225, 226]
[77, 78]
[21, 19, 6]
[292, 9, 90, 34]
[323, 138, 320]
[0, 72]
[67, 168]
[278, 49]
[67, 144]
[174, 82]
[4, 67, 144, 145]
[25, 18]
[142, 285]
[216, 19, 20]
[10, 96]
[44, 0, 217]
[44, 0, 72, 73, 41]
[116, 117, 215]
[116, 117, 106]
[69, 19]
[116, 117]
[210, 211]
[192, 138, 299]
[7, 93]
[15, 25, 18]
[56, 215, 18]
[79, 16, 103]
[150, 103]
[212, 175]
[255, 256]
[0, 1, 109]
[4, 67, 82, 201]
[13, 58, 150, 103]
[294, 19, 5]
[154, 26, 27]
[40, 41, 202, 249]
[110, 195]
[0, 72, 73, 41]
[154, 155, 40, 42]
[44, 0, 258]
[148, 34]
[74, 46]
[170, 171]
[81, 82]
[190, 321]
[21, 19, 294]
[127, 205]
[189, 190, 321]
[23, 240]
[44, 0, 1]
[135, 98]
[2, 3, 152, 153]
[294, 19]
[116, 106, 103]
[72, 203]
[26, 45]
[67, 144, 145]
[127, 30]
[154, 155, 40, 42, 43]
[193, 84]
[202, 245]
[154, 26, 207, 315]
[113, 33]
[154, 155, 40, 43]
[155, 40, 42, 41, 249]
[40, 42, 43]
[91, 19, 6, 5]
[4, 67, 76]
[117, 106, 103]
[263, 61]
[149, 98]
[151, 134]
[176, 201]
[138, 299]
[310, 311]
[13, 58, 59, 18]
[124, 95]
[67, 82, 201]
[91, 19, 294]
[254, 44, 45]
[272, 198]
[21, 146]
[73, 41, 249]
[51, 52]
[286, 52]
[0, 72, 73, 43]
[61, 76]
[280, 281]
[67, 136]
[139, 140]
[254, 44, 0, 278]
[254, 44, 0, 121]
[55, 191]
[154, 155, 40, 202, 249]
[44, 54]
[118, 16, 103]
[296, 92, 158]
[154, 155, 40, 42, 41]
[308, 87]
[94, 20]
[17, 18]
[154, 155]
[155, 40, 202]
[41, 42]
[154, 155, 40, 41]
[248, 126]
[40, 42, 41]
[81, 61]
[218, 160]
[189, 321]
[79, 25, 18]
[241, 4, 19, 294]
[44, 0, 72, 73, 41, 42]
[13, 150, 103]
[300, 92]
[196, 90, 34]
[40, 41, 202, 245]
[17, 103]
[118, 79, 16, 103]
[152, 153]
[84, 99]
[187, 236]
[228, 9, 90]
[325, 281]
[0, 72, 73, 41, 42]
[44, 0, 278]
[193, 84, 99]
[254, 44, 0, 1, 109]
[241, 4, 67, 168]
[44, 0, 72, 73, 41, 202, 249]
[0, 251]
[155, 40, 42, 41, 202, 249]
[0, 7, 93]
[270, 164]
[137, 138]
[91, 19, 20]
[257, 120]
[296, 92, 93]
[0, 194, 49]
[44, 0, 121]
[0, 54]
[118, 16]
[88, 61, 76]
[155, 40, 217]
[253, 100]
[137, 138, 299]
[305, 243]
[23, 93]
[113, 33, 34]
[131, 5]
[290, 100, 101]
[4, 67, 68]
[73, 41, 202]
[161, 162]
[244, 18]
[213, 186]
[41, 202, 245]
[19, 6, 5]
[21, 76]
[44, 45]
[143, 100]
[154, 26, 207]
[154, 155, 40, 41, 249]
[4, 5]
[4, 67, 144, 172]
[155, 40]
[64, 227]
[69, 91, 19, 20]
[254, 44, 49]
[56, 106, 103]
[26, 207, 158]
[200, 123]
[241, 4, 67, 82, 201]
[254, 44, 0, 49]
[241, 4, 67, 82]
[254, 44, 0, 7]
[0, 121, 49]
[3, 152]
[67, 322]
[69, 91, 19, 294]
[169, 90]
[184, 105]
[241, 4, 67, 144]
[294, 19, 6]
[154, 155, 40, 41, 202]
[154, 155, 40, 202, 245]
[16, 103]
[144, 145]
[110, 30, 103]
[192, 138]
[286, 327]
[163, 138, 320]
[40, 42, 41, 202, 245]
[44, 0, 278, 49]
[66, 150, 103]
[254, 44, 0, 258]
[244, 103]
