18,19
18,245,5,24,25,19
18,245,5,205,542,24,25,19
18,245,5,542,24,25,19
18,19,25,24
18,245,5,24
18,245,5,205,542,24
18,245,5,542,24
18,19,25,24,5
18,19,25,24,542,5
18,19,25,24,542,205,5
18,245,5
18,19,25
18,245,5,24,25
18,245,5,205,542,24,25
18,245,5,542,24,25
18,19,25,24,5,205
18,19,25,24,542,205
18,245,5,205
18,245,5,542,205
18,19,25,24,5,245,244
18,19,25,24,542,5,245,244
18,19,25,24,542,205,5,245,244
18,245,244
18,245
18,19,25,24,5,245,265,264
18,19,25,24,542,5,245,265,264
18,19,25,24,542,205,5,245,265,264
18,245,265,264
18,19,25,24,5,245,265
18,19,25,24,542,5,245,265
18,19,25,24,542,205,5,245,265
18,245,265
18,19,25,24,5,245,391
18,19,25,24,542,5,245,391
18,19,25,24,542,205,5,245,391
18,245,391
18,19,25,24,5,245,265,264,474
18,19,25,24,542,5,245,265,264,474
18,19,25,24,542,205,5,245,265,264,474
18,245,265,264,474
18,19,25,24,5,245,265,264,474,223
18,19,25,24,542,5,245,265,264,474,223
18,19,25,24,542,205,5,245,265,264,474,223
18,245,265,264,474,223
18,19,25,24,542
18,245,5,542
18,19,25,24,5,205,542,33
18,19,25,24,5,542,33
18,19,25,24,542,33
18,245,5,24,542,33
18,245,5,205,542,33
18,245,5,542,33
18,19,25,24,5,205,542,319
18,19,25,24,5,542,319
18,19,25,24,542,319
18,245,5,24,542,319
18,245,5,205,542,319
18,245,5,542,319
19,18,245,5,24
19,18,245,5,205,542,24
19,18,245,5,542,24
19,25,24
19,18,245,5
19,25,24,5
19,25,24,542,5
19,25,24,542,205,5
19,25
19,18,245,5,205
19,18,245,5,542,205
19,25,24,5,205
19,25,24,542,205
19,18,245,244
19,25,24,5,245,244
19,25,24,542,5,245,244
19,25,24,542,205,5,245,244
19,18,245
19,25,24,5,245
19,25,24,542,5,245
19,25,24,542,205,5,245
19,18,245,265,264
19,25,24,5,245,265,264
19,25,24,542,5,245,265,264
19,25,24,542,205,5,245,265,264
19,18,245,265
19,25,24,5,245,265
19,25,24,542,5,245,265
19,25,24,542,205,5,245,265
19,18,245,391
19,25,24,5,245,391
19,25,24,542,5,245,391
19,25,24,542,205,5,245,391
19,18,245,265,264,474
19,25,24,5,245,265,264,474
19,25,24,542,5,245,265,264,474
19,25,24,542,205,5,245,265,264,474
19,18,245,265,264,474,223
19,25,24,5,245,265,264,474,223
19,25,24,542,5,245,265,264,474,223
19,25,24,542,205,5,245,265,264,474,223
19,18,245,5,542
19,25,24,542
19,18,245,5,24,542,33
19,18,245,5,205,542,33
19,18,245,5,542,33
19,25,24,5,205,542,33
19,25,24,5,542,33
19,25,24,542,33
19,18,245,5,24,542,319
19,18,245,5,205,542,319
19,18,245,5,542,319
19,25,24,5,205,542,319
19,25,24,5,542,319
19,25,24,542,319
21,22
24,5
24,542,5
24,542,205,5
24,25
24,5,205
24,25,19,18,245,5,205
24,542,205
24,5,245,244
24,25,19,18,245,244
24,542,5,245,244
24,542,205,5,245,244
24,5,245
24,25,19,18,245
24,542,5,245
24,542,205,5,245
24,5,245,265,264
24,25,19,18,245,265,264
24,542,5,245,265,264
24,542,205,5,245,265,264
24,5,245,265
24,25,19,18,245,265
24,542,5,245,265
24,542,205,5,245,265
24,5,245,391
24,25,19,18,245,391
24,542,5,245,391
24,542,205,5,245,391
24,5,245,265,264,474
24,25,19,18,245,265,264,474
24,542,5,245,265,264,474
24,542,205,5,245,265,264,474
24,5,245,265,264,474,223
24,25,19,18,245,265,264,474,223
24,542,5,245,265,264,474,223
24,542,205,5,245,265,264,474,223
24,542
24,5,205,542,33
24,5,542,33
24,25,19,18,245,5,205,542,33
24,25,19,18,245,5,542,33
24,542,33
24,5,205,542,319
24,5,542,319
24,25,19,18,245,5,205,542,319
24,25,19,18,245,5,542,319
24,542,319
5,24,25
5,205,542,24,25
5,245,18,19,25
5,542,24,25
5,205
5,542,205
5,245,244
5,245
5,245,265,264
5,245,265
5,245,391
5,245,265,264,474
5,245,265,264,474,223
5,542
5,205,542,33
5,542,33
5,205,542,319
5,542,319
25,24,5,205
25,24,542,205
25,19,18,245,5,205
25,19,18,245,5,542,205
25,24,5,245,244
25,24,542,5,245,244
25,24,542,205,5,245,244
25,19,18,245,244
25,24,5,245
25,24,542,5,245
25,24,542,205,5,245
25,19,18,245
25,24,5,245,265,264
25,24,542,5,245,265,264
25,24,542,205,5,245,265,264
25,19,18,245,265,264
25,24,5,245,265
25,24,542,5,245,265
25,24,542,205,5,245,265
25,19,18,245,265
25,24,5,245,391
25,24,542,5,245,391
25,24,542,205,5,245,391
25,19,18,245,391
25,24,5,245,265,264,474
25,24,542,5,245,265,264,474
25,24,542,205,5,245,265,264,474
25,19,18,245,265,264,474
25,24,5,245,265,264,474,223
25,24,542,5,245,265,264,474,223
25,24,542,205,5,245,265,264,474,223
25,19,18,245,265,264,474,223
25,24,542
25,19,18,245,5,542
25,24,5,205,542,33
25,24,5,542,33
25,24,542,33
25,19,18,245,5,205,542,33
25,19,18,245,5,542,33
25,24,5,205,542,319
25,24,5,542,319
25,24,542,319
25,19,18,245,5,205,542,319
25,19,18,245,5,542,319
27,28
38,39
57,58
57,58,210,214
57,58,214
57,58,210
57,58,331
58,210,214
58,214
58,210
58,331
63,64
63,64,146
63,64,594,146
63,64,172
63,64,172,173
63,64,527
63,64,532
63,64,594
64,146
64,594,146
64,172
64,172,173
64,527
64,532
64,594
67,68
75,31
97,43
97,43,486,487,328,270,235,234
97,43,235,234
97,43,486,487,328,270,235
97,43,235
97,43,486,487,328,270
97,43,235,270
97,43,486,487,328,270,313
97,43,235,270,313
97,43,486,487,328
97,43,235,270,328
97,43,455
97,43,486
97,43,486,487
97,43,235,270,328,487
97,43,486,487,328,270,235,526
97,43,235,526
97,43,486,487,328,270,235,526,538
97,43,235,526,538
43,486,487,328,270,235,234
43,235,234
43,486,487,328,270,235
43,235
43,486,487,328,270
43,235,270
43,486,487,328,270,313
43,235,270,313
43,486,487,328
43,235,270,328
43,455
43,486
43,486,487
43,235,270,328,487
43,486,487,328,270,235,526
43,235,526
43,486,487,328,270,235,526,538
43,235,526,538
107,95
108,109
108,110,233,111,109
108,110,275,109
108,111,233,110,275,109
108,111,109
108,110
108,111,233,110
108,111,109,275,110
108,11
108,111
108,109,275,110,233
108,109,111,233
108,110,233
108,111,233
108,109,275
108,110,275
108,111,233,110,275
108,111,109,275
108,109,275,110,433,432
108,109,111,233,110,433,432
108,110,433,432
108,111,233,110,433,432
108,111,109,275,110,433,432
108,109,275,110,433
108,109,111,233,110,433
108,110,433
108,111,233,110,433
108,111,109,275,110,433
109,108,110
109,275,110
109,111,108,110
109,111,233,110
109,108,11
109,275,110,108,11
109,275,110,233,111,108,11
109,111,108,11
109,111,233,110,108,11
109,275,110,233,111
109,111
109,108,110,233
109,275,110,233
109,111,233
109,275
109,108,110,433,432
109,275,110,433,432
109,111,108,110,433,432
109,111,233,110,433,432
109,108,110,433
109,275,110,433
109,111,108,110,433
109,111,233,110,433
110,108,11
110,233,111,108,11
110,275,109,111,108,11
110,108,111
110,233,111
110,275,109,111
110,233
110,275
110,433,432
110,433
11,108,111
11,108,109,275,110,233
11,108,109,111,233
11,108,110,233
11,108,111,233
11,108,109,275
11,108,110,275
11,108,111,233,110,275
11,108,111,109,275
11,108,109,275,110,433,432
11,108,109,111,233,110,433,432
11,108,110,433,432
11,108,111,233,110,433,432
11,108,111,109,275,110,433,432
11,108,109,275,110,433
11,108,109,111,233,110,433
11,108,110,433
11,108,111,233,110,433
11,108,111,109,275,110,433
111,233
111,108,110,275
111,233,110,275
111,109,275
111,108,110,433,432
111,233,110,433,432
111,109,275,110,433,432
111,108,110,433
111,233,110,433
111,109,275,110,433
116,117
116,582,318,181,180
116,582,180
116,582,318,181
116,582,180,181
116,582,318
116,582
116,582,484
116,582,35
117,116,582,318,181,180
117,116,582,180
117,116,582,318,181
117,116,582,180,181
117,116,582,318
117,116,582
117,116,582,484
117,116,582,35
123,124
123,125
123,126
123,127
123,37
124,123,125
124,123,126
124,123,127
124,123,37
125,123,126
125,123,127
125,123,37
126,123,127
126,123,37
127,123,37
132,133
132,133,350
132,133,517
132,133,89
133,350
133,517
133,89
142,143
146,64,172
146,594,64,172
146,64,172,173
146,594,64,172,173
146,64,527
146,594,64,527
146,64,532
146,594,64,532
146,594
148,149
148,150
148,615
149,148,150
149,148,615
150,148,615
164,165
164,165,515
164,165,567
165,515
165,567
166,167
172,173
172,64,527
172,64,532
172,64,594
173,172,64,527
173,172,64,532
173,172,64,594
177,178
180,181
180,582,318,181
180,181,318
180,582,318
180,582
180,181,318,582,484
180,582,484
180,181,318,582,35
180,582,35
181,318
181,180,582
181,318,582
181,180,582,484
181,318,582,484
181,180,582,35
181,318,582,35
183,184
183,184,344
183,184,597
184,344
184,597
187,188
187,188,457
188,457
189,190
189,10
189,190,559
190,189,10
190,559
10,189,190,559
194,195
194,228
195,194,228
201,202
201,202,371,370
201,202,371
202,371,370
202,371
203,204
203,260
203,260,144
204,203,260
204,203,260,144
205,5,24,25,19,18,245,244
205,5,245,244
205,542,5,245,244
205,542,24,25,19,18,245,244
205,5,245
205,542,5,245
205,542,24,25,19,18,245
205,5,24,25,19,18,245,265,264
205,5,245,265,264
205,542,5,245,265,264
205,542,24,25,19,18,245,265,264
205,5,24,25,19,18,245,265
205,5,245,265
205,542,5,245,265
205,542,24,25,19,18,245,265
205,5,24,25,19,18,245,391
205,5,245,391
205,542,5,245,391
205,542,24,25,19,18,245,391
205,5,24,25,19,18,245,265,264,474
205,5,245,265,264,474
205,542,5,245,265,264,474
205,542,24,25,19,18,245,265,264,474
205,5,24,25,19,18,245,265,264,474,223
205,5,245,265,264,474,223
205,542,5,245,265,264,474,223
205,542,24,25,19,18,245,265,264,474,223
205,542
205,542,33
205,542,319
211,212
211,212,465
211,212,624
212,465
212,624
214,210
214,210,58,331
214,58,331
210,58,331
215,216
217,218
217,218,253
217,218,254
218,253
218,254
233,110,275
233,111,108,109,275
233,111,109,275
233,110,433,432
233,111,108,109,275,110,433,432
233,111,109,275,110,433,432
233,110,433
233,111,108,109,275,110,433
233,111,109,275,110,433
234,235
234,235,270
234,235,270,313
234,235,43,486,487,328,270,313
234,235,270,328
234,235,43,486,487,328
234,235,270,328,487,486,43,455
234,235,43,455
234,235,270,328,487,486
234,235,43,486
234,235,270,328,487
234,235,43,486,487
234,235,526
234,235,526,538
235,270
235,270,313
235,43,486,487,328,270,313
235,270,328
235,43,486,487,328
235,270,328,487,486,43,455
235,43,455
235,270,328,487,486
235,43,486
235,270,328,487
235,43,486,487
235,526
235,526,538
240,47
244,245
244,245,265,264
244,245,265
244,245,391
244,245,265,264,474
244,245,265,264,474,223
244,245,5,542
244,245,18,19,25,24,542
244,245,5,24,542,33
244,245,5,205,542,33
244,245,5,542,33
244,245,18,19,25,24,5,205,542,33
244,245,18,19,25,24,5,542,33
244,245,18,19,25,24,542,33
244,245,5,24,542,319
244,245,5,205,542,319
244,245,5,542,319
244,245,18,19,25,24,5,205,542,319
244,245,18,19,25,24,5,542,319
244,245,18,19,25,24,542,319
245,265,264
245,265
245,391
245,265,264,474
245,265,264,474,223
245,5,542
245,18,19,25,24,542
245,5,24,542,33
245,5,205,542,33
245,5,542,33
245,18,19,25,24,542,33
245,5,24,542,319
245,5,205,542,319
245,5,542,319
245,18,19,25,24,542,319
246,232
250,251
253,218,254
260,144
262,263
264,265
264,265,245,391
264,474
264,474,223
264,265,245,5,542
264,265,245,18,19,25,24,542
264,265,245,5,24,542,33
264,265,245,5,205,542,33
264,265,245,5,542,33
264,265,245,18,19,25,24,5,205,542,33
264,265,245,18,19,25,24,5,542,33
264,265,245,18,19,25,24,542,33
264,265,245,5,24,542,319
264,265,245,5,205,542,319
264,265,245,5,542,319
264,265,245,18,19,25,24,5,205,542,319
264,265,245,18,19,25,24,5,542,319
264,265,245,18,19,25,24,542,319
265,245,391
265,264,474
265,264,474,223
265,245,5,542
265,245,18,19,25,24,542
265,245,5,24,542,33
265,245,5,205,542,33
265,245,5,542,33
265,245,18,19,25,24,5,205,542,33
265,245,18,19,25,24,5,542,33
265,245,18,19,25,24,542,33
265,245,5,24,542,319
265,245,5,205,542,319
265,245,5,542,319
265,245,18,19,25,24,5,205,542,319
265,245,18,19,25,24,5,542,319
265,245,18,19,25,24,542,319
270,313
270,328
270,235,43,455
270,328,487,486,43,455
270,235,43,486
270,328,487,486
270,235,43,486,487
270,328,487
270,235,526
270,235,526,538
275,110,433,432
275,110,433
287,288
287,442,288
287,442
287,288,442,443
287,288,442,444,443
287,442,443
287,442,444,443
287,288,442,321
287,442,321
287,288,442,444
287,442,444
288,442
288,442,443
288,442,444,443
288,442,321
288,442,444
297,147
299,300
299,301
299,302
300,299,301
300,299,302
301,299,302
312,129
313,270,328
313,270,235,43,455
313,270,328,487,486,43,455
313,270,235,43,486
313,270,328,487,486
313,270,235,43,486,487
313,270,328,487
313,270,235,526
313,270,328,487,486,43,235,526
313,270,235,526,538
313,270,328,487,486,43,235,526,538
318,582
318,582,484
318,582,35
325,326
325,327
325,400
325,491
325,587
326,325,327
326,325,400
326,325,491
326,325,587
327,325,400
327,325,491
327,325,587
328,270,235,43,455
328,487,486,43,455
328,270,235,43,486
328,487,486
328,487
328,270,235,526
328,487,486,43,235,526
328,270,235,526,538
328,487,486,43,235,526,538
330,42
330,355
42,330,355
340,341
340,461
341,340,461
366,367
366,367,434
367,434
370,371
386,387
388,389
388,362
388,389,399
389,388,362
389,399
362,388,389,399
400,325,491
400,325,587
407,408
407,408,13
407,408,459
408,13
408,459
411,88
13,408,459
420,421
420,422
420,423
420,199
421,420,422
421,420,423
421,420,199
422,420,423
422,420,199
423,420,199
432,433
436,437
436,438,468,437
436,438
436,437,468
436,438,468
437,436,438
437,468,438
437,468
438,468
441,307
442,443
442,444,443
442,321
442,444
443,442,321
443,444,442,321
443,444
321,442,444
453,454
455,43,486
455,43,486,487
455,43,235,270,328,487
455,43,486,487,328,270,235,526
455,43,235,526
455,43,486,487,328,270,235,526,538
455,43,235,526,538
391,245,265,264,474
391,245,265,264,474,223
391,245,5,542
391,245,18,19,25,24,542
391,245,5,24,542,33
391,245,5,205,542,33
391,245,5,542,33
391,245,18,19,25,24,5,205,542,33
391,245,18,19,25,24,5,542,33
391,245,18,19,25,24,542,33
391,245,5,24,542,319
391,245,5,205,542,319
391,245,5,542,319
391,245,18,19,25,24,5,205,542,319
391,245,18,19,25,24,5,542,319
391,245,18,19,25,24,542,319
344,184,597
465,212,624
474,223
474,264,265,245,5,542
474,264,265,245,18,19,25,24,542
474,264,265,245,5,24,542,33
474,264,265,245,5,205,542,33
474,264,265,245,5,542,33
474,264,265,245,18,19,25,24,5,205,542,33
474,264,265,245,18,19,25,24,5,542,33
474,264,265,245,18,19,25,24,542,33
474,264,265,245,5,24,542,319
474,264,265,245,5,205,542,319
474,264,265,245,5,542,319
474,264,265,245,18,19,25,24,5,205,542,319
474,264,265,245,18,19,25,24,5,542,319
474,264,265,245,18,19,25,24,542,319
223,474,264,265,245,5,542
223,474,264,265,245,18,19,25,24,542
223,474,264,265,245,5,24,542,33
223,474,264,265,245,5,205,542,33
223,474,264,265,245,5,542,33
223,474,264,265,245,18,19,25,24,5,205,542,33
223,474,264,265,245,18,19,25,24,5,542,33
223,474,264,265,245,18,19,25,24,542,33
223,474,264,265,245,5,24,542,319
223,474,264,265,245,5,205,542,319
223,474,264,265,245,5,542,319
223,474,264,265,245,18,19,25,24,5,205,542,319
223,474,264,265,245,18,19,25,24,5,542,319
223,474,264,265,245,18,19,25,24,542,319
479,118
486,487
486,487,328,270,235,526
486,43,235,526
486,487,328,270,235,526,538
486,43,235,526,538
487,486,43,235,526
487,328,270,235,526
487,486,43,235,526,538
487,328,270,235,526,538
489,53
491,325,587
499,90
507,252
507,252,552
252,552
515,165,567
519,447
526,538
527,64,532
527,64,594
531,372
532,64,594
541,493
542,33
542,319
33,542,319
564,209
579,59
582,484
582,35
484,582,35
600,601
600,601,41
600,601,583
601,41
601,583
610,304
611,612
350,133,517
350,133,89
517,133,89
41,601,583
