6,7
6,7,1045
7,1045
8,9
8,10
8,11
8,12
9,8,10
9,8,11
9,8,12
10,8,11
10,8,12
11,8,12
15,16
15,16,296
16,296
19,20
19,21,560,20
19,21
19,20,560,21,276
19,21,276
19,20,560
19,21,560
20,19,21
20,560,21
20,19,21,276
20,560,21,276
20,560
21,276
21,560
61,62
61,62,606
61,62,1066
61,62,1427
62,606
62,1066
62,1427
66,67
66,67,236
66,67,250
66,67,388
66,67,458
66,67,236,656
66,67,797
66,67,850
66,67,908
66,67,1430
66,67,1629
66,67,1796
66,67,1796,1336
66,67,1796,548
67,236
67,250
67,388
67,458
67,236,656
67,797
67,850
67,908
67,1430
67,1629
67,1796
67,1796,1336
67,1796,548
76,77
76,77,1463
76,77,1463,1464
76,77,1463,1464,1591
76,77,1463,1464,1684
77,1463
77,1463,1464
77,1463,1464,1591
77,1463,1464,1684
103,104
103,104,884
103,104,884,701
103,104,884,616
104,884
104,884,701
104,884,616
119,120
119,121
119,121,552,480,479
119,121,552,480,506,933,481,479
119,121,552,480,481,479
119,121,552,481,479
119,121,552,480
119,121,552,481,480
119,121,552,481,933,506,480
119,121,552,481
119,121,552,480,479,481,933,506,505
119,121,552,480,506,505
119,121,552,480,481,933,506,505
119,121,552,481,479,480,506,505
119,121,552,481,480,506,505
119,121,552,481,933,506,505
119,121,552,480,506
119,121,552,481,479,480,506
119,121,552,481,480,506
119,121,552,481,933,506
119,121,552
119,121,654
119,121,552,480,479,481,933
119,121,552,480,506,933
119,121,552,480,481,933
119,121,552,481,933
119,121,552,480,479,481,1267
119,121,552,480,506,933,481,1267
119,121,552,480,481,1267
119,121,552,481,1267
120,119,121
120,119,121,552,480,479
120,119,121,552,480,506,933,481,479
120,119,121,552,480,481,479
120,119,121,552,481,479
120,119,121,552,480
120,119,121,552,481,480
120,119,121,552,481,933,506,480
120,119,121,552,481
120,119,121,552,480,479,481,933,506,505
120,119,121,552,480,506,505
120,119,121,552,480,481,933,506,505
120,119,121,552,481,479,480,506,505
120,119,121,552,481,480,506,505
120,119,121,552,481,933,506,505
120,119,121,552,480,506
120,119,121,552,481,479,480,506
120,119,121,552,481,480,506
120,119,121,552,481,933,506
120,119,121,552
120,119,121,654
120,119,121,552,480,479,481,933
120,119,121,552,480,506,933
120,119,121,552,480,481,933
120,119,121,552,481,933
120,119,121,552,480,479,481,1267
120,119,121,552,480,506,933,481,1267
120,119,121,552,480,481,1267
120,119,121,552,481,1267
121,552,480,479
121,552,480,506,933,481,479
121,552,480,481,479
121,552,481,479
121,552,480
121,552,481,480
121,552,481,933,506,480
121,552,481
121,552,480,479,481,933,506,505
121,552,480,506,505
121,552,480,481,933,506,505
121,552,481,479,480,506,505
121,552,481,480,506,505
121,552,481,933,506,505
121,552,480,506
121,552,481,479,480,506
121,552,481,480,506
121,552,481,933,506
121,552
121,654
121,552,480,479,481,933
121,552,480,506,933
121,552,480,481,933
121,552,481,933
121,552,480,479,481,1267
121,552,480,506,933,481,1267
121,552,480,481,1267
121,552,481,1267
122,123
122,123,330
123,330
127,128
127,129,145,128
127,129,146,128
127,129,888,146,128
127,129
127,128,145
127,128,146,129,145
127,128,146,888,129,145
127,129,145
127,128,146
127,129,146
127,129,888,146
127,128,145,129,146,743
127,128,145,129,888,146,743
127,128,146,743
127,129,146,743
127,129,888,146,743
127,128,145,129,888
127,128,146,888
127,129,888
127,128,145,129,146,888,1479
127,128,145,129,888,1479
127,128,146,129,888,1479
127,128,146,888,1479
127,129,146,888,1479
127,129,888,1479
128,127,129
128,145,129
128,146,129
128,146,888,129
128,145
128,146,129,145
128,146,888,129,145
128,146
128,127,129,146,743
128,127,129,888,146,743
128,145,129,146,743
128,145,129,888,146,743
128,146,743
128,127,129,888
128,145,129,888
128,146,888
128,127,129,888,1479
128,145,129,146,888,1479
128,145,129,888,1479
128,146,129,888,1479
128,146,888,1479
129,145
129,146
129,888,146
129,146,743
129,888,146,743
129,888
129,146,888,1479
129,888,1479
134,135
142,143
142,143,1386
143,1386
145,129,146
145,129,888,146
145,128,146
145,129,146,743
145,129,888,146,743
145,128,146,743
145,129,888
145,128,146,888
145,129,146,888,1479
145,129,888,1479
145,128,146,888,1479
146,743
146,888
146,888,1479
162,163
162,163,571
162,163,571,572
162,772
162,978
162,163,571,572,1195
162,1313
163,571
163,571,572
163,162,772
163,162,978
163,571,572,1195
163,162,1313
166,167
166,167,1303
167,1303
175,176
175,176,670,690,530
175,176,670,531,530
175,176,530
175,176,690,670,531,530
175,176,690,530
175,176,670,531
175,176,530,531
175,176,690,670,531
175,176,690,530,531
175,176,670
175,176,690,670
175,176,690
175,1641
176,670,690,530
176,670,531,530
176,530
176,690,670,531,530
176,690,530
176,670,531
176,530,531
176,690,670,531
176,690,530,531
176,670
176,690,670
176,690
176,175,1641
185,186
185,186,192
186,192
197,198
199,200
199,200,984
199,200,1015
199,200,1037
199,200,1044
199,200,1065,152,1124,150,1044
199,200,1065,152,1760,150,1044
199,200,1124,152,1760,150,1044
199,200,1124,150,1044
199,200,1760,150,1044
199,200,1044,150
199,200,1065,152,1124,150
199,200,1065,152,1760,150
199,200,1124,152,1760,150
199,200,1124,150
199,200,1760,150
199,200,1065
199,200,1124,152,1065
199,200,1124,150,1760,152,1065
199,200,1760,152,1065
199,200,1044,150,1124,152
199,200,1044,150,1760,152
199,200,1065,152
199,200,1124,152
199,200,1760,152
199,200,1124
199,200,1760,152,1124
199,200,1760,150,1124
199,200,1333
199,200,1393
199,200,1398
199,200,1760
200,984
200,1015
200,1037
200,1044
200,1065,152,1124,150,1044
200,1065,152,1760,150,1044
200,1124,152,1760,150,1044
200,1124,150,1044
200,1760,150,1044
200,1044,150
200,1065,152,1124,150
200,1065,152,1760,150
200,1124,152,1760,150
200,1124,150
200,1760,150
200,1065
200,1124,152,1065
200,1124,150,1760,152,1065
200,1760,152,1065
200,1044,150,1124,152
200,1044,150,1760,152
200,1065,152
200,1124,152
200,1760,152
200,1124
200,1760,152,1124
200,1760,150,1124
200,1333
200,1393
200,1398
200,1760
215,216
215,216,1320
215,216,1804
216,1320
216,1804
225,226
229,230
229,661
229,230,863,862
229,230,863
230,229,661
230,863,862
230,863
236,67,250
236,67,388
236,67,458
236,656
236,67,797
236,67,850
236,67,908
236,67,1430
236,67,1629
236,67,1796
236,67,1796,1336
236,67,1796,548
239,240
239,240,1434,1433
239,240,1434
240,1434,1433
240,1434
241,242
241,242,354
241,242,354,355
242,354
242,354,355
246,247
246,247,891
246,247,1664
246,247,1769
247,891
247,1664
247,1769
250,67,388
250,67,458
250,67,236,656
250,67,797
250,67,850
250,67,908
250,67,1430
250,67,1629
250,67,1796
250,67,1796,1336
250,67,1796,548
255,256
276,21,560
281,1132,425
281,1132,425,426
281,1132
281,1132,425,426,1273
281,1132,1729
281,1132,1729,1152
281,1778
300,301
300,301,408
301,408
303,304
303,304,1326
303,304,1495
304,1326
304,1495
309,310
309,311
309,1459
310,309,311
310,309,1459
311,309,1459
319,320
319,320,1094
320,1094
321,322
321,322,1126,1616
321,322,1126
322,1126,1616
322,1126
327,328
327,328,1027
327,328,1585
328,1027
328,1585
343,344
354,355
358,359
358,359,1451
358,1500
359,1451
359,358,1500
361,362
361,362,885
362,885
369,370
369,370,906,557,582
369,370,906,557
369,370,906
369,370,931
369,370,906,442
370,906,557,582
370,906,557
370,906
370,931
370,906,442
372,18
372,18,1533
372,18,1592
372,18,1754
18,1533
18,1592
18,1754
379,380
379,380,874,873
379,380,874
380,874,873
380,874
388,67,458
388,67,236,656
388,67,797
388,67,850
388,67,908
388,67,1430
388,67,1629
388,67,1796
388,67,1796,1336
388,67,1796,548
389,272
404,405
404,405,1694
405,1694
417,418
417,418,827
418,827
420,421
420,422,1020,421
420,422
420,421,1020,422,595,593
420,421,1020,422,595,979,594,593
420,421,1020,422,595,998,594,593
420,421,1020,422,595,1114,594,593
420,422,595,593
420,422,595,979,594,593
420,422,595,998,594,593
420,422,595,1114,594,593
420,421,1020,422,595,593,594
420,421,1020,422,595,979,594
420,421,1020,422,595,998,594
420,421,1020,422,595,1114,594
420,422,595,593,594
420,422,595,979,594
420,422,595,998,594
420,422,595,1114,594
420,421,1020,422,595
420,422,595
420,421,1020,422,595,593,594,1114,714,713
420,421,1020,422,595,593,594,1114,673,714,713
420,421,1020,422,595,979,594,1114,714,713
420,421,1020,422,595,979,594,1114,673,714,713
420,421,1020,422,595,998,594,1114,714,713
420,421,1020,422,595,998,594,1114,673,714,713
420,421,1020,422,595,1114,714,713
420,421,1020,422,595,1114,673,714,713
420,422,595,593,594,1114,714,713
420,422,595,593,594,1114,673,714,713
420,422,595,979,594,1114,714,713
420,422,595,979,594,1114,673,714,713
420,422,595,998,594,1114,714,713
420,422,595,998,594,1114,673,714,713
420,422,595,1114,714,713
420,422,595,1114,673,714,713
420,421,1020,422,595,593,594,1114,714
420,421,1020,422,595,593,594,1114,673,714
420,421,1020,422,595,979,594,1114,714
420,421,1020,422,595,979,594,1114,673,714
420,421,1020,422,595,998,594,1114,714
420,421,1020,422,595,998,594,1114,673,714
420,421,1020,422,595,1114,714
420,421,1020,422,595,1114,673,714
420,422,595,593,594,1114,714
420,422,595,593,594,1114,673,714
420,422,595,979,594,1114,714
420,422,595,979,594,1114,673,714
420,422,595,998,594,1114,714
420,422,595,998,594,1114,673,714
420,422,595,1114,714
420,422,595,1114,673,714
420,421,1020,422,595,979
420,421,1020,422,595,998,594,979
420,421,1020,422,595,1114,594,979
420,422,595,979
420,422,595,998,594,979
420,422,595,1114,594,979
420,421,1020,422,595,998
420,421,1020,422,595,1114,594,998
420,422,595,998
420,422,595,1114,594,998
420,421,1020,422,595,593,594,1114,714,1008
420,421,1020,422,595,593,594,1114,673,714,1008
420,421,1020,422,595,979,594,1114,714,1008
420,421,1020,422,595,979,594,1114,673,714,1008
420,421,1020,422,595,998,594,1114,714,1008
420,421,1020,422,595,998,594,1114,673,714,1008
420,421,1020,422,595,1114,714,1008
420,421,1020,422,595,1114,673,714,1008
420,422,595,593,594,1114,714,1008
420,422,595,593,594,1114,673,714,1008
420,422,595,979,594,1114,714,1008
420,422,595,979,594,1114,673,714,1008
420,422,595,998,594,1114,714,1008
420,422,595,998,594,1114,673,714,1008
420,422,595,1114,714,1008
420,422,595,1114,673,714,1008
420,421,1020
420,422,1020
420,421,1020,422,595,593,594,1114,714,1113
420,421,1020,422,595,593,594,1114,673,714,1113
420,421,1020,422,595,979,594,1114,714,1113
420,421,1020,422,595,979,594,1114,673,714,1113
420,421,1020,422,595,998,594,1114,714,1113
420,421,1020,422,595,998,594,1114,673,714,1113
420,421,1020,422,595,1114,714,1113
420,421,1020,422,595,1114,673,714,1113
420,422,595,593,594,1114,714,1113
420,422,595,593,594,1114,673,714,1113
420,422,595,979,594,1114,714,1113
420,422,595,979,594,1114,673,714,1113
420,422,595,998,594,1114,714,1113
420,422,595,998,594,1114,673,714,1113
420,422,595,1114,714,1113
420,422,595,1114,673,714,1113
420,421,1020,422,595,593,594,1114,673
420,421,1020,422,595,979,594,1114,673
420,421,1020,422,595,998,594,1114,673
420,421,1020,422,595,1114,673
420,422,595,593,594,1114,673
420,422,595,979,594,1114,673
420,422,595,998,594,1114,673
420,422,595,1114,673
420,421,1020,422,595,1114
420,422,595,1114
420,1431
421,420,422
421,1020,422
421,420,422,595,593
421,420,422,595,979,594,593
421,420,422,595,998,594,593
421,420,422,595,1114,594,593
421,1020,422,595,593
421,1020,422,595,979,594,593
421,1020,422,595,998,594,593
421,1020,422,595,1114,594,593
421,420,422,595,593,594
421,420,422,595,979,594
421,420,422,595,998,594
421,420,422,595,1114,594
421,1020,422,595,593,594
421,1020,422,595,979,594
421,1020,422,595,998,594
421,1020,422,595,1114,594
421,420,422,595
421,1020,422,595
421,420,422,595,593,594,1114,714,713
421,420,422,595,593,594,1114,673,714,713
421,420,422,595,979,594,1114,714,713
421,420,422,595,979,594,1114,673,714,713
421,420,422,595,998,594,1114,714,713
421,420,422,595,998,594,1114,673,714,713
421,420,422,595,1114,714,713
421,420,422,595,1114,673,714,713
421,1020,422,595,593,594,1114,714,713
421,1020,422,595,593,594,1114,673,714,713
421,1020,422,595,979,594,1114,714,713
421,1020,422,595,979,594,1114,673,714,713
421,1020,422,595,998,594,1114,714,713
421,1020,422,595,998,594,1114,673,714,713
421,1020,422,595,1114,714,713
421,1020,422,595,1114,673,714,713
421,420,422,595,593,594,1114,714
421,420,422,595,593,594,1114,673,714
421,420,422,595,979,594,1114,714
421,420,422,595,979,594,1114,673,714
421,420,422,595,998,594,1114,714
421,420,422,595,998,594,1114,673,714
421,420,422,595,1114,714
421,420,422,595,1114,673,714
421,1020,422,595,593,594,1114,714
421,1020,422,595,593,594,1114,673,714
421,1020,422,595,979,594,1114,714
421,1020,422,595,979,594,1114,673,714
421,1020,422,595,998,594,1114,714
421,1020,422,595,998,594,1114,673,714
421,1020,422,595,1114,714
421,1020,422,595,1114,673,714
421,420,422,595,979
421,420,422,595,998,594,979
421,420,422,595,1114,594,979
421,1020,422,595,979
421,1020,422,595,998,594,979
421,1020,422,595,1114,594,979
421,420,422,595,998
421,420,422,595,1114,594,998
421,1020,422,595,998
421,1020,422,595,1114,594,998
421,420,422,595,593,594,1114,714,1008
421,420,422,595,593,594,1114,673,714,1008
421,420,422,595,979,594,1114,714,1008
421,420,422,595,979,594,1114,673,714,1008
421,420,422,595,998,594,1114,714,1008
421,420,422,595,998,594,1114,673,714,1008
421,420,422,595,1114,714,1008
421,420,422,595,1114,673,714,1008
421,1020,422,595,593,594,1114,714,1008
421,1020,422,595,593,594,1114,673,714,1008
421,1020,422,595,979,594,1114,714,1008
421,1020,422,595,979,594,1114,673,714,1008
421,1020,422,595,998,594,1114,714,1008
421,1020,422,595,998,594,1114,673,714,1008
421,1020,422,595,1114,714,1008
421,1020,422,595,1114,673,714,1008
421,1020
421,420,422,595,593,594,1114,714,1113
421,420,422,595,593,594,1114,673,714,1113
421,420,422,595,979,594,1114,714,1113
421,420,422,595,979,594,1114,673,714,1113
421,420,422,595,998,594,1114,714,1113
421,420,422,595,998,594,1114,673,714,1113
421,420,422,595,1114,714,1113
421,420,422,595,1114,673,714,1113
421,1020,422,595,593,594,1114,714,1113
421,1020,422,595,593,594,1114,673,714,1113
421,1020,422,595,979,594,1114,714,1113
421,1020,422,595,979,594,1114,673,714,1113
421,1020,422,595,998,594,1114,714,1113
421,1020,422,595,998,594,1114,673,714,1113
421,1020,422,595,1114,714,1113
421,1020,422,595,1114,673,714,1113
421,420,422,595,593,594,1114,673
421,420,422,595,979,594,1114,673
421,420,422,595,998,594,1114,673
421,420,422,595,1114,673
421,1020,422,595,593,594,1114,673
421,1020,422,595,979,594,1114,673
421,1020,422,595,998,594,1114,673
421,1020,422,595,1114,673
421,420,422,595,1114
421,1020,422,595,1114
421,420,1431
421,1020,422,420,1431
422,595,593
422,595,979,594,593
422,595,998,594,593
422,595,1114,594,593
422,595,593,594
422,595,979,594
422,595,998,594
422,595,1114,594
422,595
422,595,593,594,1114,714,713
422,595,593,594,1114,673,714,713
422,595,979,594,1114,714,713
422,595,979,594,1114,673,714,713
422,595,998,594,1114,714,713
422,595,998,594,1114,673,714,713
422,595,1114,714,713
422,595,1114,673,714,713
422,595,593,594,1114,714
422,595,593,594,1114,673,714
422,595,979,594,1114,714
422,595,979,594,1114,673,714
422,595,998,594,1114,714
422,595,998,594,1114,673,714
422,595,1114,714
422,595,1114,673,714
422,595,979
422,595,998,594,979
422,595,1114,594,979
422,595,998
422,595,1114,594,998
422,595,593,594,1114,714,1008
422,595,593,594,1114,673,714,1008
422,595,979,594,1114,714,1008
422,595,979,594,1114,673,714,1008
422,595,998,594,1114,714,1008
422,595,998,594,1114,673,714,1008
422,595,1114,714,1008
422,595,1114,673,714,1008
422,1020
422,595,593,594,1114,714,1113
422,595,593,594,1114,673,714,1113
422,595,979,594,1114,714,1113
422,595,979,594,1114,673,714,1113
422,595,998,594,1114,714,1113
422,595,998,594,1114,673,714,1113
422,595,1114,714,1113
422,595,1114,673,714,1113
422,595,593,594,1114,673
422,595,979,594,1114,673
422,595,998,594,1114,673
422,595,1114,673
422,595,1114
422,420,1431
425,426
425,1132
425,426,1273
425,1132,1729
425,1132,1729,1152
425,1132,281,1778
426,425,1132
426,1273
426,425,1132,1729
426,425,1132,1729,1152
426,425,1132,281,1778
427,428
458,67,236,656
458,67,797
458,67,850
458,67,908
458,67,1430
458,67,1629
458,67,1796
458,67,1796,1336
458,67,1796,548
468,469
468,469,939
468,469,1442
469,939
469,1442
473,474
473,474,986
473,474,986,273
473,474,1298
473,474,986,1503
474,986
474,986,273
474,1298
474,986,1503
476,477
479,480
479,481,552,480
479,481,480
479,481,933,506,480
479,481
479,480,552,481,933,506,505
479,480,506,505
479,480,481,933,506,505
479,481,552,480,506,505
479,481,480,506,505
479,481,933,506,505
479,480,552,481,933,506
479,480,506
479,481,552,480,506
479,481,480,506
479,481,933,506
479,480,552
479,481,552
479,480,552,121,654
479,480,506,933,481,552,121,654
479,480,481,552,121,654
479,481,552,121,654
479,480,552,481,933
479,480,506,933
479,480,481,933
479,481,933
479,480,552,481,1267
479,480,506,933,481,1267
479,480,481,1267
479,481,1267
480,552,481
480,506,933,481
480,481
480,552,481,933,506,505
480,506,505
480,481,933,506,505
480,552,481,933,506
480,506
480,552
480,552,121,654
480,506,933,481,552,121,654
480,481,552,121,654
480,552,481,933
480,506,933
480,481,933
480,552,481,1267
480,506,933,481,1267
480,481,1267
481,552,480,506,505
481,480,506,505
481,933,506,505
481,552,480,506
481,480,506
481,933,506
481,552
481,552,121,654
481,933
481,1267
488,489
496,497
496,498
496,498,758
497,496,498
497,496,498,758
498,758
505,506
505,506,480,552
505,506,933,481,552
505,506,480,479,481,552,121,654
505,506,480,552,121,654
505,506,480,481,552,121,654
505,506,933,481,479,480,552,121,654
505,506,933,481,552,121,654
505,506,933,481,480,552,121,654
505,506,933
505,506,480,479,481,1267
505,506,480,552,481,1267
505,506,480,481,1267
505,506,933,481,1267
506,480,552
506,933,481,552
506,480,479,481,552,121,654
506,480,552,121,654
506,480,481,552,121,654
506,933,481,552,121,654
506,933
506,480,479,481,1267
506,480,552,481,1267
506,480,481,1267
506,933,481,1267
516,517
519,520
522,523
522,523,533
523,533
530,531
530,690,670,531
530,531,670
530,176,670
530,690,670
530,690
530,531,670,176,175,1641
530,531,670,690,176,175,1641
530,176,175,1641
530,690,670,176,175,1641
530,690,176,175,1641
531,670
531,530,690
531,670,690
531,530,176,175,1641
531,530,690,176,175,1641
531,670,176,175,1641
531,670,690,176,175,1641
552,121,654
552,480,506,933
552,481,933
552,480,506,933,481,1267
552,481,1267
554,555
571,572
571,163,162,772
571,163,162,978
571,572,1195
571,163,162,1313
572,571,163,162,772
572,571,163,162,978
572,1195
572,571,163,162,1313
580,581
582,557
582,557,906
582,557,906,370,931
582,557,906,442
557,906
557,906,370,931
557,906,442
593,594
593,595,979,594
593,595,998,594
593,595,1114,594
593,595
593,594,998,595,1114,714,713
593,594,998,595,1114,673,714,713
593,594,1114,714,713
593,594,1114,673,714,713
593,594,979,595,1114,714,713
593,594,979,595,1114,673,714,713
593,595,1114,714,713
593,595,1114,673,714,713
593,594,998,595,1114,714
593,594,998,595,1114,673,714
593,594,1114,714
593,594,1114,673,714
593,594,979,595,1114,714
593,594,979,595,1114,673,714
593,595,1114,714
593,595,1114,673,714
593,594,998,595,979
593,594,1114,595,979
593,594,979
593,595,979
593,594,998
593,594,1114,595,998
593,595,998
593,594,998,595,1114,714,1008
593,594,998,595,1114,673,714,1008
593,594,1114,714,1008
593,594,1114,673,714,1008
593,594,979,595,1114,714,1008
593,594,979,595,1114,673,714,1008
593,595,1114,714,1008
593,595,1114,673,714,1008
593,594,998,595,422,1020
593,594,1114,595,422,1020
593,594,979,595,422,1020
593,595,422,1020
593,594,998,595,1114,714,1113
593,594,998,595,1114,673,714,1113
593,594,1114,714,1113
593,594,1114,673,714,1113
593,594,979,595,1114,714,1113
593,594,979,595,1114,673,714,1113
593,595,1114,714,1113
593,595,1114,673,714,1113
593,594,998,595,1114,673
593,594,1114,673
593,594,979,595,1114,673
593,595,1114,673
593,594,1114
593,595,1114
593,594,998,595,422,420,1431
593,594,998,595,422,1020,421,420,1431
593,594,1114,595,422,420,1431
593,594,1114,595,422,1020,421,420,1431
593,594,979,595,422,420,1431
593,594,979,595,422,1020,421,420,1431
593,595,422,420,1431
593,595,422,1020,421,420,1431
594,593,595
594,998,595
594,1114,595
594,979,595
594,593,595,1114,714,713
594,593,595,1114,673,714,713
594,998,595,1114,714,713
594,998,595,1114,673,714,713
594,1114,714,713
594,1114,673,714,713
594,979,595,1114,714,713
594,979,595,1114,673,714,713
594,593,595,1114,714
594,593,595,1114,673,714
594,998,595,1114,714
594,998,595,1114,673,714
594,1114,714
594,1114,673,714
594,979,595,1114,714
594,979,595,1114,673,714
594,998,595,979
594,1114,595,979
594,979
594,998
594,1114,595,998
594,593,595,1114,714,1008
594,593,595,1114,673,714,1008
594,998,595,1114,714,1008
594,998,595,1114,673,714,1008
594,1114,714,1008
594,1114,673,714,1008
594,979,595,1114,714,1008
594,979,595,1114,673,714,1008
594,593,595,422,1020
594,998,595,422,1020
594,1114,595,422,1020
594,979,595,422,1020
594,593,595,1114,714,1113
594,593,595,1114,673,714,1113
594,998,595,1114,714,1113
594,998,595,1114,673,714,1113
594,1114,714,1113
594,1114,673,714,1113
594,979,595,1114,714,1113
594,979,595,1114,673,714,1113
594,593,595,1114,673
594,998,595,1114,673
594,1114,673
594,979,595,1114,673
594,1114
594,593,595,422,420,1431
594,593,595,422,1020,421,420,1431
594,998,595,422,420,1431
594,998,595,422,1020,421,420,1431
594,1114,595,422,420,1431
594,1114,595,422,1020,421,420,1431
594,979,595,422,420,1431
594,979,595,422,1020,421,420,1431
595,1114,714,713
595,1114,673,714,713
595,1114,714
595,1114,673,714
595,979
595,998
595,1114,714,1008
595,1114,673,714,1008
595,422,1020
595,1114,714,1113
595,1114,673,714,1113
595,1114,673
595,1114
595,422,420,1431
595,422,1020,421,420,1431
603,604
603,604,1203,802,801
603,604,1203,802
603,604,910
603,604,1203,1202
603,604,1203
603,604,1238
604,1203,802,801
604,1203,802
604,910
604,1203,1202
604,1203
604,1238
606,62,1066
606,62,1427
609,610
609,610,899
609,610,1092,1079,1078
609,610,1092,1079
609,610,1092
609,610,1092,1079,1142
610,899
610,1092,1079,1078
610,1092,1079
610,1092
610,1092,1079,1142
619,26
619,26,1335
26,1335
625,626
634,635
634,1122
634,635,1153
634,1168
635,634,1122
635,1153
635,634,1168
637,638
640,641
640,641,1041
641,1041
649,650
649,650,851
650,851
654,121,552,480,479,481,933
654,121,552,480,506,933
654,121,552,480,481,933
654,121,552,481,933
654,121,552,480,479,481,1267
654,121,552,480,506,933,481,1267
654,121,552,480,481,1267
654,121,552,481,1267
656,236,67,797
656,236,67,850
656,236,67,908
656,236,67,1430
656,236,67,1629
656,236,67,1796
656,236,67,1796,1336
656,236,67,1796,548
661,229,230,863,862
661,229,230,863
670,690
670,176,175,1641
670,690,176,175,1641
684,685
684,685,917
685,917
690,176,175,1641
707,396
707,396,889
707,396,1782
396,889
396,1782
708,709
708,1676,1527,709
708,709,1527,1526
708,1676,1527,1526
708,709,1527
708,1676,1527
708,1676
709,708,1676,1527,1526
709,1527,1526
709,1527
709,708,1676
709,1527,1676
711,712
713,714
713,714,673,1114,594,998,595,979
713,714,673,1114,594,979
713,714,673,1114,595,979
713,714,1114,594,998,595,979
713,714,1114,594,979
713,714,1114,595,979
713,714,673,1114,594,998
713,714,673,1114,595,998
713,714,1114,594,998
713,714,1114,595,998
713,714,1008
713,714,673,1114,594,593,595,422,1020
713,714,673,1114,594,998,595,422,1020
713,714,673,1114,594,979,595,422,1020
713,714,673,1114,595,422,1020
713,714,1114,594,593,595,422,1020
713,714,1114,594,998,595,422,1020
713,714,1114,594,979,595,422,1020
713,714,1114,595,422,1020
713,714,1113
713,714,673
713,714,1114,673
713,714,1114
713,714,673,1114,594,593,595,422,420,1431
713,714,673,1114,594,593,595,422,1020,421,420,1431
713,714,673,1114,594,998,595,422,420,1431
713,714,673,1114,594,998,595,422,1020,421,420,1431
713,714,673,1114,594,979,595,422,420,1431
713,714,673,1114,594,979,595,422,1020,421,420,1431
713,714,673,1114,595,422,420,1431
713,714,673,1114,595,422,1020,421,420,1431
713,714,1114,594,593,595,422,420,1431
713,714,1114,594,593,595,422,1020,421,420,1431
713,714,1114,594,998,595,422,420,1431
713,714,1114,594,998,595,422,1020,421,420,1431
713,714,1114,594,979,595,422,420,1431
713,714,1114,594,979,595,422,1020,421,420,1431
713,714,1114,595,422,420,1431
713,714,1114,595,422,1020,421,420,1431
714,673,1114,594,998,595,979
714,673,1114,594,979
714,673,1114,595,979
714,1114,594,998,595,979
714,1114,594,979
714,1114,595,979
714,673,1114,594,998
714,673,1114,595,998
714,1114,594,998
714,1114,595,998
714,1008
714,673,1114,594,593,595,422,1020
714,673,1114,594,998,595,422,1020
714,673,1114,594,979,595,422,1020
714,673,1114,595,422,1020
714,1114,594,593,595,422,1020
714,1114,594,998,595,422,1020
714,1114,594,979,595,422,1020
714,1114,595,422,1020
714,1113
714,673
714,1114,673
714,1114
714,673,1114,594,593,595,422,420,1431
714,673,1114,594,593,595,422,1020,421,420,1431
714,673,1114,594,998,595,422,420,1431
714,673,1114,594,998,595,422,1020,421,420,1431
714,673,1114,594,979,595,422,420,1431
714,673,1114,594,979,595,422,1020,421,420,1431
714,673,1114,595,422,420,1431
714,673,1114,595,422,1020,421,420,1431
714,1114,594,593,595,422,420,1431
714,1114,594,593,595,422,1020,421,420,1431
714,1114,594,998,595,422,420,1431
714,1114,594,998,595,422,1020,421,420,1431
714,1114,594,979,595,422,420,1431
714,1114,594,979,595,422,1020,421,420,1431
714,1114,595,422,420,1431
714,1114,595,422,1020,421,420,1431
718,719
720,721
720,721,623
720,721,1596
721,623
721,1596
723,271
726,98
623,721,1596
731,732
731,1563,815,732
731,732,815
731,1563,815
731,1563
732,815
732,731,1563
732,815,1563
736,423
743,146,888
743,146,129,888,1479
743,146,888,1479
743,146,128,127,129,888,1479
743,146,128,145,129,888,1479
754,755
754,755,1330
755,1330
766,306
766,767,1240,306
766,767
766,306,1240
766,767,1240
766,1277
306,766,767
306,1240,767
306,1240
306,766,1277
306,1240,767,766,1277
767,1240
767,766,1277
770,771
772,162,978
772,162,163,571,572,1195
772,162,1313
780,781
780,781,941
780,781,317
780,781,1023
781,941
781,317
781,1023
797,67,850
797,67,908
797,67,1430
797,67,1629
797,67,1796
797,67,1796,1336
797,67,1796,548
801,802
801,802,1203,604,910
801,802,1203,1202
801,802,1203
801,802,1203,604,1238
802,1203,604,910
802,1203,1202
802,1203
802,1203,604,1238
815,1563
818,238
819,820
821,822
821,822,1314
822,1314
838,682
838,148
682,838,148
839,840
839,840,1159
839,840,1282
839,840,1481
840,1159
840,1282
840,1481
850,67,908
850,67,1430
850,67,1629
850,67,1796
850,67,1796,1336
850,67,1796,548
854,265
862,863
873,874
884,701
884,616
701,884,616
888,1479
889,396,1782
891,247,1664
891,247,1769
899,610,1092,1079,1078
899,610,1092,1079
899,610,1092
899,610,1092,1079,1142
904,905
904,905,920
905,920
906,370,931
906,442
908,67,1430
908,67,1629
908,67,1796
908,67,1796,1336
908,67,1796,548
909,107
909,138
107,909,138
910,604,1203,1202
910,604,1203
910,604,1238
931,370,906,442
933,481,1267
939,469,1442
941,781,317
941,781,1023
956,644
973,974
973,975
973,976
973,974,1311
974,973,975
974,973,976
974,1311
975,973,976
975,973,974,1311
976,973,974,1311
978,162,163,571,572,1195
978,162,1313
979,595,998
979,595,1114,594,998
979,594,998
979,595,998,594,1114,714,1008
979,595,998,594,1114,673,714,1008
979,595,1114,714,1008
979,595,1114,673,714,1008
979,594,1114,714,1008
979,594,1114,673,714,1008
979,595,422,1020
979,594,998,595,422,1020
979,594,1114,595,422,1020
979,595,998,594,1114,714,1113
979,595,998,594,1114,673,714,1113
979,595,1114,714,1113
979,595,1114,673,714,1113
979,594,1114,714,1113
979,594,1114,673,714,1113
979,595,998,594,1114,673
979,595,1114,673
979,594,1114,673
979,595,1114
979,594,1114
979,595,422,420,1431
979,595,422,1020,421,420,1431
979,594,998,595,422,420,1431
979,594,998,595,422,1020,421,420,1431
979,594,1114,595,422,420,1431
979,594,1114,595,422,1020,421,420,1431
981,982
981,982,1621
982,1621
984,200,1015
984,200,1037
984,200,1044
984,200,1065,152,1124,150,1044
984,200,1065,152,1760,150,1044
984,200,1124,152,1760,150,1044
984,200,1124,150,1044
984,200,1760,150,1044
984,200,1044,150
984,200,1065,152,1124,150
984,200,1065,152,1760,150
984,200,1124,152,1760,150
984,200,1124,150
984,200,1760,150
984,200,1065
984,200,1124,152,1065
984,200,1124,150,1760,152,1065
984,200,1760,152,1065
984,200,1044,150,1124,152
984,200,1044,150,1760,152
984,200,1065,152
984,200,1124,152
984,200,1760,152
984,200,1124
984,200,1760,152,1124
984,200,1760,150,1124
984,200,1333
984,200,1393
984,200,1398
984,200,1760
986,273
986,474,1298
986,1503
273,986,474,1298
273,986,1503
317,781,1023
998,595,1114,714,1008
998,595,1114,673,714,1008
998,594,1114,714,1008
998,594,1114,673,714,1008
998,595,422,1020
998,594,1114,595,422,1020
998,595,1114,714,1113
998,595,1114,673,714,1113
998,594,1114,714,1113
998,594,1114,673,714,1113
998,595,1114,673
998,594,1114,673
998,595,1114
998,594,1114
998,595,422,420,1431
998,595,422,1020,421,420,1431
998,594,1114,595,422,420,1431
998,594,1114,595,422,1020,421,420,1431
1002,1003
1002,1003,1497
1003,1497
1008,714,673,1114,594,593,595,422,1020
1008,714,673,1114,594,998,595,422,1020
1008,714,673,1114,594,979,595,422,1020
1008,714,673,1114,595,422,1020
1008,714,1114,594,593,595,422,1020
1008,714,1114,594,998,595,422,1020
1008,714,1114,594,979,595,422,1020
1008,714,1114,595,422,1020
1008,714,1113
1008,714,673
1008,714,1114,673
1008,714,1114
1008,714,673,1114,594,593,595,422,420,1431
1008,714,673,1114,594,593,595,422,1020,421,420,1431
1008,714,673,1114,594,998,595,422,420,1431
1008,714,673,1114,594,998,595,422,1020,421,420,1431
1008,714,673,1114,594,979,595,422,420,1431
1008,714,673,1114,594,979,595,422,1020,421,420,1431
1008,714,673,1114,595,422,420,1431
1008,714,673,1114,595,422,1020,421,420,1431
1008,714,1114,594,593,595,422,420,1431
1008,714,1114,594,593,595,422,1020,421,420,1431
1008,714,1114,594,998,595,422,420,1431
1008,714,1114,594,998,595,422,1020,421,420,1431
1008,714,1114,594,979,595,422,420,1431
1008,714,1114,594,979,595,422,1020,421,420,1431
1008,714,1114,595,422,420,1431
1008,714,1114,595,422,1020,421,420,1431
1015,200,1037
1015,200,1044
1015,200,1065,152,1124,150,1044
1015,200,1065,152,1760,150,1044
1015,200,1124,152,1760,150,1044
1015,200,1124,150,1044
1015,200,1760,150,1044
1015,200,1044,150
1015,200,1065,152,1124,150
1015,200,1065,152,1760,150
1015,200,1124,152,1760,150
1015,200,1124,150
1015,200,1760,150
1015,200,1065
1015,200,1124,152,1065
1015,200,1124,150,1760,152,1065
1015,200,1760,152,1065
1015,200,1044,150,1124,152
1015,200,1044,150,1760,152
1015,200,1065,152
1015,200,1124,152
1015,200,1760,152
1015,200,1124
1015,200,1760,152,1124
1015,200,1760,150,1124
1015,200,1333
1015,200,1393
1015,200,1398
1015,200,1760
1020,422,595,593,594,1114,714,1113
1020,422,595,593,594,1114,673,714,1113
1020,422,595,979,594,1114,714,1113
1020,422,595,979,594,1114,673,714,1113
1020,422,595,998,594,1114,714,1113
1020,422,595,998,594,1114,673,714,1113
1020,422,595,1114,714,1113
1020,422,595,1114,673,714,1113
1020,422,595,593,594,1114,673
1020,422,595,979,594,1114,673
1020,422,595,998,594,1114,673
1020,422,595,1114,673
1020,422,595,1114
1020,421,420,1431
1020,422,420,1431
1027,328,1585
1031,30
1037,200,1044
1037,200,1065,152,1124,150,1044
1037,200,1065,152,1760,150,1044
1037,200,1124,152,1760,150,1044
1037,200,1124,150,1044
1037,200,1760,150,1044
1037,200,1044,150
1037,200,1065,152,1124,150
1037,200,1065,152,1760,150
1037,200,1124,152,1760,150
1037,200,1124,150
1037,200,1760,150
1037,200,1065
1037,200,1124,152,1065
1037,200,1124,150,1760,152,1065
1037,200,1760,152,1065
1037,200,1044,150,1124,152
1037,200,1044,150,1760,152
1037,200,1065,152
1037,200,1124,152
1037,200,1760,152
1037,200,1124
1037,200,1760,152,1124
1037,200,1760,150,1124
1037,200,1333
1037,200,1393
1037,200,1398
1037,200,1760
1044,150
1044,200,1065
1044,200,1124,152,1065
1044,200,1124,150,1760,152,1065
1044,200,1760,152,1065
1044,150,1124,200,1065
1044,150,1124,152,1065
1044,150,1760,200,1065
1044,150,1760,152,1065
1044,200,1065,152
1044,200,1124,152
1044,200,1760,152
1044,150,1124,152
1044,150,1760,152
1044,200,1124
1044,200,1760,152,1124
1044,200,1760,150,1124
1044,150,1124
1044,150,1760,152,1124
1044,200,1333
1044,150,1124,200,1333
1044,150,1124,152,1065,200,1333
1044,150,1124,152,1760,200,1333
1044,150,1760,200,1333
1044,150,1760,152,1065,200,1333
1044,200,1393
1044,150,1124,200,1393
1044,150,1124,152,1065,200,1393
1044,150,1124,152,1760,200,1393
1044,150,1760,200,1393
1044,150,1760,152,1065,200,1393
1044,200,1398
1044,150,1124,200,1398
1044,150,1124,152,1065,200,1398
1044,150,1124,152,1760,200,1398
1044,150,1760,200,1398
1044,150,1760,152,1065,200,1398
1044,200,1760
1044,150,1760
150,1044,200,1065
150,1124,200,1065
150,1124,152,1065
150,1760,200,1065
150,1760,152,1065
150,1044,200,1065,152
150,1124,152
150,1760,152
150,1124
150,1760,152,1124
150,1044,200,1333
150,1124,200,1333
150,1124,152,1065,200,1333
150,1124,152,1760,200,1333
150,1760,200,1333
150,1760,152,1065,200,1333
150,1044,200,1393
150,1124,200,1393
150,1124,152,1065,200,1393
150,1124,152,1760,200,1393
150,1760,200,1393
150,1760,152,1065,200,1393
150,1044,200,1398
150,1124,200,1398
150,1124,152,1065,200,1398
150,1124,152,1760,200,1398
150,1760,200,1398
150,1760,152,1065,200,1398
150,1760
1062,660
1065,152
1065,200,1124
1065,200,1760,152,1124
1065,200,1760,150,1124
1065,152,1124
1065,152,1760,150,1124
1065,200,1333
1065,152,1124,200,1333
1065,152,1124,150,1760,200,1333
1065,152,1760,200,1333
1065,200,1393
1065,152,1124,200,1393
1065,152,1124,150,1760,200,1393
1065,152,1760,200,1393
1065,200,1398
1065,152,1124,200,1398
1065,152,1124,150,1760,200,1398
1065,152,1760,200,1398
1065,200,1760
1065,152,1760
152,1124
152,1065,200,1333
152,1124,200,1333
152,1124,150,1044,200,1333
152,1760,200,1333
152,1760,150,1044,200,1333
152,1065,200,1393
152,1124,200,1393
152,1124,150,1044,200,1393
152,1760,200,1393
152,1760,150,1044,200,1393
152,1065,200,1398
152,1124,200,1398
152,1124,150,1044,200,1398
152,1760,200,1398
152,1760,150,1044,200,1398
152,1760
1066,62,1427
1078,1079
1078,1079,1092
1078,1079,1142
1079,1092
1079,1142
1092,1079,1142
1108,1109
1113,714,673
1113,714,1114,673
1113,714,1114
1113,714,673,1114,594,593,595,422,420,1431
1113,714,673,1114,594,593,595,422,1020,421,420,1431
1113,714,673,1114,594,998,595,422,420,1431
1113,714,673,1114,594,998,595,422,1020,421,420,1431
1113,714,673,1114,594,979,595,422,420,1431
1113,714,673,1114,594,979,595,422,1020,421,420,1431
1113,714,673,1114,595,422,420,1431
1113,714,673,1114,595,422,1020,421,420,1431
1113,714,1114,594,593,595,422,420,1431
1113,714,1114,594,593,595,422,1020,421,420,1431
1113,714,1114,594,998,595,422,420,1431
1113,714,1114,594,998,595,422,1020,421,420,1431
1113,714,1114,594,979,595,422,420,1431
1113,714,1114,594,979,595,422,1020,421,420,1431
1113,714,1114,595,422,420,1431
1113,714,1114,595,422,1020,421,420,1431
673,1114
673,1114,594,593,595,422,420,1431
673,1114,594,593,595,422,1020,421,420,1431
673,1114,594,998,595,422,420,1431
673,1114,594,998,595,422,1020,421,420,1431
673,1114,594,979,595,422,420,1431
673,1114,594,979,595,422,1020,421,420,1431
673,1114,595,422,420,1431
673,1114,595,422,1020,421,420,1431
1114,595,422,420,1431
1114,595,422,1020,421,420,1431
1122,634,635,1153
1122,634,1168
1124,200,1333
1124,152,1760,200,1333
1124,150,1760,200,1333
1124,200,1393
1124,152,1760,200,1393
1124,150,1760,200,1393
1124,200,1398
1124,152,1760,200,1398
1124,150,1760,200,1398
1124,200,1760
1124,152,1760
1124,150,1760
1132,425,426,1273
1132,1729
1132,1729,1152
1132,281,1778
1133,1134
1133,1134,1559
1133,1134,1354
1134,1559
1134,1354
1153,635,634,1168
1156,88
1159,840,1282
1159,840,1481
1162,1163
1194,275
1195,572,571,163,162,1313
1202,1203
1202,1203,604,1238
1203,604,1238
1236,1237
1236,1237,1420
1236,1237,1420,1125
1237,1420
1237,1420,1125
1240,306,766,1277
1240,767,766,1277
1256,587
1259,945
1259,679
1259,824
1259,1260
945,1259,679
945,1259,824
945,1259,1260
679,1259,824
679,1259,1260
824,1259,1260
1273,426,425,1132,1729
1273,426,425,1132,1729,1152
1273,426,425,1132,281,1778
1282,840,1481
1298,474,986,1503
1308,1309
1320,216,1804
1326,304,1495
1333,200,1393
1333,200,1398
1333,200,1760
1343,794
1392,73
1392,73,1711
1392,73,1808
73,1711
73,1808
1393,200,1398
1393,200,1760
1395,957
1398,200,1760
1400,1401
1400,1401,1581
1401,1581
1415,1416
1420,1125
1430,67,1629
1430,67,1796
1430,67,1796,1336
1430,67,1796,548
1433,1434
1448,377
1451,359,358,1500
1463,1464
1463,1464,1591
1463,1464,1684
1464,1591
1464,1684
1518,947
1523,1166
1526,1527
1526,1527,1676
1527,1676
1533,18,1592
1533,18,1754
1534,1535
1559,1134,1354
1561,1562
1561,291
1562,1561,291
1571,1182
1591,1464,1684
1592,18,1754
1601,1602
1601,1602,1683
1602,1683
1603,79
1611,1177
1611,856
1177,1611,856
1616,1126
1629,67,1796
1629,67,1796,1336
1629,67,1796,548
1664,247,1769
1711,73,1808
1712,1219
1726,177
1726,345
177,1726,345
1729,1152
1729,1132,281,1778
1152,1729,1132,281,1778
1733,1220
1733,52
1220,1733,52
1796,1336
1796,548
1336,1796,548
