2,3
2,3,52
2,3,127
2,3,402
2,3,511
2,3,735
2,3,1385
3,52
3,127
3,402
3,511
3,735
3,1385
4,5
4,6
4,958,21,20
4,958,21
4,958
4,958,959
4,958,282
4,958,960
4,958,961
5,4,6
5,4,958,21,20
5,4,958,21
5,4,958
5,4,958,959
5,4,958,282
5,4,958,960
5,4,958,961
6,4,958,21,20
6,4,958,21
6,4,958
6,4,958,959
6,4,958,282
6,4,958,960
6,4,958,961
20,21
20,21,958
20,21,958,959
20,21,958,282
20,21,958,960
20,21,958,961
21,958
21,958,959
21,958,282
21,958,960
21,958,961
28,29
28,29,288
28,29,409
28,29,888
28,29,892
28,29,1267
28,29,1435
28,29,1476
28,29,1554
28,29,1559
29,288
29,409
29,888
29,892
29,1267
29,1435
29,1476
29,1554
29,1559
40,41
43,44
52,3,127
52,3,402
52,3,511
52,3,735
52,3,1385
61,62
61,63
61,64
61,65
61,62,1097
62,61,63
62,61,64
62,61,65
62,1097
63,61,64
63,61,65
63,61,62,1097
64,61,65
64,61,62,1097
65,61,62,1097
79,80
82,83
82,1187,1099,793,1051,1088,83
82,1088,83
82,83,674,157
82,1187,1099,793,1051,1088,83,674,157
82,1088,83,674,157
82,83,674
82,1187,1099,793,1051,1088,83,674
82,1088,83,674
82,83,1088,1051
82,1187,1099,793,1051
82,1088,1051
82,83,1088,1051,887
82,1187,1099,793,1051,887
82,1088,1051,887
82,83,1088,1051,793
82,1187,1099,793
82,1088,1051,793
82,83,1088,1051,793,1099,1056
82,1187,1099,1056
82,1088,1051,793,1099,1056
82,83,1088,1051,793,1099,1056,924
82,1187,1099,1056,924
82,1088,1051,793,1099,1056,924
82,1187,1099,793,1051,1088
82,1088
82,83,1088,1051,793,1099
82,1187,1099
82,1088,1051,793,1099
82,1187
82,83,1088,1051,793,1099,1187,254
82,1187,254
82,1088,1051,793,1099,1187,254
83,674,157
83,674
83,82,1187,1099,793,1051
83,1088,1051
83,82,1187,1099,793,1051,887
83,1088,82,1187,1099,793,1051,887
83,1088,1051,887
83,82,1187,1099,793
83,1088,82,1187,1099,793
83,1088,1051,793
83,82,1187,1099,1056
83,1088,82,1187,1099,1056
83,1088,1051,793,1099,1056
83,82,1187,1099,1056,924
83,1088,82,1187,1099,1056,924
83,1088,1051,793,1099,1056,924
83,1088
83,82,1187,1099
83,1088,82,1187,1099
83,1088,1051,793,1099
83,82,1187
83,1088,82,1187
83,1088,1051,793,1099,1187
83,82,1187,254
83,1088,82,1187,254
83,1088,1051,793,1099,1187,254
88,89
88,1215
88,1215,1052
89,88,1215
89,88,1215,1052
90,91
90,91,1465
90,91,1470,1469
90,91,1470,1469,200
90,91,1470
91,1465
91,1470,1469
91,1470,1469,200
91,1470
109,742
116,117
116,917
116,917,918
116,917,919
116,917,920
116,917,921
116,917,922
116,917,921,860
116,917,918,330
116,917,919,246
116,917,920,435
116,917,922,222
117,116,917
117,116,917,918
117,116,917,919
117,116,917,920
117,116,917,921
117,116,917,922
117,116,917,921,860
117,116,917,918,330
117,116,917,919,246
117,116,917,920,435
117,116,917,922,222
127,3,402
127,3,511
127,3,735
127,3,1385
130,131
130,131,655
130,131,1218
131,655
131,1218
134,135
134,136
134,135,1472
135,134,136
135,1472
136,134,135,1472
140,141
140,141,259
140,141,259,260
140,141,731
140,141,912
140,141,912,913
140,141,912,913,1023
140,141,259,260,1111
140,141,259,260,1526
141,259
141,259,260
141,731
141,912
141,912,913
141,912,913,1023
141,259,260,1111
141,259,260,1526
157,674
157,674,83,82,1187,1099,793,1051
157,674,83,82,1088,1051
157,674,83,1088,1051
157,674,83,82,1187,1099,793,1051,887
157,674,83,82,1088,1051,887
157,674,83,1088,82,1187,1099,793,1051,887
157,674,83,1088,1051,887
157,674,83,82,1187,1099,793
157,674,83,82,1088,1051,793
157,674,83,1088,82,1187,1099,793
157,674,83,1088,1051,793
157,674,83,82,1187,1099,1056
157,674,83,82,1088,1051,793,1099,1056
157,674,83,1088,82,1187,1099,1056
157,674,83,1088,1051,793,1099,1056
157,674,83,82,1187,1099,1056,924
157,674,83,82,1088,1051,793,1099,1056,924
157,674,83,1088,82,1187,1099,1056,924
157,674,83,1088,1051,793,1099,1056,924
157,674,83,1088
157,674,83,82,1187,1099
157,674,83,82,1088,1051,793,1099
157,674,83,1088,82,1187,1099
157,674,83,1088,1051,793,1099
157,674,83,82,1187
157,674,83,1088,82,1187
157,674,83,1088,1051,793,1099,1187
157,674,83,82,1187,254
157,674,83,82,1088,1051,793,1099,1187,254
157,674,83,1088,82,1187,254
157,674,83,1088,1051,793,1099,1187,254
171,172
187,188
187,189
187,190
187,191
187,192
187,1483
187,1483,1251
187,1483,1274
187,1483,965
187,1483,1484
188,187,189
188,187,190
188,187,191
188,187,192
188,187,1483
188,187,1483,1251
188,187,1483,1274
188,187,1483,965
188,187,1483,1484
189,187,190
189,187,191
189,187,192
189,187,1483
189,187,1483,1251
189,187,1483,1274
189,187,1483,965
189,187,1483,1484
190,187,191
190,187,192
190,187,1483
190,187,1483,1251
190,187,1483,1274
190,187,1483,965
190,187,1483,1484
191,187,192
191,187,1483
191,187,1483,1251
191,187,1483,1274
191,187,1483,965
191,187,1483,1484
192,187,1483
192,187,1483,1251
192,187,1483,1274
192,187,1483,965
192,187,1483,1484
208,209
220,221
231,232
240,241
249,250
249,251
250,249,251
259,260
259,141,731
259,141,912
259,141,912,913
259,141,912,913,1023
259,260,1111
259,260,1526
260,259,141,731
260,259,141,912
260,259,141,912,913
260,259,141,912,913,1023
260,1111
260,1526
263,264
263,265,741,100,264
263,265,741,100,1446,400,264
263,265,1446,100,264
263,265,1446,400,264
263,265
263,266
263,267
263,268
263,269
263,264,100,741
263,264,100,1446,265,741
263,264,400,1446,100,741
263,264,400,1446,265,741
263,265,741
263,265,1446,100,741
263,264,100
263,264,400,1446,100
263,265,741,100
263,265,1446,100
263,265,1446,400,264,100
263,264,400
263,265,741,100,264,400
263,265,741,100,1446,400
263,265,1446,400
263,264,100,741,265,1225
263,264,100,1446,265,1225
263,264,400,1446,100,741,265,1225
263,264,400,1446,265,1225
263,265,1225
263,264,100,1446
263,264,400,1446
263,265,1446
263,264,100,741,265,1564
263,264,100,1446,265,1564
263,264,400,1446,100,741,265,1564
263,264,400,1446,265,1564
263,265,1564
264,263,265
264,100,741,265
264,100,1446,265
264,400,1446,100,741,265
264,400,1446,265
264,263,266
264,100,741,265,263,266
264,100,1446,265,263,266
264,400,1446,100,741,265,263,266
264,400,1446,265,263,266
264,263,267
264,100,741,265,263,267
264,100,1446,265,263,267
264,400,1446,100,741,265,263,267
264,400,1446,265,263,267
264,263,268
264,100,741,265,263,268
264,100,1446,265,263,268
264,400,1446,100,741,265,263,268
264,400,1446,265,263,268
264,263,269
264,100,741,265,263,269
264,100,1446,265,263,269
264,400,1446,100,741,265,263,269
264,400,1446,265,263,269
264,263,265,741
264,100,741
264,100,1446,265,741
264,400,1446,100,741
264,400,1446,265,741
264,100
264,400,1446,100
264,400
264,263,265,1225
264,100,741,265,1225
264,100,1446,265,1225
264,400,1446,100,741,265,1225
264,400,1446,265,1225
264,263,265,1446
264,100,1446
264,400,1446
264,263,265,1564
264,100,741,265,1564
264,100,1446,265,1564
264,400,1446,100,741,265,1564
264,400,1446,265,1564
265,263,266
265,263,267
265,263,268
265,263,269
265,741
265,1446,100,741
265,263,264,100
265,741,100
265,1446,100
265,1446,400,264,100
265,263,264,400
265,741,100,264,400
265,741,100,1446,400
265,1446,400
265,1225
265,1446
265,1564
266,263,267
266,263,268
266,263,269
266,263,264,100,741
266,263,264,100,1446,265,741
266,263,264,400,1446,100,741
266,263,264,400,1446,265,741
266,263,265,741
266,263,265,1446,100,741
266,263,264,100
266,263,264,400,1446,100
266,263,265,741,100
266,263,265,1446,100
266,263,265,1446,400,264,100
266,263,264,400
266,263,265,741,100,264,400
266,263,265,741,100,1446,400
266,263,265,1446,400
266,263,264,100,741,265,1225
266,263,264,100,1446,265,1225
266,263,264,400,1446,100,741,265,1225
266,263,264,400,1446,265,1225
266,263,265,1225
266,263,264,100,1446
266,263,264,400,1446
266,263,265,1446
266,263,264,100,741,265,1564
266,263,264,100,1446,265,1564
266,263,264,400,1446,100,741,265,1564
266,263,264,400,1446,265,1564
266,263,265,1564
267,263,268
267,263,269
267,263,264,100,741
267,263,264,100,1446,265,741
267,263,264,400,1446,100,741
267,263,264,400,1446,265,741
267,263,265,741
267,263,265,1446,100,741
267,263,264,100
267,263,264,400,1446,100
267,263,265,741,100
267,263,265,1446,100
267,263,265,1446,400,264,100
267,263,264,400
267,263,265,741,100,264,400
267,263,265,741,100,1446,400
267,263,265,1446,400
267,263,264,100,741,265,1225
267,263,264,100,1446,265,1225
267,263,264,400,1446,100,741,265,1225
267,263,264,400,1446,265,1225
267,263,265,1225
267,263,264,100,1446
267,263,264,400,1446
267,263,265,1446
267,263,264,100,741,265,1564
267,263,264,100,1446,265,1564
267,263,264,400,1446,100,741,265,1564
267,263,264,400,1446,265,1564
267,263,265,1564
268,263,269
268,263,264,100,741
268,263,264,100,1446,265,741
268,263,264,400,1446,100,741
268,263,264,400,1446,265,741
268,263,265,741
268,263,265,1446,100,741
268,263,264,100
268,263,264,400,1446,100
268,263,265,741,100
268,263,265,1446,100
268,263,265,1446,400,264,100
268,263,264,400
268,263,265,741,100,264,400
268,263,265,741,100,1446,400
268,263,265,1446,400
268,263,264,100,741,265,1225
268,263,264,100,1446,265,1225
268,263,264,400,1446,100,741,265,1225
268,263,264,400,1446,265,1225
268,263,265,1225
268,263,264,100,1446
268,263,264,400,1446
268,263,265,1446
268,263,264,100,741,265,1564
268,263,264,100,1446,265,1564
268,263,264,400,1446,100,741,265,1564
268,263,264,400,1446,265,1564
268,263,265,1564
269,263,264,100,741
269,263,264,100,1446,265,741
269,263,264,400,1446,100,741
269,263,264,400,1446,265,741
269,263,265,741
269,263,265,1446,100,741
269,263,264,100
269,263,264,400,1446,100
269,263,265,741,100
269,263,265,1446,100
269,263,265,1446,400,264,100
269,263,264,400
269,263,265,741,100,264,400
269,263,265,741,100,1446,400
269,263,265,1446,400
269,263,264,100,741,265,1225
269,263,264,100,1446,265,1225
269,263,264,400,1446,100,741,265,1225
269,263,264,400,1446,265,1225
269,263,265,1225
269,263,264,100,1446
269,263,264,400,1446
269,263,265,1446
269,263,264,100,741,265,1564
269,263,264,100,1446,265,1564
269,263,264,400,1446,100,741,265,1564
269,263,264,400,1446,265,1564
269,263,265,1564
278,279
278,1362
279,278,1362
286,165
288,29,409
288,29,888
288,29,892
288,29,1267
288,29,1435
288,29,1476
288,29,1554
288,29,1559
293,543
303,304
313,314
313,314,383
313,1133
314,383
314,313,1133
323,290
335,336
335,336,636
335,336,689
335,336,714
335,336,977
336,636
336,689
336,714
336,977
337,338
337,204
337,338,718
337,338,718,125
337,338,1049
337,338,1049,856
337,338,1125
337,338,1125,1126
337,338,1298
337,338,1298,1281
337,338,1429
337,338,1429,1346
338,337,204
338,718
338,718,125
338,1049
338,1049,856
338,1125
338,1125,1126
338,1298
338,1298,1281
338,1429
338,1429,1346
204,337,338,718
204,337,338,718,125
204,337,338,1049
204,337,338,1049,856
204,337,338,1125
204,337,338,1125,1126
204,337,338,1298
204,337,338,1298,1281
204,337,338,1429
204,337,338,1429,1346
341,12
341,342,369,12
341,343,369,12
341,344,370,368,369,12
341,344,369,12
341,368,369,12
341,342
341,343,369,342
341,344,370,368,369,342
341,344,369,342
341,368,369,342
341,343
341,344,370,368,369,343
341,344,369,343
341,368,369,343
341,344
341,368,369,344
341,368,370,344
341,368
341,12,369
341,342,369
341,343,369
341,344,370,368,369
341,344,369
341,368,369
341,12,369,368,370
341,12,369,344,370
341,342,369,368,370
341,342,369,344,370
341,343,369,368,370
341,343,369,344,370
341,344,370
341,368,370
341,12,369,368,370,344,789
341,12,369,344,789
341,342,369,368,370,344,789
341,342,369,344,789
341,343,369,368,370,344,789
341,343,369,344,789
341,344,789
341,368,369,344,789
341,368,370,344,789
12,341,342
12,341,343,369,342
12,341,344,370,368,369,342
12,341,344,369,342
12,341,368,369,342
12,369,342
12,341,343
12,341,344,370,368,369,343
12,341,344,369,343
12,341,368,369,343
12,369,343
12,341,344
12,341,368,369,344
12,341,368,370,344
12,369,368,370,344
12,369,344
12,341,368
12,369,368
12,369
12,341,342,369,368,370
12,341,342,369,344,370
12,341,343,369,368,370
12,341,343,369,344,370
12,341,344,370
12,341,368,370
12,369,368,370
12,369,344,370
12,341,342,369,368,370,344,789
12,341,342,369,344,789
12,341,343,369,368,370,344,789
12,341,343,369,344,789
12,341,344,789
12,341,368,369,344,789
12,341,368,370,344,789
12,369,368,370,344,789
12,369,344,789
342,341,343
342,341,344,370,368,369,343
342,341,344,369,343
342,341,368,369,343
342,369,343
342,341,344
342,341,368,369,344
342,341,368,370,344
342,369,368,370,344
342,369,344
342,341,368
342,369,368
342,369
342,341,343,369,368,370
342,341,343,369,344,370
342,341,344,370
342,341,368,370
342,369,368,370
342,369,344,370
342,341,343,369,368,370,344,789
342,341,343,369,344,789
342,341,344,789
342,341,368,369,344,789
342,341,368,370,344,789
342,369,368,370,344,789
342,369,344,789
343,341,344
343,341,368,369,344
343,341,368,370,344
343,369,368,370,344
343,369,344
343,341,368
343,369,368
343,369
343,341,344,370
343,341,368,370
343,369,368,370
343,369,344,370
343,341,344,789
343,341,368,369,344,789
343,341,368,370,344,789
343,369,368,370,344,789
343,369,344,789
344,341,368
344,370,368
344,369,368
344,370,368,369
344,369
344,370
344,789
347,348
347,349
347,348,322
348,347,349
348,322
349,347,348,322
363,364
363,365,1010,364
363,365
363,364,1010,365,426
363,365,426
363,364,1010,365,631
363,365,631
363,364,1010
363,365,1010
364,363,365
364,1010,365
364,363,365,426
364,1010,365,426
364,363,365,631
364,1010,365,631
364,1010
365,426
365,631
365,1010
368,369
368,370
368,369,344,789
368,341,344,789
368,370,344,789
369,368,370
369,344,370
369,368,370,344,789
369,344,789
370,344,789
383,314,313,1133
389,390
394,395
394,1574
395,394,1574
396,397
396,398
396,397,857
396,397,1148,857
396,397,1148
396,397,1525
396,397,1525,617
396,397,1525,1524
397,396,398
397,857
397,1148,857
397,1148
397,1525
397,1525,617
397,1525,1524
398,396,397,857
398,396,397,1148,857
398,396,397,1148
398,396,397,1525
398,396,397,1525,617
398,396,397,1525,1524
402,3,511
402,3,735
402,3,1385
409,29,888
409,29,892
409,29,1267
409,29,1435
409,29,1476
409,29,1554
409,29,1559
426,365,631
426,365,1010
433,434
433,434,1062
433,434,1265
434,1062
434,1265
437,438
437,118,661,438
437,118,661,662,757,438
437,118,661,662,1399,438
437,118,757,438
437,118,757,662,1399,438
437,118,984,438
437,118,1399,438
437,118
437,438,661
437,438,757,118,661
437,438,757,118,1399,662,661
437,438,757,662,661
437,438,984,118,661
437,438,984,118,757,662,661
437,438,984,118,1399,662,661
437,438,1399,118,661
437,438,1399,662,661
437,118,661
437,118,757,662,661
437,118,1399,662,661
437,438,661,662
437,438,757,662
437,438,984,118,661,662
437,438,984,118,757,662
437,438,984,118,1399,662
437,438,1399,662
437,118,661,662
437,118,757,662
437,118,1399,662
437,438,757
437,438,984,118,757
437,438,984,118,1399,662,757
437,438,1399,118,757
437,438,1399,662,757
437,118,757
437,118,1399,662,757
437,438,984
437,438,1399,118,984
437,118,984
437,438,1399
437,118,1399
438,437,118
438,661,118
438,661,662,757,118
438,661,662,1399,118
438,757,118
438,757,662,1399,118
438,984,118
438,1399,118
438,661
438,757,118,661
438,757,118,1399,662,661
438,757,662,661
438,984,118,661
438,984,118,757,662,661
438,984,118,1399,662,661
438,1399,118,661
438,1399,662,661
438,437,118,661,662
438,437,118,757,662
438,437,118,1399,662
438,661,662
438,757,662
438,984,118,661,662
438,984,118,757,662
438,984,118,1399,662
438,1399,662
438,757
438,984,118,757
438,984,118,1399,662,757
438,1399,118,757
438,1399,662,757
438,984
438,1399,118,984
438,1399
118,661
118,757,662,661
118,1399,662,661
118,661,662
118,757,662
118,1399,662
118,757
118,1399,662,757
118,984
118,1399
439,440
439,441,1212,440
439,441
439,440,538
439,441,1212,440,538
439,440,796
439,441,1212,440,796
439,440,1212,1211
439,441,1212,1211
439,440,1212,1211,193
439,441,1212,1211,193
439,440,1212
439,441,1212
439,440,1295
439,441,1212,440,1295
439,440,1304
439,441,1212,440,1304
439,440,1426
439,441,1212,440,1426
440,439,441
440,1212,441
440,538
440,796
440,439,441,1212,1211
440,1212,1211
440,439,441,1212,1211,193
440,1212,1211,193
440,1212
440,1295
440,1304
440,1426
441,439,440,538
441,1212,440,538
441,439,440,796
441,1212,440,796
441,1212,1211
441,1212,1211,193
441,1212
441,439,440,1295
441,1212,440,1295
441,439,440,1304
441,1212,440,1304
441,439,440,1426
441,1212,440,1426
453,103
453,103,518
453,103,682
453,103,950
103,518
103,682
103,950
463,460
476,310
482,483
482,483,1507
483,1507
498,285
498,205
285,498,205
501,479
501,502,1269,479
501,502
501,479,1269
501,502,1269
479,501,502
479,1269,502
479,1269
502,1269
511,3,735
511,3,1385
518,103,682
518,103,950
523,524
523,524,1166
523,524,1294
524,1166
524,1294
529,318
530,531
530,532
530,533
530,173
530,534
530,427
530,535
530,536
530,537
531,530,532
531,530,533
531,530,173
531,530,534
531,530,427
531,530,535
531,530,536
531,530,537
532,530,533
532,530,173
532,530,534
532,530,427
532,530,535
532,530,536
532,530,537
533,530,173
533,530,534
533,530,427
533,530,535
533,530,536
533,530,537
173,530,534
173,530,427
173,530,535
173,530,536
173,530,537
534,530,427
534,530,535
534,530,536
534,530,537
427,530,535
427,530,536
427,530,537
535,530,536
535,530,537
536,530,537
538,440,796
538,440,439,441,1212,1211
538,440,1212,1211
538,440,439,441,1212,1211,193
538,440,1212,1211,193
538,440,1212
538,440,1295
538,440,1304
538,440,1426
564,302
570,86
570,86,1383
86,1383
571,572
578,93
578,93,1145
93,1145
579,580
579,580,1019
580,1019
582,583
582,1190
583,582,1190
586,587
588,589
588,589,671
588,1092
588,589,1532
588,589,1532,425
588,589,1532,1053
589,671
589,588,1092
589,1532
589,1532,425
589,1532,1053
597,598
599,600
603,466
603,604
466,603,604
620,513
621,622
621,622,824
621,622,871
622,824
622,871
636,336,689
636,336,714
636,336,977
645,642
645,646
645,646,1008
642,645,646
642,645,646,1008
646,1008
657,658
657,804
658,657,804
661,662
661,438,757
661,438,984,118,757
661,438,984,118,1399,662,757
661,438,1399,118,757
661,438,1399,662,757
661,118,757
661,118,1399,662,757
661,662,757
661,438,984
661,438,1399,118,984
661,118,984
661,662,757,438,984
661,662,757,118,984
661,662,1399,438,984
661,662,1399,118,984
661,438,1399
661,118,1399
661,662,1399
662,757
662,661,438,984
662,661,118,984
662,757,438,984
662,757,118,984
662,1399,438,984
662,1399,118,984
662,1399
671,589,588,1092
671,589,1532
671,589,1532,425
671,589,1532,1053
674,83,82,1187,1099,793,1051
674,83,82,1088,1051
674,83,1088,1051
674,83,82,1187,1099,793,1051,887
674,83,82,1088,1051,887
674,83,1088,82,1187,1099,793,1051,887
674,83,1088,1051,887
674,83,82,1187,1099,793
674,83,82,1088,1051,793
674,83,1088,82,1187,1099,793
674,83,1088,1051,793
674,83,82,1187,1099,1056
674,83,82,1088,1051,793,1099,1056
674,83,1088,82,1187,1099,1056
674,83,1088,1051,793,1099,1056
674,83,82,1187,1099,1056,924
674,83,82,1088,1051,793,1099,1056,924
674,83,1088,82,1187,1099,1056,924
674,83,1088,1051,793,1099,1056,924
674,83,1088
674,83,82,1187,1099
674,83,82,1088,1051,793,1099
674,83,1088,82,1187,1099
674,83,1088,1051,793,1099
674,83,82,1187
674,83,1088,82,1187
674,83,1088,1051,793,1099,1187
674,83,82,1187,254
674,83,82,1088,1051,793,1099,1187,254
674,83,1088,82,1187,254
674,83,1088,1051,793,1099,1187,254
679,680
682,103,950
689,336,714
689,336,977
690,691
695,696
695,696,779
696,779
712,373
714,336,977
715,716
718,125
718,338,1049
718,338,1049,856
718,338,1125
718,338,1125,1126
718,338,1298
718,338,1298,1281
718,338,1429
718,338,1429,1346
125,718,338,1049
125,718,338,1049,856
125,718,338,1125
125,718,338,1125,1126
125,718,338,1298
125,718,338,1298,1281
125,718,338,1429
125,718,338,1429,1346
725,726
731,141,912
731,141,912,913
731,141,912,913,1023
731,141,259,260,1111
731,141,259,260,1526
735,3,1385
737,261
739,300
739,300,875
739,300,908
739,300,1072
739,300,1534
300,875
300,908
300,1072
300,1534
741,100
741,265,263,264,400
741,265,1446,400
741,100,264,400
741,100,1446,400
741,265,1225
741,100,1446,265,1225
741,265,1446
741,100,1446
741,265,1564
741,100,1446,265,1564
100,264,400
100,1446,400
100,741,265,1225
100,264,263,265,1225
100,264,400,1446,265,1225
100,1446,400,264,263,265,1225
100,1446,265,1225
100,1446
100,741,265,1564
100,264,263,265,1564
100,264,400,1446,265,1564
100,1446,400,264,263,265,1564
100,1446,265,1564
751,752
757,438,984
757,438,1399,118,984
757,118,984
757,662,1399,438,984
757,662,1399,118,984
757,438,1399
757,118,1399
757,662,1399
794,147
796,440,439,441,1212,1211
796,440,1212,1211
796,440,439,441,1212,1211,193
796,440,1212,1211,193
796,440,1212
796,440,1295
796,440,1304
796,440,1426
631,365,1010
816,611
818,819
821,184
825,457
400,264,263,265,1225
400,264,100,741,265,1225
400,1446,100,741,265,1225
400,1446,265,1225
400,1446
400,264,263,265,1564
400,264,100,741,265,1564
400,1446,100,741,265,1564
400,1446,265,1564
842,843
844,845
844,262
844,708
844,708,1468
844,708,1468,968
844,708,1468,17
844,708,1513
845,844,262
845,844,708
845,844,708,1468
845,844,708,1468,968
845,844,708,1468,17
845,844,708,1513
262,844,708
262,844,708,1468
262,844,708,1468,968
262,844,708,1468,17
262,844,708,1513
708,1468
708,1468,968
708,1468,17
708,1513
850,851
857,1148
857,397,1525
857,1148,397,1525
857,397,1525,617
857,1148,397,1525,617
857,397,1525,1524
857,1148,397,1525,1524
824,622,871
875,300,908
875,300,1072
875,300,1534
888,29,892
888,29,1267
888,29,1435
888,29,1476
888,29,1554
888,29,1559
890,891
892,29,1267
892,29,1435
892,29,1476
892,29,1554
892,29,1559
907,408
907,408,1035
408,1035
908,300,1072
908,300,1534
909,910
909,380
909,834
909,911
910,909,380
910,909,834
910,909,911
380,909,834
380,909,911
834,909,911
912,913
912,913,1023
912,141,259,260,1111
912,141,259,260,1526
913,1023
913,912,141,259,260,1111
913,912,141,259,260,1526
917,918
917,919
917,920
917,921
917,922
917,921,860
917,918,330
917,919,246
917,920,435
917,922,222
918,917,919
918,917,920
918,917,921
918,917,922
918,917,921,860
918,330
918,917,919,246
918,917,920,435
918,917,922,222
919,917,920
919,917,921
919,917,922
919,917,921,860
919,917,918,330
919,246
919,917,920,435
919,917,922,222
920,917,921
920,917,922
920,917,921,860
920,917,918,330
920,917,919,246
920,435
920,917,922,222
921,917,922
921,860
921,917,918,330
921,917,919,246
921,917,920,435
921,917,922,222
922,917,921,860
922,917,918,330
922,917,919,246
922,917,920,435
922,222
947,358
953,954
958,959
958,282
958,960
958,961
959,958,282
959,958,960
959,958,961
282,958,960
282,958,961
960,958,961
963,194
984,438,1399
984,118,1399
987,214
987,214,1253
214,1253
988,989
988,305
989,988,305
993,994
993,994,339,1450
993,994,339
993,994,1474
994,339,1450
994,339
994,1474
860,921,917,918,330
860,921,917,919,246
860,921,917,920,435
860,921,917,922,222
1011,1012
1011,312
1012,1011,312
1013,1014
1023,913,912,141,259,260,1111
1023,913,912,141,259,260,1526
1025,610
1043,1044
1043,1044,1332
1044,1332
1045,340
655,131,1218
1049,856
1049,338,1125
1049,338,1125,1126
1049,338,1298
1049,338,1298,1281
1049,338,1429
1049,338,1429,1346
856,1049,338,1125
856,1049,338,1125,1126
856,1049,338,1298
856,1049,338,1298,1281
856,1049,338,1429
856,1049,338,1429,1346
1051,887
1051,793
1051,793,1099,1056
1051,1088,83,82,1187,1099,1056
1051,1088,82,1187,1099,1056
1051,793,1099,1056,924
1051,1088,83,82,1187,1099,1056,924
1051,1088,82,1187,1099,1056,924
1051,1088
1051,793,1099
1051,1088,83,82,1187,1099
1051,1088,82,1187,1099
1051,793,1099,1187
1051,1088,83,82,1187
1051,1088,82,1187
1051,793,1099,1187,254
1051,1088,83,82,1187,254
1051,1088,82,1187,254
887,1051,793
887,1051,1088,82,1187,1099,793
887,1051,793,1099,1056
887,1051,1088,83,82,1187,1099,1056
887,1051,1088,82,1187,1099,1056
887,1051,793,1099,1056,924
887,1051,1088,83,82,1187,1099,1056,924
887,1051,1088,82,1187,1099,1056,924
887,1051,1088
887,1051,793,1099
887,1051,1088,83,82,1187,1099
887,1051,1088,82,1187,1099
887,1051,793,1099,1187
887,1051,1088,83,82,1187
887,1051,1088,82,1187
887,1051,793,1099,1187,254
887,1051,1088,83,82,1187,254
887,1051,1088,82,1187,254
793,1051,1088,83,82,1187,1099,1056
793,1051,1088,82,1187,1099,1056
793,1099,1056
793,1051,1088,83,82,1187,1099,1056,924
793,1051,1088,82,1187,1099,1056,924
793,1099,1056,924
793,1051,1088
793,1099,1187,82,1088
793,1099
793,1051,1088,83,82,1187
793,1051,1088,82,1187
793,1099,1187
793,1051,1088,83,82,1187,254
793,1051,1088,82,1187,254
793,1099,1187,254
1056,924
1056,1099,793,1051,1088
1056,1099,1187,82,1088
1056,1099
1056,1099,1187
1056,1099,793,1051,1088,83,82,1187,254
1056,1099,793,1051,1088,82,1187,254
1056,1099,1187,254
924,1056,1099,793,1051,1088
924,1056,1099,1187,82,1088
924,1056,1099
924,1056,1099,1187
924,1056,1099,793,1051,1088,83,82,1187,254
924,1056,1099,793,1051,1088,82,1187,254
924,1056,1099,1187,254
1062,434,1265
1069,1070
1069,1378
1070,1069,1378
1072,300,1534
1076,1031
1076,1031,1497
1031,1497
1088,82,1187,1099
1088,1051,793,1099
1088,82,1187
1088,1051,793,1099,1187
1088,82,1187,254
1088,1051,793,1099,1187,254
1092,588,589,1532
1092,588,589,1532,425
1092,588,589,1532,1053
1099,1187
1099,1187,254
1101,573
1101,573,1183
573,1183
1103,649
1111,260,1526
1112,298
1116,401
1125,1126
1125,338,1298
1125,338,1298,1281
1125,338,1429
1125,338,1429,1346
1126,1125,338,1298
1126,1125,338,1298,1281
1126,1125,338,1429
1126,1125,338,1429,1346
1135,294
1148,397,1525
1148,397,1525,617
1148,397,1525,1524
1161,669
1165,878
1165,1481
1165,1481,1297
1165,1481,1194
878,1165,1481
878,1165,1481,1297
878,1165,1481,1194
1166,524,1294
1170,1171
1187,254
1188,1189
1196,1197
1211,193
1211,1212
1211,1212,440,1295
1211,1212,441,439,440,1295
1211,1212,440,1304
1211,1212,441,439,440,1304
1211,1212,440,1426
1211,1212,441,439,440,1426
193,1211,1212
193,1211,1212,440,1295
193,1211,1212,441,439,440,1295
193,1211,1212,440,1304
193,1211,1212,441,439,440,1304
193,1211,1212,440,1426
193,1211,1212,441,439,440,1426
1212,440,1295
1212,440,1304
1212,440,1426
1215,1052
1225,265,1446
1225,265,1564
330,918,917,919,246
330,918,917,920,435
330,918,917,922,222
1262,895
1262,186
895,1262,186
1263,1264
1263,569
1264,1263,569
1267,29,1435
1267,29,1476
1267,29,1554
1267,29,1559
1271,897
246,919,917,920,435
246,919,917,922,222
1276,660
1295,440,1304
1295,440,1426
1298,1281
1298,338,1429
1298,338,1429,1346
1281,1298,338,1429
1281,1298,338,1429,1346
1304,440,1426
1328,935
1352,1153
1352,1153,1400
1153,1400
1353,791
1367,325
1371,650
1405,461
1420,607
1429,1346
1435,29,1476
1435,29,1554
1435,29,1559
1441,584
1446,265,1564
1450,339
1450,339,994,1474
339,994,1474
1451,1432
1457,1282
435,920,917,922,222
1463,1185
1465,91,1470,1469
1465,91,1470,1469,200
1465,91,1470
1466,1109
1468,968
1468,17
1468,708,1513
968,1468,17
968,1468,708,1513
17,1468,708,1513
1469,200
1469,1470
200,1469,1470
1471,452
1476,29,1554
1476,29,1559
1481,1297
1481,1194
1297,1481,1194
1483,1251
1483,1274
1483,965
1483,1484
1251,1483,1274
1251,1483,965
1251,1483,1484
1274,1483,965
1274,1483,1484
965,1483,1484
1486,1084
1486,490
1486,1560
1084,1486,490
1084,1486,1560
490,1486,1560
1490,1245
1508,34
1521,1108
1525,617
1525,1524
617,1525,1524
1532,425
1532,1053
425,1532,1053
1538,765
1539,1412
1548,1549
1552,628
1554,29,1559
1557,776
1569,914
1575,1119
1580,1343
