13,14
34,35
34,35,81
34,35,85
34,35,493
34,35,680
34,35,788
34,35,1070
34,35,1114
34,35,1228
34,35,1237
35,81
35,85
35,493
35,680
35,788
35,1070
35,1114
35,1228
35,1237
48,49
48,50
48,1000
49,48,50
49,48,1000
50,48,1000
54,55
66,67
66,1224
66,1224,435
67,66,1224
67,66,1224,435
68,69
68,70,150,69
68,70,150,71,440,69
68,70,328,69
68,70,440,69
68,70,605,69
68,71,150,69
68,71,150,70,328,69
68,71,150,70,605,69
68,71,440,69
68,71,440,70,328,69
68,71,440,70,605,69
68,70
68,71,150,70
68,71,440,70
68,71
68,69,150
68,69,328,70,150
68,69,328,70,440,71,150
68,69,440,70,150
68,69,440,71,150
68,69,605,70,150
68,69,605,70,440,71,150
68,70,150
68,70,440,71,150
68,71,150
68,69,328
68,69,440,70,328
68,69,605,70,328
68,70,328
68,71,150,69,328
68,71,150,69,605,70,328
68,71,150,70,328
68,71,440,69,328
68,71,440,69,605,70,328
68,71,440,70,328
68,69,440
68,69,605,70,440
68,70,440
68,71,440
68,69,605
68,70,605
68,71,150,69,605
68,71,150,70,605
68,71,440,69,605
68,71,440,70,605
69,68,70
69,68,71,150,70
69,68,71,440,70
69,150,70
69,150,71,440,70
69,328,70
69,440,70
69,605,70
69,68,71
69,150,71
69,328,70,68,71
69,328,70,150,71
69,328,70,440,71
69,440,71
69,605,70,68,71
69,605,70,150,71
69,605,70,440,71
69,150
69,328,70,150
69,328,70,440,71,150
69,440,70,150
69,440,71,150
69,605,70,150
69,605,70,440,71,150
69,328
69,440,70,328
69,605,70,328
69,440
69,605,70,440
69,605
70,68,71
70,150,71
70,440,71
70,150
70,440,71,150
70,328
70,440
70,605
71,150
71,68,69,328
71,68,69,605,70,328
71,68,70,328
71,150,69,328
71,150,69,605,70,328
71,150,70,328
71,440,69,328
71,440,69,605,70,328
71,440,70,328
71,440
71,68,69,605
71,68,70,605
71,150,69,605
71,150,70,605
71,440,69,605
71,440,70,605
81,35,85
81,35,493
81,35,680
81,35,788
81,35,1070
81,35,1114
81,35,1228
81,35,1237
85,35,493
85,35,680
85,35,788
85,35,1070
85,35,1114
85,35,1228
85,35,1237
101,59
103,104
107,108
107,108,896
108,896
116,117
116,568,117
116,568
116,659
116,659,660
116,1185
116,1185,406
116,1185,1186
117,568
117,116,659
117,568,116,659
117,116,659,660
117,568,116,659,660
117,116,1185
117,568,116,1185
117,116,1185,406
117,568,116,1185,406
117,116,1185,1186
117,568,116,1185,1186
119,120
121,37
121,122
121,37,327
37,121,122
37,327
122,121,37,327
123,1194
124,125
124,63
124,63,362,298,297
124,63,362,298
124,63,362
124,63,528
124,63,687
124,63,362,298,1032
124,125,1148
125,124,63
125,124,63,362,298,297
125,124,63,362,298
125,124,63,362
125,124,63,528
125,124,63,687
125,124,63,362,298,1032
125,1148
63,362,298,297
63,362,298
63,362
63,528
63,687
63,362,298,1032
63,124,125,1148
129,130
129,131
129,695,476,936,935,131
129,695,696,936,935,131
129,695,697,936,935,131
129,695,935,131
129,936,935,131
129,695
129,936,935,695
129,936,476,695
129,936,696,695
129,936,697,695
129,131,935,936,476
129,131,935,936,696,695,476
129,131,935,936,697,695,476
129,131,935,695,476
129,695,476
129,695,696,936,476
129,695,697,936,476
129,695,935,936,476
129,936,476
129,131,935,936,696
129,131,935,936,697,695,696
129,131,935,695,696
129,695,696
129,695,697,936,696
129,695,935,936,696
129,936,696
129,131,935,936,697
129,131,935,695,697
129,695,697
129,695,935,936,697
129,936,697
129,131,935
129,695,935
129,936,935
129,936
130,129,131
130,129,695,476,936,935,131
130,129,695,696,936,935,131
130,129,695,697,936,935,131
130,129,695,935,131
130,129,936,935,131
130,129,695
130,129,936,935,695
130,129,936,476,695
130,129,936,696,695
130,129,936,697,695
130,129,131,935,936,476
130,129,131,935,936,696,695,476
130,129,131,935,936,697,695,476
130,129,131,935,695,476
130,129,695,476
130,129,695,696,936,476
130,129,695,697,936,476
130,129,695,935,936,476
130,129,936,476
130,129,131,935,936,696
130,129,131,935,936,697,695,696
130,129,131,935,695,696
130,129,695,696
130,129,695,697,936,696
130,129,695,935,936,696
130,129,936,696
130,129,131,935,936,697
130,129,131,935,695,697
130,129,695,697
130,129,695,935,936,697
130,129,936,697
130,129,131,935
130,129,695,935
130,129,936,935
130,129,936
131,129,695
131,129,936,935,695
131,129,936,476,695
131,129,936,696,695
131,129,936,697,695
131,935,936,476,695
131,935,936,696,695
131,935,936,697,695
131,935,695
131,129,695,476
131,129,695,696,936,476
131,129,695,697,936,476
131,129,936,476
131,935,936,476
131,935,936,696,695,476
131,935,936,697,695,476
131,935,695,476
131,129,695,696
131,129,695,697,936,696
131,129,936,696
131,935,936,696
131,935,936,697,695,696
131,935,695,696
131,129,695,697
131,129,936,697
131,935,936,697
131,935,695,697
131,935
131,129,936
131,935,936
135,136
135,137
135,138
135,139
135,140
135,141
135,138,222
135,140,31
135,136,567
135,137,419
135,139,714
135,141,396
136,135,137
136,135,138
136,135,139
136,135,140
136,135,141
136,135,138,222
136,135,140,31
136,567
136,135,137,419
136,135,139,714
136,135,141,396
137,135,138
137,135,139
137,135,140
137,135,141
137,135,138,222
137,135,140,31
137,135,136,567
137,419
137,135,139,714
137,135,141,396
138,135,139
138,135,140
138,135,141
138,222
138,135,140,31
138,135,136,567
138,135,137,419
138,135,139,714
138,135,141,396
139,135,140
139,135,141
139,135,138,222
139,135,140,31
139,135,136,567
139,135,137,419
139,714
139,135,141,396
140,135,141
140,135,138,222
140,31
140,135,136,567
140,135,137,419
140,135,139,714
140,135,141,396
141,135,138,222
141,135,140,31
141,135,136,567
141,135,137,419
141,135,139,714
141,396
150,69,328
150,69,440,70,328
150,69,605,70,328
150,70,328
150,71,440,69,328
150,71,440,69,605,70,328
150,71,440,70,328
150,69,440
150,69,605,70,440
150,70,440
150,71,440
150,69,605
150,70,605
150,71,440,69,605
150,71,440,70,605
178,179
178,502,206,204
178,502,912,206,204
178,502,206,204,205
178,502,912,206,204,205
178,502,206
178,502,912,206
178,502,206,204,207
178,502,912,206,204,207
178,502,206,912,228
178,502,912,228
178,502,206,912,228,229
178,502,912,228,229
178,502
178,502,912
179,178,502,206,204
179,178,502,912,206,204
179,178,502,206,204,205
179,178,502,912,206,204,205
179,178,502,206
179,178,502,912,206
179,178,502,206,204,207
179,178,502,912,206,204,207
179,178,502,206,912,228
179,178,502,912,228
179,178,502,206,912,228,229
179,178,502,912,228,229
179,178,502
179,178,502,912
181,182
186,187
186,187,461
187,461
194,195
194,196
194,196,1064
194,196,1105
194,196,472
195,194,196
195,194,196,1064
195,194,196,1105
195,194,196,472
196,1064
196,1105
196,472
204,205
204,206
204,207
204,206,502,912,228
204,206,912,228
204,206,502,912,228,229
204,206,912,228,229
204,206,502
204,206,912,502
204,206,912
205,204,206
205,204,207
205,204,206,502,912,228
205,204,206,912,228
205,204,206,502,912,228,229
205,204,206,912,228,229
205,204,206,502
205,204,206,912,502
205,204,206,912
206,204,207
206,502,912,228
206,912,228
206,502,912,228,229
206,912,228,229
206,502
206,912,502
206,912
207,204,206,502,912,228
207,204,206,912,228
207,204,206,502,912,228,229
207,204,206,912,228,229
207,204,206,502
207,204,206,912,502
207,204,206,912
219,220
219,220,519
220,519
222,138,135,140,31
222,138,135,136,567
222,138,135,137,419
222,138,135,139,714
222,138,135,141,396
228,229
228,912,502
228,912
229,228,912,502
229,228,912
233,234
240,241
248,249
248,250
249,248,250
258,259
258,259,351
258,259,699
259,351
259,699
31,140,135,136,567
31,140,135,137,419
31,140,135,139,714
31,140,135,141,396
288,289
288,290
289,288,290
293,294
297,298
297,298,362
297,298,362,63,528
297,298,362,63,687
297,298,1032
297,298,362,63,124,125,1148
298,362
298,362,63,528
298,362,63,687
298,1032
298,362,63,124,125,1148
305,118
309,151
309,151,770
151,770
328,69,440
328,69,605,70,440
328,70,440
328,69,605
328,70,605
329,330
329,330,987,850
329,330,987,850,851
329,330,466
329,330,987
330,987,850
330,987,850,851
330,466
330,987
341,342
345,346
345,346,922
346,922
348,349
351,259,699
358,359
358,24
358,359,520
358,359,520,521
358,359,587
358,359,587,375
358,359,861
358,359,861,816
358,359,1063
358,359,1063,944
358,359,1127
358,359,1127,242
359,358,24
359,520
359,520,521
359,587
359,587,375
359,861
359,861,816
359,1063
359,1063,944
359,1127
359,1127,242
24,358,359,520
24,358,359,520,521
24,358,359,587
24,358,359,587,375
24,358,359,861
24,358,359,861,816
24,358,359,1063
24,358,359,1063,944
24,358,359,1127
24,358,359,1127,242
362,63,528
362,63,687
362,298,1032
362,63,124,125,1148
377,378
385,22
385,22,1062
22,1062
395,343
425,426
425,389
426,425,389
429,430
429,430,949
429,1260
430,949
430,429,1260
440,69,605
440,70,605
447,448
447,449,1081,172,448
447,449,1081,663,448
447,449,1167,172,1081,663,448
447,449,1167,172,448
447,449
447,450
447,451
447,452
447,453
447,448,172,1081,449,771
447,448,172,1167,449,771
447,448,663,1081,172,1167,449,771
447,448,663,1081,449,771
447,449,771
447,448,172,1081
447,448,172,1167,449,1081
447,448,663,1081
447,449,1081
447,449,1167,172,1081
447,448,172
447,448,663,1081,172
447,449,1081,172
447,449,1081,663,448,172
447,449,1167,172
447,448,663
447,449,1081,663
447,449,1167,172,1081,663
447,449,1167,172,448,663
447,448,172,1167
447,448,663,1081,172,1167
447,448,663,1081,449,1167
447,449,1167
447,448,172,1081,449,1248
447,448,172,1167,449,1248
447,448,663,1081,172,1167,449,1248
447,448,663,1081,449,1248
447,449,1248
448,447,449
448,172,1081,449
448,172,1167,449
448,663,1081,172,1167,449
448,663,1081,449
448,447,450
448,172,1081,449,447,450
448,172,1167,449,447,450
448,663,1081,172,1167,449,447,450
448,663,1081,449,447,450
448,447,451
448,172,1081,449,447,451
448,172,1167,449,447,451
448,663,1081,172,1167,449,447,451
448,663,1081,449,447,451
448,447,452
448,172,1081,449,447,452
448,172,1167,449,447,452
448,663,1081,172,1167,449,447,452
448,663,1081,449,447,452
448,447,453
448,172,1081,449,447,453
448,172,1167,449,447,453
448,663,1081,172,1167,449,447,453
448,663,1081,449,447,453
448,447,449,771
448,172,1081,449,771
448,172,1167,449,771
448,663,1081,172,1167,449,771
448,663,1081,449,771
448,447,449,1081
448,172,1081
448,172,1167,449,1081
448,663,1081
448,172
448,663,1081,172
448,663
448,447,449,1167
448,172,1167
448,663,1081,172,1167
448,663,1081,449,1167
448,447,449,1248
448,172,1081,449,1248
448,172,1167,449,1248
448,663,1081,172,1167,449,1248
448,663,1081,449,1248
449,447,450
449,447,451
449,447,452
449,447,453
449,771
449,1081
449,1167,172,1081
449,447,448,172
449,1081,172
449,1081,663,448,172
449,1167,172
449,447,448,663
449,1081,663
449,1167,172,1081,663
449,1167,172,448,663
449,1167
449,1248
450,447,451
450,447,452
450,447,453
450,447,448,172,1081,449,771
450,447,448,172,1167,449,771
450,447,448,663,1081,172,1167,449,771
450,447,448,663,1081,449,771
450,447,449,771
450,447,448,172,1081
450,447,448,172,1167,449,1081
450,447,448,663,1081
450,447,449,1081
450,447,449,1167,172,1081
450,447,448,172
450,447,448,663,1081,172
450,447,449,1081,172
450,447,449,1081,663,448,172
450,447,449,1167,172
450,447,448,663
450,447,449,1081,663
450,447,449,1167,172,1081,663
450,447,449,1167,172,448,663
450,447,448,172,1167
450,447,448,663,1081,172,1167
450,447,448,663,1081,449,1167
450,447,449,1167
450,447,448,172,1081,449,1248
450,447,448,172,1167,449,1248
450,447,448,663,1081,172,1167,449,1248
450,447,448,663,1081,449,1248
450,447,449,1248
451,447,452
451,447,453
451,447,448,172,1081,449,771
451,447,448,172,1167,449,771
451,447,448,663,1081,172,1167,449,771
451,447,448,663,1081,449,771
451,447,449,771
451,447,448,172,1081
451,447,448,172,1167,449,1081
451,447,448,663,1081
451,447,449,1081
451,447,449,1167,172,1081
451,447,448,172
451,447,448,663,1081,172
451,447,449,1081,172
451,447,449,1081,663,448,172
451,447,449,1167,172
451,447,448,663
451,447,449,1081,663
451,447,449,1167,172,1081,663
451,447,449,1167,172,448,663
451,447,448,172,1167
451,447,448,663,1081,172,1167
451,447,448,663,1081,449,1167
451,447,449,1167
451,447,448,172,1081,449,1248
451,447,448,172,1167,449,1248
451,447,448,663,1081,172,1167,449,1248
451,447,448,663,1081,449,1248
451,447,449,1248
452,447,453
452,447,448,172,1081,449,771
452,447,448,172,1167,449,771
452,447,448,663,1081,172,1167,449,771
452,447,448,663,1081,449,771
452,447,449,771
452,447,448,172,1081
452,447,448,172,1167,449,1081
452,447,448,663,1081
452,447,449,1081
452,447,449,1167,172,1081
452,447,448,172
452,447,448,663,1081,172
452,447,449,1081,172
452,447,449,1081,663,448,172
452,447,449,1167,172
452,447,448,663
452,447,449,1081,663
452,447,449,1167,172,1081,663
452,447,449,1167,172,448,663
452,447,448,172,1167
452,447,448,663,1081,172,1167
452,447,448,663,1081,449,1167
452,447,449,1167
452,447,448,172,1081,449,1248
452,447,448,172,1167,449,1248
452,447,448,663,1081,172,1167,449,1248
452,447,448,663,1081,449,1248
452,447,449,1248
453,447,448,172,1081,449,771
453,447,448,172,1167,449,771
453,447,448,663,1081,172,1167,449,771
453,447,448,663,1081,449,771
453,447,449,771
453,447,448,172,1081
453,447,448,172,1167,449,1081
453,447,448,663,1081
453,447,449,1081
453,447,449,1167,172,1081
453,447,448,172
453,447,448,663,1081,172
453,447,449,1081,172
453,447,449,1081,663,448,172
453,447,449,1167,172
453,447,448,663
453,447,449,1081,663
453,447,449,1167,172,1081,663
453,447,449,1167,172,448,663
453,447,448,172,1167
453,447,448,663,1081,172,1167
453,447,448,663,1081,449,1167
453,447,449,1167
453,447,448,172,1081,449,1248
453,447,448,172,1167,449,1248
453,447,448,663,1081,172,1167,449,1248
453,447,448,663,1081,449,1248
453,447,449,1248
473,474
473,475
474,473,475
484,485
493,35,680
493,35,788
493,35,1070
493,35,1114
493,35,1228
493,35,1237
500,501
502,912
507,508
509,887
520,521
520,359,587
520,359,587,375
520,359,861
520,359,861,816
520,359,1063
520,359,1063,944
520,359,1127
520,359,1127,242
521,520,359,587
521,520,359,587,375
521,520,359,861
521,520,359,861,816
521,520,359,1063
521,520,359,1063,944
521,520,359,1127
521,520,359,1127,242
528,63,687
528,63,362,298,1032
528,63,124,125,1148
529,211
530,531
530,531,546
530,531,546,613
531,546
531,546,613
532,533
532,533,603
533,603
535,512
539,51
546,613
547,548
547,548,552
547,548,569
547,548,847
548,552
548,569
548,847
549,550
549,550,692
550,692
552,548,569
552,548,847
568,116,659
568,116,659,660
568,116,1185
568,116,1185,406
568,116,1185,1186
569,548,847
580,581
580,582
580,5
580,583
580,12
580,198
580,584
580,210
580,585
581,580,582
581,580,5
581,580,583
581,580,12
581,580,198
581,580,584
581,580,210
581,580,585
582,580,5
582,580,583
582,580,12
582,580,198
582,580,584
582,580,210
582,580,585
5,580,583
5,580,12
5,580,198
5,580,584
5,580,210
5,580,585
583,580,12
583,580,198
583,580,584
583,580,210
583,580,585
12,580,198
12,580,584
12,580,210
12,580,585
198,580,584
198,580,210
198,580,585
584,580,210
584,580,585
210,580,585
587,375
587,359,861
587,359,861,816
587,359,1063
587,359,1063,944
587,359,1127
587,359,1127,242
375,587,359,861
375,587,359,861,816
375,587,359,1063
375,587,359,1063,944
375,587,359,1127
375,587,359,1127,242
604,57
604,1116
604,1116,859
604,1116,652
57,604,1116
57,604,1116,859
57,604,1116,652
631,392
631,899,898
631,899
392,631,899,898
392,631,899
659,660
659,116,1185
659,116,1185,406
659,116,1185,1186
660,659,116,1185
660,659,116,1185,406
660,659,116,1185,1186
669,366
670,671
670,671,916
670,671,1067
670,671,1182
671,916
671,1067
671,1182
680,35,788
680,35,1070
680,35,1114
680,35,1228
680,35,1237
687,63,362,298,1032
687,63,124,125,1148
689,690
689,691
690,689,691
695,476
695,696,936,476
695,697,936,476
695,935,936,476
695,696
695,697,936,696
695,935,936,696
695,697
695,935,936,697
695,935
695,476,936
695,696,936
695,697,936
695,129,936
695,935,936
476,695,696
476,695,697,936,696
476,695,935,936,696
476,936,696
476,695,697
476,695,935,936,697
476,936,697
476,695,935
476,936,935
476,936
696,695,697
696,695,935,936,697
696,936,697
696,695,935
696,936,935
696,936
697,695,935
697,936,935
697,936
703,704
703,704,1085
703,704,336
704,1085
704,336
711,712
567,136,135,137,419
567,136,135,139,714
567,136,135,141,396
749,746
751,752
771,449,1081
771,449,1167,172,1081
771,449,447,448,172
771,449,447,448,663,1081,172
771,449,1081,172
771,449,1081,663,448,172
771,449,1167,172
771,449,447,448,663
771,449,1081,663
771,449,1167,172,1081,663
771,449,1167,172,448,663
771,449,1167
771,449,1248
773,388
788,35,1070
788,35,1114
788,35,1228
788,35,1237
419,137,135,139,714
419,137,135,141,396
796,797
796,797,1158
797,1158
850,851
850,987,330,466
850,987
851,850,987,330,466
851,850,987
861,816
861,359,1063
861,359,1063,944
861,359,1127
861,359,1127,242
816,861,359,1063
816,861,359,1063,944
816,861,359,1127
816,861,359,1127,242
876,755
884,885
898,899
916,671,1067
916,671,1182
919,161
932,61
935,936
950,577
950,577,1029
577,1029
965,562
974,975
977,978
466,330,987
1032,298,362,63,124,125,1148
1035,747
1045,301
949,430,429,1260
1054,985
1059,467
1063,944
1063,359,1127
1063,359,1127,242
944,1063,359,1127
944,1063,359,1127,242
1064,196,1105
1064,196,472
1067,671,1182
1070,35,1114
1070,35,1228
1070,35,1237
1075,955
1079,94
1081,172
1081,663
1081,172,1167
1081,449,1167
1081,172,1167,449,1248
1081,449,1248
172,1081,663
172,448,663
172,1167
172,1081,663,448,447,449,1248
172,1081,449,1248
172,1167,449,1248
172,448,447,449,1248
172,448,663,1081,449,1248
663,1081,172,1167
663,1081,449,1167
663,448,447,449,1167
663,448,172,1167
663,1081,172,1167,449,1248
663,1081,449,1248
663,448,447,449,1248
663,448,172,1167,449,1248
1082,686
1085,704,336
1088,1065
714,139,135,141,396
1100,635
1102,492
1105,196,472
1114,35,1228
1114,35,1237
1116,859
1116,652
859,1116,652
1122,446
1122,809
1122,1238
446,1122,809
446,1122,1238
809,1122,1238
1127,242
1135,1136
1161,445
1167,449,1248
1168,41
1175,1176
1185,406
1185,1186
406,1185,1186
1222,279
1224,435
1227,1005
1228,35,1237
1251,1252
1257,127
1259,1087
1262,511
1263,480
1265,360
1273,740
1289,1094
