2,3
2,24
2,24,52
2,3,69
2,3,69,70
2,3,69,71
2,3,69,53
2,3,69,72
2,3,69,71,144
2,3,69,71,144,145
2,3,201
2,3,297
3,2,24
3,2,24,52
3,69
3,69,70
3,69,71
3,69,53
3,69,72
3,69,71,144
3,69,71,144,145
3,201
3,297
12,13
12,13,82,81
12,13,82
13,82,81
13,82
18,19
18,19,41
18,19,51
18,19,57
18,19,114
18,19,114,115
18,19,151
18,19,175
19,41
19,51
19,57
19,114
19,114,115
19,151
19,175
24,52
24,2,3,69
24,2,3,69,70
24,2,3,69,71
24,2,3,69,53
24,2,3,69,72
24,2,3,69,71,144
24,2,3,69,71,144,145
24,2,3,201
24,2,3,297
25,26
30,31
30,31,38
30,31,39
30,31,143
30,31,229
31,38
31,39
31,143
31,229
32,33
38,31,39
38,31,143
38,31,229
39,31,143
39,31,229
41,19,51
41,19,57
41,19,114
41,19,114,115
41,19,151
41,19,175
44,45
51,19,57
51,19,114
51,19,114,115
51,19,151
51,19,175
52,24,2,3,69
52,24,2,3,69,70
52,24,2,3,69,71
52,24,2,3,69,53
52,24,2,3,69,72
52,24,2,3,69,71,144
52,24,2,3,69,71,144,145
52,24,2,3,201
52,24,2,3,297
57,19,114
57,19,114,115
57,19,151
57,19,175
63,64
63,64,93
63,64,300
64,93
64,300
66,67
66,67,252
66,67,283
67,252
67,283
69,70
69,71
69,53
69,72
69,71,144
69,71,144,145
69,3,201
69,3,297
70,69,71
70,69,53
70,69,72
70,69,71,144
70,69,71,144,145
70,69,3,201
70,69,3,297
71,69,53
71,69,72
71,144
71,144,145
71,69,3,201
71,69,3,297
53,69,72
53,69,71,144
53,69,71,144,145
53,69,3,201
53,69,3,297
72,69,71,144
72,69,71,144,145
72,69,3,201
72,69,3,297
81,82
84,85
84,86,107,108,85
84,86,107,108,224,85
84,86,224,85
84,86,224,108,85
84,86
84,85,108,107
84,85,224,86,107
84,85,224,108,107
84,86,107
84,86,224,108,107
84,85,108
84,85,224,108
84,86,107,108
84,86,224,108
84,85,108,107,86,150
84,85,108,224,86,150
84,85,224,86,150
84,85,224,108,107,86,150
84,86,150
84,85,224
84,86,224
84,85,108,107,86,224,15
84,85,108,224,15
84,85,224,15
84,86,107,108,224,15
84,86,224,15
84,85,108,107,86,150,235
84,85,108,224,86,150,235
84,85,224,86,150,235
84,85,224,108,107,86,150,235
84,86,150,235
85,84,86
85,108,107,86
85,108,224,86
85,224,86
85,224,108,107,86
85,84,86,107
85,108,107
85,224,86,107
85,224,108,107
85,108
85,224,108
85,84,86,150
85,108,107,86,150
85,108,224,86,150
85,224,86,150
85,224,108,107,86,150
85,224
85,84,86,224,15
85,108,107,86,224,15
85,108,224,15
85,224,15
85,84,86,150,235
85,108,107,86,150,235
85,108,224,86,150,235
85,224,86,150,235
85,224,108,107,86,150,235
86,107
86,224,108,107
86,84,85,108
86,107,108
86,224,108
86,150
86,224
86,84,85,108,224,15
86,107,108,224,15
86,224,15
86,150,235
93,64,300
98,99
98,118
98,118,119
99,98,118
99,98,118,119
107,108
107,86,150
107,108,224,86,150
107,86,224
107,108,224
107,86,84,85,224,15
107,86,224,15
107,108,85,224,15
107,108,224,15
107,86,150,235
107,108,224,86,150,235
108,107,86,150
108,85,84,86,150
108,224,86,150
108,224
108,224,15
108,107,86,150,235
108,85,84,86,150,235
108,224,86,150,235
110,6
110,111
6,110,111
114,115
114,19,151
114,19,175
115,114,19,151
115,114,19,175
117,79
117,79,264
79,264
118,119
120,121
126,127
130,48
137,138
137,138,277
137,138,277,280
137,138,277,280,281
138,277
138,277,280
138,277,280,281
143,31,229
144,145
144,71,69,3,201
144,71,69,3,297
145,144,71,69,3,201
145,144,71,69,3,297
150,86,224
150,86,84,85,108,224,15
150,86,84,85,224,15
150,86,107,108,85,224,15
150,86,107,108,224,15
150,86,224,15
150,235
151,19,175
161,162
161,163
161,164
161,165
162,161,163
162,161,164
162,161,165
163,161,164
163,161,165
164,161,165
167,168
178,179
182,183
182,76
182,183,192
183,182,76
183,192
76,182,183,192
185,186
185,215
186,185,215
190,133
201,3,297
205,206
209,210
209,211
209,116
209,62
210,209,211
210,209,116
210,209,62
211,209,116
211,209,62
116,209,62
212,213
219,49
219,49,275
49,275
224,15
224,86,150,235
15,224,85,84,86,150,235
15,224,85,108,107,86,150,235
15,224,86,150,235
15,224,108,107,86,150,235
15,224,108,85,84,86,150,235
233,234
233,234,246
234,246
243,55
244,176
252,67,283
258,236
262,263
262,263,43
262,263,245
263,43
263,245
277,280
277,280,281
280,281
284,35
43,263,245
