0 1
2 3
4 5
6 7
8 9
10 11
12 13
4 14
15 16
17 18
19 20
21 22
23 24
25 26
27 28
29 5
30 31
32 4
33 34
35 11
36 37
38 39
40 41
42 43
44 45
46 47
48 49
50 4
51 52
53 54
55 56
57 2
58 59
60 61
62 63
64 65
66 67
32 15
45 68
69 70
71 72
73 74
15 75
76 11
77 22
78 47
79 47
80 41
67 81
82 83
84 85
86 48
9 4
87 18
88 1
89 67
90 5
87 91
92 4
93 94
77 95
96 97
98 7
99 100
87 101
102 103
104 105
106 11
107 97
108 109
110 95
111 112
113 114
115 116
27 22
117 37
118 119
120 121
88 52
15 39
8 4
122 123
124 73
125 126
127 51
128 129
79 98
130 131
99 125
132 133
134 18
135 112
136 51
137 138
139 140
120 4
141 142
104 47
134 143
144 145
146 147
148 149
150 24
151 5
152 78
153 154
155 156
157 158
93 5
83 129
159 54
15 158
160 161
162 87
163 74
164 98
92 165
166 26
167 39
168 31
169 11
170 171
61 125
172 173
61 100
174 67
125 62
175 11
176 177
110 22
178 4
15 47
179 51
61 180
181 182
79 183
184 97
185 11
27 186
20 187
184 188
189 125
25 190
191 192
193 11
194 6
195 196
197 198
199 21
64 200
174 51
201 202
134 203
204 178
205 129
4 158
206 39
207 138
74 73
73 208
79 209
210 211
92 212
213 214
171 215
216 217
122 218
219 57
220 221
222 223
224 119
225 147
39 7
87 134
226 227
228 229
19 230
231 232
103 233
79 234
134 213
48 235
15 212
236 237
178 15
238 239
96 217
240 18
33 222
151 47
136 67
241 192
14 158
242 78
239 243
216 97
134 17
58 244
104 245
246 60
247 248
249 54
250 158
251 252
253 254
241 109
255 60
79 105
170 128
107 1
256 215
257 7
247 258
259 145
260 261
262 45
19 190
15 247
263 5
264 81
125 63
265 266
267 268
79 4
15 269
270 271
57 272
273 81
274 5
275 11
276 277
27 95
15 278
124 74
176 279
143 99
61 153
280 281
282 283
284 24
264 52
167 78
285 286
220 65
66 51
287 288
289 290
2 233
291 4
88 112
292 70
293 11
195 294
184 217
29 94
246 219
295 296
265 54
57 297
267 156
298 24
87 272
299 229
143 300
114 301
130 288
273 52
107 112
137 302
303 11
304 305
216 188
96 188
178 212
213 306
64 130
307 85
33 154
165 4
104 234
155 268
79 308
249 266
38 78
309 173
43 310
57 311
312 74
19 166
130 313
314 315
88 81
316 11
317 318
189 100
319 133
320 321
68 37
178 158
225 145
205 215
322 198
323 302
61 189
242 39
202 324
289 325
326 11
125 189
327 202
19 25
82 256
328 72
329 158
176 224
179 67
147 330
58 331
255 57
15 332
286 103
333 74
103 154
334 335
143 101
32 158
107 188
336 337
338 109
32 212
206 78
162 339
62 271
274 340
341 342
226 67
343 109
61 344
345 140
4 50
57 283
346 347
120 183
104 308
21 95
58 348
127 67
349 202
350 47
107 217
61 62
252 305
33 270
351 352
