15,16
36,37
36,37,84
36,37,87
36,37,479
36,37,667
36,37,770
36,37,1047
36,37,1091
36,37,1211
36,37,1220
37,84
37,87
37,479
37,667
37,770
37,1047
37,1091
37,1211
37,1220
50,51
50,52
50,979
51,50,52
51,50,979
52,50,979
56,57
69,70
69,1207
69,1207,423
70,69,1207
70,69,1207,423
71,72
71,73,151,72
71,73,151,74,427,72
71,73,321,72
71,73,427,72
71,73,592,72
71,74,151,72
71,74,151,73,321,72
71,74,151,73,592,72
71,74,427,72
71,74,427,73,321,72
71,74,427,73,592,72
71,73
71,74,151,73
71,74,427,73
71,74
71,72,151
71,72,321,73,151
71,72,321,73,427,74,151
71,72,427,73,151
71,72,427,74,151
71,72,592,73,151
71,72,592,73,427,74,151
71,73,151
71,73,427,74,151
71,74,151
71,72,321
71,72,427,73,321
71,72,592,73,321
71,73,321
71,74,151,72,321
71,74,151,72,592,73,321
71,74,151,73,321
71,74,427,72,321
71,74,427,72,592,73,321
71,74,427,73,321
71,72,427
71,72,592,73,427
71,73,427
71,74,427
71,72,592
71,73,592
71,74,151,72,592
71,74,151,73,592
71,74,427,72,592
71,74,427,73,592
72,71,73
72,71,74,151,73
72,71,74,427,73
72,151,73
72,151,74,427,73
72,321,73
72,427,73
72,592,73
72,71,74
72,151,74
72,321,73,71,74
72,321,73,151,74
72,321,73,427,74
72,427,74
72,592,73,71,74
72,592,73,151,74
72,592,73,427,74
72,151
72,321,73,151
72,321,73,427,74,151
72,427,73,151
72,427,74,151
72,592,73,151
72,592,73,427,74,151
72,321
72,427,73,321
72,592,73,321
72,427
72,592,73,427
72,592
73,71,74
73,151,74
73,427,74
73,151
73,427,74,151
73,321
73,427
73,592
74,151
74,71,72,321
74,71,72,592,73,321
74,71,73,321
74,151,72,321
74,151,72,592,73,321
74,151,73,321
74,427,72,321
74,427,72,592,73,321
74,427,73,321
74,427
74,71,72,592
74,71,73,592
74,151,72,592
74,151,73,592
74,427,72,592
74,427,73,592
84,37,87
84,37,479
84,37,667
84,37,770
84,37,1047
84,37,1091
84,37,1211
84,37,1220
87,37,479
87,37,667
87,37,770
87,37,1047
87,37,1091
87,37,1211
87,37,1220
91,92
103,61
105,106
109,110
109,110,878
110,878
117,118
117,553,118
117,553
117,646
117,646,647
117,1166
117,1166,396
117,1166,1167
118,553
118,117,646
118,553,117,646
118,117,646,647
118,553,117,646,647
118,117,1166
118,553,117,1166
118,117,1166,396
118,553,117,1166,396
118,117,1166,1167
118,553,117,1166,1167
120,121
122,39
122,123
122,39,320
39,122,123
39,320
123,122,39,320
124,1177
125,126
125,66
125,66,349,292,291
125,66,349,292
125,66,349
125,66,514
125,66,675
125,66,349,292,1008
125,126,1126
126,125,66
126,125,66,349,292,291
126,125,66,349,292
126,125,66,349
126,125,66,514
126,125,66,675
126,125,66,349,292,1008
126,1126
66,349,292,291
66,349,292
66,349
66,514
66,675
66,349,292,1008
66,125,126,1126
131,132
131,133
131,683,463,917,916,133
131,683,684,917,916,133
131,683,685,917,916,133
131,683,916,133
131,917,916,133
131,683
131,917,916,683
131,917,463,683
131,917,684,683
131,917,685,683
131,133,916,917,463
131,133,916,917,684,683,463
131,133,916,917,685,683,463
131,133,916,683,463
131,683,463
131,683,684,917,463
131,683,685,917,463
131,683,916,917,463
131,917,463
131,133,916,917,684
131,133,916,917,685,683,684
131,133,916,683,684
131,683,684
131,683,685,917,684
131,683,916,917,684
131,917,684
131,133,916,917,685
131,133,916,683,685
131,683,685
131,683,916,917,685
131,917,685
131,133,916
131,683,916
131,917,916
131,917
132,131,133
132,131,683,463,917,916,133
132,131,683,684,917,916,133
132,131,683,685,917,916,133
132,131,683,916,133
132,131,917,916,133
132,131,683
132,131,917,916,683
132,131,917,463,683
132,131,917,684,683
132,131,917,685,683
132,131,133,916,917,463
132,131,133,916,917,684,683,463
132,131,133,916,917,685,683,463
132,131,133,916,683,463
132,131,683,463
132,131,683,684,917,463
132,131,683,685,917,463
132,131,683,916,917,463
132,131,917,463
132,131,133,916,917,684
132,131,133,916,917,685,683,684
132,131,133,916,683,684
132,131,683,684
132,131,683,685,917,684
132,131,683,916,917,684
132,131,917,684
132,131,133,916,917,685
132,131,133,916,683,685
132,131,683,685
132,131,683,916,917,685
132,131,917,685
132,131,133,916
132,131,683,916
132,131,917,916
132,131,917
133,131,683
133,131,917,916,683
133,131,917,463,683
133,131,917,684,683
133,131,917,685,683
133,916,917,463,683
133,916,917,684,683
133,916,917,685,683
133,916,683
133,131,683,463
133,131,683,684,917,463
133,131,683,685,917,463
133,131,917,463
133,916,917,463
133,916,917,684,683,463
133,916,917,685,683,463
133,916,683,463
133,131,683,684
133,131,683,685,917,684
133,131,917,684
133,916,917,684
133,916,917,685,683,684
133,916,683,684
133,131,683,685
133,131,917,685
133,916,917,685
133,916,683,685
133,916
133,131,917
133,916,917
137,138
137,139
137,140
137,141
137,142
137,143
137,140,218
137,142,33
137,138,552
137,139,409
137,141,702
137,143,386
138,137,139
138,137,140
138,137,141
138,137,142
138,137,143
138,137,140,218
138,137,142,33
138,552
138,137,139,409
138,137,141,702
138,137,143,386
139,137,140
139,137,141
139,137,142
139,137,143
139,137,140,218
139,137,142,33
139,137,138,552
139,409
139,137,141,702
139,137,143,386
140,137,141
140,137,142
140,137,143
140,218
140,137,142,33
140,137,138,552
140,137,139,409
140,137,141,702
140,137,143,386
141,137,142
141,137,143
141,137,140,218
141,137,142,33
141,137,138,552
141,137,139,409
141,702
141,137,143,386
142,137,143
142,137,140,218
142,33
142,137,138,552
142,137,139,409
142,137,141,702
142,137,143,386
143,137,140,218
143,137,142,33
143,137,138,552
143,137,139,409
143,137,141,702
143,386
151,72,321
151,72,427,73,321
151,72,592,73,321
151,73,321
151,74,427,72,321
151,74,427,72,592,73,321
151,74,427,73,321
151,72,427
151,72,592,73,427
151,73,427
151,74,427
151,72,592
151,73,592
151,74,427,72,592
151,74,427,73,592
178,179
178,489,202,200
178,489,894,202,200
178,489,202,200,201
178,489,894,202,200,201
178,489,202
178,489,894,202
178,489,202,200,203
178,489,894,202,200,203
178,489,202,894,224
178,489,894,224
178,489,202,894,224,225
178,489,894,224,225
178,489
178,489,894
179,178,489,202,200
179,178,489,894,202,200
179,178,489,202,200,201
179,178,489,894,202,200,201
179,178,489,202
179,178,489,894,202
179,178,489,202,200,203
179,178,489,894,202,200,203
179,178,489,202,894,224
179,178,489,894,224
179,178,489,202,894,224,225
179,178,489,894,224,225
179,178,489
179,178,489,894
181,182
200,201
200,202
200,203
200,202,489,894,224
200,202,894,224
200,202,489,894,224,225
200,202,894,224,225
200,202,489
200,202,894,489
200,202,894
201,200,202
201,200,203
201,200,202,489,894,224
201,200,202,894,224
201,200,202,489,894,224,225
201,200,202,894,224,225
201,200,202,489
201,200,202,894,489
201,200,202,894
202,200,203
202,489,894,224
202,894,224
202,489,894,224,225
202,894,224,225
202,489
202,894,489
202,894
203,200,202,489,894,224
203,200,202,894,224
203,200,202,489,894,224,225
203,200,202,894,224,225
203,200,202,489
203,200,202,894,489
203,200,202,894
215,216
215,216,505
216,505
218,140,137,142,33
218,140,137,138,552
218,140,137,139,409
218,140,137,141,702
218,140,137,143,386
224,225
224,894,489
224,894
225,224,894,489
225,224,894
229,230
236,237
244,245
244,246
245,244,246
33,142,137,138,552
33,142,137,139,409
33,142,137,141,702
33,142,137,143,386
282,283
282,284
283,282,284
287,288
291,292
291,292,349
291,292,349,66,514
291,292,349,66,675
291,292,1008
291,292,349,66,125,126,1126
292,349
292,349,66,514
292,349,66,675
292,1008
292,349,66,125,126,1126
299,119
303,152
303,152,756
152,756
321,72,427
321,72,592,73,427
321,73,427
321,72,592
321,73,592
322,323
322,323,967,832
322,323,967,832,833
322,323,454
322,323,967
323,967,832
323,967,832,833
323,454
323,967
331,332
336,337
345,346
345,27
345,346,506
345,346,506,507
345,346,572
345,346,572,364
345,346,842
345,346,842,799
345,346,1040
345,346,1040,925
345,346,1103
345,346,1103,238
346,345,27
346,506
346,506,507
346,572
346,572,364
346,842
346,842,799
346,1040
346,1040,925
346,1103
346,1103,238
27,345,346,506
27,345,346,506,507
27,345,346,572
27,345,346,572,364
27,345,346,842
27,345,346,842,799
27,345,346,1040
27,345,346,1040,925
27,345,346,1103
27,345,346,1103,238
349,66,514
349,66,675
349,292,1008
349,66,125,126,1126
367,368
385,333
415,416
415,379
416,415,379
427,72,592
427,73,592
434,435
434,436,1058,172,435
434,436,1058,650,435
434,436,1144,172,1058,650,435
434,436,1144,172,435
434,436
434,437
434,438
434,439
434,440
434,435,172,1058
434,435,172,1144,436,1058
434,435,650,1058
434,436,1058
434,436,1144,172,1058
434,435,172
434,435,650,1058,172
434,436,1058,172
434,436,1058,650,435,172
434,436,1144,172
434,435,650
434,436,1058,650
434,436,1144,172,1058,650
434,436,1144,172,435,650
434,435,172,1144
434,435,650,1058,172,1144
434,435,650,1058,436,1144
434,436,1144
434,435,172,1058,436,1168
434,435,172,1144,436,1168
434,435,650,1058,172,1144,436,1168
434,435,650,1058,436,1168
434,436,1168
434,435,172,1058,436,1232
434,435,172,1144,436,1232
434,435,650,1058,172,1144,436,1232
434,435,650,1058,436,1232
434,436,1232
435,434,436
435,172,1058,436
435,172,1144,436
435,650,1058,172,1144,436
435,650,1058,436
435,434,437
435,172,1058,436,434,437
435,172,1144,436,434,437
435,650,1058,172,1144,436,434,437
435,650,1058,436,434,437
435,434,438
435,172,1058,436,434,438
435,172,1144,436,434,438
435,650,1058,172,1144,436,434,438
435,650,1058,436,434,438
435,434,439
435,172,1058,436,434,439
435,172,1144,436,434,439
435,650,1058,172,1144,436,434,439
435,650,1058,436,434,439
435,434,440
435,172,1058,436,434,440
435,172,1144,436,434,440
435,650,1058,172,1144,436,434,440
435,650,1058,436,434,440
435,434,436,1058
435,172,1058
435,172,1144,436,1058
435,650,1058
435,172
435,650,1058,172
435,650
435,434,436,1144
435,172,1144
435,650,1058,172,1144
435,650,1058,436,1144
435,434,436,1168
435,172,1058,436,1168
435,172,1144,436,1168
435,650,1058,172,1144,436,1168
435,650,1058,436,1168
435,434,436,1232
435,172,1058,436,1232
435,172,1144,436,1232
435,650,1058,172,1144,436,1232
435,650,1058,436,1232
436,434,437
436,434,438
436,434,439
436,434,440
436,1058
436,1144,172,1058
436,434,435,172
436,1058,172
436,1058,650,435,172
436,1144,172
436,434,435,650
436,1058,650
436,1144,172,1058,650
436,1144,172,435,650
436,1144
436,1168
436,1232
437,434,438
437,434,439
437,434,440
437,434,435,172,1058
437,434,435,172,1144,436,1058
437,434,435,650,1058
437,434,436,1058
437,434,436,1144,172,1058
437,434,435,172
437,434,435,650,1058,172
437,434,436,1058,172
437,434,436,1058,650,435,172
437,434,436,1144,172
437,434,435,650
437,434,436,1058,650
437,434,436,1144,172,1058,650
437,434,436,1144,172,435,650
437,434,435,172,1144
437,434,435,650,1058,172,1144
437,434,435,650,1058,436,1144
437,434,436,1144
437,434,435,172,1058,436,1168
437,434,435,172,1144,436,1168
437,434,435,650,1058,172,1144,436,1168
437,434,435,650,1058,436,1168
437,434,436,1168
437,434,435,172,1058,436,1232
437,434,435,172,1144,436,1232
437,434,435,650,1058,172,1144,436,1232
437,434,435,650,1058,436,1232
437,434,436,1232
438,434,439
438,434,440
438,434,435,172,1058
438,434,435,172,1144,436,1058
438,434,435,650,1058
438,434,436,1058
438,434,436,1144,172,1058
438,434,435,172
438,434,435,650,1058,172
438,434,436,1058,172
438,434,436,1058,650,435,172
438,434,436,1144,172
438,434,435,650
438,434,436,1058,650
438,434,436,1144,172,1058,650
438,434,436,1144,172,435,650
438,434,435,172,1144
438,434,435,650,1058,172,1144
438,434,435,650,1058,436,1144
438,434,436,1144
438,434,435,172,1058,436,1168
438,434,435,172,1144,436,1168
438,434,435,650,1058,172,1144,436,1168
438,434,435,650,1058,436,1168
438,434,436,1168
438,434,435,172,1058,436,1232
438,434,435,172,1144,436,1232
438,434,435,650,1058,172,1144,436,1232
438,434,435,650,1058,436,1232
438,434,436,1232
439,434,440
439,434,435,172,1058
439,434,435,172,1144,436,1058
439,434,435,650,1058
439,434,436,1058
439,434,436,1144,172,1058
439,434,435,172
439,434,435,650,1058,172
439,434,436,1058,172
439,434,436,1058,650,435,172
439,434,436,1144,172
439,434,435,650
439,434,436,1058,650
439,434,436,1144,172,1058,650
439,434,436,1144,172,435,650
439,434,435,172,1144
439,434,435,650,1058,172,1144
439,434,435,650,1058,436,1144
439,434,436,1144
439,434,435,172,1058,436,1168
439,434,435,172,1144,436,1168
439,434,435,650,1058,172,1144,436,1168
439,434,435,650,1058,436,1168
439,434,436,1168
439,434,435,172,1058,436,1232
439,434,435,172,1144,436,1232
439,434,435,650,1058,172,1144,436,1232
439,434,435,650,1058,436,1232
439,434,436,1232
440,434,435,172,1058
440,434,435,172,1144,436,1058
440,434,435,650,1058
440,434,436,1058
440,434,436,1144,172,1058
440,434,435,172
440,434,435,650,1058,172
440,434,436,1058,172
440,434,436,1058,650,435,172
440,434,436,1144,172
440,434,435,650
440,434,436,1058,650
440,434,436,1144,172,1058,650
440,434,436,1144,172,435,650
440,434,435,172,1144
440,434,435,650,1058,172,1144
440,434,435,650,1058,436,1144
440,434,436,1144
440,434,435,172,1058,436,1168
440,434,435,172,1144,436,1168
440,434,435,650,1058,172,1144,436,1168
440,434,435,650,1058,436,1168
440,434,436,1168
440,434,435,172,1058,436,1232
440,434,435,172,1144,436,1232
440,434,435,650,1058,172,1144,436,1232
440,434,435,650,1058,436,1232
440,434,436,1232
448,449
460,461
460,462
461,460,462
471,472
479,37,667
479,37,770
479,37,1047
479,37,1091
479,37,1211
479,37,1220
486,487
489,894
494,495
496,869
506,507
506,346,572
506,346,572,364
506,346,842
506,346,842,799
506,346,1040
506,346,1040,925
506,346,1103
506,346,1103,238
507,506,346,572
507,506,346,572,364
507,506,346,842
507,506,346,842,799
507,506,346,1040
507,506,346,1040,925
507,506,346,1103
507,506,346,1103,238
514,66,675
514,66,349,292,1008
514,66,125,126,1126
515,207
516,517
516,517,532
516,517,532,601
517,532
517,532,601
518,519
518,519,590
519,590
521,499
525,53
532,601
533,534
533,534,538
533,534,554
533,534,829
534,538
534,554
534,829
535,536
535,536,680
536,680
538,534,554
538,534,829
553,117,646
553,117,646,647
553,117,1166
553,117,1166,396
553,117,1166,1167
554,534,829
565,566
565,567
565,6
565,568
565,14
565,194
565,569
565,206
565,570
566,565,567
566,565,6
566,565,568
566,565,14
566,565,194
566,565,569
566,565,206
566,565,570
567,565,6
567,565,568
567,565,14
567,565,194
567,565,569
567,565,206
567,565,570
6,565,568
6,565,14
6,565,194
6,565,569
6,565,206
6,565,570
568,565,14
568,565,194
568,565,569
568,565,206
568,565,570
14,565,194
14,565,569
14,565,206
14,565,570
194,565,569
194,565,206
194,565,570
569,565,206
569,565,570
206,565,570
572,364
572,346,842
572,346,842,799
572,346,1040
572,346,1040,925
572,346,1103
572,346,1103,238
364,572,346,842
364,572,346,842,799
364,572,346,1040
364,572,346,1040,925
364,572,346,1103
364,572,346,1103,238
591,59
591,1093
591,1093,840
591,1093,638
59,591,1093
59,591,1093,840
59,591,1093,638
618,382
618,881,880
618,881
382,618,881,880
382,618,881
646,647
646,117,1166
646,117,1166,396
646,117,1166,1167
647,646,117,1166
647,646,117,1166,396
647,646,117,1166,1167
656,354
657,658
657,658,898
657,658,1044
657,658,1163
658,898
658,1044
658,1163
667,37,770
667,37,1047
667,37,1091
667,37,1211
667,37,1220
675,66,349,292,1008
675,66,125,126,1126
677,678
677,679
678,677,679
683,463
683,684,917,463
683,685,917,463
683,916,917,463
683,684
683,685,917,684
683,916,917,684
683,685
683,916,917,685
683,916
683,463,917
683,684,917
683,685,917
683,131,917
683,916,917
463,683,684
463,683,685,917,684
463,683,916,917,684
463,917,684
463,683,685
463,683,916,917,685
463,917,685
463,683,916
463,917,916
463,917
684,683,685
684,683,916,917,685
684,917,685
684,683,916
684,917,916
684,917
685,683,916
685,917,916
685,917
691,692
691,692,1062
691,692,328
692,1062
692,328
699,700
552,138,137,139,409
552,138,137,141,702
552,138,137,143,386
737,734
739,740
757,378
770,37,1047
770,37,1091
770,37,1211
770,37,1220
409,139,137,141,702
409,139,137,143,386
778,779
778,779,1136
779,1136
832,833
832,967,323,454
832,967
833,832,967,323,454
833,832,967
842,799
842,346,1040
842,346,1040,925
842,346,1103
842,346,1103,238
799,842,346,1040
799,842,346,1040,925
799,842,346,1103
799,842,346,1103,238
857,743
861,25
861,25,1039
25,1039
866,867
880,881
898,658,1044
898,658,1163
901,161
913,63
916,917
932,562
932,562,1006
562,1006
946,548
954,955
957,958
454,323,967
1008,292,349,66,125,126,1126
1011,735
1021,295
1022,931
1022,1242
931,1022,1242
1032,965
1036,455
1040,925
1040,346,1103
1040,346,1103,238
925,1040,346,1103
925,1040,346,1103,238
1044,658,1163
1047,37,1091
1047,37,1211
1047,37,1220
1052,937
1056,97
1058,172
1058,650
1058,172,1144
1058,436,1144
1058,172,1144,436,1168
1058,436,1168
1058,172,1144,436,1232
1058,436,1232
172,1058,650
172,435,650
172,1144
172,1058,650,435,434,436,1168
172,1058,436,1168
172,1144,436,1168
172,435,434,436,1168
172,435,650,1058,436,1168
172,1058,650,435,434,436,1232
172,1058,436,1232
172,1144,436,1232
172,435,434,436,1232
172,435,650,1058,436,1232
650,1058,172,1144
650,1058,436,1144
650,435,434,436,1144
650,435,172,1144
650,1058,172,1144,436,1168
650,1058,436,1168
650,435,434,436,1168
650,435,172,1144,436,1168
650,1058,172,1144,436,1232
650,1058,436,1232
650,435,434,436,1232
650,435,172,1144,436,1232
1059,674
1062,692,328
1065,1041
702,141,137,143,386
1077,622
1079,478
1091,37,1211
1091,37,1220
1093,840
1093,638
840,1093,638
1098,433
1098,791
1098,1221
433,1098,791
433,1098,1221
791,1098,1221
1103,238
1112,1113
1139,432
1144,436,1168
1144,436,1232
1145,43
1155,1156
1166,396
1166,1167
396,1166,1167
1168,436,1232
1205,273
1207,423
1210,985
1211,37,1220
1239,129
1241,1064
1244,498
1245,467
1247,347
1255,728
1271,1071
