1,2
1,2,105
2,105
4,5
4,6,13,11,12,28,5
4,6,13,11,12,5
4,6,13,11,15,136,12,28,5
4,6,13,11,15,136,12,5
4,6,13,28,12,5
4,6,13,28,5
4,6,13,29,28,12,5
4,6,13,29,28,5
4,6
4,5,28,13,11
4,5,28,12,11
4,5,28,12,136,15,11
4,5,28,29,13,11
4,5,12,11
4,5,12,28,13,11
4,5,12,28,29,13,11
4,5,12,136,15,11
4,6,13,11
4,6,13,28,12,11
4,6,13,28,12,136,15,11
4,6,13,29,28,12,11
4,6,13,29,28,12,136,15,11
4,6,13,29,28,5,12,11
4,6,13,29,28,5,12,136,15,11
4,5,28,13,11,15,136,12
4,5,28,12
4,5,28,29,13,11,15,136,12
4,5,12
4,6,13,11,12
4,6,13,11,15,136,12
4,6,13,28,12
4,6,13,29,28,12
4,5,28,13
4,5,28,29,13
4,5,12,11,13
4,5,12,28,13
4,5,12,28,29,13
4,5,12,136,15,11,13
4,6,13
4,5,28,13,11,14
4,5,28,12,11,14
4,5,28,12,136,15,11,14
4,5,28,29,13,11,14
4,5,12,11,14
4,5,12,28,13,11,14
4,5,12,28,29,13,11,14
4,5,12,136,15,11,14
4,6,13,11,14
4,6,13,28,12,11,14
4,6,13,28,12,136,15,11,14
4,6,13,28,5,12,11,14
4,6,13,28,5,12,136,15,11,14
4,6,13,29,28,12,11,14
4,6,13,29,28,12,136,15,11,14
4,6,13,29,28,5,12,11,14
4,6,13,29,28,5,12,136,15,11,14
4,5,28,13,11,15
4,5,28,12,11,15
4,5,28,12,136,15
4,5,28,29,13,11,15
4,5,12,11,15
4,5,12,28,13,11,15
4,5,12,28,29,13,11,15
4,5,12,136,15
4,6,13,11,15
4,6,13,28,12,11,15
4,6,13,28,12,136,15
4,6,13,28,5,12,11,15
4,6,13,28,5,12,136,15
4,6,13,29,28,12,11,15
4,6,13,29,28,12,136,15
4,6,13,29,28,5,12,11,15
4,6,13,29,28,5,12,136,15
4,5,28,13,21
4,5,28,12,11,13,21
4,5,28,12,136,15,11,13,21
4,5,28,29,13,21
4,5,12,11,13,21
4,5,12,28,13,21
4,5,12,28,29,13,21
4,5,12,136,15,11,13,21
4,6,13,21
4,5,28
4,6,13,28
4,6,13,29,28
4,5,28,29
4,5,12,11,13,29
4,5,12,28,29
4,5,12,136,15,11,13,29
4,6,13,29
4,5,22
4,6,13,11,12,28,5,22
4,6,13,11,12,5,22
4,6,13,11,15,136,12,28,5,22
4,6,13,11,15,136,12,5,22
4,6,13,28,12,5,22
4,6,13,28,5,22
4,6,13,29,28,12,5,22
4,6,13,29,28,5,22
4,5,28,73
4,5,12,11,13,28,73
4,5,12,11,13,29,28,73
4,5,12,28,73
4,5,12,136,15,11,13,28,73
4,5,12,136,15,11,13,29,28,73
4,6,13,11,12,28,73
4,6,13,11,12,5,28,73
4,6,13,11,15,136,12,28,73
4,6,13,11,15,136,12,5,28,73
4,6,13,28,73
4,6,13,29,28,73
4,5,28,120
4,5,12,11,13,28,120
4,5,12,11,13,29,28,120
4,5,12,28,120
4,5,12,136,15,11,13,28,120
4,5,12,136,15,11,13,29,28,120
4,6,13,11,12,28,120
4,6,13,11,12,5,28,120
4,6,13,11,15,136,12,28,120
4,6,13,11,15,136,12,5,28,120
4,6,13,28,120
4,6,13,29,28,120
4,5,28,13,11,12,128
4,5,28,13,11,15,136,12,128
4,5,28,12,128
4,5,28,29,13,11,12,128
4,5,28,29,13,11,15,136,12,128
4,5,12,128
4,6,13,11,12,128
4,6,13,11,15,136,12,128
4,6,13,28,12,128
4,6,13,28,5,12,128
4,6,13,29,28,12,128
4,6,13,29,28,5,12,128
4,5,28,13,11,12,136
4,5,28,13,11,15,136
4,5,28,12,136
4,5,28,29,13,11,12,136
4,5,28,29,13,11,15,136
4,5,12,136
4,6,13,11,12,136
4,6,13,11,15,136
4,6,13,28,12,136
4,6,13,28,5,12,136
4,6,13,29,28,12,136
4,6,13,29,28,5,12,136
4,5,28,13,11,12,136,115
4,5,28,13,11,15,136,115
4,5,28,12,11,15,136,115
4,5,28,12,136,115
4,5,28,29,13,11,12,136,115
4,5,28,29,13,11,15,136,115
4,5,12,11,15,136,115
4,5,12,28,13,11,15,136,115
4,5,12,28,29,13,11,15,136,115
4,5,12,136,115
4,6,13,11,12,136,115
4,6,13,11,15,136,115
4,6,13,28,12,11,15,136,115
4,6,13,28,12,136,115
4,6,13,28,5,12,11,15,136,115
4,6,13,28,5,12,136,115
4,6,13,29,28,12,11,15,136,115
4,6,13,29,28,12,136,115
4,6,13,29,28,5,12,11,15,136,115
4,6,13,29,28,5,12,136,115
4,5,28,13,11,12,136,42
4,5,28,13,11,15,136,42
4,5,28,12,11,15,136,42
4,5,28,12,136,42
4,5,28,29,13,11,12,136,42
4,5,28,29,13,11,15,136,42
4,5,12,11,15,136,42
4,5,12,28,13,11,15,136,42
4,5,12,28,29,13,11,15,136,42
4,5,12,136,42
4,6,13,11,12,136,42
4,6,13,11,15,136,42
4,6,13,28,12,11,15,136,42
4,6,13,28,12,136,42
4,6,13,28,5,12,11,15,136,42
4,6,13,28,5,12,136,42
4,6,13,29,28,12,11,15,136,42
4,6,13,29,28,12,136,42
4,6,13,29,28,5,12,11,15,136,42
4,6,13,29,28,5,12,136,42
5,4,6
5,28,13,6
5,28,12,11,13,6
5,28,12,136,15,11,13,6
5,28,29,13,6
5,12,11,13,6
5,12,28,13,6
5,12,28,29,13,6
5,12,136,15,11,13,6
5,4,6,13,11
5,28,13,11
5,28,12,11
5,28,12,136,15,11
5,28,29,13,11
5,12,11
5,12,28,13,11
5,12,28,29,13,11
5,12,136,15,11
5,28,13,11,15,136,12
5,28,12
5,28,29,13,11,15,136,12
5,12
5,4,6,13
5,28,13
5,28,29,13
5,12,11,13
5,12,28,13
5,12,28,29,13
5,12,136,15,11,13
5,4,6,13,11,14
5,28,13,11,14
5,28,12,11,14
5,28,12,136,15,11,14
5,28,29,13,11,14
5,12,11,14
5,12,28,13,11,14
5,12,28,29,13,11,14
5,12,136,15,11,14
5,4,6,13,11,15
5,28,13,11,15
5,28,12,11,15
5,28,12,136,15
5,28,29,13,11,15
5,12,11,15
5,12,28,13,11,15
5,12,28,29,13,11,15
5,12,136,15
5,4,6,13,21
5,28,13,21
5,28,12,11,13,21
5,28,12,136,15,11,13,21
5,28,29,13,21
5,12,11,13,21
5,12,28,13,21
5,12,28,29,13,21
5,12,136,15,11,13,21
5,28
5,4,6,13,29
5,28,29
5,12,11,13,29
5,12,28,29
5,12,136,15,11,13,29
5,22
5,4,6,13,28,73
5,4,6,13,29,28,73
5,28,73
5,12,11,13,28,73
5,12,11,13,29,28,73
5,12,28,73
5,12,136,15,11,13,28,73
5,12,136,15,11,13,29,28,73
5,4,6,13,28,120
5,4,6,13,29,28,120
5,28,120
5,12,11,13,28,120
5,12,11,13,29,28,120
5,12,28,120
5,12,136,15,11,13,28,120
5,12,136,15,11,13,29,28,120
5,4,6,13,11,12,128
5,4,6,13,11,15,136,12,128
5,28,13,11,12,128
5,28,13,11,15,136,12,128
5,28,12,128
5,28,29,13,11,12,128
5,28,29,13,11,15,136,12,128
5,12,128
5,4,6,13,11,12,136
5,4,6,13,11,15,136
5,28,13,11,12,136
5,28,13,11,15,136
5,28,12,136
5,28,29,13,11,12,136
5,28,29,13,11,15,136
5,12,136
5,4,6,13,11,12,136,115
5,4,6,13,11,15,136,115
5,28,13,11,12,136,115
5,28,13,11,15,136,115
5,28,12,11,15,136,115
5,28,12,136,115
5,28,29,13,11,12,136,115
5,28,29,13,11,15,136,115
5,12,11,15,136,115
5,12,28,13,11,15,136,115
5,12,28,29,13,11,15,136,115
5,12,136,115
5,4,6,13,11,12,136,42
5,4,6,13,11,15,136,42
5,28,13,11,12,136,42
5,28,13,11,15,136,42
5,28,12,11,15,136,42
5,28,12,136,42
5,28,29,13,11,12,136,42
5,28,29,13,11,15,136,42
5,12,11,15,136,42
5,12,28,13,11,15,136,42
5,12,28,29,13,11,15,136,42
5,12,136,42
6,4,5,28,13,11
6,4,5,28,12,11
6,4,5,28,12,136,15,11
6,4,5,28,29,13,11
6,4,5,12,11
6,4,5,12,136,15,11
6,13,11
6,13,28,12,11
6,13,28,12,136,15,11
6,13,29,28,12,11
6,13,29,28,12,136,15,11
6,13,29,28,5,12,11
6,13,29,28,5,12,136,15,11
6,4,5,28,12
6,4,5,12
6,13,11,12
6,13,11,15,136,12
6,13,28,12
6,13,29,28,12
6,13
6,4,5,28,13,11,14
6,4,5,28,12,11,14
6,4,5,28,12,136,15,11,14
6,4,5,28,29,13,11,14
6,4,5,12,11,14
6,4,5,12,136,15,11,14
6,13,11,14
6,13,28,12,11,14
6,13,28,12,136,15,11,14
6,13,28,5,12,11,14
6,13,28,5,12,136,15,11,14
6,13,29,28,12,11,14
6,13,29,28,12,136,15,11,14
6,13,29,28,5,12,11,14
6,13,29,28,5,12,136,15,11,14
6,4,5,28,13,11,15
6,4,5,28,12,11,15
6,4,5,28,12,136,15
6,4,5,28,29,13,11,15
6,4,5,12,11,15
6,4,5,12,136,15
6,13,11,15
6,13,28,12,11,15
6,13,28,12,136,15
6,13,28,5,12,11,15
6,13,28,5,12,136,15
6,13,29,28,12,11,15
6,13,29,28,12,136,15
6,13,29,28,5,12,11,15
6,13,29,28,5,12,136,15
6,4,5,28,13,21
6,4,5,28,12,11,13,21
6,4,5,28,12,136,15,11,13,21
6,4,5,28,29,13,21
6,4,5,12,11,13,21
6,4,5,12,28,13,21
6,4,5,12,28,29,13,21
6,4,5,12,136,15,11,13,21
6,13,21
6,4,5,28
6,13,28
6,13,29,28
6,4,5,28,29
6,4,5,12,11,13,29
6,4,5,12,28,29
6,4,5,12,136,15,11,13,29
6,13,29
6,4,5,22
6,13,11,12,28,5,22
6,13,11,12,5,22
6,13,11,15,136,12,28,5,22
6,13,11,15,136,12,5,22
6,13,28,12,5,22
6,13,28,5,22
6,13,29,28,12,5,22
6,13,29,28,5,22
6,4,5,28,73
6,4,5,12,11,13,29,28,73
6,4,5,12,28,73
6,4,5,12,136,15,11,13,29,28,73
6,13,11,12,28,73
6,13,11,12,5,28,73
6,13,11,15,136,12,28,73
6,13,11,15,136,12,5,28,73
6,13,28,73
6,13,29,28,73
6,4,5,28,120
6,4,5,12,11,13,29,28,120
6,4,5,12,28,120
6,4,5,12,136,15,11,13,29,28,120
6,13,11,12,28,120
6,13,11,12,5,28,120
6,13,11,15,136,12,28,120
6,13,11,15,136,12,5,28,120
6,13,28,120
6,13,29,28,120
6,4,5,28,13,11,12,128
6,4,5,28,13,11,15,136,12,128
6,4,5,28,12,128
6,4,5,28,29,13,11,12,128
6,4,5,28,29,13,11,15,136,12,128
6,4,5,12,128
6,13,11,12,128
6,13,11,15,136,12,128
6,13,28,12,128
6,13,28,5,12,128
6,13,29,28,12,128
6,13,29,28,5,12,128
6,4,5,28,13,11,12,136
6,4,5,28,13,11,15,136
6,4,5,28,12,136
6,4,5,28,29,13,11,12,136
6,4,5,28,29,13,11,15,136
6,4,5,12,136
6,13,11,12,136
6,13,11,15,136
6,13,28,12,136
6,13,28,5,12,136
6,13,29,28,12,136
6,13,29,28,5,12,136
6,4,5,28,13,11,12,136,115
6,4,5,28,13,11,15,136,115
6,4,5,28,12,11,15,136,115
6,4,5,28,12,136,115
6,4,5,28,29,13,11,12,136,115
6,4,5,28,29,13,11,15,136,115
6,4,5,12,11,15,136,115
6,4,5,12,136,115
6,13,11,12,136,115
6,13,11,15,136,115
6,13,28,12,11,15,136,115
6,13,28,12,136,115
6,13,28,5,12,11,15,136,115
6,13,28,5,12,136,115
6,13,29,28,12,11,15,136,115
6,13,29,28,12,136,115
6,13,29,28,5,12,11,15,136,115
6,13,29,28,5,12,136,115
6,4,5,28,13,11,12,136,42
6,4,5,28,13,11,15,136,42
6,4,5,28,12,11,15,136,42
6,4,5,28,12,136,42
6,4,5,28,29,13,11,12,136,42
6,4,5,28,29,13,11,15,136,42
6,4,5,12,11,15,136,42
6,4,5,12,136,42
6,13,11,12,136,42
6,13,11,15,136,42
6,13,28,12,11,15,136,42
6,13,28,12,136,42
6,13,28,5,12,11,15,136,42
6,13,28,5,12,136,42
6,13,29,28,12,11,15,136,42
6,13,29,28,12,136,42
6,13,29,28,5,12,11,15,136,42
6,13,29,28,5,12,136,42
11,12
11,13,28,12
11,13,29,28,12
11,15,136,12
11,13
11,15,136,12,28,13
11,15,136,12,28,29,13
11,14
11,15
11,12,28,13,21
11,12,28,29,13,21
11,12,5,28,29,13,21
11,13,21
11,15,136,12,28,13,21
11,15,136,12,28,29,13,21
11,15,136,12,5,28,29,13,21
11,12,28
11,13,28
11,13,29,28
11,15,136,12,28
11,12,28,29
11,12,5,28,29
11,13,29
11,15,136,12,28,29
11,15,136,12,5,28,29
11,12,28,5,22
11,12,28,29,13,6,4,5,22
11,12,5,22
11,13,28,12,5,22
11,13,28,5,22
11,13,29,28,12,5,22
11,13,29,28,5,22
11,13,6,4,5,22
11,15,136,12,28,5,22
11,15,136,12,28,29,13,6,4,5,22
11,15,136,12,5,22
11,12,28,73
11,12,5,28,73
11,13,28,73
11,13,29,28,73
11,13,6,4,5,28,73
11,15,136,12,28,73
11,15,136,12,5,28,73
11,12,28,120
11,12,5,28,120
11,13,28,120
11,13,29,28,120
11,13,6,4,5,28,120
11,15,136,12,28,120
11,15,136,12,5,28,120
11,12,128
11,13,28,12,128
11,13,29,28,12,128
11,15,136,12,128
11,12,136
11,13,28,12,136
11,13,29,28,12,136
11,15,136
11,12,136,115
11,13,28,12,136,115
11,13,29,28,12,136,115
11,15,136,115
11,12,136,42
11,13,28,12,136,42
11,13,29,28,12,136,42
11,15,136,42
12,11,13
12,28,13
12,28,29,13
12,5,4,6,13
12,136,15,11,13
12,11,14
12,28,13,11,14
12,28,29,13,11,14
12,5,4,6,13,11,14
12,136,15,11,14
12,11,15
12,28,13,11,15
12,28,29,13,11,15
12,5,4,6,13,11,15
12,136,15
12,11,13,21
12,28,13,21
12,28,29,13,21
12,5,4,6,13,21
12,136,15,11,13,21
12,28
12,11,13,29
12,28,29
12,5,4,6,13,29
12,136,15,11,13,29
12,28,5,22
12,5,22
12,136,15,11,13,28,5,22
12,136,15,11,13,29,28,5,22
12,11,13,28,73
12,11,13,29,28,73
12,28,73
12,5,4,6,13,28,73
12,5,4,6,13,29,28,73
12,136,15,11,13,28,73
12,136,15,11,13,29,28,73
12,11,13,28,120
12,11,13,29,28,120
12,28,120
12,5,4,6,13,28,120
12,5,4,6,13,29,28,120
12,136,15,11,13,28,120
12,136,15,11,13,29,28,120
12,128
12,136
12,11,15,136,115
12,28,13,11,15,136,115
12,28,29,13,11,15,136,115
12,5,4,6,13,11,15,136,115
12,136,115
12,11,15,136,42
12,28,13,11,15,136,42
12,28,29,13,11,15,136,42
12,5,4,6,13,11,15,136,42
12,136,42
13,11,14
13,28,12,136,15,11,14
13,28,5,12,136,15,11,14
13,29,28,12,136,15,11,14
13,29,28,5,12,136,15,11,14
13,6,4,5,12,136,15,11,14
13,11,15
13,28,12,136,15
13,28,5,12,136,15
13,29,28,12,136,15
13,29,28,5,12,136,15
13,6,4,5,12,136,15
13,21
13,28
13,29,28
13,29
13,11,12,5,22
13,11,15,136,12,5,22
13,28,12,5,22
13,28,5,22
13,29,28,12,5,22
13,29,28,5,22
13,6,4,5,22
13,28,73
13,29,28,73
13,28,120
13,29,28,120
13,11,12,128
13,11,15,136,12,128
13,28,12,128
13,28,5,12,128
13,29,28,12,128
13,29,28,5,12,128
13,6,4,5,12,128
13,11,12,136
13,11,15,136
13,28,12,136
13,28,5,12,136
13,29,28,12,136
13,29,28,5,12,136
13,6,4,5,12,136
13,11,12,136,115
13,11,15,136,115
13,28,12,136,115
13,28,5,12,136,115
13,29,28,12,136,115
13,29,28,5,12,136,115
13,6,4,5,12,136,115
13,11,12,136,42
13,11,15,136,42
13,28,12,136,42
13,28,5,12,136,42
13,29,28,12,136,42
13,29,28,5,12,136,42
13,6,4,5,12,136,42
14,11,15
14,11,12,28,13,21
14,11,12,28,5,4,6,13,21
14,11,12,28,29,13,21
14,11,12,5,4,6,13,21
14,11,12,5,28,13,21
14,11,12,5,28,29,13,21
14,11,13,21
14,11,15,136,12,28,13,21
14,11,15,136,12,28,5,4,6,13,21
14,11,15,136,12,28,29,13,21
14,11,15,136,12,5,4,6,13,21
14,11,15,136,12,5,28,13,21
14,11,15,136,12,5,28,29,13,21
14,11,12,28
14,11,13,28
14,11,13,29,28
14,11,15,136,12,28
14,11,12,28,29
14,11,12,5,4,6,13,29
14,11,12,5,28,29
14,11,13,29
14,11,15,136,12,28,29
14,11,15,136,12,5,4,6,13,29
14,11,15,136,12,5,28,29
14,11,12,28,13,6,4,5,22
14,11,12,28,5,22
14,11,12,28,29,13,6,4,5,22
14,11,12,5,22
14,11,13,28,12,5,22
14,11,13,28,5,22
14,11,13,29,28,12,5,22
14,11,13,29,28,5,22
14,11,13,6,4,5,22
14,11,15,136,12,28,13,6,4,5,22
14,11,15,136,12,28,5,22
14,11,15,136,12,28,29,13,6,4,5,22
14,11,15,136,12,5,22
14,11,12,28,73
14,11,12,5,4,6,13,28,73
14,11,12,5,4,6,13,29,28,73
14,11,12,5,28,73
14,11,13,28,73
14,11,13,29,28,73
14,11,13,6,4,5,28,73
14,11,15,136,12,28,73
14,11,15,136,12,5,4,6,13,28,73
14,11,15,136,12,5,4,6,13,29,28,73
14,11,15,136,12,5,28,73
14,11,12,28,120
14,11,12,5,4,6,13,28,120
14,11,12,5,4,6,13,29,28,120
14,11,12,5,28,120
14,11,13,28,120
14,11,13,29,28,120
14,11,13,6,4,5,28,120
14,11,15,136,12,28,120
14,11,15,136,12,5,4,6,13,28,120
14,11,15,136,12,5,4,6,13,29,28,120
14,11,15,136,12,5,28,120
14,11,12,128
14,11,13,28,12,128
14,11,13,28,5,12,128
14,11,13,29,28,12,128
14,11,13,29,28,5,12,128
14,11,13,6,4,5,28,12,128
14,11,13,6,4,5,12,128
14,11,15,136,12,128
14,11,12,136
14,11,13,28,12,136
14,11,13,28,5,12,136
14,11,13,29,28,12,136
14,11,13,29,28,5,12,136
14,11,13,6,4,5,28,12,136
14,11,13,6,4,5,12,136
14,11,15,136
14,11,12,136,115
14,11,13,28,12,136,115
14,11,13,28,5,12,136,115
14,11,13,29,28,12,136,115
14,11,13,29,28,5,12,136,115
14,11,13,6,4,5,28,12,136,115
14,11,13,6,4,5,12,136,115
14,11,15,136,115
14,11,12,136,42
14,11,13,28,12,136,42
14,11,13,28,5,12,136,42
14,11,13,29,28,12,136,42
14,11,13,29,28,5,12,136,42
14,11,13,6,4,5,28,12,136,42
14,11,13,6,4,5,12,136,42
14,11,15,136,42
15,11,12,28,13,21
15,11,12,28,5,4,6,13,21
15,11,12,28,29,13,21
15,11,12,5,4,6,13,21
15,11,12,5,28,13,21
15,11,12,5,28,29,13,21
15,11,13,21
15,136,12,28,13,21
15,136,12,28,5,4,6,13,21
15,136,12,28,29,13,21
15,136,12,5,4,6,13,21
15,136,12,5,28,13,21
15,136,12,5,28,29,13,21
15,11,12,28
15,11,13,28
15,11,13,29,28
15,136,12,28
15,11,12,28,29
15,11,12,5,4,6,13,29
15,11,12,5,28,29
15,11,13,29
15,136,12,28,29
15,136,12,5,4,6,13,29
15,136,12,5,28,29
15,11,12,28,13,6,4,5,22
15,11,12,28,5,22
15,11,12,28,29,13,6,4,5,22
15,11,12,5,22
15,11,13,28,12,5,22
15,11,13,28,5,22
15,11,13,29,28,12,5,22
15,11,13,29,28,5,22
15,11,13,6,4,5,22
15,136,12,28,13,6,4,5,22
15,136,12,28,5,22
15,136,12,28,29,13,6,4,5,22
15,136,12,5,22
15,11,12,28,73
15,11,12,5,4,6,13,28,73
15,11,12,5,4,6,13,29,28,73
15,11,12,5,28,73
15,11,13,28,73
15,11,13,29,28,73
15,11,13,6,4,5,28,73
15,136,12,28,73
15,136,12,5,4,6,13,28,73
15,136,12,5,4,6,13,29,28,73
15,136,12,5,28,73
15,11,12,28,120
15,11,12,5,4,6,13,28,120
15,11,12,5,4,6,13,29,28,120
15,11,12,5,28,120
15,11,13,28,120
15,11,13,29,28,120
15,11,13,6,4,5,28,120
15,136,12,28,120
15,136,12,5,4,6,13,28,120
15,136,12,5,4,6,13,29,28,120
15,136,12,5,28,120
15,11,12,128
15,11,13,28,12,128
15,11,13,28,5,12,128
15,11,13,29,28,12,128
15,11,13,29,28,5,12,128
15,11,13,6,4,5,28,12,128
15,11,13,6,4,5,12,128
15,136,12,128
15,136
15,136,115
15,136,42
21,13,28
21,13,29,28
21,13,29
21,13,11,12,28,5,22
21,13,11,12,5,22
21,13,11,15,136,12,28,5,22
21,13,11,15,136,12,5,22
21,13,28,12,5,22
21,13,28,5,22
21,13,29,28,12,5,22
21,13,29,28,5,22
21,13,6,4,5,22
21,13,11,12,28,73
21,13,11,12,5,28,73
21,13,11,15,136,12,28,73
21,13,11,15,136,12,5,28,73
21,13,28,73
21,13,29,28,73
21,13,6,4,5,28,73
21,13,6,4,5,12,28,73
21,13,11,12,28,120
21,13,11,12,5,28,120
21,13,11,15,136,12,28,120
21,13,11,15,136,12,5,28,120
21,13,28,120
21,13,29,28,120
21,13,6,4,5,28,120
21,13,6,4,5,12,28,120
21,13,11,12,128
21,13,11,15,136,12,128
21,13,28,12,128
21,13,28,5,12,128
21,13,29,28,12,128
21,13,29,28,5,12,128
21,13,6,4,5,28,12,128
21,13,6,4,5,12,128
21,13,11,12,136
21,13,11,15,136
21,13,28,12,136
21,13,28,5,12,136
21,13,29,28,12,136
21,13,29,28,5,12,136
21,13,6,4,5,28,12,136
21,13,6,4,5,12,136
21,13,11,12,136,115
21,13,11,15,136,115
21,13,28,12,11,15,136,115
21,13,28,12,136,115
21,13,28,5,12,11,15,136,115
21,13,28,5,12,136,115
21,13,29,28,12,11,15,136,115
21,13,29,28,12,136,115
21,13,29,28,5,12,11,15,136,115
21,13,29,28,5,12,136,115
21,13,6,4,5,28,12,11,15,136,115
21,13,6,4,5,28,12,136,115
21,13,6,4,5,12,11,15,136,115
21,13,6,4,5,12,136,115
21,13,11,12,136,42
21,13,11,15,136,42
21,13,28,12,11,15,136,42
21,13,28,12,136,42
21,13,28,5,12,11,15,136,42
21,13,28,5,12,136,42
21,13,29,28,12,11,15,136,42
21,13,29,28,12,136,42
21,13,29,28,5,12,11,15,136,42
21,13,29,28,5,12,136,42
21,13,6,4,5,28,12,11,15,136,42
21,13,6,4,5,28,12,136,42
21,13,6,4,5,12,11,15,136,42
21,13,6,4,5,12,136,42
25,26
25,26,27
26,27
28,29
28,5,22
28,73
28,120
28,13,11,15,136,12,128
28,12,128
28,29,13,11,15,136,12,128
28,13,11,15,136
28,12,136
28,29,13,11,15,136
28,13,11,15,136,115
28,12,11,15,136,115
28,12,136,115
28,29,13,11,15,136,115
28,13,11,15,136,42
28,12,11,15,136,42
28,12,136,42
28,29,13,11,15,136,42
29,28,12,5,22
29,28,5,22
29,13,11,12,5,22
29,13,11,15,136,12,5,22
29,13,6,4,5,22
29,28,73
29,28,120
29,28,12,128
29,28,5,12,128
29,13,11,12,128
29,13,11,15,136,12,128
29,13,6,4,5,12,128
29,28,12,136
29,28,5,12,136
29,13,11,12,136
29,13,11,15,136
29,13,6,4,5,12,136
29,28,12,11,15,136,115
29,28,12,136,115
29,28,5,12,11,15,136,115
29,28,5,12,136,115
29,13,11,12,136,115
29,13,11,15,136,115
29,13,6,4,5,12,11,15,136,115
29,13,6,4,5,12,136,115
29,28,12,11,15,136,42
29,28,12,136,42
29,28,5,12,11,15,136,42
29,28,5,12,136,42
29,13,11,12,136,42
29,13,11,15,136,42
29,13,6,4,5,12,11,15,136,42
29,13,6,4,5,12,136,42
22,5,4,6,13,11,12,28,73
22,5,4,6,13,11,15,136,12,28,73
22,5,4,6,13,28,73
22,5,4,6,13,29,28,73
22,5,28,73
22,5,12,11,13,28,73
22,5,12,11,13,29,28,73
22,5,12,28,73
22,5,12,136,15,11,13,28,73
22,5,12,136,15,11,13,29,28,73
22,5,4,6,13,11,12,28,120
22,5,4,6,13,11,15,136,12,28,120
22,5,4,6,13,28,120
22,5,4,6,13,29,28,120
22,5,28,120
22,5,12,11,13,28,120
22,5,12,11,13,29,28,120
22,5,12,28,120
22,5,12,136,15,11,13,28,120
22,5,12,136,15,11,13,29,28,120
22,5,4,6,13,11,12,128
22,5,4,6,13,11,15,136,12,128
22,5,4,6,13,28,12,128
22,5,4,6,13,29,28,12,128
22,5,28,13,11,12,128
22,5,28,13,11,15,136,12,128
22,5,28,12,128
22,5,28,29,13,11,12,128
22,5,28,29,13,11,15,136,12,128
22,5,12,128
22,5,4,6,13,11,12,136
22,5,4,6,13,11,15,136
22,5,4,6,13,28,12,136
22,5,4,6,13,29,28,12,136
22,5,28,13,11,12,136
22,5,28,13,11,15,136
22,5,28,12,136
22,5,28,29,13,11,12,136
22,5,28,29,13,11,15,136
22,5,12,136
22,5,4,6,13,11,12,136,115
22,5,4,6,13,11,15,136,115
22,5,4,6,13,28,12,11,15,136,115
22,5,4,6,13,28,12,136,115
22,5,4,6,13,29,28,12,11,15,136,115
22,5,4,6,13,29,28,12,136,115
22,5,28,13,11,12,136,115
22,5,28,13,11,15,136,115
22,5,28,12,11,15,136,115
22,5,28,12,136,115
22,5,28,29,13,11,12,136,115
22,5,28,29,13,11,15,136,115
22,5,12,11,15,136,115
22,5,12,28,13,11,15,136,115
22,5,12,28,29,13,11,15,136,115
22,5,12,136,115
22,5,4,6,13,11,12,136,42
22,5,4,6,13,11,15,136,42
22,5,4,6,13,28,12,11,15,136,42
22,5,4,6,13,28,12,136,42
22,5,4,6,13,29,28,12,11,15,136,42
22,5,4,6,13,29,28,12,136,42
22,5,28,13,11,12,136,42
22,5,28,13,11,15,136,42
22,5,28,12,11,15,136,42
22,5,28,12,136,42
22,5,28,29,13,11,12,136,42
22,5,28,29,13,11,15,136,42
22,5,12,11,15,136,42
22,5,12,28,13,11,15,136,42
22,5,12,28,29,13,11,15,136,42
22,5,12,136,42
31,32
33,23
39,40
39,89,40
39,40,89,45
39,89,45
39,40,89,45,46
39,89,45,46
39,40,51
39,89,40,51
39,40,89,90,57,56
39,89,90,57,56
39,40,89,90,57
39,89,90,57
39,40,89,90,57,79
39,89,90,57,79
39,40,89,90,57,80
39,89,90,57,80
39,89
39,40,89,90
39,89,90
39,40,89,91
39,89,91
39,40,89,92
39,89,92
39,40,89,93
39,89,93
39,40,89,94
39,89,94
39,40,89,66
39,89,66
39,40,89,95
39,89,95
39,40,89,24
39,89,24
39,40,129
39,89,40,129
39,40,89,93,131
39,89,93,131
39,40,89,93,131,54
39,89,93,131,54
40,89,45
40,89,45,46
40,51
40,89,90,57,56
40,89,90,57
40,89,90,57,79
40,89,90,57,80
40,89
40,89,90
40,89,91
40,89,92
40,89,93
40,89,94
40,89,66
40,89,95
40,89,24
40,129
40,89,93,131
40,89,93,131,54
45,46
45,89,40,51
45,89,39,40,51
45,89,90,57,56
45,89,90,57
45,89,90,57,79
45,89,90,57,80
45,89
45,89,90
45,89,91
45,89,92
45,89,93
45,89,94
45,89,66
45,89,95
45,89,24
45,89,40,129
45,89,39,40,129
45,89,93,131
45,89,93,131,54
46,45,89,40,51
46,45,89,39,40,51
46,45,89,90,57,56
46,45,89,90,57
46,45,89,90,57,79
46,45,89,90,57,80
46,45,89
46,45,89,90
46,45,89,91
46,45,89,92
46,45,89,93
46,45,89,94
46,45,89,66
46,45,89,95
46,45,89,24
46,45,89,40,129
46,45,89,39,40,129
46,45,89,93,131
46,45,89,93,131,54
49,50
51,40,39,89,90,57,56
51,40,89,90,57,56
51,40,39,89,90,57
51,40,89,90,57
51,40,39,89,90,57,79
51,40,89,90,57,79
51,40,39,89,90,57,80
51,40,89,90,57,80
51,40,89
51,40,39,89,90
51,40,89,90
51,40,39,89,91
51,40,89,91
51,40,39,89,92
51,40,89,92
51,40,39,89,93
51,40,89,93
51,40,39,89,94
51,40,89,94
51,40,39,89,66
51,40,89,66
51,40,39,89,95
51,40,89,95
51,40,39,89,24
51,40,89,24
51,40,129
51,40,39,89,93,131
51,40,89,93,131
51,40,39,89,93,131,54
51,40,89,93,131,54
56,57
56,57,79
56,57,80
56,57,90,89
56,57,90
56,57,90,89,91
56,57,90,89,92
56,57,90,89,93
56,57,90,89,94
56,57,90,89,66
56,57,90,89,95
56,57,90,89,24
56,57,90,89,40,129
56,57,90,89,39,40,129
56,57,90,89,93,131
56,57,90,89,93,131,54
57,79
57,80
57,90,89
57,90
57,90,89,91
57,90,89,92
57,90,89,93
57,90,89,94
57,90,89,66
57,90,89,95
57,90,89,24
57,90,89,40,129
57,90,89,39,40,129
57,90,89,93,131
57,90,89,93,131,54
71,72
71,125
72,71,125
73,28,120
73,28,13,11,12,128
73,28,13,11,15,136,12,128
73,28,13,6,4,5,12,128
73,28,12,128
73,28,5,4,6,13,11,12,128
73,28,5,4,6,13,11,15,136,12,128
73,28,5,12,128
73,28,29,13,11,12,128
73,28,29,13,11,15,136,12,128
73,28,29,13,6,4,5,12,128
73,28,13,11,12,136
73,28,13,11,15,136
73,28,13,6,4,5,12,136
73,28,12,136
73,28,5,4,6,13,11,12,136
73,28,5,4,6,13,11,15,136
73,28,5,12,136
73,28,29,13,11,12,136
73,28,29,13,11,15,136
73,28,29,13,6,4,5,12,136
73,28,13,11,12,136,115
73,28,13,11,15,136,115
73,28,13,6,4,5,12,11,15,136,115
73,28,13,6,4,5,12,136,115
73,28,12,11,15,136,115
73,28,12,136,115
73,28,5,4,6,13,11,12,136,115
73,28,5,4,6,13,11,15,136,115
73,28,5,12,11,15,136,115
73,28,5,12,136,115
73,28,29,13,11,12,136,115
73,28,29,13,11,15,136,115
73,28,29,13,6,4,5,12,11,15,136,115
73,28,29,13,6,4,5,12,136,115
73,28,13,11,12,136,42
73,28,13,11,15,136,42
73,28,13,6,4,5,12,11,15,136,42
73,28,13,6,4,5,12,136,42
73,28,12,11,15,136,42
73,28,12,136,42
73,28,5,4,6,13,11,12,136,42
73,28,5,4,6,13,11,15,136,42
73,28,5,12,11,15,136,42
73,28,5,12,136,42
73,28,29,13,11,12,136,42
73,28,29,13,11,15,136,42
73,28,29,13,6,4,5,12,11,15,136,42
73,28,29,13,6,4,5,12,136,42
74,75
74,75,82
74,75,87
74,75,70
75,82
75,87
75,70
76,77
76,53
77,76,53
79,57,80
79,57,90,89
79,57,90
79,57,90,89,91
79,57,90,89,92
79,57,90,89,93
79,57,90,89,94
79,57,90,89,66
79,57,90,89,95
79,57,90,89,24
79,57,90,89,40,129
79,57,90,89,39,40,129
79,57,90,89,93,131
79,57,90,89,93,131,54
80,57,90,89
80,57,90
80,57,90,89,91
80,57,90,89,92
80,57,90,89,93
80,57,90,89,94
80,57,90,89,66
80,57,90,89,95
80,57,90,89,24
80,57,90,89,40,129
80,57,90,89,39,40,129
80,57,90,89,93,131
80,57,90,89,93,131,54
82,75,87
82,75,70
87,75,70
89,90
89,91
89,92
89,93
89,94
89,66
89,95
89,24
89,40,129
89,93,131
89,93,131,54
90,89,91
90,89,92
90,89,93
90,89,94
90,89,66
90,89,95
90,89,24
90,89,40,129
90,89,39,40,129
90,89,93,131
90,89,93,131,54
91,89,92
91,89,93
91,89,94
91,89,66
91,89,95
91,89,24
91,89,40,129
91,89,39,40,129
91,89,93,131
91,89,93,131,54
92,89,93
92,89,94
92,89,66
92,89,95
92,89,24
92,89,40,129
92,89,39,40,129
92,89,93,131
92,89,93,131,54
93,89,94
93,89,66
93,89,95
93,89,24
93,89,40,129
93,89,39,40,129
93,131
93,131,54
94,89,66
94,89,95
94,89,24
94,89,40,129
94,89,39,40,129
94,89,93,131
94,89,93,131,54
66,89,95
66,89,24
66,89,40,129
66,89,39,40,129
66,89,93,131
66,89,93,131,54
95,89,24
95,89,40,129
95,89,39,40,129
95,89,93,131
95,89,93,131,54
24,89,40,129
24,89,39,40,129
24,89,93,131
24,89,93,131,54
99,69
99,100
99,48
69,99,100
69,99,48
100,99,48
103,104
112,8
112,113
8,112,113
120,28,13,11,12,128
120,28,13,11,15,136,12,128
120,28,13,6,4,5,12,128
120,28,12,128
120,28,5,4,6,13,11,12,128
120,28,5,4,6,13,11,15,136,12,128
120,28,5,12,128
120,28,29,13,11,12,128
120,28,29,13,11,15,136,12,128
120,28,29,13,6,4,5,12,128
120,28,13,11,12,136
120,28,13,11,15,136
120,28,13,6,4,5,12,136
120,28,12,136
120,28,5,4,6,13,11,12,136
120,28,5,4,6,13,11,15,136
120,28,5,12,136
120,28,29,13,11,12,136
120,28,29,13,11,15,136
120,28,29,13,6,4,5,12,136
120,28,13,11,12,136,115
120,28,13,11,15,136,115
120,28,13,6,4,5,12,11,15,136,115
120,28,13,6,4,5,12,136,115
120,28,12,11,15,136,115
120,28,12,136,115
120,28,5,4,6,13,11,12,136,115
120,28,5,4,6,13,11,15,136,115
120,28,5,12,11,15,136,115
120,28,5,12,136,115
120,28,29,13,11,12,136,115
120,28,29,13,11,15,136,115
120,28,29,13,6,4,5,12,11,15,136,115
120,28,29,13,6,4,5,12,136,115
120,28,13,11,12,136,42
120,28,13,11,15,136,42
120,28,13,6,4,5,12,11,15,136,42
120,28,13,6,4,5,12,136,42
120,28,12,11,15,136,42
120,28,12,136,42
120,28,5,4,6,13,11,12,136,42
120,28,5,4,6,13,11,15,136,42
120,28,5,12,11,15,136,42
120,28,5,12,136,42
120,28,29,13,11,12,136,42
120,28,29,13,11,15,136,42
120,28,29,13,6,4,5,12,11,15,136,42
120,28,29,13,6,4,5,12,136,42
128,12,136
128,12,11,15,136,115
128,12,28,13,11,15,136,115
128,12,28,5,4,6,13,11,15,136,115
128,12,28,29,13,11,15,136,115
128,12,5,4,6,13,11,15,136,115
128,12,5,28,13,11,15,136,115
128,12,5,28,29,13,11,15,136,115
128,12,136,115
128,12,11,15,136,42
128,12,28,13,11,15,136,42
128,12,28,5,4,6,13,11,15,136,42
128,12,28,29,13,11,15,136,42
128,12,5,4,6,13,11,15,136,42
128,12,5,28,13,11,15,136,42
128,12,5,28,29,13,11,15,136,42
128,12,136,42
129,40,39,89,93,131
129,40,89,93,131
129,40,39,89,93,131,54
129,40,89,93,131,54
131,54
135,88
136,115
136,42
115,136,42
141,110
141,119
141,140
110,141,119
110,141,140
119,141,140
