1,2
1,2,102
2,102
4,5
4,6,13,11,12,27,5
4,6,13,11,12,5
4,6,13,11,15,131,12,27,5
4,6,13,11,15,131,12,5
4,6,13,27,12,5
4,6,13,27,5
4,6,13,28,27,12,5
4,6,13,28,27,5
4,6
4,5,27,13,11
4,5,27,12,11
4,5,27,12,131,15,11
4,5,27,28,13,11
4,5,12,11
4,5,12,27,13,11
4,5,12,27,28,13,11
4,5,12,131,15,11
4,6,13,11
4,6,13,27,12,11
4,6,13,27,12,131,15,11
4,6,13,28,27,12,11
4,6,13,28,27,12,131,15,11
4,6,13,28,27,5,12,11
4,6,13,28,27,5,12,131,15,11
4,5,27,13,11,15,131,12
4,5,27,12
4,5,27,28,13,11,15,131,12
4,5,12
4,6,13,11,12
4,6,13,11,15,131,12
4,6,13,27,12
4,6,13,28,27,12
4,5,27,13
4,5,27,28,13
4,5,12,11,13
4,5,12,27,13
4,5,12,27,28,13
4,5,12,131,15,11,13
4,6,13
4,5,27,13,11,14
4,5,27,12,11,14
4,5,27,12,131,15,11,14
4,5,27,28,13,11,14
4,5,12,11,14
4,5,12,27,13,11,14
4,5,12,27,28,13,11,14
4,5,12,131,15,11,14
4,6,13,11,14
4,6,13,27,12,11,14
4,6,13,27,12,131,15,11,14
4,6,13,27,5,12,11,14
4,6,13,27,5,12,131,15,11,14
4,6,13,28,27,12,11,14
4,6,13,28,27,12,131,15,11,14
4,6,13,28,27,5,12,11,14
4,6,13,28,27,5,12,131,15,11,14
4,5,27,13,11,15
4,5,27,12,11,15
4,5,27,12,131,15
4,5,27,28,13,11,15
4,5,12,11,15
4,5,12,27,13,11,15
4,5,12,27,28,13,11,15
4,5,12,131,15
4,6,13,11,15
4,6,13,27,12,11,15
4,6,13,27,12,131,15
4,6,13,27,5,12,11,15
4,6,13,27,5,12,131,15
4,6,13,28,27,12,11,15
4,6,13,28,27,12,131,15
4,6,13,28,27,5,12,11,15
4,6,13,28,27,5,12,131,15
4,5,27,13,21
4,5,27,12,11,13,21
4,5,27,12,131,15,11,13,21
4,5,27,28,13,21
4,5,12,11,13,21
4,5,12,27,13,21
4,5,12,27,28,13,21
4,5,12,131,15,11,13,21
4,6,13,21
4,5,27
4,6,13,27
4,6,13,28,27
4,5,27,28
4,5,12,11,13,28
4,5,12,27,28
4,5,12,131,15,11,13,28
4,6,13,28
4,5,22
4,6,13,11,12,27,5,22
4,6,13,11,12,5,22
4,6,13,11,15,131,12,27,5,22
4,6,13,11,15,131,12,5,22
4,6,13,27,12,5,22
4,6,13,27,5,22
4,6,13,28,27,12,5,22
4,6,13,28,27,5,22
4,5,27,75
4,5,12,11,13,27,75
4,5,12,11,13,28,27,75
4,5,12,27,75
4,5,12,131,15,11,13,27,75
4,5,12,131,15,11,13,28,27,75
4,6,13,11,12,27,75
4,6,13,11,12,5,27,75
4,6,13,11,15,131,12,27,75
4,6,13,11,15,131,12,5,27,75
4,6,13,27,75
4,6,13,28,27,75
4,5,27,116
4,5,12,11,13,27,116
4,5,12,11,13,28,27,116
4,5,12,27,116
4,5,12,131,15,11,13,27,116
4,5,12,131,15,11,13,28,27,116
4,6,13,11,12,27,116
4,6,13,11,12,5,27,116
4,6,13,11,15,131,12,27,116
4,6,13,11,15,131,12,5,27,116
4,6,13,27,116
4,6,13,28,27,116
4,5,27,13,11,12,122
4,5,27,13,11,15,131,12,122
4,5,27,12,122
4,5,27,28,13,11,12,122
4,5,27,28,13,11,15,131,12,122
4,5,12,122
4,6,13,11,12,122
4,6,13,11,15,131,12,122
4,6,13,27,12,122
4,6,13,27,5,12,122
4,6,13,28,27,12,122
4,6,13,28,27,5,12,122
4,5,27,13,11,12,131
4,5,27,13,11,15,131
4,5,27,12,131
4,5,27,28,13,11,12,131
4,5,27,28,13,11,15,131
4,5,12,131
4,6,13,11,12,131
4,6,13,11,15,131
4,6,13,27,12,131
4,6,13,27,5,12,131
4,6,13,28,27,12,131
4,6,13,28,27,5,12,131
4,5,27,13,11,12,131,111
4,5,27,13,11,15,131,111
4,5,27,12,11,15,131,111
4,5,27,12,131,111
4,5,27,28,13,11,12,131,111
4,5,27,28,13,11,15,131,111
4,5,12,11,15,131,111
4,5,12,27,13,11,15,131,111
4,5,12,27,28,13,11,15,131,111
4,5,12,131,111
4,6,13,11,12,131,111
4,6,13,11,15,131,111
4,6,13,27,12,11,15,131,111
4,6,13,27,12,131,111
4,6,13,27,5,12,11,15,131,111
4,6,13,27,5,12,131,111
4,6,13,28,27,12,11,15,131,111
4,6,13,28,27,12,131,111
4,6,13,28,27,5,12,11,15,131,111
4,6,13,28,27,5,12,131,111
4,5,27,13,11,12,131,43
4,5,27,13,11,15,131,43
4,5,27,12,11,15,131,43
4,5,27,12,131,43
4,5,27,28,13,11,12,131,43
4,5,27,28,13,11,15,131,43
4,5,12,11,15,131,43
4,5,12,27,13,11,15,131,43
4,5,12,27,28,13,11,15,131,43
4,5,12,131,43
4,6,13,11,12,131,43
4,6,13,11,15,131,43
4,6,13,27,12,11,15,131,43
4,6,13,27,12,131,43
4,6,13,27,5,12,11,15,131,43
4,6,13,27,5,12,131,43
4,6,13,28,27,12,11,15,131,43
4,6,13,28,27,12,131,43
4,6,13,28,27,5,12,11,15,131,43
4,6,13,28,27,5,12,131,43
5,4,6
5,27,13,6
5,27,12,11,13,6
5,27,12,131,15,11,13,6
5,27,28,13,6
5,12,11,13,6
5,12,27,13,6
5,12,27,28,13,6
5,12,131,15,11,13,6
5,4,6,13,11
5,27,13,11
5,27,12,11
5,27,12,131,15,11
5,27,28,13,11
5,12,11
5,12,27,13,11
5,12,27,28,13,11
5,12,131,15,11
5,27,13,11,15,131,12
5,27,12
5,27,28,13,11,15,131,12
5,12
5,4,6,13
5,27,13
5,27,28,13
5,12,11,13
5,12,27,13
5,12,27,28,13
5,12,131,15,11,13
5,4,6,13,11,14
5,27,13,11,14
5,27,12,11,14
5,27,12,131,15,11,14
5,27,28,13,11,14
5,12,11,14
5,12,27,13,11,14
5,12,27,28,13,11,14
5,12,131,15,11,14
5,4,6,13,11,15
5,27,13,11,15
5,27,12,11,15
5,27,12,131,15
5,27,28,13,11,15
5,12,11,15
5,12,27,13,11,15
5,12,27,28,13,11,15
5,12,131,15
5,4,6,13,21
5,27,13,21
5,27,12,11,13,21
5,27,12,131,15,11,13,21
5,27,28,13,21
5,12,11,13,21
5,12,27,13,21
5,12,27,28,13,21
5,12,131,15,11,13,21
5,27
5,4,6,13,28
5,27,28
5,12,11,13,28
5,12,27,28
5,12,131,15,11,13,28
5,22
5,4,6,13,27,75
5,4,6,13,28,27,75
5,27,75
5,12,11,13,27,75
5,12,11,13,28,27,75
5,12,27,75
5,12,131,15,11,13,27,75
5,12,131,15,11,13,28,27,75
5,4,6,13,27,116
5,4,6,13,28,27,116
5,27,116
5,12,11,13,27,116
5,12,11,13,28,27,116
5,12,27,116
5,12,131,15,11,13,27,116
5,12,131,15,11,13,28,27,116
5,4,6,13,11,12,122
5,4,6,13,11,15,131,12,122
5,27,13,11,12,122
5,27,13,11,15,131,12,122
5,27,12,122
5,27,28,13,11,12,122
5,27,28,13,11,15,131,12,122
5,12,122
5,4,6,13,11,12,131
5,4,6,13,11,15,131
5,27,13,11,12,131
5,27,13,11,15,131
5,27,12,131
5,27,28,13,11,12,131
5,27,28,13,11,15,131
5,12,131
5,4,6,13,11,12,131,111
5,4,6,13,11,15,131,111
5,27,13,11,12,131,111
5,27,13,11,15,131,111
5,27,12,11,15,131,111
5,27,12,131,111
5,27,28,13,11,12,131,111
5,27,28,13,11,15,131,111
5,12,11,15,131,111
5,12,27,13,11,15,131,111
5,12,27,28,13,11,15,131,111
5,12,131,111
5,4,6,13,11,12,131,43
5,4,6,13,11,15,131,43
5,27,13,11,12,131,43
5,27,13,11,15,131,43
5,27,12,11,15,131,43
5,27,12,131,43
5,27,28,13,11,12,131,43
5,27,28,13,11,15,131,43
5,12,11,15,131,43
5,12,27,13,11,15,131,43
5,12,27,28,13,11,15,131,43
5,12,131,43
6,4,5,27,13,11
6,4,5,27,12,11
6,4,5,27,12,131,15,11
6,4,5,27,28,13,11
6,4,5,12,11
6,4,5,12,131,15,11
6,13,11
6,13,27,12,11
6,13,27,12,131,15,11
6,13,28,27,12,11
6,13,28,27,12,131,15,11
6,13,28,27,5,12,11
6,13,28,27,5,12,131,15,11
6,4,5,27,12
6,4,5,12
6,13,11,12
6,13,11,15,131,12
6,13,27,12
6,13,28,27,12
6,13
6,4,5,27,13,11,14
6,4,5,27,12,11,14
6,4,5,27,12,131,15,11,14
6,4,5,27,28,13,11,14
6,4,5,12,11,14
6,4,5,12,131,15,11,14
6,13,11,14
6,13,27,12,11,14
6,13,27,12,131,15,11,14
6,13,27,5,12,11,14
6,13,27,5,12,131,15,11,14
6,13,28,27,12,11,14
6,13,28,27,12,131,15,11,14
6,13,28,27,5,12,11,14
6,13,28,27,5,12,131,15,11,14
6,4,5,27,13,11,15
6,4,5,27,12,11,15
6,4,5,27,12,131,15
6,4,5,27,28,13,11,15
6,4,5,12,11,15
6,4,5,12,131,15
6,13,11,15
6,13,27,12,11,15
6,13,27,12,131,15
6,13,27,5,12,11,15
6,13,27,5,12,131,15
6,13,28,27,12,11,15
6,13,28,27,12,131,15
6,13,28,27,5,12,11,15
6,13,28,27,5,12,131,15
6,4,5,27,13,21
6,4,5,27,12,11,13,21
6,4,5,27,12,131,15,11,13,21
6,4,5,27,28,13,21
6,4,5,12,11,13,21
6,4,5,12,27,13,21
6,4,5,12,27,28,13,21
6,4,5,12,131,15,11,13,21
6,13,21
6,4,5,27
6,13,27
6,13,28,27
6,4,5,27,28
6,4,5,12,11,13,28
6,4,5,12,27,28
6,4,5,12,131,15,11,13,28
6,13,28
6,4,5,22
6,13,11,12,27,5,22
6,13,11,12,5,22
6,13,11,15,131,12,27,5,22
6,13,11,15,131,12,5,22
6,13,27,12,5,22
6,13,27,5,22
6,13,28,27,12,5,22
6,13,28,27,5,22
6,4,5,27,75
6,4,5,12,11,13,28,27,75
6,4,5,12,27,75
6,4,5,12,131,15,11,13,28,27,75
6,13,11,12,27,75
6,13,11,12,5,27,75
6,13,11,15,131,12,27,75
6,13,11,15,131,12,5,27,75
6,13,27,75
6,13,28,27,75
6,4,5,27,116
6,4,5,12,11,13,28,27,116
6,4,5,12,27,116
6,4,5,12,131,15,11,13,28,27,116
6,13,11,12,27,116
6,13,11,12,5,27,116
6,13,11,15,131,12,27,116
6,13,11,15,131,12,5,27,116
6,13,27,116
6,13,28,27,116
6,4,5,27,13,11,12,122
6,4,5,27,13,11,15,131,12,122
6,4,5,27,12,122
6,4,5,27,28,13,11,12,122
6,4,5,27,28,13,11,15,131,12,122
6,4,5,12,122
6,13,11,12,122
6,13,11,15,131,12,122
6,13,27,12,122
6,13,27,5,12,122
6,13,28,27,12,122
6,13,28,27,5,12,122
6,4,5,27,13,11,12,131
6,4,5,27,13,11,15,131
6,4,5,27,12,131
6,4,5,27,28,13,11,12,131
6,4,5,27,28,13,11,15,131
6,4,5,12,131
6,13,11,12,131
6,13,11,15,131
6,13,27,12,131
6,13,27,5,12,131
6,13,28,27,12,131
6,13,28,27,5,12,131
6,4,5,27,13,11,12,131,111
6,4,5,27,13,11,15,131,111
6,4,5,27,12,11,15,131,111
6,4,5,27,12,131,111
6,4,5,27,28,13,11,12,131,111
6,4,5,27,28,13,11,15,131,111
6,4,5,12,11,15,131,111
6,4,5,12,131,111
6,13,11,12,131,111
6,13,11,15,131,111
6,13,27,12,11,15,131,111
6,13,27,12,131,111
6,13,27,5,12,11,15,131,111
6,13,27,5,12,131,111
6,13,28,27,12,11,15,131,111
6,13,28,27,12,131,111
6,13,28,27,5,12,11,15,131,111
6,13,28,27,5,12,131,111
6,4,5,27,13,11,12,131,43
6,4,5,27,13,11,15,131,43
6,4,5,27,12,11,15,131,43
6,4,5,27,12,131,43
6,4,5,27,28,13,11,12,131,43
6,4,5,27,28,13,11,15,131,43
6,4,5,12,11,15,131,43
6,4,5,12,131,43
6,13,11,12,131,43
6,13,11,15,131,43
6,13,27,12,11,15,131,43
6,13,27,12,131,43
6,13,27,5,12,11,15,131,43
6,13,27,5,12,131,43
6,13,28,27,12,11,15,131,43
6,13,28,27,12,131,43
6,13,28,27,5,12,11,15,131,43
6,13,28,27,5,12,131,43
11,12
11,13,27,12
11,13,28,27,12
11,15,131,12
11,13
11,15,131,12,27,13
11,15,131,12,27,28,13
11,14
11,15
11,12,27,13,21
11,12,27,28,13,21
11,12,5,27,28,13,21
11,13,21
11,15,131,12,27,13,21
11,15,131,12,27,28,13,21
11,15,131,12,5,27,28,13,21
11,12,27
11,13,27
11,13,28,27
11,15,131,12,27
11,12,27,28
11,12,5,27,28
11,13,28
11,15,131,12,27,28
11,15,131,12,5,27,28
11,12,27,5,22
11,12,27,28,13,6,4,5,22
11,12,5,22
11,13,27,12,5,22
11,13,27,5,22
11,13,28,27,12,5,22
11,13,28,27,5,22
11,13,6,4,5,22
11,15,131,12,27,5,22
11,15,131,12,27,28,13,6,4,5,22
11,15,131,12,5,22
11,12,27,75
11,12,5,27,75
11,13,27,75
11,13,28,27,75
11,13,6,4,5,27,75
11,15,131,12,27,75
11,15,131,12,5,27,75
11,12,27,116
11,12,5,27,116
11,13,27,116
11,13,28,27,116
11,13,6,4,5,27,116
11,15,131,12,27,116
11,15,131,12,5,27,116
11,12,122
11,13,27,12,122
11,13,28,27,12,122
11,15,131,12,122
11,12,131
11,13,27,12,131
11,13,28,27,12,131
11,15,131
11,12,131,111
11,13,27,12,131,111
11,13,28,27,12,131,111
11,15,131,111
11,12,131,43
11,13,27,12,131,43
11,13,28,27,12,131,43
11,15,131,43
12,11,13
12,27,13
12,27,28,13
12,5,4,6,13
12,131,15,11,13
12,11,14
12,27,13,11,14
12,27,28,13,11,14
12,5,4,6,13,11,14
12,131,15,11,14
12,11,15
12,27,13,11,15
12,27,28,13,11,15
12,5,4,6,13,11,15
12,131,15
12,11,13,21
12,27,13,21
12,27,28,13,21
12,5,4,6,13,21
12,131,15,11,13,21
12,27
12,11,13,28
12,27,28
12,5,4,6,13,28
12,131,15,11,13,28
12,27,5,22
12,5,22
12,131,15,11,13,27,5,22
12,131,15,11,13,28,27,5,22
12,11,13,27,75
12,11,13,28,27,75
12,27,75
12,5,4,6,13,27,75
12,5,4,6,13,28,27,75
12,131,15,11,13,27,75
12,131,15,11,13,28,27,75
12,11,13,27,116
12,11,13,28,27,116
12,27,116
12,5,4,6,13,27,116
12,5,4,6,13,28,27,116
12,131,15,11,13,27,116
12,131,15,11,13,28,27,116
12,122
12,131
12,11,15,131,111
12,27,13,11,15,131,111
12,27,28,13,11,15,131,111
12,5,4,6,13,11,15,131,111
12,131,111
12,11,15,131,43
12,27,13,11,15,131,43
12,27,28,13,11,15,131,43
12,5,4,6,13,11,15,131,43
12,131,43
13,11,14
13,27,12,131,15,11,14
13,27,5,12,131,15,11,14
13,28,27,12,131,15,11,14
13,28,27,5,12,131,15,11,14
13,6,4,5,12,131,15,11,14
13,11,15
13,27,12,131,15
13,27,5,12,131,15
13,28,27,12,131,15
13,28,27,5,12,131,15
13,6,4,5,12,131,15
13,21
13,27
13,28,27
13,28
13,11,12,5,22
13,11,15,131,12,5,22
13,27,12,5,22
13,27,5,22
13,28,27,12,5,22
13,28,27,5,22
13,6,4,5,22
13,27,75
13,28,27,75
13,27,116
13,28,27,116
13,11,12,122
13,11,15,131,12,122
13,27,12,122
13,27,5,12,122
13,28,27,12,122
13,28,27,5,12,122
13,6,4,5,12,122
13,11,12,131
13,11,15,131
13,27,12,131
13,27,5,12,131
13,28,27,12,131
13,28,27,5,12,131
13,6,4,5,12,131
13,11,12,131,111
13,11,15,131,111
13,27,12,131,111
13,27,5,12,131,111
13,28,27,12,131,111
13,28,27,5,12,131,111
13,6,4,5,12,131,111
13,11,12,131,43
13,11,15,131,43
13,27,12,131,43
13,27,5,12,131,43
13,28,27,12,131,43
13,28,27,5,12,131,43
13,6,4,5,12,131,43
14,11,15
14,11,12,27,13,21
14,11,12,27,5,4,6,13,21
14,11,12,27,28,13,21
14,11,12,5,4,6,13,21
14,11,12,5,27,13,21
14,11,12,5,27,28,13,21
14,11,13,21
14,11,15,131,12,27,13,21
14,11,15,131,12,27,5,4,6,13,21
14,11,15,131,12,27,28,13,21
14,11,15,131,12,5,4,6,13,21
14,11,15,131,12,5,27,13,21
14,11,15,131,12,5,27,28,13,21
14,11,12,27
14,11,13,27
14,11,13,28,27
14,11,15,131,12,27
14,11,12,27,28
14,11,12,5,4,6,13,28
14,11,12,5,27,28
14,11,13,28
14,11,15,131,12,27,28
14,11,15,131,12,5,4,6,13,28
14,11,15,131,12,5,27,28
14,11,12,27,13,6,4,5,22
14,11,12,27,5,22
14,11,12,27,28,13,6,4,5,22
14,11,12,5,22
14,11,13,27,12,5,22
14,11,13,27,5,22
14,11,13,28,27,12,5,22
14,11,13,28,27,5,22
14,11,13,6,4,5,22
14,11,15,131,12,27,13,6,4,5,22
14,11,15,131,12,27,5,22
14,11,15,131,12,27,28,13,6,4,5,22
14,11,15,131,12,5,22
14,11,12,27,75
14,11,12,5,4,6,13,27,75
14,11,12,5,4,6,13,28,27,75
14,11,12,5,27,75
14,11,13,27,75
14,11,13,28,27,75
14,11,13,6,4,5,27,75
14,11,15,131,12,27,75
14,11,15,131,12,5,4,6,13,27,75
14,11,15,131,12,5,4,6,13,28,27,75
14,11,15,131,12,5,27,75
14,11,12,27,116
14,11,12,5,4,6,13,27,116
14,11,12,5,4,6,13,28,27,116
14,11,12,5,27,116
14,11,13,27,116
14,11,13,28,27,116
14,11,13,6,4,5,27,116
14,11,15,131,12,27,116
14,11,15,131,12,5,4,6,13,27,116
14,11,15,131,12,5,4,6,13,28,27,116
14,11,15,131,12,5,27,116
14,11,12,122
14,11,13,27,12,122
14,11,13,27,5,12,122
14,11,13,28,27,12,122
14,11,13,28,27,5,12,122
14,11,13,6,4,5,27,12,122
14,11,13,6,4,5,12,122
14,11,15,131,12,122
14,11,12,131
14,11,13,27,12,131
14,11,13,27,5,12,131
14,11,13,28,27,12,131
14,11,13,28,27,5,12,131
14,11,13,6,4,5,27,12,131
14,11,13,6,4,5,12,131
14,11,15,131
14,11,12,131,111
14,11,13,27,12,131,111
14,11,13,27,5,12,131,111
14,11,13,28,27,12,131,111
14,11,13,28,27,5,12,131,111
14,11,13,6,4,5,27,12,131,111
14,11,13,6,4,5,12,131,111
14,11,15,131,111
14,11,12,131,43
14,11,13,27,12,131,43
14,11,13,27,5,12,131,43
14,11,13,28,27,12,131,43
14,11,13,28,27,5,12,131,43
14,11,13,6,4,5,27,12,131,43
14,11,13,6,4,5,12,131,43
14,11,15,131,43
15,11,12,27,13,21
15,11,12,27,5,4,6,13,21
15,11,12,27,28,13,21
15,11,12,5,4,6,13,21
15,11,12,5,27,13,21
15,11,12,5,27,28,13,21
15,11,13,21
15,131,12,27,13,21
15,131,12,27,5,4,6,13,21
15,131,12,27,28,13,21
15,131,12,5,4,6,13,21
15,131,12,5,27,13,21
15,131,12,5,27,28,13,21
15,11,12,27
15,11,13,27
15,11,13,28,27
15,131,12,27
15,11,12,27,28
15,11,12,5,4,6,13,28
15,11,12,5,27,28
15,11,13,28
15,131,12,27,28
15,131,12,5,4,6,13,28
15,131,12,5,27,28
15,11,12,27,13,6,4,5,22
15,11,12,27,5,22
15,11,12,27,28,13,6,4,5,22
15,11,12,5,22
15,11,13,27,12,5,22
15,11,13,27,5,22
15,11,13,28,27,12,5,22
15,11,13,28,27,5,22
15,11,13,6,4,5,22
15,131,12,27,13,6,4,5,22
15,131,12,27,5,22
15,131,12,27,28,13,6,4,5,22
15,131,12,5,22
15,11,12,27,75
15,11,12,5,4,6,13,27,75
15,11,12,5,4,6,13,28,27,75
15,11,12,5,27,75
15,11,13,27,75
15,11,13,28,27,75
15,11,13,6,4,5,27,75
15,131,12,27,75
15,131,12,5,4,6,13,27,75
15,131,12,5,4,6,13,28,27,75
15,131,12,5,27,75
15,11,12,27,116
15,11,12,5,4,6,13,27,116
15,11,12,5,4,6,13,28,27,116
15,11,12,5,27,116
15,11,13,27,116
15,11,13,28,27,116
15,11,13,6,4,5,27,116
15,131,12,27,116
15,131,12,5,4,6,13,27,116
15,131,12,5,4,6,13,28,27,116
15,131,12,5,27,116
15,11,12,122
15,11,13,27,12,122
15,11,13,27,5,12,122
15,11,13,28,27,12,122
15,11,13,28,27,5,12,122
15,11,13,6,4,5,27,12,122
15,11,13,6,4,5,12,122
15,131,12,122
15,131
15,131,111
15,131,43
21,13,27
21,13,28,27
21,13,28
21,13,11,12,27,5,22
21,13,11,12,5,22
21,13,11,15,131,12,27,5,22
21,13,11,15,131,12,5,22
21,13,27,12,5,22
21,13,27,5,22
21,13,28,27,12,5,22
21,13,28,27,5,22
21,13,6,4,5,22
21,13,11,12,27,75
21,13,11,12,5,27,75
21,13,11,15,131,12,27,75
21,13,11,15,131,12,5,27,75
21,13,27,75
21,13,28,27,75
21,13,6,4,5,27,75
21,13,6,4,5,12,27,75
21,13,11,12,27,116
21,13,11,12,5,27,116
21,13,11,15,131,12,27,116
21,13,11,15,131,12,5,27,116
21,13,27,116
21,13,28,27,116
21,13,6,4,5,27,116
21,13,6,4,5,12,27,116
21,13,11,12,122
21,13,11,15,131,12,122
21,13,27,12,122
21,13,27,5,12,122
21,13,28,27,12,122
21,13,28,27,5,12,122
21,13,6,4,5,27,12,122
21,13,6,4,5,12,122
21,13,11,12,131
21,13,11,15,131
21,13,27,12,131
21,13,27,5,12,131
21,13,28,27,12,131
21,13,28,27,5,12,131
21,13,6,4,5,27,12,131
21,13,6,4,5,12,131
21,13,11,12,131,111
21,13,11,15,131,111
21,13,27,12,11,15,131,111
21,13,27,12,131,111
21,13,27,5,12,11,15,131,111
21,13,27,5,12,131,111
21,13,28,27,12,11,15,131,111
21,13,28,27,12,131,111
21,13,28,27,5,12,11,15,131,111
21,13,28,27,5,12,131,111
21,13,6,4,5,27,12,11,15,131,111
21,13,6,4,5,27,12,131,111
21,13,6,4,5,12,11,15,131,111
21,13,6,4,5,12,131,111
21,13,11,12,131,43
21,13,11,15,131,43
21,13,27,12,11,15,131,43
21,13,27,12,131,43
21,13,27,5,12,11,15,131,43
21,13,27,5,12,131,43
21,13,28,27,12,11,15,131,43
21,13,28,27,12,131,43
21,13,28,27,5,12,11,15,131,43
21,13,28,27,5,12,131,43
21,13,6,4,5,27,12,11,15,131,43
21,13,6,4,5,27,12,131,43
21,13,6,4,5,12,11,15,131,43
21,13,6,4,5,12,131,43
25,26
25,26,127
26,127
27,28
27,5,22
27,75
27,116
27,13,11,15,131,12,122
27,12,122
27,28,13,11,15,131,12,122
27,13,11,15,131
27,12,131
27,28,13,11,15,131
27,13,11,15,131,111
27,12,11,15,131,111
27,12,131,111
27,28,13,11,15,131,111
27,13,11,15,131,43
27,12,11,15,131,43
27,12,131,43
27,28,13,11,15,131,43
28,27,12,5,22
28,27,5,22
28,13,11,12,5,22
28,13,11,15,131,12,5,22
28,13,6,4,5,22
28,27,75
28,27,116
28,27,12,122
28,27,5,12,122
28,13,11,12,122
28,13,11,15,131,12,122
28,13,6,4,5,12,122
28,27,12,131
28,27,5,12,131
28,13,11,12,131
28,13,11,15,131
28,13,6,4,5,12,131
28,27,12,11,15,131,111
28,27,12,131,111
28,27,5,12,11,15,131,111
28,27,5,12,131,111
28,13,11,12,131,111
28,13,11,15,131,111
28,13,6,4,5,12,11,15,131,111
28,13,6,4,5,12,131,111
28,27,12,11,15,131,43
28,27,12,131,43
28,27,5,12,11,15,131,43
28,27,5,12,131,43
28,13,11,12,131,43
28,13,11,15,131,43
28,13,6,4,5,12,11,15,131,43
28,13,6,4,5,12,131,43
30,31
22,5,4,6,13,11,12,27,75
22,5,4,6,13,11,15,131,12,27,75
22,5,4,6,13,27,75
22,5,4,6,13,28,27,75
22,5,27,75
22,5,12,11,13,27,75
22,5,12,11,13,28,27,75
22,5,12,27,75
22,5,12,131,15,11,13,27,75
22,5,12,131,15,11,13,28,27,75
22,5,4,6,13,11,12,27,116
22,5,4,6,13,11,15,131,12,27,116
22,5,4,6,13,27,116
22,5,4,6,13,28,27,116
22,5,27,116
22,5,12,11,13,27,116
22,5,12,11,13,28,27,116
22,5,12,27,116
22,5,12,131,15,11,13,27,116
22,5,12,131,15,11,13,28,27,116
22,5,4,6,13,11,12,122
22,5,4,6,13,11,15,131,12,122
22,5,4,6,13,27,12,122
22,5,4,6,13,28,27,12,122
22,5,27,13,11,12,122
22,5,27,13,11,15,131,12,122
22,5,27,12,122
22,5,27,28,13,11,12,122
22,5,27,28,13,11,15,131,12,122
22,5,12,122
22,5,4,6,13,11,12,131
22,5,4,6,13,11,15,131
22,5,4,6,13,27,12,131
22,5,4,6,13,28,27,12,131
22,5,27,13,11,12,131
22,5,27,13,11,15,131
22,5,27,12,131
22,5,27,28,13,11,12,131
22,5,27,28,13,11,15,131
22,5,12,131
22,5,4,6,13,11,12,131,111
22,5,4,6,13,11,15,131,111
22,5,4,6,13,27,12,11,15,131,111
22,5,4,6,13,27,12,131,111
22,5,4,6,13,28,27,12,11,15,131,111
22,5,4,6,13,28,27,12,131,111
22,5,27,13,11,12,131,111
22,5,27,13,11,15,131,111
22,5,27,12,11,15,131,111
22,5,27,12,131,111
22,5,27,28,13,11,12,131,111
22,5,27,28,13,11,15,131,111
22,5,12,11,15,131,111
22,5,12,27,13,11,15,131,111
22,5,12,27,28,13,11,15,131,111
22,5,12,131,111
22,5,4,6,13,11,12,131,43
22,5,4,6,13,11,15,131,43
22,5,4,6,13,27,12,11,15,131,43
22,5,4,6,13,27,12,131,43
22,5,4,6,13,28,27,12,11,15,131,43
22,5,4,6,13,28,27,12,131,43
22,5,27,13,11,12,131,43
22,5,27,13,11,15,131,43
22,5,27,12,11,15,131,43
22,5,27,12,131,43
22,5,27,28,13,11,12,131,43
22,5,27,28,13,11,15,131,43
22,5,12,11,15,131,43
22,5,12,27,13,11,15,131,43
22,5,12,27,28,13,11,15,131,43
22,5,12,131,43
35,8
35,36
8,35,36
40,41
40,88,41
40,41,88,46
40,88,46
40,41,88,46,47
40,88,46,47
40,41,53
40,88,41,53
40,41,88,89,59,58
40,88,89,59,58
40,41,88,89,59
40,88,89,59
40,41,88,89,59,81
40,88,89,59,81
40,41,88,89,59,82
40,88,89,59,82
40,88
40,41,88,89
40,88,89
40,41,88,90
40,88,90
40,41,88,91
40,88,91
40,41,88,92
40,88,92
40,41,88,93
40,88,93
40,41,88,68
40,88,68
40,41,88,94
40,88,94
40,41,88,24
40,88,24
40,41,124
40,88,41,124
40,41,88,92,126
40,88,92,126
40,41,88,92,126,56
40,88,92,126,56
41,88,46
41,88,46,47
41,53
41,88,89,59,58
41,88,89,59
41,88,89,59,81
41,88,89,59,82
41,88
41,88,89
41,88,90
41,88,91
41,88,92
41,88,93
41,88,68
41,88,94
41,88,24
41,124
41,88,92,126
41,88,92,126,56
46,47
46,88,41,53
46,88,40,41,53
46,88,89,59,58
46,88,89,59
46,88,89,59,81
46,88,89,59,82
46,88
46,88,89
46,88,90
46,88,91
46,88,92
46,88,93
46,88,68
46,88,94
46,88,24
46,88,41,124
46,88,40,41,124
46,88,92,126
46,88,92,126,56
47,46,88,41,53
47,46,88,40,41,53
47,46,88,89,59,58
47,46,88,89,59
47,46,88,89,59,81
47,46,88,89,59,82
47,46,88
47,46,88,89
47,46,88,90
47,46,88,91
47,46,88,92
47,46,88,93
47,46,88,68
47,46,88,94
47,46,88,24
47,46,88,41,124
47,46,88,40,41,124
47,46,88,92,126
47,46,88,92,126,56
51,52
53,41,40,88,89,59,58
53,41,88,89,59,58
53,41,40,88,89,59
53,41,88,89,59
53,41,40,88,89,59,81
53,41,88,89,59,81
53,41,40,88,89,59,82
53,41,88,89,59,82
53,41,88
53,41,40,88,89
53,41,88,89
53,41,40,88,90
53,41,88,90
53,41,40,88,91
53,41,88,91
53,41,40,88,92
53,41,88,92
53,41,40,88,93
53,41,88,93
53,41,40,88,68
53,41,88,68
53,41,40,88,94
53,41,88,94
53,41,40,88,24
53,41,88,24
53,41,124
53,41,40,88,92,126
53,41,88,92,126
53,41,40,88,92,126,56
53,41,88,92,126,56
58,59
58,59,81
58,59,82
58,59,89,88
58,59,89
58,59,89,88,90
58,59,89,88,91
58,59,89,88,92
58,59,89,88,93
58,59,89,88,68
58,59,89,88,94
58,59,89,88,24
58,59,89,88,41,124
58,59,89,88,40,41,124
58,59,89,88,92,126
58,59,89,88,92,126,56
59,81
59,82
59,89,88
59,89
59,89,88,90
59,89,88,91
59,89,88,92
59,89,88,93
59,89,88,68
59,89,88,94
59,89,88,24
59,89,88,41,124
59,89,88,40,41,124
59,89,88,92,126
59,89,88,92,126,56
73,74
73,120
74,73,120
75,27,116
75,27,13,11,12,122
75,27,13,11,15,131,12,122
75,27,13,6,4,5,12,122
75,27,12,122
75,27,5,4,6,13,11,12,122
75,27,5,4,6,13,11,15,131,12,122
75,27,5,12,122
75,27,28,13,11,12,122
75,27,28,13,11,15,131,12,122
75,27,28,13,6,4,5,12,122
75,27,13,11,12,131
75,27,13,11,15,131
75,27,13,6,4,5,12,131
75,27,12,131
75,27,5,4,6,13,11,12,131
75,27,5,4,6,13,11,15,131
75,27,5,12,131
75,27,28,13,11,12,131
75,27,28,13,11,15,131
75,27,28,13,6,4,5,12,131
75,27,13,11,12,131,111
75,27,13,11,15,131,111
75,27,13,6,4,5,12,11,15,131,111
75,27,13,6,4,5,12,131,111
75,27,12,11,15,131,111
75,27,12,131,111
75,27,5,4,6,13,11,12,131,111
75,27,5,4,6,13,11,15,131,111
75,27,5,12,11,15,131,111
75,27,5,12,131,111
75,27,28,13,11,12,131,111
75,27,28,13,11,15,131,111
75,27,28,13,6,4,5,12,11,15,131,111
75,27,28,13,6,4,5,12,131,111
75,27,13,11,12,131,43
75,27,13,11,15,131,43
75,27,13,6,4,5,12,11,15,131,43
75,27,13,6,4,5,12,131,43
75,27,12,11,15,131,43
75,27,12,131,43
75,27,5,4,6,13,11,12,131,43
75,27,5,4,6,13,11,15,131,43
75,27,5,12,11,15,131,43
75,27,5,12,131,43
75,27,28,13,11,12,131,43
75,27,28,13,11,15,131,43
75,27,28,13,6,4,5,12,11,15,131,43
75,27,28,13,6,4,5,12,131,43
76,77
76,72
77,76,72
78,79
78,55
79,78,55
81,59,82
81,59,89,88
81,59,89
81,59,89,88,90
81,59,89,88,91
81,59,89,88,92
81,59,89,88,93
81,59,89,88,68
81,59,89,88,94
81,59,89,88,24
81,59,89,88,41,124
81,59,89,88,40,41,124
81,59,89,88,92,126
81,59,89,88,92,126,56
82,59,89,88
82,59,89
82,59,89,88,90
82,59,89,88,91
82,59,89,88,92
82,59,89,88,93
82,59,89,88,68
82,59,89,88,94
82,59,89,88,24
82,59,89,88,41,124
82,59,89,88,40,41,124
82,59,89,88,92,126
82,59,89,88,92,126,56
85,71
85,86
85,50
71,85,86
71,85,50
86,85,50
88,89
88,90
88,91
88,92
88,93
88,68
88,94
88,24
88,41,124
88,92,126
88,92,126,56
89,88,90
89,88,91
89,88,92
89,88,93
89,88,68
89,88,94
89,88,24
89,88,41,124
89,88,40,41,124
89,88,92,126
89,88,92,126,56
90,88,91
90,88,92
90,88,93
90,88,68
90,88,94
90,88,24
90,88,41,124
90,88,40,41,124
90,88,92,126
90,88,92,126,56
91,88,92
91,88,93
91,88,68
91,88,94
91,88,24
91,88,41,124
91,88,40,41,124
91,88,92,126
91,88,92,126,56
92,88,93
92,88,68
92,88,94
92,88,24
92,88,41,124
92,88,40,41,124
92,126
92,126,56
93,88,68
93,88,94
93,88,24
93,88,41,124
93,88,40,41,124
93,88,92,126
93,88,92,126,56
68,88,94
68,88,24
68,88,41,124
68,88,40,41,124
68,88,92,126
68,88,92,126,56
94,88,24
94,88,41,124
94,88,40,41,124
94,88,92,126
94,88,92,126,56
24,88,41,124
24,88,40,41,124
24,88,92,126
24,88,92,126,56
100,101
107,23
116,27,13,11,12,122
116,27,13,11,15,131,12,122
116,27,13,6,4,5,12,122
116,27,12,122
116,27,5,4,6,13,11,12,122
116,27,5,4,6,13,11,15,131,12,122
116,27,5,12,122
116,27,28,13,11,12,122
116,27,28,13,11,15,131,12,122
116,27,28,13,6,4,5,12,122
116,27,13,11,12,131
116,27,13,11,15,131
116,27,13,6,4,5,12,131
116,27,12,131
116,27,5,4,6,13,11,12,131
116,27,5,4,6,13,11,15,131
116,27,5,12,131
116,27,28,13,11,12,131
116,27,28,13,11,15,131
116,27,28,13,6,4,5,12,131
116,27,13,11,12,131,111
116,27,13,11,15,131,111
116,27,13,6,4,5,12,11,15,131,111
116,27,13,6,4,5,12,131,111
116,27,12,11,15,131,111
116,27,12,131,111
116,27,5,4,6,13,11,12,131,111
116,27,5,4,6,13,11,15,131,111
116,27,5,12,11,15,131,111
116,27,5,12,131,111
116,27,28,13,11,12,131,111
116,27,28,13,11,15,131,111
116,27,28,13,6,4,5,12,11,15,131,111
116,27,28,13,6,4,5,12,131,111
116,27,13,11,12,131,43
116,27,13,11,15,131,43
116,27,13,6,4,5,12,11,15,131,43
116,27,13,6,4,5,12,131,43
116,27,12,11,15,131,43
116,27,12,131,43
116,27,5,4,6,13,11,12,131,43
116,27,5,4,6,13,11,15,131,43
116,27,5,12,11,15,131,43
116,27,5,12,131,43
116,27,28,13,11,12,131,43
116,27,28,13,11,15,131,43
116,27,28,13,6,4,5,12,11,15,131,43
116,27,28,13,6,4,5,12,131,43
122,12,131
122,12,11,15,131,111
122,12,27,13,11,15,131,111
122,12,27,5,4,6,13,11,15,131,111
122,12,27,28,13,11,15,131,111
122,12,5,4,6,13,11,15,131,111
122,12,5,27,13,11,15,131,111
122,12,5,27,28,13,11,15,131,111
122,12,131,111
122,12,11,15,131,43
122,12,27,13,11,15,131,43
122,12,27,5,4,6,13,11,15,131,43
122,12,27,28,13,11,15,131,43
122,12,5,4,6,13,11,15,131,43
122,12,5,27,13,11,15,131,43
122,12,5,27,28,13,11,15,131,43
122,12,131,43
124,41,40,88,92,126
124,41,88,92,126
124,41,40,88,92,126,56
124,41,88,92,126,56
126,56
130,87
131,111
131,43
111,131,43
136,108
136,115
136,135
108,136,115
108,136,135
115,136,135
