2,3
2,3,46
2,3,124
2,3,399
2,3,505
2,3,737
2,3,1390
3,46
3,124
3,399
3,505
3,737
3,1390
22,23
22,23,279
22,23,406
22,23,892
22,23,896
22,23,1278
22,23,1439
22,23,1478
22,23,1556
22,23,1561
23,279
23,406
23,892
23,896
23,1278
23,1439
23,1478
23,1556
23,1561
34,35
34,35,60,59
34,35,60,147,61,59
34,35,60,62,59
34,35,60,64,59
34,35,60,61,59
34,35,60
34,35,60,147,61
34,35,60,62,59,61
34,35,60,64,59,61
34,35,60,61
34,35,60,147,61,59,62
34,35,60,62
34,35,60,64,59,62
34,35,60,59,63
34,35,60,147,61,59,63
34,35,60,62,59,63
34,35,60,64,59,63
34,35,60,61,59,63
34,35,60,147,61,59,64
34,35,60,64
34,35,60,147
34,35,60,566
34,35,60,1275,1274,566
34,35,60,1043
34,35,60,566,1274
34,35,60,1275,1274
34,35,60,1275
34,35,60,59,61,70
34,35,60,147,61,70
34,35,60,62,59,61,70
34,35,60,64,59,61,70
34,35,60,61,70
35,60,59
35,60,147,61,59
35,60,62,59
35,60,64,59
35,60,61,59
35,60
35,60,147,61
35,60,62,59,61
35,60,64,59,61
35,60,61
35,60,147,61,59,62
35,60,62
35,60,64,59,62
35,60,59,63
35,60,147,61,59,63
35,60,62,59,63
35,60,64,59,63
35,60,61,59,63
35,60,147,61,59,64
35,60,64
35,60,147
35,60,566
35,60,1275,1274,566
35,60,1043
35,60,566,1274
35,60,1275,1274
35,60,1275
35,60,59,61,70
35,60,147,61,70
35,60,62,59,61,70
35,60,64,59,61,70
35,60,61,70
37,38
46,3,124
46,3,399
46,3,505
46,3,737
46,3,1390
52,53
52,54
52,54,1261
52,54,1091
53,52,54
53,52,54,1261
53,52,54,1091
54,1261
54,1091
59,60
59,61,147,60
59,61,60
59,62,60
59,64,60
59,61
59,62,60,147,61
59,62,60,61
59,64,60,147,61
59,64,60,61
59,62
59,64,60,62
59,63
59,64
59,60,147
59,61,147
59,62,60,147
59,64,60,147
59,60,566
59,60,1275,1274,566
59,61,147,60,566
59,61,147,60,1275,1274,566
59,61,60,566
59,61,60,1275,1274,566
59,62,60,566
59,62,60,1275,1274,566
59,64,60,566
59,64,60,1275,1274,566
59,60,1043
59,61,147,60,1043
59,61,60,1043
59,62,60,1043
59,64,60,1043
59,60,566,1274
59,60,1275,1274
59,61,147,60,566,1274
59,61,147,60,1275,1274
59,61,60,566,1274
59,61,60,1275,1274
59,62,60,566,1274
59,62,60,1275,1274
59,64,60,566,1274
59,64,60,1275,1274
59,60,1275
59,61,147,60,1275
59,61,60,1275
59,62,60,1275
59,64,60,1275
59,60,147,61,70
59,60,61,70
59,61,70
59,62,60,147,61,70
59,62,60,61,70
59,64,60,147,61,70
59,64,60,61,70
60,147,61
60,61
60,62
60,59,63
60,147,61,59,63
60,62,59,63
60,64,59,63
60,61,59,63
60,64
60,147
60,566
60,1275,1274,566
60,1043
60,566,1274
60,1275,1274
60,1275
60,147,61,70
60,61,70
61,59,62
61,59,64,60,62
61,147,60,62
61,147,60,64,59,62
61,60,62
61,59,63
61,147,60,62,59,63
61,147,60,64,59,63
61,60,62,59,63
61,60,64,59,63
61,59,64
61,147,60,64
61,60,64
61,147
61,59,62,60,566
61,59,62,60,1275,1274,566
61,59,64,60,566
61,59,64,60,1275,1274,566
61,147,60,566
61,147,60,1275,1274,566
61,60,566
61,60,1275,1274,566
61,59,62,60,1043
61,59,64,60,1043
61,147,60,1043
61,60,1043
61,59,62,60,566,1274
61,59,62,60,1275,1274
61,59,64,60,566,1274
61,59,64,60,1275,1274
61,147,60,566,1274
61,147,60,1275,1274
61,60,566,1274
61,60,1275,1274
61,59,62,60,1275
61,59,64,60,1275
61,147,60,1275
61,60,1275
61,70
62,59,63
62,60,64,59,63
62,59,64
62,60,64
62,59,61,147
62,59,64,60,147
62,60,147
62,59,61,147,60,566
62,59,61,147,60,1275,1274,566
62,59,64,60,566
62,59,64,60,1275,1274,566
62,60,566
62,60,1275,1274,566
62,59,61,147,60,1043
62,59,64,60,1043
62,60,1043
62,59,61,147,60,566,1274
62,59,61,147,60,1275,1274
62,59,64,60,566,1274
62,59,64,60,1275,1274
62,60,566,1274
62,60,1275,1274
62,59,61,147,60,1275
62,59,64,60,1275
62,60,1275
62,59,61,70
62,59,64,60,147,61,70
62,59,64,60,61,70
62,60,147,61,70
62,60,61,70
63,59,64
63,59,60,147
63,59,61,147
63,59,62,60,147
63,59,64,60,147
63,59,60,566
63,59,60,1275,1274,566
63,59,61,147,60,566
63,59,61,147,60,1275,1274,566
63,59,61,60,566
63,59,61,60,1275,1274,566
63,59,62,60,566
63,59,62,60,1275,1274,566
63,59,64,60,566
63,59,64,60,1275,1274,566
63,59,60,1043
63,59,61,147,60,1043
63,59,61,60,1043
63,59,62,60,1043
63,59,64,60,1043
63,59,60,566,1274
63,59,60,1275,1274
63,59,61,147,60,566,1274
63,59,61,147,60,1275,1274
63,59,61,60,566,1274
63,59,61,60,1275,1274
63,59,62,60,566,1274
63,59,62,60,1275,1274
63,59,64,60,566,1274
63,59,64,60,1275,1274
63,59,60,1275
63,59,61,147,60,1275
63,59,61,60,1275
63,59,62,60,1275
63,59,64,60,1275
63,59,60,147,61,70
63,59,60,61,70
63,59,61,70
63,59,62,60,147,61,70
63,59,62,60,61,70
63,59,64,60,147,61,70
63,59,64,60,61,70
64,59,61,147
64,60,147
64,59,61,147,60,566
64,59,61,147,60,1275,1274,566
64,60,566
64,60,1275,1274,566
64,59,61,147,60,1043
64,60,1043
64,59,61,147,60,566,1274
64,59,61,147,60,1275,1274
64,60,566,1274
64,60,1275,1274
64,59,61,147,60,1275
64,60,1275
64,59,61,70
64,60,147,61,70
64,60,61,70
78,79
81,82
81,1196,1105,794,1052,1095,82
81,1095,82
81,82,674,152
81,1196,1105,794,1052,1095,82,674,152
81,1095,82,674,152
81,82,674
81,1196,1105,794,1052,1095,82,674
81,1095,82,674
81,82,1095,1052
81,1196,1105,794,1052
81,1095,1052
81,82,1095,1052,891
81,1196,1105,794,1052,891
81,1095,1052,891
81,82,1095,1052,794
81,1196,1105,794
81,1095,1052,794
81,82,1095,1052,794,1105,1058
81,1196,1105,1058
81,1095,1052,794,1105,1058
81,82,1095,1052,794,1105,1058,929
81,1196,1105,1058,929
81,1095,1052,794,1105,1058,929
81,1196,1105,794,1052,1095
81,1095
81,82,1095,1052,794,1105
81,1196,1105
81,1095,1052,794,1105
81,1196
81,82,1095,1052,794,1105,1196,247
81,1196,247
81,1095,1052,794,1105,1196,247
82,674,152
82,674
82,81,1196,1105,794,1052
82,1095,1052
82,81,1196,1105,794,1052,891
82,1095,81,1196,1105,794,1052,891
82,1095,1052,891
82,81,1196,1105,794
82,1095,81,1196,1105,794
82,1095,1052,794
82,81,1196,1105,1058
82,1095,81,1196,1105,1058
82,1095,1052,794,1105,1058
82,81,1196,1105,1058,929
82,1095,81,1196,1105,1058,929
82,1095,1052,794,1105,1058,929
82,1095
82,81,1196,1105
82,1095,81,1196,1105
82,1095,1052,794,1105
82,81,1196
82,1095,81,1196
82,1095,1052,794,1105,1196
82,81,1196,247
82,1095,81,1196,247
82,1095,1052,794,1105,1196,247
87,88
87,1226
87,1226,1053
88,87,1226
88,87,1226,1053
89,90
89,90,1467
89,90,1472,1471
89,90,1472,1471,193
89,90,1472
90,1467
90,1472,1471
90,1472,1471,193
90,1472
107,744
114,115
114,922
114,922,923
114,922,924
114,922,925
114,922,926
114,922,927
114,922,926,861
114,922,923,322
114,922,924,239
114,922,925,434
114,922,927,215
115,114,922
115,114,922,923
115,114,922,924
115,114,922,925
115,114,922,926
115,114,922,927
115,114,922,926,861
115,114,922,923,322
115,114,922,924,239
115,114,922,925,434
115,114,922,927,215
124,3,399
124,3,505
124,3,737
124,3,1390
129,130
129,131
129,130,1474
130,129,131
130,1474
131,129,130,1474
134,135
134,135,251
134,135,251,252
134,135,733
134,135,917
134,135,917,918
134,135,917,918,1025
134,135,251,252,1117
134,135,251,252,1528
135,251
135,251,252
135,733
135,917
135,917,918
135,917,918,1025
135,251,252,1117
135,251,252,1528
147,60,566
147,60,1275,1274,566
147,60,1043
147,60,566,1274
147,60,1275,1274
147,60,1275
147,61,70
152,674
152,674,82,81,1196,1105,794,1052
152,674,82,81,1095,1052
152,674,82,1095,1052
152,674,82,81,1196,1105,794,1052,891
152,674,82,81,1095,1052,891
152,674,82,1095,81,1196,1105,794,1052,891
152,674,82,1095,1052,891
152,674,82,81,1196,1105,794
152,674,82,81,1095,1052,794
152,674,82,1095,81,1196,1105,794
152,674,82,1095,1052,794
152,674,82,81,1196,1105,1058
152,674,82,81,1095,1052,794,1105,1058
152,674,82,1095,81,1196,1105,1058
152,674,82,1095,1052,794,1105,1058
152,674,82,81,1196,1105,1058,929
152,674,82,81,1095,1052,794,1105,1058,929
152,674,82,1095,81,1196,1105,1058,929
152,674,82,1095,1052,794,1105,1058,929
152,674,82,1095
152,674,82,81,1196,1105
152,674,82,81,1095,1052,794,1105
152,674,82,1095,81,1196,1105
152,674,82,1095,1052,794,1105
152,674,82,81,1196
152,674,82,1095,81,1196
152,674,82,1095,1052,794,1105,1196
152,674,82,81,1196,247
152,674,82,81,1095,1052,794,1105,1196,247
152,674,82,1095,81,1196,247
152,674,82,1095,1052,794,1105,1196,247
166,167
180,181
180,182
180,183
180,184
180,185
180,1486
180,1486,1263
180,1486,1284
180,1486,969
180,1486,1487
181,180,182
181,180,183
181,180,184
181,180,185
181,180,1486
181,180,1486,1263
181,180,1486,1284
181,180,1486,969
181,180,1486,1487
182,180,183
182,180,184
182,180,185
182,180,1486
182,180,1486,1263
182,180,1486,1284
182,180,1486,969
182,180,1486,1487
183,180,184
183,180,185
183,180,1486
183,180,1486,1263
183,180,1486,1284
183,180,1486,969
183,180,1486,1487
184,180,185
184,180,1486
184,180,1486,1263
184,180,1486,1284
184,180,1486,969
184,180,1486,1487
185,180,1486
185,180,1486,1263
185,180,1486,1284
185,180,1486,969
185,180,1486,1487
200,201
213,214
224,225
233,234
242,243
242,244
243,242,244
251,252
251,135,733
251,135,917
251,135,917,918
251,135,917,918,1025
251,252,1117
251,252,1528
252,251,135,733
252,251,135,917
252,251,135,917,918
252,251,135,917,918,1025
252,1117
252,1528
255,256
255,257,743,99,256
255,257,743,99,1450,397,256
255,257,1450,99,256
255,257,1450,397,256
255,257
255,258
255,259
255,260
255,261
255,256,99,743
255,256,99,1450,257,743
255,256,397,1450,99,743
255,256,397,1450,257,743
255,257,743
255,257,1450,99,743
255,256,99
255,256,397,1450,99
255,257,743,99
255,257,1450,99
255,257,1450,397,256,99
255,256,397
255,257,743,99,256,397
255,257,743,99,1450,397
255,257,1450,397
255,256,99,743,257,1437
255,256,99,1450,257,1437
255,256,397,1450,99,743,257,1437
255,256,397,1450,257,1437
255,257,1437
255,256,99,1450
255,256,397,1450
255,257,1450
255,256,99,743,257,1566
255,256,99,1450,257,1566
255,256,397,1450,99,743,257,1566
255,256,397,1450,257,1566
255,257,1566
256,255,257
256,99,743,257
256,99,1450,257
256,397,1450,99,743,257
256,397,1450,257
256,255,258
256,99,743,257,255,258
256,99,1450,257,255,258
256,397,1450,99,743,257,255,258
256,397,1450,257,255,258
256,255,259
256,99,743,257,255,259
256,99,1450,257,255,259
256,397,1450,99,743,257,255,259
256,397,1450,257,255,259
256,255,260
256,99,743,257,255,260
256,99,1450,257,255,260
256,397,1450,99,743,257,255,260
256,397,1450,257,255,260
256,255,261
256,99,743,257,255,261
256,99,1450,257,255,261
256,397,1450,99,743,257,255,261
256,397,1450,257,255,261
256,255,257,743
256,99,743
256,99,1450,257,743
256,397,1450,99,743
256,397,1450,257,743
256,99
256,397,1450,99
256,397
256,255,257,1437
256,99,743,257,1437
256,99,1450,257,1437
256,397,1450,99,743,257,1437
256,397,1450,257,1437
256,255,257,1450
256,99,1450
256,397,1450
256,255,257,1566
256,99,743,257,1566
256,99,1450,257,1566
256,397,1450,99,743,257,1566
256,397,1450,257,1566
257,255,258
257,255,259
257,255,260
257,255,261
257,743
257,1450,99,743
257,255,256,99
257,743,99
257,1450,99
257,1450,397,256,99
257,255,256,397
257,743,99,256,397
257,743,99,1450,397
257,1450,397
257,1437
257,1450
257,1566
258,255,259
258,255,260
258,255,261
258,255,256,99,743
258,255,256,99,1450,257,743
258,255,256,397,1450,99,743
258,255,256,397,1450,257,743
258,255,257,743
258,255,257,1450,99,743
258,255,256,99
258,255,256,397,1450,99
258,255,257,743,99
258,255,257,1450,99
258,255,257,1450,397,256,99
258,255,256,397
258,255,257,743,99,256,397
258,255,257,743,99,1450,397
258,255,257,1450,397
258,255,256,99,743,257,1437
258,255,256,99,1450,257,1437
258,255,256,397,1450,99,743,257,1437
258,255,256,397,1450,257,1437
258,255,257,1437
258,255,256,99,1450
258,255,256,397,1450
258,255,257,1450
258,255,256,99,743,257,1566
258,255,256,99,1450,257,1566
258,255,256,397,1450,99,743,257,1566
258,255,256,397,1450,257,1566
258,255,257,1566
259,255,260
259,255,261
259,255,256,99,743
259,255,256,99,1450,257,743
259,255,256,397,1450,99,743
259,255,256,397,1450,257,743
259,255,257,743
259,255,257,1450,99,743
259,255,256,99
259,255,256,397,1450,99
259,255,257,743,99
259,255,257,1450,99
259,255,257,1450,397,256,99
259,255,256,397
259,255,257,743,99,256,397
259,255,257,743,99,1450,397
259,255,257,1450,397
259,255,256,99,743,257,1437
259,255,256,99,1450,257,1437
259,255,256,397,1450,99,743,257,1437
259,255,256,397,1450,257,1437
259,255,257,1437
259,255,256,99,1450
259,255,256,397,1450
259,255,257,1450
259,255,256,99,743,257,1566
259,255,256,99,1450,257,1566
259,255,256,397,1450,99,743,257,1566
259,255,256,397,1450,257,1566
259,255,257,1566
260,255,261
260,255,256,99,743
260,255,256,99,1450,257,743
260,255,256,397,1450,99,743
260,255,256,397,1450,257,743
260,255,257,743
260,255,257,1450,99,743
260,255,256,99
260,255,256,397,1450,99
260,255,257,743,99
260,255,257,1450,99
260,255,257,1450,397,256,99
260,255,256,397
260,255,257,743,99,256,397
260,255,257,743,99,1450,397
260,255,257,1450,397
260,255,256,99,743,257,1437
260,255,256,99,1450,257,1437
260,255,256,397,1450,99,743,257,1437
260,255,256,397,1450,257,1437
260,255,257,1437
260,255,256,99,1450
260,255,256,397,1450
260,255,257,1450
260,255,256,99,743,257,1566
260,255,256,99,1450,257,1566
260,255,256,397,1450,99,743,257,1566
260,255,256,397,1450,257,1566
260,255,257,1566
261,255,256,99,743
261,255,256,99,1450,257,743
261,255,256,397,1450,99,743
261,255,256,397,1450,257,743
261,255,257,743
261,255,257,1450,99,743
261,255,256,99
261,255,256,397,1450,99
261,255,257,743,99
261,255,257,1450,99
261,255,257,1450,397,256,99
261,255,256,397
261,255,257,743,99,256,397
261,255,257,743,99,1450,397
261,255,257,1450,397
261,255,256,99,743,257,1437
261,255,256,99,1450,257,1437
261,255,256,397,1450,99,743,257,1437
261,255,256,397,1450,257,1437
261,255,257,1437
261,255,256,99,1450
261,255,256,397,1450
261,255,257,1450
261,255,256,99,743,257,1566
261,255,256,99,1450,257,1566
261,255,256,397,1450,99,743,257,1566
261,255,256,397,1450,257,1566
261,255,257,1566
273,274
273,274,446
273,274,532
273,274,1126
273,274,1222,1127,1126
273,274,1126,1127
273,274,1222,1127
273,274,1126,1127,1222,1221
273,274,1222,1221
273,274,1126,1127,1222,1221,186
273,274,1222,1221,186
273,274,1222
273,274,1237
273,274,1313
274,446
274,532
274,1126
274,1222,1127,1126
274,1126,1127
274,1222,1127
274,1126,1127,1222,1221
274,1222,1221
274,1126,1127,1222,1221,186
274,1222,1221,186
274,1222
274,1237
274,1313
277,159
279,23,406
279,23,892
279,23,896
279,23,1278
279,23,1439
279,23,1478
279,23,1556
279,23,1561
285,537
295,296
305,306
305,306,377
305,1141
305,1141,558
306,377
306,305,1141
306,305,1141,558
315,281
328,329
328,329,637
328,329,689
328,329,715
328,329,980
329,637
329,689
329,715
329,980
330,331
330,197
330,331,719
330,331,719,122
330,331,1050
330,331,1050,857
330,331,1133
330,331,1133,1134
330,331,1307
330,331,1307,1291
330,331,1432
330,331,1432,1351
331,330,197
331,719
331,719,122
331,1050
331,1050,857
331,1133
331,1133,1134
331,1307
331,1307,1291
331,1432
331,1432,1351
197,330,331,719
197,330,331,719,122
197,330,331,1050
197,330,331,1050,857
197,330,331,1133
197,330,331,1133,1134
197,330,331,1307
197,330,331,1307,1291
197,330,331,1432
197,330,331,1432,1351
334,9
334,335,363,9
334,336,363,9
334,337,364,362,363,9
334,337,363,9
334,362,363,9
334,335
334,336,363,335
334,337,364,362,363,335
334,337,363,335
334,362,363,335
334,336
334,337,364,362,363,336
334,337,363,336
334,362,363,336
334,337
334,362,363,337
334,362,364,337
334,362
334,9,363
334,335,363
334,336,363
334,337,364,362,363
334,337,363
334,362,363
334,9,363,362,364
334,9,363,337,364
334,335,363,362,364
334,335,363,337,364
334,336,363,362,364
334,336,363,337,364
334,337,364
334,362,364
334,9,363,362,364,337,790
334,9,363,337,790
334,335,363,362,364,337,790
334,335,363,337,790
334,336,363,362,364,337,790
334,336,363,337,790
334,337,790
334,362,363,337,790
334,362,364,337,790
9,334,335
9,334,336,363,335
9,334,337,364,362,363,335
9,334,337,363,335
9,334,362,363,335
9,363,335
9,334,336
9,334,337,364,362,363,336
9,334,337,363,336
9,334,362,363,336
9,363,336
9,334,337
9,334,362,363,337
9,334,362,364,337
9,363,362,364,337
9,363,337
9,334,362
9,363,362
9,363
9,334,335,363,362,364
9,334,335,363,337,364
9,334,336,363,362,364
9,334,336,363,337,364
9,334,337,364
9,334,362,364
9,363,362,364
9,363,337,364
9,334,335,363,362,364,337,790
9,334,335,363,337,790
9,334,336,363,362,364,337,790
9,334,336,363,337,790
9,334,337,790
9,334,362,363,337,790
9,334,362,364,337,790
9,363,362,364,337,790
9,363,337,790
335,334,336
335,334,337,364,362,363,336
335,334,337,363,336
335,334,362,363,336
335,363,336
335,334,337
335,334,362,363,337
335,334,362,364,337
335,363,362,364,337
335,363,337
335,334,362
335,363,362
335,363
335,334,336,363,362,364
335,334,336,363,337,364
335,334,337,364
335,334,362,364
335,363,362,364
335,363,337,364
335,334,336,363,362,364,337,790
335,334,336,363,337,790
335,334,337,790
335,334,362,363,337,790
335,334,362,364,337,790
335,363,362,364,337,790
335,363,337,790
336,334,337
336,334,362,363,337
336,334,362,364,337
336,363,362,364,337
336,363,337
336,334,362
336,363,362
336,363
336,334,337,364
336,334,362,364
336,363,362,364
336,363,337,364
336,334,337,790
336,334,362,363,337,790
336,334,362,364,337,790
336,363,362,364,337,790
336,363,337,790
337,334,362
337,364,362
337,363,362
337,364,362,363
337,363
337,364
337,790
340,341
340,342
340,341,314
341,340,342
341,314
342,340,341,314
357,358
357,359,1012,358
357,359
357,358,1012,359,423
357,359,423
357,358,1012,359,632
357,359,632
357,358,1012
357,359,1012
358,357,359
358,1012,359
358,357,359,423
358,1012,359,423
358,357,359,632
358,1012,359,632
358,1012
359,423
359,632
359,1012
362,363
362,364
362,363,337,790
362,334,337,790
362,364,337,790
363,362,364
363,337,364
363,362,364,337,790
363,337,790
364,337,790
377,306,305,1141
377,306,305,1141,558
385,386
390,391
390,1576
390,1576,206
391,390,1576
391,390,1576,206
392,393
392,394
392,393,858
392,393,1158,858
392,393,1158
392,393,1527
392,393,1527,617
392,393,1527,1526
393,392,394
393,858
393,1158,858
393,1158
393,1527
393,1527,617
393,1527,1526
394,392,393,858
394,392,393,1158,858
394,392,393,1158
394,392,393,1527
394,392,393,1527,617
394,392,393,1527,1526
399,3,505
399,3,737
399,3,1390
406,23,892
406,23,896
406,23,1278
406,23,1439
406,23,1478
406,23,1556
406,23,1561
423,359,632
423,359,1012
432,433
432,433,1064
432,433,1276
433,1064
433,1276
437,438
437,116,661,438
437,116,661,662,758,438
437,116,661,662,1404,438
437,116,758,438
437,116,758,662,1404,438
437,116,986,438
437,116,1404,438
437,116
437,438,661
437,438,758,116,661
437,438,758,116,1404,662,661
437,438,758,662,661
437,438,986,116,661
437,438,986,116,758,662,661
437,438,986,116,1404,662,661
437,438,1404,116,661
437,438,1404,662,661
437,116,661
437,116,758,662,661
437,116,1404,662,661
437,438,661,662
437,438,758,662
437,438,986,116,661,662
437,438,986,116,758,662
437,438,986,116,1404,662
437,438,1404,662
437,116,661,662
437,116,758,662
437,116,1404,662
437,438,758
437,438,986,116,758
437,438,986,116,1404,662,758
437,438,1404,116,758
437,438,1404,662,758
437,116,758
437,116,1404,662,758
437,438,986
437,438,1404,116,986
437,116,986
437,438,1404
437,116,1404
438,437,116
438,661,116
438,661,662,758,116
438,661,662,1404,116
438,758,116
438,758,662,1404,116
438,986,116
438,1404,116
438,661
438,758,116,661
438,758,116,1404,662,661
438,758,662,661
438,986,116,661
438,986,116,758,662,661
438,986,116,1404,662,661
438,1404,116,661
438,1404,662,661
438,437,116,661,662
438,437,116,758,662
438,437,116,1404,662
438,661,662
438,758,662
438,986,116,661,662
438,986,116,758,662
438,986,116,1404,662
438,1404,662
438,758
438,986,116,758
438,986,116,1404,662,758
438,1404,116,758
438,1404,662,758
438,986
438,1404,116,986
438,1404
116,661
116,758,662,661
116,1404,662,661
116,661,662
116,758,662
116,1404,662
116,758
116,1404,662,758
116,986
116,1404
446,274,532
446,274,1126
446,274,1222,1127,1126
446,274,1126,1127
446,274,1222,1127
446,274,1126,1127,1222,1221
446,274,1222,1221
446,274,1126,1127,1222,1221,186
446,274,1222,1221,186
446,274,1222
446,274,1237
446,274,1313
450,102
450,102,513
450,102,682
450,102,957
102,513
102,682
102,957
460,457
472,302
478,479
478,479,1509
479,1509
494,276
494,198
276,494,198
496,475
496,497,1280,475
496,497
496,475,1280
496,497,1280
475,496,497
475,1280,497
475,1280
497,1280
505,3,737
505,3,1390
513,102,682
513,102,957
517,518
517,518,1177
517,518,1303
518,1177
518,1303
523,310
524,525
524,526
524,527
524,168
524,528
524,424
524,529
524,530
524,531
525,524,526
525,524,527
525,524,168
525,524,528
525,524,424
525,524,529
525,524,530
525,524,531
526,524,527
526,524,168
526,524,528
526,524,424
526,524,529
526,524,530
526,524,531
527,524,168
527,524,528
527,524,424
527,524,529
527,524,530
527,524,531
168,524,528
168,524,424
168,524,529
168,524,530
168,524,531
528,524,424
528,524,529
528,524,530
528,524,531
424,524,529
424,524,530
424,524,531
529,524,530
529,524,531
530,524,531
532,274,1126
532,274,1222,1127,1126
532,274,1126,1127
532,274,1222,1127
532,274,1126,1127,1222,1221
532,274,1222,1221
532,274,1126,1127,1222,1221,186
532,274,1222,1221,186
532,274,1222
532,274,1237
532,274,1313
560,294
566,60,1043
566,1274,1275,60,1043
566,1274
566,60,1275
566,1274,1275
566,60,59,61,70
566,60,147,61,70
566,60,62,59,61,70
566,60,64,59,61,70
566,60,61,70
566,1274,1275,60,59,61,70
566,1274,1275,60,147,61,70
566,1274,1275,60,62,59,61,70
566,1274,1275,60,64,59,61,70
566,1274,1275,60,61,70
567,85
567,85,1387
85,1387
568,569
577,92
577,92,1155
92,1155
578,579
578,579,1021
579,1021
581,582
581,1199
582,581,1199
586,587
588,589
588,589,671
588,1099
588,589,1534
588,589,1534,422
588,589,1534,1054
589,671
589,588,1099
589,1534
589,1534,422
589,1534,1054
597,598
599,600
603,463
603,604
463,603,604
620,507
621,622
621,622,825
621,622,875
622,825
622,875
637,329,689
637,329,715
637,329,980
646,643
646,647
646,647,1010
643,646,647
643,646,647,1010
647,1010
657,658
657,805
658,657,805
661,662
661,438,758
661,438,986,116,758
661,438,986,116,1404,662,758
661,438,1404,116,758
661,438,1404,662,758
661,116,758
661,116,1404,662,758
661,662,758
661,438,986
661,438,1404,116,986
661,116,986
661,662,758,438,986
661,662,758,116,986
661,662,1404,438,986
661,662,1404,116,986
661,438,1404
661,116,1404
661,662,1404
662,758
662,661,438,986
662,661,116,986
662,758,438,986
662,758,116,986
662,1404,438,986
662,1404,116,986
662,1404
671,589,588,1099
671,589,1534
671,589,1534,422
671,589,1534,1054
674,82,81,1196,1105,794,1052
674,82,81,1095,1052
674,82,1095,1052
674,82,81,1196,1105,794,1052,891
674,82,81,1095,1052,891
674,82,1095,81,1196,1105,794,1052,891
674,82,1095,1052,891
674,82,81,1196,1105,794
674,82,81,1095,1052,794
674,82,1095,81,1196,1105,794
674,82,1095,1052,794
674,82,81,1196,1105,1058
674,82,81,1095,1052,794,1105,1058
674,82,1095,81,1196,1105,1058
674,82,1095,1052,794,1105,1058
674,82,81,1196,1105,1058,929
674,82,81,1095,1052,794,1105,1058,929
674,82,1095,81,1196,1105,1058,929
674,82,1095,1052,794,1105,1058,929
674,82,1095
674,82,81,1196,1105
674,82,81,1095,1052,794,1105
674,82,1095,81,1196,1105
674,82,1095,1052,794,1105
674,82,81,1196
674,82,1095,81,1196
674,82,1095,1052,794,1105,1196
674,82,81,1196,247
674,82,81,1095,1052,794,1105,1196,247
674,82,1095,81,1196,247
674,82,1095,1052,794,1105,1196,247
679,680
682,102,957
689,329,715
689,329,980
690,691
695,696
695,696,780
696,780
713,367
715,329,980
716,717
719,122
719,331,1050
719,331,1050,857
719,331,1133
719,331,1133,1134
719,331,1307
719,331,1307,1291
719,331,1432
719,331,1432,1351
122,719,331,1050
122,719,331,1050,857
122,719,331,1133
122,719,331,1133,1134
122,719,331,1307
122,719,331,1307,1291
122,719,331,1432
122,719,331,1432,1351
727,728
733,135,917
733,135,917,918
733,135,917,918,1025
733,135,251,252,1117
733,135,251,252,1528
737,3,1390
739,253
741,292
741,292,879
741,292,913
741,292,1075
741,292,1536
292,879
292,913
292,1075
292,1536
743,99
743,257,255,256,397
743,257,1450,397
743,99,256,397
743,99,1450,397
743,257,1437
743,99,1450,257,1437
743,257,1450
743,99,1450
743,257,1566
743,99,1450,257,1566
99,256,397
99,1450,397
99,743,257,1437
99,256,255,257,1437
99,256,397,1450,257,1437
99,1450,397,256,255,257,1437
99,1450,257,1437
99,1450
99,743,257,1566
99,256,255,257,1566
99,256,397,1450,257,1566
99,1450,397,256,255,257,1566
99,1450,257,1566
753,754
758,438,986
758,438,1404,116,986
758,116,986
758,662,1404,438,986
758,662,1404,116,986
758,438,1404
758,116,1404
758,662,1404
795,141
632,359,1012
818,611
820,821
823,177
826,454
397,256,255,257,1437
397,256,99,743,257,1437
397,1450,99,743,257,1437
397,1450,257,1437
397,1450
397,256,255,257,1566
397,256,99,743,257,1566
397,1450,99,743,257,1566
397,1450,257,1566
842,843
844,845
844,254
844,709
844,709,1470
844,709,1470,972
844,709,1470,14
844,709,1515
845,844,254
845,844,709
845,844,709,1470
845,844,709,1470,972
845,844,709,1470,14
845,844,709,1515
254,844,709
254,844,709,1470
254,844,709,1470,972
254,844,709,1470,14
254,844,709,1515
709,1470
709,1470,972
709,1470,14
709,1515
850,851
858,1158
858,393,1527
858,1158,393,1527
858,393,1527,617
858,1158,393,1527,617
858,393,1527,1526
858,1158,393,1527,1526
825,622,875
879,292,913
879,292,1075
879,292,1536
892,23,896
892,23,1278
892,23,1439
892,23,1478
892,23,1556
892,23,1561
894,895
896,23,1278
896,23,1439
896,23,1478
896,23,1556
896,23,1561
912,405
912,405,1037
405,1037
913,292,1075
913,292,1536
914,915
914,374
914,835
914,916
915,914,374
915,914,835
915,914,916
374,914,835
374,914,916
835,914,916
917,918
917,918,1025
917,135,251,252,1117
917,135,251,252,1528
918,1025
918,917,135,251,252,1117
918,917,135,251,252,1528
922,923
922,924
922,925
922,926
922,927
922,926,861
922,923,322
922,924,239
922,925,434
922,927,215
923,922,924
923,922,925
923,922,926
923,922,927
923,922,926,861
923,322
923,922,924,239
923,922,925,434
923,922,927,215
924,922,925
924,922,926
924,922,927
924,922,926,861
924,922,923,322
924,239
924,922,925,434
924,922,927,215
925,922,926
925,922,927
925,922,926,861
925,922,923,322
925,922,924,239
925,434
925,922,927,215
926,922,927
926,861
926,922,923,322
926,922,924,239
926,922,925,434
926,922,927,215
927,922,926,861
927,922,923,322
927,922,924,239
927,922,925,434
927,215
954,351
960,961
965,187
966,271
966,967
271,966,967
986,438,1404
986,116,1404
989,207
989,207,1265
207,1265
990,991
990,297
991,990,297
1001,1002
861,926,922,923,322
861,926,922,924,239
861,926,922,925,434
861,926,922,927,215
1013,1014
1013,304
1014,1013,304
1015,1016
1025,918,917,135,251,252,1117
1025,918,917,135,251,252,1528
1027,610
1043,60,566,1274
1043,60,1275,1274
1043,60,1275
1043,60,59,61,70
1043,60,147,61,70
1043,60,62,59,61,70
1043,60,64,59,61,70
1043,60,61,70
1046,333
1050,857
1050,331,1133
1050,331,1133,1134
1050,331,1307
1050,331,1307,1291
1050,331,1432
1050,331,1432,1351
857,1050,331,1133
857,1050,331,1133,1134
857,1050,331,1307
857,1050,331,1307,1291
857,1050,331,1432
857,1050,331,1432,1351
1052,891
1052,794
1052,794,1105,1058
1052,1095,82,81,1196,1105,1058
1052,1095,81,1196,1105,1058
1052,794,1105,1058,929
1052,1095,82,81,1196,1105,1058,929
1052,1095,81,1196,1105,1058,929
1052,1095
1052,794,1105
1052,1095,82,81,1196,1105
1052,1095,81,1196,1105
1052,794,1105,1196
1052,1095,82,81,1196
1052,1095,81,1196
1052,794,1105,1196,247
1052,1095,82,81,1196,247
1052,1095,81,1196,247
891,1052,794
891,1052,1095,81,1196,1105,794
891,1052,794,1105,1058
891,1052,1095,82,81,1196,1105,1058
891,1052,1095,81,1196,1105,1058
891,1052,794,1105,1058,929
891,1052,1095,82,81,1196,1105,1058,929
891,1052,1095,81,1196,1105,1058,929
891,1052,1095
891,1052,794,1105
891,1052,1095,82,81,1196,1105
891,1052,1095,81,1196,1105
891,1052,794,1105,1196
891,1052,1095,82,81,1196
891,1052,1095,81,1196
891,1052,794,1105,1196,247
891,1052,1095,82,81,1196,247
891,1052,1095,81,1196,247
794,1052,1095,82,81,1196,1105,1058
794,1052,1095,81,1196,1105,1058
794,1105,1058
794,1052,1095,82,81,1196,1105,1058,929
794,1052,1095,81,1196,1105,1058,929
794,1105,1058,929
794,1052,1095
794,1105,1196,81,1095
794,1105
794,1052,1095,82,81,1196
794,1052,1095,81,1196
794,1105,1196
794,1052,1095,82,81,1196,247
794,1052,1095,81,1196,247
794,1105,1196,247
1058,929
1058,1105,794,1052,1095
1058,1105,1196,81,1095
1058,1105
1058,1105,1196
1058,1105,794,1052,1095,82,81,1196,247
1058,1105,794,1052,1095,81,1196,247
1058,1105,1196,247
929,1058,1105,794,1052,1095
929,1058,1105,1196,81,1095
929,1058,1105
929,1058,1105,1196
929,1058,1105,794,1052,1095,82,81,1196,247
929,1058,1105,794,1052,1095,81,1196,247
929,1058,1105,1196,247
1064,433,1276
1072,1073
1072,1382
1073,1072,1382
1075,292,1536
1078,1079
1078,1079,332,1455
1078,1079,332
1078,1079,1476
1079,332,1455
1079,332
1079,1476
1081,1033
1081,1033,1500
1033,1500
1095,81,1196,1105
1095,1052,794,1105
1095,81,1196
1095,1052,794,1105,1196
1095,81,1196,247
1095,1052,794,1105,1196,247
1099,588,589,1534
1099,588,589,1534,422
1099,588,589,1534,1054
1105,1196
1105,1196,247
1107,570
1107,570,1192
570,1192
1109,650
1117,252,1528
1118,290
1122,398
1126,1127
1126,274,1222,1221
1126,1127,1222,1221
1126,274,1222,1221,186
1126,1127,1222,1221,186
1126,274,1222
1126,1127,1222
1126,274,1237
1126,1127,1222,274,1237
1126,274,1313
1126,1127,1222,274,1313
1127,1222,1221
1127,1222,1221,186
1127,1222
1127,1126,274,1237
1127,1222,274,1237
1127,1126,274,1313
1127,1222,274,1313
1133,1134
1133,331,1307
1133,331,1307,1291
1133,331,1432
1133,331,1432,1351
1134,1133,331,1307
1134,1133,331,1307,1291
1134,1133,331,1432
1134,1133,331,1432,1351
1141,558
1143,286
1158,393,1527
1158,393,1527,617
1158,393,1527,1526
1172,669
1176,882
1176,1484
1176,1484,1306
1176,1484,1203
882,1176,1484
882,1176,1484,1306
882,1176,1484,1203
1177,518,1303
1180,1181
1196,247
1197,1198
1205,1206
1221,186
1221,1222
1221,1222,274,1237
1221,1222,1127,1126,274,1237
1221,1222,274,1313
1221,1222,1127,1126,274,1313
186,1221,1222
186,1221,1222,274,1237
186,1221,1222,1127,1126,274,1237
186,1221,1222,274,1313
186,1221,1222,1127,1126,274,1313
1222,274,1237
1222,274,1313
1226,1053
1237,274,1313
322,923,922,924,239
322,923,922,925,434
322,923,922,927,215
1273,900
1273,179
900,1273,179
1274,1275
1274,1275,60,59,61,70
1274,1275,60,147,61,70
1274,1275,60,62,59,61,70
1274,1275,60,64,59,61,70
1274,1275,60,61,70
1274,566,60,59,61,70
1274,566,60,147,61,70
1274,566,60,62,59,61,70
1274,566,60,64,59,61,70
1274,566,60,61,70
1275,60,59,61,70
1275,60,147,61,70
1275,60,62,59,61,70
1275,60,64,59,61,70
1275,60,61,70
1278,23,1439
1278,23,1478
1278,23,1556
1278,23,1561
1282,902
239,924,922,925,434
239,924,922,927,215
1286,660
1307,1291
1307,331,1432
1307,331,1432,1351
1291,1307,331,1432
1291,1307,331,1432,1351
1335,941
1357,1163
1357,1163,1405
1163,1405
1358,792
1261,54,1091
1370,317
1374,651
1410,458
1425,607
1432,1351
1437,257,1450
1437,257,1566
1439,23,1478
1439,23,1556
1439,23,1561
1445,583
1450,257,1566
1455,332
1455,332,1079,1476
332,1079,1476
1456,1435
434,925,922,927,215
1466,1194
1467,90,1472,1471
1467,90,1472,1471,193
1467,90,1472
1468,1115
1470,972
1470,14
1470,709,1515
972,1470,14
972,1470,709,1515
14,1470,709,1515
1471,193
1471,1472
193,1471,1472
1473,449
1478,23,1556
1478,23,1561
1484,1306
1484,1203
1306,1484,1203
1486,1263
1486,1284
1486,969
1486,1487
1263,1486,1284
1263,1486,969
1263,1486,1487
1284,1486,969
1284,1486,1487
969,1486,1487
1489,1090
1489,486
1489,1562
1090,1489,486
1090,1489,1562
486,1489,1562
1493,1255
1510,28
1523,1114
1527,617
1527,1526
617,1527,1526
1534,422
1534,1054
422,1534,1054
1541,766
1542,1417
1554,628
1556,23,1561
1559,777
1571,919
1576,206
1577,1125
1581,1348
