4,5
4,5,90
4,5,550
4,5,920
5,90
5,550
5,920
27,28
27,28,504
27,28,590
27,28,590,194
28,504
28,590
28,590,194
29,30
29,30,440
29,30,735
29,30,945
30,440
30,735
30,945
32,33
32,33,829,477,476
32,33,1016,477,476
32,33,829,477
32,33,1016,477
32,33,829,477,523
32,33,1016,477,523
32,33,829
32,33,1016,477,829
32,33,901
32,33,947
32,33,1016
33,829,477,476
33,1016,477,476
33,829,477
33,1016,477
33,829,477,523
33,1016,477,523
33,829
33,1016,477,829
33,901
33,947
33,1016
35,36
35,37
36,35,37
38,39
38,40
38,40,243
38,40,243,244
38,40,198
39,38,40
39,38,40,243
39,38,40,243,244
39,38,40,198
40,243
40,243,244
40,198
41,42
41,42,642,16,81
41,42,740,642,16,81
41,42,642,16
41,42,740,642,16
41,42,226
41,42,226,317,242
41,42,261
41,42,226,317
41,42,642
41,42,740,642
41,42,642,721
41,42,740,642,721
41,42,740
41,42,642,849
41,42,740,642,849
41,42,642,982
41,42,740,642,982
42,642,16,81
42,740,642,16,81
42,642,16
42,740,642,16
42,226
42,226,317,242
42,261
42,226,317
42,642
42,740,642
42,642,721
42,740,642,721
42,740
42,642,849
42,740,642,849
42,642,982
42,740,642,982
43,44
45,46
49,50
49,50,53
49,50,300,54,53
49,50,517,54,53
49,50,685,54,53
49,50,1034,54,53
49,50,53,54
49,50,300,54
49,50,517,54
49,50,685,54
49,50,1034,54
49,50,53,54,114
49,50,300,54,114
49,50,517,54,114
49,50,685,54,114
49,50,1034,54,114
49,50,300
49,50,517,54,300
49,50,685,54,300
49,50,1034,54,300
49,50,421,326
49,50,421,422,326
49,50,421,326,327
49,50,421,422,326,327
49,50,421
49,50,421,422
49,50,53,54,488
49,50,300,54,488
49,50,517,54,488
49,50,685,54,488
49,50,1034,54,488
49,50,517
49,50,685,54,517
49,50,1034,54,517
49,50,53,54,551
49,50,300,54,551
49,50,517,54,551
49,50,685,54,551
49,50,1034,54,551
49,50,53,54,591
49,50,300,54,591
49,50,517,54,591
49,50,685,54,591
49,50,1034,54,591
49,50,685
49,50,1034,54,685
49,50,53,54,843
49,50,300,54,843
49,50,517,54,843
49,50,685,54,843
49,50,1034,54,843
49,50,53,54,911
49,50,300,54,911
49,50,517,54,911
49,50,685,54,911
49,50,1034,54,911
49,50,1034
50,53
50,300,54,53
50,517,54,53
50,685,54,53
50,1034,54,53
50,53,54
50,300,54
50,517,54
50,685,54
50,1034,54
50,53,54,114
50,300,54,114
50,517,54,114
50,685,54,114
50,1034,54,114
50,300
50,517,54,300
50,685,54,300
50,1034,54,300
50,421,326
50,421,422,326
50,421,326,327
50,421,422,326,327
50,421
50,421,422
50,53,54,488
50,300,54,488
50,517,54,488
50,685,54,488
50,1034,54,488
50,517
50,685,54,517
50,1034,54,517
50,53,54,551
50,300,54,551
50,517,54,551
50,685,54,551
50,1034,54,551
50,53,54,591
50,300,54,591
50,517,54,591
50,685,54,591
50,1034,54,591
50,685
50,1034,54,685
50,53,54,843
50,300,54,843
50,517,54,843
50,685,54,843
50,1034,54,843
50,53,54,911
50,300,54,911
50,517,54,911
50,685,54,911
50,1034,54,911
50,1034
53,54
53,50,300,54,114
53,50,517,54,114
53,50,685,54,114
53,50,1034,54,114
53,54,114
53,50,300
53,50,517,54,300
53,50,685,54,300
53,50,1034,54,300
53,54,300
53,50,421,326
53,50,421,422,326
53,54,300,50,421,326
53,54,300,50,421,422,326
53,54,517,50,421,326
53,54,517,50,421,422,326
53,54,685,50,421,326
53,54,685,50,421,422,326
53,54,1034,50,421,326
53,54,1034,50,421,422,326
53,50,421,326,327
53,50,421,422,326,327
53,54,300,50,421,326,327
53,54,300,50,421,422,326,327
53,54,517,50,421,326,327
53,54,517,50,421,422,326,327
53,54,685,50,421,326,327
53,54,685,50,421,422,326,327
53,54,1034,50,421,326,327
53,54,1034,50,421,422,326,327
53,50,421
53,54,300,50,421
53,54,517,50,421
53,54,685,50,421
53,54,1034,50,421
53,50,421,422
53,54,300,50,421,422
53,54,517,50,421,422
53,54,685,50,421,422
53,54,1034,50,421,422
53,50,300,54,488
53,50,517,54,488
53,50,685,54,488
53,50,1034,54,488
53,54,488
53,50,517
53,50,685,54,517
53,50,1034,54,517
53,54,517
53,50,300,54,551
53,50,517,54,551
53,50,685,54,551
53,50,1034,54,551
53,54,551
53,50,300,54,591
53,50,517,54,591
53,50,685,54,591
53,50,1034,54,591
53,54,591
53,50,685
53,50,1034,54,685
53,54,685
53,50,300,54,843
53,50,517,54,843
53,50,685,54,843
53,50,1034,54,843
53,54,843
53,50,300,54,911
53,50,517,54,911
53,50,685,54,911
53,50,1034,54,911
53,54,911
53,50,1034
53,54,1034
54,114
54,300
54,53,50,421,326
54,53,50,421,422,326
54,300,50,421,326
54,300,50,421,422,326
54,517,50,421,326
54,517,50,421,422,326
54,685,50,421,326
54,685,50,421,422,326
54,1034,50,421,326
54,1034,50,421,422,326
54,53,50,421,326,327
54,53,50,421,422,326,327
54,300,50,421,326,327
54,300,50,421,422,326,327
54,517,50,421,326,327
54,517,50,421,422,326,327
54,685,50,421,326,327
54,685,50,421,422,326,327
54,1034,50,421,326,327
54,1034,50,421,422,326,327
54,53,50,421
54,300,50,421
54,517,50,421
54,685,50,421
54,1034,50,421
54,53,50,421,422
54,300,50,421,422
54,517,50,421,422
54,685,50,421,422
54,1034,50,421,422
54,488
54,517
54,551
54,591
54,685
54,843
54,911
54,1034
63,64
63,64,294
63,64,310
63,64,615
63,64,765
63,64,778
64,294
64,310
64,615
64,765
64,778
72,25
72,25,200
72,25,200,201
72,25,200,201,106
72,25,200,201,213
72,25,200,201,214
25,200
25,200,201
25,200,201,106
25,200,201,213
25,200,201,214
81,16
81,16,642,42,226
81,16,642,740,42,226
81,16,642,42,226,317,242
81,16,642,740,42,226,317,242
81,16,642,42,261
81,16,642,740,42,261
81,16,642,42,226,317
81,16,642,740,42,226,317
81,16,642
81,16,642,721
81,16,642,740
81,16,642,849
81,16,642,982
16,642,42,226
16,642,740,42,226
16,642,42,226,317,242
16,642,740,42,226,317,242
16,642,42,261
16,642,740,42,261
16,642,42,226,317
16,642,740,42,226,317
16,642
16,642,721
16,642,740
16,642,849
16,642,982
90,5,550
90,5,920
93,94
105,20
108,109
108,109,204,205,464,1066,1065,178,177
108,109,204,205,547,177
108,109,204,205,179,177
108,109,522,205,464,1066,1065,178,177
108,109,522,205,547,177
108,109,522,205,179,177
108,109,547,177
108,109,547,205,464,1066,1065,178,177
108,109,547,205,179,177
108,109,179,177
108,109,179,205,464,1066,1065,178,177
108,109,1065,178,177
108,109,1065,1066,464,205,547,177
108,109,1065,1066,464,205,179,177
108,109,1066,1065,178,177
108,109,1066,464,205,547,177
108,109,1066,464,205,179,177
108,109,204,205,464,1066,1065,178
108,109,204,205,547,177,178
108,109,204,205,179,177,178
108,109,522,205,464,1066,1065,178
108,109,522,205,547,177,178
108,109,522,205,179,177,178
108,109,547,177,178
108,109,547,177,179,205,464,1066,1065,178
108,109,547,205,464,1066,1065,178
108,109,547,205,179,177,178
108,109,179,177,178
108,109,179,205,464,1066,1065,178
108,109,1065,178
108,109,1066,1065,178
108,109,1066,464,205,547,177,178
108,109,1066,464,205,179,177,178
108,109,204,205,464,1066,1065,178,177,179
108,109,204,205,547,177,179
108,109,204,205,179
108,109,522,205,464,1066,1065,178,177,179
108,109,522,205,547,177,179
108,109,522,205,179
108,109,547,177,179
108,109,547,205,179
108,109,179
108,109,1065,178,177,179
108,109,1065,178,177,547,205,179
108,109,1065,1066,464,205,547,177,179
108,109,1065,1066,464,205,179
108,109,1066,1065,178,177,179
108,109,1066,1065,178,177,547,205,179
108,109,1066,464,205,547,177,179
108,109,1066,464,205,179
108,109,204
108,109,522,205,204
108,109,547,177,178,1065,1066,464,205,204
108,109,547,205,204
108,109,1065,178,177,179,205,204
108,109,1065,178,177,547,205,204
108,109,1065,1066,464,205,204
108,109,1066,1065,178,177,179,205,204
108,109,1066,1065,178,177,547,205,204
108,109,1066,464,205,204
108,109,204,205
108,109,522,205
108,109,547,205
108,109,179,205
108,109,1065,178,177,179,205
108,109,1065,178,177,547,205
108,109,1065,1066,464,205
108,109,1066,1065,178,177,179,205
108,109,1066,1065,178,177,547,205
108,109,1066,464,205
108,109,204,205,464
108,109,522,205,464
108,109,522,205,547,177,178,1065,1066,464
108,109,547,177,178,1065,1066,464
108,109,547,177,179,205,464
108,109,547,205,464
108,109,179,177,178,1065,1066,464
108,109,179,205,464
108,109,1065,178,177,179,205,464
108,109,1065,178,177,547,205,464
108,109,1065,1066,464
108,109,1066,464
108,109,522
108,109,547,205,522
108,109,1065,178,177,179,205,522
108,109,1065,178,177,547,205,522
108,109,1065,1066,464,205,522
108,109,1066,1065,178,177,179,205,522
108,109,1066,1065,178,177,547,205,522
108,109,1066,464,205,522
108,109,547
108,109,1065,178,177,547
108,109,1065,1066,464,205,547
108,109,1066,1065,178,177,547
108,109,1066,464,205,547
108,109,1065
108,109,1066,1065
108,109,1066
109,204,205,464,1066,1065,178,177
109,204,205,547,177
109,204,205,179,177
109,522,205,464,1066,1065,178,177
109,522,205,547,177
109,522,205,179,177
109,547,177
109,547,205,464,1066,1065,178,177
109,547,205,179,177
109,179,177
109,179,205,464,1066,1065,178,177
109,1065,178,177
109,1065,1066,464,205,547,177
109,1065,1066,464,205,179,177
109,1066,1065,178,177
109,1066,464,205,547,177
109,1066,464,205,179,177
109,204,205,464,1066,1065,178
109,204,205,547,177,178
109,204,205,179,177,178
109,522,205,464,1066,1065,178
109,522,205,547,177,178
109,522,205,179,177,178
109,547,177,178
109,547,177,179,205,464,1066,1065,178
109,547,205,464,1066,1065,178
109,547,205,179,177,178
109,179,177,178
109,179,205,464,1066,1065,178
109,1065,178
109,1066,1065,178
109,1066,464,205,547,177,178
109,1066,464,205,179,177,178
109,204,205,464,1066,1065,178,177,179
109,204,205,547,177,179
109,204,205,179
109,522,205,464,1066,1065,178,177,179
109,522,205,547,177,179
109,522,205,179
109,547,177,179
109,547,205,179
109,179
109,1065,178,177,179
109,1065,178,177,547,205,179
109,1065,1066,464,205,547,177,179
109,1065,1066,464,205,179
109,1066,1065,178,177,179
109,1066,1065,178,177,547,205,179
109,1066,464,205,547,177,179
109,1066,464,205,179
109,204
109,522,205,204
109,547,177,178,1065,1066,464,205,204
109,547,205,204
109,1065,178,177,179,205,204
109,1065,178,177,547,205,204
109,1065,1066,464,205,204
109,1066,1065,178,177,179,205,204
109,1066,1065,178,177,547,205,204
109,1066,464,205,204
109,204,205
109,522,205
109,547,205
109,179,205
109,1065,178,177,179,205
109,1065,178,177,547,205
109,1065,1066,464,205
109,1066,1065,178,177,179,205
109,1066,1065,178,177,547,205
109,1066,464,205
109,204,205,464
109,522,205,464
109,522,205,547,177,178,1065,1066,464
109,547,177,178,1065,1066,464
109,547,177,179,205,464
109,547,205,464
109,179,177,178,1065,1066,464
109,179,205,464
109,1065,178,177,179,205,464
109,1065,178,177,547,205,464
109,1065,1066,464
109,1066,464
109,522
109,547,205,522
109,1065,178,177,179,205,522
109,1065,178,177,547,205,522
109,1065,1066,464,205,522
109,1066,1065,178,177,179,205,522
109,1066,1065,178,177,547,205,522
109,1066,464,205,522
109,547
109,1065,178,177,547
109,1065,1066,464,205,547
109,1066,1065,178,177,547
109,1066,464,205,547
109,1065
109,1066,1065
109,1066
114,54,300
114,54,517,50,300
114,54,685,50,300
114,54,1034,50,300
114,54,53,50,421,326
114,54,53,50,421,422,326
114,54,300,50,421,326
114,54,300,50,421,422,326
114,54,517,50,421,326
114,54,517,50,421,422,326
114,54,685,50,421,326
114,54,685,50,421,422,326
114,54,1034,50,421,326
114,54,1034,50,421,422,326
114,54,53,50,421,326,327
114,54,53,50,421,422,326,327
114,54,300,50,421,326,327
114,54,300,50,421,422,326,327
114,54,517,50,421,326,327
114,54,517,50,421,422,326,327
114,54,685,50,421,326,327
114,54,685,50,421,422,326,327
114,54,1034,50,421,326,327
114,54,1034,50,421,422,326,327
114,54,53,50,421
114,54,300,50,421
114,54,517,50,421
114,54,685,50,421
114,54,1034,50,421
114,54,53,50,421,422
114,54,300,50,421,422
114,54,517,50,421,422
114,54,685,50,421,422
114,54,1034,50,421,422
114,54,488
114,54,517
114,54,685,50,517
114,54,1034,50,517
114,54,551
114,54,591
114,54,685
114,54,1034,50,685
114,54,843
114,54,911
114,54,1034
116,117
116,117,130
116,117,175
116,117,268
116,117,314
116,117,344
116,117,398
116,117,406
116,117,430
116,117,516
116,117,749
116,117,972
116,117,1007
116,117,1014
116,117,1023
116,117,1026
117,130
117,175
117,268
117,314
117,344
117,398
117,406
117,430
117,516
117,749
117,972
117,1007
117,1014
117,1023
117,1026
120,121
120,123,121
120,122
120,123
120,121,123,149
120,123,149
121,120,122
121,123,120,122
121,123
121,123,149
122,120,123
122,120,121,123,149
122,120,123,149
123,149
130,117,175
130,117,268
130,117,314
130,117,344
130,117,398
130,117,406
130,117,430
130,117,516
130,117,749
130,117,972
130,117,1007
130,117,1014
130,117,1023
130,117,1026
145,146
160,161
160,275,161
160,363,161
160,275
160,363,161,275
160,363
160,161,629
160,275,161,629
160,363,161,629
160,161,729
160,275,161,729
160,363,161,729
160,161,761
160,275,161,761
160,363,161,761
161,275
161,363
161,629
161,729
161,761
162,163
164,165
167,168
167,1030,168
167,1030,840,168
167,169
167,168,840
167,1030,840
167,168,840,841
167,168,1030,840,841
167,1030,840,841
167,168,840,370
167,168,1030,840,370
167,1030,840,370
167,168,840,588
167,168,1030,840,588
167,1030,840,588
167,1030
168,167,169
168,840,1030,167,169
168,1030,167,169
168,840
168,1030,840
168,840,841
168,1030,840,841
168,840,370
168,1030,840,370
168,840,588
168,1030,840,588
168,1030
169,167,168,840
169,167,1030,840
169,167,168,840,841
169,167,168,1030,840,841
169,167,1030,840,841
169,167,168,840,370
169,167,168,1030,840,370
169,167,1030,840,370
169,167,168,840,588
169,167,168,1030,840,588
169,167,1030,840,588
169,167,1030
175,117,268
175,117,314
175,117,344
175,117,398
175,117,406
175,117,430
175,117,516
175,117,749
175,117,972
175,117,1007
175,117,1014
175,117,1023
175,117,1026
177,178
177,179,205,464,1066,1065,178
177,547,205,464,1066,1065,178
177,179
177,547,205,179
177,178,1065,109,204
177,178,1065,109,522,205,204
177,178,1065,1066,109,204
177,178,1065,1066,109,522,205,204
177,178,1065,1066,464,205,204
177,178,1065,1066,464,205,522,109,204
177,179,109,204
177,179,109,522,205,204
177,179,109,1065,1066,464,205,204
177,179,109,1066,464,205,204
177,179,205,204
177,547,109,204
177,547,109,522,205,204
177,547,109,1065,1066,464,205,204
177,547,109,1066,464,205,204
177,547,205,204
177,178,1065,109,204,205
177,178,1065,109,522,205
177,178,1065,109,1066,464,205
177,178,1065,1066,109,204,205
177,178,1065,1066,109,522,205
177,178,1065,1066,464,205
177,179,205
177,547,205
177,178,1065,109,204,205,464
177,178,1065,109,522,205,464
177,178,1065,109,1066,464
177,178,1065,1066,464
177,179,109,204,205,464
177,179,109,522,205,464
177,179,109,1065,1066,464
177,179,109,1066,464
177,179,205,464
177,179,205,522,109,1065,1066,464
177,179,205,522,109,1066,464
177,547,109,204,205,464
177,547,109,522,205,464
177,547,109,1065,1066,464
177,547,109,1066,464
177,547,205,464
177,547,205,522,109,1065,1066,464
177,547,205,522,109,1066,464
177,178,1065,109,522
177,178,1065,1066,109,522
177,178,1065,1066,464,205,522
177,179,109,522
177,179,205,522
177,547,109,522
177,547,205,522
177,547
177,178,1065
177,179,109,1065
177,179,109,1066,1065
177,179,205,204,109,1065
177,179,205,204,109,1066,1065
177,179,205,464,1066,1065
177,179,205,522,109,1065
177,179,205,522,109,1066,1065
177,179,205,547,109,1065
177,179,205,547,109,1066,1065
177,547,109,1065
177,547,109,1066,1065
177,547,205,204,109,1065
177,547,205,204,109,1066,1065
177,547,205,464,1066,1065
177,547,205,522,109,1065
177,547,205,522,109,1066,1065
177,178,1065,1066
177,179,109,1066
177,179,205,204,109,1066
177,179,205,464,1066
177,179,205,522,109,1066
177,179,205,547,109,1066
177,547,109,1066
177,547,205,204,109,1066
177,547,205,464,1066
177,547,205,522,109,1066
178,177,179
178,177,547,109,204,205,179
178,177,547,109,522,205,179
178,177,547,109,179
178,177,547,109,1066,464,205,179
178,177,547,205,179
178,1065,109,204,205,547,177,179
178,1065,109,204,205,179
178,1065,109,522,205,547,177,179
178,1065,109,522,205,179
178,1065,109,547,177,179
178,1065,109,547,205,179
178,1065,109,179
178,1065,1066,109,204,205,547,177,179
178,1065,1066,109,204,205,179
178,1065,1066,109,522,205,547,177,179
178,1065,1066,109,522,205,179
178,1065,1066,109,547,177,179
178,1065,1066,109,547,205,179
178,1065,1066,109,179
178,1065,1066,464,205,204,109,547,177,179
178,1065,1066,464,205,204,109,179
178,1065,1066,464,205,522,109,547,177,179
178,1065,1066,464,205,522,109,179
178,1065,1066,464,205,547,177,179
178,1065,1066,464,205,547,109,179
178,1065,1066,464,205,179
178,177,179,109,204
178,177,179,109,522,205,204
178,177,179,109,1066,464,205,204
178,177,179,205,204
178,177,547,109,204
178,177,547,109,522,205,204
178,177,547,109,1066,464,205,204
178,177,547,205,204
178,1065,109,204
178,1065,109,522,205,204
178,1065,109,547,205,204
178,1065,1066,109,204
178,1065,1066,109,522,205,204
178,1065,1066,109,547,205,204
178,1065,1066,464,205,204
178,1065,1066,464,205,522,109,204
178,1065,1066,464,205,547,109,204
178,177,179,205
178,177,547,205
178,1065,109,204,205
178,1065,109,522,205
178,1065,109,547,205
178,1065,109,179,205
178,1065,109,1066,464,205
178,1065,1066,109,204,205
178,1065,1066,109,522,205
178,1065,1066,109,547,205
178,1065,1066,109,179,205
178,1065,1066,464,205
178,177,179,109,204,205,464
178,177,179,109,522,205,464
178,177,179,109,547,205,464
178,177,179,109,1066,464
178,177,179,205,464
178,177,179,205,522,109,1066,464
178,177,547,109,204,205,464
178,177,547,109,522,205,464
178,177,547,109,1066,464
178,177,547,205,464
178,177,547,205,522,109,1066,464
178,1065,109,204,205,464
178,1065,109,522,205,464
178,1065,109,547,177,179,205,464
178,1065,109,547,205,464
178,1065,109,179,205,464
178,1065,109,1066,464
178,1065,1066,464
178,177,179,109,522
178,177,179,205,522
178,177,547,109,522
178,177,547,205,522
178,1065,109,522
178,1065,109,547,205,522
178,1065,1066,109,522
178,1065,1066,109,547,205,522
178,1065,1066,464,205,522
178,1065,1066,464,205,547,109,522
178,177,547
178,1065,109,547
178,1065,1066,109,547
178,1065,1066,464,205,547
178,1065
178,177,179,109,1066
178,177,179,205,204,109,1066
178,177,179,205,464,1066
178,177,179,205,522,109,1066
178,177,179,205,547,109,1066
178,177,547,109,1066
178,177,547,205,204,109,1066
178,177,547,205,464,1066
178,177,547,205,522,109,1066
178,1065,1066
179,177,178,1065,109,204
179,177,178,1065,109,522,205,204
179,177,178,1065,1066,109,204
179,177,178,1065,1066,109,522,205,204
179,177,178,1065,1066,464,205,204
179,177,178,1065,1066,464,205,522,109,204
179,177,547,109,204
179,177,547,109,522,205,204
179,177,547,109,1065,1066,464,205,204
179,177,547,109,1066,464,205,204
179,177,547,205,204
179,109,204
179,109,522,205,204
179,109,547,205,204
179,109,1065,1066,464,205,204
179,109,1066,464,205,204
179,205,204
179,205
179,177,178,1065,109,204,205,464
179,177,178,1065,109,522,205,464
179,177,178,1065,1066,464
179,177,547,109,204,205,464
179,177,547,109,522,205,464
179,177,547,109,1065,1066,464
179,177,547,109,1066,464
179,177,547,205,464
179,177,547,205,522,109,1065,1066,464
179,177,547,205,522,109,1066,464
179,109,204,205,464
179,109,522,205,464
179,109,547,177,178,1065,1066,464
179,109,547,205,464
179,109,1065,1066,464
179,109,1066,464
179,205,464
179,205,522,109,1065,1066,464
179,205,522,109,1066,464
179,205,547,109,1065,1066,464
179,205,547,109,1066,464
179,177,178,1065,109,522
179,177,178,1065,1066,109,522
179,177,178,1065,1066,464,205,522
179,177,547,109,522
179,177,547,205,522
179,109,522
179,109,547,205,522
179,205,522
179,177,547
179,109,547
179,205,547
179,177,178,1065
179,177,547,109,1065
179,177,547,109,1066,1065
179,177,547,205,204,109,1065
179,177,547,205,204,109,1066,1065
179,177,547,205,464,1066,1065
179,177,547,205,522,109,1065
179,177,547,205,522,109,1066,1065
179,109,1065
179,109,1066,1065
179,205,204,109,1065
179,205,204,109,1066,1065
179,205,464,1066,1065
179,205,522,109,1065
179,205,522,109,1066,1065
179,205,547,177,178,1065
179,205,547,109,1065
179,205,547,109,1066,1065
179,177,178,1065,1066
179,177,547,109,1066
179,177,547,205,204,109,1066
179,177,547,205,464,1066
179,177,547,205,522,109,1066
179,109,1066
179,205,204,109,1066
179,205,464,1066
179,205,522,109,1066
179,205,547,177,178,1065,1066
179,205,547,109,1066
187,188
187,189,536,537,188
187,189,536,281,188
187,189
187,188,537,536,281
187,188,281
187,189,536,537,188,281
187,189,536,281
187,188,470
187,189,536,537,188,470
187,189,536,281,188,470
187,188,537,536
187,188,281,536
187,189,536
187,188,537
187,189,536,537
188,187,189
188,537,536,189
188,281,536,189
188,537,536,281
188,281
188,470
188,187,189,536
188,537,536
188,281,536
188,537
189,187,188,281
189,536,537,188,281
189,536,281
189,187,188,470
189,536,537,188,470
189,536,281,188,470
189,536
189,187,188,537
189,536,537
200,201
200,201,106
200,201,213
200,201,214
201,106
201,213
201,214
204,205
204,109,522,205,464
204,109,522,205,547,177,178,1065,1066,464
204,109,547,177,178,1065,1066,464
204,109,547,205,464
204,109,179,177,178,1065,1066,464
204,109,1065,178,177,547,205,464
204,109,1065,1066,464
204,109,1066,464
204,205,464
204,205,522,109,1065,1066,464
204,205,522,109,1066,464
204,205,547,177,178,1065,1066,464
204,205,547,109,1065,1066,464
204,205,547,109,1066,464
204,109,522
204,109,547,205,522
204,109,1065,178,177,547,205,522
204,109,1066,1065,178,177,547,205,522
204,205,522
204,109,547
204,109,1065,178,177,547
204,109,1066,1065,178,177,547
204,205,547
204,109,1065
204,109,1066,1065
204,205,464,1066,1065
204,205,522,109,1065
204,205,522,109,1066,1065
204,205,547,177,178,1065
204,205,547,109,1065
204,205,547,109,1066,1065
204,205,179,177,178,1065
204,109,1066
204,205,464,1066
204,205,522,109,1066
204,205,547,177,178,1065,1066
204,205,547,109,1066
204,205,179,177,178,1065,1066
205,464
205,522
205,547
205,204,109,1065
205,204,109,1066,1065
205,464,1066,1065
205,522,109,1065
205,522,109,1066,1065
205,547,177,178,1065
205,547,109,1065
205,547,109,1066,1065
205,179,177,178,1065
205,179,109,1065
205,179,109,1066,1065
205,204,109,1066
205,464,1066
205,522,109,1066
205,547,177,178,1065,1066
205,547,109,1066
205,179,177,178,1065,1066
205,179,109,1066
208,209
106,201,213
106,201,214
213,201,214
215,216
215,217
216,215,217
222,223
222,632
222,632,633
222,632,633,596
223,222,632
223,222,632,633
223,222,632,633,596
226,317,242
226,42,261
226,317
226,42,642
226,42,740,642
226,42,642,721
226,42,740,642,721
226,42,740
226,42,642,849
226,42,740,642,849
226,42,642,982
226,42,740,642,982
242,317,226,42,261
242,317
242,317,226,42,642
242,317,226,42,740,642
242,317,226,42,642,721
242,317,226,42,740,642,721
242,317,226,42,740
242,317,226,42,642,849
242,317,226,42,740,642,849
242,317,226,42,642,982
242,317,226,42,740,642,982
243,244
243,40,198
244,243,40,198
248,249
248,1074
249,248,1074
261,42,226,317
261,42,642
261,42,740,642
261,42,642,721
261,42,740,642,721
261,42,740
261,42,642,849
261,42,740,642,849
261,42,642,982
261,42,740,642,982
266,267
266,267,668,959,528,527,382
266,267,668,959,528,818,561,531,527,382
266,267,668,959,528,530,527,382
266,267,668,959,818,528,527,382
266,267,668,959,818,528,530,527,382
266,267,668,959,818,561,531,527,382
266,267,668,959,561,531,527,382
266,267,668,959,561,818,528,527,382
266,267,668,959,561,818,528,530,527,382
266,267,668,561,531,527,382
266,267,668,561,818,528,527,382
266,267,668,561,818,528,530,527,382
266,267,668,561,959,528,527,382
266,267,668,561,959,528,530,527,382
266,267,959,528,527,382
266,267,959,528,818,561,531,527,382
266,267,959,528,530,527,382
266,267,959,818,528,527,382
266,267,959,818,528,530,527,382
266,267,959,818,561,531,527,382
266,267,959,561,531,527,382
266,267,959,561,818,528,527,382
266,267,959,561,818,528,530,527,382
266,267,668,959,528,527,382,383
266,267,668,959,528,818,561,531,527,382,383
266,267,668,959,528,530,527,382,383
266,267,668,959,818,528,527,382,383
266,267,668,959,818,528,530,527,382,383
266,267,668,959,818,561,531,527,382,383
266,267,668,959,561,531,527,382,383
266,267,668,959,561,818,528,527,382,383
266,267,668,959,561,818,528,530,527,382,383
266,267,668,561,531,527,382,383
266,267,668,561,818,528,527,382,383
266,267,668,561,818,528,530,527,382,383
266,267,668,561,959,528,527,382,383
266,267,668,561,959,528,530,527,382,383
266,267,959,528,527,382,383
266,267,959,528,818,561,531,527,382,383
266,267,959,528,530,527,382,383
266,267,959,818,528,527,382,383
266,267,959,818,528,530,527,382,383
266,267,959,818,561,531,527,382,383
266,267,959,561,531,527,382,383
266,267,959,561,818,528,527,382,383
266,267,959,561,818,528,530,527,382,383
266,267,668,959,528,527
266,267,668,959,528,818,561,531,527
266,267,668,959,528,530,527
266,267,668,959,818,528,527
266,267,668,959,818,528,530,527
266,267,668,959,818,561,531,527
266,267,668,959,561,531,527
266,267,668,959,561,818,528,527
266,267,668,959,561,818,528,530,527
266,267,668,561,531,527
266,267,668,561,818,528,527
266,267,668,561,818,528,530,527
266,267,668,561,959,528,527
266,267,668,561,959,528,530,527
266,267,959,528,527
266,267,959,528,818,561,531,527
266,267,959,528,530,527
266,267,959,818,528,527
266,267,959,818,528,530,527
266,267,959,818,561,531,527
266,267,959,561,531,527
266,267,959,561,818,528,527
266,267,959,561,818,528,530,527
266,267,668,959,528
266,267,668,959,818,528
266,267,668,959,818,561,531,527,530,528
266,267,668,959,561,531,527,528
266,267,668,959,561,531,527,530,528
266,267,668,959,561,818,528
266,267,668,561,531,527,528
266,267,668,561,531,527,530,528
266,267,668,561,818,528
266,267,668,561,959,528
266,267,959,528
266,267,959,818,528
266,267,959,818,561,531,527,530,528
266,267,959,561,531,527,528
266,267,959,561,531,527,530,528
266,267,959,561,818,528
266,267,668,959,528,527,529
266,267,668,959,528,818,561,531,527,529
266,267,668,959,528,530,527,529
266,267,668,959,818,528,527,529
266,267,668,959,818,528,530,527,529
266,267,668,959,818,561,531,527,529
266,267,668,959,561,531,527,529
266,267,668,959,561,818,528,527,529
266,267,668,959,561,818,528,530,527,529
266,267,668,561,531,527,529
266,267,668,561,818,528,527,529
266,267,668,561,818,528,530,527,529
266,267,668,561,959,528,527,529
266,267,668,561,959,528,530,527,529
266,267,959,528,527,529
266,267,959,528,818,561,531,527,529
266,267,959,528,530,527,529
266,267,959,818,528,527,529
266,267,959,818,528,530,527,529
266,267,959,818,561,531,527,529
266,267,959,561,531,527,529
266,267,959,561,818,528,527,529
266,267,959,561,818,528,530,527,529
266,267,668,959,528,530
266,267,668,959,818,528,530
266,267,668,959,818,561,531,527,530
266,267,668,959,561,531,527,530
266,267,668,959,561,818,528,530
266,267,668,561,531,527,530
266,267,668,561,818,528,530
266,267,668,561,959,528,530
266,267,959,528,530
266,267,959,818,528,530
266,267,959,818,561,531,527,530
266,267,959,561,531,527,530
266,267,959,561,818,528,530
266,267,668,959,528,527,531
266,267,668,959,528,818,561,531
266,267,668,959,528,530,527,531
266,267,668,959,818,528,527,531
266,267,668,959,818,528,530,527,531
266,267,668,959,818,561,531
266,267,668,959,561,531
266,267,668,561,531
266,267,668,561,818,528,527,531
266,267,668,561,818,528,530,527,531
266,267,959,528,527,531
266,267,959,528,818,561,531
266,267,959,528,530,527,531
266,267,959,818,528,527,531
266,267,959,818,528,530,527,531
266,267,959,818,561,531
266,267,959,561,531
266,267,668,959,818,561
266,267,668,959,561
266,267,668,561
266,267,959,818,561
266,267,959,561
266,267,668,959,528,527,531,562
266,267,668,959,528,818,561,531,562
266,267,668,959,528,530,527,531,562
266,267,668,959,818,528,527,531,562
266,267,668,959,818,528,530,527,531,562
266,267,668,959,818,561,531,562
266,267,668,959,561,531,562
266,267,668,959,561,818,528,527,531,562
266,267,668,959,561,818,528,530,527,531,562
266,267,668,561,531,562
266,267,668,561,818,528,527,531,562
266,267,668,561,818,528,530,527,531,562
266,267,668,561,959,528,527,531,562
266,267,668,561,959,528,530,527,531,562
266,267,959,528,527,531,562
266,267,959,528,818,561,531,562
266,267,959,528,530,527,531,562
266,267,959,818,528,527,531,562
266,267,959,818,528,530,527,531,562
266,267,959,818,561,531,562
266,267,959,561,531,562
266,267,959,561,818,528,527,531,562
266,267,959,561,818,528,530,527,531,562
266,267,668
266,267,959,668
266,267,668,959,818
266,267,668,561,818
266,267,959,818
266,267,959
266,267,668,959,528,527,531,561,855
266,267,668,959,528,818,561,855
266,267,668,959,528,530,527,531,561,855
266,267,668,959,818,528,527,531,561,855
266,267,668,959,818,528,530,527,531,561,855
266,267,668,959,818,561,855
266,267,668,959,561,855
266,267,668,561,855
266,267,959,528,527,531,561,855
266,267,959,528,818,561,855
266,267,959,528,530,527,531,561,855
266,267,959,818,528,527,531,561,855
266,267,959,818,528,530,527,531,561,855
266,267,959,818,561,855
266,267,959,561,855
266,267,668,959,528,527,531,561,118
266,267,668,959,528,818,561,118
266,267,668,959,528,530,527,531,561,118
266,267,668,959,818,528,527,531,561,118
266,267,668,959,818,528,530,527,531,561,118
266,267,668,959,818,561,118
266,267,668,959,561,118
266,267,668,561,118
266,267,959,528,527,531,561,118
266,267,959,528,818,561,118
266,267,959,528,530,527,531,561,118
266,267,959,818,528,527,531,561,118
266,267,959,818,528,530,527,531,561,118
266,267,959,818,561,118
266,267,959,561,118
267,668,959,528,527,382
267,668,959,528,818,561,531,527,382
267,668,959,528,530,527,382
267,668,959,818,528,527,382
267,668,959,818,528,530,527,382
267,668,959,818,561,531,527,382
267,668,959,561,531,527,382
267,668,959,561,818,528,527,382
267,668,959,561,818,528,530,527,382
267,668,561,531,527,382
267,668,561,818,528,527,382
267,668,561,818,528,530,527,382
267,668,561,959,528,527,382
267,668,561,959,528,530,527,382
267,959,528,527,382
267,959,528,818,561,531,527,382
267,959,528,530,527,382
267,959,818,528,527,382
267,959,818,528,530,527,382
267,959,818,561,531,527,382
267,959,561,531,527,382
267,959,561,818,528,527,382
267,959,561,818,528,530,527,382
267,668,959,528,527,382,383
267,668,959,528,818,561,531,527,382,383
267,668,959,528,530,527,382,383
267,668,959,818,528,527,382,383
267,668,959,818,528,530,527,382,383
267,668,959,818,561,531,527,382,383
267,668,959,561,531,527,382,383
267,668,959,561,818,528,527,382,383
267,668,959,561,818,528,530,527,382,383
267,668,561,531,527,382,383
267,668,561,818,528,527,382,383
267,668,561,818,528,530,527,382,383
267,668,561,959,528,527,382,383
267,668,561,959,528,530,527,382,383
267,959,528,527,382,383
267,959,528,818,561,531,527,382,383
267,959,528,530,527,382,383
267,959,818,528,527,382,383
267,959,818,528,530,527,382,383
267,959,818,561,531,527,382,383
267,959,561,531,527,382,383
267,959,561,818,528,527,382,383
267,959,561,818,528,530,527,382,383
267,668,959,528,527
267,668,959,528,818,561,531,527
267,668,959,528,530,527
267,668,959,818,528,527
267,668,959,818,528,530,527
267,668,959,818,561,531,527
267,668,959,561,531,527
267,668,959,561,818,528,527
267,668,959,561,818,528,530,527
267,668,561,531,527
267,668,561,818,528,527
267,668,561,818,528,530,527
267,668,561,959,528,527
267,668,561,959,528,530,527
267,959,528,527
267,959,528,818,561,531,527
267,959,528,530,527
267,959,818,528,527
267,959,818,528,530,527
267,959,818,561,531,527
267,959,561,531,527
267,959,561,818,528,527
267,959,561,818,528,530,527
267,668,959,528
267,668,959,818,528
267,668,959,818,561,531,527,530,528
267,668,959,561,531,527,528
267,668,959,561,531,527,530,528
267,668,959,561,818,528
267,668,561,531,527,528
267,668,561,531,527,530,528
267,668,561,818,528
267,668,561,959,528
267,959,528
267,959,818,528
267,959,818,561,531,527,530,528
267,959,561,531,527,528
267,959,561,531,527,530,528
267,959,561,818,528
267,668,959,528,527,529
267,668,959,528,818,561,531,527,529
267,668,959,528,530,527,529
267,668,959,818,528,527,529
267,668,959,818,528,530,527,529
267,668,959,818,561,531,527,529
267,668,959,561,531,527,529
267,668,959,561,818,528,527,529
267,668,959,561,818,528,530,527,529
267,668,561,531,527,529
267,668,561,818,528,527,529
267,668,561,818,528,530,527,529
267,668,561,959,528,527,529
267,668,561,959,528,530,527,529
267,959,528,527,529
267,959,528,818,561,531,527,529
267,959,528,530,527,529
267,959,818,528,527,529
267,959,818,528,530,527,529
267,959,818,561,531,527,529
267,959,561,531,527,529
267,959,561,818,528,527,529
267,959,561,818,528,530,527,529
267,668,959,528,530
267,668,959,818,528,530
267,668,959,818,561,531,527,530
267,668,959,561,531,527,530
267,668,959,561,818,528,530
267,668,561,531,527,530
267,668,561,818,528,530
267,668,561,959,528,530
267,959,528,530
267,959,818,528,530
267,959,818,561,531,527,530
267,959,561,531,527,530
267,959,561,818,528,530
267,668,959,528,527,531
267,668,959,528,818,561,531
267,668,959,528,530,527,531
267,668,959,818,528,527,531
267,668,959,818,528,530,527,531
267,668,959,818,561,531
267,668,959,561,531
267,668,561,531
267,668,561,818,528,527,531
267,668,561,818,528,530,527,531
267,959,528,527,531
267,959,528,818,561,531
267,959,528,530,527,531
267,959,818,528,527,531
267,959,818,528,530,527,531
267,959,818,561,531
267,959,561,531
267,668,959,818,561
267,668,959,561
267,668,561
267,959,818,561
267,959,561
267,668,959,528,527,531,562
267,668,959,528,818,561,531,562
267,668,959,528,530,527,531,562
267,668,959,818,528,527,531,562
267,668,959,818,528,530,527,531,562
267,668,959,818,561,531,562
267,668,959,561,531,562
267,668,959,561,818,528,527,531,562
267,668,959,561,818,528,530,527,531,562
267,668,561,531,562
267,668,561,818,528,527,531,562
267,668,561,818,528,530,527,531,562
267,668,561,959,528,527,531,562
267,668,561,959,528,530,527,531,562
267,959,528,527,531,562
267,959,528,818,561,531,562
267,959,528,530,527,531,562
267,959,818,528,527,531,562
267,959,818,528,530,527,531,562
267,959,818,561,531,562
267,959,561,531,562
267,959,561,818,528,527,531,562
267,959,561,818,528,530,527,531,562
267,668
267,959,668
267,668,959,818
267,668,561,818
267,959,818
267,959
267,668,959,528,527,531,561,855
267,668,959,528,818,561,855
267,668,959,528,530,527,531,561,855
267,668,959,818,528,527,531,561,855
267,668,959,818,528,530,527,531,561,855
267,668,959,818,561,855
267,668,959,561,855
267,668,561,855
267,959,528,527,531,561,855
267,959,528,818,561,855
267,959,528,530,527,531,561,855
267,959,818,528,527,531,561,855
267,959,818,528,530,527,531,561,855
267,959,818,561,855
267,959,561,855
267,668,959,528,527,531,561,118
267,668,959,528,818,561,118
267,668,959,528,530,527,531,561,118
267,668,959,818,528,527,531,561,118
267,668,959,818,528,530,527,531,561,118
267,668,959,818,561,118
267,668,959,561,118
267,668,561,118
267,959,528,527,531,561,118
267,959,528,818,561,118
267,959,528,530,527,531,561,118
267,959,818,528,527,531,561,118
267,959,818,528,530,527,531,561,118
267,959,818,561,118
267,959,561,118
268,117,314
268,117,344
268,117,398
268,117,406
268,117,430
268,117,516
268,117,749
268,117,972
268,117,1007
268,117,1014
268,117,1023
268,117,1026
271,272
274,246
274,157,401,246
274,157,848,246
274,157
274,246,401
274,246,848,157,401
274,157,401
274,246,848
274,157,848
246,274,157
246,401,157
246,848,157
246,401
246,848,157,401
246,848
157,401
157,848
275,160,363
275,161,363
275,160,363,161,629
275,161,629
275,160,363,161,729
275,161,729
275,160,363,161,761
275,161,761
281,536,537,188,470
281,188,470
281,536
281,536,537
281,188,537
283,284
288,289
288,290,365,289
288,290,601,602,636,289
288,290,601,602,918,289
288,290,601,289
288,290,636,289
288,290,636,602,918,289
288,290
288,289,365
288,289,601,290,365
288,289,601,602,636,290,365
288,289,636,290,365
288,289,918,602,601,290,365
288,289,918,602,636,290,365
288,290,365
288,289,601
288,289,636,290,601
288,289,636,602,601
288,289,918,602,601
288,289,918,602,636,290,601
288,290,601
288,290,636,602,601
288,289,365,290,601,602
288,289,365,290,636,602
288,289,601,602
288,289,636,602
288,289,918,602
288,290,365,289,918,602
288,290,601,602
288,290,636,602
288,289,365,290,601,602,636,635
288,289,365,290,636,635
288,289,601,290,636,635
288,289,601,602,636,635
288,289,636,635
288,289,918,602,601,290,636,635
288,289,918,602,636,635
288,290,365,289,918,602,636,635
288,290,601,602,636,635
288,290,636,635
288,289,636
288,289,918,602,636
288,290,636
288,289,365,290,601,602,636,883
288,289,365,290,636,883
288,289,601,290,636,883
288,289,601,602,636,883
288,289,636,883
288,289,918,602,601,290,636,883
288,289,918,602,636,883
288,290,365,289,918,602,636,883
288,290,601,602,636,883
288,290,636,883
288,289,365,290,601,602,902
288,289,365,290,636,602,902
288,289,601,290,636,602,902
288,289,601,602,902
288,289,636,602,902
288,289,918,602,902
288,290,365,289,918,602,902
288,290,601,602,902
288,290,601,289,918,602,902
288,290,636,289,918,602,902
288,290,636,602,902
288,289,918
288,290,365,289,918
288,290,601,602,918
288,290,601,289,918
288,290,636,289,918
288,290,636,602,918
289,288,290
289,365,290
289,601,290
289,601,602,636,290
289,636,290
289,918,602,601,290
289,918,602,636,290
289,365
289,601,290,365
289,601,602,636,290,365
289,636,290,365
289,918,602,601,290,365
289,918,602,636,290,365
289,601
289,636,290,601
289,636,602,601
289,918,602,601
289,918,602,636,290,601
289,288,290,601,602
289,288,290,636,602
289,365,290,601,602
289,365,290,636,602
289,601,602
289,636,602
289,918,602
289,288,290,601,602,636,635
289,288,290,636,635
289,365,290,601,602,636,635
289,365,290,636,635
289,601,290,636,635
289,601,602,636,635
289,636,635
289,918,602,601,290,636,635
289,918,602,636,635
289,636
289,918,602,636
289,288,290,601,602,636,883
289,288,290,636,883
289,365,290,601,602,636,883
289,365,290,636,883
289,601,290,636,883
289,601,602,636,883
289,636,883
289,918,602,601,290,636,883
289,918,602,636,883
289,288,290,601,602,902
289,288,290,636,602,902
289,365,290,601,602,902
289,365,290,636,602,902
289,601,290,636,602,902
289,601,602,902
289,636,602,902
289,918,602,902
289,918
290,365
290,601
290,636,602,601
290,288,289,918,602
290,365,289,918,602
290,601,602
290,636,602
290,288,289,918,602,636,635
290,365,289,918,602,636,635
290,601,602,636,635
290,636,635
290,636
290,288,289,918,602,636,883
290,365,289,918,602,636,883
290,601,602,636,883
290,636,883
290,288,289,918,602,902
290,365,289,918,602,902
290,601,602,902
290,601,289,918,602,902
290,636,289,918,602,902
290,636,602,902
290,288,289,918
290,365,289,918
290,601,602,918
290,601,289,918
290,636,289,918
290,636,602,918
294,64,310
294,64,615
294,64,765
294,64,778
300,54,517,50,421,326
300,54,517,50,421,422,326
300,54,685,50,421,326
300,54,685,50,421,422,326
300,54,1034,50,421,326
300,54,1034,50,421,422,326
300,50,421,326
300,50,421,422,326
300,54,517,50,421,326,327
300,54,517,50,421,422,326,327
300,54,685,50,421,326,327
300,54,685,50,421,422,326,327
300,54,1034,50,421,326,327
300,54,1034,50,421,422,326,327
300,50,421,326,327
300,50,421,422,326,327
300,54,517,50,421
300,54,685,50,421
300,54,1034,50,421
300,50,421
300,54,517,50,421,422
300,54,685,50,421,422
300,54,1034,50,421,422
300,50,421,422
300,54,488
300,50,517,54,488
300,50,685,54,488
300,50,1034,54,488
300,54,517
300,54,685,50,517
300,54,1034,50,517
300,50,517
300,54,551
300,50,517,54,551
300,50,685,54,551
300,50,1034,54,551
300,54,591
300,50,517,54,591
300,50,685,54,591
300,50,1034,54,591
300,54,685
300,54,1034,50,685
300,50,685
300,54,843
300,50,517,54,843
300,50,685,54,843
300,50,1034,54,843
300,54,911
300,50,517,54,911
300,50,685,54,911
300,50,1034,54,911
300,54,1034
300,50,1034
308,309
308,967,851,309
308,309,851,967,513
308,967,513
308,309,851,967,513,514
308,967,513,514
308,309,851
308,967,851
308,309,851,500
308,967,851,500
308,309,851,655
308,967,851,655
308,967
308,309,851,967,809
308,967,809
309,308,967,513
309,851,967,513
309,308,967,513,514
309,851,967,513,514
309,851
309,308,967,851,500
309,851,500
309,308,967,851,655
309,851,655
309,308,967
309,851,967
309,308,967,809
309,851,967,809
310,64,615
310,64,765
310,64,778
312,313
312,313,857
313,857
314,117,344
314,117,398
314,117,406
314,117,430
314,117,516
314,117,749
314,117,972
314,117,1007
314,117,1014
314,117,1023
314,117,1026
317,226,42,642
317,226,42,740,642
317,226,42,642,721
317,226,42,740,642,721
317,226,42,740
317,226,42,642,849
317,226,42,740,642,849
317,226,42,642,982
317,226,42,740,642,982
326,327
326,421
326,422,421
326,422
326,421,50,53,54,488
326,421,50,300,54,488
326,421,50,517,54,488
326,421,50,685,54,488
326,421,50,1034,54,488
326,422,421,50,53,54,488
326,422,421,50,300,54,488
326,422,421,50,517,54,488
326,422,421,50,685,54,488
326,422,421,50,1034,54,488
326,421,50,517
326,421,50,685,54,517
326,421,50,1034,54,517
326,422,421,50,517
326,422,421,50,685,54,517
326,422,421,50,1034,54,517
326,421,50,53,54,551
326,421,50,300,54,551
326,421,50,517,54,551
326,421,50,685,54,551
326,421,50,1034,54,551
326,422,421,50,53,54,551
326,422,421,50,300,54,551
326,422,421,50,517,54,551
326,422,421,50,685,54,551
326,422,421,50,1034,54,551
326,421,50,53,54,591
326,421,50,300,54,591
326,421,50,517,54,591
326,421,50,685,54,591
326,421,50,1034,54,591
326,422,421,50,53,54,591
326,422,421,50,300,54,591
326,422,421,50,517,54,591
326,422,421,50,685,54,591
326,422,421,50,1034,54,591
326,421,50,685
326,421,50,1034,54,685
326,422,421,50,685
326,422,421,50,1034,54,685
326,421,50,53,54,843
326,421,50,300,54,843
326,421,50,517,54,843
326,421,50,685,54,843
326,421,50,1034,54,843
326,422,421,50,53,54,843
326,422,421,50,300,54,843
326,422,421,50,517,54,843
326,422,421,50,685,54,843
326,422,421,50,1034,54,843
326,421,50,53,54,911
326,421,50,300,54,911
326,421,50,517,54,911
326,421,50,685,54,911
326,421,50,1034,54,911
326,422,421,50,53,54,911
326,422,421,50,300,54,911
326,422,421,50,517,54,911
326,422,421,50,685,54,911
326,422,421,50,1034,54,911
326,421,50,1034
326,422,421,50,1034
327,326,421
327,326,422,421
327,326,422
327,326,421,50,53,54,488
327,326,421,50,300,54,488
327,326,421,50,517,54,488
327,326,421,50,685,54,488
327,326,421,50,1034,54,488
327,326,422,421,50,53,54,488
327,326,422,421,50,300,54,488
327,326,422,421,50,517,54,488
327,326,422,421,50,685,54,488
327,326,422,421,50,1034,54,488
327,326,421,50,517
327,326,421,50,685,54,517
327,326,421,50,1034,54,517
327,326,422,421,50,517
327,326,422,421,50,685,54,517
327,326,422,421,50,1034,54,517
327,326,421,50,53,54,551
327,326,421,50,300,54,551
327,326,421,50,517,54,551
327,326,421,50,685,54,551
327,326,421,50,1034,54,551
327,326,422,421,50,53,54,551
327,326,422,421,50,300,54,551
327,326,422,421,50,517,54,551
327,326,422,421,50,685,54,551
327,326,422,421,50,1034,54,551
327,326,421,50,53,54,591
327,326,421,50,300,54,591
327,326,421,50,517,54,591
327,326,421,50,685,54,591
327,326,421,50,1034,54,591
327,326,422,421,50,53,54,591
327,326,422,421,50,300,54,591
327,326,422,421,50,517,54,591
327,326,422,421,50,685,54,591
327,326,422,421,50,1034,54,591
327,326,421,50,685
327,326,421,50,1034,54,685
327,326,422,421,50,685
327,326,422,421,50,1034,54,685
327,326,421,50,53,54,843
327,326,421,50,300,54,843
327,326,421,50,517,54,843
327,326,421,50,685,54,843
327,326,421,50,1034,54,843
327,326,422,421,50,53,54,843
327,326,422,421,50,300,54,843
327,326,422,421,50,517,54,843
327,326,422,421,50,685,54,843
327,326,422,421,50,1034,54,843
327,326,421,50,53,54,911
327,326,421,50,300,54,911
327,326,421,50,517,54,911
327,326,421,50,685,54,911
327,326,421,50,1034,54,911
327,326,422,421,50,53,54,911
327,326,422,421,50,300,54,911
327,326,422,421,50,517,54,911
327,326,422,421,50,685,54,911
327,326,422,421,50,1034,54,911
327,326,421,50,1034
327,326,422,421,50,1034
344,117,398
344,117,406
344,117,430
344,117,516
344,117,749
344,117,972
344,117,1007
344,117,1014
344,117,1023
344,117,1026
363,161,629
363,161,729
363,161,761
365,290,601
365,290,636,289,601
365,290,636,289,918,602,601
365,290,636,602,601
365,289,601
365,289,636,602,601
365,289,918,602,601
365,290,601,602
365,290,636,602
365,289,601,602
365,289,636,602
365,289,918,602
365,290,601,602,636,635
365,290,601,602,918,289,636,635
365,290,601,289,636,635
365,290,636,635
365,289,601,602,636,635
365,289,636,635
365,289,918,602,636,635
365,290,636
365,289,636
365,289,918,602,636
365,290,601,602,636,883
365,290,601,602,918,289,636,883
365,290,601,289,636,883
365,290,636,883
365,289,601,602,636,883
365,289,636,883
365,289,918,602,636,883
365,290,601,602,902
365,290,601,289,636,602,902
365,290,601,289,918,602,902
365,290,636,289,918,602,902
365,290,636,602,902
365,289,601,602,902
365,289,636,602,902
365,289,918,602,902
365,290,601,602,918
365,290,601,289,918
365,290,636,289,918
365,290,636,602,918
365,289,918
366,255
379,380
379,1008,380
379,1008
379,380,1040
379,1008,380,1040
380,1008
380,1040
382,383
382,527
382,527,528
382,527,530,528
382,527,531,561,668,267,959,528
382,527,531,561,668,959,528
382,527,531,561,668,959,818,528
382,527,531,561,818,528
382,527,531,561,818,959,528
382,527,531,561,959,528
382,527,529
382,527,530
382,527,531,561,668,267,959,528,530
382,527,531,561,668,267,959,818,528,530
382,527,531,561,668,959,528,530
382,527,531,561,668,959,818,528,530
382,527,531,561,818,528,530
382,527,531,561,818,959,528,530
382,527,531,561,959,528,530
382,527,531
382,527,528,818,959,668,561
382,527,528,818,959,561
382,527,528,818,561
382,527,528,959,668,561
382,527,528,959,561
382,527,530,528,818,959,668,561
382,527,530,528,818,959,561
382,527,530,528,818,561
382,527,530,528,959,668,561
382,527,530,528,959,561
382,527,531,561
382,527,528,818,959,668,561,531,562
382,527,528,818,959,267,668,561,531,562
382,527,528,818,959,561,531,562
382,527,528,818,561,531,562
382,527,528,959,668,561,531,562
382,527,528,959,267,668,561,531,562
382,527,528,959,561,531,562
382,527,530,528,818,959,668,561,531,562
382,527,530,528,818,959,267,668,561,531,562
382,527,530,528,818,959,561,531,562
382,527,530,528,818,561,531,562
382,527,530,528,959,668,561,531,562
382,527,530,528,959,267,668,561,531,562
382,527,530,528,959,561,531,562
382,527,531,562
382,527,528,818,959,668
382,527,528,818,561,668
382,527,528,959,668
382,527,530,528,818,959,668
382,527,530,528,818,561,668
382,527,530,528,959,668
382,527,531,561,668
382,527,531,561,818,959,668
382,527,531,561,959,668
382,527,528,818
382,527,528,959,818
382,527,530,528,818
382,527,530,528,959,818
382,527,531,561,818
382,527,531,561,959,818
382,527,528,959
382,527,530,528,959
382,527,531,561,959
382,527,528,818,959,668,561,855
382,527,528,818,959,267,668,561,855
382,527,528,818,959,561,855
382,527,528,818,561,855
382,527,528,959,668,561,855
382,527,528,959,267,668,561,855
382,527,528,959,561,855
382,527,530,528,818,959,668,561,855
382,527,530,528,818,959,267,668,561,855
382,527,530,528,818,959,561,855
382,527,530,528,818,561,855
382,527,530,528,959,668,561,855
382,527,530,528,959,267,668,561,855
382,527,530,528,959,561,855
382,527,531,561,855
382,527,528,818,959,668,561,118
382,527,528,818,959,267,668,561,118
382,527,528,818,959,561,118
382,527,528,818,561,118
382,527,528,959,668,561,118
382,527,528,959,267,668,561,118
382,527,528,959,561,118
382,527,530,528,818,959,668,561,118
382,527,530,528,818,959,267,668,561,118
382,527,530,528,818,959,561,118
382,527,530,528,818,561,118
382,527,530,528,959,668,561,118
382,527,530,528,959,267,668,561,118
382,527,530,528,959,561,118
382,527,531,561,118
383,382,527
383,382,527,528
383,382,527,530,528
383,382,527,531,561,668,267,959,528
383,382,527,531,561,668,959,528
383,382,527,531,561,668,959,818,528
383,382,527,531,561,818,528
383,382,527,531,561,818,959,528
383,382,527,531,561,959,528
383,382,527,529
383,382,527,530
383,382,527,531,561,668,267,959,528,530
383,382,527,531,561,668,267,959,818,528,530
383,382,527,531,561,668,959,528,530
383,382,527,531,561,668,959,818,528,530
383,382,527,531,561,818,528,530
383,382,527,531,561,818,959,528,530
383,382,527,531,561,959,528,530
383,382,527,531
383,382,527,528,818,959,668,561
383,382,527,528,818,959,561
383,382,527,528,818,561
383,382,527,528,959,668,561
383,382,527,528,959,561
383,382,527,530,528,818,959,668,561
383,382,527,530,528,818,959,561
383,382,527,530,528,818,561
383,382,527,530,528,959,668,561
383,382,527,530,528,959,561
383,382,527,531,561
383,382,527,528,818,959,668,561,531,562
383,382,527,528,818,959,267,668,561,531,562
383,382,527,528,818,959,561,531,562
383,382,527,528,818,561,531,562
383,382,527,528,959,668,561,531,562
383,382,527,528,959,267,668,561,531,562
383,382,527,528,959,561,531,562
383,382,527,530,528,818,959,668,561,531,562
383,382,527,530,528,818,959,267,668,561,531,562
383,382,527,530,528,818,959,561,531,562
383,382,527,530,528,818,561,531,562
383,382,527,530,528,959,668,561,531,562
383,382,527,530,528,959,267,668,561,531,562
383,382,527,530,528,959,561,531,562
383,382,527,531,562
383,382,527,528,818,959,668
383,382,527,528,818,561,668
383,382,527,528,959,668
383,382,527,530,528,818,959,668
383,382,527,530,528,818,561,668
383,382,527,530,528,959,668
383,382,527,531,561,668
383,382,527,531,561,818,959,668
383,382,527,531,561,959,668
383,382,527,528,818
383,382,527,528,959,818
383,382,527,530,528,818
383,382,527,530,528,959,818
383,382,527,531,561,818
383,382,527,531,561,959,818
383,382,527,528,959
383,382,527,530,528,959
383,382,527,531,561,959
383,382,527,528,818,959,668,561,855
383,382,527,528,818,959,267,668,561,855
383,382,527,528,818,959,561,855
383,382,527,528,818,561,855
383,382,527,528,959,668,561,855
383,382,527,528,959,267,668,561,855
383,382,527,528,959,561,855
383,382,527,530,528,818,959,668,561,855
383,382,527,530,528,818,959,267,668,561,855
383,382,527,530,528,818,959,561,855
383,382,527,530,528,818,561,855
383,382,527,530,528,959,668,561,855
383,382,527,530,528,959,267,668,561,855
383,382,527,530,528,959,561,855
383,382,527,531,561,855
383,382,527,528,818,959,668,561,118
383,382,527,528,818,959,267,668,561,118
383,382,527,528,818,959,561,118
383,382,527,528,818,561,118
383,382,527,528,959,668,561,118
383,382,527,528,959,267,668,561,118
383,382,527,528,959,561,118
383,382,527,530,528,818,959,668,561,118
383,382,527,530,528,818,959,267,668,561,118
383,382,527,530,528,818,959,561,118
383,382,527,530,528,818,561,118
383,382,527,530,528,959,668,561,118
383,382,527,530,528,959,267,668,561,118
383,382,527,530,528,959,561,118
383,382,527,531,561,118
391,392
391,392,873
391,392,1002
392,873
392,1002
398,117,406
398,117,430
398,117,516
398,117,749
398,117,972
398,117,1007
398,117,1014
398,117,1023
398,117,1026
401,246,848
401,157,848
403,357
403,357,992
357,992
406,117,430
406,117,516
406,117,749
406,117,972
406,117,1007
406,117,1014
406,117,1023
406,117,1026
410,411
421,422
421,50,53,54,488
421,50,300,54,488
421,50,517,54,488
421,50,685,54,488
421,50,1034,54,488
421,50,517
421,50,685,54,517
421,50,1034,54,517
421,50,53,54,551
421,50,300,54,551
421,50,517,54,551
421,50,685,54,551
421,50,1034,54,551
421,50,53,54,591
421,50,300,54,591
421,50,517,54,591
421,50,685,54,591
421,50,1034,54,591
421,50,685
421,50,1034,54,685
421,50,53,54,843
421,50,300,54,843
421,50,517,54,843
421,50,685,54,843
421,50,1034,54,843
421,50,53,54,911
421,50,300,54,911
421,50,517,54,911
421,50,685,54,911
421,50,1034,54,911
421,50,1034
422,421,50,53,54,488
422,421,50,300,54,488
422,421,50,517,54,488
422,421,50,685,54,488
422,421,50,1034,54,488
422,421,50,517
422,421,50,685,54,517
422,421,50,1034,54,517
422,421,50,53,54,551
422,421,50,300,54,551
422,421,50,517,54,551
422,421,50,685,54,551
422,421,50,1034,54,551
422,421,50,53,54,591
422,421,50,300,54,591
422,421,50,517,54,591
422,421,50,685,54,591
422,421,50,1034,54,591
422,421,50,685
422,421,50,1034,54,685
422,421,50,53,54,843
422,421,50,300,54,843
422,421,50,517,54,843
422,421,50,685,54,843
422,421,50,1034,54,843
422,421,50,53,54,911
422,421,50,300,54,911
422,421,50,517,54,911
422,421,50,685,54,911
422,421,50,1034,54,911
422,421,50,1034
430,117,516
430,117,749
430,117,972
430,117,1007
430,117,1014
430,117,1023
430,117,1026
440,30,735
440,30,945
443,67
443,67,576
443,67,833
67,576
67,833
447,448
447,432
448,447,432
459,460
464,205,522
464,205,547,177,178,1065,109,522
464,205,547,109,522
464,1066,1065,109,522
464,1066,1065,109,547,205,522
464,1066,1065,178,177,179,109,522
464,1066,1065,178,177,547,109,522
464,1066,1065,178,177,547,205,522
464,1066,109,522
464,1066,109,547,205,522
464,205,547
464,1066,1065,109,547
464,1066,1065,178,177,547
464,1066,109,547
464,205,204,109,1065
464,205,522,109,1065
464,205,547,177,178,1065
464,205,547,177,179,109,1065
464,205,547,109,1065
464,205,179,177,178,1065
464,205,179,109,1065
464,1066,1065
464,1066
470,188,187,189,536
470,188,537,536
470,188,281,536
470,188,537
475,92
476,477
476,477,523
476,477,829
476,477,1016,33,829
476,477,829,33,901
476,477,1016,33,901
476,477,829,33,947
476,477,1016,33,947
476,477,1016
477,523
477,829
477,829,33,901
477,1016,33,901
477,829,33,947
477,1016,33,947
477,1016
488,54,517
488,54,685,50,517
488,54,1034,50,517
488,54,551
488,54,591
488,54,685
488,54,1034,50,685
488,54,843
488,54,911
488,54,1034
504,28,590
504,28,590,194
513,514
513,967,851
513,967,308,309,851,500
513,967,851,500
513,967,308,309,851,655
513,967,851,655
513,967
513,967,809
514,513,967,851
514,513,967,308,309,851,500
514,513,967,851,500
514,513,967,308,309,851,655
514,513,967,851,655
514,513,967
514,513,967,809
516,117,749
516,117,972
516,117,1007
516,117,1014
516,117,1023
516,117,1026
517,50,685,54,551
517,50,1034,54,551
517,54,551
517,50,685,54,591
517,50,1034,54,591
517,54,591
517,50,685
517,50,1034,54,685
517,54,685
517,50,685,54,843
517,50,1034,54,843
517,54,843
517,50,685,54,911
517,50,1034,54,911
517,54,911
517,50,1034
517,54,1034
522,109,547
522,109,1065,178,177,547
522,109,1066,1065,178,177,547
522,205,547
522,109,1065
522,109,1066,1065
522,205,464,1066,1065
522,205,547,177,178,1065
522,205,547,109,1065
522,205,547,109,1066,1065
522,205,179,177,178,1065
522,109,1066
522,205,464,1066
522,205,547,177,178,1065,1066
522,205,547,109,1066
522,205,179,177,178,1065,1066
523,477,829
523,477,1016,33,829
523,477,829,33,901
523,477,1016,33,901
523,477,829,33,947
523,477,1016,33,947
523,477,1016
524,525
524,525,614
524,525,802
524,525,842
524,525,842,960
524,525,842,961,960
524,525,842,961
524,525,842,960,961,618
524,525,842,961,618
525,614
525,802
525,842
525,842,960
525,842,961,960
525,842,961
525,842,960,961,618
525,842,961,618
527,528
527,530,528
527,531,561,668,959,528
527,531,561,668,959,818,528
527,531,561,818,528
527,531,561,818,959,528
527,531,561,959,528
527,529
527,530
527,531,561,668,959,528,530
527,531,561,668,959,818,528,530
527,531,561,818,528,530
527,531,561,818,959,528,530
527,531,561,959,528,530
527,531
527,528,818,959,668,561
527,528,818,959,561
527,528,818,561
527,528,959,668,561
527,528,959,561
527,530,528,818,959,668,561
527,530,528,818,959,561
527,530,528,818,561
527,530,528,959,668,561
527,530,528,959,561
527,531,561
527,528,818,959,668,561,531,562
527,528,818,959,561,531,562
527,528,818,561,531,562
527,528,959,668,561,531,562
527,528,959,561,531,562
527,530,528,818,959,668,561,531,562
527,530,528,818,959,561,531,562
527,530,528,818,561,531,562
527,530,528,959,668,561,531,562
527,530,528,959,561,531,562
527,531,562
527,528,818,959,668
527,528,818,561,668
527,528,959,668
527,530,528,818,959,668
527,530,528,818,561,668
527,530,528,959,668
527,531,561,668
527,531,561,818,959,668
527,531,561,959,668
527,528,818
527,528,959,818
527,530,528,818
527,530,528,959,818
527,531,561,818
527,531,561,959,818
527,528,959
527,530,528,959
527,531,561,959
527,528,818,959,668,561,855
527,528,818,959,267,668,561,855
527,528,818,959,561,855
527,528,818,561,855
527,528,959,668,561,855
527,528,959,267,668,561,855
527,528,959,561,855
527,530,528,818,959,668,561,855
527,530,528,818,959,267,668,561,855
527,530,528,818,959,561,855
527,530,528,818,561,855
527,530,528,959,668,561,855
527,530,528,959,267,668,561,855
527,530,528,959,561,855
527,531,561,855
527,528,818,959,668,561,118
527,528,818,959,267,668,561,118
527,528,818,959,561,118
527,528,818,561,118
527,528,959,668,561,118
527,528,959,267,668,561,118
527,528,959,561,118
527,530,528,818,959,668,561,118
527,530,528,818,959,267,668,561,118
527,530,528,818,959,561,118
527,530,528,818,561,118
527,530,528,959,668,561,118
527,530,528,959,267,668,561,118
527,530,528,959,561,118
527,531,561,118
528,527,529
528,818,959,668,561,531,527,529
528,818,959,561,531,527,529
528,818,561,531,527,529
528,959,668,561,531,527,529
528,959,267,668,561,531,527,529
528,959,561,531,527,529
528,530,527,529
528,530
528,527,531
528,818,959,668,561,531
528,818,959,561,531
528,818,561,531
528,959,668,561,531
528,959,267,668,561,531
528,959,561,531
528,530,527,531
528,527,531,561
528,818,959,668,561
528,818,959,561
528,818,561
528,959,668,561
528,959,561
528,530,527,531,561
528,527,531,562
528,818,959,668,561,531,562
528,818,959,561,531,562
528,818,561,531,562
528,959,668,561,531,562
528,959,267,668,561,531,562
528,959,561,531,562
528,530,527,531,562
528,527,531,561,668
528,818,959,668
528,818,561,668
528,959,668
528,530,527,531,561,668
528,818
528,959,818
528,959
528,527,531,561,855
528,818,959,668,561,855
528,818,959,561,855
528,818,561,855
528,959,668,561,855
528,959,267,668,561,855
528,959,561,855
528,530,527,531,561,855
528,527,531,561,118
528,818,959,668,561,118
528,818,959,561,118
528,818,561,118
528,959,668,561,118
528,959,267,668,561,118
528,959,561,118
528,530,527,531,561,118
529,527,530
529,527,531,561,668,267,959,528,530
529,527,531,561,668,267,959,818,528,530
529,527,531,561,668,959,528,530
529,527,531,561,668,959,818,528,530
529,527,531,561,818,528,530
529,527,531,561,818,959,528,530
529,527,531,561,959,528,530
529,527,531
529,527,528,818,959,668,561
529,527,528,818,959,561
529,527,528,818,561
529,527,528,959,668,561
529,527,528,959,561
529,527,530,528,818,959,668,561
529,527,530,528,818,959,561
529,527,530,528,818,561
529,527,530,528,959,668,561
529,527,530,528,959,561
529,527,531,561
529,527,528,818,959,668,561,531,562
529,527,528,818,959,267,668,561,531,562
529,527,528,818,959,561,531,562
529,527,528,818,561,531,562
529,527,528,959,668,561,531,562
529,527,528,959,267,668,561,531,562
529,527,528,959,561,531,562
529,527,530,528,818,959,668,561,531,562
529,527,530,528,818,959,267,668,561,531,562
529,527,530,528,818,959,561,531,562
529,527,530,528,818,561,531,562
529,527,530,528,959,668,561,531,562
529,527,530,528,959,267,668,561,531,562
529,527,530,528,959,561,531,562
529,527,531,562
529,527,528,818,959,668
529,527,528,818,561,668
529,527,528,959,668
529,527,530,528,818,959,668
529,527,530,528,818,561,668
529,527,530,528,959,668
529,527,531,561,668
529,527,531,561,818,959,668
529,527,531,561,959,668
529,527,528,818
529,527,528,959,818
529,527,530,528,818
529,527,530,528,959,818
529,527,531,561,818
529,527,531,561,959,818
529,527,528,959
529,527,530,528,959
529,527,531,561,959
529,527,528,818,959,668,561,855
529,527,528,818,959,267,668,561,855
529,527,528,818,959,561,855
529,527,528,818,561,855
529,527,528,959,668,561,855
529,527,528,959,267,668,561,855
529,527,528,959,561,855
529,527,530,528,818,959,668,561,855
529,527,530,528,818,959,267,668,561,855
529,527,530,528,818,959,561,855
529,527,530,528,818,561,855
529,527,530,528,959,668,561,855
529,527,530,528,959,267,668,561,855
529,527,530,528,959,561,855
529,527,531,561,855
529,527,528,818,959,668,561,118
529,527,528,818,959,267,668,561,118
529,527,528,818,959,561,118
529,527,528,818,561,118
529,527,528,959,668,561,118
529,527,528,959,267,668,561,118
529,527,528,959,561,118
529,527,530,528,818,959,668,561,118
529,527,530,528,818,959,267,668,561,118
529,527,530,528,818,959,561,118
529,527,530,528,818,561,118
529,527,530,528,959,668,561,118
529,527,530,528,959,267,668,561,118
529,527,530,528,959,561,118
529,527,531,561,118
530,527,531
530,528,818,959,668,561,531
530,528,818,959,267,668,561,531
530,528,818,959,561,531
530,528,818,561,531
530,528,959,668,561,531
530,528,959,267,668,561,531
530,528,959,561,531
530,527,531,561
530,528,818,959,668,561
530,528,818,959,561
530,528,818,561
530,528,959,668,561
530,528,959,561
530,527,531,562
530,528,818,959,668,561,531,562
530,528,818,959,267,668,561,531,562
530,528,818,959,561,531,562
530,528,818,561,531,562
530,528,959,668,561,531,562
530,528,959,267,668,561,531,562
530,528,959,561,531,562
530,527,531,561,668
530,527,531,561,818,959,668
530,527,531,561,959,668
530,528,818,959,668
530,528,818,561,668
530,528,959,668
530,527,531,561,818
530,527,531,561,959,818
530,528,818
530,528,959,818
530,527,531,561,959
530,528,959
530,527,531,561,855
530,528,818,959,668,561,855
530,528,818,959,267,668,561,855
530,528,818,959,561,855
530,528,818,561,855
530,528,959,668,561,855
530,528,959,267,668,561,855
530,528,959,561,855
530,527,531,561,118
530,528,818,959,668,561,118
530,528,818,959,267,668,561,118
530,528,818,959,561,118
530,528,818,561,118
530,528,959,668,561,118
530,528,959,267,668,561,118
530,528,959,561,118
531,561
531,562
531,527,528,818,959,668
531,527,528,818,561,668
531,527,528,959,668
531,527,530,528,818,959,668
531,527,530,528,818,561,668
531,527,530,528,959,668
531,561,668
531,561,818,959,668
531,561,959,668
531,527,528,818
531,527,528,959,818
531,527,530,528,818
531,527,530,528,959,818
531,561,818
531,561,959,818
531,527,528,959
531,527,530,528,959
531,561,959
531,527,528,818,959,668,561,855
531,527,528,818,959,561,855
531,527,528,818,561,855
531,527,528,959,668,561,855
531,527,528,959,561,855
531,527,530,528,818,959,668,561,855
531,527,530,528,818,959,561,855
531,527,530,528,818,561,855
531,527,530,528,959,668,561,855
531,527,530,528,959,561,855
531,561,855
531,527,528,818,959,668,561,118
531,527,528,818,959,561,118
531,527,528,818,561,118
531,527,528,959,668,561,118
531,527,528,959,561,118
531,527,530,528,818,959,668,561,118
531,527,530,528,818,959,561,118
531,527,530,528,818,561,118
531,527,530,528,959,668,561,118
531,527,530,528,959,561,118
531,561,118
536,537
544,545
546,481
547,177,178,1065
547,109,1065
547,109,1066,1065
547,205,464,1066,1065
547,177,178,1065,1066
547,109,1066
547,205,464,1066
550,5,920
551,54,591
551,54,685
551,54,1034,50,685
551,54,843
551,54,911
551,54,1034
561,531,562
561,668
561,818,959,668
561,959,668
561,818
561,959,818
561,959
561,855
561,118
562,531,527,528,818,959,668
562,531,527,528,818,561,668
562,531,527,528,959,668
562,531,527,530,528,818,959,668
562,531,527,530,528,818,561,668
562,531,527,530,528,959,668
562,531,561,668
562,531,561,818,959,668
562,531,561,959,668
562,531,527,528,818
562,531,527,528,959,818
562,531,527,530,528,818
562,531,527,530,528,959,818
562,531,561,818
562,531,561,959,818
562,531,527,528,959
562,531,527,530,528,959
562,531,561,959
562,531,527,528,818,959,668,561,855
562,531,527,528,818,959,267,668,561,855
562,531,527,528,818,959,561,855
562,531,527,528,818,561,855
562,531,527,528,959,668,561,855
562,531,527,528,959,267,668,561,855
562,531,527,528,959,561,855
562,531,527,530,528,818,959,668,561,855
562,531,527,530,528,818,959,267,668,561,855
562,531,527,530,528,818,959,561,855
562,531,527,530,528,818,561,855
562,531,527,530,528,959,668,561,855
562,531,527,530,528,959,267,668,561,855
562,531,527,530,528,959,561,855
562,531,561,855
562,531,527,528,818,959,668,561,118
562,531,527,528,818,959,267,668,561,118
562,531,527,528,818,959,561,118
562,531,527,528,818,561,118
562,531,527,528,959,668,561,118
562,531,527,528,959,267,668,561,118
562,531,527,528,959,561,118
562,531,527,530,528,818,959,668,561,118
562,531,527,530,528,818,959,267,668,561,118
562,531,527,530,528,818,959,561,118
562,531,527,530,528,818,561,118
562,531,527,530,528,959,668,561,118
562,531,527,530,528,959,267,668,561,118
562,531,527,530,528,959,561,118
562,531,561,118
576,67,833
585,586
590,194
591,54,685
591,54,1034,50,685
591,54,843
591,54,911
591,54,1034
601,602
601,290,636,635
601,602,636,635
601,602,918,289,636,635
601,289,636,635
601,290,636
601,602,636
601,602,918,289,636
601,289,636
601,290,636,883
601,602,636,883
601,602,918,289,636,883
601,289,636,883
601,290,636,289,918,602,902
601,290,636,602,902
601,602,902
601,289,636,602,902
601,289,918,602,902
601,290,636,289,918
601,290,636,602,918
601,602,918
601,289,918
602,636,635
602,636
602,636,883
602,902
602,918
605,84
614,525,802
614,525,842
614,525,842,960
614,525,842,961,960
614,525,842,961
614,525,842,960,961,618
614,525,842,961,618
615,64,765
615,64,778
629,161,729
629,161,761
632,633
632,633,596
633,596
635,636
635,636,883
635,636,290,288,289,601,602,902
635,636,290,288,289,918,602,902
635,636,290,365,289,601,602,902
635,636,290,365,289,918,602,902
635,636,290,601,602,902
635,636,290,601,289,918,602,902
635,636,289,601,602,902
635,636,289,918,602,902
635,636,602,902
635,636,290,288,289,918
635,636,290,365,289,918
635,636,290,601,602,918
635,636,290,601,289,918
635,636,289,918
635,636,602,918
636,883
636,289,918,602,902
636,602,902
636,289,918
636,602,918
642,721
642,740
642,849
642,982
685,54,843
685,50,1034,54,843
685,54,911
685,50,1034,54,911
685,54,1034
685,50,1034
668,959,818
668,561,818
668,959
668,959,818,561,855
668,959,561,855
668,561,855
668,959,818,561,118
668,959,561,118
668,561,118
714,138
719,720
721,642,740
721,642,849
721,642,982
729,161,761
733,331
733,126,806,331
733,734,806,331
733,126
733,734,806,126
733,734
733,331,806
733,126,806
733,734,806
331,733,126
331,733,734,806,126
331,806,126
331,733,734
331,806,734
331,806
126,733,734
126,806,734
126,806
734,806
735,30,945
737,738
740,642,849
740,642,982
749,117,972
749,117,1007
749,117,1014
749,117,1023
749,117,1026
765,64,778
775,776
775,907
776,775,907
801,371
802,525,842
802,525,842,960
802,525,842,961,960
802,525,842,961
802,525,842,960,961,618
802,525,842,961,618
818,959
818,959,561,855
818,561,855
818,959,561,118
818,561,118
829,477,1016,33,901
829,33,901
829,477,1016,33,947
829,33,947
829,477,1016
829,33,1016
837,838
840,841
840,370
840,588
840,1030
841,840,370
841,840,588
841,840,1030
370,840,588
370,840,1030
588,840,1030
842,960
842,961,960
842,961
842,960,961,618
842,961,618
843,54,911
843,54,1034
844,845
844,47
844,230
845,844,47
845,844,230
47,844,230
849,642,982
851,500
851,655
851,967
851,967,809
500,851,655
500,851,967
500,851,309,308,967,809
500,851,967,809
655,851,967
655,851,309,308,967,809
655,851,967,809
858,859
862,863
873,392,1002
881,769
881,228,1015,769
881,228
881,769,1015
881,228,1015
769,881,228
769,1015,228
769,1015
228,1015
883,636,290,288,289,601,602,902
883,636,290,288,289,918,602,902
883,636,290,365,289,601,602,902
883,636,290,365,289,918,602,902
883,636,290,601,602,902
883,636,290,601,289,918,602,902
883,636,289,601,602,902
883,636,289,918,602,902
883,636,602,902
883,636,290,288,289,918
883,636,290,365,289,918
883,636,290,601,602,918
883,636,290,601,289,918
883,636,289,918
883,636,602,918
901,33,947
901,33,1016
902,602,918
911,54,1034
944,433
947,33,1016
959,561,855
959,561,118
960,961
960,961,618
961,618
967,809
972,117,1007
972,117,1014
972,117,1023
972,117,1026
1007,117,1014
1007,117,1023
1007,117,1026
1008,380,1040
855,561,118
1011,258
1014,117,1023
1014,117,1026
1023,117,1026
1059,279
1065,1066
