6,7
6,8,332,7
6,9,332,7
6,8
6,9,332,8
6,9
6,48
6,7,332
6,8,332
6,9,332
6,7,332,389
6,8,332,389
6,9,332,389
7,6,8
7,6,9,332,8
7,332,8
7,6,9
7,332,9
7,6,48
7,332,8,6,48
7,332,9,6,48
7,332
7,6,8,332,389
7,6,9,332,389
7,332,389
8,6,9
8,332,9
8,6,48
8,332,9,6,48
8,332
8,6,9,332,389
8,332,389
9,6,48
9,332
9,332,389
21,22
26,27
26,314,10,32,33,27
26,314,10,254,656,32,33,27
26,314,10,656,32,33,27
26,27,33,32
26,314,10,32
26,314,10,254,656,32
26,314,10,656,32
26,27,33,32,10
26,27,33,32,656,10
26,27,33,32,656,254,10
26,314,10
26,27,33
26,314,10,32,33
26,314,10,254,656,32,33
26,314,10,656,32,33
26,27,33,32,10,254
26,27,33,32,656,254
26,314,10,254
26,314,10,656,254
26,27,33,32,10,314,313
26,27,33,32,656,10,314,313
26,27,33,32,656,254,10,314,313
26,314,313
26,314
26,27,33,32,10,314,334,333
26,27,33,32,656,10,314,334,333
26,27,33,32,656,254,10,314,334,333
26,314,334,333
26,27,33,32,10,314,334
26,27,33,32,656,10,314,334
26,27,33,32,656,254,10,314,334
26,314,334
26,27,33,32,10,314,488
26,27,33,32,656,10,314,488
26,27,33,32,656,254,10,314,488
26,314,488
26,27,33,32,10,314,334,333,588
26,27,33,32,656,10,314,334,333,588
26,27,33,32,656,254,10,314,334,333,588
26,314,334,333,588
26,27,33,32,10,314,334,333,588,277
26,27,33,32,656,10,314,334,333,588,277
26,27,33,32,656,254,10,314,334,333,588,277
26,314,334,333,588,277
26,27,33,32,656
26,314,10,656
26,27,33,32,10,254,656,41
26,27,33,32,10,656,41
26,27,33,32,656,41
26,314,10,32,656,41
26,314,10,254,656,41
26,314,10,656,41
26,27,33,32,10,254,656,402
26,27,33,32,10,656,402
26,27,33,32,656,402
26,314,10,32,656,402
26,314,10,254,656,402
26,314,10,656,402
27,26,314,10,32
27,26,314,10,254,656,32
27,26,314,10,656,32
27,33,32
27,26,314,10
27,33,32,10
27,33,32,656,10
27,33,32,656,254,10
27,33
27,26,314,10,254
27,26,314,10,656,254
27,33,32,10,254
27,33,32,656,254
27,26,314,313
27,33,32,10,314,313
27,33,32,656,10,314,313
27,33,32,656,254,10,314,313
27,26,314
27,33,32,10,314
27,33,32,656,10,314
27,33,32,656,254,10,314
27,26,314,334,333
27,33,32,10,314,334,333
27,33,32,656,10,314,334,333
27,33,32,656,254,10,314,334,333
27,26,314,334
27,33,32,10,314,334
27,33,32,656,10,314,334
27,33,32,656,254,10,314,334
27,26,314,488
27,33,32,10,314,488
27,33,32,656,10,314,488
27,33,32,656,254,10,314,488
27,26,314,334,333,588
27,33,32,10,314,334,333,588
27,33,32,656,10,314,334,333,588
27,33,32,656,254,10,314,334,333,588
27,26,314,334,333,588,277
27,33,32,10,314,334,333,588,277
27,33,32,656,10,314,334,333,588,277
27,33,32,656,254,10,314,334,333,588,277
27,26,314,10,656
27,33,32,656
27,26,314,10,32,656,41
27,26,314,10,254,656,41
27,26,314,10,656,41
27,33,32,10,254,656,41
27,33,32,10,656,41
27,33,32,656,41
27,26,314,10,32,656,402
27,26,314,10,254,656,402
27,26,314,10,656,402
27,33,32,10,254,656,402
27,33,32,10,656,402
27,33,32,656,402
29,30
32,10
32,656,10
32,656,254,10
32,33
32,10,254
32,33,27,26,314,10,254
32,656,254
32,10,314,313
32,33,27,26,314,313
32,656,10,314,313
32,656,254,10,314,313
32,10,314
32,33,27,26,314
32,656,10,314
32,656,254,10,314
32,10,314,334,333
32,33,27,26,314,334,333
32,656,10,314,334,333
32,656,254,10,314,334,333
32,10,314,334
32,33,27,26,314,334
32,656,10,314,334
32,656,254,10,314,334
32,10,314,488
32,33,27,26,314,488
32,656,10,314,488
32,656,254,10,314,488
32,10,314,334,333,588
32,33,27,26,314,334,333,588
32,656,10,314,334,333,588
32,656,254,10,314,334,333,588
32,10,314,334,333,588,277
32,33,27,26,314,334,333,588,277
32,656,10,314,334,333,588,277
32,656,254,10,314,334,333,588,277
32,656
32,10,254,656,41
32,10,656,41
32,33,27,26,314,10,254,656,41
32,33,27,26,314,10,656,41
32,656,41
32,10,254,656,402
32,10,656,402
32,33,27,26,314,10,254,656,402
32,33,27,26,314,10,656,402
32,656,402
10,32,33
10,254,656,32,33
10,314,26,27,33
10,656,32,33
10,254
10,656,254
10,314,313
10,314
10,314,334,333
10,314,334
10,314,488
10,314,334,333,588
10,314,334,333,588,277
10,656
10,254,656,41
10,656,41
10,254,656,402
10,656,402
33,32,10,254
33,32,656,254
33,27,26,314,10,254
33,27,26,314,10,656,254
33,32,10,314,313
33,32,656,10,314,313
33,32,656,254,10,314,313
33,27,26,314,313
33,32,10,314
33,32,656,10,314
33,32,656,254,10,314
33,27,26,314
33,32,10,314,334,333
33,32,656,10,314,334,333
33,32,656,254,10,314,334,333
33,27,26,314,334,333
33,32,10,314,334
33,32,656,10,314,334
33,32,656,254,10,314,334
33,27,26,314,334
33,32,10,314,488
33,32,656,10,314,488
33,32,656,254,10,314,488
33,27,26,314,488
33,32,10,314,334,333,588
33,32,656,10,314,334,333,588
33,32,656,254,10,314,334,333,588
33,27,26,314,334,333,588
33,32,10,314,334,333,588,277
33,32,656,10,314,334,333,588,277
33,32,656,254,10,314,334,333,588,277
33,27,26,314,334,333,588,277
33,32,656
33,27,26,314,10,656
33,32,10,254,656,41
33,32,10,656,41
33,32,656,41
33,27,26,314,10,254,656,41
33,27,26,314,10,656,41
33,32,10,254,656,402
33,32,10,656,402
33,32,656,402
33,27,26,314,10,254,656,402
33,27,26,314,10,656,402
35,36
46,47
48,6,7,332
48,6,8,332
48,6,9,332
48,6,7,332,389
48,6,8,332,389
48,6,9,332,389
49,50
54,55
54,56
54,57
54,58
54,59
54,60
54,61
54,62
54,63
54,123
54,602,603,412,340
54,341,340
54,602,603,412,340,341
54,341
54,602,603,412,340,396
54,341,340,396
54,602,603,412
54,341,340,412
54,570
54,602
54,602,603
54,341,340,412,603
54,602,603,412,340,341,615
54,341,615
54,602,603,412,340,341,639
54,341,639
54,602,603,412,340,341,639,651
54,341,639,651
55,54,56
55,54,57
55,54,58
55,54,59
55,54,60
55,54,61
55,54,62
55,54,63
55,54,123
55,54,602,603,412,340
55,54,341,340
55,54,602,603,412,340,341
55,54,341
55,54,602,603,412,340,396
55,54,341,340,396
55,54,602,603,412
55,54,341,340,412
55,54,570
55,54,602
55,54,602,603
55,54,341,340,412,603
55,54,602,603,412,340,341,615
55,54,341,615
55,54,602,603,412,340,341,639
55,54,341,639
55,54,602,603,412,340,341,639,651
55,54,341,639,651
56,54,57
56,54,58
56,54,59
56,54,60
56,54,61
56,54,62
56,54,63
56,54,123
56,54,602,603,412,340
56,54,341,340
56,54,602,603,412,340,341
56,54,341
56,54,602,603,412,340,396
56,54,341,340,396
56,54,602,603,412
56,54,341,340,412
56,54,570
56,54,602
56,54,602,603
56,54,341,340,412,603
56,54,602,603,412,340,341,615
56,54,341,615
56,54,602,603,412,340,341,639
56,54,341,639
56,54,602,603,412,340,341,639,651
56,54,341,639,651
57,54,58
57,54,59
57,54,60
57,54,61
57,54,62
57,54,63
57,54,123
57,54,602,603,412,340
57,54,341,340
57,54,602,603,412,340,341
57,54,341
57,54,602,603,412,340,396
57,54,341,340,396
57,54,602,603,412
57,54,341,340,412
57,54,570
57,54,602
57,54,602,603
57,54,341,340,412,603
57,54,602,603,412,340,341,615
57,54,341,615
57,54,602,603,412,340,341,639
57,54,341,639
57,54,602,603,412,340,341,639,651
57,54,341,639,651
58,54,59
58,54,60
58,54,61
58,54,62
58,54,63
58,54,123
58,54,602,603,412,340
58,54,341,340
58,54,602,603,412,340,341
58,54,341
58,54,602,603,412,340,396
58,54,341,340,396
58,54,602,603,412
58,54,341,340,412
58,54,570
58,54,602
58,54,602,603
58,54,341,340,412,603
58,54,602,603,412,340,341,615
58,54,341,615
58,54,602,603,412,340,341,639
58,54,341,639
58,54,602,603,412,340,341,639,651
58,54,341,639,651
59,54,60
59,54,61
59,54,62
59,54,63
59,54,123
59,54,602,603,412,340
59,54,341,340
59,54,602,603,412,340,341
59,54,341
59,54,602,603,412,340,396
59,54,341,340,396
59,54,602,603,412
59,54,341,340,412
59,54,570
59,54,602
59,54,602,603
59,54,341,340,412,603
59,54,602,603,412,340,341,615
59,54,341,615
59,54,602,603,412,340,341,639
59,54,341,639
59,54,602,603,412,340,341,639,651
59,54,341,639,651
60,54,61
60,54,62
60,54,63
60,54,123
60,54,602,603,412,340
60,54,341,340
60,54,602,603,412,340,341
60,54,341
60,54,602,603,412,340,396
60,54,341,340,396
60,54,602,603,412
60,54,341,340,412
60,54,570
60,54,602
60,54,602,603
60,54,341,340,412,603
60,54,602,603,412,340,341,615
60,54,341,615
60,54,602,603,412,340,341,639
60,54,341,639
60,54,602,603,412,340,341,639,651
60,54,341,639,651
61,54,62
61,54,63
61,54,123
61,54,602,603,412,340
61,54,341,340
61,54,602,603,412,340,341
61,54,341
61,54,602,603,412,340,396
61,54,341,340,396
61,54,602,603,412
61,54,341,340,412
61,54,570
61,54,602
61,54,602,603
61,54,341,340,412,603
61,54,602,603,412,340,341,615
61,54,341,615
61,54,602,603,412,340,341,639
61,54,341,639
61,54,602,603,412,340,341,639,651
61,54,341,639,651
62,54,63
62,54,123
62,54,602,603,412,340
62,54,341,340
62,54,602,603,412,340,341
62,54,341
62,54,602,603,412,340,396
62,54,341,340,396
62,54,602,603,412
62,54,341,340,412
62,54,570
62,54,602
62,54,602,603
62,54,341,340,412,603
62,54,602,603,412,340,341,615
62,54,341,615
62,54,602,603,412,340,341,639
62,54,341,639
62,54,602,603,412,340,341,639,651
62,54,341,639,651
63,54,123
63,54,602,603,412,340
63,54,341,340
63,54,602,603,412,340,341
63,54,341
63,54,602,603,412,340,396
63,54,341,340,396
63,54,602,603,412
63,54,341,340,412
63,54,570
63,54,602
63,54,602,603
63,54,341,340,412,603
63,54,602,603,412,340,341,615
63,54,341,615
63,54,602,603,412,340,341,639
63,54,341,639
63,54,602,603,412,340,341,639,651
63,54,341,639,651
77,78
77,78,261,265
77,78,265
77,78,261
77,78,415
78,261,265
78,265
78,261
78,415
83,84
83,84,183
83,84,723,183
83,84,224
83,84,224,225
83,84,644
83,84,723
83,84,725
83,84,725,180
83,84,769
84,183
84,723,183
84,224
84,224,225
84,644
84,723
84,725
84,725,180
84,769
87,88
97,39
123,54,602,603,412,340
123,54,341,340
123,54,602,603,412,340,341
123,54,341
123,54,602,603,412,340,396
123,54,341,340,396
123,54,602,603,412
123,54,341,340,412
123,54,570
123,54,602
123,54,602,603
123,54,341,340,412,603
123,54,602,603,412,340,341,615
123,54,341,615
123,54,602,603,412,340,341,639
123,54,341,639
123,54,602,603,412,340,341,639,651
123,54,341,639,651
139,121
139,387
139,387,388
121,139,387
121,139,387,388
140,141
140,142,293,143,141
140,142,349,141
140,143,293,142,349,141
140,143,141
140,142
140,143,293,142
140,143,141,349,142
140,17
140,143
140,141,349,142,293
140,141,143,293
140,142,293
140,143,293
140,141,349
140,142,349
140,143,293,142,349
140,143,141,349
140,141,349,142,543,542
140,141,143,293,142,543,542
140,142,543,542
140,143,293,142,543,542
140,143,141,349,142,543,542
140,141,349,142,543
140,141,143,293,142,543
140,142,543
140,143,293,142,543
140,143,141,349,142,543
141,140,142
141,349,142
141,143,140,142
141,143,293,142
141,140,17
141,349,142,140,17
141,349,142,293,143,140,17
141,143,140,17
141,143,293,142,140,17
141,349,142,293,143
141,143
141,140,142,293
141,349,142,293
141,143,293
141,349
141,140,142,543,542
141,349,142,543,542
141,143,140,142,543,542
141,143,293,142,543,542
141,140,142,543
141,349,142,543
141,143,140,142,543
141,143,293,142,543
142,140,17
142,293,143,140,17
142,349,141,143,140,17
142,140,143
142,293,143
142,349,141,143
142,293
142,349
142,543,542
142,543
17,140,143
17,140,141,349,142,293
17,140,141,143,293
17,140,142,293
17,140,143,293
17,140,141,349
17,140,142,349
17,140,143,293,142,349
17,140,143,141,349
17,140,141,349,142,543,542
17,140,141,143,293,142,543,542
17,140,142,543,542
17,140,143,293,142,543,542
17,140,143,141,349,142,543,542
17,140,141,349,142,543
17,140,141,143,293,142,543
17,140,142,543
17,140,143,293,142,543
17,140,143,141,349,142,543
143,293
143,140,142,349
143,293,142,349
143,141,349
143,140,142,543,542
143,293,142,543,542
143,141,349,142,543,542
143,140,142,543
143,293,142,543
143,141,349,142,543
148,149
148,708,401,232,231
148,708,231
148,708,401,232
148,708,231,232
148,708,401
148,708
148,708,600
148,708,43
149,148,708,401,232,231
149,148,708,231
149,148,708,401,232
149,148,708,231,232
149,148,708,401
149,148,708
149,148,708,600
149,148,708,43
156,157
156,158
156,159
156,160
156,45
156,95
157,156,158
157,156,159
157,156,160
157,156,45
157,156,95
158,156,159
158,156,160
158,156,45
158,156,95
159,156,160
159,156,45
159,156,95
160,156,45
160,156,95
45,156,95
166,167
166,167,442
166,167,629
166,167,114
167,442
167,629
167,114
178,179
183,84,224
183,723,84,224
183,84,224,225
183,723,84,224,225
183,84,644
183,723,84,644
183,723
183,84,725
183,723,84,725
183,84,725,180
183,723,84,725,180
183,84,769
183,723,84,769
186,187
186,188
186,746
187,186,188
187,186,746
188,186,746
189,190
189,191
189,192
190,189,191
190,189,192
191,189,192
201,1
201,67
201,202
201,173
201,203
201,204,203
201,204
201,203,204,311
201,204,311
201,203,204,489
201,204,489
1,201,67
1,201,202
1,201,173
1,201,203
1,201,204,203
1,201,204
1,201,203,204,311
1,201,204,311
1,201,203,204,489
1,201,204,489
67,201,202
67,201,173
67,201,203
67,201,204,203
67,201,204
67,201,203,204,311
67,201,204,311
67,201,203,204,489
67,201,204,489
202,201,173
202,201,203
202,201,204,203
202,201,204
202,201,203,204,311
202,201,204,311
202,201,203,204,489
202,201,204,489
173,201,203
173,201,204,203
173,201,204
173,201,203,204,311
173,201,204,311
173,201,203,204,489
173,201,204,489
203,204
203,204,311
203,204,489
204,311
204,489
215,216
215,216,627
215,216,687
216,627
216,687
217,218
224,225
224,84,644
224,84,723
224,84,725
224,84,725,180
224,84,769
225,224,84,644
225,224,84,723
225,224,84,725
225,224,84,725,180
225,224,84,769
229,230
231,232
231,708,401,232
231,232,401
231,708,401
231,708
231,232,401,708,600
231,708,600
231,232,401,708,43
231,708,43
232,401
232,231,708
232,401,708
232,231,708,600
232,401,708,600
232,231,708,43
232,401,708,43
234,235
234,235,435
234,235,669
235,435
235,669
239,240
239,240,572
240,572
241,242
241,16
241,242,676
242,241,16
242,676
16,241,242,676
246,247
246,283
247,246,283
251,252
251,252,465,464
251,252,465
252,465,464
252,465
254,10,32,33,27,26,314,313
254,10,314,313
254,656,10,314,313
254,656,32,33,27,26,314,313
254,10,314
254,656,10,314
254,656,32,33,27,26,314
254,10,32,33,27,26,314,334,333
254,10,314,334,333
254,656,10,314,334,333
254,656,32,33,27,26,314,334,333
254,10,32,33,27,26,314,334
254,10,314,334
254,656,10,314,334
254,656,32,33,27,26,314,334
254,10,32,33,27,26,314,488
254,10,314,488
254,656,10,314,488
254,656,32,33,27,26,314,488
254,10,32,33,27,26,314,334,333,588
254,10,314,334,333,588
254,656,10,314,334,333,588
254,656,32,33,27,26,314,334,333,588
254,10,32,33,27,26,314,334,333,588,277
254,10,314,334,333,588,277
254,656,10,314,334,333,588,277
254,656,32,33,27,26,314,334,333,588,277
254,656
254,656,41
254,656,402
262,263
262,263,578
262,263,760
263,578
263,760
265,261
265,261,78,415
265,78,415
261,78,415
267,268
269,270
269,270,322
269,270,324
270,322
270,324
289,290
293,142,349
293,143,140,141,349
293,143,141,349
293,142,543,542
293,143,140,141,349,142,543,542
293,143,141,349,142,543,542
293,142,543
293,143,140,141,349,142,543
293,143,141,349,142,543
294,132
294,295
294,296
294,272
294,297
294,304
294,438
294,296,208
294,297,655
132,294,295
132,294,296
132,294,272
132,294,297
132,294,304
132,294,438
132,294,296,208
132,294,297,655
295,294,296
295,294,272
295,294,297
295,294,304
295,294,438
295,294,296,208
295,294,297,655
296,294,272
296,294,297
296,294,304
296,294,438
296,208
296,294,297,655
272,294,297
272,294,304
272,294,438
272,294,296,208
272,294,297,655
297,294,304
297,294,438
297,294,296,208
297,655
303,66
304,294,438
304,294,296,208
304,294,297,655
313,314
313,314,334,333
313,314,334
313,314,488
313,314,334,333,588
313,314,334,333,588,277
313,314,10,656
313,314,26,27,33,32,656
313,314,10,32,656,41
313,314,10,254,656,41
313,314,10,656,41
313,314,26,27,33,32,10,254,656,41
313,314,26,27,33,32,10,656,41
313,314,26,27,33,32,656,41
313,314,10,32,656,402
313,314,10,254,656,402
313,314,10,656,402
313,314,26,27,33,32,10,254,656,402
313,314,26,27,33,32,10,656,402
313,314,26,27,33,32,656,402
314,334,333
314,334
314,488
314,334,333,588
314,334,333,588,277
314,10,656
314,26,27,33,32,656
314,10,32,656,41
314,10,254,656,41
314,10,656,41
314,26,27,33,32,656,41
314,10,32,656,402
314,10,254,656,402
314,10,656,402
314,26,27,33,32,656,402
315,292
319,320
322,270,324
332,389
333,334
333,334,314,488
333,588
333,588,277
333,334,314,10,656
333,334,314,26,27,33,32,656
333,334,314,10,32,656,41
333,334,314,10,254,656,41
333,334,314,10,656,41
333,334,314,26,27,33,32,10,254,656,41
333,334,314,26,27,33,32,10,656,41
333,334,314,26,27,33,32,656,41
333,334,314,10,32,656,402
333,334,314,10,254,656,402
333,334,314,10,656,402
333,334,314,26,27,33,32,10,254,656,402
333,334,314,26,27,33,32,10,656,402
333,334,314,26,27,33,32,656,402
334,314,488
334,333,588
334,333,588,277
334,314,10,656
334,314,26,27,33,32,656
334,314,10,32,656,41
334,314,10,254,656,41
334,314,10,656,41
334,314,26,27,33,32,10,254,656,41
334,314,26,27,33,32,10,656,41
334,314,26,27,33,32,656,41
334,314,10,32,656,402
334,314,10,254,656,402
334,314,10,656,402
334,314,26,27,33,32,10,254,656,402
334,314,26,27,33,32,10,656,402
334,314,26,27,33,32,656,402
340,341
340,396
340,412
340,341,54,570
340,412,603,602,54,570
340,341,54,602
340,412,603,602
340,341,54,602,603
340,412,603
340,341,615
340,341,639
340,341,639,651
341,340,396
341,54,602,603,412,340,396
341,340,412
341,54,602,603,412
341,340,412,603,602,54,570
341,54,570
341,340,412,603,602
341,54,602
341,340,412,603
341,54,602,603
341,615
341,639
341,639,651
349,142,543,542
349,142,543
365,366
365,553,366
365,553
365,366,553,554
365,366,553,555,554
365,553,554
365,553,555,554
365,366,553,404
365,553,404
365,366,553,555
365,553,555
366,553
366,553,554
366,553,555,554
366,553,404
366,553,555
374,185
376,377
376,378
376,379
377,376,378
377,376,379
378,376,379
380,381
380,382
380,383
380,12
381,380,382
381,380,383
381,380,12
382,380,383
382,380,12
383,380,12
387,388
395,162
396,340,412
396,340,341,54,570
396,340,412,603,602,54,570
396,340,341,54,602
396,340,412,603,602
396,340,341,54,602,603
396,340,412,603
396,340,341,615
396,340,412,603,602,54,341,615
396,340,341,639
396,340,412,603,602,54,341,639
396,340,341,639,651
396,340,412,603,602,54,341,639,651
401,708
401,708,600
401,708,43
409,410
409,411
409,499
409,607
409,716
410,409,411
410,409,499
410,409,607
410,409,716
411,409,499
411,409,607
411,409,716
412,340,341,54,570
412,603,602,54,570
412,340,341,54,602
412,603,602
412,603
412,340,341,615
412,603,602,54,341,615
412,340,341,639
412,603,602,54,341,639
412,340,341,639,651
412,603,602,54,341,639,651
414,53
414,446
53,414,446
421,422
421,423
421,424
421,425
421,426
422,421,423
422,421,424
422,421,425
422,421,426
423,421,424
423,421,425
423,421,426
424,421,425
424,421,426
425,421,426
431,432
431,575
432,431,575
438,294,296,208
438,294,297,655
461,462
461,462,544
462,544
464,465
483,484
485,486
485,454
485,486,497
486,485,454
486,497
454,485,486,497
499,409,607
499,409,716
511,512
511,512,19
511,512,573
512,19
512,573
515,113
518,467
19,512,573
527,528
527,529
527,530
527,249
528,527,529
528,527,530
528,527,249
529,527,530
529,527,249
530,527,249
208,296,294,297,655
542,543
547,548
547,549,581,548
547,549
547,548,581
547,549,581
548,547,549
548,581,549
548,581
549,581
552,390
553,554
553,555,554
553,404
553,555
554,553,404
554,555,553,404
554,555
404,553,555
311,204,489
568,569
570,54,602
570,54,602,603
570,54,341,340,412,603
570,54,602,603,412,340,341,615
570,54,341,615
570,54,602,603,412,340,341,639
570,54,341,639
570,54,602,603,412,340,341,639,651
570,54,341,639,651
488,314,334,333,588
488,314,334,333,588,277
488,314,10,656
488,314,26,27,33,32,656
488,314,10,32,656,41
488,314,10,254,656,41
488,314,10,656,41
488,314,26,27,33,32,10,254,656,41
488,314,26,27,33,32,10,656,41
488,314,26,27,33,32,656,41
488,314,10,32,656,402
488,314,10,254,656,402
488,314,10,656,402
488,314,26,27,33,32,10,254,656,402
488,314,26,27,33,32,10,656,402
488,314,26,27,33,32,656,402
435,235,669
578,263,760
588,277
588,333,334,314,10,656
588,333,334,314,26,27,33,32,656
588,333,334,314,10,32,656,41
588,333,334,314,10,254,656,41
588,333,334,314,10,656,41
588,333,334,314,26,27,33,32,10,254,656,41
588,333,334,314,26,27,33,32,10,656,41
588,333,334,314,26,27,33,32,656,41
588,333,334,314,10,32,656,402
588,333,334,314,10,254,656,402
588,333,334,314,10,656,402
588,333,334,314,26,27,33,32,10,254,656,402
588,333,334,314,26,27,33,32,10,656,402
588,333,334,314,26,27,33,32,656,402
277,588,333,334,314,10,656
277,588,333,334,314,26,27,33,32,656
277,588,333,334,314,10,32,656,41
277,588,333,334,314,10,254,656,41
277,588,333,334,314,10,656,41
277,588,333,334,314,26,27,33,32,10,254,656,41
277,588,333,334,314,26,27,33,32,10,656,41
277,588,333,334,314,26,27,33,32,656,41
277,588,333,334,314,10,32,656,402
277,588,333,334,314,10,254,656,402
277,588,333,334,314,10,656,402
277,588,333,334,314,26,27,33,32,10,254,656,402
277,588,333,334,314,26,27,33,32,10,656,402
277,588,333,334,314,26,27,33,32,656,402
594,150
602,603
602,603,412,340,341,615
602,54,341,615
602,603,412,340,341,639
602,54,341,639
602,603,412,340,341,639,651
602,54,341,639,651
603,602,54,341,615
603,412,340,341,615
603,602,54,341,639
603,412,340,341,639
603,602,54,341,639,651
603,412,340,341,639,651
605,73
607,409,716
611,115
615,341,639
615,341,639,651
621,321
621,321,666
321,666
627,216,687
630,559
639,651
644,84,723
644,84,725
644,84,725,180
644,84,769
656,41
656,402
41,656,402
683,258
701,79
706,707
708,600
708,43
600,708,43
723,84,725
723,84,725,180
723,84,769
725,180
725,84,769
180,725,84,769
729,730
729,730,52
729,730,709
730,52
730,709
740,384
442,167,629
442,167,114
629,167,114
52,730,709
