1,2
1,2,80,79
1,2,80
1,2,110
1,2,110,155
1,2,110,157
1,2,110,157,158
1,2,110,157,159
1,2,110,157,160
1,2,110,157,161
1,2,162
1,2,110,157,159,165
1,2,110,157,159,165,166
1,2,110,157,159,165,167
1,2,110,168
1,2,110,157,159,165,167,137
1,2,110,157,159,165,167,137,188
2,80,79
2,80
2,110
2,110,155
2,110,157
2,110,157,158
2,110,157,159
2,110,157,160
2,110,157,161
2,162
2,110,157,159,165
2,110,157,159,165,166
2,110,157,159,165,167
2,110,168
2,110,157,159,165,167,137
2,110,157,159,165,167,137,188
8,9
8,9,57,56
8,9,57
9,57,56
9,57
16,17
20,21
20,21,25
20,21,26
20,21,107
20,21,169
21,25
21,26
21,107
21,169
25,21,26
25,21,107
25,21,169
26,21,107
26,21,169
30,31
33,34
33,34,222
34,222
36,37
43,44
43,44,191
43,44,214
44,191
44,214
45,46
51,52
51,141,142,184,29,53
51,141,142,184,53
51,141,142,184,29
51,141,142,184,29,53,54
51,141,142,184,53,54
51,52,66
51,141
51,141,142
51,141,142,184
51,141,142,184,62
51,141,142,184,185,62
51,141,142,184,185
51,52,196
52,51,141,142,184,29,53
52,51,141,142,184,53
52,51,141,142,184,29
52,51,141,142,184,29,53,54
52,51,141,142,184,53,54
52,66
52,51,141
52,51,141,142
52,51,141,142,184
52,51,141,142,184,62
52,51,141,142,184,185,62
52,51,141,142,184,185
52,196
53,29
53,184,29
53,54
53,29,184,142,141,51,52,66
53,184,142,141,51,52,66
53,29,184,142,141
53,184,142,141
53,29,184,142
53,184,142
53,184
53,29,184,62
53,29,184,185,62
53,184,62
53,184,185,62
53,29,184,185
53,184,185
53,29,184,142,141,51,52,196
53,184,142,141,51,52,196
29,53,54
29,184,53,54
29,184,142,141,51,52,66
29,184,142,141
29,184,142
29,184
29,184,62
29,184,185,62
29,184,185
29,184,142,141,51,52,196
54,53,29,184,142,141,51,52,66
54,53,184,142,141,51,52,66
54,53,29,184,142,141
54,53,184,142,141
54,53,29,184,142
54,53,184,142
54,53,184
54,53,29,184,62
54,53,29,184,185,62
54,53,184,62
54,53,184,185,62
54,53,29,184,185
54,53,184,185
54,53,29,184,142,141,51,52,196
54,53,184,142,141,51,52,196
56,57
59,60
59,61,77,78,60
59,61,77,78,164,60
59,61,164,60
59,61,164,78,60
59,61
59,60,78,77
59,60,164,61,77
59,60,164,78,77
59,61,77
59,61,164,78,77
59,60,78
59,60,164,78
59,61,77,78
59,61,164,78
59,60,78,77,61,116
59,60,78,164,61,116
59,60,164,61,116
59,60,164,78,77,61,116
59,61,116
59,60,164
59,61,164
59,60,78,77,61,164,10
59,60,78,164,10
59,60,164,10
59,61,77,78,164,10
59,61,164,10
59,60,78,77,61,116,175
59,60,78,164,61,116,175
59,60,164,61,116,175
59,60,164,78,77,61,116,175
59,61,116,175
60,59,61
60,78,77,61
60,78,164,61
60,164,61
60,164,78,77,61
60,59,61,77
60,78,77
60,164,61,77
60,164,78,77
60,78
60,164,78
60,59,61,116
60,78,77,61,116
60,78,164,61,116
60,164,61,116
60,164,78,77,61,116
60,164
60,59,61,164,10
60,78,77,61,164,10
60,78,164,10
60,164,10
60,59,61,116,175
60,78,77,61,116,175
60,78,164,61,116,175
60,164,61,116,175
60,164,78,77,61,116,175
61,77
61,164,78,77
61,59,60,78
61,77,78
61,164,78
61,116
61,164
61,59,60,78,164,10
61,77,78,164,10
61,164,10
61,116,175
66,52,51,141
66,52,51,141,142
66,52,51,141,142,184
66,52,51,141,142,184,62
66,52,51,141,142,184,185,62
66,52,51,141,142,184,185
66,52,196
70,71
70,83
70,83,84
71,70,83
71,70,83,84
77,78
77,61,116
77,78,164,61,116
77,61,164
77,78,164
77,61,59,60,164,10
77,61,164,10
77,78,60,164,10
77,78,164,10
77,61,116,175
77,78,164,61,116,175
78,77,61,116
78,60,59,61,116
78,164,61,116
78,164
78,164,10
78,77,61,116,175
78,60,59,61,116,175
78,164,61,116,175
79,80
79,80,2,110
79,80,2,110,155
79,80,2,110,157
79,80,2,110,157,158
79,80,2,110,157,159
79,80,2,110,157,160
79,80,2,110,157,161
79,80,2,162
79,80,2,110,157,159,165
79,80,2,110,157,159,165,166
79,80,2,110,157,159,165,167
79,80,2,110,168
79,80,2,110,157,159,165,167,137
79,80,2,110,157,159,165,167,137,188
80,2,110
80,2,110,155
80,2,110,157
80,2,110,157,158
80,2,110,157,159
80,2,110,157,160
80,2,110,157,161
80,2,162
80,2,110,157,159,165
80,2,110,157,159,165,166
80,2,110,157,159,165,167
80,2,110,168
80,2,110,157,159,165,167,137
80,2,110,157,159,165,167,137,188
83,84
96,97
96,97,209
96,97,209,211
96,97,209,211,212
97,209
97,209,211
97,209,211,212
102,103
102,89
102,89,106
102,89,112
102,89,134
102,89,135
102,89,182
102,89,229
103,102,89
103,102,89,106
103,102,89,112
103,102,89,134
103,102,89,135
103,102,89,182
103,102,89,229
89,106
89,112
89,134
89,135
89,182
89,229
106,89,112
106,89,134
106,89,135
106,89,182
106,89,229
107,21,169
112,89,134
112,89,135
112,89,182
112,89,229
116,61,164
116,61,59,60,78,164,10
116,61,59,60,164,10
116,61,77,78,60,164,10
116,61,77,78,164,10
116,61,164,10
116,175
125,126
125,127
125,128
125,129
126,125,127
126,125,128
126,125,129
127,125,128
127,125,129
128,125,129
134,89,135
134,89,182
134,89,229
135,89,182
135,89,229
110,155
110,157
110,157,158
110,157,159
110,157,160
110,157,161
110,2,162
110,157,159,165
110,157,159,165,166
110,157,159,165,167
110,168
110,157,159,165,167,137
110,157,159,165,167,137,188
141,142
141,142,184
141,142,184,62
141,142,184,185,62
141,142,184,185
141,51,52,196
142,184
142,184,62
142,184,185,62
142,184,185
142,141,51,52,196
143,92
150,151
150,152
150,153
150,41
151,150,152
151,150,153
151,150,41
152,150,153
152,150,41
153,150,41
155,110,157
155,110,157,158
155,110,157,159
155,110,157,160
155,110,157,161
155,110,2,162
155,110,157,159,165
155,110,157,159,165,166
155,110,157,159,165,167
155,110,168
155,110,157,159,165,167,137
155,110,157,159,165,167,137,188
157,158
157,159
157,160
157,161
157,110,2,162
157,159,165
157,159,165,166
157,159,165,167
157,110,168
157,159,165,167,137
157,159,165,167,137,188
158,157,159
158,157,160
158,157,161
158,157,110,2,162
158,157,159,165
158,157,159,165,166
158,157,159,165,167
158,157,110,168
158,157,159,165,167,137
158,157,159,165,167,137,188
159,157,160
159,157,161
159,157,110,2,162
159,165
159,165,166
159,165,167
159,157,110,168
159,165,167,137
159,165,167,137,188
160,157,161
160,157,110,2,162
160,157,159,165
160,157,159,165,166
160,157,159,165,167
160,157,110,168
160,157,159,165,167,137
160,157,159,165,167,137,188
161,157,110,2,162
161,157,159,165
161,157,159,165,166
161,157,159,165,167
161,157,110,168
161,157,159,165,167,137
161,157,159,165,167,137,188
162,2,110,157,159,165
162,2,110,157,159,165,166
162,2,110,157,159,165,167
162,2,110,168
162,2,110,157,159,165,167,137
162,2,110,157,159,165,167,137,188
164,10
164,61,116,175
10,164,60,59,61,116,175
10,164,60,78,77,61,116,175
10,164,61,116,175
10,164,78,77,61,116,175
10,164,78,60,59,61,116,175
165,166
165,167
165,159,157,110,168
165,167,137
165,167,137,188
166,165,167
166,165,159,157,110,168
166,165,167,137
166,165,167,137,188
167,165,159,157,110,168
167,137
167,137,188
168,110,157,159,165,167,137
168,110,157,159,165,167,137,188
173,174
173,174,186
174,186
179,180
182,89,229
184,62
184,185,62
184,185
184,142,141,51,52,196
62,185
62,184,142,141,51,52,196
62,185,184,142,141,51,52,196
185,184,142,141,51,52,196
137,188
191,44,214
195,176
209,211
209,211,212
211,212
217,115
