0 1
0 2
3 4
5 6
7 8
9 10
11 12
13 14
15 16
17 18
19 20
21 22
23 24
25 26
27 28
29 30
31 32
33 34
35 6
36 37
38 39
40 41
42 43
44 45
46 47
48 49
50 51
52 53
54 55
56 57
58 59
60 61
62 63
64 65
66 67
68 69
70 71
68 72
68 73
74 75
76 77
78 79
80 81
82 83
84 85
86 87
88 89
90 91
92 87
93 94
95 61
96 97
98 99
100 101
102 103
104 105
106 107
26 108
109 110
111 112
113 114
115 83
116 117
118 119
76 120
121 122
123 124
74 125
126 127
128 129
130 131
132 133
134 28
60 135
136 137
138 139
140 141
142 143
54 144
145 146
147 148
149 150
151 152
153 154
100 155
156 157
158 159
160 161
162 163
164 165
166 167
168 169
170 171
172 173
174 59
175 176
177 178
77 179
180 181
182 183
184 185
186 187
188 189
190 83
191 192
193 194
195 196
197 198
199 200
43 201
202 203
204 205
206 207
208 209
210 70
211 212
213 214
126 103
215 216
217 218
219 220
113 221
222 223
224 225
226 227
228 229
230 231
232 2
233 234
235 2
236 237
238 239
3 240
241 242
243 244
245 246
247 248
249 250
251 252
253 254
255 256
257 209
258 259
260 82
65 261
262 39
263 264
265 266
267 268
109 269
270 271
272 273
274 275
276 277
278 279
280 281
282 82
283 284
285 286
287 288
289 290
291 292
293 294
280 290
295 127
95 296
297 89
298 299
300 30
27 301
302 303
304 305
54 103
306 307
9 308
309 310
311 312
313 314
315 316
317 318
319 71
86 320
321 322
323 324
325 326
78 327
328 329
330 185
50 331
332 333
130 334
335 336
337 338
339 55
340 341
23 122
50 342
343 296
344 345
346 347
348 178
60 349
350 351
352 353
137 354
333 268
355 356
357 358
359 360
159 361
362 108
363 364
365 366
367 368
369 370
371 372
373 374
375 376
50 377
309 55
378 121
379 380
102 127
381 382
113 383
384 82
385 131
386 387
388 389
390 391
7 24
235 83
392 393
197 394
395 101
396 83
317 271
397 398
399 400
42 401
402 403
404 405
260 250
406 279
190 407
408 409
278 410
411 412
413 414
415 416
309 417
418 419
420 421
422 423
424 425
426 427
428 429
430 398
136 82
95 431
432 127
433 434
435 436
437 59
93 438
439 440
441 442
443 444
445 299
446 447
448 449
450 451
452 18
453 454
112 455
456 457
458 459
460 83
453 386
461 462
463 30
464 465
282 250
466 467
76 468
469 470
471 472
127 1
473 474
78 475
476 477
344 478
340 479
480 59
481 482
100 483
484 485
317 414
486 487
488 39
489 490
134 382
233 491
492 493
494 495
496 497
173 498
499 500
501 502
335 503
504 505
506 507
508 509
510 511
45 122
512 513
514 515
516 124
282 112
29 517
190 112
518 205
519 24
520 521
522 523
127 524
23 6
199 525
526 192
527 18
420 528
529 530
531 532
448 198
228 185
533 534
535 536
537 538
539 540
541 18
420 152
542 543
544 545
546 341
547 275
548 18
25 83
549 550
551 552
553 554
555 556
263 557
558 559
560 561
562 563
558 564
565 4
566 200
0 451
567 318
249 181
568 569
570 178
571 572
282 137
136 250
573 574
575 244
576 577
576 578
579 580
581 482
582 521
445 583
584 261
585 586
587 588
129 589
267 590
113 591
592 593
594 1
441 595
596 55
597 24
95 598
599 600
240 601
233 602
603 178
604 605
514 606
607 608
609 472
610 611
612 613
576 614
407 615
616 617
618 28
619 124
620 336
621 622
623 624
625 18
626 627
628 629
127 407
113 630
631 124
132 351
632 633
238 634
635 636
637 638
639 38
640 641
642 643
644 645
646 18
647 41
648 649
650 59
651 479
652 205
653 654
655 656
657 658
357 659
660 218
661 662
663 664
665 155
666 667
668 669
54 310
670 1
671 672
452 59
673 674
675 676
54 417
396 677
678 679
680 649
681 407
682 231
683 18
469 649
420 684
685 686
687 688
689 690
356 691
692 693
694 0
418 695
696 697
698 699
359 700
330 701
702 703
704 205
705 706
707 708
709 305
710 711
115 407
712 240
713 417
714 82
715 82
716 717
653 718
190 719
720 721
722 723
724 479
25 250
725 726
298 727
728 729
728 730
728 731
732 733
33 184
321 734
735 127
736 737
738 18
739 112
740 32
5 24
741 22
742 743
203 692
744 745
746 214
747 748
50 749
750 624
451 455
751 752
365 753
744 754
755 525
102 235
756 691
236 757
11 758
746 759
760 624
524 761
25 719
113 762
447 763
764 83
398 765
433 766
746 351
767 610
768 658
235 329
769 73
769 72
665 69
56 421
665 73
770 771
772 2
665 72
773 623
584 774
775 55
587 776
769 69
777 474
778 779
780 18
781 782
783 784
785 786
787 200
788 442
738 214
293 789
11 790
791 271
792 18
793 794
795 172
796 797
399 798
799 80
800 801
802 479
472 803
9 804
805 806
33 807
808 809
810 811
460 407
371 812
813 814
815 816
817 30
464 818
92 320
819 6
820 821
822 823
824 2
825 826
827 320
166 20
236 828
829 830
831 832
350 133
174 18
590 654
833 320
834 835
820 649
836 261
402 837
257 59
838 488
367 839
111 137
840 200
841 101
842 843
844 845
846 4
847 848
849 850
163 167
746 133
851 852
249 83
853 272
854 855
681 329
856 857
165 785
562 858
325 859
860 861
862 30
433 863
864 865
866 503
452 124
113 867
868 869
870 871
872 873
874 875
876 723
877 878
140 325
879 880
281 881
882 883
422 884
885 886
887 611
888 366
78 61
692 889
890 891
892 281
893 36
894 895
896 897
898 66
899 900
29 70
901 902
460 137
300 517
775 83
903 220
50 904
570 154
76 329
905 906
562 907
333 606
908 83
153 167
909 18
461 910
901 666
911 912
913 914
874 915
916 101
783 234
917 108
190 82
199 918
919 205
920 921
95 922
923 382
230 154
924 925
548 59
926 28
584 927
928 28
929 930
420 57
931 932
817 659
933 517
934 935
936 937
417 455
938 200
939 940
83 407
291 941
95 942
943 6
944 18
216 771
945 946
348 947
948 30
532 949
950 127
190 329
951 114
268 952
497 953
954 955
956 83
957 336
958 959
960 462
961 906
962 30
963 8
226 857
100 964
539 965
966 498
233 967
0 329
25 2
44 24
450 55
795 968
484 723
247 969
970 971
417 1
972 973
974 975
89 59
976 977
978 676
979 22
980 981
982 983
441 984
793 421
985 986
384 127
621 987
847 988
817 517
989 723
990 479
184 991
992 993
204 369
994 529
912 521
82 995
793 996
997 548
666 6
998 999
675 580
1000 835
1001 200
66 1002
1003 37
445 1004
1005 1006
207 3
233 1007
1008 638
54 83
1009 389
1010 703
1011 231
1012 377
1013 81
1014 369
78 1015
62 1016
249 1017
1018 322
1019 59
1020 279
1021 103
78 1022
78 1023
1024 589
1025 1026
25 398
109 1027
1028 275
1029 1030
356 387
1031 382
1012 1
1032 1033
1034 1035
1036 1037
182 292
1038 1039
1040 425
1041 71
82 455
1042 1043
1044 548
568 1045
1046 565
369 1047
1048 638
461 734
1049 1050
1051 1052
1053 1054
1055 57
100 154
1056 288
631 301
1057 1058
82 761
127 2
1059 39
1060 1061
885 1062
901 1063
1064 1065
898 1066
732 1067
846 1068
321 910
901 1069
1070 1071
1072 572
1073 87
447 1074
1075 1076
885 1077
978 580
392 1078
1079 1080
1081 37
950 82
1082 624
1083 382
1084 1085
1086 22
463 39
1087 69
1087 73
1088 1089
1087 72
1090 315
1091 1092
1093 275
1094 409
1095 523
510 1096
1097 119
276 1098
594 761
1099 1100
603 1101
339 181
1102 1103
581 1104
1105 57
1106 1074
1107 1108
333 427
230 753
802 624
1109 301
1110 1111
140 859
33 1112
1070 308
260 103
1113 82
1114 467
1115 1116
514 654
421 1117
1118 479
1055 794
824 137
713 310
1119 699
113 1120
1121 1122
115 468
1081 1123
1124 564
1125 157
1124 559
330 1126
936 1127
829 1128
371 1129
715 250
1042 336
460 2
1130 638
908 76
1131 1132
1133 1134
1135 500
1136 638
460 112
1137 1138
249 82
1139 341
151 1140
50 82
1141 1142
332 514
62 1143
1144 1145
267 1146
1147 1148
1149 1150
418 1151
1152 1153
78 591
1154 137
1155 22
291 1156
1157 83
847 1158
177 154
1159 1160
60 475
713 83
1161 1162
371 296
1163 146
82 524
50 1164
309 181
464 1165
182 1166
1167 823
1168 835
1169 1170
1171 877
1172 1173
1174 1175
906 1176
328 455
1177 479
1178 1179
1180 1181
1182 1183
1184 1185
371 1186
874 1187
719 502
1188 59
874 757
83 455
847 1189
795 71
716 1190
584 1191
1192 809
1193 1033
365 231
1194 205
772 250
202 935
1055 192
253 1195
1196 69
923 301
1196 72
1196 73
295 82
1197 1198
464 1199
1200 1201
760 341
1202 414
1203 178
1204 1205
1206 548
406 410
417 407
1207 855
781 1208
874 1209
17 861
1210 1211
1212 242
1213 1214
1215 138
685 1216
1217 201
1218 1219
1220 24
628 1221
213 133
962 517
1118 664
1222 18
190 1164
833 87
309 137
1008 1223
1014 1224
844 1225
129 1226
1038 1227
1042 1122
350 759
1228 235
1229 1230
1231 969
166 154
451 407
207 89
696 1232
1233 960
1234 1235
1236 1074
1237 1238
1239 205
241 981
1021 82
274 968
553 1240
64 178
50 1241
1242 1243
1038 1244
774 366
116 1245
1246 1247
626 925
90 1248
1249 1087
1250 479
78 1033
1251 322
1252 1185
276 1253
54 775
212 227
232 127
1254 1245
323 471
1255 1256
1257 960
1028 968
775 82
1258 912
898 1259
1260 572
1261 493
235 468
1262 84
1263 1117
1264 895
713 55
553 1265
66 1266
1267 1268
190 1269
392 723
728 1270
728 1271
1272 830
836 154
392 835
1273 28
1274 1275
728 1276
1267 1277
728 1278
54 127
1279 82
1280 1281
553 1282
1283 1284
1163 30
1285 559
233 1286
1285 564
504 1287
1032 586
339 1288
60 1289
348 366
1290 953
1291 1292
1293 981
792 326
321 410
1294 1295
1296 354
276 1297
1298 458
1242 117
1299 561
1300 1301
1238 1302
1242 1061
773 368
1303 409
1304 305
1305 600
567 271
1306 1307
796 910
940 1308
407 2
113 1215
230 947
1309 658
44 5
544 538
247 1277
1310 1311
1312 1313
17 326
1107 964
1242 1314
15 965
180 55
1315 28
885 1316
824 250
1317 382
1318 1319
1320 1145
55 83
670 329
1321 616
180 82
1322 1323
499 23
428 1324
1325 572
567 414
1326 1327
1328 1329
714 127
1330 1074
1331 1332
236 1187
29 358
526 152
238 1333
428 1334
756 356
1335 1336
133 691
1337 1338
132 759
1339 1340
786 459
446 872
321 1341
651 341
1342 1343
1344 1345
1346 797
640 1347
1348 214
1349 246
78 1350
406 734
1351 114
1267 1352
46 1122
1353 1354
1355 200
1356 1357
1358 358
1359 1360
95 1361
492 1313
504 1362
827 41
438 59
1044 1363
126 250
926 18
273 39
750 368
1364 1365
1366 654
1367 981
1368 642
255 1369
492 1145
1370 1033
1371 1372
1373 1374
102 250
966 262
1130 22
851 1375
1376 952
1377 1104
1378 1379
149 1104
0 407
67 1380
524 677
1381 1382
113 61
1383 329
1238 1384
644 1385
1386 366
450 417
1387 407
1250 368
403 356
1388 137
317 1389
1390 1391
1392 479
1393 612
1394 729
1395 1396
1397 801
1394 730
0 83
1394 731
102 764
499 963
32 59
1398 382
1399 1400
847 1401
1402 1403
190 137
1404 1223
1405 1406
5 1407
1408 341
276 1409
1357 380
1410 1411
1412 1413
1414 1415
1412 1416
1412 1417
1412 1418
116 1419
95 1292
1420 1421
951 1422
1423 933
1424 1425
1426 1427
1125 312
1428 347
1429 1430
140 131
685 1431
1432 0
1433 178
497 1434
1435 1436
1218 1437
1308 1438
603 1243
874 237
1439 337
230 178
1440 1441
1442 1443
1012 310
1444 1445
1446 1447
136 55
1448 789
1449 234
1450 41
1319 324
626 960
432 181
151 57
739 127
1351 1451
446 1236
1405 1452
1453 1454
1144 493
406 910
1455 1456
460 55
1242 345
1231 1352
1457 1458
357 1459
1460 1114
990 341
195 485
1461 487
1325 889
1242 478
182 1462
1066 336
228 1463
1144 1464
1465 1466
181 250
1467 1221
574 455
890 1468
1469 1061
1470 322
1471 1104
1472 1473
95 221
885 1371
191 57
542 964
1200 1474
418 1475
1378 139
145 30
25 1476
1477 1478
1479 201
1480 487
70 1260
130 1481
95 1482
1483 18
1144 1313
781 1484
33 1485
879 1486
1487 1488
1489 1490
1491 154
151 192
1492 1493
1494 571
384 55
78 114
1495 39
1496 1497
335 1259
716 1498
54 917
480 1499
1042 771
1500 1501
1502 649
430 127
539 387
621 1503
233 1501
250 677
573 1504
1505 1506
1507 809
186 1508
1509 809
450 83
1510 1511
648 1512
1513 117
1514 809
1177 624
127 83
1515 619
90 1516
1383 407
1050 692
1014 809
1517 1518
1519 1520
1521 382
587 1522
1317 301
587 1523
948 463
939 1524
1525 801
573 250
1526 382
1527 336
1528 1529
1530 469
714 2
1293 479
60 812
335 1531
1042 1532
1533 1307
1231 1268
1031 301
1534 981
1535 59
584 478
903 1536
871 1537
151 421
670 83
1491 1456
1538 1539
1204 1378
966 1325
181 2
784 234
1472 1540
88 325
1541 1542
1543 1544
1545 32
93 1259
1204 1546
1318 1547
480 17
1548 1549
433 178
1550 320
1551 668
1552 1553
1295 165
102 451
1554 20
874 1555
1018 734
335 1556
1489 1557
473 57
1558 809
255 1559
1560 1561
653 997
816 737
15 356
199 1562
516 28
1563 1564
1565 490
1320 393
963 24
1566 1567
191 684
97 214
1568 320
1569 487
974 271
1570 59
1571 1572
1573 721
78 1574
460 455
464 1575
1168 1144
132 214
64 154
242 479
255 1501
190 55
735 181
738 356
1576 28
436 1577
1136 1123
563 797
1578 173
270 318
1579 1580
933 358
365 1243
1293 839
1125 421
521 649
255 1581
476 1582
104 1583
1584 1585
1586 572
1180 1587
306 218
562 1588
92 41
1303 523
1042 1589
1590 387
1591 288
1592 1413
1383 1
1592 1416
1592 1417
1593 1594
1592 1418
1014 1595
1105 152
1596 1597
866 1259
1598 1599
1600 965
1554 1045
773 479
257 1493
928 382
1601 1602
1368 200
770 1603
1566 1604
770 1214
1605 1495
851 479
1055 684
1113 103
1024 1226
866 336
1568 87
132 59
58 17
1014 205
1606 22
984 1607
1608 1609
1387 677
874 787
255 1610
685 1611
1612 1613
17 1104
70 358
738 59
1346 1614
189 1430
1615 1616
321 797
76 398
1535 18
1617 1618
413 271
212 857
1619 1620
625 124
1621 861
1600 759
492 393
739 82
1622 809
1623 1624
475 138
1448 294
450 917
1625 1074
365 261
396 407
1626 1314
422 1627
76 103
186 1628
495 200
1629 1630
170 1631
1139 368
415 1290
1234 1632
100 1633
1634 780
1635 1636
1570 133
33 1637
276 1638
650 965
332 1639
1640 427
1402 66
48 1641
692 39
1642 1643
1644 1645
1646 39
546 624
1647 24
650 837
280 538
689 991
1648 1074
357 30
113 1351
668 187
1187 205
1467 382
1649 101
640 1650
1169 490
808 658
190 502
1651 1256
1323 39
908 55
1652 861
485 1078
1653 41
140 1654
573 127
1655 548
333 952
1274 1656
203 71
719 83
562 1657
153 1658
1458 261
1659 1660
1279 103
76 417
389 839
1309 809
901 1661
247 1662
76 2
714 250
836 1243
1487 1663
1664 1665
78 152
1020 797
153 1666
1457 561
646 301
1667 366
202 1050
388 368
1113 55
584 1668
1669 1670
417 2
1671 1672
476 654
1673 1674
1675 691
1676 45
389 242
862 517
1677 22
464 1678
573 956
1679 861
1680 1681
501 310
473 1682
42 1683
383 771
1684 1413
1218 1685
295 103
989 1686
1684 1417
681 2
1684 1416
512 649
874 548
1528 1687
1688 1689
1690 1578
1107 101
19 178
156 312
204 809
1691 1692
1693 1694
1695 214
371 1696
1144 556
802 341
1242 154
54 451
1388 83
840 1697
1698 444
344 1699
1700 728
1207 1701
1042 47
646 59
473 152
113 1702
632 146
817 1703
1704 1705
1383 83
1572 436
1706 823
909 59
1131 1707
109 1708
1318 471
25 1709
348 231
817 146
1070 804
1710 1711
1712 1206
31 18
1713 1714
1715 545
346 459
1653 320
931 1716
246 1717
348 154
1718 1719
60 1720
278 1341
1234 809
232 250
1721 680
1026 122
1722 1723
276 1724
926 218
1383 2
1030 382
1725 1726
226 611
417 83
66 1727
876 1078
1334 886
1728 1434
1729 1730
584 366
1395 1731
309 82
134 301
1606 1732
151 1033
650 214
82 2
857 611
1472 1733
190 310
926 301
145 463
1734 448
113 1735
1736 108
1552 1737
1738 1739
1740 83
1741 1742
1083 124
816 1743
1744 1745
95 1746
1444 1747
140 1589
1748 679
1442 1749
282 103
76 83
98 1355
1750 1092
1570 351
935 1751
50 1
1018 910
1752 1134
140 1753
56 192
1754 1755
773 341
599 613
1756 1757
1758 205
1756 1759
346 458
1760 1761
966 889
235 407
683 861
943 122
1762 601
45 6
25 1432
1262 1763
177 1243
1180 1764
1765 1430
1766 124
1767 611
332 1768
1769 214
1770 24
499 24
1062 1077
553 1771
696 1772
392 1773
460 1164
1774 341
619 28
1775 1681
827 87
1776 382
1777 1778
133 965
181 328
989 1773
1779 1780
1781 1782
1212 368
1031 1221
181 1
1449 784
1783 245
1784 380
328 417
1213 886
1042 503
1785 192
50 455
738 351
1786 1787
644 1788
1789 1379
1688 1544
1222 1636
441 1790
15 59
1791 146
36 1223
113 475
1792 1024
904 1793
584 1794
233 89
1795 72
1795 73
1795 69
25 1
1796 1672
151 528
1797 1430
1614 649
1308 1798
1799 419
1800 1195
50 310
1801 548
1802 721
40 87
1803 275
1804 1805
1778 1806
1807 18
650 351
989 1808
1809 1810
1811 861
1812 1652
1012 1813
1335 1814
76 127
644 1815
1021 55
1242 1554
1053 1816
1817 1679
1472 1818
980 624
1487 1819
473 18
1267 1662
25 1164
562 1470
685 1820
739 250
359 1783
1576 124
1821 3
719 451
718 141
473 421
1433 1822
1823 1414
451 83
1824 146
406 797
1825 1826
1827 288
48 1828
1829 624
788 1830
795 1831
392 1808
891 1832
441 1687
1833 1834
208 16
113 1835
1107 1836
1837 1838
1267 969
1839 41
1306 1840
263 438
933 1703
250 83
1841 436
1842 1732
1843 1844
847 1845
1242 1699
397 82
1367 242
1846 1847
1848 205
208 133
689 1849
46 1043
1850 1689
50 1012
1851 1430
788 1852
1420 101
1853 925
481 1104
325 861
1854 444
1135 499
1855 832
1053 1856
1857 301
208 351
1829 242
1858 820
1859 1686
642 525
1860 81
1312 1145
1861 1862
356 540
1863 1864
344 1061
1865 1123
15 837
1509 1133
321 462
1316 1371
594 377
646 218
1866 972
210 933
1053 1867
1018 797
386 540
315 1868
1283 1869
1870 1264
858 462
848 1134
1590 540
185 1080
1114 561
777 192
330 1871
384 250
1872 39
825 1549
19 154
1020 1341
1873 242
153 1243
625 59
1228 329
1874 549
1358 1703
1267 248
522 409
1600 540
60 296
1839 320
60 1215
1875 24
1843 1876
1877 1878
713 127
671 1302
286 285
1107 1879
1402 898
291 1880
1521 1221
1881 1859
411 1882
116 1883
682 1884
836 178
788 1885
979 1223
501 83
1535 1636
1886 1773
1887 271
938 525
1038 1888
990 624
1889 1198
1890 1418
121 6
309 83
1891 18
1388 127
1853 960
1892 1893
1840 32
116 1894
441 1885
309 144
1035 1646
1335 1895
1062 1896
1897 559
1897 564
1898 1899
371 1900
1901 1078
713 103
9 449
1902 1104
46 859
1355 525
1392 839
369 808
570 261
1903 1756
50 1904
1902 374
418 1905
1906 1140
715 310
1841 1162
1507 658
590 1907
177 543
1908 629
793 152
1909 1910
454 965
1911 708
1700 1394
1912 1913
217 1914
716 1915
78 1916
588 1844
1487 1917
113 1918
113 1919
332 476
323 609
492 556
793 192
1920 1921
5 122
0 137
1346 960
1922 1732
1923 548
1924 1925
1926 1927
25 310
1928 1929
637 1223
632 1930
1320 1313
719 417
1496 69
1496 72
1931 912
1496 73
746 16
1588 910
1527 1727
1932 1177
1550 41
920 1420
1094 523
685 1933
1934 1092
1935 946
464 1936
25 417
1837 572
1937 82
1938 22
1042 620
791 318
112 329
78 1215
1939 288
584 1940
1941 1942
1943 299
1065 1944
515 952
1945 1013
62 1946
150 1160
102 417
732 1947
236 787
1948 192
1949 559
473 192
238 1950
1949 564
859 1104
435 1441
1435 1951
82 407
1364 1952
1065 1953
113 1954
1346 462
1955 1134
1956 538
1436 1957
365 178
1873 624
775 127
557 1958
451 1
163 154
1052 1959
196 835
1960 1961
1962 946
732 1963
278 462
1009 981
1458 178
546 479
1184 466
397 83
100 1554
1703 71
100 1456
1349 1898
1964 1965
1003 1123
1966 1967
1968 1712
1969 1413
1969 1416
1969 1417
1969 1418
1767 1970
1055 1033
1971 639
420 192
422 1972
102 1973
250 1
1142 1974
1247 220
451 329
989 835
78 630
182 1975
989 393
1366 427
793 684
1105 192
1976 1845
806 220
1520 1977
1978 24
83 1504
1857 28
851 624
1979 192
1980 1981
250 995
102 76
1982 638
650 16
621 1983
1066 1380
1483 1621
895 1832
1128 72
467 1554
1984 1092
1128 73
1128 69
27 382
1386 1985
371 431
716 1986
1987 1338
1570 18
250 329
255 89
340 664
936 1988
668 1628
1989 1990
629 618
780 32
1753 952
1991 73
1991 69
1992 1993
326 59
535 883
596 137
1994 1995
936 1996
102 2
1997 1998
1999 2000
1991 72
339 250
2001 2002
358 71
847 2003
235 1
2004 649
2005 500
940 1438
484 835
2006 462
647 320
1234 205
153 1061
2007 2008
553 2009
464 2010
2011 1732
1053 2012
2013 569
64 20
1600 2014
182 2015
140 1532
1055 152
1686 393
96 837
55 103
1065 2016
180 127
2017 302
11 2018
2019 1170
1552 2020
238 2021
2022 2023
2024 262
698 2025
2026 2027
1042 859
1408 2028
140 771
616 649
2029 1510
977 1614
1633 2030
95 2031
2032 322
2033 676
332 2034
1600 214
127 329
230 261
823 861
913 1701
1524 1438
1693 1104
97 2035
1402 2036
948 146
849 2037
190 451
2038 708
25 451
2039 2040
255 2041
795 2042
783 2043
42 2044
2045 124
1513 345
2046 366
238 2047
1125 2048
777 421
102 525
2049 284
1634 1382
255 2050
2051 977
208 356
202 1703
2052 1346
2005 7
420 1140
25 82
2053 181
76 502
44 23
2054 2055
78 2056
1229 999
241 839
1811 18
0 112
2057 2058
1014 2059
514 1640
208 59
1231 248
1644 953
432 250
1026 6
524 1
335 557
2060 2061
817 358
2022 2062
874 2063
2064 801
9 1071
2065 2066
1674 1074
397 112
980 242
4 1339
448 10
1776 28
374 1679
371 2067
367 341
411 91
2068 674
687 2069
113 1015
2070 2071
936 2072
2073 192
1807 32
2074 72
2074 69
2074 73
445 2075
736 2076
298 2077
65 178
878 946
2065 2078
2079 1074
665 380
1026 2080
696 2081
1273 382
450 2082
2083 69
2083 73
1353 728
1074 2084
2085 419
2083 72
371 2086
939 2087
2088 107
542 1108
210 146
1527 1380
1018 279
2089 586
396 2
2090 2091
2092 214
668 2093
2094 1381
1394 72
792 861
1394 73
1394 69
289 1085
140 1481
2095 861
78 2096
311 157
151 2097
751 2098
15 351
1402 263
1774 479
849 2099
1159 1104
2073 421
433 753
2100 2101
526 421
2102 305
2005 2103
2104 2105
1992 101
2106 1424
102 200
1791 463
625 301
2107 599
476 426
644 2008
422 2108
77 2109
1590 965
1800 254
2110 797
1381 2111
2112 1942
1449 2043
2113 22
1449 2114
50 2115
492 1464
1312 556
278 797
1262 530
2046 478
1472 2116
337 1847
1617 2117
497 415
514 476
388 341
1119 2025
1425 39
1675 18
2118 1326
280 545
1109 28
83 2
186 2119
332 515
2120 2121
371 475
1932 368
2122 1846
693 39
2123 809
303 39
233 2124
169 972
417 329
570 2125
450 103
777 57
1545 18
319 1325
2126 2127
2128 1850
2129 1262
557 1727
2130 1985
1528 1830
1642 1436
1892 2131
1722 952
1489 2132
50 1813
309 127
851 2133
1398 629
2134 2135
2136 69
475 2137
2136 73
2138 656
501 55
50 2139
1368 2140
2141 2142
2143 1633
1317 1221
2136 72
267 427
250 1387
1766 382
1965 968
550 39
408 523
2144 838
2145 2146
1649 380
619 301
1206 2147
1812 18
450 354
836 2148
335 1727
2149 2150
180 137
716 2151
739 181
2152 244
2153 721
439 552
898 264
949 39
495 2154
2155 1434
333 1907
535 2156
89 18
396 329
2157 2158
3 2159
760 479
1005 809
64 261
844 288
844 369
2160 61
82 1
2161 1223
1316 1062
2162 2163
2164 1883
44 7
163 1666
1055 996
2065 2165
2166 2167
348 1243
233 884
1093 968
396 1
665 830
651 368
2168 2169
2170 863
250 2
581 157
795 1593
2171 2172
445 2173
829 1421
78 1351
358 1586
2174 1546
136 1288
1273 301
2175 861
2176 1773
1695 386
481 236
1565 1546
646 28
2177 726
1700 730
100 1879
1700 729
1700 731
2178 2179
267 2180
1218 2181
1673 158
713 775
646 382
450 1736
2182 2183
1513 478
2184 380
650 743
936 2185
542 178
371 221
1375 624
230 1243
1543 1689
2186 72
603 2125
856 227
2186 69
2186 73
2187 2188
406 462
1476 108
2189 2172
159 2190
2191 366
2192 2193
448 394
115 1
208 2194
1125 382
2045 301
502 0
1423 2195
333 590
2196 648
2197 2198
2199 305
839 624
555 835
2200 708
2201 410
249 127
2202 2203
46 1541
0 55
60 372
956 137
307 409
713 917
439 2204
1928 119
1296 82
2205 2206
1038 2207
873 1074
1582 427
524 76
795 358
33 2208
1995 444
1375 479
50 2209
95 2210
628 28
2211 2212
60 1129
1761 1872
236 2213
1834 2214
660 1095
2215 2020
796 734
1423 2216
263 1923
772 1164
874 1558
756 214
2217 835
1932 479
102 55
2218 1493
2219 2080
515 427
819 1616
742 351
1524 2087
1635 18
2220 174
819 971
1003 22
1402 2221
1371 548
45 24
1168 1078
1042 2222
635 2223
2224 2225
906 2226
2227 2228
371 2229
2230 1418
1203 2125
328 451
2231 2232
1193 586
2233 1223
2234 1594
1534 479
2235 2236
2237 2238
1419 753
1550 87
76 82
1318 609
2239 1148
2004 2240
247 2241
2242 2243
1018 462
1549 649
1728 953
1458 561
1044 2043
2244 982
2147 2245
874 823
2246 288
585 1033
1065 2247
217 2248
1433 564
610 227
1433 559
1011 1884
2249 2098
35 2080
2250 205
1180 2251
860 32
2252 2253
2254 2190
974 318
115 329
1474 458
2255 2256
681 83
113 431
217 2257
692 572
228 2258
217 2259
2260 843
2261 435
2262 2263
1118 341
1450 320
735 250
2264 205
2265 288
90 2266
2267 2268
2269 89
1446 2270
2271 2272
2273 103
1693 482
2 2082
208 18
1600 387
1570 356
95 2274
1572 1910
166 1243
62 2275
325 18
2276 380
2277 2278
1491 665
2255 1176
1038 2279
713 2082
1533 2280
129 1792
1467 28
2281 1134
1242 2282
78 431
2283 89
452 28
1687 1607
90 2284
1097 2285
100 1243
542 261
2143 1245
2286 1829
670 468
2287 2288
1726 366
2220 1104
1218 2289
25 329
2290 2291
1139 479
115 2
95 1215
460 417
2292 953
65 154
315 2293
1107 665
1044 784
1467 301
1799 561
33 2294
2295 2296
255 234
663 1136
1042 684
2297 122
856 611
111 250
2298 2299
653 1640
100 2300
102 809
1570 16
1135 7
392 485
788 595
1062 89
2301 2302
1494 71
1408 389
1264 1501
750 479
914 2303
681 468
2304 2071
2305 22
879 290
230 366
233 2306
1528 442
542 2125
623 479
2307 835
594 904
777 1682
4 2308
2309 39
478 564
815 2310
478 559
132 16
1891 32
1217 2311
816 2312
844 809
2313 1326
781 2314
102 115
1785 57
1331 2315
480 325
378 1407
768 809
433 261
418 561
632 1964
1046 3
100 1836
960 649
1928 510
441 1852
1448 6
872 106
2316 1319
2088 2317
2318 559
2318 564
93 336
2126 2319
1705 2320
250 2321
348 2322
2323 284
1125 875
2324 425
1676 500
2325 288
2276 1421
142 414
224 2326
348 261
788 2327
847 2328
2329 347
1887 975
651 624
44 500
332 2330
1163 463
2331 1201
1448 122
2332 2248
1887 318
311 59
1358 70
2143 1883
866 1380
481 157
1062 2333
632 2334
553 2335
1682 1033
267 654
1673 872
1125 18
270 414
258 2336
181 83
190 417
746 59
2337 2272
2338 1430
2339 1620
1215 1134
2340 512
1676 7
140 268
332 653
80 436
1203 543
1865 1223
54 82
2341 1756
2342 290
1038 2343
55 250
267 606
2130 2322
2344 2345
2346 2347
182 941
1107 1633
847 2348
1020 2349
501 362
2350 2351
626 2352
2269 2245
576 2353
576 2354
461 1426
1791 30
594 2355
1675 356
2356 607
2357 89
441 1830
1423 2358
60 2359
357 517
1137 2360
48 2361
926 59
1005 2362
181 82
930 649
495 525
2363 2364
2365 1942
1776 1221
1212 624
2134 649
692 1751
2366 485
527 59
1250 341
665 1633
422 2367
2368 768
2369 1206
19 1243
2370 1680
247 1268
1932 624
635 2371
309 2
2372 2373
876 835
1865 37
95 2374
78 221
849 2375
2376 69
750 2028
2376 72
1073 2377
2376 73
1081 638
1543 2000
282 127
181 112
2378 2379
278 734
2380 586
537 545
553 2381
732 2382
489 2383
182 2384
781 2385
76 137
2386 2387
2161 22
253 2388
118 2285
1312 393
1312 493
2389 2390
224 1566
1992 1421
1528 1885
190 328
1075 2391
2392 364
650 759
2393 1074
1433 1794
8 1407
208 214
1457 2394
2395 2396
966 1586
1370 586
893 664
546 981
1172 2397
1431 2398
570 1243
399 296
2103 24
140 952
191 152
1928 511
2369 1505
847 1509
116 774
460 1
1938 638
2399 1426
933 30
1377 1679
433 1419
1779 1840
588 2400
1107 1456
109 2401
2155 953
716 2402
190 775
2344 1100
2403 2404
603 543
785 347
330 2405
1161 436
196 485
517 968
250 455
1513 1894
1109 1315
1279 137
424 2406
315 2407
718 59
142 271
1073 2408
725 1264
984 1529
1751 39
2409 2024
1691 938
1676 1647
772 112
130 2410
874 174
741 1123
446 1674
330 1079
526 57
2411 1537
371 61
2039 1346
2412 3
350 214
109 2413
437 18
109 2414
1366 952
1927 2415
113 2416
1037 2417
1528 1852
989 485
687 2418
441 1529
936 1973
610 857
2419 2420
2149 1474
1135 45
437 1117
321 1967
2421 1796
1982 22
788 1687
2276 101
2422 2423
950 112
204 2424
359 2387
2307 556
884 1583
83 310
446 2393
866 1958
2425 572
314 813
2426 487
403 133
966 1260
683 326
1857 382
1373 2427
775 502
1974 1033
1675 59
2160 1379
936 2428
533 2429
2430 1847
1285 927
2347 1501
874 1104
263 1727
2431 2228
2432 5
882 1219
422 2433
1776 301
1019 18
501 127
2434 2435
560 467
2292 2436
847 2437
2438 723
371 2439
844 2440
1722 718
350 16
2441 2004
95 2442
422 2443
2444 2445
584 561
1172 2446
29 1703
365 947
1250 624
2447 3
202 358
619 382
1113 250
2448 801
1285 1668
1285 2345
1109 2449
1824 30
1456 395
2450 644
2141 2451
841 1421
2452 288
1251 797
2453 305
2454 1417
2454 1418
1402 1066
2454 1413
1360 708
2454 1416
76 55
102 82
2400 1619
2455 2456
1283 2457
357 146
138 1379
1496 1128
439 218
989 1078
2147 325
584 2458
371 1720
140 684
2459 1061
1319 2460
2434 2110
982 1636
1101 1185
464 2461
2462 2228
874 2220
1454 2463
2464 1080
895 1964
715 112
1315 301
1041 966
439 2465
1402 2466
2467 1877
716 1973
1676 499
1526 28
2468 205
445 2469
1487 2470
849 2471
102 83
2472 2473
2100 4
1231 1662
983 59
822 548
1005 2474
191 421
1174 2475
547 968
795 1703
102 329
249 398
2476 2477
2478 1951
2479 1509
219 2480
2481 985
371 2482
581 2483
153 20
450 310
1502 2288
202 1594
2053 77
174 326
177 261
2484 723
35 122
57 192
650 356
541 32
249 55
1009 479
944 59
291 2485
2370 1418
1705 649
2370 1417
2370 1416
2486 2487
2370 1413
2488 560
2489 883
126 82
777 18
371 1215
2490 1074
2491 1862
2492 1605
76 112
866 557
2073 57
1042 2493
2089 1033
1622 658
100 665
1402 866
618 382
295 112
1799 584
898 1727
406 1341
0 250
1250 1082
657 809
1318 2494
83 1
97 540
2495 337
2496 1322
267 952
86 41
2497 172
2498 928
2013 1458
2499 347
2316 324
396 524
2500 199
60 221
2501 1773
696 2502
422 2503
1653 87
109 882
741 37
2438 1686
2504 1964
2505 2506
113 2507
433 2508
78 296
2509 2510
264 1380
2511 305
1053 2512
2193 2513
500 24
1500 2333
923 28
579 676
17 1636
2514 1773
2515 2516
177 2125
1491 261
56 152
1312 1464
2517 24
1785 421
406 322
140 334
111 127
1839 87
740 861
1367 624
113 296
1722 606
2518 591
546 389
2519 559
2519 564
64 1243
890 1306
1906 89
2520 2521
861 59
446 1625
60 2522
2523 73
642 2524
2523 69
2523 72
236 2063
1824 463
1997 22
1999 1689
2410 2525
321 1251
1048 1223
2526 1161
1803 968
573 55
1601 2527
2528 1251
335 1958
78 383
190 2
2529 1519
257 18
2305 2530
204 2531
1442 2532
930 2533
1037 649
1012 455
1065 2534
2419 200
1850 2000
618 124
2535 22
2349 881
2536 1964
526 684
844 205
788 1529
2028 1009
1533 2537
1491 1243
450 250
1706 325
2538 1382
1774 624
2539 2540
126 137
2541 361
548 326
100 1108
33 2542
1744 1087
109 2543
2544 649
1055 1140
1612 380
723 556
706 649
2545 1341
371 2546
1107 155
1273 1221
793 1140
833 41
1139 624
1472 2547
339 137
2520 2548
921 2276
1433 2549
824 82
2550 203
1053 2551
357 1703
2552 656
537 281
344 1894
2553 2554
451 2
460 250
644 2555
877 2556
250 407
584 2557
1325 692
339 127
1318 324
158 106
413 318
1065 286
859 1817
2558 2373
1219 2398
2297 6
95 475
228 2559
450 82
887 227
2560 2225
1497 69
1497 73
2561 2562
1497 72
228 2563
15 214
356 2035
501 719
2564 2565
1528 2327
2065 2566
1436 2567
2568 76
165 811
2380 1033
890 89
1528 1790
2569 914
724 624
236 1558
340 624
212 611
15 759
420 2097
2316 2570
314 1501
2571 1176
2572 564
2572 559
2233 638
1657 734
2479 2573
2574 2238
1655 859
503 336
2363 2575
670 2
2576 414
158 2254
432 1288
2571 2256
2577 2495
103 83
2578 2579
422 2580
446 1106
1450 87
847 2581
2582 2544
2583 2091
982 59
573 455
233 2584
2033 580
2585 2586
50 112
2476 2587
713 144
2143 1419
346 2499
255 2588
716 2589
777 152
781 2590
2591 1841
670 407
960 1251
30 275
19 261
367 479
1895 1583
1009 624
250 524
2235 22
1092 801
791 414
2592 2593
151 684
2594 1520
2586 2309
2595 1418
2595 1416
2595 1417
1395 2596
2595 1413
728 72
381 301
1055 421
461 797
728 69
728 73
713 82
2597 205
681 1
2569 2598
931 1749
1811 326
1859 723
344 117
1533 1832
1850 1544
1290 1434
1012 1904
847 2599
2365 324
1446 1473
685 1219
982 18
2600 1594
2601 288
247 1352
1693 157
1784 425
25 407
78 2602
1343 1059
1118 624
1383 468
1387 1
295 250
1601 87
40 320
2603 1092
732 2604
1218 2605
1404 22
1489 2596
2606 2582
498 39
433 231
353 509
1710 2607
190 1
2608 771
2609 1326
337 1201
1394 1276
1394 1278
1394 1270
1394 1271
1213 234
82 329
186 2610
603 154
834 1686
381 1221
1160 1679
1231 1277
2611 366
190 398
793 57
1009 341
815 2612
413 2613
847 2614
365 154
773 624
1212 341
476 1907
330 2615
2616 986
2419 525
1561 414
1266 1380
1600 2617
350 59
874 2213
2007 2555
618 301
2618 288
1829 341
278 910
1387 995
2619 921
65 1243
1200 347
1873 981
181 407
371 2620
2621 507
788 1790
2622 2318
1392 981
1534 839
2623 1338
1714 341
315 2624
1974 586
713 451
2625 2626
140 89
373 823
1228 83
90 2627
1399 1497
111 82
190 103
840 2628
901 2629
2630 443
570 543
1670 693
1317 28
204 2631
724 341
653 590
2632 2633
1152 1461
736 2634
2635 434
2636 2239
60 431
1052 649
1154 250
25 112
2637 811
2625 2638
356 759
2639 2640
432 137
2641 120
466 561
348 1883
2642 214
126 112
2643 2644
1714 479
887 857
926 382
2645 944
461 279
2646 564
2646 559
849 2647
2648 288
2214 39
2649 680
714 55
2650 1279
2239 2651
278 322
1433 261
2652 59
2653 1473
1061 559
1061 564
142 318
127 455
2654 2217
378 24
2655 1414
2366 723
1801 823
1042 89
266 1502
2656 1837
2464 991
174 1636
1985 841
1932 341
998 1230
874 2657
1167 1902
2363 2658
739 55
353 1201
1105 421
438 2222
1695 454
1308 2087
2187 2659
603 261
786 2660
190 455
819 122
130 859
170 2361
163 1243
1635 59
1633 366
2661 24
2060 2662
482 861
2057 2663
113 2664
1514 658
397 127
335 1380
325 1636
2665 35
2666 1697
1135 1647
950 250
2667 1264
1005 205
1714 839
2053 82
1234 2668
1030 301
95 1976
397 250
453 214
399 221
1042 325
2669 1162
2489 2398
2670 1275
647 87
1703 889
612 600
2484 835
1603 2671
553 2672
363 2673
849 2674
2675 24
378 8
54 2082
190 127
1031 28
907 279
66 1958
2676 2134
696 2677
901 2678
644 2679
1528 595
2680 1866
2681 1773
665 101
628 301
428 886
407 83
78 2682
1682 586
2683 2091
2366 835
193 2684
88 2245
1433 584
1299 467
1526 1221
267 1907
715 127
1927 649
1999 1544
1346 1251
97 2685
2686 723
2687 2301
255 2688
966 572
1065 2689
537 290
446 106
1358 1459
1242 1894
2130 920
1133 2137
772 127
