19,20
19,217,8,24,25,20
19,217,8,182,487,24,25,20
19,217,8,487,24,25,20
19,20,25,24
19,217,8,24
19,217,8,182,487,24
19,217,8,487,24
19,20,25,24,8
19,20,25,24,487,8
19,20,25,24,487,182,8
19,217,8
19,20,25
19,217,8,24,25
19,217,8,182,487,24,25
19,217,8,487,24,25
19,20,25,24,8,182
19,20,25,24,487,182
19,217,8,182
19,217,8,487,182
19,20,25,24,8,217,216
19,20,25,24,487,8,217,216
19,20,25,24,487,182,8,217,216
19,217,216
19,217
19,20,25,24,8,217,237,236
19,20,25,24,487,8,217,237,236
19,20,25,24,487,182,8,217,237,236
19,217,237,236
19,20,25,24,8,217,237
19,20,25,24,487,8,217,237
19,20,25,24,487,182,8,217,237
19,217,237
19,20,25,24,8,217,354
19,20,25,24,487,8,217,354
19,20,25,24,487,182,8,217,354
19,217,354
19,20,25,24,8,217,237,236,428
19,20,25,24,487,8,217,237,236,428
19,20,25,24,487,182,8,217,237,236,428
19,217,237,236,428
19,20,25,24,8,217,237,236,428,198
19,20,25,24,487,8,217,237,236,428,198
19,20,25,24,487,182,8,217,237,236,428,198
19,217,237,236,428,198
19,20,25,24,487
19,217,8,487
19,20,25,24,8,182,487,29
19,20,25,24,8,487,29
19,20,25,24,487,29
19,217,8,24,487,29
19,217,8,182,487,29
19,217,8,487,29
19,20,25,24,8,182,487,284
19,20,25,24,8,487,284
19,20,25,24,487,284
19,217,8,24,487,284
19,217,8,182,487,284
19,217,8,487,284
20,19,217,8,24
20,19,217,8,182,487,24
20,19,217,8,487,24
20,25,24
20,19,217,8
20,25,24,8
20,25,24,487,8
20,25,24,487,182,8
20,25
20,19,217,8,182
20,19,217,8,487,182
20,25,24,8,182
20,25,24,487,182
20,19,217,216
20,25,24,8,217,216
20,25,24,487,8,217,216
20,25,24,487,182,8,217,216
20,19,217
20,25,24,8,217
20,25,24,487,8,217
20,25,24,487,182,8,217
20,19,217,237,236
20,25,24,8,217,237,236
20,25,24,487,8,217,237,236
20,25,24,487,182,8,217,237,236
20,19,217,237
20,25,24,8,217,237
20,25,24,487,8,217,237
20,25,24,487,182,8,217,237
20,19,217,354
20,25,24,8,217,354
20,25,24,487,8,217,354
20,25,24,487,182,8,217,354
20,19,217,237,236,428
20,25,24,8,217,237,236,428
20,25,24,487,8,217,237,236,428
20,25,24,487,182,8,217,237,236,428
20,19,217,237,236,428,198
20,25,24,8,217,237,236,428,198
20,25,24,487,8,217,237,236,428,198
20,25,24,487,182,8,217,237,236,428,198
20,19,217,8,487
20,25,24,487
20,19,217,8,24,487,29
20,19,217,8,182,487,29
20,19,217,8,487,29
20,25,24,8,182,487,29
20,25,24,8,487,29
20,25,24,487,29
20,19,217,8,24,487,284
20,19,217,8,182,487,284
20,19,217,8,487,284
20,25,24,8,182,487,284
20,25,24,8,487,284
20,25,24,487,284
21,22
24,8
24,487,8
24,487,182,8
24,25
24,8,182
24,25,20,19,217,8,182
24,487,182
24,8,217,216
24,25,20,19,217,216
24,487,8,217,216
24,487,182,8,217,216
24,8,217
24,25,20,19,217
24,487,8,217
24,487,182,8,217
24,8,217,237,236
24,25,20,19,217,237,236
24,487,8,217,237,236
24,487,182,8,217,237,236
24,8,217,237
24,25,20,19,217,237
24,487,8,217,237
24,487,182,8,217,237
24,8,217,354
24,25,20,19,217,354
24,487,8,217,354
24,487,182,8,217,354
24,8,217,237,236,428
24,25,20,19,217,237,236,428
24,487,8,217,237,236,428
24,487,182,8,217,237,236,428
24,8,217,237,236,428,198
24,25,20,19,217,237,236,428,198
24,487,8,217,237,236,428,198
24,487,182,8,217,237,236,428,198
24,487
24,8,182,487,29
24,8,487,29
24,25,20,19,217,8,182,487,29
24,25,20,19,217,8,487,29
24,487,29
24,8,182,487,284
24,8,487,284
24,25,20,19,217,8,182,487,284
24,25,20,19,217,8,487,284
24,487,284
8,24,25
8,182,487,24,25
8,217,19,20,25
8,487,24,25
8,182
8,487,182
8,217,216
8,217
8,217,237,236
8,217,237
8,217,354
8,217,237,236,428
8,217,237,236,428,198
8,487
8,182,487,29
8,487,29
8,182,487,284
8,487,284
25,24,8,182
25,24,487,182
25,20,19,217,8,182
25,20,19,217,8,487,182
25,24,8,217,216
25,24,487,8,217,216
25,24,487,182,8,217,216
25,20,19,217,216
25,24,8,217
25,24,487,8,217
25,24,487,182,8,217
25,20,19,217
25,24,8,217,237,236
25,24,487,8,217,237,236
25,24,487,182,8,217,237,236
25,20,19,217,237,236
25,24,8,217,237
25,24,487,8,217,237
25,24,487,182,8,217,237
25,20,19,217,237
25,24,8,217,354
25,24,487,8,217,354
25,24,487,182,8,217,354
25,20,19,217,354
25,24,8,217,237,236,428
25,24,487,8,217,237,236,428
25,24,487,182,8,217,237,236,428
25,20,19,217,237,236,428
25,24,8,217,237,236,428,198
25,24,487,8,217,237,236,428,198
25,24,487,182,8,217,237,236,428,198
25,20,19,217,237,236,428,198
25,24,487
25,20,19,217,8,487
25,24,8,182,487,29
25,24,8,487,29
25,24,487,29
25,20,19,217,8,182,487,29
25,20,19,217,8,487,29
25,24,8,182,487,284
25,24,8,487,284
25,24,487,284
25,20,19,217,8,182,487,284
25,20,19,217,8,487,284
35,36
49,50
49,50,187,191
49,50,191
49,50,187
49,50,297
50,187,191
50,191
50,187
50,297
54,55
54,55,127
54,55,152
54,55,152,153
54,55,336
54,55,470
54,55,477
55,127
55,152
55,152,153
55,336
55,470
55,477
58,59
65,28
85,39
85,39,439,440,295,242
85,39,243,242
85,39,439,440,295,242,243
85,39,243
85,39,439,440,295,242,281
85,39,243,242,281
85,39,439,440,295
85,39,243,242,295
85,39,439,440,295,242,243,391
85,39,243,391
85,39,416
85,39,439
85,39,439,440
85,39,243,242,295,440
85,39,439,440,295,242,243,469
85,39,243,469
85,39,439,440,295,242,243,469,483
85,39,243,469,483
39,439,440,295,242
39,243,242
39,439,440,295,242,243
39,243
39,439,440,295,242,281
39,243,242,281
39,439,440,295
39,243,242,295
39,439,440,295,242,243,391
39,243,391
39,416
39,439
39,439,440
39,243,242,295,440
39,439,440,295,242,243,469
39,243,469
39,439,440,295,242,243,469,483
39,243,469,483
93,83
94,95
94,96,208,97,95
94,96,247,95
94,97,208,96,247,95
94,97,95
94,96
94,97,208,96
94,97,95,247,96
94,14
94,97
94,95,247,96,208
94,95,97,208
94,96,208
94,97,208
94,95,247
94,96,247
94,97,208,96,247
94,97,95,247
94,95,247,96,395,394
94,95,97,208,96,395,394
94,96,395,394
94,97,208,96,395,394
94,97,95,247,96,395,394
94,95,247,96,395
94,95,97,208,96,395
94,96,395
94,97,208,96,395
94,97,95,247,96,395
95,94,96
95,247,96
95,97,94,96
95,97,208,96
95,94,14
95,247,96,94,14
95,247,96,208,97,94,14
95,97,94,14
95,97,208,96,94,14
95,247,96,208,97
95,97
95,94,96,208
95,247,96,208
95,97,208
95,247
95,94,96,395,394
95,247,96,395,394
95,97,94,96,395,394
95,97,208,96,395,394
95,94,96,395
95,247,96,395
95,97,94,96,395
95,97,208,96,395
96,94,14
96,208,97,94,14
96,247,95,97,94,14
96,94,97
96,208,97
96,247,95,97
96,208
96,247
96,395,394
96,395
14,94,97
14,94,95,247,96,208
14,94,95,97,208
14,94,96,208
14,94,97,208
14,94,95,247
14,94,96,247
14,94,97,208,96,247
14,94,97,95,247
14,94,95,247,96,395,394
14,94,95,97,208,96,395,394
14,94,96,395,394
14,94,97,208,96,395,394
14,94,97,95,247,96,395,394
14,94,95,247,96,395
14,94,95,97,208,96,395
14,94,96,395
14,94,97,208,96,395
14,94,97,95,247,96,395
97,208
97,94,96,247
97,208,96,247
97,95,247
97,94,96,395,394
97,208,96,395,394
97,95,247,96,395,394
97,94,96,395
97,208,96,395
97,95,247,96,395
102,103
102,524,283,161,160
102,524,160
102,524,283,161
102,524,160,161
102,524,283
102,524
102,524,437
102,524,31
103,102,524,283,161,160
103,102,524,160
103,102,524,283,161
103,102,524,160,161
103,102,524,283
103,102,524
103,102,524,437
103,102,524,31
107,108
107,109
107,110
107,111
107,33
107,112
108,107,109
108,107,110
108,107,111
108,107,33
108,107,112
109,107,110
109,107,111
109,107,33
109,107,112
110,107,111
110,107,33
110,107,112
111,107,33
111,107,112
33,107,112
116,117
125,126
127,55,152
127,55,152,153
127,55,336
127,55,470
127,55,477
144,145
144,145,462
144,145,512
145,462
145,512
147,148
152,153
152,55,336
152,55,470
152,55,477
153,152,55,336
153,152,55,470
153,152,55,477
157,158
160,161
160,524,283,161
160,161,283
160,524,283
160,524
160,161,283,524,437
160,524,437
160,161,283,524,31
160,524,31
161,283
161,160,524
161,283,524
161,160,524,437
161,283,524,437
161,160,524,31
161,283,524,31
163,164
163,164,409
163,164,310
164,409
164,310
166,167
166,167,418
167,418
169,170
169,13
169,170,505
170,169,13
170,505
13,169,170,505
173,174
173,203
174,173,203
178,179
178,179,335,334
178,179,335
179,335,334
179,335
180,181
180,232
181,180,232
182,8,24,25,20,19,217,216
182,8,217,216
182,487,8,217,216
182,487,24,25,20,19,217,216
182,8,217
182,487,8,217
182,487,24,25,20,19,217
182,8,24,25,20,19,217,237,236
182,8,217,237,236
182,487,8,217,237,236
182,487,24,25,20,19,217,237,236
182,8,24,25,20,19,217,237
182,8,217,237
182,487,8,217,237
182,487,24,25,20,19,217,237
182,8,24,25,20,19,217,354
182,8,217,354
182,487,8,217,354
182,487,24,25,20,19,217,354
182,8,24,25,20,19,217,237,236,428
182,8,217,237,236,428
182,487,8,217,237,236,428
182,487,24,25,20,19,217,237,236,428
182,8,24,25,20,19,217,237,236,428,198
182,8,217,237,236,428,198
182,487,8,217,237,236,428,198
182,487,24,25,20,19,217,237,236,428,198
182,487
182,487,29
182,487,284
188,189
188,189,424
188,189,561
189,424
189,561
191,187
191,187,50,297
191,50,297
187,50,297
193,194
208,96,247
208,97,94,95,247
208,97,95,247
208,96,395,394
208,97,94,95,247,96,395,394
208,97,95,247,96,395,394
208,96,395
208,97,94,95,247,96,395
208,97,95,247,96,395
213,42
216,217
216,217,237,236
216,217,237
216,217,354
216,217,237,236,428
216,217,237,236,428,198
216,217,8,487
216,217,19,20,25,24,487
216,217,8,24,487,29
216,217,8,182,487,29
216,217,8,487,29
216,217,19,20,25,24,8,182,487,29
216,217,19,20,25,24,8,487,29
216,217,19,20,25,24,487,29
216,217,8,24,487,284
216,217,8,182,487,284
216,217,8,487,284
216,217,19,20,25,24,8,182,487,284
216,217,19,20,25,24,8,487,284
216,217,19,20,25,24,487,284
217,237,236
217,237
217,354
217,237,236,428
217,237,236,428,198
217,8,487
217,19,20,25,24,487
217,8,24,487,29
217,8,182,487,29
217,8,487,29
217,19,20,25,24,487,29
217,8,24,487,284
217,8,182,487,284
217,8,487,284
217,19,20,25,24,487,284
218,207
220,221
220,222
220,82
220,223
221,220,222
221,220,82
221,220,223
222,220,82
222,220,223
82,220,223
226,227
234,235
236,237
236,237,217,354
236,428
236,428,198
236,237,217,8,487
236,237,217,19,20,25,24,487
236,237,217,8,24,487,29
236,237,217,8,182,487,29
236,237,217,8,487,29
236,237,217,19,20,25,24,8,182,487,29
236,237,217,19,20,25,24,8,487,29
236,237,217,19,20,25,24,487,29
236,237,217,8,24,487,284
236,237,217,8,182,487,284
236,237,217,8,487,284
236,237,217,19,20,25,24,8,182,487,284
236,237,217,19,20,25,24,8,487,284
236,237,217,19,20,25,24,487,284
237,217,354
237,236,428
237,236,428,198
237,217,8,487
237,217,19,20,25,24,487
237,217,8,24,487,29
237,217,8,182,487,29
237,217,8,487,29
237,217,19,20,25,24,8,182,487,29
237,217,19,20,25,24,8,487,29
237,217,19,20,25,24,487,29
237,217,8,24,487,284
237,217,8,182,487,284
237,217,8,487,284
237,217,19,20,25,24,8,182,487,284
237,217,19,20,25,24,8,487,284
237,217,19,20,25,24,487,284
242,243
242,281
242,295
242,243,391
242,243,39,416
242,295,440,439,39,416
242,243,39,439
242,295,440,439
242,243,39,439,440
242,295,440
242,243,469
242,243,469,483
243,242,281
243,39,439,440,295,242,281
243,242,295
243,39,439,440,295
243,391
243,242,295,440,439,39,416
243,39,416
243,242,295,440,439
243,39,439
243,242,295,440
243,39,439,440
243,469
243,469,483
247,96,395,394
247,96,395
257,258
257,401,258
257,401
257,258,401,402
257,258,401,403,402
257,401,402
257,401,403,402
257,258,401,286
257,401,286
257,258,401,403
257,401,403
258,401
258,401,402
258,401,403,402
258,401,286
258,401,403
265,129
267,268
267,269
267,270
268,267,269
268,267,270
269,267,270
280,114
281,242,295
281,242,243,391
281,242,295,440,439,39,243,391
281,242,243,39,416
281,242,295,440,439,39,416
281,242,243,39,439
281,242,295,440,439
281,242,243,39,439,440
281,242,295,440
281,242,243,469
281,242,295,440,439,39,243,469
281,242,243,469,483
281,242,295,440,439,39,243,469,483
283,524
283,524,437
283,524,31
288,289
291,292
291,293
291,362
291,443
291,528
292,291,293
292,291,362
292,291,443
292,291,528
293,291,362
293,291,443
293,291,528
295,242,243,391
295,440,439,39,243,391
295,242,243,39,416
295,440,439,39,416
295,242,243,39,439
295,440,439
295,440
295,242,243,469
295,440,439,39,243,469
295,242,243,469,483
295,440,439,39,243,469,483
296,38
296,318
38,296,318
306,307
306,421
307,306,421
330,331
330,331,396
331,396
334,335
336,55,470
336,55,477
349,350
351,352
351,326
351,352,361
352,351,326
352,361
326,351,352,361
362,291,443
362,291,528
365,366
374,77
380,381
380,382
380,383
380,176
381,380,382
381,380,383
381,380,176
382,380,383
382,380,176
383,380,176
391,243,242,295,440,439,39,416
391,243,39,416
391,243,242,295,440,439
391,243,39,439
391,243,242,295,440
391,243,39,439,440
391,243,469
391,243,469,483
394,395
400,275
401,402
401,403,402
401,286
401,403
402,401,286
402,403,401,286
402,403
286,401,403
409,164,310
414,415
416,39,439
416,39,439,440
416,39,243,242,295,440
416,39,439,440,295,242,243,469
416,39,243,469
416,39,439,440,295,242,243,469,483
416,39,243,469,483
354,217,237,236,428
354,217,237,236,428,198
354,217,8,487
354,217,19,20,25,24,487
354,217,8,24,487,29
354,217,8,182,487,29
354,217,8,487,29
354,217,19,20,25,24,8,182,487,29
354,217,19,20,25,24,8,487,29
354,217,19,20,25,24,487,29
354,217,8,24,487,284
354,217,8,182,487,284
354,217,8,487,284
354,217,19,20,25,24,8,182,487,284
354,217,19,20,25,24,8,487,284
354,217,19,20,25,24,487,284
424,189,561
428,198
428,236,237,217,8,487
428,236,237,217,19,20,25,24,487
428,236,237,217,8,24,487,29
428,236,237,217,8,182,487,29
428,236,237,217,8,487,29
428,236,237,217,19,20,25,24,8,182,487,29
428,236,237,217,19,20,25,24,8,487,29
428,236,237,217,19,20,25,24,487,29
428,236,237,217,8,24,487,284
428,236,237,217,8,182,487,284
428,236,237,217,8,487,284
428,236,237,217,19,20,25,24,8,182,487,284
428,236,237,217,19,20,25,24,8,487,284
428,236,237,217,19,20,25,24,487,284
198,428,236,237,217,8,487
198,428,236,237,217,19,20,25,24,487
198,428,236,237,217,8,24,487,29
198,428,236,237,217,8,182,487,29
198,428,236,237,217,8,487,29
198,428,236,237,217,19,20,25,24,8,182,487,29
198,428,236,237,217,19,20,25,24,8,487,29
198,428,236,237,217,19,20,25,24,487,29
198,428,236,237,217,8,24,487,284
198,428,236,237,217,8,182,487,284
198,428,236,237,217,8,487,284
198,428,236,237,217,19,20,25,24,8,182,487,284
198,428,236,237,217,19,20,25,24,8,487,284
198,428,236,237,217,19,20,25,24,487,284
433,104
439,440
439,440,295,242,243,469
439,39,243,469
439,440,295,242,243,469,483
439,39,243,469,483
440,439,39,243,469
440,295,242,243,469
440,439,39,243,469,483
440,295,242,243,469,483
441,46
443,291,528
449,78
454,228
454,228,499
228,499
462,145,512
465,407
469,483
470,55,477
476,337
486,445
487,29
487,284
29,487,284
488,136
509,186
521,51
524,437
524,31
437,524,31
537,538
537,538,37
537,538,525
538,37
538,525
548,272
37,538,525
