[1139, 341]
[2013, 2014]
[788, 1889]
[1762, 205]
[1055, 192]
[27, 301]
[371, 1186]
[1242, 117]
[1213, 886]
[78, 2102]
[723, 556]
[70, 358]
[112, 455]
[648, 649]
[54, 55]
[1295, 479]
[2135, 1262]
[514, 654]
[2034, 1009]
[193, 194]
[1001, 200]
[692, 1755]
[276, 1728]
[185, 1080]
[15, 837]
[424, 2413]
[713, 2088]
[1450, 294]
[2079, 192]
[2188, 2189]
[1638, 780]
[2003, 22]
[62, 1016]
[142, 414]
[29, 358]
[190, 775]
[1719, 545]
[685, 1219]
[373, 823]
[793, 192]
[1788, 425]
[728, 730]
[827, 41]
[1733, 1734]
[153, 1243]
[817, 517]
[396, 524]
[618, 28]
[149, 1104]
[287, 288]
[1985, 192]
[827, 320]
[33, 1487]
[328, 455]
[278, 1343]
[632, 1934]
[359, 700]
[728, 731]
[3, 2165]
[2080, 72]
[784, 234]
[44, 500]
[233, 602]
[2676, 1264]
[25, 1434, 0]
[585, 586]
[1375, 1376]
[2655, 559]
[54, 310]
[1704, 731]
[567, 318]
[2233, 2234]
[732, 733]
[936, 2002]
[2419, 3]
[1441, 337]
[1864, 81]
[989, 393]
[219, 2487]
[127, 1]
[1000, 835]
[1637, 2036]
[340, 479]
[1704, 730]
[1009, 981]
[264, 1382]
[851, 2139]
[127, 2]
[1368, 654]
[2498, 1866]
[874, 1187]
[1217, 201]
[112, 329]
[2255, 2104]
[966, 1590]
[140, 141]
[1276, 1660]
[709, 305]
[76, 2]
[548, 326]
[2526, 564]
[1267, 969]
[1604, 540]
[851, 1377]
[54, 2088]
[95, 2216]
[1517, 117]
[2153, 2251]
[585, 1033]
[671, 1304]
[1537, 2286]
[340, 341]
[371, 2073]
[1293, 1294]
[2182, 1777]
[1130, 638]
[422, 2440]
[151, 192]
[86, 320]
[584, 774]
[62, 1143]
[904, 1797]
[333, 268]
[1680, 500]
[506, 507]
[1844, 32]
[2074, 674]
[1042, 1043]
[339, 55]
[1637, 366]
[1042, 89]
[151, 1140]
[2546, 2547]
[2071, 2171]
[1833, 242]
[696, 697]
[1867, 1868]
[2151, 2152]
[2659, 1281]
[1397, 1735]
[102, 200]
[1131, 1711]
[25, 26, 108]
[208, 209]
[570, 154]
[1482, 487]
[1144, 1466]
[2560, 2561]
[1869, 1223]
[258, 2342]
[1869, 37]
[1167, 823]
[2118, 1946]
[42, 401]
[2080, 73]
[1437, 1438]
[874, 1104]
[1610, 1736]
[1159, 1104]
[819, 122]
[665, 101]
[77, 2115]
[2003, 2004]
[1250, 624]
[728, 1270]
[348, 1887]
[78, 1033]
[2059, 82]
[777, 152]
[648, 1516]
[713, 127]
[681, 83]
[15, 965]
[55, 250]
[1011, 1888]
[13, 14]
[249, 55]
[1139, 479]
[95, 598]
[1400, 629]
[321, 797]
[177, 154]
[1576, 1914]
[626, 627]
[768, 809]
[60, 1215]
[453, 386]
[2662, 1475]
[1090, 315]
[1438, 2574]
[1962, 538]
[31, 18]
[1163, 146]
[365, 753]
[1263, 1117]
[448, 394]
[836, 154]
[2193, 2668]
[972, 973]
[464, 1579]
[1113, 250]
[1046, 3]
[553, 2341]
[584, 1798]
[2011, 500]
[728, 1271]
[791, 271]
[856, 611]
[777, 57]
[594, 761]
[496, 497]
[356, 759]
[1154, 137]
[408, 409]
[323, 324]
[1404, 66]
[1135, 500]
[1107, 155]
[297, 89]
[1234, 1636]
[2310, 2077]
[328, 451]
[358, 1590]
[1679, 356]
[866, 557]
[719, 417]
[95, 2037]
[247, 1268]
[773, 624]
[315, 1872]
[1457, 1458]
[1066, 336]
[739, 82]
[15, 214]
[278, 462]
[433, 1421]
[1575, 1576]
[951, 1424]
[1262, 530]
[291, 292]
[567, 271]
[773, 623]
[1005, 2369]
[1448, 2276]
[1708, 1709]
[60, 372]
[113, 61]
[250, 455]
[788, 2333]
[1180, 1181]
[2243, 2244]
[1754, 1092]
[504, 1289]
[1537, 1309]
[1890, 1777]
[1261, 493]
[151, 421]
[116, 774]
[1549, 18]
[1451, 2049]
[1489, 1823]
[344, 1061]
[1222, 18]
[2319, 1328]
[576, 577]
[805, 806, 220]
[908, 83]
[657, 658]
[76, 77]
[1055, 57]
[350, 59]
[2557, 203]
[1491, 1561]
[102, 55]
[853, 272, 273, 39]
[1040, 425]
[140, 325]
[1531, 1382]
[936, 1994]
[568, 569]
[728, 1278]
[1901, 559]
[1928, 1929]
[603, 261]
[625, 18]
[2226, 174]
[1799, 73]
[280, 545]
[1065, 1948]
[1062, 1900]
[76, 468]
[653, 1644]
[33, 2549]
[966, 1327]
[553, 1284]
[584, 478]
[1605, 1606]
[0, 137]
[576, 578]
[433, 766]
[698, 2031]
[680, 649]
[1210, 1211]
[315, 2633]
[33, 184]
[452, 18]
[1206, 548]
[1020, 1343]
[55, 83]
[367, 368]
[1107, 1637]
[1406, 22]
[250, 329]
[501, 55]
[537, 538]
[1803, 584]
[2346, 512]
[1406, 1223]
[151, 684]
[1502, 1503]
[451, 455]
[1793, 1381]
[1231, 1666]
[1532, 1856]
[113, 2514]
[1237, 1238]
[526, 421]
[50, 1817]
[874, 875]
[2095, 586]
[1894, 1420]
[2126, 2127]
[153, 154]
[2172, 2173]
[792, 861]
[1410, 389]
[1026, 122]
[1109, 2456]
[632, 2340]
[526, 684]
[1019, 59]
[786, 459]
[255, 2697]
[17, 326]
[982, 59]
[251, 252]
[514, 476]
[2466, 1061]
[2136, 1991]
[791, 318]
[42, 1687]
[1222, 1640]
[1037, 2424]
[642, 2531]
[145, 146]
[46, 859]
[1055, 1140]
[1180, 2257]
[247, 248]
[974, 271]
[1314, 393]
[1038, 1039]
[162, 163]
[328, 329]
[1795, 146]
[2338, 2254]
[793, 421]
[243, 244]
[1366, 1958]
[1416, 1417]
[1125, 157]
[980, 242]
[1704, 729]
[445, 2081]
[653, 590]
[1360, 1707]
[713, 55]
[896, 897]
[321, 1251]
[1020, 279]
[1087, 69]
[30, 275]
[1378, 952]
[966, 262]
[2177, 2178]
[1799, 72]
[130, 334]
[60, 2365]
[2289, 89]
[181, 2]
[1690, 393]
[497, 953]
[1425, 2201]
[1638, 1384]
[1704, 728]
[66, 1964]
[204, 809]
[2245, 1148]
[451, 329]
[83, 1508]
[1841, 572]
[337, 338]
[1906, 374]
[1467, 1468]
[378, 1409]
[547, 968]
[647, 41]
[95, 942]
[681, 2]
[876, 835]
[966, 572]
[1012, 310]
[64, 1243]
[2655, 564]
[1646, 1647]
[115, 407]
[785, 347]
[2096, 2097]
[1200, 1201]
[681, 1]
[346, 459]
[1107, 1458]
[849, 2105]
[371, 372]
[1692, 1693]
[1529, 801]
[330, 185]
[716, 2409]
[746, 133]
[785, 786]
[1048, 1223]
[2630, 507]
[5, 6]
[1931, 649]
[1267, 1279]
[325, 859]
[136, 137]
[2324, 564]
[1668, 1669]
[128, 129]
[346, 458]
[456, 457]
[793, 684]
[420, 1140]
[448, 449]
[685, 1216]
[2503, 1324, 1325, 39]
[363, 364]
[876, 723]
[2448, 2010]
[1014, 369]
[102, 525]
[860, 861]
[78, 1352]
[340, 664]
[1778, 624]
[111, 82]
[817, 659]
[1287, 1672]
[274, 275]
[1231, 1354]
[1136, 1123]
[1554, 41]
[1157, 83]
[60, 1291]
[799, 80]
[1984, 24]
[78, 1353]
[213, 133]
[1891, 318]
[1301, 561]
[309, 144]
[90, 2272]
[829, 1128]
[1389, 995]
[365, 154]
[191, 57]
[1272, 830]
[1577, 721]
[267, 654]
[46, 47]
[62, 63]
[1053, 1820]
[516, 124]
[1212, 341]
[728, 1280]
[249, 181]
[420, 684]
[1590, 572]
[365, 947]
[1804, 254]
[954, 955]
[661, 662]
[235, 468]
[25, 329]
[398, 765]
[1710, 823]
[1197, 1198]
[2692, 2097]
[849, 2043]
[1105, 57]
[1699, 214]
[2136, 920]
[2615, 771]
[460, 455]
[500, 24]
[640, 1654]
[1119, 2031]
[844, 845]
[1229, 999]
[2085, 1074]
[45, 122]
[129, 1796, 1024]
[2059, 77]
[2347, 1760]
[2524, 24]
[1042, 1536]
[371, 1700]
[228, 2264]
[315, 2299]
[56, 421]
[174, 59]
[232, 127]
[1319, 301]
[1028, 968]
[452, 124]
[1936, 479]
[793, 996]
[906, 2232]
[86, 41]
[181, 1]
[1188, 59]
[515, 952]
[282, 82]
[2094, 2323]
[182, 941]
[640, 1349]
[420, 421]
[422, 1978]
[1549, 32]
[961, 906]
[180, 181]
[406, 279]
[153, 1670]
[2578, 2262]
[781, 1208]
[1014, 1224]
[1627, 1628]
[2497, 1074]
[136, 82]
[542, 964]
[514, 515]
[824, 250]
[45, 6]
[384, 250]
[1655, 1256]
[1639, 18]
[740, 32]
[584, 2564]
[1218, 2295]
[2652, 2653]
[204, 2640]
[1600, 1601]
[50, 1]
[1094, 523]
[1105, 421]
[989, 1812]
[2471, 991]
[2275, 89]
[892, 281]
[132, 133]
[1204, 1550]
[348, 261]
[2479, 2480]
[407, 2]
[553, 1265]
[421, 1117]
[1030, 301]
[728, 72]
[1264, 895]
[64, 261]
[54, 451]
[584, 1672]
[2525, 591]
[823, 861]
[50, 904]
[116, 1421]
[1306, 305]
[846, 4]
[685, 1824]
[546, 479]
[1936, 341]
[332, 333]
[651, 368]
[384, 127]
[1228, 83]
[795, 968]
[2584, 2502, 337]
[780, 32]
[1785, 1786]
[526, 192]
[963, 24]
[232, 250]
[772, 2]
[1177, 624]
[2571, 2572]
[940, 1440]
[82, 995]
[2140, 2141]
[2445, 723]
[795, 172]
[1532, 1691]
[433, 753]
[2168, 2169]
[270, 414]
[199, 525]
[1493, 261]
[1168, 1078]
[203, 71]
[1879, 24]
[17, 1104]
[926, 18]
[45, 24]
[1538, 479]
[718, 141]
[2650, 120]
[60, 221]
[1285, 1873]
[1031, 301]
[1163, 463]
[2226, 1104]
[4, 2314]
[501, 310]
[276, 1253]
[230, 154]
[728, 73]
[1407, 1408]
[357, 1461]
[522, 409]
[1448, 1449]
[1498, 1128]
[1042, 771]
[1242, 1243]
[407, 615]
[463, 30]
[1144, 1145]
[50, 377]
[2377, 1418]
[546, 341]
[54, 144]
[936, 1979]
[1042, 336]
[936, 2078]
[535, 883]
[97, 540]
[1380, 1381]
[103, 83]
[33, 2300]
[923, 28]
[774, 366]
[50, 112]
[1282, 1283]
[236, 828]
[1952, 192]
[974, 318]
[236, 1562]
[576, 614]
[1194, 205]
[2491, 835]
[836, 1243]
[943, 122]
[109, 110]
[982, 1640]
[1275, 1221]
[315, 316]
[116, 1245]
[1891, 271]
[713, 310]
[966, 889]
[132, 16]
[2377, 1415]
[2208, 2209]
[750, 624]
[441, 1889]
[184, 185]
[356, 691]
[2239, 1223]
[724, 479]
[140, 1593]
[2661, 59]
[2147, 2458]
[1807, 968]
[822, 823]
[1242, 1061]
[1815, 18]
[255, 1371]
[80, 81]
[1788, 380]
[1452, 320]
[1936, 1177]
[1144, 1315]
[914, 2309]
[50, 1164]
[911, 912]
[140, 334]
[78, 2062]
[267, 2186]
[325, 861]
[1511, 809]
[247, 1279]
[1107, 1883]
[280, 538]
[56, 192]
[278, 279]
[126, 137]
[899, 900]
[644, 2014]
[1105, 192]
[1980, 1033]
[696, 2686]
[1062, 1077]
[2311, 2537]
[573, 250]
[133, 965]
[385, 131]
[1961, 1134]
[439, 440]
[388, 341]
[1704, 1396]
[746, 759]
[140, 771]
[984, 1611]
[228, 2566]
[356, 387]
[1910, 1140]
[2080, 69]
[713, 451]
[197, 394]
[1435, 178]
[1115, 1116]
[1048, 638]
[650, 16]
[1073, 2384]
[233, 2130]
[819, 1620]
[847, 1189]
[65, 178]
[570, 1243]
[2106, 2107]
[2377, 1419]
[1997, 73]
[1026, 2086]
[1353, 114]
[1204, 1380]
[452, 28]
[202, 1598]
[208, 18]
[1355, 1356]
[62, 2281]
[626, 925]
[1997, 72]
[1688, 1415]
[1319, 382]
[1118, 624]
[464, 2468]
[872, 873, 1074]
[660, 218]
[1055, 794]
[846, 1068]
[756, 356]
[1065, 1959]
[825, 826]
[903, 220]
[1688, 1418]
[2623, 986]
[1196, 73]
[450, 2088]
[1504, 649]
[1732, 1436]
[2039, 580]
[113, 762]
[55, 103]
[371, 2553]
[314, 1503]
[1377, 479]
[5, 122]
[847, 1849]
[1688, 1419]
[1932, 1933]
[795, 1707]
[1196, 72]
[2335, 347]
[912, 521]
[2193, 2194]
[670, 468]
[644, 1387]
[879, 880]
[113, 630]
[713, 144]
[153, 1061]
[202, 203]
[136, 250]
[463, 39]
[278, 322]
[461, 279]
[78, 431]
[1988, 638]
[78, 1215]
[573, 127]
[207, 89]
[681, 329]
[1555, 668]
[1679, 59]
[626, 2358]
[637, 1223]
[1390, 83]
[510, 511]
[1252, 1185]
[1795, 463]
[874, 757]
[404, 405]
[1530, 382]
[820, 821]
[1680, 45]
[2225, 2086]
[90, 2636]
[475, 138]
[1991, 841]
[113, 1015]
[1815, 861]
[524, 761]
[665, 830]
[2526, 559]
[710, 711]
[403, 356]
[268, 952]
[208, 16]
[936, 2435]
[1302, 1303]
[267, 952]
[1901, 564]
[76, 82]
[350, 214]
[621, 622]
[1394, 981]
[557, 1964]
[1200, 1476]
[2147, 2148]
[514, 1644]
[808, 809]
[631, 124]
[646, 18]
[17, 18]
[847, 2606]
[2657, 288]
[1052, 1965]
[145, 463]
[1030, 382]
[371, 61]
[260, 250]
[499, 500]
[1031, 382]
[631, 301]
[2292, 1833]
[795, 71]
[1125, 18]
[1065, 2541]
[2602, 1415]
[1314, 1315]
[2144, 656]
[78, 383]
[437, 18]
[859, 1104]
[1012, 455]
[1369, 624]
[100, 1637]
[2205, 305]
[2063, 2064]
[2495, 560]
[76, 83]
[25, 451]
[1678, 1074]
[1051, 1052]
[0, 250]
[2644, 434]
[788, 442]
[2602, 1418]
[604, 605]
[181, 328]
[1044, 2049]
[689, 1853]
[847, 1403]
[2469, 2234]
[716, 1500]
[195, 485]
[1093, 968]
[5, 1409]
[2602, 1419]
[2052, 478]
[1471, 1061]
[1351, 246]
[1450, 6]
[1707, 889]
[418, 1477]
[2166, 61]
[74, 125]
[1748, 1087]
[233, 2312]
[1005, 205]
[2576, 914]
[857, 611]
[381, 1221]
[11, 790]
[428, 886]
[397, 398]
[576, 2359]
[406, 462]
[1327, 572]
[446, 1678]
[713, 417]
[665, 380]
[533, 534]
[389, 242]
[461, 734]
[1621, 2123]
[1748, 1749]
[2689, 1870, 972]
[118, 2291]
[60, 1724]
[1845, 436]
[1075, 2398]
[1714, 1715]
[696, 2087]
[70, 71]
[199, 200]
[1228, 235]
[1046, 565, 4]
[350, 133]
[1458, 395, 101]
[2052, 366]
[78, 1015]
[2240, 1598]
[2370, 2582]
[204, 2431]
[1570, 1571]
[1493, 1243]
[501, 362, 108]
[1239, 205]
[1139, 368]
[1877, 624]
[2012, 462]
[1172, 2404]
[866, 1259]
[422, 2374]
[1404, 2473]
[2149, 1245]
[313, 314]
[54, 775]
[381, 382]
[208, 2200]
[2028, 2029]
[33, 1112]
[418, 419]
[2568, 2569]
[208, 356]
[1644, 427]
[2393, 2394]
[1779, 1685]
[1207, 1705]
[1155, 22]
[1137, 2366]
[371, 221]
[1295, 981]
[1653, 380]
[100, 1108]
[1310, 2093]
[1396, 1280]
[1219, 2405]
[920, 1422]
[2641, 2642]
[2684, 24]
[100, 2306]
[1234, 2677]
[962, 30]
[166, 20]
[134, 28]
[714, 2]
[309, 137]
[1988, 22]
[100, 964]
[323, 471]
[432, 181]
[230, 1243]
[392, 835]
[17, 1640]
[1532, 2333]
[446, 106]
[57, 192]
[2345, 1624]
[1604, 214]
[332, 653]
[547, 275]
[102, 764, 83]
[1828, 146]
[1113, 103]
[238, 2027]
[978, 580]
[1538, 839]
[1479, 1480]
[539, 387]
[2211, 2212]
[339, 137]
[1124, 559]
[83, 310]
[1896, 1897]
[60, 431]
[464, 818]
[1036, 1037]
[478, 559]
[750, 2034]
[836, 261]
[1489, 2477]
[1726, 606]
[573, 55]
[2261, 1176]
[115, 468]
[2437, 1851]
[781, 2320]
[2060, 2061]
[113, 591]
[1133, 1134]
[1924, 1925]
[2396, 2397]
[1136, 638]
[815, 2619]
[1452, 87]
[1460, 261]
[309, 310]
[213, 214]
[1024, 1226]
[371, 2629]
[450, 451]
[2552, 1343]
[2206, 708]
[2161, 953]
[270, 318]
[1397, 2603]
[775, 127]
[422, 2114]
[1202, 414]
[747, 748]
[642, 643]
[603, 543]
[182, 292]
[588, 1848]
[204, 205]
[480, 325]
[570, 178]
[1400, 382]
[1317, 28]
[1780, 28]
[300, 517]
[445, 299]
[1594, 387]
[849, 850]
[95, 221]
[1811, 32]
[544, 545]
[151, 1033]
[319, 71]
[1187, 205]
[190, 407]
[359, 1787, 245, 246]
[1003, 37]
[2530, 69]
[1997, 69]
[448, 198]
[1057, 1058]
[2108, 305]
[1321, 324]
[255, 2056]
[424, 425]
[1616, 380]
[2485, 1955]
[653, 654]
[713, 103]
[795, 1835]
[603, 2131]
[646, 218]
[1717, 1718]
[2248, 2249]
[166, 1243]
[78, 327]
[2266, 843]
[78, 630]
[736, 737]
[392, 485]
[800, 801]
[1604, 2626]
[657, 809]
[371, 2092]
[40, 87]
[230, 366]
[2149, 1421]
[501, 127]
[874, 1562]
[446, 2400, 1074]
[481, 1104]
[177, 178]
[619, 382]
[923, 301]
[644, 645]
[1861, 301]
[29, 70]
[1262, 1767]
[817, 358]
[2311, 22]
[2283, 2284]
[433, 434]
[1196, 69]
[715, 112]
[2654, 944]
[2076, 2077]
[1547, 1693]
[461, 910]
[0, 329]
[1218, 1439]
[1296, 1297, 165]
[332, 476]
[104, 105]
[230, 231]
[1169, 490]
[64, 65]
[851, 624]
[2599, 2600]
[89, 59]
[849, 2656]
[163, 167]
[1314, 1145]
[408, 523]
[1476, 458]
[817, 1707]
[369, 1047]
[210, 70]
[267, 590]
[371, 1129]
[76, 137]
[464, 2016]
[792, 18]
[836, 2154]
[958, 959]
[46, 1122]
[25, 398]
[824, 2]
[151, 2103]
[1442, 1443]
[357, 30]
[369, 808]
[874, 1559]
[1789, 421]
[1275, 301]
[1697, 1698]
[1212, 624]
[435, 436]
[2545, 1384]
[2567, 2231]
[1320, 2501]
[856, 857]
[2616, 1328]
[592, 593]
[1474, 1822]
[1755, 39]
[190, 719]
[1311, 658]
[1008, 638]
[68, 69]
[118, 119]
[728, 69]
[1125, 312]
[650, 743]
[466, 467]
[1081, 638]
[1034, 1035, 1650, 39]
[864, 865]
[348, 366]
[1009, 341]
[138, 1381]
[533, 2436]
[2330, 425]
[2167, 22]
[2601, 1524]
[1854, 1693]
[438, 2228]
[675, 580]
[1029, 1030]
[2373, 723]
[840, 2637]
[1021, 82]
[678, 679]
[76, 55]
[1287, 927]
[742, 351]
[2602, 1420]
[866, 1382]
[603, 1243]
[348, 231]
[2670, 24]
[2058, 1348]
[1038, 2349]
[909, 59]
[151, 57]
[594, 2361]
[2322, 1321]
[2161, 1436]
[350, 759]
[2575, 76]
[492, 493]
[263, 1731]
[2192, 73]
[1038, 1892]
[694, 0]
[844, 809]
[1018, 797]
[1281, 137]
[1320, 471]
[696, 1232]
[330, 1126]
[1285, 2464]
[655, 656]
[1756, 1134]
[460, 407]
[2192, 72]
[1154, 250]
[1366, 1367]
[1803, 561]
[335, 557]
[78, 1578]
[1350, 214]
[140, 89]
[1203, 178]
[174, 326]
[255, 256]
[929, 930]
[849, 2478]
[411, 1886]
[628, 301]
[557, 1731]
[756, 691]
[100, 1840]
[357, 358]
[190, 103]
[461, 1428]
[1220, 24]
[2217, 2218]
[217, 2265]
[100, 483]
[751, 2104]
[1816, 18]
[238, 239]
[255, 89]
[25, 310]
[433, 261]
[984, 1533]
[2331, 288]
[23, 6]
[1945, 1946]
[998, 999]
[1932, 510]
[1936, 624]
[76, 398]
[330, 1875]
[263, 264]
[1038, 2213]
[1113, 82]
[1572, 320]
[253, 1195]
[27, 28]
[750, 368]
[795, 358]
[1119, 699]
[1308, 1309]
[584, 1944]
[623, 479]
[186, 2125]
[1932, 511]
[1107, 665]
[1916, 1917]
[1014, 205]
[573, 1508]
[1539, 59]
[1149, 1150]
[397, 127]
[333, 427]
[458, 459]
[228, 2570]
[2091, 419]
[1012, 1817]
[78, 152]
[741, 22]
[464, 465]
[77, 179]
[1066, 1382]
[406, 322]
[1783, 1784]
[451, 83]
[778, 779]
[1474, 1475]
[235, 83]
[396, 2]
[1905, 1078]
[1498, 72]
[1425, 2222]
[481, 482]
[332, 514]
[1438, 1963]
[2124, 1328]
[793, 794]
[129, 1226]
[527, 59]
[1327, 889]
[542, 178]
[235, 329]
[236, 787]
[1091, 1092]
[2651, 214]
[2256, 205]
[163, 1243]
[5, 24]
[332, 515]
[396, 1]
[62, 1950]
[2475, 205]
[418, 1909]
[311, 59]
[833, 41]
[989, 1777]
[681, 468]
[1460, 561]
[473, 474]
[1407, 1454]
[558, 559]
[1084, 1085]
[977, 1618]
[1677, 158]
[599, 613]
[1813, 1814]
[2406, 1428]
[1360, 1461]
[2140, 649]
[815, 2316]
[1525, 382]
[1360, 70]
[270, 271]
[78, 591]
[355, 356]
[923, 382]
[1009, 479]
[2507, 199]
[1498, 73]
[2322, 324]
[1790, 1791]
[396, 677]
[1630, 1316]
[475, 2143]
[2153, 325]
[746, 16]
[581, 2490]
[191, 152]
[2373, 485]
[2279, 103]
[253, 254]
[441, 595]
[2203, 2204]
[1941, 82]
[1699, 454]
[1250, 368]
[1862, 820]
[211, 212]
[208, 214]
[212, 611]
[2583, 414]
[113, 1706]
[113, 1839]
[358, 71]
[102, 417]
[1531, 1731]
[1605, 2534]
[333, 606]
[95, 296]
[136, 1290]
[670, 407]
[335, 1964]
[1805, 548]
[621, 1989]
[95, 1750]
[2610, 1092]
[504, 505]
[2508, 1777]
[363, 2682]
[365, 261]
[1435, 1826]
[142, 318]
[2511, 1970]
[278, 734]
[1327, 692]
[1610, 22]
[249, 83]
[374, 1683]
[2429, 2430]
[1722, 1723]
[253, 2395]
[1097, 119]
[481, 236]
[1789, 192]
[371, 475]
[247, 969]
[1012, 1]
[1262, 84, 85]
[21, 22]
[90, 2290]
[98, 99]
[888, 366]
[1062, 89]
[371, 1724]
[413, 2620]
[113, 296]
[788, 1834]
[1260, 572]
[450, 310]
[1604, 2020]
[616, 649]
[485, 1078]
[339, 127]
[861, 59]
[190, 417]
[567, 414]
[665, 72]
[413, 318]
[1504, 2294]
[1368, 427]
[1005, 2481]
[1517, 478]
[1517, 345]
[544, 538]
[555, 835]
[1038, 2285]
[2313, 835]
[2499, 1609, 1497, 39]
[1193, 1033]
[2504, 172]
[546, 981]
[781, 782]
[249, 82]
[856, 227]
[396, 407]
[217, 2263]
[948, 30]
[2645, 2245]
[1686, 586]
[309, 127]
[825, 1553]
[1053, 2519]
[109, 882]
[898, 264]
[2010, 649]
[1998, 1999]
[735, 181]
[42, 43, 201]
[1498, 1499]
[190, 55]
[217, 218]
[1547, 2006]
[560, 467]
[1003, 22]
[847, 1158]
[1576, 436]
[142, 271]
[928, 28]
[1031, 28]
[2356, 2357]
[236, 2219]
[1714, 2614]
[1249, 1087]
[537, 545]
[781, 2597]
[278, 910]
[715, 127]
[58, 17]
[40, 320]
[819, 6]
[644, 2688]
[298, 727]
[1570, 1608]
[847, 988]
[1370, 200]
[102, 103]
[413, 271]
[926, 218]
[644, 1792]
[123, 124]
[97, 214]
[769, 72]
[1770, 124]
[1396, 1270]
[1010, 703]
[2373, 835]
[1044, 784]
[2385, 2386]
[2298, 2443]
[76, 329]
[95, 475]
[769, 73]
[610, 227]
[158, 159]
[1404, 2227]
[1396, 1271]
[651, 479]
[1595, 288]
[417, 83]
[106, 107]
[230, 178]
[76, 502]
[1370, 642]
[1774, 24]
[480, 1501]
[1913, 1914]
[2155, 1476]
[339, 250]
[173, 498]
[739, 181]
[1218, 1689]
[1596, 1420]
[2410, 2411]
[446, 1629, 1074]
[1942, 22]
[1493, 154]
[78, 1022]
[1275, 382]
[1178, 1179]
[321, 410]
[445, 2179]
[1160, 1683]
[82, 407]
[1231, 969]
[175, 176]
[100, 665]
[2019, 1460]
[890, 89]
[78, 1023]
[113, 475]
[728, 729]
[50, 51]
[1372, 586]
[666, 6]
[121, 122]
[2426, 2427]
[241, 839]
[847, 2354]
[642, 525]
[1213, 234]
[980, 981]
[109, 269]
[181, 250]
[2236, 1420]
[15, 59]
[93, 336]
[1552, 1553]
[1858, 444]
[854, 855]
[182, 1464]
[542, 543]
[1267, 1268]
[597, 24]
[715, 250]
[917, 108]
[2007, 2008]
[2690, 1777]
[668, 2099]
[1451, 2120]
[25, 1713]
[628, 28]
[489, 490]
[508, 509]
[780, 18]
[1050, 692]
[311, 157]
[319, 1327]
[760, 624]
[359, 2394]
[1425, 2364]
[720, 721]
[2678, 1162]
[2445, 1690]
[1857, 960]
[9, 10]
[1431, 1432]
[526, 57]
[665, 69]
[1659, 859]
[1926, 1736]
[707, 708]
[1594, 540]
[2530, 72]
[1087, 72]
[1396, 1278]
[725, 1264]
[2303, 6]
[1070, 1071]
[0, 451]
[27, 382]
[1770, 382]
[48, 1832]
[581, 482]
[19, 178]
[233, 2591]
[1683, 861]
[769, 69]
[2628, 921]
[1318, 1373]
[1107, 964]
[25, 250]
[113, 1215]
[2530, 73]
[1087, 73]
[422, 884]
[1246, 1247, 220]
[65, 154]
[1242, 1703]
[2296, 2297]
[165, 811]
[193, 2693]
[1251, 322]
[1695, 938]
[2079, 57]
[2387, 1033]
[464, 1682]
[439, 552]
[1459, 561]
[651, 341]
[371, 2446]
[979, 1223]
[817, 30]
[1843, 87]
[1691, 1611]
[587, 1527]
[844, 288]
[182, 1166]
[1292, 1436]
[1242, 154]
[102, 235]
[392, 1078]
[2136, 2328]
[306, 218]
[113, 1960]
[109, 1712]
[450, 55]
[202, 358]
[619, 124]
[433, 863]
[1295, 839]
[738, 18]
[2618, 366]
[713, 917]
[291, 941]
[2565, 2380]
[890, 1470]
[186, 2617]
[100, 101]
[19, 20]
[1031, 1221]
[1390, 127]
[2578, 1176]
[260, 103]
[644, 2562]
[499, 23]
[1657, 41]
[2293, 2294]
[948, 146]
[1032, 586]
[257, 18]
[1783, 1844]
[1097, 2291]
[460, 1164]
[840, 200]
[163, 154]
[2079, 421]
[1065, 2253]
[50, 2121]
[587, 1526]
[1505, 2367]
[795, 2048]
[499, 24]
[1233, 960]
[584, 261]
[663, 1136]
[92, 87]
[217, 2254]
[1825, 3]
[1171, 877]
[566, 200]
[208, 351]
[140, 131]
[2604, 205]
[15, 351]
[1990, 1092]
[722, 723]
[113, 2673]
[558, 564]
[1573, 487]
[787, 200]
[1041, 71]
[844, 205]
[473, 152]
[1373, 548]
[1659, 548]
[1192, 809]
[1404, 2042]
[337, 1201]
[1323, 616]
[1966, 1967]
[1318, 1062]
[1532, 1889]
[2402, 2403]
[632, 146]
[792, 326]
[1314, 1466]
[1114, 467]
[791, 414]
[1846, 1736]
[95, 2280]
[480, 17]
[473, 18]
[1604, 965]
[2486, 2580]
[1574, 59]
[451, 407]
[371, 296]
[1780, 1221]
[467, 1558]
[190, 112]
[344, 117]
[280, 290]
[140, 268]
[2282, 1423]
[23, 122]
[1065, 2698]
[553, 1775]
[1450, 789]
[233, 884]
[1320, 1551]
[1861, 382]
[619, 301]
[330, 701]
[1843, 320]
[1811, 18]
[250, 83]
[267, 1146]
[1859, 832]
[599, 600]
[359, 360]
[97, 2694]
[893, 664]
[933, 517]
[944, 59]
[584, 927]
[2245, 2660]
[15, 356]
[447, 763]
[831, 832]
[2239, 638]
[464, 1199]
[2350, 2351]
[2192, 69]
[432, 1290]
[936, 1127]
[1968, 946]
[2608, 288]
[1995, 1996]
[371, 1904]
[590, 1911]
[1574, 133]
[573, 455]
[333, 1911]
[335, 1535]
[2535, 1251]
[570, 543]
[1626, 809]
[874, 823]
[441, 1691]
[579, 580]
[741, 37]
[330, 2622]
[847, 1513]
[276, 1411]
[777, 18]
[1212, 242]
[151, 152]
[793, 57]
[446, 1106, 1074]
[1558, 20]
[956, 83]
[476, 654]
[718, 59]
[332, 1772]
[233, 1007]
[181, 112]
[441, 1856]
[2230, 2231]
[11, 2024]
[83, 1]
[140, 1536]
[1803, 419]
[1174, 2482]
[1320, 324]
[1348, 462]
[399, 296]
[901, 1665]
[335, 1731]
[1388, 366]
[109, 2550]
[111, 250]
[2023, 302, 303, 39]
[874, 174]
[732, 2611]
[1317, 301]
[83, 2]
[1135, 1651]
[1943, 288]
[1474, 2554]
[78, 79]
[696, 2509]
[1709, 2326]
[1517, 1898]
[1301, 467]
[289, 290]
[48, 2368]
[1369, 242]
[646, 59]
[2095, 1033]
[2181, 861]
[481, 157]
[1588, 1589]
[868, 869]
[1118, 341]
[1231, 1279]
[1828, 30]
[420, 57]
[1044, 1365]
[1639, 1640]
[82, 83]
[1042, 47]
[1789, 57]
[1695, 1696]
[3, 4]
[1709, 649]
[2129, 809]
[512, 513]
[685, 686]
[755, 525]
[291, 2492]
[939, 2093]
[950, 112]
[887, 857]
[378, 121]
[109, 2420]
[397, 112]
[1311, 809]
[1451, 234]
[632, 633]
[750, 479]
[651, 624]
[898, 1731]
[1547, 1548]
[681, 407]
[19, 1243]
[584, 2465]
[827, 87]
[109, 2421]
[1448, 1475]
[777, 192]
[298, 299]
[1152, 1153]
[1337, 1338]
[247, 1666]
[1125, 382]
[1011, 231]
[746, 214]
[1511, 658]
[512, 649]
[1379, 1104]
[417, 455]
[810, 811]
[1360, 358]
[1815, 326]
[156, 157]
[1121, 1122]
[460, 112]
[35, 2086]
[433, 231]
[503, 336]
[1444, 1445]
[476, 477]
[1193, 586]
[775, 55]
[1718, 341]
[428, 429]
[1537, 1836]
[822, 548]
[2, 2088]
[628, 1221]
[2646, 811]
[495, 200]
[276, 277]
[632, 1970]
[343, 296]
[282, 112]
[190, 1164]
[1435, 584]
[2512, 2513]
[293, 294]
[1769, 1432]
[50, 82]
[1450, 122]
[1895, 18]
[1633, 1634]
[2106, 4]
[392, 1777]
[82, 524]
[874, 2219]
[50, 1908]
[159, 361]
[1055, 152]
[1357, 200]
[102, 115]
[1738, 448]
[182, 183]
[876, 1078]
[267, 268]
[1863, 1690]
[685, 1615]
[931, 1753]
[335, 1382]
[389, 839]
[2089, 72]
[186, 1512]
[715, 310]
[344, 1898]
[1808, 1809]
[130, 859]
[793, 152]
[629, 618]
[521, 649]
[66, 1002]
[1837, 1838, 2220, 39]
[1726, 718]
[560, 561]
[1977, 639, 38, 39]
[637, 638]
[2071, 2084]
[901, 2687]
[2089, 73]
[445, 583]
[263, 557]
[1305, 523]
[332, 1643]
[2252, 288]
[1499, 73]
[450, 917]
[1499, 72]
[628, 629]
[590, 654]
[2221, 2026]
[866, 336]
[357, 517]
[417, 329]
[1404, 866]
[250, 407]
[50, 342]
[136, 55]
[553, 2388]
[736, 2643]
[95, 1363]
[772, 112]
[1556, 1741]
[102, 1979]
[353, 509]
[113, 221]
[1218, 2612]
[1653, 101]
[2159, 721]
[1298, 82]
[1081, 37]
[1780, 382]
[1626, 658]
[541, 32]
[2261, 2262]
[1203, 543]
[772, 1164]
[247, 1354]
[1469, 301]
[989, 485]
[420, 528]
[539, 540]
[42, 2050]
[1939, 946]
[111, 127]
[1410, 2034]
[236, 237]
[796, 797]
[1321, 2467]
[719, 502]
[44, 23]
[501, 719]
[1980, 586]
[182, 2021]
[177, 543]
[1337, 1818]
[309, 417]
[2664, 1416]
[1396, 731]
[48, 49]
[56, 57]
[670, 2]
[2548, 361]
[147, 148]
[1804, 1195]
[1070, 308]
[885, 886]
[44, 24]
[250, 1389]
[1732, 953]
[1026, 6]
[1538, 981]
[228, 229]
[1396, 730]
[535, 2162]
[670, 1]
[247, 2247]
[1019, 18]
[1469, 1221]
[939, 940]
[777, 421]
[1602, 1603]
[142, 143]
[2132, 2325]
[60, 1129]
[783, 784]
[1596, 1418]
[335, 1560]
[1877, 242]
[974, 975]
[1998, 1423]
[874, 787]
[716, 1992]
[116, 1887]
[2483, 2594]
[325, 326]
[317, 318]
[584, 561]
[1567, 1568]
[1437, 1955]
[885, 1318]
[392, 1812]
[767, 610]
[1125, 421]
[1596, 1419]
[1778, 341]
[126, 103]
[1863, 723]
[990, 624]
[78, 221]
[1390, 137]
[1554, 320]
[926, 59]
[15, 16]
[335, 1259]
[542, 2131]
[1845, 1162]
[587, 588]
[739, 250]
[250, 2327]
[453, 214]
[1530, 1221]
[948, 463]
[50, 1241]
[289, 1085]
[127, 524]
[1161, 436]
[1099, 1100]
[594, 904]
[603, 178]
[1697, 157]
[282, 103]
[7, 8]
[687, 2075]
[230, 261]
[484, 723]
[1847, 1880]
[1333, 2321]
[250, 677]
[25, 1478, 108]
[447, 1074]
[93, 94]
[982, 18]
[350, 16]
[663, 664]
[1874, 1264]
[992, 993]
[52, 53]
[1135, 45]
[839, 624]
[2685, 2140]
[1042, 1122]
[180, 137]
[80, 436]
[60, 812]
[315, 2414]
[95, 2381]
[732, 1067]
[2055, 284]
[594, 377]
[1369, 981]
[445, 2476]
[1053, 2018]
[1596, 1415]
[204, 369]
[1172, 1173]
[116, 117]
[240, 601]
[1947, 299]
[1773, 214]
[35, 6]
[519, 24]
[1410, 341]
[371, 812]
[100, 155]
[249, 398]
[1530, 28]
[1018, 462]
[461, 797]
[255, 1585]
[1242, 1316]
[113, 1353]
[1042, 2500]
[190, 127]
[1854, 1548]
[439, 218]
[236, 2069]
[1537, 2544]
[2282, 380]
[2505, 928]
[1612, 1613]
[575, 244]
[989, 835]
[1061, 559]
[1285, 1286]
[3, 240]
[1474, 2122]
[524, 1]
[255, 234]
[788, 1794]
[542, 1108]
[471, 472]
[1234, 1235]
[2313, 556]
[1805, 823]
[203, 692]
[665, 73]
[25, 83]
[280, 281]
[1604, 759]
[365, 366]
[392, 723]
[100, 1558]
[719, 83]
[1135, 499]
[1675, 1676]
[130, 1483]
[174, 18]
[1462, 1114]
[2071, 2573]
[373, 374]
[25, 82]
[202, 1050]
[276, 1642]
[1353, 1453]
[295, 82]
[2426, 200]
[1385, 329]
[2190, 380]
[153, 20]
[0, 55]
[2270, 205]
[1680, 499]
[96, 837]
[1320, 1321]
[1310, 1440]
[204, 2538]
[317, 271]
[739, 127]
[1771, 611]
[724, 624]
[249, 1017]
[668, 669]
[365, 231]
[328, 417]
[1377, 624]
[1469, 382]
[1028, 275]
[2112, 1426, 1427, 39]
[25, 112]
[2383, 69]
[129, 589]
[668, 1632]
[113, 2423]
[2372, 324]
[1053, 1871]
[1118, 479]
[2348, 290]
[76, 112]
[33, 807]
[384, 55]
[1107, 1108]
[1697, 1104]
[160, 161]
[877, 2563]
[1580, 28]
[647, 87]
[1778, 479]
[452, 59]
[428, 1326]
[2337, 1201]
[1795, 30]
[746, 351]
[788, 1533]
[2005, 1693]
[2439, 5]
[180, 82]
[100, 154]
[1092, 801]
[625, 59]
[894, 895]
[1131, 1132]
[1744, 83]
[36, 1223]
[1182, 1183]
[2241, 2242]
[938, 525]
[735, 250]
[406, 1343]
[1829, 1830]
[1133, 2143]
[647, 320]
[816, 1747]
[1020, 797]
[1828, 463]
[1044, 548]
[1379, 1683]
[1993, 1340]
[210, 933]
[159, 2196]
[140, 859]
[241, 981]
[698, 699]
[1075, 1076]
[1885, 1863]
[1081, 1123]
[1389, 1]
[309, 55]
[2237, 2238]
[1652, 1074]
[714, 55]
[1231, 1268]
[760, 341]
[1147, 1148]
[526, 152]
[295, 250]
[2383, 72]
[104, 1587]
[1383, 1384]
[1242, 345]
[1242, 478]
[494, 495]
[321, 1343]
[1204, 1205]
[2460, 305]
[1060, 1061]
[86, 87]
[115, 329]
[2070, 801]
[2282, 101]
[1238, 1304]
[2038, 322]
[1231, 248]
[970, 971]
[435, 1443]
[1109, 28]
[478, 564]
[2527, 2555]
[1524, 1983]
[1215, 138]
[1505, 1506]
[719, 451]
[492, 556]
[2119, 22]
[472, 803]
[1474, 1544]
[199, 918]
[281, 881]
[95, 2449]
[760, 479]
[403, 133]
[78, 61]
[819, 971]
[2383, 73]
[1025, 1026]
[1107, 101]
[1287, 559]
[212, 857]
[1014, 809]
[54, 103]
[352, 353]
[258, 259]
[2627, 288]
[716, 1979]
[420, 2103]
[165, 785]
[841, 101]
[311, 312]
[1891, 975]
[2184, 2185]
[196, 835]
[640, 641]
[238, 634]
[1554, 87]
[2376, 1206]
[788, 1856]
[1250, 479]
[950, 127]
[2471, 1080]
[2363, 89]
[898, 66]
[83, 455]
[126, 82]
[174, 1640]
[164, 165]
[626, 960]
[498, 39]
[1498, 69]
[1305, 409]
[1539, 1640]
[441, 1533]
[93, 1259]
[2344, 1432]
[1869, 1123]
[2533, 1161]
[132, 351]
[2303, 122]
[860, 32]
[111, 112]
[134, 382]
[874, 2666]
[535, 536]
[1493, 1458]
[2665, 1841]
[1125, 875]
[739, 55]
[1531, 336]
[348, 178]
[250, 524]
[102, 127]
[1105, 152]
[132, 59]
[263, 438]
[692, 39]
[1396, 729]
[255, 1503]
[56, 152]
[402, 837]
[64, 178]
[2044, 708]
[833, 320]
[687, 2425]
[186, 187]
[751, 752]
[33, 34]
[1392, 1393]
[847, 2334]
[2011, 7]
[233, 1503]
[332, 2040]
[1213, 1214]
[1206, 2153]
[2071, 2072]
[2559, 656]
[1699, 386]
[704, 205]
[450, 82]
[219, 220]
[2590, 2097]
[884, 1587]
[1180, 1768]
[879, 1488]
[495, 2160]
[95, 61]
[1975, 1418]
[1935, 912]
[441, 442]
[33, 2214]
[1163, 30]
[874, 2226]
[546, 389]
[60, 135]
[2675, 1701]
[450, 83]
[514, 606]
[773, 368]
[309, 2]
[802, 624]
[950, 250]
[1975, 1419]
[551, 552]
[1348, 960]
[770, 771]
[2045, 1348]
[397, 250]
[276, 1299]
[516, 28]
[2241, 22]
[265, 266, 1504]
[1042, 684]
[587, 776]
[206, 207]
[100, 1243]
[1388, 1991]
[1459, 2401]
[609, 472]
[357, 659]
[88, 325]
[1525, 1221]
[437, 1117]
[1215, 1134]
[50, 331]
[692, 889]
[1292, 953]
[576, 2360]
[1718, 839]
[222, 223]
[874, 237]
[893, 36]
[2170, 1887]
[1481, 201]
[48, 1645]
[553, 2681]
[573, 956]
[25, 417]
[1651, 24]
[460, 83]
[450, 250]
[2438, 2234]
[1061, 564]
[1725, 680]
[132, 214]
[2441, 2442]
[235, 1]
[1435, 261]
[109, 2408]
[933, 358]
[732, 2389]
[2598, 1845]
[445, 1004]
[140, 684]
[255, 2047]
[127, 407]
[1421, 753]
[418, 561]
[1679, 18]
[2632, 1340]
[1489, 1921]
[2197, 366]
[235, 2]
[418, 695]
[898, 1259]
[1435, 2556]
[50, 455]
[293, 789]
[957, 336]
[2051, 301]
[321, 910]
[1385, 468]
[381, 301]
[1852, 205]
[2277, 2278]
[388, 389]
[19, 154]
[2576, 2605]
[901, 1069]
[548, 18]
[76, 127]
[78, 475]
[309, 181]
[1496, 71]
[116, 1898]
[267, 1911]
[1018, 322]
[321, 734]
[1107, 1840]
[422, 423]
[1238, 1386]
[25, 719]
[1005, 1006]
[25, 1164]
[1308, 1844]
[901, 1063]
[1572, 87]
[92, 320]
[1258, 912]
[1435, 1798]
[2634, 2647]
[460, 417]
[518, 205]
[11, 12]
[1008, 1223]
[2426, 525]
[623, 624]
[1399, 801]
[866, 503]
[1217, 2317]
[2695, 723]
[1827, 1416]
[2250, 982]
[78, 1920]
[1854, 2006]
[1459, 1460]
[2019, 569]
[199, 1566]
[1310, 1802]
[683, 18]
[411, 91]
[2149, 1887]
[233, 1288]
[2017, 1736]
[650, 759]
[420, 152]
[1460, 178]
[1161, 1162]
[1346, 1347]
[882, 1219]
[921, 2282]
[50, 2145]
[1485, 18]
[190, 398]
[524, 677]
[1264, 1503]
[692, 572]
[163, 1670]
[1833, 624]
[246, 1721]
[901, 666]
[887, 611]
[650, 59]
[2132, 2133]
[278, 410]
[2166, 1381]
[2039, 676]
[2521, 1777]
[68, 72]
[446, 872]
[340, 624]
[1053, 1860]
[979, 22]
[1038, 1244]
[1355, 728]
[406, 797]
[66, 1731]
[2518, 305]
[515, 427]
[323, 609]
[716, 1190]
[1671, 366]
[2100, 1383]
[1242, 1898]
[2387, 586]
[1528, 1440]
[1234, 809]
[635, 2229]
[437, 59]
[76, 120]
[1956, 1957]
[1444, 1753]
[1718, 479]
[913, 914]
[190, 137]
[78, 296]
[934, 935]
[844, 1225]
[539, 965]
[2051, 124]
[1493, 665]
[1037, 649]
[683, 326]
[908, 55]
[134, 301]
[68, 73]
[1975, 1420]
[1680, 7]
[210, 146]
[1180, 1591]
[1513, 809]
[326, 59]
[1425, 933]
[966, 498]
[102, 250]
[1250, 341]
[196, 485]
[1021, 55]
[1639, 59]
[781, 2392]
[610, 857]
[1287, 564]
[581, 157]
[295, 127]
[1144, 493]
[775, 502]
[208, 59]
[2522, 2523]
[1118, 664]
[422, 1631]
[1412, 1413]
[217, 1918]
[267, 606]
[931, 932]
[369, 370]
[653, 718]
[1518, 809]
[2158, 244]
[348, 1243]
[226, 611]
[963, 8]
[1680, 1651]
[1141, 1142, 1980]
[501, 83]
[335, 503]
[1556, 2026]
[2005, 2006]
[2370, 2667]
[1018, 279]
[54, 417]
[1646, 1438]
[1124, 564]
[2658, 680]
[497, 415]
[90, 1520]
[1583, 1584]
[851, 479]
[1594, 965]
[1042, 859]
[739, 112]
[1780, 301]
[190, 310]
[1062, 2339]
[172, 173]
[1534, 469]
[1234, 205]
[1003, 1123]
[460, 137]
[190, 82]
[402, 403]
[415, 1292]
[1532, 1794]
[716, 717]
[130, 131]
[2399, 364]
[2032, 2033]
[796, 910]
[1177, 479]
[1174, 1175]
[1502, 2339]
[190, 83]
[1681, 22]
[95, 922]
[989, 1078]
[350, 351]
[1042, 503]
[113, 1739]
[1083, 124]
[224, 225]
[716, 2157]
[713, 82]
[441, 1834]
[596, 137]
[115, 83]
[1130, 22]
[990, 341]
[933, 1707]
[849, 2382]
[232, 2]
[2195, 2178]
[1605, 87]
[486, 487]
[1332, 1074]
[713, 83]
[207, 3]
[650, 351]
[2462, 2463]
[2013, 2562]
[895, 1970]
[60, 349]
[95, 1215]
[930, 649]
[332, 2336]
[133, 691]
[1383, 2117]
[842, 843]
[1073, 87]
[132, 759]
[650, 356]
[928, 382]
[960, 649]
[742, 743]
[1049, 1050]
[321, 462]
[177, 2131]
[1435, 564]
[1972, 1973]
[2011, 2109, 24]
[1254, 1245]
[113, 1120]
[333, 590]
[2329, 284]
[2025, 1170]
[392, 393]
[936, 937]
[1414, 1420]
[1307, 600]
[682, 231]
[29, 30]
[2457, 644]
[1907, 1760]
[1745, 1746]
[82, 2]
[2377, 1420]
[1135, 7]
[2066, 2067]
[820, 649]
[413, 414]
[378, 8]
[951, 114]
[473, 421]
[1764, 1765, 1876, 39]
[920, 921]
[17, 861]
[1895, 32]
[1942, 638]
[109, 1027]
[82, 1]
[267, 427]
[492, 1145]
[100, 1458]
[1542, 1543]
[460, 55]
[906, 1176]
[522, 523]
[182, 1981]
[291, 1884]
[1865, 1866]
[990, 479]
[548, 59]
[2536, 1523, 1524]
[309, 82]
[1348, 797]
[151, 528]
[89, 18]
[60, 2529]
[386, 387]
[212, 227]
[8, 1409]
[926, 28]
[616, 617]
[1128, 69]
[309, 83]
[384, 82]
[1953, 559]
[1422, 101]
[1042, 325]
[1752, 679]
[1070, 804]
[570, 2131]
[450, 103]
[153, 1662]
[82, 329]
[1314, 556]
[829, 1423]
[689, 991]
[1312, 1313]
[1394, 839]
[2005, 1548]
[166, 167]
[847, 2588]
[282, 137]
[1251, 797]
[0, 1]
[744, 754]
[60, 475]
[33, 1641]
[257, 59]
[181, 82]
[619, 28]
[156, 312]
[78, 2691]
[1726, 952]
[0, 2]
[570, 261]
[1494, 1495]
[181, 83]
[140, 952]
[724, 341]
[866, 1964]
[1218, 1219]
[65, 261]
[1184, 1185]
[1056, 288]
[25, 407]
[233, 491]
[1430, 347]
[919, 205]
[770, 1214]
[1064, 1065]
[872, 106]
[1702, 444]
[321, 1973]
[646, 301]
[1604, 387]
[177, 1243]
[1491, 2603]
[824, 137]
[482, 861]
[1621, 1622]
[177, 261]
[553, 2015]
[796, 734]
[40, 41]
[420, 192]
[836, 178]
[1648, 1649]
[1287, 2351]
[989, 1690]
[1109, 1317]
[1452, 41]
[46, 1043]
[1489, 1490]
[716, 2596]
[2163, 2164]
[2063, 2672]
[1912, 629]
[1014, 2065]
[371, 1215]
[625, 301]
[1694, 1582, 173]
[584, 366]
[93, 438]
[1370, 2146]
[887, 227]
[113, 114]
[673, 674]
[367, 479]
[2142, 73]
[228, 1465]
[1065, 286]
[824, 82]
[2202, 648]
[461, 462]
[1861, 28]
[1896, 2137]
[181, 407]
[2258, 2259]
[1404, 1405]
[439, 2472]
[346, 347]
[82, 455]
[2142, 72]
[817, 146]
[1532, 1834]
[90, 1248]
[644, 1819]
[50, 310]
[581, 1104]
[422, 2510]
[1021, 103]
[32, 59]
[9, 1071]
[337, 1851]
[2483, 2484]
[930, 2540]
[158, 106]
[537, 290]
[2454, 3]
[960, 1251]
[1975, 1415]
[0, 112]
[1692, 1548]
[756, 214]
[484, 835]
[816, 737]
[1328, 1329]
[283, 284]
[2149, 1637]
[874, 1209]
[829, 830]
[1474, 1737]
[83, 407]
[862, 517]
[492, 1315]
[1766, 601]
[998, 1230]
[1009, 389]
[126, 127]
[330, 2412]
[1320, 609]
[127, 329]
[1267, 248]
[882, 883]
[1742, 1743]
[339, 181]
[1169, 1170]
[1697, 482]
[233, 234]
[584, 1191]
[621, 987]
[582, 521]
[441, 1794]
[241, 242]
[2155, 2156]
[1513, 1133]
[553, 554]
[1801, 1432]
[2273, 2274]
[1938, 1092]
[555, 556]
[960, 462]
[439, 2210]
[282, 127]
[603, 154]
[2375, 768]
[432, 137]
[2634, 2635]
[78, 114]
[367, 341]
[95, 1294]
[527, 18]
[88, 89]
[1012, 1908]
[2010, 2246]
[226, 227]
[1300, 458]
[1024, 589]
[1012, 377]
[82, 761]
[783, 234]
[1168, 1144]
[36, 37]
[976, 977]
[1065, 2022]
[451, 1]
[78, 2609]
[170, 2368]
[453, 454]
[230, 947]
[1686, 1033]
[262, 39]
[250, 2]
[1344, 1345, 1059, 39]
[841, 1423]
[1257, 960]
[1932, 119]
[335, 336]
[454, 965]
[650, 965]
[375, 376]
[940, 1310]
[451, 2]
[1532, 595]
[874, 548]
[1114, 561]
[250, 1]
[1139, 624]
[715, 82]
[1833, 341]
[1055, 1033]
[692, 693]
[371, 2235]
[446, 447]
[650, 837]
[484, 485]
[2028, 2068]
[1242, 1558]
[1521, 1522]
[170, 171]
[1074, 2090]
[278, 797]
[2066, 2671]
[625, 124]
[1207, 855]
[1228, 329]
[406, 410]
[1404, 263]
[2624, 2625]
[35, 122]
[1401, 1402]
[885, 1077]
[344, 345]
[1807, 275]
[344, 478]
[735, 127]
[2350, 1100]
[646, 28]
[2267, 435]
[732, 1969]
[9, 308]
[390, 391]
[2493, 2494]
[2592, 2593, 2315, 39]
[926, 382]
[2461, 1415]
[989, 723]
[1322, 1145]
[2516, 2517]
[746, 59]
[740, 861]
[295, 112]
[1910, 89]
[777, 1686]
[1159, 1160]
[433, 178]
[1491, 1492]
[2275, 2251]
[2631, 2324]
[966, 1260]
[840, 1701]
[190, 451]
[2113, 599]
[1385, 2]
[646, 382]
[396, 83]
[464, 1165]
[738, 214]
[1389, 677]
[768, 658]
[396, 329]
[1489, 1667]
[433, 2515]
[182, 2391]
[1428, 1429]
[2268, 2269]
[895, 1836]
[844, 369]
[344, 1703]
[1663, 1664]
[2418, 1541]
[430, 398]
[1539, 18]
[670, 329]
[127, 455]
[325, 1640]
[666, 667]
[339, 1290]
[2098, 214]
[96, 97]
[775, 82]
[2094, 107]
[1469, 28]
[2183, 726]
[1998, 101]
[145, 30]
[1102, 1103]
[44, 45]
[1385, 83]
[524, 76]
[113, 867]
[1094, 409]
[2045, 2046]
[255, 1563]
[542, 261]
[102, 76]
[2461, 1419]
[909, 18]
[353, 1201]
[64, 20]
[1385, 1]
[775, 83]
[137, 354]
[450, 417]
[2455, 801]
[675, 676]
[833, 87]
[190, 455]
[333, 952]
[612, 600]
[2461, 1418]
[1949, 1013, 81]
[1771, 1976]
[1372, 1033]
[113, 1923]
[450, 1740, 108]
[773, 341]
[50, 749]
[1395, 612]
[127, 83]
[736, 2082]
[321, 322]
[1375, 2434]
[618, 301]
[1330, 1331]
[448, 10]
[190, 1]
[202, 935]
[190, 329]
[1273, 1274]
[1128, 72]
[140, 1658]
[190, 1269]
[228, 185]
[365, 178]
[689, 690]
[1014, 1599]
[1073, 2415]
[1113, 55]
[495, 525]
[1368, 952]
[190, 2]
[190, 328]
[1128, 73]
[184, 991]
[1009, 624]
[436, 1581]
[1435, 559]
[415, 416]
[1847, 1848]
[635, 2378]
[741, 1123]
[520, 521]
[1519, 619]
[0, 407]
[44, 5]
[670, 83]
[276, 1098]
[102, 329]
[473, 57]
[2379, 2380]
[113, 1922]
[2089, 69]
[1528, 2093]
[138, 139]
[74, 75]
[847, 2621]
[90, 91]
[282, 250]
[58, 59]
[1357, 525]
[738, 351]
[1339, 1340]
[1574, 356]
[874, 915]
[418, 1151]
[1389, 407]
[7, 24]
[1093, 275]
[1110, 1111]
[102, 82]
[2451, 2452]
[933, 30]
[885, 1373]
[1086, 22]
[1499, 69]
[621, 1507]
[1760, 1763]
[844, 2447]
[890, 1308]
[847, 2009]
[683, 861]
[2167, 1223]
[1005, 809]
[2461, 1420]
[170, 1635]
[100, 1883]
[54, 127]
[2432, 572]
[190, 502]
[257, 1495]
[510, 1096]
[1018, 910]
[2648, 2649]
[70, 1260]
[1319, 1221]
[9, 449]
[233, 967]
[1218, 2187]
[712, 240]
[618, 124]
[1936, 368]
[693, 39]
[417, 1]
[1760, 1761]
[2579, 564]
[348, 2328]
[714, 250]
[687, 688]
[236, 757]
[113, 383]
[1657, 320]
[772, 250]
[834, 835]
[464, 1940]
[943, 6]
[2271, 288]
[168, 169, 972]
[417, 2]
[594, 1]
[166, 154]
[469, 649]
[2496, 883]
[668, 187]
[97, 2041]
[460, 250]
[50, 2215]
[191, 192]
[1906, 1104]
[1018, 734]
[371, 431]
[255, 1614]
[1348, 1618]
[793, 1140]
[665, 1637]
[446, 1236, 1074]
[1414, 1419]
[671, 672]
[901, 902]
[1569, 1550]
[195, 196]
[450, 354]
[553, 1240]
[2301, 2302]
[357, 1707]
[126, 250]
[492, 1466]
[931, 1720]
[1404, 898]
[1168, 835]
[54, 83]
[531, 532, 949, 39]
[348, 154]
[1414, 1418]
[111, 137]
[716, 1919]
[489, 2390]
[713, 775]
[1373, 1374]
[1396, 73]
[808, 658]
[1333, 1334]
[1267, 1666]
[847, 2444]
[781, 1486]
[2176, 863]
[1125, 2054]
[417, 407]
[1930, 1931]
[54, 82]
[786, 2669]
[348, 947]
[422, 2587]
[64, 154]
[1200, 347]
[383, 771]
[898, 1066]
[1396, 72]
[862, 30]
[2542, 22]
[777, 474]
[773, 479]
[2581, 2244]
[650, 214]
[1532, 442]
[1167, 1906]
[682, 1888]
[596, 55]
[76, 417]
[783, 2049]
[926, 301]
[23, 24]
[1799, 69]
[25, 2]
[15, 759]
[517, 968]
[497, 1436]
[1276, 1277]
[238, 1954]
[913, 1705]
[1618, 649]
[29, 1707]
[962, 517]
[257, 209]
[1677, 1678]
[25, 1]
[1986, 1987]
[665, 155]
[186, 1632]
[2679, 1277]
[238, 2053]
[95, 1484]
[2491, 723]
[685, 1937]
[1319, 28]
[1281, 82]
[2174, 2175]
[2486, 1513]
[406, 910]
[422, 2450]
[1831, 288]
[397, 82]
[1518, 658]
[1144, 556]
[2287, 1134]
[744, 745]
[618, 382]
[1322, 1315]
[2607, 1598]
[1172, 2453]
[1212, 368]
[714, 127]
[54, 917]
[1414, 1415]
[121, 6]
[95, 431]
[397, 83]
[635, 636]
[1053, 1054]
[2370, 2371]
[1556, 1557]
[115, 2]
[11, 758]
[652, 205]
[406, 734]
[317, 414]
[945, 946]
[1574, 16]
[1038, 1227]
[802, 479]
[610, 611]
[788, 1691]
[466, 561]
[19, 261]
[180, 127]
[1275, 28]
[924, 925]
[1267, 1354]
[1893, 1198]
[115, 1]
[772, 127]
[1558, 1045]
[2110, 2111]
[480, 59]
[60, 61]
[197, 198]
[140, 1483]
[476, 1911]
[1677, 872]
[1931, 2422]
[502, 0]
[2134, 1854]
[379, 380]
[473, 192]
[388, 368]
[1710, 325]
[98, 1357]
[978, 676]
[304, 305]
[102, 809]
[1109, 301]
[249, 127]
[1574, 18]
[399, 798]
[88, 2251]
[2304, 2305]
[113, 431]
[65, 1243]
[1707, 71]
[1915, 708]
[191, 421]
[1380, 139]
[1396, 69]
[1953, 564]
[298, 2083]
[260, 82]
[378, 24]
[438, 59]
[460, 1]
[1041, 966]
[407, 83]
[399, 400]
[76, 103]
[411, 412]
[499, 963]
[1088, 1089]
[950, 82]
[1841, 1842]
[432, 127]
[492, 393]
[1042, 2228]
[1184, 466]
[504, 1364]
[0, 83]
[224, 1570]
[1242, 2288]
[541, 18]
[50, 1012]
[31, 32]
[1446, 1751]
[9, 804]
[2057, 977]
[325, 18]
[1032, 1033]
[2343, 2278]
[60, 296]
[1401, 1499]
[1657, 87]
[1758, 1759]
[579, 676]
[702, 703]
[1281, 103]
[291, 1156]
[568, 1045]
[236, 1187]
[1137, 1138]
[441, 984]
[386, 540]
[1446, 1447]
[1042, 1593]
[980, 624]
[2459, 288]
[936, 2191]
[1298, 354]
[255, 2595]
[851, 852]
[938, 200]
[1616, 1617]
[1562, 809]
[1348, 1251]
[430, 127]
[300, 30]
[1055, 684]
[725, 726]
[944, 18]
[126, 112]
[1843, 41]
[250, 995]
[235, 407]
[102, 451]
[2059, 181]
[1397, 1398]
[2585, 2586]
[224, 2332]
[180, 55]
[1878, 549, 550, 39]
[2496, 2405]
[29, 517]
[2416, 2030, 262]
[2324, 559]
[2142, 69]
[356, 2041]
[2433, 487]
[1569, 490]
[612, 613]
[905, 906]
[2322, 2577]
[935, 1755]
[1422, 1423]
[1553, 649]
[1619, 1620]
[2207, 410]
[208, 133]
[816, 2318]
[849, 2683]
[1385, 407]
[1314, 493]
[153, 167]
[1072, 572]
[1806, 721]
[916, 101]
[1229, 1230]
[1473, 1104]
[1052, 649]
[1322, 393]
[874, 2069]
[230, 753]
[788, 595]
[2150, 838, 488, 39]
[92, 41]
[226, 857]
[356, 540]
[982, 983, 59]
[1083, 382]
[249, 250]
[399, 221]
[714, 82]
[956, 137]
[102, 2]
[1255, 1256]
[1580, 124]
[274, 968]
[879, 290]
[2674, 35]
[1055, 421]
[102, 83]
[2372, 1946]
[371, 2489]
[1203, 2131]
[2527, 2528]
[1855, 1432]
[834, 1690]
[732, 1951]
[295, 103]
[1648, 953]
[367, 839]
[317, 1391]
[546, 624]
[44, 7]
[696, 1776]
[802, 341]
[1053, 2558]
[469, 470]
[885, 1062]
[2298, 953]
[2101, 861]
[1857, 925]
[1444, 2539]
[903, 1540]
[537, 281]
[242, 479]
[202, 1707]
[501, 502]
[432, 250]
[1679, 691]
[815, 816]
[233, 89]
[1055, 996]
[460, 2]
[365, 1243]
[1394, 479]
[908, 76]
[2543, 1970]
[473, 1686]
[738, 59]
[357, 146]
[901, 2638]
[1491, 2138]
[1877, 981]
[1574, 351]
[738, 356]
[2180, 1550]
[1726, 1727]
[1532, 1533]
[2224, 1495]
[238, 1335]
[191, 684]
[1404, 1066]
[939, 1528]
[1451, 784]
[2579, 559]
