19,20
19,200,7,24,25,20
19,200,7,169,430,24,25,20
19,200,7,430,24,25,20
19,20,25,24
19,200,7,24
19,200,7,169,430,24
19,200,7,430,24
19,20,25,24,7
19,20,25,24,430,7
19,20,25,24,430,169,7
19,200,7
19,20,25
19,200,7,24,25
19,200,7,169,430,24,25
19,200,7,430,24,25
19,20,25,24,7,169
19,20,25,24,430,169
19,200,7,169
19,200,7,430,169
19,20,25,24,7,200,199
19,20,25,24,430,7,200,199
19,20,25,24,430,169,7,200,199
19,200,199
19,200
19,20,25,24,7,200,214,213
19,20,25,24,430,7,200,214,213
19,20,25,24,430,169,7,200,214,213
19,200,214,213
19,20,25,24,7,200,214
19,20,25,24,430,7,200,214
19,20,25,24,430,169,7,200,214
19,200,214
19,20,25,24,7,200,316
19,20,25,24,430,7,200,316
19,20,25,24,430,169,7,200,316
19,200,316
19,20,25,24,7,200,214,213,380
19,20,25,24,430,7,200,214,213,380
19,20,25,24,430,169,7,200,214,213,380
19,200,214,213,380
19,20,25,24,7,200,214,213,380,185
19,20,25,24,430,7,200,214,213,380,185
19,20,25,24,430,169,7,200,214,213,380,185
19,200,214,213,380,185
19,20,25,24,430
19,200,7,430
19,20,25,24,7,169,430,29
19,20,25,24,7,430,29
19,20,25,24,430,29
19,200,7,24,430,29
19,200,7,169,430,29
19,200,7,430,29
19,20,25,24,7,169,430,251
19,20,25,24,7,430,251
19,20,25,24,430,251
19,200,7,24,430,251
19,200,7,169,430,251
19,200,7,430,251
20,19,200,7,24
20,19,200,7,169,430,24
20,19,200,7,430,24
20,25,24
20,19,200,7
20,25,24,7
20,25,24,430,7
20,25,24,430,169,7
20,25
20,19,200,7,169
20,19,200,7,430,169
20,25,24,7,169
20,25,24,430,169
20,19,200,199
20,25,24,7,200,199
20,25,24,430,7,200,199
20,25,24,430,169,7,200,199
20,19,200
20,25,24,7,200
20,25,24,430,7,200
20,25,24,430,169,7,200
20,19,200,214,213
20,25,24,7,200,214,213
20,25,24,430,7,200,214,213
20,25,24,430,169,7,200,214,213
20,19,200,214
20,25,24,7,200,214
20,25,24,430,7,200,214
20,25,24,430,169,7,200,214
20,19,200,316
20,25,24,7,200,316
20,25,24,430,7,200,316
20,25,24,430,169,7,200,316
20,19,200,214,213,380
20,25,24,7,200,214,213,380
20,25,24,430,7,200,214,213,380
20,25,24,430,169,7,200,214,213,380
20,19,200,214,213,380,185
20,25,24,7,200,214,213,380,185
20,25,24,430,7,200,214,213,380,185
20,25,24,430,169,7,200,214,213,380,185
20,19,200,7,430
20,25,24,430
20,19,200,7,24,430,29
20,19,200,7,169,430,29
20,19,200,7,430,29
20,25,24,7,169,430,29
20,25,24,7,430,29
20,25,24,430,29
20,19,200,7,24,430,251
20,19,200,7,169,430,251
20,19,200,7,430,251
20,25,24,7,169,430,251
20,25,24,7,430,251
20,25,24,430,251
21,22
24,7
24,430,7
24,430,169,7
24,25
24,7,169
24,25,20,19,200,7,169
24,430,169
24,7,200,199
24,25,20,19,200,199
24,430,7,200,199
24,430,169,7,200,199
24,7,200
24,25,20,19,200
24,430,7,200
24,430,169,7,200
24,7,200,214,213
24,25,20,19,200,214,213
24,430,7,200,214,213
24,430,169,7,200,214,213
24,7,200,214
24,25,20,19,200,214
24,430,7,200,214
24,430,169,7,200,214
24,7,200,316
24,25,20,19,200,316
24,430,7,200,316
24,430,169,7,200,316
24,7,200,214,213,380
24,25,20,19,200,214,213,380
24,430,7,200,214,213,380
24,430,169,7,200,214,213,380
24,7,200,214,213,380,185
24,25,20,19,200,214,213,380,185
24,430,7,200,214,213,380,185
24,430,169,7,200,214,213,380,185
24,430
24,7,169,430,29
24,7,430,29
24,25,20,19,200,7,169,430,29
24,25,20,19,200,7,430,29
24,430,29
24,7,169,430,251
24,7,430,251
24,25,20,19,200,7,169,430,251
24,25,20,19,200,7,430,251
24,430,251
7,24,25
7,169,430,24,25
7,200,19,20,25
7,430,24,25
7,169
7,430,169
7,200,199
7,200
7,200,214,213
7,200,214
7,200,316
7,200,214,213,380
7,200,214,213,380,185
7,430
7,169,430,29
7,430,29
7,169,430,251
7,430,251
25,24,7,169
25,24,430,169
25,20,19,200,7,169
25,20,19,200,7,430,169
25,24,7,200,199
25,24,430,7,200,199
25,24,430,169,7,200,199
25,20,19,200,199
25,24,7,200
25,24,430,7,200
25,24,430,169,7,200
25,20,19,200
25,24,7,200,214,213
25,24,430,7,200,214,213
25,24,430,169,7,200,214,213
25,20,19,200,214,213
25,24,7,200,214
25,24,430,7,200,214
25,24,430,169,7,200,214
25,20,19,200,214
25,24,7,200,316
25,24,430,7,200,316
25,24,430,169,7,200,316
25,20,19,200,316
25,24,7,200,214,213,380
25,24,430,7,200,214,213,380
25,24,430,169,7,200,214,213,380
25,20,19,200,214,213,380
25,24,7,200,214,213,380,185
25,24,430,7,200,214,213,380,185
25,24,430,169,7,200,214,213,380,185
25,20,19,200,214,213,380,185
25,24,430
25,20,19,200,7,430
25,24,7,169,430,29
25,24,7,430,29
25,24,430,29
25,20,19,200,7,169,430,29
25,20,19,200,7,430,29
25,24,7,169,430,251
25,24,7,430,251
25,24,430,251
25,20,19,200,7,169,430,251
25,20,19,200,7,430,251
34,35
47,48
47,48,174,179
47,48,179
47,48,174
47,48,260
48,174,179
48,179
48,174
48,260
52,53
52,53,120
52,53,141
52,53,141,142
52,53,297
52,53,417
52,53,421
53,120
53,141
53,141,142
53,297
53,417
53,421
55,56
62,28
80,38
80,38,392,393,258,217
80,38,218,217
80,38,392,393,258,217,218
80,38,218
80,38,392,393,258,217,248
80,38,218,217,248
80,38,392,393,258
80,38,218,217,258
80,38,367
80,38,392
80,38,392,393
80,38,218,217,258,393
80,38,392,393,258,217,218,416
80,38,218,416
80,38,392,393,258,217,218,416,426
80,38,218,416,426
80,38,392,393,258,217,218,436
80,38,218,436
38,392,393,258,217
38,218,217
38,392,393,258,217,218
38,218
38,392,393,258,217,248
38,218,217,248
38,392,393,258
38,218,217,258
38,367
38,392
38,392,393
38,218,217,258,393
38,392,393,258,217,218,416
38,218,416
38,392,393,258,217,218,416,426
38,218,416,426
38,392,393,258,217,218,436
38,218,436
85,78
86,87
86,88,193,89,87
86,88,222,87
86,89,193,88,222,87
86,89,87
86,88
86,89,193,88
86,89,87,222,88
86,12
86,89
86,87,222,88,193
86,87,89,193
86,88,193
86,89,193
86,87,222
86,88,222
86,89,193,88,222
86,89,87,222
86,87,222,88,350,349
86,87,89,193,88,350,349
86,88,350,349
86,89,193,88,350,349
86,89,87,222,88,350,349
86,87,222,88,350
86,87,89,193,88,350
86,88,350
86,89,193,88,350
86,89,87,222,88,350
87,86,88
87,222,88
87,89,86,88
87,89,193,88
87,86,12
87,222,88,86,12
87,222,88,193,89,86,12
87,89,86,12
87,89,193,88,86,12
87,222,88,193,89
87,89
87,86,88,193
87,222,88,193
87,89,193
87,222
87,86,88,350,349
87,222,88,350,349
87,89,86,88,350,349
87,89,193,88,350,349
87,86,88,350
87,222,88,350
87,89,86,88,350
87,89,193,88,350
88,86,12
88,193,89,86,12
88,222,87,89,86,12
88,86,89
88,193,89
88,222,87,89
88,193
88,222
88,350,349
88,350
12,86,89
12,86,87,222,88,193
12,86,87,89,193
12,86,88,193
12,86,89,193
12,86,87,222
12,86,88,222
12,86,89,193,88,222
12,86,89,87,222
12,86,87,222,88,350,349
12,86,87,89,193,88,350,349
12,86,88,350,349
12,86,89,193,88,350,349
12,86,89,87,222,88,350,349
12,86,87,222,88,350
12,86,87,89,193,88,350
12,86,88,350
12,86,89,193,88,350
12,86,89,87,222,88,350
89,193
89,86,88,222
89,193,88,222
89,87,222
89,86,88,350,349
89,193,88,350,349
89,87,222,88,350,349
89,86,88,350
89,193,88,350
89,87,222,88,350
94,95
94,464,250,150,149
94,464,149
94,464,250,150
94,464,149,150
94,464,250
94,464
94,464,390
94,464,31
95,94,464,250,150,149
95,94,464,149
95,94,464,250,150
95,94,464,149,150
95,94,464,250
95,94,464
95,94,464,390
95,94,464,31
100,101
100,102
100,103
100,104
100,33
100,105
101,100,102
101,100,103
101,100,104
101,100,33
101,100,105
102,100,103
102,100,104
102,100,33
102,100,105
103,100,104
103,100,33
103,100,105
104,100,33
104,100,105
33,100,105
109,110
118,119
120,53,141
120,53,141,142
120,53,297
120,53,417
120,53,421
125,126
134,135
134,135,411
134,135,451
135,411
135,451
136,137
141,142
141,53,297
141,53,417
141,53,421
142,141,53,297
142,141,53,417
142,141,53,421
146,147
149,150
149,464,250,150
149,150,250
149,464,250
149,464
149,150,250,464,390
149,464,390
149,150,250,464,31
149,464,31
150,250
150,149,464
150,250,464
150,149,464,390
150,250,464,390
150,149,464,31
150,250,464,31
152,153
152,153,272
152,153,457
153,272
153,457
155,156
155,156,369
156,369
158,159
158,11
158,159,444
159,158,11
159,444
11,158,159,444
161,162
161,189
162,161,189
165,166
165,166,296,295
165,166,296
166,296,295
166,296
167,168
167,209
168,167,209
169,7,24,25,20,19,200,199
169,7,200,199
169,430,7,200,199
169,430,24,25,20,19,200,199
169,7,200
169,430,7,200
169,430,24,25,20,19,200
169,7,24,25,20,19,200,214,213
169,7,200,214,213
169,430,7,200,214,213
169,430,24,25,20,19,200,214,213
169,7,24,25,20,19,200,214
169,7,200,214
169,430,7,200,214
169,430,24,25,20,19,200,214
169,7,24,25,20,19,200,316
169,7,200,316
169,430,7,200,316
169,430,24,25,20,19,200,316
169,7,24,25,20,19,200,214,213,380
169,7,200,214,213,380
169,430,7,200,214,213,380
169,430,24,25,20,19,200,214,213,380
169,7,24,25,20,19,200,214,213,380,185
169,7,200,214,213,380,185
169,430,7,200,214,213,380,185
169,430,24,25,20,19,200,214,213,380,185
169,430
169,430,29
169,430,251
175,176
175,176,374
175,176,496
176,374
176,496
179,174
179,174,48,260
179,48,260
174,48,260
180,181
193,88,222
193,89,86,87,222
193,89,87,222
193,88,350,349
193,89,86,87,222,88,350,349
193,89,87,222,88,350,349
193,88,350
193,89,86,87,222,88,350
193,89,87,222,88,350
199,200
199,200,214,213
199,200,214
199,200,316
199,200,214,213,380
199,200,214,213,380,185
199,200,7,430
199,200,19,20,25,24,430
199,200,7,24,430,29
199,200,7,169,430,29
199,200,7,430,29
199,200,19,20,25,24,7,169,430,29
199,200,19,20,25,24,7,430,29
199,200,19,20,25,24,430,29
199,200,7,24,430,251
199,200,7,169,430,251
199,200,7,430,251
199,200,19,20,25,24,7,169,430,251
199,200,19,20,25,24,7,430,251
199,200,19,20,25,24,430,251
200,214,213
200,214
200,316
200,214,213,380
200,214,213,380,185
200,7,430
200,19,20,25,24,430
200,7,24,430,29
200,7,169,430,29
200,7,430,29
200,19,20,25,24,430,29
200,7,24,430,251
200,7,169,430,251
200,7,430,251
200,19,20,25,24,430,251
201,192
202,203
202,204
202,77
202,205
203,202,204
203,202,77
203,202,205
204,202,77
204,202,205
77,202,205
206,207
211,212
213,214
213,214,200,316
213,380
213,380,185
213,214,200,7,430
213,214,200,19,20,25,24,430
213,214,200,7,24,430,29
213,214,200,7,169,430,29
213,214,200,7,430,29
213,214,200,19,20,25,24,7,169,430,29
213,214,200,19,20,25,24,7,430,29
213,214,200,19,20,25,24,430,29
213,214,200,7,24,430,251
213,214,200,7,169,430,251
213,214,200,7,430,251
213,214,200,19,20,25,24,7,169,430,251
213,214,200,19,20,25,24,7,430,251
213,214,200,19,20,25,24,430,251
214,200,316
214,213,380
214,213,380,185
214,200,7,430
214,200,19,20,25,24,430
214,200,7,24,430,29
214,200,7,169,430,29
214,200,7,430,29
214,200,19,20,25,24,7,169,430,29
214,200,19,20,25,24,7,430,29
214,200,19,20,25,24,430,29
214,200,7,24,430,251
214,200,7,169,430,251
214,200,7,430,251
214,200,19,20,25,24,7,169,430,251
214,200,19,20,25,24,7,430,251
214,200,19,20,25,24,430,251
217,218
217,248
217,258
217,218,38,367
217,258,393,392,38,367
217,218,38,392
217,258,393,392
217,218,38,392,393
217,258,393
217,218,416
217,218,416,426
217,218,436
218,217,248
218,38,392,393,258,217,248
218,217,258
218,38,392,393,258
218,217,258,393,392,38,367
218,38,367
218,217,258,393,392
218,38,392
218,217,258,393
218,38,392,393
218,416
218,416,426
218,436
222,88,350,349
222,88,350
231,232
231,356,232
231,356
231,232,356,357
231,232,356,358,357
231,356,357
231,356,358,357
231,232,356,252
231,356,252
231,232,356,358
231,356,358
232,356
232,356,357
232,356,358,357
232,356,252
232,356,358
239,121
247,107
248,217,258
248,217,218,38,367
248,217,258,393,392,38,367
248,217,218,38,392
248,217,258,393,392
248,217,218,38,392,393
248,217,258,393
248,217,218,416
248,217,258,393,392,38,218,416
248,217,218,416,426
248,217,258,393,392,38,218,416,426
248,217,218,436
248,217,258,393,392,38,218,436
250,464
250,464,390
250,464,31
255,256
255,257
255,324
255,396
255,469
256,255,257
256,255,324
256,255,396
256,255,469
257,255,324
257,255,396
257,255,469
258,217,218,38,367
258,393,392,38,367
258,217,218,38,392
258,393,392
258,393
258,217,218,416
258,393,392,38,218,416
258,217,218,416,426
258,393,392,38,218,416,426
258,217,218,436
258,393,392,38,218,436
259,37
259,281
37,259,281
268,269
268,370
269,268,370
292,293
292,293,351
293,351
295,296
297,53,417
297,53,421
311,312
313,314
313,289
313,314,323
314,313,289
314,323
289,313,314,323
324,255,396
324,255,469
326,327
335,74
341,342
341,343
341,344
341,164
342,341,343
342,341,344
342,341,164
343,341,344
343,341,164
344,341,164
349,350
355,245
356,357
356,358,357
356,252
356,358
357,356,252
357,358,356,252
357,358
252,356,358
365,366
367,38,392
367,38,392,393
367,38,218,217,258,393
367,38,392,393,258,217,218,416
367,38,218,416
367,38,392,393,258,217,218,416,426
367,38,218,416,426
367,38,392,393,258,217,218,436
367,38,218,436
316,200,214,213,380
316,200,214,213,380,185
316,200,7,430
316,200,19,20,25,24,430
316,200,7,24,430,29
316,200,7,169,430,29
316,200,7,430,29
316,200,19,20,25,24,7,169,430,29
316,200,19,20,25,24,7,430,29
316,200,19,20,25,24,430,29
316,200,7,24,430,251
316,200,7,169,430,251
316,200,7,430,251
316,200,19,20,25,24,7,169,430,251
316,200,19,20,25,24,7,430,251
316,200,19,20,25,24,430,251
272,153,457
374,176,496
380,185
380,213,214,200,7,430
380,213,214,200,19,20,25,24,430
380,213,214,200,7,24,430,29
380,213,214,200,7,169,430,29
380,213,214,200,7,430,29
380,213,214,200,19,20,25,24,7,169,430,29
380,213,214,200,19,20,25,24,7,430,29
380,213,214,200,19,20,25,24,430,29
380,213,214,200,7,24,430,251
380,213,214,200,7,169,430,251
380,213,214,200,7,430,251
380,213,214,200,19,20,25,24,7,169,430,251
380,213,214,200,19,20,25,24,7,430,251
380,213,214,200,19,20,25,24,430,251
185,380,213,214,200,7,430
185,380,213,214,200,19,20,25,24,430
185,380,213,214,200,7,24,430,29
185,380,213,214,200,7,169,430,29
185,380,213,214,200,7,430,29
185,380,213,214,200,19,20,25,24,7,169,430,29
185,380,213,214,200,19,20,25,24,7,430,29
185,380,213,214,200,19,20,25,24,430,29
185,380,213,214,200,7,24,430,251
185,380,213,214,200,7,169,430,251
185,380,213,214,200,7,430,251
185,380,213,214,200,19,20,25,24,7,169,430,251
185,380,213,214,200,19,20,25,24,7,430,251
185,380,213,214,200,19,20,25,24,430,251
386,96
392,393
392,393,258,217,218,416
392,38,218,416
392,393,258,217,218,416,426
392,38,218,416,426
392,393,258,217,218,436
392,38,218,436
393,392,38,218,416
393,258,217,218,416
393,392,38,218,416,426
393,258,217,218,416,426
393,392,38,218,436
393,258,217,218,436
394,44
396,255,469
402,75
411,135,451
413,359
416,426
416,218,436
417,53,421
420,298
426,416,218,436
429,398
430,29
430,251
29,430,251
431,129
448,173
462,49
464,390
464,31
390,464,31
476,477
476,477,36
476,477,465
477,36
477,465
486,242
36,477,465
