18,19
18,249,5,24,25,19
18,249,5,210,544,24,25,19
18,249,5,544,24,25,19
18,19,25,24
18,249,5,24
18,249,5,210,544,24
18,249,5,544,24
18,19,25,24,5
18,19,25,24,544,5
18,19,25,24,544,210,5
18,249,5
18,19,25
18,249,5,24,25
18,249,5,210,544,24,25
18,249,5,544,24,25
18,19,25,24,5,210
18,19,25,24,544,210
18,249,5,210
18,249,5,544,210
18,19,25,24,5,249,248
18,19,25,24,544,5,249,248
18,19,25,24,544,210,5,249,248
18,249,248
18,249
18,19,25,24,5,249,269,268
18,19,25,24,544,5,249,269,268
18,19,25,24,544,210,5,249,269,268
18,249,269,268
18,19,25,24,5,249,269
18,19,25,24,544,5,249,269
18,19,25,24,544,210,5,249,269
18,249,269
18,19,25,24,5,249,402
18,19,25,24,544,5,249,402
18,19,25,24,544,210,5,249,402
18,249,402
18,19,25,24,5,249,269,268,485
18,19,25,24,544,5,249,269,268,485
18,19,25,24,544,210,5,249,269,268,485
18,249,269,268,485
18,19,25,24,5,249,269,268,485,229
18,19,25,24,544,5,249,269,268,485,229
18,19,25,24,544,210,5,249,269,268,485,229
18,249,269,268,485,229
18,19,25,24,544
18,249,5,544
18,19,25,24,5,210,544,33
18,19,25,24,5,544,33
18,19,25,24,544,33
18,249,5,24,544,33
18,249,5,210,544,33
18,249,5,544,33
18,19,25,24,5,210,544,328
18,19,25,24,5,544,328
18,19,25,24,544,328
18,249,5,24,544,328
18,249,5,210,544,328
18,249,5,544,328
19,18,249,5,24
19,18,249,5,210,544,24
19,18,249,5,544,24
19,25,24
19,18,249,5
19,25,24,5
19,25,24,544,5
19,25,24,544,210,5
19,25
19,18,249,5,210
19,18,249,5,544,210
19,25,24,5,210
19,25,24,544,210
19,18,249,248
19,25,24,5,249,248
19,25,24,544,5,249,248
19,25,24,544,210,5,249,248
19,18,249
19,25,24,5,249
19,25,24,544,5,249
19,25,24,544,210,5,249
19,18,249,269,268
19,25,24,5,249,269,268
19,25,24,544,5,249,269,268
19,25,24,544,210,5,249,269,268
19,18,249,269
19,25,24,5,249,269
19,25,24,544,5,249,269
19,25,24,544,210,5,249,269
19,18,249,402
19,25,24,5,249,402
19,25,24,544,5,249,402
19,25,24,544,210,5,249,402
19,18,249,269,268,485
19,25,24,5,249,269,268,485
19,25,24,544,5,249,269,268,485
19,25,24,544,210,5,249,269,268,485
19,18,249,269,268,485,229
19,25,24,5,249,269,268,485,229
19,25,24,544,5,249,269,268,485,229
19,25,24,544,210,5,249,269,268,485,229
19,18,249,5,544
19,25,24,544
19,18,249,5,24,544,33
19,18,249,5,210,544,33
19,18,249,5,544,33
19,25,24,5,210,544,33
19,25,24,5,544,33
19,25,24,544,33
19,18,249,5,24,544,328
19,18,249,5,210,544,328
19,18,249,5,544,328
19,25,24,5,210,544,328
19,25,24,5,544,328
19,25,24,544,328
21,22
24,5
24,544,5
24,544,210,5
24,25
24,5,210
24,25,19,18,249,5,210
24,544,210
24,5,249,248
24,25,19,18,249,248
24,544,5,249,248
24,544,210,5,249,248
24,5,249
24,25,19,18,249
24,544,5,249
24,544,210,5,249
24,5,249,269,268
24,25,19,18,249,269,268
24,544,5,249,269,268
24,544,210,5,249,269,268
24,5,249,269
24,25,19,18,249,269
24,544,5,249,269
24,544,210,5,249,269
24,5,249,402
24,25,19,18,249,402
24,544,5,249,402
24,544,210,5,249,402
24,5,249,269,268,485
24,25,19,18,249,269,268,485
24,544,5,249,269,268,485
24,544,210,5,249,269,268,485
24,5,249,269,268,485,229
24,25,19,18,249,269,268,485,229
24,544,5,249,269,268,485,229
24,544,210,5,249,269,268,485,229
24,544
24,5,210,544,33
24,5,544,33
24,25,19,18,249,5,210,544,33
24,25,19,18,249,5,544,33
24,544,33
24,5,210,544,328
24,5,544,328
24,25,19,18,249,5,210,544,328
24,25,19,18,249,5,544,328
24,544,328
5,24,25
5,210,544,24,25
5,249,18,19,25
5,544,24,25
5,210
5,544,210
5,249,248
5,249
5,249,269,268
5,249,269
5,249,402
5,249,269,268,485
5,249,269,268,485,229
5,544
5,210,544,33
5,544,33
5,210,544,328
5,544,328
25,24,5,210
25,24,544,210
25,19,18,249,5,210
25,19,18,249,5,544,210
25,24,5,249,248
25,24,544,5,249,248
25,24,544,210,5,249,248
25,19,18,249,248
25,24,5,249
25,24,544,5,249
25,24,544,210,5,249
25,19,18,249
25,24,5,249,269,268
25,24,544,5,249,269,268
25,24,544,210,5,249,269,268
25,19,18,249,269,268
25,24,5,249,269
25,24,544,5,249,269
25,24,544,210,5,249,269
25,19,18,249,269
25,24,5,249,402
25,24,544,5,249,402
25,24,544,210,5,249,402
25,19,18,249,402
25,24,5,249,269,268,485
25,24,544,5,249,269,268,485
25,24,544,210,5,249,269,268,485
25,19,18,249,269,268,485
25,24,5,249,269,268,485,229
25,24,544,5,249,269,268,485,229
25,24,544,210,5,249,269,268,485,229
25,19,18,249,269,268,485,229
25,24,544
25,19,18,249,5,544
25,24,5,210,544,33
25,24,5,544,33
25,24,544,33
25,19,18,249,5,210,544,33
25,19,18,249,5,544,33
25,24,5,210,544,328
25,24,5,544,328
25,24,544,328
25,19,18,249,5,210,544,328
25,19,18,249,5,544,328
28,29
38,39
40,41
57,58
57,58,216,220
57,58,220
57,58,216
57,58,340
58,216,220
58,220
58,216
58,340
63,64
63,64,152
63,64,603,152
63,64,181
63,64,181,182
63,64,530
63,64,535
63,64,603
64,152
64,603,152
64,181
64,181,182
64,530
64,535
64,603
67,68
76,31
100,44
100,44,497,498,337,274
100,44,275,274
100,44,497,498,337,274,275
100,44,275
100,44,497,498,337,274,321
100,44,275,274,321
100,44,497,498,337
100,44,275,274,337
100,44,497,498,337,274,275,387
100,44,275,387
100,44,467
100,44,497
100,44,497,498
100,44,275,274,337,498
100,44,497,498,337,274,275,529
100,44,275,529
100,44,497,498,337,274,275,529,541
100,44,275,529,541
44,497,498,337,274
44,275,274
44,497,498,337,274,275
44,275
44,497,498,337,274,321
44,275,274,321
44,497,498,337
44,275,274,337
44,497,498,337,274,275,387
44,275,387
44,467
44,497
44,497,498
44,275,274,337,498
44,497,498,337,274,275,529
44,275,529
44,497,498,337,274,275,529,541
44,275,529,541
107,108
111,98
111,313
111,313,314
98,111,313
98,111,313,314
112,113
112,114,239,115,113
112,114,280,113
112,115,239,114,280,113
112,115,113
112,114
112,115,239,114
112,115,113,280,114
112,11
112,115
112,113,280,114,239
112,113,115,239
112,114,239
112,115,239
112,113,280
112,114,280
112,115,239,114,280
112,115,113,280
112,113,280,114,444,443
112,113,115,239,114,444,443
112,114,444,443
112,115,239,114,444,443
112,115,113,280,114,444,443
112,113,280,114,444
112,113,115,239,114,444
112,114,444
112,115,239,114,444
112,115,113,280,114,444
113,112,114
113,280,114
113,115,112,114
113,115,239,114
113,112,11
113,280,114,112,11
113,280,114,239,115,112,11
113,115,112,11
113,115,239,114,112,11
113,280,114,239,115
113,115
113,112,114,239
113,280,114,239
113,115,239
113,280
113,112,114,444,443
113,280,114,444,443
113,115,112,114,444,443
113,115,239,114,444,443
113,112,114,444
113,280,114,444
113,115,112,114,444
113,115,239,114,444
114,112,11
114,239,115,112,11
114,280,113,115,112,11
114,112,115
114,239,115
114,280,113,115
114,239
114,280
114,444,443
114,444
11,112,115
11,112,113,280,114,239
11,112,113,115,239
11,112,114,239
11,112,115,239
11,112,113,280
11,112,114,280
11,112,115,239,114,280
11,112,115,113,280
11,112,113,280,114,444,443
11,112,113,115,239,114,444,443
11,112,114,444,443
11,112,115,239,114,444,443
11,112,115,113,280,114,444,443
11,112,113,280,114,444
11,112,113,115,239,114,444
11,112,114,444
11,112,115,239,114,444
11,112,115,113,280,114,444
115,239
115,112,114,280
115,239,114,280
115,113,280
115,112,114,444,443
115,239,114,444,443
115,113,280,114,444,443
115,112,114,444
115,239,114,444
115,113,280,114,444
120,121
120,591,327,189,188
120,591,188
120,591,327,189
120,591,188,189
120,591,327
120,591
120,591,495
120,591,35
121,120,591,327,189,188
121,120,591,188
121,120,591,327,189
121,120,591,188,189
121,120,591,327
121,120,591
121,120,591,495
121,120,591,35
127,128
127,128,191
127,128,353
128,191
128,353
129,130
129,131
129,132
129,133
129,37
129,74
130,129,131
130,129,132
130,129,133
130,129,37
130,129,74
131,129,132
131,129,133
131,129,37
131,129,74
132,129,133
132,129,37
132,129,74
133,129,37
133,129,74
37,129,74
138,139
138,139,359
138,139,523
138,139,90
139,359
139,523
139,90
148,149
152,64,181
152,603,64,181
152,64,181,182
152,603,64,181,182
152,64,530
152,603,64,530
152,64,535
152,603,64,535
152,603
154,155
154,156
154,622
155,154,156
155,154,622
156,154,622
172,173
172,173,521
172,173,574
173,521
173,574
174,175
181,182
181,64,530
181,64,535
181,64,603
182,181,64,530
182,181,64,535
182,181,64,603
186,187
188,189
188,591,327,189
188,189,327
188,591,327
188,591
188,189,327,591,495
188,591,495
188,189,327,591,35
188,591,35
189,327
189,188,591
189,327,591
189,188,591,495
189,327,591,495
189,188,591,35
189,327,591,35
191,128,353
194,195
194,195,469
195,469
196,197
196,10
196,197,565
197,196,10
197,565
10,196,197,565
201,202
201,234
202,201,234
206,207
206,207,378,377
206,207,378
207,378,377
207,378
208,209
208,264
208,264,150
209,208,264
209,208,264,150
210,5,24,25,19,18,249,248
210,5,249,248
210,544,5,249,248
210,544,24,25,19,18,249,248
210,5,249
210,544,5,249
210,544,24,25,19,18,249
210,5,24,25,19,18,249,269,268
210,5,249,269,268
210,544,5,249,269,268
210,544,24,25,19,18,249,269,268
210,5,24,25,19,18,249,269
210,5,249,269
210,544,5,249,269
210,544,24,25,19,18,249,269
210,5,24,25,19,18,249,402
210,5,249,402
210,544,5,249,402
210,544,24,25,19,18,249,402
210,5,24,25,19,18,249,269,268,485
210,5,249,269,268,485
210,544,5,249,269,268,485
210,544,24,25,19,18,249,269,268,485
210,5,24,25,19,18,249,269,268,485,229
210,5,249,269,268,485,229
210,544,5,249,269,268,485,229
210,544,24,25,19,18,249,269,268,485,229
210,544
210,544,33
210,544,328
217,218
217,218,475
217,218,632
218,475
218,632
220,216
220,216,58,340
220,58,340
216,58,340
221,222
223,224
223,224,258
223,224,259
224,258
224,259
239,114,280
239,115,112,113,280
239,115,113,280
239,114,444,443
239,115,112,113,280,114,444,443
239,115,113,280,114,444,443
239,114,444
239,115,112,113,280,114,444
239,115,113,280,114,444
243,47
248,249
248,249,269,268
248,249,269
248,249,402
248,249,269,268,485
248,249,269,268,485,229
248,249,5,544
248,249,18,19,25,24,544
248,249,5,24,544,33
248,249,5,210,544,33
248,249,5,544,33
248,249,18,19,25,24,5,210,544,33
248,249,18,19,25,24,5,544,33
248,249,18,19,25,24,544,33
248,249,5,24,544,328
248,249,5,210,544,328
248,249,5,544,328
248,249,18,19,25,24,5,210,544,328
248,249,18,19,25,24,5,544,328
248,249,18,19,25,24,544,328
249,269,268
249,269
249,402
249,269,268,485
249,269,268,485,229
249,5,544
249,18,19,25,24,544
249,5,24,544,33
249,5,210,544,33
249,5,544,33
249,18,19,25,24,544,33
249,5,24,544,328
249,5,210,544,328
249,5,544,328
249,18,19,25,24,544,328
250,238
255,256
258,224,259
264,150
266,267
268,269
268,269,249,402
268,485
268,485,229
268,269,249,5,544
268,269,249,18,19,25,24,544
268,269,249,5,24,544,33
268,269,249,5,210,544,33
268,269,249,5,544,33
268,269,249,18,19,25,24,5,210,544,33
268,269,249,18,19,25,24,5,544,33
268,269,249,18,19,25,24,544,33
268,269,249,5,24,544,328
268,269,249,5,210,544,328
268,269,249,5,544,328
268,269,249,18,19,25,24,5,210,544,328
268,269,249,18,19,25,24,5,544,328
268,269,249,18,19,25,24,544,328
269,249,402
269,268,485
269,268,485,229
269,249,5,544
269,249,18,19,25,24,544
269,249,5,24,544,33
269,249,5,210,544,33
269,249,5,544,33
269,249,18,19,25,24,5,210,544,33
269,249,18,19,25,24,5,544,33
269,249,18,19,25,24,544,33
269,249,5,24,544,328
269,249,5,210,544,328
269,249,5,544,328
269,249,18,19,25,24,5,210,544,328
269,249,18,19,25,24,5,544,328
269,249,18,19,25,24,544,328
274,275
274,321
274,337
274,275,387
274,275,44,467
274,337,498,497,44,467
274,275,44,497
274,337,498,497
274,275,44,497,498
274,337,498
274,275,529
274,275,529,541
275,274,321
275,44,497,498,337,274,321
275,274,337
275,44,497,498,337
275,387
275,274,337,498,497,44,467
275,44,467
275,274,337,498,497
275,44,497
275,274,337,498
275,44,497,498
275,529
275,529,541
280,114,444,443
280,114,444
292,293
292,453,293
292,453
292,293,453,454
292,293,453,455,454
292,453,454
292,453,455,454
292,293,453,330
292,453,330
292,293,453,455
292,453,455
293,453
293,453,454
293,453,455,454
293,453,330
293,453,455
302,153
304,305
304,306
304,307
305,304,306
305,304,307
306,304,307
313,314
320,135
321,274,337
321,274,275,387
321,274,337,498,497,44,275,387
321,274,275,44,467
321,274,337,498,497,44,467
321,274,275,44,497
321,274,337,498,497
321,274,275,44,497,498
321,274,337,498
321,274,275,529
321,274,337,498,497,44,275,529
321,274,275,529,541
321,274,337,498,497,44,275,529,541
327,591
327,591,495
327,591,35
334,335
334,336
334,410
334,503
334,596
335,334,336
335,334,410
335,334,503
335,334,596
336,334,410
336,334,503
336,334,596
337,274,275,387
337,498,497,44,275,387
337,274,275,44,467
337,498,497,44,467
337,274,275,44,497
337,498,497
337,498
337,274,275,529
337,498,497,44,275,529
337,274,275,529,541
337,498,497,44,275,529,541
339,43
339,363
43,339,363
349,350
349,472
350,349,472
373,374
373,374,445
374,445
377,378
387,275,274,337,498,497,44,467
387,275,44,467
387,275,274,337,498,497
387,275,44,497
387,275,274,337,498
387,275,44,497,498
387,275,529
387,275,529,541
397,398
399,400
399,369
399,400,409
400,399,369
400,409
369,399,400,409
410,334,503
410,334,596
417,418
417,418,13
417,418,470
418,13
418,470
421,89
13,418,470
431,432
431,433
431,434
431,204
432,431,433
432,431,434
432,431,204
433,431,434
433,431,204
434,431,204
443,444
447,448
447,449,478,448
447,449
447,448,478
447,449,478
448,447,449
448,478,449
448,478
449,478
452,315
453,454
453,455,454
453,330
453,455
454,453,330
454,455,453,330
454,455
330,453,455
465,466
467,44,497
467,44,497,498
467,44,275,274,337,498
467,44,497,498,337,274,275,529
467,44,275,529
467,44,497,498,337,274,275,529,541
467,44,275,529,541
402,249,269,268,485
402,249,269,268,485,229
402,249,5,544
402,249,18,19,25,24,544
402,249,5,24,544,33
402,249,5,210,544,33
402,249,5,544,33
402,249,18,19,25,24,5,210,544,33
402,249,18,19,25,24,5,544,33
402,249,18,19,25,24,544,33
402,249,5,24,544,328
402,249,5,210,544,328
402,249,5,544,328
402,249,18,19,25,24,5,210,544,328
402,249,18,19,25,24,5,544,328
402,249,18,19,25,24,544,328
475,218,632
485,229
485,268,269,249,5,544
485,268,269,249,18,19,25,24,544
485,268,269,249,5,24,544,33
485,268,269,249,5,210,544,33
485,268,269,249,5,544,33
485,268,269,249,18,19,25,24,5,210,544,33
485,268,269,249,18,19,25,24,5,544,33
485,268,269,249,18,19,25,24,544,33
485,268,269,249,5,24,544,328
485,268,269,249,5,210,544,328
485,268,269,249,5,544,328
485,268,269,249,18,19,25,24,5,210,544,328
485,268,269,249,18,19,25,24,5,544,328
485,268,269,249,18,19,25,24,544,328
229,485,268,269,249,5,544
229,485,268,269,249,18,19,25,24,544
229,485,268,269,249,5,24,544,33
229,485,268,269,249,5,210,544,33
229,485,268,269,249,5,544,33
229,485,268,269,249,18,19,25,24,5,210,544,33
229,485,268,269,249,18,19,25,24,5,544,33
229,485,268,269,249,18,19,25,24,544,33
229,485,268,269,249,5,24,544,328
229,485,268,269,249,5,210,544,328
229,485,268,269,249,5,544,328
229,485,268,269,249,18,19,25,24,5,210,544,328
229,485,268,269,249,18,19,25,24,5,544,328
229,485,268,269,249,18,19,25,24,544,328
491,122
497,498
497,498,337,274,275,529
497,44,275,529
497,498,337,274,275,529,541
497,44,275,529,541
498,497,44,275,529
498,337,274,275,529
498,497,44,275,529,541
498,337,274,275,529,541
501,53
503,334,596
507,91
515,257
515,257,557
257,557
521,173,574
524,458
529,541
530,64,535
530,64,603
534,379
535,64,603
544,33
544,328
33,544,328
571,214
588,59
591,495
591,35
495,591,35
609,610
609,610,42
609,610,592
610,42
610,592
619,309
359,139,523
359,139,90
523,139,90
42,610,592
