[29, 113]
[76, 97, 270]
[84, 18, 40, 44]
[134, 14, 42]
[149, 46, 39]
[218, 146]
[92, 6, 7]
[24, 25, 18]
[151, 152]
[43, 247]
[162, 133]
[42, 33]
[75, 76, 97, 112, 176]
[97, 112, 99]
[172, 173]
[202, 18]
[138, 202, 18, 40]
[97, 144, 198]
[253, 254]
[262, 28, 29, 120]
[36, 37, 276]
[28, 18, 40]
[258, 232]
[263, 161]
[264, 72, 21]
[75, 76, 97, 218, 112, 176]
[54, 55]
[246, 44]
[138, 202]
[59, 29, 41]
[262, 28, 29, 63]
[97, 112, 98]
[211, 134, 14, 259]
[145, 21]
[153, 10, 11]
[38, 39]
[89, 90]
[193, 194]
[211, 134, 14, 42]
[218, 112, 98, 123]
[24, 18, 84]
[59, 18]
[36, 60]
[199, 127]
[97, 112, 218, 146]
[185, 186]
[14, 142, 143, 112, 98, 99]
[211, 134, 14, 42, 33]
[149, 46]
[130, 27]
[122, 123]
[129, 19]
[143, 112, 176]
[228, 94]
[15, 271]
[71, 46]
[69, 70]
[158, 18]
[231, 27]
[28, 29, 63, 96]
[243, 107]
[61, 81]
[75, 92, 148]
[158, 18, 19]
[59, 29]
[262, 28, 44]
[28, 29, 72, 21]
[2, 117]
[211, 134, 14, 15, 190]
[76, 97, 98, 99]
[175, 3]
[240, 241]
[194, 248]
[75, 92, 210]
[76, 97, 112, 176]
[232, 233]
[59, 29, 63]
[262, 28, 29, 41]
[84, 18, 44]
[76, 97, 218, 112, 99]
[159, 105]
[66, 67]
[14, 142, 143, 112, 218, 146]
[211, 134, 14, 142, 143, 112, 176]
[84, 18]
[118, 174]
[112, 98, 123]
[10, 198]
[172, 18]
[251, 27]
[14, 142, 143, 112, 218]
[211, 134]
[95, 21]
[37, 276]
[97, 218, 112, 99]
[138, 202, 18, 84]
[262, 28, 18, 44]
[211, 134, 14, 33]
[28, 18, 84]
[98, 99]
[212, 51]
[129, 267]
[112, 218]
[22, 23]
[218, 112, 98, 99]
[97, 218, 112, 98]
[30, 31, 49]
[134, 14, 33]
[28, 44]
[76, 97, 218, 112, 176]
[262, 28, 18, 40, 44]
[2, 3]
[197, 46, 39]
[108, 109, 16]
[202, 18, 19]
[163, 27]
[87, 88]
[16, 83]
[75, 76, 97, 218]
[103, 67]
[46, 39]
[257, 47, 48]
[262, 28, 29, 135]
[12, 81]
[12, 18, 84]
[14, 142, 143, 112]
[29, 135]
[75, 76, 97, 218, 112, 98]
[24, 25, 18, 84]
[108, 109, 16, 83]
[262, 28, 29, 63, 64]
[223, 27]
[180, 181]
[262, 28, 29, 72]
[262, 28, 189]
[97, 218, 112, 98, 99]
[75, 92, 128]
[97, 218]
[172, 18, 84]
[75, 76, 97, 239]
[211, 134, 14, 142]
[112, 218, 146]
[158, 18, 40, 44]
[102, 80]
[2, 91]
[140, 141]
[170, 67]
[75, 76, 97, 218, 112, 99]
[201, 44]
[97, 112, 98, 99]
[26, 27]
[224, 94]
[45, 72]
[211, 134, 14, 142, 182]
[138, 18, 19]
[164, 165]
[169, 183]
[14, 142, 143, 146]
[262, 28, 29, 113]
[152, 10, 11]
[157, 27]
[172, 18, 19]
[203, 86]
[108, 109, 16, 17]
[63, 64]
[191, 192]
[0, 50, 51]
[172, 242]
[73, 74]
[59, 18, 44]
[262, 28, 18]
[262, 28, 18, 40]
[76, 97, 144, 198]
[25, 18, 84]
[54, 245]
[87, 224, 94]
[142, 150]
[217, 145, 21]
[195, 196]
[211, 134, 150]
[29, 41]
[102, 80, 103, 67]
[187, 188]
[31, 49]
[121, 74]
[213, 214]
[56, 141]
[45, 46]
[268, 269]
[200, 174]
[75, 92, 6]
[79, 80, 103, 67]
[76, 97, 144]
[12, 18, 40]
[114, 27]
[275, 39]
[229, 230]
[76, 97, 112, 98, 123]
[134, 14, 142, 143, 112, 98, 99]
[47, 133]
[138, 18, 44]
[134, 14, 142]
[15, 190]
[10, 11]
[211, 134, 14]
[178, 179]
[211, 134, 14, 15]
[0, 43, 247]
[202, 18, 84]
[142, 143, 112, 98]
[134, 150]
[166, 167]
[0, 50, 110]
[29, 63]
[134, 14]
[97, 239]
[24, 25, 18, 40, 44]
[76, 97, 218, 146]
[92, 128]
[262, 28, 29]
[0, 1]
[59, 29, 72, 21]
[112, 98, 99]
[59, 29, 135]
[106, 107]
[142, 143, 112, 99]
[50, 110]
[76, 97, 146]
[91, 117]
[77, 78, 209]
[36, 122, 123]
[134, 14, 142, 143, 112, 218, 146]
[166, 255]
[257, 47]
[215, 3]
[75, 76, 97, 112, 98]
[24, 18, 19]
[28, 18, 44]
[29, 72]
[59, 18, 40]
[76, 97, 112, 98]
[76, 97, 218, 112, 98]
[134, 14, 142, 143, 112, 218]
[125, 177]
[252, 20]
[218, 112, 99]
[97, 218, 112, 98, 123]
[235, 27]
[138, 202, 18, 44]
[168, 169, 183]
[6, 11]
[262, 28, 18, 84]
[18, 19]
[61, 39]
[97, 112, 218]
[109, 16, 83]
[25, 18, 40]
[75, 76, 97, 112]
[30, 31]
[76, 97, 112, 99]
[142, 182]
[228, 177]
[28, 29, 39]
[142, 143, 112, 176]
[172, 18, 40, 44]
[211, 134, 14, 142, 143, 112]
[143, 112, 218, 146]
[14, 142, 143, 112, 98, 123]
[38, 19]
[20, 21]
[225, 109, 16, 17]
[274, 232]
[12, 18, 44]
[2, 91, 117]
[76, 97, 218, 112]
[218, 112]
[236, 232, 233]
[71, 72, 21]
[85, 86]
[75, 76, 97, 98]
[28, 29]
[0, 212, 51]
[50, 51]
[149, 72, 21]
[264, 72]
[134, 33]
[109, 16]
[211, 134, 33]
[56, 19]
[197, 46]
[140, 19]
[98, 123]
[59, 29, 120]
[222, 58]
[205, 206]
[215, 117]
[75, 76, 97, 146]
[25, 18, 40, 44]
[87, 88, 177]
[75, 76, 97, 112, 99]
[92, 6, 11]
[84, 18, 40]
[258, 232, 233]
[211, 134, 14, 142, 143, 146]
[28, 18]
[45, 46, 39]
[102, 80, 103]
[59, 29, 39]
[78, 209]
[142, 143, 112, 218, 146]
[104, 105]
[139, 91, 3]
[70, 186]
[162, 48]
[75, 76]
[54, 133]
[40, 44]
[277, 181]
[8, 9]
[12, 145]
[12, 242]
[68, 44]
[59, 18, 84]
[12, 18]
[12, 266]
[0, 110]
[75, 76, 97, 112, 218]
[168, 169]
[25, 18, 44]
[71, 46, 39]
[134, 14, 42, 33]
[75, 76, 97, 144]
[115, 133]
[29, 63, 64]
[124, 125, 177]
[226, 208]
[75, 92, 171]
[147, 148]
[28, 18, 19]
[136, 19]
[97, 112]
[97, 112, 98, 123]
[65, 27]
[29, 72, 21]
[75, 76, 97, 218, 112]
[134, 137]
[134, 14, 142, 143, 112, 98, 123]
[79, 80, 103]
[14, 142, 182]
[28, 29, 120]
[155, 156]
[59, 189]
[262, 28]
[2, 91, 3]
[12, 145, 21]
[18, 44]
[109, 16, 17]
[139, 3]
[207, 208]
[61, 13]
[142, 143]
[12, 18, 40, 44]
[138, 18, 84]
[202, 18, 44]
[152, 10]
[134, 14, 259]
[79, 80]
[76, 97, 112, 218]
[143, 112, 99]
[134, 14, 142, 182]
[24, 18]
[28, 29, 135]
[24, 18, 40, 44]
[61, 204]
[211, 134, 14, 142, 143, 112, 218]
[97, 146]
[143, 112, 218]
[12, 39]
[118, 119]
[138, 202, 18, 40, 44]
[218, 112, 98]
[14, 15, 271]
[225, 109, 16]
[142, 143, 112, 98, 123]
[75, 92, 6, 11]
[76, 97, 239]
[143, 112, 98]
[219, 179]
[18, 40, 44]
[82, 39]
[126, 127]
[158, 18, 40]
[220, 221]
[138, 202, 18, 19]
[217, 145]
[131, 132]
[92, 210]
[63, 96]
[87, 224]
[69, 70, 186]
[14, 142, 143, 112, 176]
[36, 122]
[151, 152, 10]
[262, 28, 29, 39]
[155, 234]
[211, 134, 14, 142, 143, 112, 98, 123]
[75, 76, 97, 218, 112, 98, 99]
[116, 3]
[14, 142]
[52, 154]
[12, 13]
[97, 144]
[97, 218, 112]
[138, 189]
[138, 18, 40, 44]
[112, 176]
[24, 25, 18, 19]
[53, 117]
[154, 3]
[97, 98]
[14, 142, 150]
[59, 29, 113]
[76, 97, 112]
[75, 76, 97, 270]
[200, 119]
[93, 94]
[138, 202, 18]
[193, 194, 248]
[36, 37]
[138, 18, 40]
[52, 53]
[100, 101]
[144, 198]
[227, 194]
[77, 78]
[134, 14, 15, 190]
[134, 14, 142, 143, 112, 99]
[202, 18, 40]
[80, 103, 67]
[211, 134, 14, 142, 143, 112, 98, 99]
[97, 218, 146]
[25, 18]
[108, 109]
[92, 148]
[236, 232]
[97, 98, 99]
[75, 76, 97, 218, 146]
[139, 117]
[0, 212]
[76, 97, 218, 112, 98, 123]
[124, 125]
[158, 18, 44]
[116, 117]
[32, 33]
[52, 53, 117]
[75, 92]
[134, 14, 142, 143, 112, 98]
[14, 42]
[16, 17]
[175, 117]
[12, 18, 19]
[57, 58]
[71, 72]
[264, 46]
[211, 134, 14, 142, 143, 112, 98]
[14, 42, 33]
[124, 93]
[202, 18, 40, 44]
[272, 273]
[152, 10, 198]
[227, 192]
[72, 21]
[142, 143, 112, 98, 99]
[211, 134, 14, 142, 143, 112, 218, 146]
[80, 103]
[0, 50]
[143, 112, 98, 123]
[47, 48]
[61, 62]
[14, 142, 143]
[142, 143, 112]
[143, 112, 98, 99]
[75, 76, 97, 98, 99]
[256, 230]
[151, 152, 10, 11]
[124, 93, 94]
[24, 18, 44]
[28, 29, 63]
[252, 20, 21]
[24, 25, 18, 40]
[59, 29, 63, 96]
[75, 76, 97]
[262, 28, 29, 63, 96]
[97, 270]
[211, 265]
[264, 46, 39]
[92, 171]
[249, 250]
[227, 194, 248]
[262, 28, 18, 19]
[97, 98, 123]
[18, 84]
[52, 154, 3]
[262, 28, 29, 72, 21]
[172, 18, 40]
[184, 27]
[14, 33]
[14, 259]
[225, 109]
[25, 18, 19]
[6, 7]
[149, 72]
[29, 120]
[142, 143, 146]
[211, 134, 14, 15, 271]
[244, 27]
[134, 14, 142, 143]
[211, 134, 14, 142, 143, 112, 99]
[260, 261]
[134, 14, 15]
[75, 76, 97, 218, 112, 98, 123]
[211, 134, 14, 142, 150]
[28, 29, 41]
[151, 152, 10, 198]
[14, 15, 190]
[59, 44]
[97, 112, 176]
[225, 109, 16, 83]
[45, 72, 21]
[54, 48]
[14, 142, 143, 112, 98]
[211, 134, 137]
[143, 146]
[0, 43]
[237, 238]
[36, 198]
[142, 143, 112, 218]
[76, 97, 112, 98, 99]
[134, 128]
[14, 15]
[59, 18, 40, 44]
[76, 97, 218]
[218, 112, 176]
[257, 47, 133]
[75, 76, 97, 112, 98, 123]
[88, 177]
[28, 29, 113]
[75, 76, 97, 144, 198]
[112, 99]
[29, 63, 96]
[76, 97, 112, 218, 146]
[115, 48]
[274, 232, 233]
[134, 14, 142, 143, 146]
[28, 18, 40, 44]
[216, 27]
[76, 97, 218, 112, 98, 99]
[172, 18, 44]
[97, 218, 112, 176]
[138, 18]
[75, 76, 97, 98, 123]
[24, 18, 40]
[111, 19]
[139, 91]
[12, 204]
[59, 29, 63, 64]
[24, 25, 18, 44]
[75, 92, 6, 7]
[139, 91, 117]
[143, 112]
[153, 10, 198]
[18, 40]
[59, 29, 72]
[28, 29, 63, 64]
[75, 76, 97, 112, 98, 99]
[4, 5]
[153, 10]
[28, 29, 72]
[84, 18, 19]
[91, 3]
[76, 97, 98]
[28, 189]
[134, 14, 142, 150]
[160, 161]
[134, 14, 15, 271]
[134, 14, 142, 143, 112]
[29, 39]
[134, 14, 142, 143, 112, 176]
[14, 142, 143, 112, 99]
[75, 76, 97, 112, 218, 146]
[34, 35]
[211, 134, 128]
[211, 134, 14, 142, 143]
[24, 25]
[76, 97]
[76, 97, 98, 123]
[59, 18, 19]
[158, 18, 84]
[92, 6]
[112, 98]
