5,6
22,23
27,28
27,568,569,34,232,28
27,568,569,34,473,28
27,28,473,34,232
27,28,232
27,568,569,34,232
27,568,569,34,473,28,232
27,28,473,34
27,28,232,34
27,568,569,34
27,28,473,34,232,233
27,28,232,233
27,568,569,34,232,233
27,568,569,34,473,28,232,233
27,28,473,34,232,234
27,28,232,234
27,568,569,34,232,234
27,568,569,34,473,28,232,234
27,28,473
27,568,569,34,473
27,28,473,387
27,28,232,34,473,387
27,568,569,34,232,28,473,387
27,568,569,34,473,387
27,28,473,474
27,28,232,34,473,474
27,568,569,34,232,28,473,474
27,568,569,34,473,474
27,28,177
27,568,569,34,232,28,177
27,568,569,34,473,28,177
27,568
27,28,473,34,569
27,28,232,34,569
27,568,569
27,28,473,34,569,82
27,28,232,34,569,82
27,568,569,82
27,28,473,34,569,429
27,28,232,34,569,429
27,568,569,429
28,473,34,232
28,232
28,27,568,569,34
28,473,34
28,232,34
28,27,568,569,34,232,233
28,473,34,232,233
28,232,233
28,27,568,569,34,232,234
28,473,34,232,234
28,232,234
28,473
28,27,568,569,34,473,387
28,473,387
28,232,34,473,387
28,27,568,569,34,473,474
28,473,474
28,232,34,473,474
28,177
28,27,568
28,473,34,569,568
28,232,34,569,568
28,27,568,569
28,473,34,569
28,232,34,569
28,27,568,569,82
28,473,34,569,82
28,232,34,569,82
28,27,568,569,429
28,473,34,569,429
28,232,34,569,429
52,53
52,53,175,74,73
52,53,175,74
52,53,175,156,155
52,53,175,156
52,53,175,174
52,53,175
52,53,175,176
52,53,175,225
52,53,175,74,297
52,53,175,74,299
52,53,175,74,314
52,53,175,347
52,53,175,74,375
52,53,175,377
52,53,175,397
52,53,175,74,428
52,53,175,74,465
52,53,175,74,539
52,53,175,74,546
52,53,175,74,580
53,175,74,73
53,175,74
53,175,156,155
53,175,156
53,175,174
53,175
53,175,176
53,175,225
53,175,74,297
53,175,74,299
53,175,74,314
53,175,347
53,175,74,375
53,175,377
53,175,397
53,175,74,428
53,175,74,465
53,175,74,539
53,175,74,546
53,175,74,580
73,74
73,74,175,156,155
73,74,175,156
73,74,175,174
73,74,175
73,74,175,176
73,74,175,225
73,74,297
73,74,299
73,74,314
73,74,175,347
73,74,375
73,74,175,377
73,74,175,397
73,74,428
73,74,465
73,74,539
73,74,546
73,74,580
74,175,156,155
74,175,156
74,175,174
74,175
74,175,176
74,175,225
74,297
74,299
74,314
74,175,347
74,375
74,175,377
74,175,397
74,428
74,465
74,539
74,546
74,580
75,76
75,76,228
76,228
112,10
112,10,544
10,544
115,116
115,116,111,135
115,116,135
115,116,111
116,111,135
116,135
116,111
119,120
121,122
135,111
148,99
148,99,335
148,99,335,551
99,335
99,335,551
150,151
150,152
151,150,152
155,156
155,156,175,174
155,156,175
155,156,175,176
155,156,175,225
155,156,175,74,297
155,156,175,74,299
155,156,175,74,314
155,156,175,347
155,156,175,74,375
155,156,175,377
155,156,175,397
155,156,175,74,428
155,156,175,74,465
155,156,175,74,539
155,156,175,74,546
155,156,175,74,580
156,175,174
156,175
156,175,176
156,175,225
156,175,74,297
156,175,74,299
156,175,74,314
156,175,347
156,175,74,375
156,175,377
156,175,397
156,175,74,428
156,175,74,465
156,175,74,539
156,175,74,546
156,175,74,580
174,175
174,175,176
174,175,225
174,175,74,297
174,175,74,299
174,175,74,314
174,175,347
174,175,74,375
174,175,377
174,175,397
174,175,74,428
174,175,74,465
174,175,74,539
174,175,74,546
174,175,74,580
175,176
175,225
175,74,297
175,74,299
175,74,314
175,347
175,74,375
175,377
175,397
175,74,428
175,74,465
175,74,539
175,74,546
175,74,580
176,175,225
176,175,74,297
176,175,74,299
176,175,74,314
176,175,347
176,175,74,375
176,175,377
176,175,397
176,175,74,428
176,175,74,465
176,175,74,539
176,175,74,546
176,175,74,580
186,170
208,209
208,247
208,247,248
208,247,249
208,247,250
208,247,251
208,247,252
208,247,248,294,293
208,247,248,294
209,208,247
209,208,247,248
209,208,247,249
209,208,247,250
209,208,247,251
209,208,247,252
209,208,247,248,294,293
209,208,247,248,294
225,175,74,297
225,175,74,299
225,175,74,314
225,175,347
225,175,74,375
225,175,377
225,175,397
225,175,74,428
225,175,74,465
225,175,74,539
225,175,74,546
225,175,74,580
232,34
232,233
232,234
232,34,473
232,28,473
232,34,473,387
232,28,473,387
232,34,473,474
232,28,473,474
232,34,473,28,177
232,28,177
232,34,473,28,27,568
232,34,569,568
232,28,27,568
232,28,473,34,569,568
232,34,569
232,28,27,568,569
232,28,473,34,569
232,34,473,28,27,568,569,82
232,34,569,82
232,28,27,568,569,82
232,28,473,34,569,82
232,34,473,28,27,568,569,429
232,34,569,429
232,28,27,568,569,429
232,28,473,34,569,429
34,232,233
34,232,234
34,473
34,473,387
34,473,474
34,232,28,177
34,473,28,177
34,569,568,27,28,177
34,232,28,27,568
34,473,28,27,568
34,569,568
34,569
34,232,28,27,568,569,82
34,473,28,27,568,569,82
34,569,82
34,232,28,27,568,569,429
34,473,28,27,568,569,429
34,569,429
233,232,234
233,232,34,473
233,232,28,473
233,232,34,473,387
233,232,34,569,568,27,28,473,387
233,232,28,473,387
233,232,34,473,474
233,232,34,569,568,27,28,473,474
233,232,28,473,474
233,232,34,473,28,177
233,232,34,569,568,27,28,177
233,232,28,177
233,232,34,473,28,27,568
233,232,34,569,568
233,232,28,27,568
233,232,28,473,34,569,568
233,232,34,569
233,232,28,27,568,569
233,232,28,473,34,569
233,232,34,473,28,27,568,569,82
233,232,34,569,82
233,232,28,27,568,569,82
233,232,28,473,34,569,82
233,232,34,473,28,27,568,569,429
233,232,34,569,429
233,232,28,27,568,569,429
233,232,28,473,34,569,429
234,232,34,473
234,232,28,473
234,232,34,473,387
234,232,34,569,568,27,28,473,387
234,232,28,473,387
234,232,34,473,474
234,232,34,569,568,27,28,473,474
234,232,28,473,474
234,232,34,473,28,177
234,232,34,569,568,27,28,177
234,232,28,177
234,232,34,473,28,27,568
234,232,34,569,568
234,232,28,27,568
234,232,28,473,34,569,568
234,232,34,569
234,232,28,27,568,569
234,232,28,473,34,569
234,232,34,473,28,27,568,569,82
234,232,34,569,82
234,232,28,27,568,569,82
234,232,28,473,34,569,82
234,232,34,473,28,27,568,569,429
234,232,34,569,429
234,232,28,27,568,569,429
234,232,28,473,34,569,429
247,248
247,249
247,250
247,251
247,252
247,248,294,293
247,248,294
248,247,249
248,247,250
248,247,251
248,247,252
248,294,293
248,294
249,247,250
249,247,251
249,247,252
249,247,248,294,293
249,247,248,294
250,247,251
250,247,252
250,247,248,294,293
250,247,248,294
251,247,252
251,247,248,294,293
251,247,248,294
252,247,248,294,293
252,247,248,294
279,253
288,289
288,458,289
288,289,458,457
288,458,457
288,458
288,289,458,518
288,458,518
288,289,458,506
288,458,506
289,458,457
289,458
289,458,518
289,458,506
293,294
297,74,299
297,74,314
297,74,175,347
297,74,375
297,74,175,377
297,74,175,397
297,74,428
297,74,465
297,74,539
297,74,546
297,74,580
299,74,314
299,74,175,347
299,74,375
299,74,175,377
299,74,175,397
299,74,428
299,74,465
299,74,539
299,74,546
299,74,580
307,131
314,74,175,347
314,74,375
314,74,175,377
314,74,175,397
314,74,428
314,74,465
314,74,539
314,74,546
314,74,580
335,551
347,175,74,375
347,175,377
347,175,397
347,175,74,428
347,175,74,465
347,175,74,539
347,175,74,546
347,175,74,580
359,360
367,154
369,110
375,74,175,377
375,74,175,397
375,74,428
375,74,465
375,74,539
375,74,546
375,74,580
377,175,397
377,175,74,428
377,175,74,465
377,175,74,539
377,175,74,546
377,175,74,580
397,175,74,428
397,175,74,465
397,175,74,539
397,175,74,546
397,175,74,580
398,323
399,50
405,353
407,408
428,74,465
428,74,539
428,74,546
428,74,580
457,458
457,458,518
457,458,506
458,518
458,506
465,74,539
465,74,546
465,74,580
467,45
473,387
473,474
473,28,177
473,34,569,568
473,28,27,568
473,34,569
473,28,27,568,569
473,34,569,82
473,28,27,568,569,82
473,34,569,429
473,28,27,568,569,429
387,473,474
387,473,34,232,28,177
387,473,34,569,568,27,28,177
387,473,28,177
387,473,34,232,28,27,568
387,473,34,569,568
387,473,28,27,568
387,473,28,232,34,569,568
387,473,34,569
387,473,28,27,568,569
387,473,28,232,34,569
387,473,34,232,28,27,568,569,82
387,473,34,569,82
387,473,28,27,568,569,82
387,473,28,232,34,569,82
387,473,34,232,28,27,568,569,429
387,473,34,569,429
387,473,28,27,568,569,429
387,473,28,232,34,569,429
474,473,34,232,28,177
474,473,34,569,568,27,28,177
474,473,28,177
474,473,34,232,28,27,568
474,473,34,569,568
474,473,28,27,568
474,473,28,232,34,569,568
474,473,34,569
474,473,28,27,568,569
474,473,28,232,34,569
474,473,34,232,28,27,568,569,82
474,473,34,569,82
474,473,28,27,568,569,82
474,473,28,232,34,569,82
474,473,34,232,28,27,568,569,429
474,473,34,569,429
474,473,28,27,568,569,429
474,473,28,232,34,569,429
177,28,27,568
177,28,473,34,569,568
177,28,232,34,569,568
177,28,27,568,569
177,28,473,34,569
177,28,232,34,569
177,28,27,568,569,82
177,28,473,34,569,82
177,28,232,34,569,82
177,28,27,568,569,429
177,28,473,34,569,429
177,28,232,34,569,429
486,113
486,413
486,311
113,486,413
113,486,311
413,486,311
518,458,506
519,217
539,74,546
539,74,580
541,192
546,74,580
561,94
561,270
94,561,270
568,569
568,569,82
568,569,429
569,82
569,429
82,569,429
