21,22
21,245,7,27,28,22
21,245,7,207,545,27,28,22
21,245,7,545,27,28,22
21,22,28,27
21,245,7,27
21,245,7,207,545,27
21,245,7,545,27
21,22,28,27,7
21,22,28,27,545,7
21,22,28,27,545,207,7
21,245,7
21,22,28
21,245,7,27,28
21,245,7,207,545,27,28
21,245,7,545,27,28
21,22,28,27,7,207
21,22,28,27,545,207
21,245,7,207
21,245,7,545,207
21,22,28,27,7,245,244
21,22,28,27,545,7,245,244
21,22,28,27,545,207,7,245,244
21,245,244
21,245
21,22,28,27,7,245,268,267
21,22,28,27,545,7,245,268,267
21,22,28,27,545,207,7,245,268,267
21,245,268,267
21,22,28,27,7,245,268
21,22,28,27,545,7,245,268
21,22,28,27,545,207,7,245,268
21,245,268
21,22,28,27,7,245,395
21,22,28,27,545,7,245,395
21,22,28,27,545,207,7,245,395
21,245,395
21,22,28,27,7,245,268,267,481
21,22,28,27,545,7,245,268,267,481
21,22,28,27,545,207,7,245,268,267,481
21,245,268,267,481
21,22,28,27,7,245,268,267,481,226
21,22,28,27,545,7,245,268,267,481,226
21,22,28,27,545,207,7,245,268,267,481,226
21,245,268,267,481,226
21,22,28,27,545
21,245,7,545
21,22,28,27,7,207,545,35
21,22,28,27,7,545,35
21,22,28,27,545,35
21,245,7,27,545,35
21,245,7,207,545,35
21,245,7,545,35
21,22,28,27,7,207,545,321
21,22,28,27,7,545,321
21,22,28,27,545,321
21,245,7,27,545,321
21,245,7,207,545,321
21,245,7,545,321
22,21,245,7,27
22,21,245,7,207,545,27
22,21,245,7,545,27
22,28,27
22,21,245,7
22,28,27,7
22,28,27,545,7
22,28,27,545,207,7
22,28
22,21,245,7,207
22,21,245,7,545,207
22,28,27,7,207
22,28,27,545,207
22,21,245,244
22,28,27,7,245,244
22,28,27,545,7,245,244
22,28,27,545,207,7,245,244
22,21,245
22,28,27,7,245
22,28,27,545,7,245
22,28,27,545,207,7,245
22,21,245,268,267
22,28,27,7,245,268,267
22,28,27,545,7,245,268,267
22,28,27,545,207,7,245,268,267
22,21,245,268
22,28,27,7,245,268
22,28,27,545,7,245,268
22,28,27,545,207,7,245,268
22,21,245,395
22,28,27,7,245,395
22,28,27,545,7,245,395
22,28,27,545,207,7,245,395
22,21,245,268,267,481
22,28,27,7,245,268,267,481
22,28,27,545,7,245,268,267,481
22,28,27,545,207,7,245,268,267,481
22,21,245,268,267,481,226
22,28,27,7,245,268,267,481,226
22,28,27,545,7,245,268,267,481,226
22,28,27,545,207,7,245,268,267,481,226
22,21,245,7,545
22,28,27,545
22,21,245,7,27,545,35
22,21,245,7,207,545,35
22,21,245,7,545,35
22,28,27,7,207,545,35
22,28,27,7,545,35
22,28,27,545,35
22,21,245,7,27,545,321
22,21,245,7,207,545,321
22,21,245,7,545,321
22,28,27,7,207,545,321
22,28,27,7,545,321
22,28,27,545,321
24,25
27,7
27,545,7
27,545,207,7
27,28
27,7,207
27,28,22,21,245,7,207
27,545,207
27,7,245,244
27,28,22,21,245,244
27,545,7,245,244
27,545,207,7,245,244
27,7,245
27,28,22,21,245
27,545,7,245
27,545,207,7,245
27,7,245,268,267
27,28,22,21,245,268,267
27,545,7,245,268,267
27,545,207,7,245,268,267
27,7,245,268
27,28,22,21,245,268
27,545,7,245,268
27,545,207,7,245,268
27,7,245,395
27,28,22,21,245,395
27,545,7,245,395
27,545,207,7,245,395
27,7,245,268,267,481
27,28,22,21,245,268,267,481
27,545,7,245,268,267,481
27,545,207,7,245,268,267,481
27,7,245,268,267,481,226
27,28,22,21,245,268,267,481,226
27,545,7,245,268,267,481,226
27,545,207,7,245,268,267,481,226
27,545
27,7,207,545,35
27,7,545,35
27,28,22,21,245,7,207,545,35
27,28,22,21,245,7,545,35
27,545,35
27,7,207,545,321
27,7,545,321
27,28,22,21,245,7,207,545,321
27,28,22,21,245,7,545,321
27,545,321
7,27,28
7,207,545,27,28
7,245,21,22,28
7,545,27,28
7,207
7,545,207
7,245,244
7,245
7,245,268,267
7,245,268
7,245,395
7,245,268,267,481
7,245,268,267,481,226
7,545
7,207,545,35
7,545,35
7,207,545,321
7,545,321
28,27,7,207
28,27,545,207
28,22,21,245,7,207
28,22,21,245,7,545,207
28,27,7,245,244
28,27,545,7,245,244
28,27,545,207,7,245,244
28,22,21,245,244
28,27,7,245
28,27,545,7,245
28,27,545,207,7,245
28,22,21,245
28,27,7,245,268,267
28,27,545,7,245,268,267
28,27,545,207,7,245,268,267
28,22,21,245,268,267
28,27,7,245,268
28,27,545,7,245,268
28,27,545,207,7,245,268
28,22,21,245,268
28,27,7,245,395
28,27,545,7,245,395
28,27,545,207,7,245,395
28,22,21,245,395
28,27,7,245,268,267,481
28,27,545,7,245,268,267,481
28,27,545,207,7,245,268,267,481
28,22,21,245,268,267,481
28,27,7,245,268,267,481,226
28,27,545,7,245,268,267,481,226
28,27,545,207,7,245,268,267,481,226
28,22,21,245,268,267,481,226
28,27,545
28,22,21,245,7,545
28,27,7,207,545,35
28,27,7,545,35
28,27,545,35
28,22,21,245,7,207,545,35
28,22,21,245,7,545,35
28,27,7,207,545,321
28,27,7,545,321
28,27,545,321
28,22,21,245,7,207,545,321
28,22,21,245,7,545,321
30,31
40,41
57,58
57,58,212,216
57,58,216
57,58,212
57,58,333
58,212,216
58,216
58,212
58,333
63,64
63,64,149
63,64,600,149
63,64,176
63,64,176,177
63,64,528
63,64,533
63,64,600
64,149
64,600,149
64,176
64,176,177
64,528
64,533
64,600
67,68
76,33
98,44
98,44,492,493,330,275
98,44,276,275
98,44,492,493,330,275,276
98,44,276
98,44,492,493,330,275,316
98,44,276,275,316
98,44,492,493,330
98,44,276,275,330
98,44,463
98,44,492
98,44,492,493
98,44,276,275,330,493
98,44,492,493,330,275,276,527
98,44,276,527
98,44,492,493,330,275,276,527,540
98,44,276,527,540
98,44,492,493,330,275,276,631
98,44,276,631
44,492,493,330,275
44,276,275
44,492,493,330,275,276
44,276
44,492,493,330,275,316
44,276,275,316
44,492,493,330
44,276,275,330
44,463
44,492
44,492,493
44,276,275,330,493
44,492,493,330,275,276,527
44,276,527
44,492,493,330,275,276,527,540
44,276,527,540
44,492,493,330,275,276,631
44,276,631
108,96
109,110
109,111,236,112,110
109,111,281,110
109,112,236,111,281,110
109,112,110
109,111
109,112,236,111
109,112,110,281,111
109,13
109,112
109,110,281,111,236
109,110,112,236
109,111,236
109,112,236
109,110,281
109,111,281
109,112,236,111,281
109,112,110,281
109,110,281,111,437,436
109,110,112,236,111,437,436
109,111,437,436
109,112,236,111,437,436
109,112,110,281,111,437,436
109,110,281,111,437
109,110,112,236,111,437
109,111,437
109,112,236,111,437
109,112,110,281,111,437
110,109,111
110,281,111
110,112,109,111
110,112,236,111
110,109,13
110,281,111,109,13
110,281,111,236,112,109,13
110,112,109,13
110,112,236,111,109,13
110,281,111,236,112
110,112
110,109,111,236
110,281,111,236
110,112,236
110,281
110,109,111,437,436
110,281,111,437,436
110,112,109,111,437,436
110,112,236,111,437,436
110,109,111,437
110,281,111,437
110,112,109,111,437
110,112,236,111,437
111,109,13
111,236,112,109,13
111,281,110,112,109,13
111,109,112
111,236,112
111,281,110,112
111,236
111,281
111,437,436
111,437
13,109,112
13,109,110,281,111,236
13,109,110,112,236
13,109,111,236
13,109,112,236
13,109,110,281
13,109,111,281
13,109,112,236,111,281
13,109,112,110,281
13,109,110,281,111,437,436
13,109,110,112,236,111,437,436
13,109,111,437,436
13,109,112,236,111,437,436
13,109,112,110,281,111,437,436
13,109,110,281,111,437
13,109,110,112,236,111,437
13,109,111,437
13,109,112,236,111,437
13,109,112,110,281,111,437
112,236
112,109,111,281
112,236,111,281
112,110,281
112,109,111,437,436
112,236,111,437,436
112,110,281,111,437,436
112,109,111,437
112,236,111,437
112,110,281,111,437
118,119
118,588,320,185,184
118,588,184
118,588,320,185
118,588,184,185
118,588,320
118,588
118,588,490
118,588,37
119,118,588,320,185,184
119,118,588,184
119,118,588,320,185
119,118,588,184,185
119,118,588,320
119,118,588
119,118,588,490
119,118,588,37
124,125
124,126
124,127
124,128
124,39
125,124,126
125,124,127
125,124,128
125,124,39
126,124,127
126,124,128
126,124,39
127,124,128
127,124,39
128,124,39
134,135
134,135,352
134,135,520
134,135,90
135,352
135,520
135,90
144,145
146,147
146,147,187
146,147,347
147,187
147,347
149,64,176
149,600,64,176
149,64,176,177
149,600,64,176,177
149,64,528
149,600,64,528
149,64,533
149,600,64,533
149,600
151,152
151,153
151,621
152,151,153
152,151,621
153,151,621
167,168
167,168,518
167,168,572
168,518
168,572
169,170
176,177
176,64,528
176,64,533
176,64,600
177,176,64,528
177,176,64,533
177,176,64,600
181,182
184,185
184,588,320,185
184,185,320
184,588,320
184,588
184,185,320,588,490
184,588,490
184,185,320,588,37
184,588,37
185,320
185,184,588
185,320,588
185,184,588,490
185,320,588,490
185,184,588,37
185,320,588,37
187,147,347
190,191
190,191,465
191,465
193,194
193,12
193,194,562
194,193,12
194,562
12,193,194,562
198,199
198,231
199,198,231
203,204
203,204,373,372
203,204,373
204,373,372
204,373
205,206
205,263
206,205,263
207,7,27,28,22,21,245,244
207,7,245,244
207,545,7,245,244
207,545,27,28,22,21,245,244
207,7,245
207,545,7,245
207,545,27,28,22,21,245
207,7,27,28,22,21,245,268,267
207,7,245,268,267
207,545,7,245,268,267
207,545,27,28,22,21,245,268,267
207,7,27,28,22,21,245,268
207,7,245,268
207,545,7,245,268
207,545,27,28,22,21,245,268
207,7,27,28,22,21,245,395
207,7,245,395
207,545,7,245,395
207,545,27,28,22,21,245,395
207,7,27,28,22,21,245,268,267,481
207,7,245,268,267,481
207,545,7,245,268,267,481
207,545,27,28,22,21,245,268,267,481
207,7,27,28,22,21,245,268,267,481,226
207,7,245,268,267,481,226
207,545,7,245,268,267,481,226
207,545,27,28,22,21,245,268,267,481,226
207,545
207,545,35
207,545,321
213,214
213,214,472
213,214,632
214,472
214,632
216,212
216,212,58,333
216,58,333
212,58,333
217,218
219,220
219,220,254
219,220,255
220,254
220,255
236,111,281
236,112,109,110,281
236,112,110,281
236,111,437,436
236,112,109,110,281,111,437,436
236,112,110,281,111,437,436
236,111,437
236,112,109,110,281,111,437
236,112,110,281,111,437
240,47
244,245
244,245,268,267
244,245,268
244,245,395
244,245,268,267,481
244,245,268,267,481,226
244,245,7,545
244,245,21,22,28,27,545
244,245,7,27,545,35
244,245,7,207,545,35
244,245,7,545,35
244,245,21,22,28,27,7,207,545,35
244,245,21,22,28,27,7,545,35
244,245,21,22,28,27,545,35
244,245,7,27,545,321
244,245,7,207,545,321
244,245,7,545,321
244,245,21,22,28,27,7,207,545,321
244,245,21,22,28,27,7,545,321
244,245,21,22,28,27,545,321
245,268,267
245,268
245,395
245,268,267,481
245,268,267,481,226
245,7,545
245,21,22,28,27,545
245,7,27,545,35
245,7,207,545,35
245,7,545,35
245,21,22,28,27,545,35
245,7,27,545,321
245,7,207,545,321
245,7,545,321
245,21,22,28,27,545,321
246,235
251,252
254,220,255
265,266
267,268
267,268,245,395
267,481
267,481,226
267,268,245,7,545
267,268,245,21,22,28,27,545
267,268,245,7,27,545,35
267,268,245,7,207,545,35
267,268,245,7,545,35
267,268,245,21,22,28,27,7,207,545,35
267,268,245,21,22,28,27,7,545,35
267,268,245,21,22,28,27,545,35
267,268,245,7,27,545,321
267,268,245,7,207,545,321
267,268,245,7,545,321
267,268,245,21,22,28,27,7,207,545,321
267,268,245,21,22,28,27,7,545,321
267,268,245,21,22,28,27,545,321
268,245,395
268,267,481
268,267,481,226
268,245,7,545
268,245,21,22,28,27,545
268,245,7,27,545,35
268,245,7,207,545,35
268,245,7,545,35
268,245,21,22,28,27,7,207,545,35
268,245,21,22,28,27,7,545,35
268,245,21,22,28,27,545,35
268,245,7,27,545,321
268,245,7,207,545,321
268,245,7,545,321
268,245,21,22,28,27,7,207,545,321
268,245,21,22,28,27,7,545,321
268,245,21,22,28,27,545,321
270,271
275,276
275,316
275,330
275,276,44,463
275,330,493,492,44,463
275,276,44,492
275,330,493,492
275,276,44,492,493
275,330,493
275,276,527
275,276,527,540
275,276,631
276,275,316
276,44,492,493,330,275,316
276,275,330
276,44,492,493,330
276,275,330,493,492,44,463
276,44,463
276,275,330,493,492
276,44,492
276,275,330,493
276,44,492,493
276,527
276,527,540
276,631
281,111,437,436
281,111,437
292,293
292,448,293
292,448
292,293,448,449
292,293,448,450,449
292,448,449
292,448,450,449
292,293,448,323
292,448,323
292,293,448,450
292,448,450
293,448
293,448,449
293,448,450,449
293,448,323
293,448,450
300,150
302,303
302,304
302,305
303,302,304
303,302,305
304,302,305
315,131
316,275,330
316,275,276,44,463
316,275,330,493,492,44,463
316,275,276,44,492
316,275,330,493,492
316,275,276,44,492,493
316,275,330,493
316,275,276,527
316,275,330,493,492,44,276,527
316,275,276,527,540
316,275,330,493,492,44,276,527,540
316,275,276,631
316,275,330,493,492,44,276,631
320,588
320,588,490
320,588,37
327,328
327,329
327,403
327,497
327,593
328,327,329
328,327,403
328,327,497
328,327,593
329,327,403
329,327,497
329,327,593
330,275,276,44,463
330,493,492,44,463
330,275,276,44,492
330,493,492
330,493
330,275,276,527
330,493,492,44,276,527
330,275,276,527,540
330,493,492,44,276,527,540
330,275,276,631
330,493,492,44,276,631
332,43
332,356
43,332,356
342,343
342,468
343,342,468
368,369
368,369,438
369,438
372,373
390,391
392,393
392,363
392,393,402
393,392,363
393,402
363,392,393,402
403,327,497
403,327,593
411,412
411,412,15
411,412,466
412,15
412,466
416,89
15,412,466
423,424
423,425
423,426
423,201
424,423,425
424,423,426
424,423,201
425,423,426
425,423,201
426,423,201
436,437
440,441
440,442,475,441
440,442
440,441,475
440,442,475
441,440,442
441,475,442
441,475
442,475
445,310
448,449
448,450,449
448,323
448,450
449,448,323
449,450,448,323
449,450
323,448,450
461,462
463,44,492
463,44,492,493
463,44,276,275,330,493
463,44,492,493,330,275,276,527
463,44,276,527
463,44,492,493,330,275,276,527,540
463,44,276,527,540
463,44,492,493,330,275,276,631
463,44,276,631
395,245,268,267,481
395,245,268,267,481,226
395,245,7,545
395,245,21,22,28,27,545
395,245,7,27,545,35
395,245,7,207,545,35
395,245,7,545,35
395,245,21,22,28,27,7,207,545,35
395,245,21,22,28,27,7,545,35
395,245,21,22,28,27,545,35
395,245,7,27,545,321
395,245,7,207,545,321
395,245,7,545,321
395,245,21,22,28,27,7,207,545,321
395,245,21,22,28,27,7,545,321
395,245,21,22,28,27,545,321
472,214,632
481,226
481,267,268,245,7,545
481,267,268,245,21,22,28,27,545
481,267,268,245,7,27,545,35
481,267,268,245,7,207,545,35
481,267,268,245,7,545,35
481,267,268,245,21,22,28,27,7,207,545,35
481,267,268,245,21,22,28,27,7,545,35
481,267,268,245,21,22,28,27,545,35
481,267,268,245,7,27,545,321
481,267,268,245,7,207,545,321
481,267,268,245,7,545,321
481,267,268,245,21,22,28,27,7,207,545,321
481,267,268,245,21,22,28,27,7,545,321
481,267,268,245,21,22,28,27,545,321
226,481,267,268,245,7,545
226,481,267,268,245,21,22,28,27,545
226,481,267,268,245,7,27,545,35
226,481,267,268,245,7,207,545,35
226,481,267,268,245,7,545,35
226,481,267,268,245,21,22,28,27,7,207,545,35
226,481,267,268,245,21,22,28,27,7,545,35
226,481,267,268,245,21,22,28,27,545,35
226,481,267,268,245,7,27,545,321
226,481,267,268,245,7,207,545,321
226,481,267,268,245,7,545,321
226,481,267,268,245,21,22,28,27,7,207,545,321
226,481,267,268,245,21,22,28,27,7,545,321
226,481,267,268,245,21,22,28,27,545,321
486,120
492,493
492,493,330,275,276,527
492,44,276,527
492,493,330,275,276,527,540
492,44,276,527,540
492,493,330,275,276,631
492,44,276,631
493,492,44,276,527
493,330,275,276,527
493,492,44,276,527,540
493,330,275,276,527,540
493,492,44,276,631
493,330,275,276,631
495,53
497,327,593
503,91
511,253
511,253,555
253,555
518,168,572
521,453
527,540
527,276,631
528,64,533
528,64,600
532,374
533,64,600
540,527,276,631
544,499
545,35
545,321
35,545,321
568,211
584,59
588,490
588,37
490,588,37
605,606
605,606,42
605,606,589
606,42
606,589
616,307
352,135,520
352,135,90
520,135,90
42,606,589
