6,7
6,7,107
6,7,637
6,7,1073
7,107
7,637
7,1073
34,35
34,35,960,562,561
34,35,1202,562,561
34,35,960,562
34,35,1202,562
34,35,960,562,609
34,35,1202,562,609
34,35,960
34,35,1202,562,960
34,35,1050
34,35,1114
34,35,1202
35,960,562,561
35,1202,562,561
35,960,562
35,1202,562
35,960,562,609
35,1202,562,609
35,960
35,1202,562,960
35,1050
35,1114
35,1202
37,38
37,39
37,40
37,41,44,40
37,41
37,40,44
37,41,44
37,40,44,41,45
37,41,45
37,40,44,41,46
37,41,46
37,38,54
38,37,39
38,37,40
38,37,41,44,40
38,37,41
38,37,40,44
38,37,41,44
38,37,40,44,41,45
38,37,41,45
38,37,40,44,41,46
38,37,41,46
38,54
39,37,40
39,37,41,44,40
39,37,41
39,37,40,44
39,37,41,44
39,37,40,44,41,45
39,37,41,45
39,37,40,44,41,46
39,37,41,46
39,37,38,54
40,37,41
40,44,41
40,44
40,37,41,45
40,44,41,45
40,37,41,46
40,44,41,46
40,37,38,54
40,44,41,37,38,54
41,44
41,45
41,46
41,37,38,54
42,43
44,41,45
44,41,46
44,41,37,38,54
44,40,37,38,54
45,41,46
45,41,37,38,54
45,41,44,40,37,38,54
46,41,37,38,54
46,41,44,40,37,38,54
47,48
47,49,392,48
47,49,877,50,950,48
47,49,927,48
47,49,950,48
47,50,877,49,392,48
47,50,877,49,927,48
47,50,950,48
47,50,950,49,392,48
47,50,950,49,927,48
47,49
47,50,877,49
47,50,950,49
47,50
47,103
47,48,392
47,48,927,49,392
47,48,950,50,877,49,392
47,48,950,49,392
47,49,392
47,50,877,49,392
47,50,877,49,927,48,392
47,50,950,48,392
47,50,950,48,927,49,392
47,50,950,49,392
47,704
47,48,392,49,877
47,48,927,49,877
47,48,927,49,950,50,877
47,48,950,50,877
47,48,950,49,877
47,49,877
47,49,950,50,877
47,50,877
47,48,927
47,48,950,49,927
47,49,927
47,50,877,49,927
47,50,950,48,927
47,50,950,49,927
47,48,950
47,49,950
47,50,950
48,47,49
48,47,50,877,49
48,47,50,950,49
48,392,49
48,927,49
48,950,50,877,49
48,950,49
48,47,50
48,392,49,47,50
48,392,49,877,50
48,392,49,950,50
48,927,49,47,50
48,927,49,877,50
48,927,49,950,50
48,950,50
48,47,103
48,392,49,47,103
48,392,49,877,50,47,103
48,392,49,950,50,47,103
48,927,49,47,103
48,927,49,877,50,47,103
48,927,49,950,50,47,103
48,950,50,47,103
48,950,50,877,49,47,103
48,950,49,47,103
48,392
48,927,49,392
48,950,50,877,49,392
48,950,49,392
48,47,704
48,392,49,47,704
48,392,49,877,50,47,704
48,392,49,950,50,47,704
48,927,49,47,704
48,927,49,877,50,47,704
48,927,49,950,50,47,704
48,950,50,47,704
48,950,50,877,49,47,704
48,950,49,47,704
48,47,49,877
48,47,50,877
48,392,49,877
48,927,49,877
48,927,49,950,50,877
48,950,50,877
48,950,49,877
48,927
48,950,49,927
48,950
49,47,50
49,877,50
49,950,50
49,47,103
49,877,50,47,103
49,950,50,47,103
49,392
49,47,704
49,877,50,47,704
49,950,50,47,704
49,877
49,950,50,877
49,927
49,950
50,47,103
50,47,48,392
50,47,48,927,49,392
50,47,49,392
50,877,49,392
50,877,49,927,48,392
50,950,48,392
50,950,48,927,49,392
50,950,49,392
50,47,704
50,877
50,47,48,927
50,47,49,927
50,877,49,927
50,950,48,927
50,950,49,927
50,950
51,52
51,53
52,51,53
56,57
62,63
62,63,67
62,63,343,68,67
62,63,606,68,67
62,63,802,68,67
62,63,1227,68,67
62,63,67,68
62,63,343,68
62,63,606,68
62,63,802,68
62,63,1227,68
62,63,67,68,136
62,63,343,68,136
62,63,606,68,136
62,63,802,68,136
62,63,1227,68,136
62,63,343
62,63,606,68,343
62,63,802,68,343
62,63,1227,68,343
62,63,488,376
62,63,488,489,376
62,63,488,376,377
62,63,488,489,376,377
62,63,488
62,63,488,489
62,63,67,68,574
62,63,343,68,574
62,63,606,68,574
62,63,802,68,574
62,63,1227,68,574
62,63,606
62,63,802,68,606
62,63,1227,68,606
62,63,67,68,638
62,63,343,68,638
62,63,606,68,638
62,63,802,68,638
62,63,1227,68,638
62,63,67,68,680
62,63,343,68,680
62,63,606,68,680
62,63,802,68,680
62,63,1227,68,680
62,63,802
62,63,1227,68,802
62,63,67,68,973
62,63,343,68,973
62,63,606,68,973
62,63,802,68,973
62,63,1227,68,973
62,63,67,68,1061
62,63,343,68,1061
62,63,606,68,1061
62,63,802,68,1061
62,63,1227,68,1061
62,63,1227
63,67
63,343,68,67
63,606,68,67
63,802,68,67
63,1227,68,67
63,67,68
63,343,68
63,606,68
63,802,68
63,1227,68
63,67,68,136
63,343,68,136
63,606,68,136
63,802,68,136
63,1227,68,136
63,343
63,606,68,343
63,802,68,343
63,1227,68,343
63,488,376
63,488,489,376
63,488,376,377
63,488,489,376,377
63,488
63,488,489
63,67,68,574
63,343,68,574
63,606,68,574
63,802,68,574
63,1227,68,574
63,606
63,802,68,606
63,1227,68,606
63,67,68,638
63,343,68,638
63,606,68,638
63,802,68,638
63,1227,68,638
63,67,68,680
63,343,68,680
63,606,68,680
63,802,68,680
63,1227,68,680
63,802
63,1227,68,802
63,67,68,973
63,343,68,973
63,606,68,973
63,802,68,973
63,1227,68,973
63,67,68,1061
63,343,68,1061
63,606,68,1061
63,802,68,1061
63,1227,68,1061
63,1227
67,68
67,63,343,68,136
67,63,606,68,136
67,63,802,68,136
67,63,1227,68,136
67,68,136
67,63,343
67,63,606,68,343
67,63,802,68,343
67,63,1227,68,343
67,68,343
67,63,488,376
67,63,488,489,376
67,68,343,63,488,376
67,68,343,63,488,489,376
67,68,606,63,488,376
67,68,606,63,488,489,376
67,68,802,63,488,376
67,68,802,63,488,489,376
67,68,1227,63,488,376
67,68,1227,63,488,489,376
67,63,488,376,377
67,63,488,489,376,377
67,68,343,63,488,376,377
67,68,343,63,488,489,376,377
67,68,606,63,488,376,377
67,68,606,63,488,489,376,377
67,68,802,63,488,376,377
67,68,802,63,488,489,376,377
67,68,1227,63,488,376,377
67,68,1227,63,488,489,376,377
67,63,488
67,68,343,63,488
67,68,606,63,488
67,68,802,63,488
67,68,1227,63,488
67,63,488,489
67,68,343,63,488,489
67,68,606,63,488,489
67,68,802,63,488,489
67,68,1227,63,488,489
67,63,343,68,574
67,63,606,68,574
67,63,802,68,574
67,63,1227,68,574
67,68,574
67,63,606
67,63,802,68,606
67,63,1227,68,606
67,68,606
67,63,343,68,638
67,63,606,68,638
67,63,802,68,638
67,63,1227,68,638
67,68,638
67,63,343,68,680
67,63,606,68,680
67,63,802,68,680
67,63,1227,68,680
67,68,680
67,63,802
67,63,1227,68,802
67,68,802
67,63,343,68,973
67,63,606,68,973
67,63,802,68,973
67,63,1227,68,973
67,68,973
67,63,343,68,1061
67,63,606,68,1061
67,63,802,68,1061
67,63,1227,68,1061
67,68,1061
67,63,1227
67,68,1227
68,136
68,343
68,67,63,488,376
68,67,63,488,489,376
68,343,63,488,376
68,343,63,488,489,376
68,606,63,488,376
68,606,63,488,489,376
68,802,63,488,376
68,802,63,488,489,376
68,1227,63,488,376
68,1227,63,488,489,376
68,67,63,488,376,377
68,67,63,488,489,376,377
68,343,63,488,376,377
68,343,63,488,489,376,377
68,606,63,488,376,377
68,606,63,488,489,376,377
68,802,63,488,376,377
68,802,63,488,489,376,377
68,1227,63,488,376,377
68,1227,63,488,489,376,377
68,67,63,488
68,343,63,488
68,606,63,488
68,802,63,488
68,1227,63,488
68,67,63,488,489
68,343,63,488,489
68,606,63,488,489
68,802,63,488,489
68,1227,63,488,489
68,574
68,606
68,638
68,680
68,802
68,973
68,1061
68,1227
69,176
69,176,177
69,176,288,177
69,176,288
69,176,177,288,289
69,176,288,289
77,219
77,219,220
77,219,220,273
77,219,220,273,340
77,219,220,273,790,387,386
77,219,220,273,387,386
77,219,220,273,790,387
77,219,220,273,387
77,219,220,273,790,387,575
77,219,220,273,387,575
77,219,220,273,790
77,219,220,273,790,387,423,919
77,219,220,273,387,423,919
77,219,220,273,790,387,423
77,219,220,273,387,423
77,219,220,273,962
77,219,220,273,790,387,1221
77,219,220,273,387,1221
80,81
80,964,81
80,204
80,964
80,1023
81,80,204
81,964,80,204
81,964
81,80,1023
81,964,80,1023
88,31
88,31,238
88,31,238,239
88,31,238,239,130
88,31,238,239,248
88,31,238,239,249
31,238
31,238,239
31,238,239,130
31,238,239,248
31,238,239,249
95,96
95,352,207,206,353,96
95,352,207,353,96
95,352,353,96
95,352,776,775,96
95,352,776,775,440,96
95,353,352,776,775,96
95,353,352,776,775,440,96
95,353,96
95,353,207,352,776,775,96
95,353,207,352,776,775,440,96
95,353,206,207,352,776,775,96
95,353,206,207,352,776,775,440,96
95,96,440,775,776,352,207,206
95,96,440,775,776,352,353,206
95,96,353,207,206
95,96,353,206
95,96,775,776,352,207,206
95,96,775,776,352,353,206
95,352,207,206
95,352,207,353,206
95,352,353,206
95,353,207,206
95,353,206
95,96,440,775,776,352,207
95,96,353,207
95,96,775,776,352,207
95,352,207
95,352,353,207
95,353,207
95,96,440,775,776,352,207,206,309
95,96,440,775,776,352,207,353,206,309
95,96,440,775,776,352,353,206,309
95,96,353,352,207,206,309
95,96,353,207,206,309
95,96,353,206,309
95,96,775,776,352,207,206,309
95,96,775,776,352,207,353,206,309
95,96,775,776,352,353,206,309
95,352,207,206,309
95,352,207,353,206,309
95,352,353,206,309
95,353,207,206,309
95,353,206,309
95,352
95,353,352
95,96,440,775,776,352,120
95,96,353,352,120
95,96,353,207,352,120
95,96,353,206,207,352,120
95,96,775,776,352,120
95,352,120
95,353,352,120
95,353,96,440,775,776,352,120
95,353,96,775,776,352,120
95,353,207,352,120
95,353,206,207,352,120
95,96,440,775,776,352,127
95,96,353,352,127
95,96,353,207,352,127
95,96,353,206,207,352,127
95,96,775,776,352,127
95,352,127
95,353,352,127
95,353,96,440,775,776,352,127
95,353,96,775,776,352,127
95,353,207,352,127
95,353,206,207,352,127
95,353
95,96,440
95,96,775,440
95,352,207,206,353,96,440
95,352,207,206,353,96,775,440
95,352,207,353,96,440
95,352,207,353,96,775,440
95,352,353,96,440
95,352,353,96,775,440
95,352,776,775,440
95,353,352,776,775,440
95,353,96,440
95,353,96,775,440
95,353,207,352,776,775,440
95,353,206,207,352,776,775,440
95,96,440,775,765
95,96,353,352,776,775,765
95,96,353,207,352,776,775,765
95,96,353,206,207,352,776,775,765
95,96,775,765
95,352,207,206,353,96,440,775,765
95,352,207,206,353,96,775,765
95,352,207,353,96,440,775,765
95,352,207,353,96,775,765
95,352,353,96,440,775,765
95,352,353,96,775,765
95,352,776,775,765
95,353,352,776,775,765
95,353,96,440,775,765
95,353,96,775,765
95,353,207,352,776,775,765
95,353,206,207,352,776,775,765
95,96,440,775,765,766
95,96,353,352,776,775,765,766
95,96,353,207,352,776,775,765,766
95,96,353,206,207,352,776,775,765,766
95,96,775,765,766
95,352,207,206,353,96,440,775,765,766
95,352,207,206,353,96,775,765,766
95,352,207,353,96,440,775,765,766
95,352,207,353,96,775,765,766
95,352,353,96,440,775,765,766
95,352,353,96,775,765,766
95,352,776,775,765,766
95,353,352,776,775,765,766
95,353,96,440,775,765,766
95,353,96,775,765,766
95,353,207,352,776,775,765,766
95,353,206,207,352,776,775,765,766
95,96,775
95,352,207,206,353,96,775
95,352,207,353,96,775
95,352,353,96,775
95,352,776,775
95,353,352,776,775
95,353,96,775
95,353,207,352,776,775
95,353,206,207,352,776,775
95,96,440,775,776
95,96,353,352,776
95,96,353,207,352,776
95,96,353,206,207,352,776
95,96,775,776
95,352,776
95,353,352,776
95,353,96,440,775,776
95,353,96,775,776
95,353,207,352,776
95,353,206,207,352,776
95,96,440,775,776,910
95,96,353,352,776,910
95,96,353,207,352,776,910
95,96,353,206,207,352,776,910
95,96,775,776,910
95,352,207,206,353,96,440,775,776,910
95,352,207,206,353,96,775,776,910
95,352,207,353,96,440,775,776,910
95,352,207,353,96,775,776,910
95,352,353,96,440,775,776,910
95,352,353,96,775,776,910
95,352,776,910
95,353,352,776,910
95,353,96,440,775,776,910
95,353,96,775,776,910
95,353,207,352,776,910
95,353,206,207,352,776,910
96,95,352,207,206
96,95,352,353,206
96,440,775,776,352,207,206
96,440,775,776,352,207,353,206
96,440,775,776,352,353,206
96,353,352,207,206
96,353,207,206
96,353,206
96,775,776,352,207,206
96,775,776,352,207,353,206
96,775,776,352,353,206
96,95,352,207
96,440,775,776,352,207
96,440,775,776,352,353,207
96,353,352,207
96,353,207
96,775,776,352,207
96,775,776,352,353,207
96,95,352,207,206,309
96,95,352,353,206,309
96,440,775,776,352,207,206,309
96,440,775,776,352,207,353,206,309
96,440,775,776,352,353,206,309
96,353,352,207,206,309
96,353,207,206,309
96,353,206,309
96,775,776,352,207,206,309
96,775,776,352,207,353,206,309
96,775,776,352,353,206,309
96,95,352
96,440,775,776,352
96,353,352
96,775,776,352
96,95,352,120
96,440,775,776,352,120
96,353,352,120
96,353,207,352,120
96,353,206,207,352,120
96,775,776,352,120
96,95,352,127
96,440,775,776,352,127
96,353,352,127
96,353,207,352,127
96,353,206,207,352,127
96,775,776,352,127
96,440,775,776,352,353
96,353
96,775,776,352,353
96,440
96,775,440
96,95,352,776,775,765
96,440,775,765
96,353,352,776,775,765
96,353,207,352,776,775,765
96,353,206,207,352,776,775,765
96,775,765
96,95,352,776,775,765,766
96,440,775,765,766
96,353,352,776,775,765,766
96,353,207,352,776,775,765,766
96,353,206,207,352,776,775,765,766
96,775,765,766
96,775
96,95,352,776
96,440,775,776
96,353,352,776
96,353,207,352,776
96,353,206,207,352,776
96,775,776
96,95,352,776,910
96,440,775,776,910
96,353,352,776,910
96,353,207,352,776,910
96,353,206,207,352,776,910
96,775,776,910
103,47,48,392
103,47,48,927,49,392
103,47,48,950,50,877,49,392
103,47,48,950,49,392
103,47,49,392
103,47,50,877,49,392
103,47,50,877,49,927,48,392
103,47,50,950,48,392
103,47,50,950,48,927,49,392
103,47,50,950,49,392
103,47,704
103,47,48,392,49,877
103,47,48,927,49,877
103,47,48,927,49,950,50,877
103,47,48,950,50,877
103,47,48,950,49,877
103,47,49,877
103,47,49,950,50,877
103,47,50,877
103,47,48,927
103,47,48,950,49,927
103,47,49,927
103,47,50,877,49,927
103,47,50,950,48,927
103,47,50,950,49,927
103,47,48,950
103,47,49,950
103,47,50,950
107,7,637
107,7,1073
116,117
116,117,146
116,117,792
116,117,918
116,117,1214
116,117,1282
117,146
117,792
117,918
117,1214
117,1282
136,68,343
136,68,606,63,343
136,68,802,63,343
136,68,1227,63,343
136,68,67,63,488,376
136,68,67,63,488,489,376
136,68,343,63,488,376
136,68,343,63,488,489,376
136,68,606,63,488,376
136,68,606,63,488,489,376
136,68,802,63,488,376
136,68,802,63,488,489,376
136,68,1227,63,488,376
136,68,1227,63,488,489,376
136,68,67,63,488,376,377
136,68,67,63,488,489,376,377
136,68,343,63,488,376,377
136,68,343,63,488,489,376,377
136,68,606,63,488,376,377
136,68,606,63,488,489,376,377
136,68,802,63,488,376,377
136,68,802,63,488,489,376,377
136,68,1227,63,488,376,377
136,68,1227,63,488,489,376,377
136,68,67,63,488
136,68,343,63,488
136,68,606,63,488
136,68,802,63,488
136,68,1227,63,488
136,68,67,63,488,489
136,68,343,63,488,489
136,68,606,63,488,489
136,68,802,63,488,489
136,68,1227,63,488,489
136,68,574
136,68,606
136,68,802,63,606
136,68,1227,63,606
136,68,638
136,68,680
136,68,802
136,68,1227,63,802
136,68,973
136,68,1061
136,68,1227
137,138
141,142
141,142,153
141,142,205
141,142,310
141,142,362
141,142,404
141,142,466
141,142,474
141,142,503
141,142,605
141,142,864
141,142,1143
141,142,1180
141,142,1199
141,142,1218
141,142,1220
142,153
142,205
142,310
142,362
142,404
142,466
142,474
142,503
142,605
142,864
142,1143
142,1180
142,1199
142,1218
142,1220
146,117,792
146,117,918
146,117,1214
146,117,1282
153,142,205
153,142,310
153,142,362
153,142,404
153,142,466
153,142,474
153,142,503
153,142,605
153,142,864
153,142,1143
153,142,1180
153,142,1199
153,142,1218
153,142,1220
157,24
157,1013
24,157,1013
161,162
161,162,402
161,162,748
161,162,833
162,402
162,748
162,833
173,174
176,177
176,288,177
176,288
176,177,288,289
176,288,289
177,288
177,288,289
180,181
180,182,181
180,183,182,181
180,182
180,183,182
180,183
180,181,182,183,777
180,182,183,777
180,183,777
180,181,182,183,643
180,182,183,643
180,183,643
180,181,182,183,346
180,182,183,346
180,183,346
180,181,1048
180,182,181,1048
180,183,182,181,1048
181,182
181,180,183
181,182,183
181,180,183,777
181,182,183,777
181,180,183,643
181,182,183,643
181,180,183,346
181,182,183,346
181,1048
182,183
182,183,777
182,183,643
182,183,346
182,181,1048
183,777
183,643
183,346
183,180,181,1048
183,182,181,1048
188,126
188,189,259,258,126
188,189,259,258,192,193,190,126
188,189,259,258,192,401,126
188,189,259,258,192,708,126
188,189,259,258,192,739,126
188,189,259,708,126
188,189,259,708,192,193,190,126
188,189,259,708,192,401,126
188,189,259,708,192,739,126
188,190,126
188,190,193,192,258,259,708,126
188,190,193,192,258,126
188,190,193,192,401,126
188,190,193,192,708,126
188,190,193,192,739,126
188,189
188,190,126,258,259,189
188,190,126,258,192,708,259,189
188,190,126,401,192,258,259,189
188,190,126,401,192,708,259,189
188,190,126,708,259,189
188,190,126,739,192,258,259,189
188,190,126,739,192,708,259,189
188,190,193,192,258,259,189
188,190,193,192,258,126,708,259,189
188,190,193,192,401,126,258,259,189
188,190,193,192,401,126,708,259,189
188,190,193,192,708,259,189
188,190,193,192,739,126,258,259,189
188,190,193,192,739,126,708,259,189
188,190
188,126,190,193,192
188,126,258,259,708,192
188,126,258,192
188,126,401,192
188,126,708,192
188,126,739,192
188,189,259,258,192
188,189,259,708,192
188,190,126,258,259,708,192
188,190,126,258,192
188,190,126,401,192
188,190,126,708,192
188,190,126,739,192
188,190,193,192
188,126,190,193
188,126,258,259,708,192,193
188,126,258,192,193
188,126,401,192,193
188,126,708,192,193
188,126,739,192,193
188,189,259,258,126,190,193
188,189,259,258,126,401,192,193
188,189,259,258,126,708,192,193
188,189,259,258,126,739,192,193
188,189,259,258,192,193
188,189,259,708,126,190,193
188,189,259,708,126,401,192,193
188,189,259,708,126,739,192,193
188,189,259,708,192,193
188,190,193
188,126,258
188,126,401,192,258
188,126,401,192,708,259,258
188,126,708,259,258
188,126,708,192,258
188,126,739,192,258
188,126,739,192,708,259,258
188,189,259,258
188,189,259,708,126,258
188,189,259,708,126,401,192,258
188,189,259,708,126,739,192,258
188,189,259,708,192,258
188,190,126,258
188,190,126,401,192,258
188,190,126,401,192,708,259,258
188,190,126,708,259,258
188,190,126,708,192,258
188,190,126,739,192,258
188,190,126,739,192,708,259,258
188,190,193,192,258
188,190,193,192,401,126,258
188,190,193,192,401,126,708,259,258
188,190,193,192,708,259,258
188,190,193,192,708,126,258
188,190,193,192,739,126,258
188,190,193,192,739,126,708,259,258
188,126,190,193,192,258,259
188,126,190,193,192,708,259
188,126,258,259
188,126,401,192,258,259
188,126,401,192,708,259
188,126,708,259
188,126,739,192,258,259
188,126,739,192,708,259
188,189,259
188,190,126,258,259
188,190,126,401,192,258,259
188,190,126,401,192,708,259
188,190,126,708,259
188,190,126,739,192,258,259
188,190,126,739,192,708,259
188,190,193,192,258,259
188,190,193,192,401,126,258,259
188,190,193,192,401,126,708,259
188,190,193,192,708,259
188,190,193,192,739,126,258,259
188,190,193,192,739,126,708,259
188,126,401
188,126,708,192,401
188,126,739,192,401
188,189,259,258,126,401
188,189,259,258,126,739,192,401
188,189,259,258,192,401
188,189,259,708,126,401
188,189,259,708,126,739,192,401
188,189,259,708,192,401
188,190,126,401
188,190,126,708,192,401
188,190,126,739,192,401
188,190,193,192,401
188,190,193,192,708,126,401
188,190,193,192,739,126,401
188,126,708
188,126,739,192,708
188,189,259,708
188,190,126,708
188,190,126,739,192,708
188,190,193,192,708
188,190,193,192,739,126,708
188,126,739
188,189,259,258,126,739
188,189,259,258,192,739
188,189,259,708,126,739
188,189,259,708,192,739
188,190,126,739
188,190,193,192,739
188,126,757
188,189,259,258,126,757
188,189,259,258,192,193,190,126,757
188,189,259,258,192,401,126,757
188,189,259,258,192,708,126,757
188,189,259,258,192,739,126,757
188,189,259,708,126,757
188,189,259,708,192,193,190,126,757
188,189,259,708,192,401,126,757
188,189,259,708,192,739,126,757
188,190,126,757
188,190,193,192,258,259,708,126,757
188,190,193,192,258,126,757
188,190,193,192,401,126,757
188,190,193,192,708,126,757
188,190,193,192,739,126,757
126,188,189
126,190,188,189
126,190,193,192,258,259,189
126,190,193,192,708,259,189
126,258,259,189
126,258,192,193,190,188,189
126,258,192,708,259,189
126,401,192,193,190,188,189
126,401,192,258,259,189
126,401,192,708,259,189
126,708,259,189
126,708,192,193,190,188,189
126,739,192,193,190,188,189
126,739,192,258,259,189
126,739,192,708,259,189
126,190
126,258,259,708,192,193,190
126,258,192,193,190
126,401,192,193,190
126,708,192,193,190
126,739,192,193,190
126,188,189,259,258,192
126,188,189,259,708,192
126,190,188,189,259,258,192
126,190,188,189,259,708,192
126,190,193,192
126,258,259,708,192
126,258,192
126,401,192
126,708,192
126,739,192
126,188,189,259,258,192,193
126,188,189,259,708,192,193
126,190,193
126,258,259,708,192,193
126,258,192,193
126,401,192,193
126,708,192,193
126,739,192,193
126,258
126,401,192,258
126,401,192,708,259,258
126,708,259,258
126,708,192,258
126,739,192,258
126,739,192,708,259,258
126,188,189,259
126,190,188,189,259
126,190,193,192,258,259
126,190,193,192,708,259
126,258,259
126,401,192,193,190,188,189,259
126,401,192,258,259
126,401,192,708,259
126,708,259
126,739,192,193,190,188,189,259
126,739,192,258,259
126,739,192,708,259
126,401
126,708,192,401
126,739,192,401
126,708
126,739,192,708
126,739
126,757
189,188,190
189,259,258,126,190
189,259,258,126,401,192,193,190
189,259,258,126,708,192,193,190
189,259,258,126,739,192,193,190
189,259,258,192,193,190
189,259,258,192,401,126,190
189,259,258,192,708,126,190
189,259,258,192,739,126,190
189,259,708,126,190
189,259,708,126,401,192,193,190
189,259,708,126,739,192,193,190
189,259,708,192,193,190
189,259,708,192,401,126,190
189,259,708,192,739,126,190
189,188,126,190,193,192
189,188,126,258,192
189,188,126,401,192
189,188,126,708,192
189,188,126,739,192
189,188,190,126,258,192
189,188,190,126,401,192
189,188,190,126,708,192
189,188,190,126,739,192
189,188,190,193,192
189,259,258,192
189,259,708,192
189,188,126,190,193
189,188,126,258,192,193
189,188,126,401,192,193
189,188,126,708,192,193
189,188,126,739,192,193
189,188,190,193
189,259,258,126,190,193
189,259,258,126,401,192,193
189,259,258,126,708,192,193
189,259,258,126,739,192,193
189,259,258,192,193
189,259,708,126,190,193
189,259,708,126,401,192,193
189,259,708,126,739,192,193
189,259,708,192,193
189,188,126,258
189,188,126,401,192,258
189,188,126,708,192,258
189,188,126,739,192,258
189,188,190,126,258
189,188,190,126,401,192,258
189,188,190,126,401,192,708,259,258
189,188,190,126,708,259,258
189,188,190,126,708,192,258
189,188,190,126,739,192,258
189,188,190,126,739,192,708,259,258
189,188,190,193,192,258
189,188,190,193,192,401,126,258
189,188,190,193,192,401,126,708,259,258
189,188,190,193,192,708,259,258
189,188,190,193,192,708,126,258
189,188,190,193,192,739,126,258
189,188,190,193,192,739,126,708,259,258
189,259,258
189,259,708,126,258
189,259,708,126,401,192,258
189,259,708,126,739,192,258
189,259,708,192,258
189,259
189,188,126,401
189,188,126,708,192,401
189,188,126,739,192,401
189,188,190,126,401
189,188,190,126,708,192,401
189,188,190,126,739,192,401
189,188,190,193,192,401
189,188,190,193,192,708,126,401
189,188,190,193,192,739,126,401
189,259,258,126,401
189,259,258,126,739,192,401
189,259,258,192,401
189,259,708,126,401
189,259,708,126,739,192,401
189,259,708,192,401
189,188,126,708
189,188,126,739,192,708
189,188,190,126,708
189,188,190,126,739,192,708
189,188,190,193,192,708
189,188,190,193,192,739,126,708
189,259,708
189,188,126,739
189,188,190,126,739
189,188,190,193,192,739
189,259,258,126,739
189,259,258,192,739
189,259,708,126,739
189,259,708,192,739
189,188,126,757
189,188,190,126,757
189,188,190,193,192,258,259,708,126,757
189,188,190,193,192,258,126,757
189,188,190,193,192,401,126,757
189,188,190,193,192,708,126,757
189,188,190,193,192,739,126,757
189,259,258,126,757
189,259,258,192,193,190,126,757
189,259,258,192,401,126,757
189,259,258,192,708,126,757
189,259,258,192,739,126,757
189,259,708,126,757
189,259,708,192,193,190,126,757
189,259,708,192,401,126,757
189,259,708,192,739,126,757
190,188,189,259,258,192
190,188,189,259,708,192
190,126,258,259,708,192
190,126,258,192
190,126,401,192
190,126,708,192
190,126,739,192
190,193,192
190,193
190,188,189,259,258
190,188,189,259,708,192,258
190,126,258
190,126,401,192,258
190,126,401,192,708,259,258
190,126,708,259,258
190,126,708,192,258
190,126,739,192,258
190,126,739,192,708,259,258
190,193,192,258
190,193,192,401,126,258
190,193,192,401,126,708,259,258
190,193,192,708,259,258
190,193,192,708,126,258
190,193,192,739,126,258
190,193,192,739,126,708,259,258
190,188,189,259
190,126,258,259
190,126,401,192,258,259
190,126,401,192,708,259
190,126,708,259
190,126,739,192,258,259
190,126,739,192,708,259
190,193,192,258,259
190,193,192,401,126,258,259
190,193,192,401,126,708,259
190,193,192,708,259
190,193,192,739,126,258,259
190,193,192,739,126,708,259
190,188,189,259,258,126,401
190,188,189,259,258,126,739,192,401
190,188,189,259,258,192,401
190,188,189,259,708,126,401
190,188,189,259,708,126,739,192,401
190,188,189,259,708,192,401
190,126,401
190,126,708,192,401
190,126,739,192,401
190,193,192,401
190,193,192,708,126,401
190,193,192,739,126,401
190,188,189,259,708
190,126,708
190,126,739,192,708
190,193,192,708
190,193,192,739,126,708
190,188,189,259,258,126,739
190,188,189,259,258,192,739
190,188,189,259,708,126,739
190,188,189,259,708,192,739
190,126,739
190,193,192,739
190,188,189,259,258,126,757
190,188,189,259,258,192,401,126,757
190,188,189,259,258,192,708,126,757
190,188,189,259,258,192,739,126,757
190,188,189,259,708,126,757
190,188,189,259,708,192,401,126,757
190,188,189,259,708,192,739,126,757
190,126,757
190,193,192,258,259,708,126,757
190,193,192,258,126,757
190,193,192,401,126,757
190,193,192,708,126,757
190,193,192,739,126,757
192,193
192,258
192,708,259,258
192,193,190,188,189,259
192,193,190,126,188,189,259
192,258,259
192,401,126,188,189,259
192,401,126,190,188,189,259
192,708,259
192,739,126,188,189,259
192,739,126,190,188,189,259
192,401
192,708
192,739
192,193,190,188,126,757
192,193,190,126,757
192,258,259,708,126,757
192,258,259,189,188,126,757
192,258,259,189,188,190,126,757
192,258,126,757
192,401,126,757
192,708,259,189,188,126,757
192,708,259,189,188,190,126,757
192,708,126,757
192,739,126,757
193,192,258
193,192,401,126,258
193,192,401,126,708,259,258
193,192,708,259,258
193,192,708,126,258
193,192,739,126,258
193,192,739,126,708,259,258
193,190,188,126,258
193,190,188,126,708,259,258
193,190,188,189,259,258
193,190,188,189,259,708,126,258
193,190,126,258
193,190,126,708,259,258
193,192,258,259
193,192,401,126,188,189,259
193,192,401,126,258,259
193,192,401,126,708,259
193,192,708,259
193,192,739,126,188,189,259
193,192,739,126,258,259
193,192,739,126,708,259
193,190,188,126,258,259
193,190,188,126,708,259
193,190,188,189,259
193,190,126,188,189,259
193,190,126,258,259
193,190,126,708,259
193,192,401
193,192,708,126,401
193,192,739,126,401
193,190,188,126,401
193,190,188,189,259,258,126,401
193,190,188,189,259,258,126,739,192,401
193,190,188,189,259,258,192,401
193,190,188,189,259,708,126,401
193,190,188,189,259,708,126,739,192,401
193,190,188,189,259,708,192,401
193,190,126,401
193,192,708
193,192,739,126,708
193,190,188,126,708
193,190,188,189,259,708
193,190,126,708
193,192,739
193,190,188,126,739
193,190,188,189,259,258,126,739
193,190,188,189,259,258,192,739
193,190,188,189,259,708,126,739
193,190,188,189,259,708,192,739
193,190,126,739
193,192,258,259,708,126,757
193,192,258,259,189,188,126,757
193,192,258,126,757
193,192,401,126,757
193,192,708,259,189,188,126,757
193,192,708,126,757
193,192,739,126,757
193,190,188,126,757
193,190,188,189,259,258,126,757
193,190,188,189,259,258,192,401,126,757
193,190,188,189,259,258,192,739,126,757
193,190,188,189,259,708,126,757
193,190,188,189,259,708,192,401,126,757
193,190,188,189,259,708,192,739,126,757
193,190,126,757
198,199
204,80,964
204,80,1023
205,142,310
205,142,362
205,142,404
205,142,466
205,142,474
205,142,503
205,142,605
205,142,864
205,142,1143
205,142,1180
205,142,1199
205,142,1218
205,142,1220
206,207
206,353,352,207
206,353,207
206,309
206,207,352
206,353,352
206,207,352,120
206,207,353,352,120
206,207,353,96,440,775,776,352,120
206,207,353,96,775,776,352,120
206,207,353,95,96,440,775,776,352,120
206,207,353,95,96,775,776,352,120
206,353,352,120
206,353,96,95,352,120
206,353,96,440,775,776,352,120
206,353,96,775,776,352,120
206,353,95,96,440,775,776,352,120
206,353,95,96,775,776,352,120
206,353,95,352,120
206,207,352,127
206,207,353,352,127
206,207,353,96,440,775,776,352,127
206,207,353,96,775,776,352,127
206,207,353,95,96,440,775,776,352,127
206,207,353,95,96,775,776,352,127
206,353,352,127
206,353,96,95,352,127
206,353,96,440,775,776,352,127
206,353,96,775,776,352,127
206,353,95,96,440,775,776,352,127
206,353,95,96,775,776,352,127
206,353,95,352,127
206,353
206,207,352,95,96,440
206,207,352,95,96,775,440
206,207,352,353,96,440
206,207,352,353,96,775,440
206,207,352,776,775,440
206,207,353,352,776,775,440
206,207,353,96,440
206,207,353,96,775,440
206,207,353,95,96,440
206,207,353,95,96,775,440
206,353,352,95,96,440
206,353,352,95,96,775,440
206,353,352,776,775,440
206,353,96,440
206,353,96,775,440
206,353,95,96,440
206,353,95,96,775,440
206,353,95,352,776,775,440
206,207,352,95,96,440,775,765
206,207,352,95,96,775,765
206,207,352,353,96,440,775,765
206,207,352,353,96,775,765
206,207,352,776,775,765
206,207,353,352,776,775,765
206,207,353,96,440,775,765
206,207,353,96,775,765
206,207,353,95,96,440,775,765
206,207,353,95,96,775,765
206,353,352,95,96,440,775,765
206,353,352,95,96,775,765
206,353,352,776,775,765
206,353,96,95,352,776,775,765
206,353,96,440,775,765
206,353,96,775,765
206,353,95,96,440,775,765
206,353,95,96,775,765
206,353,95,352,776,775,765
206,207,352,95,96,440,775,765,766
206,207,352,95,96,775,765,766
206,207,352,353,96,440,775,765,766
206,207,352,353,96,775,765,766
206,207,352,776,775,765,766
206,207,353,352,776,775,765,766
206,207,353,96,440,775,765,766
206,207,353,96,775,765,766
206,207,353,95,96,440,775,765,766
206,207,353,95,96,775,765,766
206,353,352,95,96,440,775,765,766
206,353,352,95,96,775,765,766
206,353,352,776,775,765,766
206,353,96,95,352,776,775,765,766
206,353,96,440,775,765,766
206,353,96,775,765,766
206,353,95,96,440,775,765,766
206,353,95,96,775,765,766
206,353,95,352,776,775,765,766
206,207,352,95,96,775
206,207,352,353,96,775
206,207,352,776,775
206,207,353,352,776,775
206,207,353,96,775
206,207,353,95,96,775
206,353,352,95,96,775
206,353,352,776,775
206,353,96,775
206,353,95,96,775
206,353,95,352,776,775
206,207,352,776
206,207,353,352,776
206,207,353,96,440,775,776
206,207,353,96,775,776
206,207,353,95,96,440,775,776
206,207,353,95,96,775,776
206,353,352,776
206,353,96,95,352,776
206,353,96,440,775,776
206,353,96,775,776
206,353,95,96,440,775,776
206,353,95,96,775,776
206,353,95,352,776
206,207,352,95,96,440,775,776,910
206,207,352,95,96,775,776,910
206,207,352,353,96,440,775,776,910
206,207,352,353,96,775,776,910
206,207,352,776,910
206,207,353,352,776,910
206,207,353,96,440,775,776,910
206,207,353,96,775,776,910
206,207,353,95,96,440,775,776,910
206,207,353,95,96,775,776,910
206,353,352,95,96,440,775,776,910
206,353,352,95,96,775,776,910
206,353,352,776,910
206,353,96,95,352,776,910
206,353,96,440,775,776,910
206,353,96,775,776,910
206,353,95,96,440,775,776,910
206,353,95,96,775,776,910
206,353,95,352,776,910
207,206,309
207,352,353,206,309
207,353,206,309
207,352
207,353,352
207,352,120
207,353,352,120
207,353,96,440,775,776,352,120
207,353,96,775,776,352,120
207,353,95,96,440,775,776,352,120
207,353,95,96,775,776,352,120
207,352,127
207,353,352,127
207,353,96,440,775,776,352,127
207,353,96,775,776,352,127
207,353,95,96,440,775,776,352,127
207,353,95,96,775,776,352,127
207,353
207,352,95,96,440
207,352,95,96,775,440
207,352,353,96,440
207,352,353,96,775,440
207,352,776,775,440
207,353,352,776,775,440
207,353,96,440
207,353,96,775,440
207,353,95,96,440
207,353,95,96,775,440
207,352,95,96,440,775,765
207,352,95,96,775,765
207,352,353,96,440,775,765
207,352,353,96,775,765
207,352,776,775,765
207,353,352,776,775,765
207,353,96,440,775,765
207,353,96,775,765
207,353,95,96,440,775,765
207,353,95,96,775,765
207,352,95,96,440,775,765,766
207,352,95,96,775,765,766
207,352,353,96,440,775,765,766
207,352,353,96,775,765,766
207,352,776,775,765,766
207,353,352,776,775,765,766
207,353,96,440,775,765,766
207,353,96,775,765,766
207,353,95,96,440,775,765,766
207,353,95,96,775,765,766
207,352,95,96,775
207,352,353,96,775
207,352,776,775
207,353,352,776,775
207,353,96,775
207,353,95,96,775
207,352,776
207,353,352,776
207,353,96,440,775,776
207,353,96,775,776
207,353,95,96,440,775,776
207,353,95,96,775,776
207,352,95,96,440,775,776,910
207,352,95,96,775,776,910
207,352,353,96,440,775,776,910
207,352,353,96,775,776,910
207,352,776,910
207,353,352,776,910
207,353,96,440,775,776,910
207,353,96,775,776,910
207,353,95,96,440,775,776,910
207,353,95,96,775,776,910
213,214
219,220
219,220,273
219,220,273,340
219,220,273,790,387,386
219,220,273,387,386
219,220,273,790,387
219,220,273,387
219,220,273,790,387,575
219,220,273,387,575
219,220,273,790
219,220,273,790,387,423,919
219,220,273,387,423,919
219,220,273,790,387,423
219,220,273,387,423
219,220,273,962
219,220,273,790,387,1221
219,220,273,387,1221
220,273
220,273,340
220,273,790,387,386
220,273,387,386
220,273,790,387
220,273,387
220,273,790,387,575
220,273,387,575
220,273,790
220,273,790,387,423,919
220,273,387,423,919
220,273,790,387,423
220,273,387,423
220,273,962
220,273,790,387,1221
220,273,387,1221
223,224
223,225,618,619,224
223,225,618,321,224
223,225
223,224,619,618,321
223,224,321
223,225,618,619,224,321
223,225,618,321
223,224,552
223,225,618,619,224,552
223,225,618,321,224,552
223,224,619,618
223,224,321,618
223,225,618
223,224,619
223,225,618,619
224,223,225
224,619,618,225
224,321,618,225
224,619,618,321
224,321
224,552
224,223,225,618
224,619,618
224,321,618
224,619
225,223,224,321
225,618,619,224,321
225,618,321
225,223,224,552
225,618,619,224,552
225,618,321,224,552
225,618
225,223,224,619
225,618,619
238,239
238,239,130
238,239,248
238,239,249
239,130
239,248
239,249
240,145
240,490
240,490,485
145,240,490
145,240,490,485
130,239,248
130,239,249
248,239,249
250,251
250,252
251,250,252
258,259
258,259,708,126,401
258,259,708,126,739,192,401
258,259,708,192,401
258,126,401
258,126,708,192,401
258,126,739,192,401
258,192,401
258,259,708
258,126,708
258,126,739,192,708
258,192,708
258,259,708,126,739
258,259,708,192,739
258,126,739
258,192,739
258,259,708,126,757
258,259,708,192,401,126,757
258,259,708,192,739,126,757
258,126,757
258,192,401,126,757
258,192,708,126,757
258,192,739,126,757
259,258,126,401
259,258,126,739,192,401
259,258,192,401
259,708,126,401
259,708,126,739,192,401
259,708,192,401
259,189,188,126,401
259,189,188,126,739,192,401
259,189,188,190,126,401
259,189,188,190,126,739,192,401
259,189,188,190,193,192,401
259,189,188,190,193,192,739,126,401
259,708
259,258,126,739
259,258,192,739
259,708,126,739
259,708,192,739
259,189,188,126,739
259,189,188,190,126,739
259,189,188,190,193,192,739
259,258,126,757
259,258,192,193,190,188,126,757
259,258,192,193,190,126,757
259,258,192,401,126,757
259,258,192,739,126,757
259,708,126,757
259,708,192,193,190,188,126,757
259,708,192,193,190,126,757
259,708,192,401,126,757
259,708,192,739,126,757
259,189,188,126,757
259,189,188,190,126,757
259,189,188,190,193,192,401,126,757
259,189,188,190,193,192,739,126,757
262,263
262,726,727,685,1043,676,675,331,330
262,726,727,685,1043,677,675,331,330
262,786,727,685,1043,676,675,331,330
262,786,727,685,1043,677,675,331,330
262,1043,676,675,331,330
262,1043,677,675,331,330
262,726,727,685,1043,676,675,331
262,726,727,685,1043,677,675,331
262,786,727,685,1043,676,675,331
262,786,727,685,1043,677,675,331
262,1043,676,675,331
262,1043,677,675,331
262,726,727,685,1043,676,675,331,591
262,726,727,685,1043,677,675,331,591
262,786,727,685,1043,676,675,331,591
262,786,727,685,1043,677,675,331,591
262,1043,676,675,331,591
262,1043,677,675,331,591
262,726,727,685,1043,676,675
262,726,727,685,1043,677,675
262,786,727,685,1043,676,675
262,786,727,685,1043,677,675
262,1043,676,675
262,1043,677,675
262,726,727,685,1043,676,675,233
262,726,727,685,1043,677,675,233
262,786,727,685,1043,676,675,233
262,786,727,685,1043,677,675,233
262,1043,676,675,233
262,1043,677,675,233
262,726,727,685,1043,676
262,726,727,685,1043,677,675,676
262,786,727,685,1043,676
262,786,727,685,1043,677,675,676
262,1043,676
262,1043,677,675,676
262,726,727,685,1043,677
262,786,727,685,1043,677
262,1043,677
262,726,727,685,1043,676,675,331,702
262,726,727,685,1043,677,675,331,702
262,786,727,685,1043,676,675,331,702
262,786,727,685,1043,677,675,331,702
262,1043,676,675,331,702
262,1043,677,675,331,702
262,726
262,786,727,726
262,1043,685,727,726
262,726,727
262,786,727
262,1043,685,727
262,726,144
262,786,727,726,144
262,1043,685,727,726,144
262,786
262,1043,685,727,786
262,1043
262,726,727,685
262,786,727,685
262,1043,685
262,726,727,685,1043,676,675,331,1146
262,726,727,685,1043,677,675,331,1146
262,786,727,685,1043,676,675,331,1146
262,786,727,685,1043,677,675,331,1146
262,1043,676,675,331,1146
262,1043,677,675,331,1146
263,262,726,727,685,1043,676,675,331,330
263,262,726,727,685,1043,677,675,331,330
263,262,786,727,685,1043,676,675,331,330
263,262,786,727,685,1043,677,675,331,330
263,262,1043,676,675,331,330
263,262,1043,677,675,331,330
263,262,726,727,685,1043,676,675,331
263,262,726,727,685,1043,677,675,331
263,262,786,727,685,1043,676,675,331
263,262,786,727,685,1043,677,675,331
263,262,1043,676,675,331
263,262,1043,677,675,331
263,262,726,727,685,1043,676,675,331,591
263,262,726,727,685,1043,677,675,331,591
263,262,786,727,685,1043,676,675,331,591
263,262,786,727,685,1043,677,675,331,591
263,262,1043,676,675,331,591
263,262,1043,677,675,331,591
263,262,726,727,685,1043,676,675
263,262,726,727,685,1043,677,675
263,262,786,727,685,1043,676,675
263,262,786,727,685,1043,677,675
263,262,1043,676,675
263,262,1043,677,675
263,262,726,727,685,1043,676,675,233
263,262,726,727,685,1043,677,675,233
263,262,786,727,685,1043,676,675,233
263,262,786,727,685,1043,677,675,233
263,262,1043,676,675,233
263,262,1043,677,675,233
263,262,726,727,685,1043,676
263,262,726,727,685,1043,677,675,676
263,262,786,727,685,1043,676
263,262,786,727,685,1043,677,675,676
263,262,1043,676
263,262,1043,677,675,676
263,262,726,727,685,1043,677
263,262,786,727,685,1043,677
263,262,1043,677
263,262,726,727,685,1043,676,675,331,702
263,262,726,727,685,1043,677,675,331,702
263,262,786,727,685,1043,676,675,331,702
263,262,786,727,685,1043,677,675,331,702
263,262,1043,676,675,331,702
263,262,1043,677,675,331,702
263,262,726
263,262,786,727,726
263,262,1043,685,727,726
263,262,726,727
263,262,786,727
263,262,1043,685,727
263,262,726,144
263,262,786,727,726,144
263,262,1043,685,727,726,144
263,262,786
263,262,1043,685,727,786
263,262,1043
263,262,726,727,685
263,262,786,727,685
263,262,1043,685
263,262,726,727,685,1043,676,675,331,1146
263,262,726,727,685,1043,677,675,331,1146
263,262,786,727,685,1043,676,675,331,1146
263,262,786,727,685,1043,677,675,331,1146
263,262,1043,676,675,331,1146
263,262,1043,677,675,331,1146
266,267
266,268,1021,267
266,268,1212,267
266,268
266,267,1021
266,267,1212,268,1021
266,268,1021
266,267,1212
266,268,1212
267,266,268
267,1021,268
267,1212,268
267,1021
267,1212,268,1021
267,1212
268,1021
268,1212
273,340
273,790,387,386
273,387,386
273,790,387
273,387
273,790,387,575
273,387,575
273,790
273,790,387,423,919
273,387,423,919
273,790,387,423
273,387,423
273,962
273,790,387,1221
273,387,1221
288,289
305,306
309,206,207,352
309,206,353,352
309,206,207,352,120
309,206,207,353,352,120
309,206,207,353,96,95,352,120
309,206,207,353,96,440,775,776,352,120
309,206,207,353,96,775,776,352,120
309,206,207,353,95,96,440,775,776,352,120
309,206,207,353,95,96,775,776,352,120
309,206,207,353,95,352,120
309,206,353,352,120
309,206,353,96,95,352,120
309,206,353,96,440,775,776,352,120
309,206,353,96,775,776,352,120
309,206,353,95,96,440,775,776,352,120
309,206,353,95,96,775,776,352,120
309,206,353,95,352,120
309,206,207,352,127
309,206,207,353,352,127
309,206,207,353,96,95,352,127
309,206,207,353,96,440,775,776,352,127
309,206,207,353,96,775,776,352,127
309,206,207,353,95,96,440,775,776,352,127
309,206,207,353,95,96,775,776,352,127
309,206,207,353,95,352,127
309,206,353,352,127
309,206,353,96,95,352,127
309,206,353,96,440,775,776,352,127
309,206,353,96,775,776,352,127
309,206,353,95,96,440,775,776,352,127
309,206,353,95,96,775,776,352,127
309,206,353,95,352,127
309,206,353
309,206,207,352,95,96,440
309,206,207,352,95,96,775,440
309,206,207,352,95,353,96,440
309,206,207,352,95,353,96,775,440
309,206,207,352,353,96,440
309,206,207,352,353,96,775,440
309,206,207,352,776,775,440
309,206,207,353,352,776,775,440
309,206,207,353,96,440
309,206,207,353,96,775,440
309,206,207,353,95,96,440
309,206,207,353,95,96,775,440
309,206,207,353,95,352,776,775,440
309,206,353,352,95,96,440
309,206,353,352,95,96,775,440
309,206,353,352,776,775,440
309,206,353,96,440
309,206,353,96,775,440
309,206,353,95,96,440
309,206,353,95,96,775,440
309,206,353,95,352,776,775,440
309,206,207,352,95,96,440,775,765
309,206,207,352,95,96,775,765
309,206,207,352,95,353,96,440,775,765
309,206,207,352,95,353,96,775,765
309,206,207,352,353,96,440,775,765
309,206,207,352,353,96,775,765
309,206,207,352,776,775,765
309,206,207,353,352,776,775,765
309,206,207,353,96,95,352,776,775,765
309,206,207,353,96,440,775,765
309,206,207,353,96,775,765
309,206,207,353,95,96,440,775,765
309,206,207,353,95,96,775,765
309,206,207,353,95,352,776,775,765
309,206,353,352,95,96,440,775,765
309,206,353,352,95,96,775,765
309,206,353,352,776,775,765
309,206,353,96,95,352,776,775,765
309,206,353,96,440,775,765
309,206,353,96,775,765
309,206,353,95,96,440,775,765
309,206,353,95,96,775,765
309,206,353,95,352,776,775,765
309,206,207,352,95,96,440,775,765,766
309,206,207,352,95,96,775,765,766
309,206,207,352,95,353,96,440,775,765,766
309,206,207,352,95,353,96,775,765,766
309,206,207,352,353,96,440,775,765,766
309,206,207,352,353,96,775,765,766
309,206,207,352,776,775,765,766
309,206,207,353,352,776,775,765,766
309,206,207,353,96,95,352,776,775,765,766
309,206,207,353,96,440,775,765,766
309,206,207,353,96,775,765,766
309,206,207,353,95,96,440,775,765,766
309,206,207,353,95,96,775,765,766
309,206,207,353,95,352,776,775,765,766
309,206,353,352,95,96,440,775,765,766
309,206,353,352,95,96,775,765,766
309,206,353,352,776,775,765,766
309,206,353,96,95,352,776,775,765,766
309,206,353,96,440,775,765,766
309,206,353,96,775,765,766
309,206,353,95,96,440,775,765,766
309,206,353,95,96,775,765,766
309,206,353,95,352,776,775,765,766
309,206,207,352,95,96,775
309,206,207,352,95,353,96,775
309,206,207,352,353,96,775
309,206,207,352,776,775
309,206,207,353,352,776,775
309,206,207,353,96,775
309,206,207,353,95,96,775
309,206,207,353,95,352,776,775
309,206,353,352,95,96,775
309,206,353,352,776,775
309,206,353,96,775
309,206,353,95,96,775
309,206,353,95,352,776,775
309,206,207,352,776
309,206,207,353,352,776
309,206,207,353,96,95,352,776
309,206,207,353,96,440,775,776
309,206,207,353,96,775,776
309,206,207,353,95,96,440,775,776
309,206,207,353,95,96,775,776
309,206,207,353,95,352,776
309,206,353,352,776
309,206,353,96,95,352,776
309,206,353,96,440,775,776
309,206,353,96,775,776
309,206,353,95,96,440,775,776
309,206,353,95,96,775,776
309,206,353,95,352,776
309,206,207,352,95,96,440,775,776,910
309,206,207,352,95,96,775,776,910
309,206,207,352,95,353,96,440,775,776,910
309,206,207,352,95,353,96,775,776,910
309,206,207,352,353,96,440,775,776,910
309,206,207,352,353,96,775,776,910
309,206,207,352,776,910
309,206,207,353,352,776,910
309,206,207,353,96,95,352,776,910
309,206,207,353,96,440,775,776,910
309,206,207,353,96,775,776,910
309,206,207,353,95,96,440,775,776,910
309,206,207,353,95,96,775,776,910
309,206,207,353,95,352,776,910
309,206,353,352,95,96,440,775,776,910
309,206,353,352,95,96,775,776,910
309,206,353,352,776,910
309,206,353,96,95,352,776,910
309,206,353,96,440,775,776,910
309,206,353,96,775,776,910
309,206,353,95,96,440,775,776,910
309,206,353,95,96,775,776,910
309,206,353,95,352,776,910
310,142,362
310,142,404
310,142,466
310,142,474
310,142,503
310,142,605
310,142,864
310,142,1143
310,142,1180
310,142,1199
310,142,1218
310,142,1220
321,618,619,224,552
321,224,552
321,618
321,618,619
321,224,619
322,323
330,331
330,331,591
330,331,675
330,331,675,233
330,331,675,676
330,331,675,677,1043,676
330,331,675,677
330,331,702
330,331,675,676,1043,262,726
330,331,675,676,1043,262,786,727,726
330,331,675,676,1043,685,727,726
330,331,675,676,1043,685,727,786,262,726
330,331,675,677,1043,262,726
330,331,675,677,1043,262,786,727,726
330,331,675,677,1043,685,727,726
330,331,675,677,1043,685,727,786,262,726
330,331,675,676,1043,262,726,727
330,331,675,676,1043,262,786,727
330,331,675,676,1043,685,727
330,331,675,677,1043,262,726,727
330,331,675,677,1043,262,786,727
330,331,675,677,1043,685,727
330,331,675,676,1043,262,726,144
330,331,675,676,1043,262,786,727,726,144
330,331,675,676,1043,685,727,726,144
330,331,675,676,1043,685,727,786,262,726,144
330,331,675,677,1043,262,726,144
330,331,675,677,1043,262,786,727,726,144
330,331,675,677,1043,685,727,726,144
330,331,675,677,1043,685,727,786,262,726,144
330,331,675,676,1043,262,786
330,331,675,676,1043,685,727,786
330,331,675,677,1043,262,786
330,331,675,677,1043,685,727,786
330,331,675,676,1043
330,331,675,677,1043
330,331,675,676,1043,685
330,331,675,677,1043,685
330,331,1146
331,591
331,675
331,675,233
331,675,676
331,675,677,1043,676
331,675,677
331,702
331,675,676,1043,262,726
331,675,676,1043,262,786,727,726
331,675,676,1043,685,727,726
331,675,676,1043,685,727,786,262,726
331,675,677,1043,262,726
331,675,677,1043,262,786,727,726
331,675,677,1043,685,727,726
331,675,677,1043,685,727,786,262,726
331,675,676,1043,262,726,727
331,675,676,1043,262,786,727
331,675,676,1043,685,727
331,675,677,1043,262,726,727
331,675,677,1043,262,786,727
331,675,677,1043,685,727
331,675,676,1043,262,726,144
331,675,676,1043,262,786,727,726,144
331,675,676,1043,685,727,726,144
331,675,676,1043,685,727,786,262,726,144
331,675,677,1043,262,726,144
331,675,677,1043,262,786,727,726,144
331,675,677,1043,685,727,726,144
331,675,677,1043,685,727,786,262,726,144
331,675,676,1043,262,786
331,675,676,1043,685,727,786
331,675,677,1043,262,786
331,675,677,1043,685,727,786
331,675,676,1043
331,675,677,1043
331,675,676,1043,685
331,675,677,1043,685
331,1146
340,273,790,387,386
340,273,387,386
340,273,790,387
340,273,387
340,273,790,387,575
340,273,387,575
340,273,790
340,273,790,387,423,919
340,273,387,423,919
340,273,790,387,423
340,273,387,423
340,273,962
340,273,790,387,1221
340,273,387,1221
341,342
343,68,606,63,488,376
343,68,606,63,488,489,376
343,68,802,63,488,376
343,68,802,63,488,489,376
343,68,1227,63,488,376
343,68,1227,63,488,489,376
343,63,488,376
343,63,488,489,376
343,68,606,63,488,376,377
343,68,606,63,488,489,376,377
343,68,802,63,488,376,377
343,68,802,63,488,489,376,377
343,68,1227,63,488,376,377
343,68,1227,63,488,489,376,377
343,63,488,376,377
343,63,488,489,376,377
343,68,606,63,488
343,68,802,63,488
343,68,1227,63,488
343,63,488
343,68,606,63,488,489
343,68,802,63,488,489
343,68,1227,63,488,489
343,63,488,489
343,68,574
343,63,606,68,574
343,63,802,68,574
343,63,1227,68,574
343,68,606
343,68,802,63,606
343,68,1227,63,606
343,63,606
343,68,638
343,63,606,68,638
343,63,802,68,638
343,63,1227,68,638
343,68,680
343,63,606,68,680
343,63,802,68,680
343,63,1227,68,680
343,68,802
343,68,1227,63,802
343,63,802
343,68,973
343,63,606,68,973
343,63,802,68,973
343,63,1227,68,973
343,68,1061
343,63,606,68,1061
343,63,802,68,1061
343,63,1227,68,1061
343,68,1227
343,63,1227
352,120
352,127
352,353
352,95,96,440
352,95,96,775,440
352,353,96,440
352,353,96,775,440
352,776,775,440
352,95,96,440,775,765
352,95,96,775,765
352,353,96,440,775,765
352,353,96,775,765
352,776,775,765
352,95,96,440,775,765,766
352,95,96,775,765,766
352,353,96,440,775,765,766
352,353,96,775,765,766
352,776,775,765,766
352,95,96,775
352,353,96,775
352,776,775
352,776
352,95,96,440,775,776,910
352,95,96,775,776,910
352,353,96,440,775,776,910
352,353,96,775,776,910
352,776,910
120,352,127
120,352,353
120,352,776,775,96,353
120,352,776,775,440,96,353
120,352,207,206,353,96,440
120,352,207,206,353,96,775,440
120,352,207,206,353,95,96,440
120,352,207,206,353,95,96,775,440
120,352,207,353,96,440
120,352,207,353,96,775,440
120,352,207,353,95,96,440
120,352,207,353,95,96,775,440
120,352,95,96,440
120,352,95,96,775,440
120,352,95,353,96,440
120,352,95,353,96,775,440
120,352,353,96,440
120,352,353,96,775,440
120,352,776,775,440
120,352,207,206,353,96,440,775,765
120,352,207,206,353,96,775,765
120,352,207,206,353,95,96,440,775,765
120,352,207,206,353,95,96,775,765
120,352,207,353,96,440,775,765
120,352,207,353,96,775,765
120,352,207,353,95,96,440,775,765
120,352,207,353,95,96,775,765
120,352,95,96,440,775,765
120,352,95,96,775,765
120,352,95,353,96,440,775,765
120,352,95,353,96,775,765
120,352,353,96,440,775,765
120,352,353,96,775,765
120,352,776,775,765
120,352,207,206,353,96,440,775,765,766
120,352,207,206,353,96,775,765,766
120,352,207,206,353,95,96,440,775,765,766
120,352,207,206,353,95,96,775,765,766
120,352,207,353,96,440,775,765,766
120,352,207,353,96,775,765,766
120,352,207,353,95,96,440,775,765,766
120,352,207,353,95,96,775,765,766
120,352,95,96,440,775,765,766
120,352,95,96,775,765,766
120,352,95,353,96,440,775,765,766
120,352,95,353,96,775,765,766
120,352,353,96,440,775,765,766
120,352,353,96,775,765,766
120,352,776,775,765,766
120,352,207,206,353,96,775
120,352,207,206,353,95,96,775
120,352,207,353,96,775
120,352,207,353,95,96,775
120,352,95,96,775
120,352,95,353,96,775
120,352,353,96,775
120,352,776,775
120,352,776
120,352,207,206,353,96,440,775,776,910
120,352,207,206,353,96,775,776,910
120,352,207,206,353,95,96,440,775,776,910
120,352,207,206,353,95,96,775,776,910
120,352,207,353,96,440,775,776,910
120,352,207,353,96,775,776,910
120,352,207,353,95,96,440,775,776,910
120,352,207,353,95,96,775,776,910
120,352,95,96,440,775,776,910
120,352,95,96,775,776,910
120,352,95,353,96,440,775,776,910
120,352,95,353,96,775,776,910
120,352,353,96,440,775,776,910
120,352,353,96,775,776,910
120,352,776,910
127,352,353
127,352,776,775,96,353
127,352,776,775,440,96,353
127,352,207,206,353,96,440
127,352,207,206,353,96,775,440
127,352,207,206,353,95,96,440
127,352,207,206,353,95,96,775,440
127,352,207,353,96,440
127,352,207,353,96,775,440
127,352,207,353,95,96,440
127,352,207,353,95,96,775,440
127,352,95,96,440
127,352,95,96,775,440
127,352,95,353,96,440
127,352,95,353,96,775,440
127,352,353,96,440
127,352,353,96,775,440
127,352,776,775,440
127,352,207,206,353,96,440,775,765
127,352,207,206,353,96,775,765
127,352,207,206,353,95,96,440,775,765
127,352,207,206,353,95,96,775,765
127,352,207,353,96,440,775,765
127,352,207,353,96,775,765
127,352,207,353,95,96,440,775,765
127,352,207,353,95,96,775,765
127,352,95,96,440,775,765
127,352,95,96,775,765
127,352,95,353,96,440,775,765
127,352,95,353,96,775,765
127,352,353,96,440,775,765
127,352,353,96,775,765
127,352,776,775,765
127,352,207,206,353,96,440,775,765,766
127,352,207,206,353,96,775,765,766
127,352,207,206,353,95,96,440,775,765,766
127,352,207,206,353,95,96,775,765,766
127,352,207,353,96,440,775,765,766
127,352,207,353,96,775,765,766
127,352,207,353,95,96,440,775,765,766
127,352,207,353,95,96,775,765,766
127,352,95,96,440,775,765,766
127,352,95,96,775,765,766
127,352,95,353,96,440,775,765,766
127,352,95,353,96,775,765,766
127,352,353,96,440,775,765,766
127,352,353,96,775,765,766
127,352,776,775,765,766
127,352,207,206,353,96,775
127,352,207,206,353,95,96,775
127,352,207,353,96,775
127,352,207,353,95,96,775
127,352,95,96,775
127,352,95,353,96,775
127,352,353,96,775
127,352,776,775
127,352,776
127,352,207,206,353,96,440,775,776,910
127,352,207,206,353,96,775,776,910
127,352,207,206,353,95,96,440,775,776,910
127,352,207,206,353,95,96,775,776,910
127,352,207,353,96,440,775,776,910
127,352,207,353,96,775,776,910
127,352,207,353,95,96,440,775,776,910
127,352,207,353,95,96,775,776,910
127,352,95,96,440,775,776,910
127,352,95,96,775,776,910
127,352,95,353,96,440,775,776,910
127,352,95,353,96,775,776,910
127,352,353,96,440,775,776,910
127,352,353,96,775,776,910
127,352,776,910
353,352,776,775,440
353,96,440
353,96,775,440
353,352,776,775,765
353,96,440,775,765
353,96,775,765
353,352,776,775,765,766
353,96,440,775,765,766
353,96,775,765,766
353,352,776,775
353,96,775
353,352,776
353,96,440,775,776
353,96,775,776
353,352,776,910
353,96,440,775,776,910
353,96,775,776,910
360,361
360,361,986
361,986
362,142,404
362,142,466
362,142,474
362,142,503
362,142,605
362,142,864
362,142,1143
362,142,1180
362,142,1199
362,142,1218
362,142,1220
370,371
370,372
371,370,372
376,377
376,488
376,489,488
376,489
376,488,63,67,68,574
376,488,63,343,68,574
376,488,63,606,68,574
376,488,63,802,68,574
376,488,63,1227,68,574
376,489,488,63,67,68,574
376,489,488,63,343,68,574
376,489,488,63,606,68,574
376,489,488,63,802,68,574
376,489,488,63,1227,68,574
376,488,63,606
376,488,63,802,68,606
376,488,63,1227,68,606
376,489,488,63,606
376,489,488,63,802,68,606
376,489,488,63,1227,68,606
376,488,63,67,68,638
376,488,63,343,68,638
376,488,63,606,68,638
376,488,63,802,68,638
376,488,63,1227,68,638
376,489,488,63,67,68,638
376,489,488,63,343,68,638
376,489,488,63,606,68,638
376,489,488,63,802,68,638
376,489,488,63,1227,68,638
376,488,63,67,68,680
376,488,63,343,68,680
376,488,63,606,68,680
376,488,63,802,68,680
376,488,63,1227,68,680
376,489,488,63,67,68,680
376,489,488,63,343,68,680
376,489,488,63,606,68,680
376,489,488,63,802,68,680
376,489,488,63,1227,68,680
376,488,63,802
376,488,63,1227,68,802
376,489,488,63,802
376,489,488,63,1227,68,802
376,488,63,67,68,973
376,488,63,343,68,973
376,488,63,606,68,973
376,488,63,802,68,973
376,488,63,1227,68,973
376,489,488,63,67,68,973
376,489,488,63,343,68,973
376,489,488,63,606,68,973
376,489,488,63,802,68,973
376,489,488,63,1227,68,973
376,488,63,67,68,1061
376,488,63,343,68,1061
376,488,63,606,68,1061
376,488,63,802,68,1061
376,488,63,1227,68,1061
376,489,488,63,67,68,1061
376,489,488,63,343,68,1061
376,489,488,63,606,68,1061
376,489,488,63,802,68,1061
376,489,488,63,1227,68,1061
376,488,63,1227
376,489,488,63,1227
377,376,488
377,376,489,488
377,376,489
377,376,488,63,67,68,574
377,376,488,63,343,68,574
377,376,488,63,606,68,574
377,376,488,63,802,68,574
377,376,488,63,1227,68,574
377,376,489,488,63,67,68,574
377,376,489,488,63,343,68,574
377,376,489,488,63,606,68,574
377,376,489,488,63,802,68,574
377,376,489,488,63,1227,68,574
377,376,488,63,606
377,376,488,63,802,68,606
377,376,488,63,1227,68,606
377,376,489,488,63,606
377,376,489,488,63,802,68,606
377,376,489,488,63,1227,68,606
377,376,488,63,67,68,638
377,376,488,63,343,68,638
377,376,488,63,606,68,638
377,376,488,63,802,68,638
377,376,488,63,1227,68,638
377,376,489,488,63,67,68,638
377,376,489,488,63,343,68,638
377,376,489,488,63,606,68,638
377,376,489,488,63,802,68,638
377,376,489,488,63,1227,68,638
377,376,488,63,67,68,680
377,376,488,63,343,68,680
377,376,488,63,606,68,680
377,376,488,63,802,68,680
377,376,488,63,1227,68,680
377,376,489,488,63,67,68,680
377,376,489,488,63,343,68,680
377,376,489,488,63,606,68,680
377,376,489,488,63,802,68,680
377,376,489,488,63,1227,68,680
377,376,488,63,802
377,376,488,63,1227,68,802
377,376,489,488,63,802
377,376,489,488,63,1227,68,802
377,376,488,63,67,68,973
377,376,488,63,343,68,973
377,376,488,63,606,68,973
377,376,488,63,802,68,973
377,376,488,63,1227,68,973
377,376,489,488,63,67,68,973
377,376,489,488,63,343,68,973
377,376,489,488,63,606,68,973
377,376,489,488,63,802,68,973
377,376,489,488,63,1227,68,973
377,376,488,63,67,68,1061
377,376,488,63,343,68,1061
377,376,488,63,606,68,1061
377,376,488,63,802,68,1061
377,376,488,63,1227,68,1061
377,376,489,488,63,67,68,1061
377,376,489,488,63,343,68,1061
377,376,489,488,63,606,68,1061
377,376,489,488,63,802,68,1061
377,376,489,488,63,1227,68,1061
377,376,488,63,1227
377,376,489,488,63,1227
384,385
386,387
386,387,575
386,387,790
386,387,423,919
386,387,423
386,387,790,273,962
386,387,273,962
386,387,1221
387,575
387,790
387,423,919
387,423
387,790,273,962
387,273,962
387,1221
392,48,47,704
392,48,927,49,47,704
392,48,927,49,877,50,47,704
392,48,927,49,950,50,47,704
392,48,950,50,47,704
392,48,950,50,877,49,47,704
392,48,950,49,47,704
392,49,47,704
392,49,877,50,47,704
392,49,950,50,47,704
392,48,47,50,877
392,48,927,49,877
392,48,927,49,950,50,877
392,48,950,50,877
392,48,950,49,877
392,49,877
392,49,950,50,877
392,48,927
392,48,950,49,927
392,49,927
392,48,950
392,49,950
394,395
394,201,951,395
394,201,1004,395
394,201
394,395,951
394,395,1004,201,951
394,201,951
394,395,1004
394,201,1004
395,394,201
395,951,201
395,1004,201
395,951
395,1004,201,951
395,1004
201,951
201,1004
401,126,708
401,126,739,192,708
401,192,708
401,126,739
401,192,739
401,126,757
401,192,708,126,757
401,192,739,126,757
402,162,748
402,162,833
404,142,466
404,142,474
404,142,503
404,142,605
404,142,864
404,142,1143
404,142,1180
404,142,1199
404,142,1218
404,142,1220
407,408
407,408,1189
408,1189
421,412
427,297
440,96,95,352,776,775,765
440,96,95,353,352,776,775,765
440,96,95,353,207,352,776,775,765
440,96,95,353,206,207,352,776,775,765
440,96,353,352,776,775,765
440,96,353,207,352,776,775,765
440,96,353,206,207,352,776,775,765
440,775,765
440,96,95,352,776,775,765,766
440,96,95,353,352,776,775,765,766
440,96,95,353,207,352,776,775,765,766
440,96,95,353,206,207,352,776,775,765,766
440,96,353,352,776,775,765,766
440,96,353,207,352,776,775,765,766
440,96,353,206,207,352,776,775,765,766
440,775,765,766
440,775
440,96,95,352,776
440,96,95,353,352,776
440,96,95,353,207,352,776
440,96,95,353,206,207,352,776
440,96,353,352,776
440,96,353,207,352,776
440,96,353,206,207,352,776
440,775,776
440,96,95,352,776,910
440,96,95,353,352,776,910
440,96,95,353,207,352,776,910
440,96,95,353,206,207,352,776,910
440,96,353,352,776,910
440,96,353,207,352,776,910
440,96,353,206,207,352,776,910
440,775,776,910
448,449
448,1182,449
448,1182
448,449,1236
448,1182,449,1236
449,1182
449,1236
457,1194
460,461
460,461,1016
460,461,1175
461,1016
461,1175
466,142,474
466,142,503
466,142,605
466,142,864
466,142,1143
466,142,1180
466,142,1199
466,142,1218
466,142,1220
474,142,503
474,142,605
474,142,864
474,142,1143
474,142,1180
474,142,1199
474,142,1218
474,142,1220
479,480
488,489
488,63,67,68,574
488,63,343,68,574
488,63,606,68,574
488,63,802,68,574
488,63,1227,68,574
488,63,606
488,63,802,68,606
488,63,1227,68,606
488,63,67,68,638
488,63,343,68,638
488,63,606,68,638
488,63,802,68,638
488,63,1227,68,638
488,63,67,68,680
488,63,343,68,680
488,63,606,68,680
488,63,802,68,680
488,63,1227,68,680
488,63,802
488,63,1227,68,802
488,63,67,68,973
488,63,343,68,973
488,63,606,68,973
488,63,802,68,973
488,63,1227,68,973
488,63,67,68,1061
488,63,343,68,1061
488,63,606,68,1061
488,63,802,68,1061
488,63,1227,68,1061
488,63,1227
489,488,63,67,68,574
489,488,63,343,68,574
489,488,63,606,68,574
489,488,63,802,68,574
489,488,63,1227,68,574
489,488,63,606
489,488,63,802,68,606
489,488,63,1227,68,606
489,488,63,67,68,638
489,488,63,343,68,638
489,488,63,606,68,638
489,488,63,802,68,638
489,488,63,1227,68,638
489,488,63,67,68,680
489,488,63,343,68,680
489,488,63,606,68,680
489,488,63,802,68,680
489,488,63,1227,68,680
489,488,63,802
489,488,63,1227,68,802
489,488,63,67,68,973
489,488,63,343,68,973
489,488,63,606,68,973
489,488,63,802,68,973
489,488,63,1227,68,973
489,488,63,67,68,1061
489,488,63,343,68,1061
489,488,63,606,68,1061
489,488,63,802,68,1061
489,488,63,1227,68,1061
489,488,63,1227
490,485
503,142,605
503,142,864
503,142,1143
503,142,1180
503,142,1199
503,142,1218
503,142,1220
515,516
515,516,1001,1000
515,516,1001
515,516,1001,888
516,1001,1000
516,1001
516,1001,888
521,85
521,85,660
521,85,965
85,660
85,965
538,539
552,224,223,225,618
552,224,619,618
552,224,321,618
552,224,619
560,110
561,562
561,562,609
561,562,960
561,562,1202,35,960
561,562,960,35,1050
561,562,1202,35,1050
561,562,960,35,1114
561,562,1202,35,1114
561,562,1202
562,609
562,960
562,960,35,1050
562,1202,35,1050
562,960,35,1114
562,1202,35,1114
562,1202
574,68,606
574,68,802,63,606
574,68,1227,63,606
574,68,638
574,68,680
574,68,802
574,68,1227,63,802
574,68,973
574,68,1061
574,68,1227
575,387,790
575,387,423,919
575,387,423
575,387,790,273,962
575,387,273,962
575,387,1221
591,331,675
591,331,675,233
591,331,675,676
591,331,675,677,1043,676
591,331,675,677
591,331,702
591,331,675,676,1043,262,726
591,331,675,676,1043,262,786,727,726
591,331,675,676,1043,685,727,726
591,331,675,676,1043,685,727,786,262,726
591,331,675,677,1043,262,726
591,331,675,677,1043,262,786,727,726
591,331,675,677,1043,685,727,726
591,331,675,677,1043,685,727,786,262,726
591,331,675,676,1043,262,726,727
591,331,675,676,1043,262,786,727
591,331,675,676,1043,685,727
591,331,675,677,1043,262,726,727
591,331,675,677,1043,262,786,727
591,331,675,677,1043,685,727
591,331,675,676,1043,262,726,144
591,331,675,676,1043,262,786,727,726,144
591,331,675,676,1043,685,727,726,144
591,331,675,676,1043,685,727,786,262,726,144
591,331,675,677,1043,262,726,144
591,331,675,677,1043,262,786,727,726,144
591,331,675,677,1043,685,727,726,144
591,331,675,677,1043,685,727,786,262,726,144
591,331,675,676,1043,262,786
591,331,675,676,1043,685,727,786
591,331,675,677,1043,262,786
591,331,675,677,1043,685,727,786
591,331,675,676,1043
591,331,675,677,1043
591,331,675,676,1043,685
591,331,675,677,1043,685
591,331,1146
605,142,864
605,142,1143
605,142,1180
605,142,1199
605,142,1218
605,142,1220
606,63,802,68,638
606,63,1227,68,638
606,68,638
606,63,802,68,680
606,63,1227,68,680
606,68,680
606,63,802
606,63,1227,68,802
606,68,802
606,63,802,68,973
606,63,1227,68,973
606,68,973
606,63,802,68,1061
606,63,1227,68,1061
606,68,1061
606,63,1227
606,68,1227
609,562,960
609,562,1202,35,960
609,562,960,35,1050
609,562,1202,35,1050
609,562,960,35,1114
609,562,1202,35,1114
609,562,1202
610,388
610,388,1248,884,1091
610,388,1248,884
610,388,1248
610,388,1248,979
388,1248,884,1091
388,1248,884
388,1248
388,1248,979
611,612
611,612,707
611,612,933
611,612,972
611,612,972,1129
611,612,972,1130,1129
611,612,972,1130
611,612,972,1129,1130,711
611,612,972,1130,711
612,707
612,933
612,972
612,972,1129
612,972,1130,1129
612,972,1130
612,972,1129,1130,711
612,972,1130,711
618,619
630,631
632,566
637,7,1073
638,68,680
638,68,802
638,68,1227,63,802
638,68,973
638,68,1061
638,68,1227
660,85,965
670,671
675,233
675,676
675,677,1043,676
675,677
675,331,702
675,676,1043,262,726
675,676,1043,262,786,727,726
675,676,1043,685,727,726
675,676,1043,685,727,786,262,726
675,677,1043,262,726
675,677,1043,262,786,727,726
675,677,1043,685,727,726
675,677,1043,685,727,786,262,726
675,676,1043,262,726,727
675,676,1043,262,786,727
675,676,1043,685,727
675,677,1043,262,726,727
675,677,1043,262,786,727
675,677,1043,685,727
675,676,1043,262,726,144
675,676,1043,262,786,727,726,144
675,676,1043,685,727,726,144
675,676,1043,685,727,786,262,726,144
675,677,1043,262,726,144
675,677,1043,262,786,727,726,144
675,677,1043,685,727,726,144
675,677,1043,685,727,786,262,726,144
675,676,1043,262,786
675,676,1043,685,727,786
675,677,1043,262,786
675,677,1043,685,727,786
675,676,1043
675,677,1043
675,676,1043,685
675,677,1043,685
675,331,1146
233,675,676
233,675,677,1043,676
233,675,677
233,675,331,702
233,675,676,1043,262,726
233,675,676,1043,262,786,727,726
233,675,676,1043,685,727,726
233,675,676,1043,685,727,786,262,726
233,675,677,1043,262,726
233,675,677,1043,262,786,727,726
233,675,677,1043,685,727,726
233,675,677,1043,685,727,786,262,726
233,675,676,1043,262,726,727
233,675,676,1043,262,786,727
233,675,676,1043,685,727
233,675,677,1043,262,726,727
233,675,677,1043,262,786,727
233,675,677,1043,685,727
233,675,676,1043,262,726,144
233,675,676,1043,262,786,727,726,144
233,675,676,1043,685,727,726,144
233,675,676,1043,685,727,786,262,726,144
233,675,677,1043,262,726,144
233,675,677,1043,262,786,727,726,144
233,675,677,1043,685,727,726,144
233,675,677,1043,685,727,786,262,726,144
233,675,676,1043,262,786
233,675,676,1043,685,727,786
233,675,677,1043,262,786
233,675,677,1043,685,727,786
233,675,676,1043
233,675,677,1043
233,675,676,1043,685
233,675,677,1043,685
233,675,331,1146
676,675,677
676,1043,677
676,675,331,702
676,1043,677,675,331,702
676,675,677,1043,262,726
676,675,677,1043,262,786,727,726
676,675,677,1043,685,727,726
676,675,677,1043,685,727,786,262,726
676,1043,262,726
676,1043,262,786,727,726
676,1043,685,727,726
676,1043,685,727,786,262,726
676,675,677,1043,262,726,727
676,675,677,1043,262,786,727
676,675,677,1043,685,727
676,1043,262,726,727
676,1043,262,786,727
676,1043,685,727
676,675,677,1043,262,726,144
676,675,677,1043,262,786,727,726,144
676,675,677,1043,685,727,726,144
676,675,677,1043,685,727,786,262,726,144
676,1043,262,726,144
676,1043,262,786,727,726,144
676,1043,685,727,726,144
676,1043,685,727,786,262,726,144
676,675,677,1043,262,786
676,675,677,1043,685,727,786
676,1043,262,786
676,1043,685,727,786
676,1043
676,675,677,1043,685
676,1043,685
676,675,331,1146
676,1043,677,675,331,1146
677,675,331,702
677,1043,262,726
677,1043,262,786,727,726
677,1043,685,727,726
677,1043,685,727,786,262,726
677,1043,262,726,727
677,1043,262,786,727
677,1043,685,727
677,1043,262,726,144
677,1043,262,786,727,726,144
677,1043,685,727,726,144
677,1043,685,727,786,262,726,144
677,1043,262,786
677,1043,685,727,786
677,1043
677,1043,685
677,675,331,1146
680,68,802
680,68,1227,63,802
680,68,973
680,68,1061
680,68,1227
693,100
702,331,675,676,1043,262,726
702,331,675,676,1043,262,786,727,726
702,331,675,676,1043,685,727,726
702,331,675,676,1043,685,727,786,262,726
702,331,675,677,1043,262,726
702,331,675,677,1043,262,786,727,726
702,331,675,677,1043,685,727,726
702,331,675,677,1043,685,727,786,262,726
702,331,675,676,1043,262,726,727
702,331,675,676,1043,262,786,727
702,331,675,676,1043,685,727
702,331,675,677,1043,262,726,727
702,331,675,677,1043,262,786,727
702,331,675,677,1043,685,727
702,331,675,676,1043,262,726,144
702,331,675,676,1043,262,786,727,726,144
702,331,675,676,1043,685,727,726,144
702,331,675,676,1043,685,727,786,262,726,144
702,331,675,677,1043,262,726,144
702,331,675,677,1043,262,786,727,726,144
702,331,675,677,1043,685,727,726,144
702,331,675,677,1043,685,727,786,262,726,144
702,331,675,676,1043,262,786
702,331,675,676,1043,685,727,786
702,331,675,677,1043,262,786
702,331,675,677,1043,685,727,786
702,331,675,676,1043
702,331,675,677,1043
702,331,675,676,1043,685
702,331,675,677,1043,685
702,331,1146
704,47,48,392,49,877
704,47,48,927,49,877
704,47,48,927,49,950,50,877
704,47,48,950,50,877
704,47,48,950,49,877
704,47,49,877
704,47,49,950,50,877
704,47,50,877
704,47,48,927
704,47,48,950,49,927
704,47,49,927
704,47,50,877,49,927
704,47,50,950,48,927
704,47,50,950,49,927
704,47,48,950
704,47,49,950
704,47,50,950
707,612,933
707,612,972
707,612,972,1129
707,612,972,1130,1129
707,612,972,1130
707,612,972,1129,1130,711
707,612,972,1130,711
708,126,739
708,192,739
708,126,757
708,192,739,126,757
726,727
726,144
726,262,786
726,262,1043,685,727,786
726,727,786
726,262,1043
726,727,786,262,1043
726,727,685,1043
726,262,786,727,685
726,262,1043,685
726,727,685
726,262,786,727,685,1043,676,675,331,1146
726,262,786,727,685,1043,677,675,331,1146
726,262,1043,676,675,331,1146
726,262,1043,677,675,331,1146
726,727,786,262,1043,676,675,331,1146
726,727,786,262,1043,677,675,331,1146
726,727,685,1043,676,675,331,1146
726,727,685,1043,677,675,331,1146
727,726,144
727,786
727,726,262,1043
727,786,262,1043
727,685,1043
727,685
727,726,262,1043,676,675,331,1146
727,726,262,1043,677,675,331,1146
727,786,262,1043,676,675,331,1146
727,786,262,1043,677,675,331,1146
727,685,1043,676,675,331,1146
727,685,1043,677,675,331,1146
144,726,262,786
144,726,262,1043,685,727,786
144,726,727,786
144,726,262,1043
144,726,727,786,262,1043
144,726,727,685,1043
144,726,262,786,727,685
144,726,262,1043,685
144,726,727,685
144,726,262,786,727,685,1043,676,675,331,1146
144,726,262,786,727,685,1043,677,675,331,1146
144,726,262,1043,676,675,331,1146
144,726,262,1043,677,675,331,1146
144,726,727,786,262,1043,676,675,331,1146
144,726,727,786,262,1043,677,675,331,1146
144,726,727,685,1043,676,675,331,1146
144,726,727,685,1043,677,675,331,1146
737,738
739,126,757
748,162,833
765,766
765,775
765,775,776
765,775,96,95,352,776,910
765,775,96,95,353,352,776,910
765,775,96,95,353,207,352,776,910
765,775,96,95,353,206,207,352,776,910
765,775,96,353,352,776,910
765,775,96,353,207,352,776,910
765,775,96,353,206,207,352,776,910
765,775,440,96,95,352,776,910
765,775,440,96,95,353,352,776,910
765,775,440,96,95,353,207,352,776,910
765,775,440,96,95,353,206,207,352,776,910
765,775,440,96,353,352,776,910
765,775,440,96,353,207,352,776,910
765,775,440,96,353,206,207,352,776,910
765,775,776,910
766,765,775
766,765,775,776
766,765,775,96,95,352,776,910
766,765,775,96,95,353,352,776,910
766,765,775,96,95,353,207,352,776,910
766,765,775,96,95,353,206,207,352,776,910
766,765,775,96,353,352,776,910
766,765,775,96,353,207,352,776,910
766,765,775,96,353,206,207,352,776,910
766,765,775,440,96,95,352,776,910
766,765,775,440,96,95,353,352,776,910
766,765,775,440,96,95,353,207,352,776,910
766,765,775,440,96,95,353,206,207,352,776,910
766,765,775,440,96,353,352,776,910
766,765,775,440,96,353,207,352,776,910
766,765,775,440,96,353,206,207,352,776,910
766,765,775,776,910
775,776
775,776,910
776,910
777,183,643
777,183,346
777,183,180,181,1048
777,183,180,182,181,1048
777,183,182,181,1048
643,183,346
643,183,180,181,1048
643,183,180,182,181,1048
643,183,182,181,1048
346,183,180,181,1048
346,183,180,182,181,1048
346,183,182,181,1048
786,727,685,1043
786,262,1043
786,727,685
786,262,1043,685
786,727,685,1043,676,675,331,1146
786,727,685,1043,677,675,331,1146
786,262,1043,676,675,331,1146
786,262,1043,677,675,331,1146
790,387,423,919
790,387,423
790,273,962
790,387,1221
792,117,918
792,117,1214
792,117,1282
802,68,973
802,63,1227,68,973
802,68,1061
802,63,1227,68,1061
802,68,1227
802,63,1227
832,164
835,836
848,380
848,147,936,380
848,849,936,380
848,147
848,849,936,147
848,849
848,380,936
848,147,936
848,849,936
380,848,147
380,848,849,936,147
380,936,147
380,848,849
380,936,849
380,936
147,848,849
147,936,849
147,936
849,936
851,852
864,142,1143
864,142,1180
864,142,1199
864,142,1218
864,142,1220
868,662
877,49,927
877,49,950,48,927
877,50,47,48,927
877,50,950,48,927
877,50,950,49,927
877,49,950
877,50,950
896,226
901,902
901,1057
902,901,1057
918,117,1214
918,117,1282
919,423
919,423,387,790,273,962
919,423,387,273,962
919,423,387,1221
423,387,790,273,962
423,387,273,962
423,387,1221
927,49,950
927,48,950
932,435
933,612,972
933,612,972,1129
933,612,972,1130,1129
933,612,972,1130
933,612,972,1129,1130,711
933,612,972,1130,711
951,395,1004
951,201,1004
960,562,1202,35,1050
960,35,1050
960,562,1202,35,1114
960,35,1114
960,562,1202
960,35,1202
962,273,790,387,1221
962,273,387,1221
964,80,1023
972,1129
972,1130,1129
972,1130
972,1129,1130,711
972,1130,711
973,68,1061
973,68,1227
974,975
974,59
974,271
975,974,59
975,974,271
59,974,271
988,989
1000,1001
1000,1001,888
1001,888
1016,461,1175
1021,267,1212
1021,268,1212
1027,894
1027,270,1201,894
1027,270
1027,894,1201
1027,270,1201
894,1027,270
894,1201,270
894,1201
270,1201
1039,687
1039,587
1039,805
687,1039,587
687,1039,805
587,1039,805
1043,685
1043,676,675,331,1146
1043,677,675,331,1146
685,1043,676,675,331,1146
685,1043,677,675,331,1146
1050,35,1114
1050,35,1202
1061,68,1227
1091,884
1091,884,1248
1091,884,1248,979
884,1248
884,1248,979
1111,506
1114,35,1202
1129,1130
1129,1130,711
1130,711
1139,1140
1143,142,1180
1143,142,1199
1143,142,1218
1143,142,1220
1161,419
1161,419,1188
419,1188
1180,142,1199
1180,142,1218
1180,142,1220
1182,449,1236
1191,300
1199,142,1218
1199,142,1220
1214,117,1282
1218,142,1220
1248,979
1259,320
