2,3
2,4
2,5
2,6
2,7
2,3,19,9,8
2,3,40,20,19,9,8
2,3,40,20,41,12,19,9,8
2,3,40,20,41,1,19,9,8
2,3,41,20,19,9,8
2,3,41,12,19,9,8
2,3,41,1,19,9,8
2,3,19,9
2,3,40,20,19,9
2,3,40,20,41,12,19,9
2,3,40,20,41,1,19,9
2,3,41,20,19,9
2,3,41,12,19,9
2,3,41,1,19,9
2,3,19
2,3,40,20,19
2,3,40,20,41,12,19
2,3,40,20,41,1,19
2,3,41,20,19
2,3,41,12,19
2,3,41,1,19
2,3,19,20
2,3,19,12,41,20
2,3,19,1,41,20
2,3,40,20
2,3,41,20
2,3,19,16
2,3,40,20,19,16
2,3,40,20,41,12,19,16
2,3,40,20,41,1,19,16
2,3,41,20,19,16
2,3,41,12,19,16
2,3,41,1,19,16
2,3,19,21
2,3,40,20,19,21
2,3,40,20,41,12,19,21
2,3,40,20,41,1,19,21
2,3,41,20,19,21
2,3,41,12,19,21
2,3,41,1,19,21
2,3,19,22
2,3,40,20,19,22
2,3,40,20,41,12,19,22
2,3,40,20,41,1,19,22
2,3,41,20,19,22
2,3,41,12,19,22
2,3,41,1,19,22
2,3,19,12
2,3,19,1,41,12
2,3,40,20,19,12
2,3,40,20,19,1,41,12
2,3,40,20,41,12
2,3,41,12
2,3,19,1
2,3,40,20,19,1
2,3,40,20,41,1
2,3,41,1
2,3,19,23
2,3,40,20,19,23
2,3,40,20,41,12,19,23
2,3,40,20,41,1,19,23
2,3,41,20,19,23
2,3,41,12,19,23
2,3,41,1,19,23
2,3,40
2,3,41,20,40
2,3,41
2,3,19,20,41,34
2,3,19,12,41,34
2,3,19,1,41,34
2,3,40,20,19,12,41,34
2,3,40,20,19,1,41,34
2,3,40,20,41,34
2,3,41,34
3,2,4
3,2,5
3,2,6
3,2,7
3,19,9,8
3,40,20,19,9,8
3,40,20,41,12,19,9,8
3,40,20,41,1,19,9,8
3,41,20,19,9,8
3,41,12,19,9,8
3,41,1,19,9,8
3,19,9
3,40,20,19,9
3,40,20,41,12,19,9
3,40,20,41,1,19,9
3,41,20,19,9
3,41,12,19,9
3,41,1,19,9
3,19
3,40,20,19
3,40,20,41,12,19
3,40,20,41,1,19
3,41,20,19
3,41,12,19
3,41,1,19
3,19,20
3,19,12,41,20
3,19,1,41,20
3,40,20
3,41,20
3,19,16
3,40,20,19,16
3,40,20,41,12,19,16
3,40,20,41,1,19,16
3,41,20,19,16
3,41,12,19,16
3,41,1,19,16
3,19,21
3,40,20,19,21
3,40,20,41,12,19,21
3,40,20,41,1,19,21
3,41,20,19,21
3,41,12,19,21
3,41,1,19,21
3,19,22
3,40,20,19,22
3,40,20,41,12,19,22
3,40,20,41,1,19,22
3,41,20,19,22
3,41,12,19,22
3,41,1,19,22
3,19,12
3,19,1,41,12
3,40,20,19,12
3,40,20,19,1,41,12
3,40,20,41,12
3,41,12
3,19,1
3,40,20,19,1
3,40,20,41,1
3,41,1
3,19,23
3,40,20,19,23
3,40,20,41,12,19,23
3,40,20,41,1,19,23
3,41,20,19,23
3,41,12,19,23
3,41,1,19,23
3,40
3,41,20,40
3,41
3,19,20,41,34
3,19,12,41,34
3,19,1,41,34
3,40,20,19,12,41,34
3,40,20,19,1,41,34
3,40,20,41,34
3,41,34
4,2,5
4,2,6
4,2,7
4,2,3,19,9,8
4,2,3,40,20,19,9,8
4,2,3,40,20,41,12,19,9,8
4,2,3,40,20,41,1,19,9,8
4,2,3,41,20,19,9,8
4,2,3,41,12,19,9,8
4,2,3,41,1,19,9,8
4,2,3,19,9
4,2,3,40,20,19,9
4,2,3,40,20,41,12,19,9
4,2,3,40,20,41,1,19,9
4,2,3,41,20,19,9
4,2,3,41,12,19,9
4,2,3,41,1,19,9
4,2,3,19
4,2,3,40,20,19
4,2,3,40,20,41,12,19
4,2,3,40,20,41,1,19
4,2,3,41,20,19
4,2,3,41,12,19
4,2,3,41,1,19
4,2,3,19,20
4,2,3,19,12,41,20
4,2,3,19,1,41,20
4,2,3,40,20
4,2,3,41,20
4,2,3,19,16
4,2,3,40,20,19,16
4,2,3,40,20,41,12,19,16
4,2,3,40,20,41,1,19,16
4,2,3,41,20,19,16
4,2,3,41,12,19,16
4,2,3,41,1,19,16
4,2,3,19,21
4,2,3,40,20,19,21
4,2,3,40,20,41,12,19,21
4,2,3,40,20,41,1,19,21
4,2,3,41,20,19,21
4,2,3,41,12,19,21
4,2,3,41,1,19,21
4,2,3,19,22
4,2,3,40,20,19,22
4,2,3,40,20,41,12,19,22
4,2,3,40,20,41,1,19,22
4,2,3,41,20,19,22
4,2,3,41,12,19,22
4,2,3,41,1,19,22
4,2,3,19,12
4,2,3,19,1,41,12
4,2,3,40,20,19,12
4,2,3,40,20,19,1,41,12
4,2,3,40,20,41,12
4,2,3,41,12
4,2,3,19,1
4,2,3,40,20,19,1
4,2,3,40,20,41,1
4,2,3,41,1
4,2,3,19,23
4,2,3,40,20,19,23
4,2,3,40,20,41,12,19,23
4,2,3,40,20,41,1,19,23
4,2,3,41,20,19,23
4,2,3,41,12,19,23
4,2,3,41,1,19,23
4,2,3,40
4,2,3,41,20,40
4,2,3,41
4,2,3,19,20,41,34
4,2,3,19,12,41,34
4,2,3,19,1,41,34
4,2,3,40,20,19,12,41,34
4,2,3,40,20,19,1,41,34
4,2,3,40,20,41,34
4,2,3,41,34
5,2,6
5,2,7
5,2,3,19,9,8
5,2,3,40,20,19,9,8
5,2,3,40,20,41,12,19,9,8
5,2,3,40,20,41,1,19,9,8
5,2,3,41,20,19,9,8
5,2,3,41,12,19,9,8
5,2,3,41,1,19,9,8
5,2,3,19,9
5,2,3,40,20,19,9
5,2,3,40,20,41,12,19,9
5,2,3,40,20,41,1,19,9
5,2,3,41,20,19,9
5,2,3,41,12,19,9
5,2,3,41,1,19,9
5,2,3,19
5,2,3,40,20,19
5,2,3,40,20,41,12,19
5,2,3,40,20,41,1,19
5,2,3,41,20,19
5,2,3,41,12,19
5,2,3,41,1,19
5,2,3,19,20
5,2,3,19,12,41,20
5,2,3,19,1,41,20
5,2,3,40,20
5,2,3,41,20
5,2,3,19,16
5,2,3,40,20,19,16
5,2,3,40,20,41,12,19,16
5,2,3,40,20,41,1,19,16
5,2,3,41,20,19,16
5,2,3,41,12,19,16
5,2,3,41,1,19,16
5,2,3,19,21
5,2,3,40,20,19,21
5,2,3,40,20,41,12,19,21
5,2,3,40,20,41,1,19,21
5,2,3,41,20,19,21
5,2,3,41,12,19,21
5,2,3,41,1,19,21
5,2,3,19,22
5,2,3,40,20,19,22
5,2,3,40,20,41,12,19,22
5,2,3,40,20,41,1,19,22
5,2,3,41,20,19,22
5,2,3,41,12,19,22
5,2,3,41,1,19,22
5,2,3,19,12
5,2,3,19,1,41,12
5,2,3,40,20,19,12
5,2,3,40,20,19,1,41,12
5,2,3,40,20,41,12
5,2,3,41,12
5,2,3,19,1
5,2,3,40,20,19,1
5,2,3,40,20,41,1
5,2,3,41,1
5,2,3,19,23
5,2,3,40,20,19,23
5,2,3,40,20,41,12,19,23
5,2,3,40,20,41,1,19,23
5,2,3,41,20,19,23
5,2,3,41,12,19,23
5,2,3,41,1,19,23
5,2,3,40
5,2,3,41,20,40
5,2,3,41
5,2,3,19,20,41,34
5,2,3,19,12,41,34
5,2,3,19,1,41,34
5,2,3,40,20,19,12,41,34
5,2,3,40,20,19,1,41,34
5,2,3,40,20,41,34
5,2,3,41,34
6,2,7
6,2,3,19,9,8
6,2,3,40,20,19,9,8
6,2,3,40,20,41,12,19,9,8
6,2,3,40,20,41,1,19,9,8
6,2,3,41,20,19,9,8
6,2,3,41,12,19,9,8
6,2,3,41,1,19,9,8
6,2,3,19,9
6,2,3,40,20,19,9
6,2,3,40,20,41,12,19,9
6,2,3,40,20,41,1,19,9
6,2,3,41,20,19,9
6,2,3,41,12,19,9
6,2,3,41,1,19,9
6,2,3,19
6,2,3,40,20,19
6,2,3,40,20,41,12,19
6,2,3,40,20,41,1,19
6,2,3,41,20,19
6,2,3,41,12,19
6,2,3,41,1,19
6,2,3,19,20
6,2,3,19,12,41,20
6,2,3,19,1,41,20
6,2,3,40,20
6,2,3,41,20
6,2,3,19,16
6,2,3,40,20,19,16
6,2,3,40,20,41,12,19,16
6,2,3,40,20,41,1,19,16
6,2,3,41,20,19,16
6,2,3,41,12,19,16
6,2,3,41,1,19,16
6,2,3,19,21
6,2,3,40,20,19,21
6,2,3,40,20,41,12,19,21
6,2,3,40,20,41,1,19,21
6,2,3,41,20,19,21
6,2,3,41,12,19,21
6,2,3,41,1,19,21
6,2,3,19,22
6,2,3,40,20,19,22
6,2,3,40,20,41,12,19,22
6,2,3,40,20,41,1,19,22
6,2,3,41,20,19,22
6,2,3,41,12,19,22
6,2,3,41,1,19,22
6,2,3,19,12
6,2,3,19,1,41,12
6,2,3,40,20,19,12
6,2,3,40,20,19,1,41,12
6,2,3,40,20,41,12
6,2,3,41,12
6,2,3,19,1
6,2,3,40,20,19,1
6,2,3,40,20,41,1
6,2,3,41,1
6,2,3,19,23
6,2,3,40,20,19,23
6,2,3,40,20,41,12,19,23
6,2,3,40,20,41,1,19,23
6,2,3,41,20,19,23
6,2,3,41,12,19,23
6,2,3,41,1,19,23
6,2,3,40
6,2,3,41,20,40
6,2,3,41
6,2,3,19,20,41,34
6,2,3,19,12,41,34
6,2,3,19,1,41,34
6,2,3,40,20,19,12,41,34
6,2,3,40,20,19,1,41,34
6,2,3,40,20,41,34
6,2,3,41,34
7,2,3,19,9,8
7,2,3,40,20,19,9,8
7,2,3,40,20,41,12,19,9,8
7,2,3,40,20,41,1,19,9,8
7,2,3,41,20,19,9,8
7,2,3,41,12,19,9,8
7,2,3,41,1,19,9,8
7,2,3,19,9
7,2,3,40,20,19,9
7,2,3,40,20,41,12,19,9
7,2,3,40,20,41,1,19,9
7,2,3,41,20,19,9
7,2,3,41,12,19,9
7,2,3,41,1,19,9
7,2,3,19
7,2,3,40,20,19
7,2,3,40,20,41,12,19
7,2,3,40,20,41,1,19
7,2,3,41,20,19
7,2,3,41,12,19
7,2,3,41,1,19
7,2,3,19,20
7,2,3,19,12,41,20
7,2,3,19,1,41,20
7,2,3,40,20
7,2,3,41,20
7,2,3,19,16
7,2,3,40,20,19,16
7,2,3,40,20,41,12,19,16
7,2,3,40,20,41,1,19,16
7,2,3,41,20,19,16
7,2,3,41,12,19,16
7,2,3,41,1,19,16
7,2,3,19,21
7,2,3,40,20,19,21
7,2,3,40,20,41,12,19,21
7,2,3,40,20,41,1,19,21
7,2,3,41,20,19,21
7,2,3,41,12,19,21
7,2,3,41,1,19,21
7,2,3,19,22
7,2,3,40,20,19,22
7,2,3,40,20,41,12,19,22
7,2,3,40,20,41,1,19,22
7,2,3,41,20,19,22
7,2,3,41,12,19,22
7,2,3,41,1,19,22
7,2,3,19,12
7,2,3,19,1,41,12
7,2,3,40,20,19,12
7,2,3,40,20,19,1,41,12
7,2,3,40,20,41,12
7,2,3,41,12
7,2,3,19,1
7,2,3,40,20,19,1
7,2,3,40,20,41,1
7,2,3,41,1
7,2,3,19,23
7,2,3,40,20,19,23
7,2,3,40,20,41,12,19,23
7,2,3,40,20,41,1,19,23
7,2,3,41,20,19,23
7,2,3,41,12,19,23
7,2,3,41,1,19,23
7,2,3,40
7,2,3,41,20,40
7,2,3,41
7,2,3,19,20,41,34
7,2,3,19,12,41,34
7,2,3,19,1,41,34
7,2,3,40,20,19,12,41,34
7,2,3,40,20,19,1,41,34
7,2,3,40,20,41,34
7,2,3,41,34
8,9
8,9,19
8,9,19,20
8,9,19,12,41,20
8,9,19,1,41,20
8,9,19,16
8,9,19,21
8,9,19,22
8,9,19,12
8,9,19,1,41,12
8,9,19,1
8,9,19,23
8,9,19,20,41,3,40
8,9,19,20,40
8,9,19,3,40
8,9,19,12,41,20,40
8,9,19,12,41,3,40
8,9,19,1,41,20,40
8,9,19,1,41,3,40
8,9,19,20,41
8,9,19,3,41
8,9,19,12,41
8,9,19,1,41
8,9,19,20,41,34
8,9,19,20,40,3,41,34
8,9,19,3,41,34
8,9,19,12,41,34
8,9,19,1,41,34
9,19
9,19,20
9,19,12,41,20
9,19,1,41,20
9,19,16
9,19,21
9,19,22
9,19,12
9,19,1,41,12
9,19,1
9,19,23
9,19,20,41,3,40
9,19,20,40
9,19,3,40
9,19,12,41,20,40
9,19,12,41,3,40
9,19,1,41,20,40
9,19,1,41,3,40
9,19,20,41
9,19,3,41
9,19,12,41
9,19,1,41
9,19,20,41,34
9,19,20,40,3,41,34
9,19,3,41,34
9,19,12,41,34
9,19,1,41,34
10,11
19,20
19,12,41,20
19,1,41,20
19,16
19,21
19,22
19,12
19,1,41,12
19,1
19,23
19,20,41,3,40
19,20,40
19,3,40
19,12,41,20,40
19,12,41,3,40
19,1,41,20,40
19,1,41,3,40
19,20,41
19,3,41
19,12,41
19,1,41
19,20,41,34
19,20,40,3,41,34
19,3,41,34
19,12,41,34
19,1,41,34
20,19,16
20,41,12,19,16
20,41,1,19,16
20,19,21
20,41,12,19,21
20,41,1,19,21
20,19,22
20,41,12,19,22
20,41,1,19,22
20,19,12
20,19,1,41,12
20,41,12
20,19,1
20,41,1
20,19,23
20,41,12,19,23
20,41,1,19,23
20,40
20,41
20,19,12,41,34
20,19,1,41,34
20,41,34
16,19,21
16,19,22
16,19,12
16,19,1,41,12
16,19,1
16,19,23
16,19,20,41,3,40
16,19,20,40
16,19,3,40
16,19,12,41,20,40
16,19,12,41,3,40
16,19,1,41,20,40
16,19,1,41,3,40
16,19,20,41
16,19,3,41
16,19,12,41
16,19,1,41
16,19,20,41,34
16,19,20,40,3,41,34
16,19,3,41,34
16,19,12,41,34
16,19,1,41,34
21,19,22
21,19,12
21,19,1,41,12
21,19,1
21,19,23
21,19,20,41,3,40
21,19,20,40
21,19,3,40
21,19,12,41,20,40
21,19,12,41,3,40
21,19,1,41,20,40
21,19,1,41,3,40
21,19,20,41
21,19,3,41
21,19,12,41
21,19,1,41
21,19,20,41,34
21,19,20,40,3,41,34
21,19,3,41,34
21,19,12,41,34
21,19,1,41,34
22,19,12
22,19,1,41,12
22,19,1
22,19,23
22,19,20,41,3,40
22,19,20,40
22,19,3,40
22,19,12,41,20,40
22,19,12,41,3,40
22,19,1,41,20,40
22,19,1,41,3,40
22,19,20,41
22,19,3,41
22,19,12,41
22,19,1,41
22,19,20,41,34
22,19,20,40,3,41,34
22,19,3,41,34
22,19,12,41,34
22,19,1,41,34
12,19,1
12,41,1
12,19,23
12,41,1,19,23
12,19,20,40
12,19,3,40
12,19,1,41,20,40
12,19,1,41,3,40
12,41,20,40
12,41,3,40
12,41
12,19,1,41,34
12,41,34
1,19,23
1,19,20,40
1,19,3,40
1,41,20,40
1,41,3,40
1,41
1,41,34
23,19,20,41,3,40
23,19,20,40
23,19,3,40
23,19,12,41,20,40
23,19,12,41,3,40
23,19,1,41,20,40
23,19,1,41,3,40
23,19,20,41
23,19,3,41
23,19,12,41
23,19,1,41
23,19,20,41,34
23,19,20,40,3,41,34
23,19,3,41,34
23,19,12,41,34
23,19,1,41,34
29,30
40,3,41
40,20,41
40,3,19,12,41,34
40,3,19,1,41,34
40,3,41,34
40,20,19,12,41,34
40,20,19,1,41,34
40,20,41,34
41,34
