13,14
13,167,4,18,19,14
13,167,4,135,352,18,19,14
13,167,4,352,18,19,14
13,14,19,18
13,167,4,18
13,167,4,135,352,18
13,167,4,352,18
13,14,19,18,4
13,14,19,18,352,4
13,14,19,18,352,135,4
13,167,4
13,14,19
13,167,4,18,19
13,167,4,135,352,18,19
13,167,4,352,18,19
13,14,19,18,4,135
13,14,19,18,352,135
13,167,4,135
13,167,4,352,135
13,14,19,18,4,167,166
13,14,19,18,352,4,167,166
13,14,19,18,352,135,4,167,166
13,167,166
13,167
13,14,19,18,4,167,182,181
13,14,19,18,352,4,167,182,181
13,14,19,18,352,135,4,167,182,181
13,167,182,181
13,14,19,18,4,167,182
13,14,19,18,352,4,167,182
13,14,19,18,352,135,4,167,182
13,167,182
13,14,19,18,4,167,264
13,14,19,18,352,4,167,264
13,14,19,18,352,135,4,167,264
13,167,264
13,14,19,18,4,167,182,181,307
13,14,19,18,352,4,167,182,181,307
13,14,19,18,352,135,4,167,182,181,307
13,167,182,181,307
13,14,19,18,4,167,182,181,307,151
13,14,19,18,352,4,167,182,181,307,151
13,14,19,18,352,135,4,167,182,181,307,151
13,167,182,181,307,151
13,14,19,18,352
13,167,4,352
13,14,19,18,4,135,352,23
13,14,19,18,4,352,23
13,14,19,18,352,23
13,167,4,18,352,23
13,167,4,135,352,23
13,167,4,352,23
13,14,19,18,4,135,352,212
13,14,19,18,4,352,212
13,14,19,18,352,212
13,167,4,18,352,212
13,167,4,135,352,212
13,167,4,352,212
14,13,167,4,18
14,13,167,4,135,352,18
14,13,167,4,352,18
14,19,18
14,13,167,4
14,19,18,4
14,19,18,352,4
14,19,18,352,135,4
14,19
14,13,167,4,135
14,13,167,4,352,135
14,19,18,4,135
14,19,18,352,135
14,13,167,166
14,19,18,4,167,166
14,19,18,352,4,167,166
14,19,18,352,135,4,167,166
14,13,167
14,19,18,4,167
14,19,18,352,4,167
14,19,18,352,135,4,167
14,13,167,182,181
14,19,18,4,167,182,181
14,19,18,352,4,167,182,181
14,19,18,352,135,4,167,182,181
14,13,167,182
14,19,18,4,167,182
14,19,18,352,4,167,182
14,19,18,352,135,4,167,182
14,13,167,264
14,19,18,4,167,264
14,19,18,352,4,167,264
14,19,18,352,135,4,167,264
14,13,167,182,181,307
14,19,18,4,167,182,181,307
14,19,18,352,4,167,182,181,307
14,19,18,352,135,4,167,182,181,307
14,13,167,182,181,307,151
14,19,18,4,167,182,181,307,151
14,19,18,352,4,167,182,181,307,151
14,19,18,352,135,4,167,182,181,307,151
14,13,167,4,352
14,19,18,352
14,13,167,4,18,352,23
14,13,167,4,135,352,23
14,13,167,4,352,23
14,19,18,4,135,352,23
14,19,18,4,352,23
14,19,18,352,23
14,13,167,4,18,352,212
14,13,167,4,135,352,212
14,13,167,4,352,212
14,19,18,4,135,352,212
14,19,18,4,352,212
14,19,18,352,212
15,16
18,4
18,352,4
18,352,135,4
18,19
18,4,135
18,19,14,13,167,4,135
18,352,135
18,4,167,166
18,19,14,13,167,166
18,352,4,167,166
18,352,135,4,167,166
18,4,167
18,19,14,13,167
18,352,4,167
18,352,135,4,167
18,4,167,182,181
18,19,14,13,167,182,181
18,352,4,167,182,181
18,352,135,4,167,182,181
18,4,167,182
18,19,14,13,167,182
18,352,4,167,182
18,352,135,4,167,182
18,4,167,264
18,19,14,13,167,264
18,352,4,167,264
18,352,135,4,167,264
18,4,167,182,181,307
18,19,14,13,167,182,181,307
18,352,4,167,182,181,307
18,352,135,4,167,182,181,307
18,4,167,182,181,307,151
18,19,14,13,167,182,181,307,151
18,352,4,167,182,181,307,151
18,352,135,4,167,182,181,307,151
18,352
18,4,135,352,23
18,4,352,23
18,19,14,13,167,4,135,352,23
18,19,14,13,167,4,352,23
18,352,23
18,4,135,352,212
18,4,352,212
18,19,14,13,167,4,135,352,212
18,19,14,13,167,4,352,212
18,352,212
4,18,19
4,135,352,18,19
4,167,13,14,19
4,352,18,19
4,135
4,352,135
4,167,166
4,167
4,167,182,181
4,167,182
4,167,264
4,167,182,181,307
4,167,182,181,307,151
4,352
4,135,352,23
4,352,23
4,135,352,212
4,352,212
19,18,4,135
19,18,352,135
19,14,13,167,4,135
19,14,13,167,4,352,135
19,18,4,167,166
19,18,352,4,167,166
19,18,352,135,4,167,166
19,14,13,167,166
19,18,4,167
19,18,352,4,167
19,18,352,135,4,167
19,14,13,167
19,18,4,167,182,181
19,18,352,4,167,182,181
19,18,352,135,4,167,182,181
19,14,13,167,182,181
19,18,4,167,182
19,18,352,4,167,182
19,18,352,135,4,167,182
19,14,13,167,182
19,18,4,167,264
19,18,352,4,167,264
19,18,352,135,4,167,264
19,14,13,167,264
19,18,4,167,182,181,307
19,18,352,4,167,182,181,307
19,18,352,135,4,167,182,181,307
19,14,13,167,182,181,307
19,18,4,167,182,181,307,151
19,18,352,4,167,182,181,307,151
19,18,352,135,4,167,182,181,307,151
19,14,13,167,182,181,307,151
19,18,352
19,14,13,167,4,352
19,18,4,135,352,23
19,18,4,352,23
19,18,352,23
19,14,13,167,4,135,352,23
19,14,13,167,4,352,23
19,18,4,135,352,212
19,18,4,352,212
19,18,352,212
19,14,13,167,4,135,352,212
19,14,13,167,4,352,212
25,26
38,39
38,39,140
38,39,220
39,140
39,220
40,41
40,42
40,42,30,70
40,42,149,148,319,318,30,70
40,42,30
40,42,149,148,319,318,30
40,42,30,318,319,148
40,42,149,148
40,42,149
40,42,30,318,319,148,149,277
40,42,149,277
40,42,30,301
40,42,149,148,319,318,30,301
40,42,30,318
40,42,149,148,319,318
40,42,30,318,319
40,42,149,148,319
40,42,339
40,42,339,348
40,42,30,318,319,148,149,367
40,42,149,367
41,40,42
41,40,42,30,70
41,40,42,149,148,319,318,30,70
41,40,42,30
41,40,42,149,148,319,318,30
41,40,42,30,318,319,148
41,40,42,149,148
41,40,42,149
41,40,42,30,318,319,148,149,277
41,40,42,149,277
41,40,42,30,301
41,40,42,149,148,319,318,30,301
41,40,42,30,318
41,40,42,149,148,319,318
41,40,42,30,318,319
41,40,42,149,148,319
41,40,42,339
41,40,42,339,348
41,40,42,30,318,319,148,149,367
41,40,42,149,367
42,30,70
42,149,148,319,318,30,70
42,30
42,149,148,319,318,30
42,30,318,319,148
42,149,148
42,149
42,30,318,319,148,149,277
42,149,277
42,30,301
42,149,148,319,318,30,301
42,30,318
42,149,148,319,318
42,30,318,319
42,149,148,319
42,339
42,339,348
42,30,318,319,148,149,367
42,149,367
46,47
46,47,95
46,47,111
46,47,111,112
46,47,250
46,47,340
46,47,345
47,95
47,111
47,111,112
47,250
47,340
47,345
49,50
70,30
70,30,318,319,148
70,30,42,149,148
70,30,318,319,148,149
70,30,42,149
70,30,318,319,148,149,277
70,30,42,149,277
70,30,301
70,30,318
70,30,318,319
70,30,42,149,148,319
70,30,318,319,148,149,42,339
70,30,42,339
70,30,318,319,148,149,42,339,348
70,30,42,339,348
70,30,318,319,148,149,367
70,30,42,149,367
30,318,319,148
30,42,149,148
30,318,319,148,149
30,42,149
30,318,319,148,149,277
30,42,149,277
30,301
30,318
30,318,319
30,42,149,148,319
30,318,319,148,149,42,339
30,42,339
30,318,319,148,149,42,339,348
30,42,339,348
30,318,319,148,149,367
30,42,149,367
76,68
77,78
77,79,158,80,78
77,79,187,78
77,80,158,79,187,78
77,80,78
77,79
77,80,158,79
77,80,78,187,79
77,9
77,80
77,78,187,79,158
77,78,80,158
77,79,158
77,80,158
77,78,187
77,79,187
77,80,158,79,187
77,80,78,187
77,78,187,79,290,289
77,78,80,158,79,290,289
77,79,290,289
77,80,158,79,290,289
77,80,78,187,79,290,289
77,78,187,79,290
77,78,80,158,79,290
77,79,290
77,80,158,79,290
77,80,78,187,79,290
78,77,79
78,187,79
78,80,77,79
78,80,158,79
78,77,9
78,187,79,77,9
78,187,79,158,80,77,9
78,80,77,9
78,80,158,79,77,9
78,187,79,158,80
78,80
78,77,79,158
78,187,79,158
78,80,158
78,187
78,77,79,290,289
78,187,79,290,289
78,80,77,79,290,289
78,80,158,79,290,289
78,77,79,290
78,187,79,290
78,80,77,79,290
78,80,158,79,290
79,77,9
79,158,80,77,9
79,187,78,80,77,9
79,77,80
79,158,80
79,187,78,80
79,158
79,187
79,290,289
79,290
9,77,80
9,77,78,187,79,158
9,77,78,80,158
9,77,79,158
9,77,80,158
9,77,78,187
9,77,79,187
9,77,80,158,79,187
9,77,80,78,187
9,77,78,187,79,290,289
9,77,78,80,158,79,290,289
9,77,79,290,289
9,77,80,158,79,290,289
9,77,80,78,187,79,290,289
9,77,78,187,79,290
9,77,78,80,158,79,290
9,77,79,290
9,77,80,158,79,290
9,77,80,78,187,79,290
80,158
80,77,79,187
80,158,79,187
80,78,187
80,77,79,290,289
80,158,79,290,289
80,78,187,79,290,289
80,77,79,290
80,158,79,290
80,78,187,79,290
89,90
95,47,111
95,47,111,112
95,47,250
95,47,340
95,47,345
103,104
103,104,334
103,104,366
104,334
104,366
105,106
111,112
111,47,250
111,47,340
111,47,345
112,111,47,250
112,111,47,340
112,111,47,345
116,117
120,121
120,121,372
121,372
123,124
123,8
123,124,362
124,123,8
124,362
8,123,124,362
127,128
127,155
128,127,155
131,132
131,132,249,248
131,132,249
132,249,248
132,249
133,134
133,175
134,133,175
135,4,18,19,14,13,167,166
135,4,167,166
135,352,4,167,166
135,352,18,19,14,13,167,166
135,4,167
135,352,4,167
135,352,18,19,14,13,167
135,4,18,19,14,13,167,182,181
135,4,167,182,181
135,352,4,167,182,181
135,352,18,19,14,13,167,182,181
135,4,18,19,14,13,167,182
135,4,167,182
135,352,4,167,182
135,352,18,19,14,13,167,182
135,4,18,19,14,13,167,264
135,4,167,264
135,352,4,167,264
135,352,18,19,14,13,167,264
135,4,18,19,14,13,167,182,181,307
135,4,167,182,181,307
135,352,4,167,182,181,307
135,352,18,19,14,13,167,182,181,307
135,4,18,19,14,13,167,182,181,307,151
135,4,167,182,181,307,151
135,352,4,167,182,181,307,151
135,352,18,19,14,13,167,182,181,307,151
135,352
135,352,23
135,352,212
141,142
141,142,303
141,142,401
142,303
142,401
144,145
148,149
148,149,277
148,149,42,30,301
148,319,318,30,301
148,149,42,30,318
148,319,318
148,319
148,149,42,339
148,319,318,30,42,339
148,149,42,339,348
148,319,318,30,42,339,348
148,149,367
149,277
149,148,319,318,30,301
149,42,30,301
149,148,319,318
149,42,30,318
149,148,319
149,42,30,318,319
149,42,339
149,42,339,348
149,367
158,79,187
158,80,77,78,187
158,80,78,187
158,79,290,289
158,80,77,78,187,79,290,289
158,80,78,187,79,290,289
158,79,290
158,80,77,78,187,79,290
158,80,78,187,79,290
166,167
166,167,182,181
166,167,182
166,167,264
166,167,182,181,307
166,167,182,181,307,151
166,167,4,352
166,167,13,14,19,18,352
166,167,4,18,352,23
166,167,4,135,352,23
166,167,4,352,23
166,167,13,14,19,18,4,135,352,23
166,167,13,14,19,18,4,352,23
166,167,13,14,19,18,352,23
166,167,4,18,352,212
166,167,4,135,352,212
166,167,4,352,212
166,167,13,14,19,18,4,135,352,212
166,167,13,14,19,18,4,352,212
166,167,13,14,19,18,352,212
167,182,181
167,182
167,264
167,182,181,307
167,182,181,307,151
167,4,352
167,13,14,19,18,352
167,4,18,352,23
167,4,135,352,23
167,4,352,23
167,13,14,19,18,352,23
167,4,18,352,212
167,4,135,352,212
167,4,352,212
167,13,14,19,18,352,212
168,169
168,36
168,75
169,168,36
169,168,75
36,168,75
170,171
176,177
179,180
181,182
181,182,167,264
181,307
181,307,151
181,182,167,4,352
181,182,167,13,14,19,18,352
181,182,167,4,18,352,23
181,182,167,4,135,352,23
181,182,167,4,352,23
181,182,167,13,14,19,18,4,135,352,23
181,182,167,13,14,19,18,4,352,23
181,182,167,13,14,19,18,352,23
181,182,167,4,18,352,212
181,182,167,4,135,352,212
181,182,167,4,352,212
181,182,167,13,14,19,18,4,135,352,212
181,182,167,13,14,19,18,4,352,212
181,182,167,13,14,19,18,352,212
182,167,264
182,181,307
182,181,307,151
182,167,4,352
182,167,13,14,19,18,352
182,167,4,18,352,23
182,167,4,135,352,23
182,167,4,352,23
182,167,13,14,19,18,4,135,352,23
182,167,13,14,19,18,4,352,23
182,167,13,14,19,18,352,23
182,167,4,18,352,212
182,167,4,135,352,212
182,167,4,352,212
182,167,13,14,19,18,4,135,352,212
182,167,13,14,19,18,4,352,212
182,167,13,14,19,18,352,212
187,79,290,289
187,79,290
195,196
195,294,196
195,294
195,196,294,213
195,294,213
195,196,294,295
195,294,295
196,294
196,294,213
196,294,295
207,208
210,88
216,217
216,218
216,268
216,321
216,383
217,216,218
217,216,268
217,216,321
217,216,383
218,216,268
218,216,321
218,216,383
219,29
219,237
29,219,237
140,39,220
245,246
245,246,291
246,291
248,249
250,47,340
250,47,345
259,260
261,262
261,242
261,262,267
262,261,242
262,267
242,261,262,267
268,216,321
268,216,383
271,272
277,149,148,319,318,30,301
277,149,42,30,301
277,149,148,319,318
277,149,42,30,318
277,149,148,319
277,149,42,30,318,319
277,149,148,319,318,30,42,339
277,149,42,339
277,149,148,319,318,30,42,339,348
277,149,42,339,348
277,149,367
283,284
283,285
283,286
283,130
284,283,285
284,283,286
284,283,130
285,283,286
285,283,130
286,283,130
289,290
294,213
294,295
213,294,295
299,300
301,30,318
301,30,318,319
301,30,42,149,148,319
301,30,318,319,148,149,42,339
301,30,42,339
301,30,318,319,148,149,42,339,348
301,30,42,339,348
301,30,318,319,148,149,367
301,30,42,149,367
264,167,182,181,307
264,167,182,181,307,151
264,167,4,352
264,167,13,14,19,18,352
264,167,4,18,352,23
264,167,4,135,352,23
264,167,4,352,23
264,167,13,14,19,18,4,135,352,23
264,167,13,14,19,18,4,352,23
264,167,13,14,19,18,352,23
264,167,4,18,352,212
264,167,4,135,352,212
264,167,4,352,212
264,167,13,14,19,18,4,135,352,212
264,167,13,14,19,18,4,352,212
264,167,13,14,19,18,352,212
303,142,401
307,151
307,181,182,167,4,352
307,181,182,167,13,14,19,18,352
307,181,182,167,4,18,352,23
307,181,182,167,4,135,352,23
307,181,182,167,4,352,23
307,181,182,167,13,14,19,18,4,135,352,23
307,181,182,167,13,14,19,18,4,352,23
307,181,182,167,13,14,19,18,352,23
307,181,182,167,4,18,352,212
307,181,182,167,4,135,352,212
307,181,182,167,4,352,212
307,181,182,167,13,14,19,18,4,135,352,212
307,181,182,167,13,14,19,18,4,352,212
307,181,182,167,13,14,19,18,352,212
151,307,181,182,167,4,352
151,307,181,182,167,13,14,19,18,352
151,307,181,182,167,4,18,352,23
151,307,181,182,167,4,135,352,23
151,307,181,182,167,4,352,23
151,307,181,182,167,13,14,19,18,4,135,352,23
151,307,181,182,167,13,14,19,18,4,352,23
151,307,181,182,167,13,14,19,18,352,23
151,307,181,182,167,4,18,352,212
151,307,181,182,167,4,135,352,212
151,307,181,182,167,4,352,212
151,307,181,182,167,13,14,19,18,4,135,352,212
151,307,181,182,167,13,14,19,18,4,352,212
151,307,181,182,167,13,14,19,18,352,212
313,85
318,319
318,319,148,149,42,339
318,30,42,339
318,319,148,149,42,339,348
318,30,42,339,348
318,319,148,149,367
318,30,42,149,367
319,318,30,42,339
319,148,149,42,339
319,318,30,42,339,348
319,148,149,42,339,348
319,318,30,42,149,367
319,148,149,367
320,35
321,216,383
327,66
334,104,366
336,296
339,348
339,42,30,318,319,148,149,367
339,42,149,367
340,47,345
344,251
348,339,42,30,318,319,148,149,367
348,339,42,149,367
351,323
352,23
352,212
23,352,212
377,43
388,389
388,389,28
388,389,380
389,28
389,380
394,204
28,389,380
