[22, 95]
[239, 240]
[112, 197]
[172, 173]
[66, 78]
[60, 18]
[282, 176]
[54, 108]
[22, 27]
[15, 105]
[250, 105]
[56, 57]
[130, 131]
[164, 140]
[202, 176]
[54, 55]
[25, 44]
[40, 219]
[155, 156, 39]
[132, 5]
[177, 84]
[9, 10]
[25, 318]
[199, 200]
[208, 322]
[123, 176]
[337, 189]
[222, 161]
[69, 70]
[277, 200]
[76, 78]
[334, 181]
[218, 17]
[47, 105]
[94, 95]
[223, 224]
[79, 80]
[28, 197]
[184, 166]
[25, 208]
[53, 17]
[149, 33]
[160, 332]
[90, 59]
[307, 211]
[146, 147]
[205, 33]
[256, 33]
[196, 86]
[74, 75]
[0, 48]
[76, 77]
[250, 17]
[128, 206]
[118, 119]
[52, 10]
[66, 67]
[174, 220, 18]
[314, 89]
[54, 218]
[58, 59]
[126, 127]
[4, 97]
[29, 105]
[39, 204]
[24, 17]
[38, 269]
[128, 112]
[0, 71]
[331, 140]
[39, 41]
[190, 191]
[118, 55]
[4, 18]
[63, 134]
[66, 146]
[20, 18]
[273, 274]
[188, 189]
[327, 19]
[125, 18]
[120, 15]
[235, 236]
[1, 111]
[271, 62]
[12, 13]
[39, 40]
[195, 140]
[152, 136]
[197, 17]
[216, 189]
[53, 105]
[2, 3]
[313, 13]
[7, 8]
[87, 88]
[8, 92]
[187, 19]
[215, 178]
[248, 249]
[335, 78]
[63, 231]
[72, 42]
[258, 102]
[40, 255]
[325, 99]
[59, 78]
[268, 84]
[333, 287]
[145, 102]
[151, 105]
[310, 206]
[201, 55]
[180, 181]
[226, 227]
[141, 142]
[63, 100]
[18, 6, 5]
[43, 0]
[266, 267]
[301, 302, 94]
[120, 81]
[192, 329]
[14, 89]
[116, 225]
[190, 242]
[217, 5]
[39, 42]
[125, 97]
[276, 272]
[290, 291]
[34, 19]
[208, 159]
[140, 328]
[66, 169]
[65, 13]
[76, 45]
[86, 101]
[129, 78]
[155, 25]
[303, 304]
[72, 40]
[116, 117]
[32, 33]
[228, 211]
[83, 84]
[135, 178]
[16, 17]
[157, 32]
[198, 92]
[53, 194]
[125, 66]
[71, 72]
[66, 138]
[257, 189]
[311, 249]
[170, 92]
[140, 305]
[20, 78]
[153, 154]
[43, 207]
[63, 64]
[73, 18]
[187, 107]
[270, 5]
[204, 251]
[4, 66]
[160, 264]
[243, 32]
[39, 221]
[61, 62]
[213, 214]
[137, 134]
[202, 124]
[81, 15]
[34, 309]
[46, 19]
[259, 43]
[9, 98]
[14, 24]
[115, 32]
[94, 159]
[37, 38]
[254, 127]
[106, 19]
[82, 32]
[68, 18]
[12, 56]
[268, 59]
[102, 103]
[104, 17]
[229, 230]
[312, 200]
[123, 124]
[66, 84]
[66, 330]
[162, 163]
[56, 151]
[177, 59]
[186, 92]
[279, 203]
[84, 203]
[35, 36]
[43, 44]
[298, 8]
[18, 5]
[108, 105]
[280, 281]
[139, 140]
[96, 19]
[260, 261]
[68, 97]
[25, 26]
[65, 57]
[153, 209]
[146, 175]
[262, 122]
[52, 98]
[20, 233]
[215, 136]
[0, 1]
[37, 274]
[41, 42]
[174, 18]
[106, 107]
[299, 224]
[326, 70]
[150, 100]
[20, 148]
[20, 245]
[47, 17]
[285, 33]
[3, 153]
[83, 59]
[39, 49]
[252, 200]
[237, 238]
[118, 108]
[99, 134]
[0, 263]
[14, 15]
[292, 293]
[259, 297]
[18, 19]
[40, 204]
[158, 80]
[294, 295]
[30, 31]
[204, 255]
[28, 206]
[316, 317]
[1, 338]
[20, 45]
[319, 320]
[71, 171]
[58, 84]
[271, 272]
[232, 8]
[41, 40]
[68, 93, 18]
[20, 21]
[16, 105]
[135, 136]
[278, 31]
[150, 134]
[85, 86]
[112, 29]
[292, 336]
[296, 102]
[306, 94]
[28, 29]
[71, 283]
[76, 245]
[76, 233]
[247, 4]
[50, 51]
[92, 33]
[286, 287]
[4, 5]
[65, 151]
[81, 24]
[99, 100]
[119, 108]
[125, 5]
[241, 36]
[43, 48]
[121, 122]
[46, 78]
[160, 161]
[1, 315]
[120, 89]
[43, 171]
[109, 110]
[292, 51]
[265, 38]
[250, 194]
[40, 41]
[128, 29]
[137, 100]
[57, 17]
[11, 8]
[12, 151]
[323, 324]
[104, 105]
[119, 218]
[73, 21]
[321, 3]
[25, 110]
[91, 92]
[184, 185]
