[1086, 578]
[97, 1384]
[1584, 1773]
[9, 455]
[1182, 1942]
[2192, 2193]
[2352, 2591]
[2127, 74]
[2619, 2423]
[722, 130]
[1930, 20]
[35, 1501]
[2555, 1344, 1345, 41]
[112, 891]
[211, 357]
[648, 649]
[54, 55]
[58, 155]
[1716, 1443]
[1494, 307]
[579, 1534]
[301, 84]
[1260, 120]
[376, 377]
[1175, 1711]
[941, 942]
[1260, 1336]
[811, 485]
[1312, 1461]
[1473, 1500]
[1231, 1232]
[2541, 844]
[1392, 630]
[2028, 850]
[858, 2081]
[275, 420]
[1716, 1440]
[747, 20]
[193, 727]
[1499, 2608]
[184, 413]
[2012, 1444]
[2188, 2189]
[1482, 1483]
[794, 353]
[1980, 24]
[198, 199]
[169, 1261]
[139, 84]
[1150, 1137]
[452, 881]
[1051, 1245]
[1334, 1159]
[2012, 1443]
[2127, 71]
[272, 1160]
[114, 115]
[1708, 7]
[976, 1347]
[899, 1328]
[1862, 32]
[256, 257]
[691, 870]
[615, 478]
[784, 57]
[56, 106]
[786, 155]
[2524, 208]
[1142, 74]
[1970, 122]
[723, 115]
[378, 2111]
[585, 586]
[1837, 567]
[306, 32]
[423, 85]
[334, 423]
[1375, 1376]
[528, 529]
[423, 335]
[1284, 904]
[323, 276]
[426, 195]
[1414, 1005]
[213, 149]
[1142, 75]
[2391, 1114]
[1340, 1579]
[627, 997]
[858, 2740]
[130, 461]
[1716, 1444]
[1485, 567]
[961, 1449]
[2012, 1440]
[1147, 360]
[1015, 208]
[1560, 475]
[99, 217]
[548, 2173]
[1687, 868]
[236, 2645]
[27, 1504, 111]
[2388, 1793]
[510, 1309]
[490, 731]
[1256, 1324]
[470, 1388]
[341, 509]
[845, 157]
[503, 421]
[552, 630]
[452, 1657, 1088]
[1312, 963]
[466, 140]
[372, 181]
[1293, 1294]
[92, 1546]
[579, 966]
[211, 2241]
[62, 1143]
[673, 387]
[1811, 347]
[408, 846]
[1042, 1043]
[2224, 734]
[1632, 975]
[1564, 848]
[1208, 818]
[1142, 71]
[1429, 68]
[52, 348]
[2507, 311]
[193, 413]
[412, 416]
[35, 2480]
[262, 20]
[417, 418]
[721, 457]
[576, 1261]
[1272, 1273]
[1069, 195]
[491, 1092]
[434, 435]
[2581, 2582]
[260, 1529]
[2711, 954]
[1558, 1890]
[1687, 554]
[341, 1279]
[281, 1670]
[1774, 1775]
[84, 530]
[759, 630]
[1764, 1765]
[1565, 61]
[250, 1161]
[856, 437]
[2185, 664]
[1437, 1438]
[296, 951]
[1315, 991]
[1894, 841]
[907, 1279]
[2249, 2250]
[910, 911]
[590, 1207]
[740, 141]
[482, 662]
[2003, 2004]
[95, 1279]
[856, 2642]
[1953, 1954]
[593, 785]
[80, 2140]
[2516, 2275]
[946, 947]
[2721, 1441]
[1396, 1397]
[143, 91]
[445, 2251]
[2201, 1769]
[1931, 1161]
[721, 84]
[13, 14]
[1447, 1448]
[254, 85]
[2223, 1810]
[988, 586]
[2679, 2680]
[507, 130]
[1680, 1088]
[2549, 1088]
[1334, 1335]
[653, 326]
[1979, 84]
[2012, 1445]
[319, 320]
[167, 168]
[439, 266]
[95, 96]
[80, 1606]
[116, 2566]
[721, 85]
[907, 68]
[2077, 586]
[31, 1736]
[1057, 1387]
[254, 84]
[2378, 1217]
[2049, 506]
[487, 488]
[643, 644]
[378, 2686]
[1429, 268]
[2750, 2135]
[2055, 1767]
[721, 147]
[1296, 1688]
[388, 1239]
[1602, 136]
[205, 1063]
[2109, 2627]
[1661, 1662]
[116, 1233]
[189, 190]
[559, 1285]
[366, 2437]
[1902, 1903]
[856, 1883]
[2622, 2623]
[2127, 75]
[935, 221]
[1030, 1363]
[1070, 293]
[444, 2269]
[408, 409]
[143, 962]
[323, 324]
[635, 624]
[777, 818]
[1748, 347]
[1119, 195]
[1898, 731]
[1000, 485]
[1269, 806]
[1564, 485]
[102, 157]
[1062, 1063]
[1563, 1329]
[2280, 1241]
[479, 59]
[380, 381]
[105, 238]
[341, 1762]
[1220, 1405]
[1931, 295]
[458, 127]
[482, 483]
[301, 115]
[973, 26]
[102, 158]
[1888, 1574]
[105, 106]
[9, 813]
[413, 2]
[907, 1762]
[1756, 726]
[1331, 818]
[145, 324]
[403, 413]
[419, 2675]
[1051, 2390]
[618, 606]
[1498, 1118]
[84, 85]
[2556, 175]
[2722, 1875]
[2048, 657]
[1685, 326]
[1216, 353]
[826, 523]
[1235, 204]
[1069, 427]
[1127, 57]
[1041, 978]
[1494, 389]
[11, 767]
[1867, 347]
[868, 1118]
[27, 1459, 0]
[1079, 2756]
[76, 77]
[1932, 2179]
[35, 2341]
[665, 666]
[925, 103]
[828, 125]
[393, 394]
[441, 1468]
[1321, 473]
[131, 132]
[902, 38]
[2182, 2183]
[112, 274]
[341, 1588]
[97, 63]
[1347, 578]
[1931, 1036]
[3, 2206]
[524, 208]
[2670, 780]
[650, 1412]
[545, 546]
[193, 106]
[946, 2016]
[438, 1310]
[2678, 996]
[193, 1179]
[229, 866]
[1313, 1314]
[1377, 531]
[2030, 1360]
[530, 78]
[90, 331]
[456, 2126]
[1811, 485]
[451, 589]
[412, 1363]
[193, 1]
[1515, 1695]
[1187, 2499]
[1015, 818]
[1334, 499]
[1000, 347]
[225, 226]
[1169, 255]
[365, 73]
[1739, 832]
[1674, 1463]
[199, 844]
[116, 771]
[193, 2]
[1340, 330]
[189, 2672]
[653, 89]
[1597, 1578]
[119, 1934]
[116, 2730]
[650, 2745]
[1994, 1995]
[1508, 493]
[114, 84]
[593, 1553]
[283, 743]
[650, 1853]
[193, 85]
[2320, 106]
[2063, 1185]
[1666, 789]
[447, 1828]
[795, 465]
[794, 795]
[646, 1369]
[1061, 644]
[658, 768]
[285, 544]
[1431, 1241]
[177, 1668]
[537, 538, 959, 41]
[1022, 384]
[439, 872]
[193, 84]
[883, 884]
[1999, 544]
[1429, 875]
[968, 969]
[2132, 2364]
[590, 266]
[1462, 1463]
[458, 61]
[1469, 2593]
[836, 89]
[38, 1241]
[2474, 2475]
[1184, 496]
[145, 146]
[130, 335]
[11, 2062]
[999, 731]
[543, 286]
[781, 2]
[1038, 1039]
[1880, 1767]
[888, 889]
[213, 943]
[1519, 157]
[902, 672]
[673, 1665]
[2428, 2429]
[576, 266]
[885, 844]
[260, 261]
[797, 1828]
[154, 155]
[52, 1259]
[1707, 20]
[143, 780]
[650, 2616]
[961, 117]
[1124, 1125]
[912, 223]
[1881, 1882]
[986, 987]
[143, 340]
[68, 1762]
[129, 106]
[329, 615]
[1467, 1468]
[2023, 2024]
[2177, 1282]
[1823, 427]
[346, 630]
[1139, 160]
[184, 115]
[1375, 736]
[378, 2607]
[362, 363]
[674, 675]
[72, 1280]
[800, 420]
[265, 84]
[78, 130]
[198, 491]
[573, 420]
[1200, 1201]
[1079, 1997]
[356, 136]
[236, 893]
[683, 684]
[199, 491]
[1149, 506]
[1069, 59]
[2653, 2654]
[845, 1261]
[2307, 852]
[918, 61]
[145, 276]
[5, 6]
[1019, 485]
[507, 316]
[855, 4]
[1240, 20]
[593, 1552]
[609, 549]
[470, 1607]
[62, 1754]
[1149, 505]
[456, 457]
[999, 1810]
[2248, 416]
[1132, 672]
[255, 2]
[860, 861]
[321, 2459]
[239, 240]
[166, 170]
[1368, 1269]
[35, 1513]
[272, 596]
[80, 155]
[2371, 431]
[525, 26]
[37, 6]
[255, 1]
[654, 1945]
[782, 630]
[1222, 2194]
[331, 20]
[46, 47]
[152, 1118]
[185, 186]
[62, 63]
[354, 957]
[37, 125]
[1558, 448]
[933, 934]
[236, 1308]
[661, 662]
[1055, 1136]
[2630, 923]
[325, 73]
[809, 810]
[678, 85]
[2658, 208]
[1879, 442]
[2420, 1440]
[85, 461]
[252, 979]
[17, 768]
[376, 1060]
[1224, 864]
[1499, 1856]
[1129, 1130]
[1977, 956]
[2545, 566]
[850, 1448]
[2365, 570]
[2146, 311]
[479, 1714]
[2420, 1445]
[1849, 332]
[136, 699]
[154, 1046]
[487, 1118]
[869, 34]
[262, 212]
[1450, 943]
[1519, 1483]
[168, 820]
[741, 2432]
[15, 298]
[116, 1373]
[1059, 3]
[748, 184]
[875, 1407]
[1877, 43]
[1155, 1156, 2017]
[658, 752]
[596, 1948]
[102, 1261]
[238, 413]
[21, 157]
[865, 866]
[721, 316]
[135, 61]
[1813, 307]
[180, 181]
[2420, 1443]
[2500, 3]
[84, 1005]
[255, 1414]
[148, 32]
[52, 337]
[62, 1311]
[717, 311]
[215, 230]
[811, 347]
[447, 1890]
[514, 515]
[2420, 1444]
[778, 71]
[2076, 328]
[421, 422]
[2464, 3]
[912, 1566]
[1368, 970]
[378, 481]
[731, 562]
[790, 2361]
[1475, 125]
[652, 221]
[438, 130]
[2439, 2440]
[66, 181]
[1685, 89]
[510, 1386]
[2267, 177]
[1748, 485]
[1278, 921]
[802, 59]
[883, 1118]
[68, 1012]
[1937, 570]
[2611, 206]
[359, 515]
[105, 255]
[137, 307]
[1450, 2242]
[50, 2411]
[35, 36]
[2168, 2169]
[267, 41]
[697, 698]
[1247, 1009]
[363, 546]
[533, 61]
[2166, 1348]
[990, 991]
[2158, 1984]
[1528, 2380]
[345, 184]
[428, 2015]
[52, 2161]
[1403, 962]
[116, 597]
[78, 423]
[1813, 389]
[559, 1808]
[990, 245]
[426, 427]
[64, 1988]
[1530, 2335]
[722, 255]
[395, 375]
[797, 601]
[2043, 2044]
[1067, 1895]
[790, 1512]
[2178, 2028]
[205, 1736]
[972, 523]
[1632, 546]
[80, 636]
[765, 699]
[946, 2031]
[1942, 381]
[2025, 24]
[853, 293]
[244, 848]
[268, 1762]
[445, 221]
[1839, 832]
[1153, 347]
[1186, 886]
[27, 316]
[193, 405]
[938, 939]
[689, 413]
[260, 1031]
[1554, 2131]
[955, 956]
[1195, 1619]
[370, 2739]
[283, 806]
[331, 332]
[1055, 1621]
[2199, 729]
[287, 140]
[233, 373]
[84, 413]
[378, 224]
[109, 110]
[1475, 300]
[856, 998]
[523, 978]
[315, 316]
[1318, 84]
[1891, 934]
[385, 124]
[723, 255]
[550, 551]
[428, 893]
[894, 1091]
[1339, 1239]
[661, 1672]
[1795, 208]
[1573, 2044]
[143, 1686]
[95, 444]
[1640, 1641]
[1881, 1915]
[1233, 1148]
[0, 255]
[80, 81]
[1524, 1142]
[202, 1594]
[229, 617]
[2202, 963]
[315, 85]
[1937, 565]
[52, 461]
[1127, 255]
[105, 118]
[509, 342]
[129, 84]
[843, 844]
[1123, 30]
[1352, 1088]
[315, 84]
[2296, 2142]
[2096, 1368]
[427, 1131]
[858, 2143]
[327, 468]
[1174, 1118]
[80, 2154]
[1806, 217]
[1952, 716]
[239, 2107]
[1460, 266]
[849, 2666]
[439, 440]
[1413, 2028]
[1816, 1878]
[336, 1140]
[751, 357]
[1400, 1401]
[78, 123]
[1460, 570]
[2684, 293]
[1731, 450]
[1176, 1177]
[105, 423]
[5, 125]
[1755, 688]
[2478, 493]
[220, 221]
[904, 2007]
[1886, 208]
[296, 297]
[2363, 2631]
[923, 2350]
[1582, 43]
[715, 716]
[1473, 1474]
[2266, 2124]
[550, 544]
[1100, 24]
[1393, 2187]
[721, 926]
[976, 1280]
[1340, 477]
[424, 1166]
[999, 1092]
[2213, 2214]
[177, 332]
[2151, 605]
[721, 130]
[135, 217]
[2360, 1348]
[1823, 195]
[2606, 1363]
[1008, 1009]
[1066, 657]
[1584, 2064]
[883, 924]
[438, 140]
[102, 1874]
[2715, 688]
[782, 629]
[2451, 1453]
[1647, 1648]
[452, 1254, 1088]
[631, 307]
[1089, 1090]
[1076, 1936]
[452, 1120, 1088]
[755, 136]
[1128, 567]
[2178, 929]
[399, 731]
[1932, 1933]
[9, 1085]
[265, 255]
[202, 203]
[1123, 307]
[733, 734]
[372, 234]
[1969, 657]
[365, 1618]
[1107, 280]
[2655, 1550]
[1231, 895]
[137, 389]
[80, 333]
[1022, 1944]
[56, 85]
[1057, 793]
[553, 280]
[399, 1846]
[510, 511]
[451, 2119]
[1460, 1832]
[631, 127]
[654, 1461]
[2590, 1549, 1550]
[457, 461]
[778, 74]
[404, 405]
[1269, 328]
[105, 2]
[2184, 71]
[1228, 1229]
[403, 1]
[581, 247]
[312, 221]
[836, 326]
[143, 331]
[1051, 2254]
[1733, 1421]
[710, 711]
[1667, 1668]
[452, 2444, 1088]
[637, 127]
[2025, 644]
[1595, 1596]
[1456, 1457]
[894, 1396]
[403, 2]
[1441, 1442]
[310, 311]
[436, 405]
[2314, 2315]
[1078, 1079]
[1302, 1303]
[98, 846]
[966, 140]
[323, 1416]
[479, 480]
[180, 549]
[159, 318]
[1277, 970]
[914, 915]
[57, 106]
[826, 32]
[102, 1918]
[56, 84]
[211, 363]
[327, 1363]
[412, 919]
[102, 1122]
[17, 18]
[413, 85]
[1135, 1136]
[834, 1581]
[1804, 617]
[778, 75]
[189, 1660]
[84, 1]
[590, 936]
[2274, 2275]
[1164, 1165]
[1722, 1610, 176]
[1667, 20]
[2184, 75]
[1216, 1217]
[1268, 630]
[724, 2016]
[679, 680]
[84, 2]
[116, 636]
[883, 2267]
[1015, 2412]
[1325, 415]
[779, 1232]
[2184, 74]
[466, 85]
[1057, 2087]
[403, 530]
[2630, 2659]
[423, 461]
[1051, 1052]
[629, 485]
[80, 597]
[301, 106]
[1230, 630]
[2354, 844]
[92, 2693]
[99, 2079]
[747, 363]
[1178, 149]
[487, 160]
[724, 2454]
[504, 41]
[1123, 2503]
[118, 2]
[1079, 1986]
[543, 295]
[97, 2321]
[833, 2]
[315, 130]
[457, 335]
[1145, 1740]
[1334, 400]
[1069, 692]
[118, 1]
[704, 2561]
[1565, 1668]
[112, 2466]
[1839, 554]
[189, 1538]
[220, 2295]
[426, 2141]
[704, 2125]
[2017, 1046]
[2632, 1191]
[802, 195]
[1429, 2080]
[397, 398]
[439, 1446]
[287, 130]
[1055, 1562]
[795, 2726]
[102, 974]
[2550, 1901]
[112, 2465]
[2426, 74]
[80, 360]
[484, 565]
[853, 818]
[2027, 1106]
[994, 1559]
[873, 874]
[2104, 2105]
[973, 8]
[689, 2]
[860, 630]
[1252, 2734]
[70, 71]
[1728, 393]
[2426, 71]
[1353, 1354]
[364, 667]
[2352, 24]
[1076, 1091]
[364, 32]
[52, 1022]
[1605, 729]
[315, 147]
[1888, 2044]
[1676, 1677]
[97, 2257]
[693, 1237]
[1638, 1767]
[1089, 2442]
[600, 770]
[91, 61]
[689, 1]
[281, 1436]
[1037, 1244]
[723, 316]
[1845, 34]
[273, 962]
[250, 295]
[467, 806]
[245, 485]
[1331, 666]
[456, 926]
[1811, 630]
[507, 727]
[2568, 2569]
[724, 2198]
[2456, 1945]
[883, 2260]
[133, 340]
[1435, 347]
[56, 784]
[66, 22]
[356, 18]
[507, 57]
[2070, 2071]
[755, 768]
[129, 255]
[638, 639]
[976, 267]
[207, 376]
[891, 1237]
[417, 93]
[366, 367]
[1622, 394]
[105, 130]
[338, 2078]
[953, 125]
[1019, 991]
[206, 700]
[999, 844]
[915, 2273]
[250, 1401]
[42, 43]
[1793, 1796]
[2344, 125]
[252, 1288]
[1010, 844]
[1611, 1612]
[736, 1290]
[1557, 1407]
[629, 630]
[299, 300]
[2005, 956]
[176, 504]
[1573, 1574]
[317, 61]
[207, 2697]
[106, 85]
[693, 1234]
[62, 138]
[932, 307]
[78, 508]
[845, 266]
[741, 2665]
[2243, 656]
[800, 276]
[695, 696]
[804, 2086]
[808, 82]
[727, 508]
[1097, 127]
[1793, 1794]
[1219, 181]
[648, 531]
[279, 280]
[1733, 739]
[0, 457]
[466, 2]
[115, 335]
[2289, 2290]
[932, 389]
[2330, 91]
[1733, 738]
[721, 784]
[658, 61]
[2747, 1810]
[1287, 1374]
[2190, 1922]
[336, 188]
[434, 895]
[2363, 330]
[2502, 810]
[1167, 1168]
[116, 63]
[2178, 2369]
[1736, 898]
[2324, 2325]
[180, 157]
[114, 130]
[1282, 1800]
[2416, 491]
[25, 26]
[697, 1887]
[817, 666]
[745, 2120]
[378, 1202]
[56, 2126]
[457, 1]
[424, 425]
[194, 427]
[1563, 1870]
[97, 224]
[1097, 389]
[527, 657]
[1477, 89]
[723, 130]
[227, 2373]
[733, 1284]
[736, 737]
[2101, 2102]
[457, 2]
[143, 1562]
[976, 578]
[1209, 592]
[390, 780]
[782, 375]
[27, 413]
[590, 2512]
[1421, 1300]
[169, 157]
[2190, 1263]
[70, 75]
[52, 1944]
[2370, 289]
[162, 368]
[1522, 73]
[183, 140]
[896, 617]
[1724, 1725]
[797, 1890]
[2578, 570]
[1583, 676]
[1528, 1529]
[2426, 75]
[1195, 1801]
[1724, 948]
[97, 2075]
[842, 89]
[935, 30]
[999, 491]
[424, 1503]
[1733, 737]
[1252, 1664]
[466, 1179]
[262, 1521]
[1563, 2327]
[518, 519]
[70, 74]
[596, 662]
[736, 739]
[2570, 311]
[414, 529]
[1733, 736]
[724, 1526]
[802, 1006]
[1429, 907]
[2207, 1406]
[753, 754]
[1432, 1479]
[156, 1261]
[826, 365]
[2597, 2007]
[115, 461]
[1841, 280]
[528, 415]
[627, 628]
[1867, 245]
[736, 738]
[2097, 184]
[1002, 1003]
[505, 973]
[64, 65]
[1305, 1306]
[1484, 1485]
[260, 2094]
[1315, 485]
[338, 339]
[1334, 562]
[2494, 2048]
[2342, 2343]
[72, 73]
[631, 61]
[426, 692]
[1515, 2526]
[960, 115]
[27, 28, 111]
[796, 203]
[1195, 2298]
[1028, 919]
[258, 1211]
[1424, 810]
[1974, 375]
[1249, 1374]
[439, 234]
[1337, 30]
[424, 1946]
[372, 373]
[345, 57]
[518, 657]
[1373, 1478]
[1803, 389]
[686, 687]
[1055, 342]
[736, 75]
[260, 2755]
[92, 93]
[1632, 217]
[490, 491]
[162, 2237]
[236, 2353]
[1000, 630]
[404, 85]
[244, 245]
[2334, 2335]
[1138, 565]
[1539, 818]
[404, 84]
[1172, 85]
[603, 26]
[424, 567]
[1332, 1333]
[930, 2323]
[865, 230]
[1249, 979]
[1475, 6]
[984, 985]
[704, 2743]
[378, 2539]
[982, 983]
[2049, 2147, 26]
[1875, 578]
[1496, 1075]
[150, 151]
[2584, 75]
[790, 2435]
[132, 1244]
[659, 630]
[102, 489]
[2716, 1301]
[193, 784]
[196, 2751]
[2082, 716]
[2309, 2310]
[1107, 978]
[678, 413]
[97, 2424]
[163, 164]
[1270, 1201]
[1803, 127]
[1178, 469]
[470, 2515]
[2584, 74]
[477, 478]
[1537, 818]
[1813, 30]
[27, 727]
[750, 1137]
[928, 208]
[211, 20]
[853, 208]
[460, 975]
[1812, 1713]
[239, 1203]
[574, 1058]
[492, 493]
[2413, 2724]
[97, 481]
[2578, 565]
[472, 567]
[1943, 1793]
[1395, 592]
[689, 335]
[660, 208]
[1707, 699]
[341, 1561]
[2129, 425]
[1087, 89]
[2323, 387]
[168, 794]
[1055, 780]
[466, 1]
[1366, 1367]
[484, 570]
[283, 416]
[459, 217]
[1087, 2460]
[1714, 1046]
[1015, 2530]
[929, 930]
[156, 170]
[697, 1001]
[1608, 30]
[1879, 1177]
[116, 1959]
[315, 140]
[858, 859]
[272, 273]
[27, 1179]
[1080, 1407]
[1149, 47]
[1030, 284]
[2043, 1574]
[62, 2408]
[2022, 195]
[17, 217]
[286, 890]
[1777, 85]
[385, 1434]
[428, 1659]
[1483, 402, 103]
[2413, 2414]
[1422, 2657]
[252, 1299]
[1301, 140]
[704, 1064]
[444, 61]
[736, 1291]
[354, 157]
[949, 2131]
[1446, 762]
[886, 2617]
[498, 400]
[475, 476]
[1460, 565]
[327, 416]
[1123, 1337]
[370, 371]
[409, 363]
[263, 264]
[470, 1759]
[94, 43]
[16, 302]
[1756, 612]
[48, 1056]
[1391, 662]
[283, 1363]
[317, 160]
[1981, 293]
[1842, 1843]
[378, 2492]
[321, 2340]
[1079, 2294]
[80, 104]
[1402, 485]
[545, 394]
[439, 2567]
[1564, 991]
[5, 26]
[490, 844]
[627, 2026]
[1708, 506]
[239, 1590]
[1708, 505]
[2463, 1567]
[244, 991]
[828, 981]
[255, 2368]
[1649, 2165]
[1274, 1263]
[464, 465]
[856, 2395]
[579, 461]
[112, 1741]
[693, 694]
[842, 326]
[1861, 1441]
[1681, 387]
[1476, 2160]
[364, 365]
[62, 302]
[1422, 1766]
[473, 1586]
[1718, 400]
[255, 85]
[233, 762]
[447, 448]
[2114, 2115]
[1926, 985]
[466, 461]
[2109, 2212]
[135, 136]
[338, 2377]
[130, 530]
[428, 2417]
[1748, 848]
[161, 162]
[1139, 20]
[736, 1298]
[786, 1714]
[246, 247]
[495, 2433]
[1398, 1399]
[1084, 1085]
[1511, 20]
[999, 400]
[1341, 2514]
[2190, 1446]
[241, 640]
[62, 437]
[2419, 1222]
[732, 630]
[92, 2331]
[1973, 921]
[1368, 1646]
[939, 657]
[954, 20]
[755, 61]
[2337, 2338]
[1558, 1868]
[828, 6]
[92, 1266]
[194, 692]
[236, 2172]
[1393, 203]
[177, 61]
[35, 2603]
[356, 768]
[2351, 2115]
[1462, 1993]
[339, 433]
[1121, 158]
[187, 1001]
[749, 870]
[364, 523]
[410, 411]
[211, 212]
[80, 481]
[2057, 575]
[92, 2313]
[724, 725]
[304, 2121]
[1845, 20]
[2196, 1502]
[1121, 1483]
[2379, 2295]
[1158, 499]
[1471, 1472]
[971, 915]
[1930, 34]
[2662, 293]
[915, 1191]
[689, 474]
[1681, 103]
[720, 243]
[641, 2421]
[530, 770]
[27, 423]
[1043, 389]
[2506, 293]
[35, 1669]
[183, 130]
[236, 91]
[501, 2200]
[2208, 1241]
[119, 783]
[250, 286]
[285, 551]
[1149, 7]
[27, 115]
[238, 2]
[520, 612]
[67, 1261]
[287, 255]
[21, 22]
[1909, 1284]
[98, 99]
[2162, 2163]
[1197, 1746]
[1119, 427]
[78, 85]
[1778, 1779]
[944, 945]
[254, 57]
[894, 1076]
[1494, 30]
[1703, 1704]
[378, 1143]
[1515, 1958]
[2533, 2648]
[236, 977]
[1720, 1574]
[858, 2425]
[90, 2292]
[1892, 1746]
[1348, 1349]
[154, 1154]
[587, 2540]
[238, 1]
[765, 363]
[1055, 91]
[21, 266]
[46, 7]
[1563, 2598]
[634, 1239]
[1816, 1817]
[413, 621]
[559, 2053]
[1381, 72]
[29, 389]
[1393, 648]
[443, 61]
[1584, 1585]
[1929, 1445]
[1602, 20]
[8, 1434]
[2132, 110]
[2238, 373]
[46, 26]
[1287, 1694]
[452, 453]
[16, 807]
[196, 197]
[27, 1]
[79, 182]
[272, 1948]
[760, 2142]
[167, 1769]
[1691, 1692]
[116, 390]
[2072, 1019]
[1837, 425]
[456, 57]
[2471, 531]
[46, 25]
[27, 2]
[363, 699]
[566, 473]
[802, 427]
[52, 2186]
[296, 2542]
[673, 71]
[1050, 2469]
[1153, 630]
[1111, 122]
[1220, 1578]
[487, 239]
[1210, 208]
[378, 379]
[960, 84]
[116, 1227]
[2735, 1177]
[2709, 2710]
[901, 286]
[563, 1762]
[428, 2562]
[52, 84]
[824, 2674]
[712, 208]
[2117, 59]
[561, 562]
[760, 761]
[910, 1083]
[5, 1434]
[1469, 1786]
[229, 230]
[102, 103]
[283, 919]
[396, 848]
[301, 130]
[753, 763]
[960, 130]
[1568, 1569]
[2577, 597]
[1192, 630]
[419, 324]
[1426, 1427]
[1788, 41]
[2034, 75]
[576, 549]
[582, 620]
[2633, 565]
[102, 673]
[2014, 645, 40, 41]
[2599, 1409]
[2209, 2210]
[95, 342]
[1203, 208]
[205, 1626]
[421, 1312]
[306, 523]
[1654, 818]
[1144, 644]
[1471, 1784]
[2746, 1905, 982]
[722, 57]
[281, 1112]
[29, 307]
[46, 5]
[1301, 84]
[856, 1428]
[88, 43]
[1330, 2131]
[917, 57]
[1079, 2595]
[1862, 469]
[1485, 266]
[634, 635]
[935, 20]
[2742, 2182]
[35, 2255]
[341, 342]
[1543, 484]
[541, 892]
[1408, 1409]
[1708, 47]
[701, 41]
[784, 85]
[2639, 2640]
[255, 413]
[1121, 1665]
[736, 71]
[508, 0]
[50, 1673]
[42, 326]
[107, 1615]
[1543, 351]
[1197, 2501]
[235, 130]
[1665, 2074]
[2034, 74]
[336, 709]
[175, 176]
[943, 365]
[1499, 1570]
[598, 599]
[211, 217]
[949, 1554]
[118, 85]
[1371, 249]
[728, 729]
[50, 51]
[236, 1017]
[2034, 71]
[695, 2113]
[364, 1736]
[114, 255]
[121, 122]
[745, 746]
[736, 74]
[980, 981]
[1151, 1152]
[1738, 657]
[2535, 1993]
[381, 1711]
[888, 1514]
[1236, 2336]
[706, 2069]
[395, 396]
[875, 563]
[784, 84]
[85, 316]
[967, 342]
[573, 276]
[2138, 1408]
[1672, 433]
[2293, 293]
[976, 898]
[2689, 1360]
[332, 61]
[576, 2173]
[202, 531]
[336, 1910]
[992, 61]
[2547, 2548]
[233, 266]
[2104, 2728]
[116, 437]
[1055, 331]
[338, 521]
[661, 726]
[130, 413]
[1419, 485]
[1043, 307]
[826, 667]
[1024, 1242]
[590, 783]
[507, 369, 111]
[850, 103]
[9, 10]
[2415, 330]
[467, 743]
[338, 520]
[2504, 650]
[632, 934]
[786, 20]
[2246, 311]
[193, 335]
[1425, 389]
[500, 501]
[1492, 1493]
[853, 1243]
[116, 302]
[2077, 684]
[354, 1261]
[2297, 208]
[414, 415]
[116, 1960]
[57, 255]
[1381, 1486]
[193, 334]
[790, 1225]
[272, 612]
[2719, 1500]
[456, 316]
[135, 768]
[1219, 549]
[194, 195]
[354, 1922]
[338, 1671]
[233, 1261]
[552, 396]
[105, 84]
[939, 2594]
[673, 75]
[1189, 1190]
[1054, 73]
[1359, 1360]
[786, 427]
[1158, 1491]
[1246, 335]
[521, 962]
[288, 289]
[1391, 962]
[2637, 420]
[2345, 2346]
[105, 85]
[693, 1858]
[1138, 570]
[200, 401]
[185, 2059]
[67, 157]
[579, 57]
[960, 255]
[883, 1226]
[301, 255]
[2487, 2488]
[100, 101]
[19, 20]
[700, 578]
[133, 1509]
[1216, 1502]
[1558, 1924]
[669, 670]
[1974, 1192]
[1429, 2268]
[2123, 1088]
[1644, 387]
[143, 1621]
[832, 870]
[255, 685]
[166, 1698]
[976, 504]
[260, 2085]
[2247, 716]
[673, 74]
[587, 488]
[741, 742]
[260, 237]
[80, 224]
[1067, 2056]
[1576, 1577]
[1421, 738]
[1602, 18]
[797, 1924]
[1015, 1016]
[970, 468]
[548, 974]
[27, 255]
[1421, 737]
[1029, 20]
[1133, 707]
[363, 394]
[941, 1750]
[1238, 26]
[339, 612]
[2101, 2729]
[447, 1924]
[1350, 1351]
[1069, 1006]
[1405, 1406]
[945, 1788]
[516, 1110]
[638, 149]
[2267, 1118]
[2041, 2042]
[249, 1751]
[727, 457]
[1249, 1694]
[856, 360]
[1966, 1967]
[80, 1025]
[2632, 2303]
[1405, 142]
[883, 766]
[1044, 30]
[0, 140]
[609, 181]
[139, 140]
[378, 63]
[866, 617]
[602, 140]
[1743, 1744]
[1515, 1516]
[2344, 6]
[1421, 739]
[479, 155]
[2461, 2068, 267]
[287, 115]
[403, 685]
[929, 1447]
[78, 140]
[1030, 806]
[64, 2322]
[102, 2347]
[366, 1820, 248, 249]
[1877, 326]
[2727, 26]
[554, 61]
[1450, 2407]
[1305, 1908]
[17, 357]
[419, 276]
[1219, 2173]
[211, 18]
[671, 1150]
[31, 72]
[802, 692]
[366, 708]
[25, 125]
[35, 816]
[336, 2457]
[1931, 1577]
[272, 2227]
[573, 324]
[1296, 1297]
[548, 181]
[532, 155]
[908, 909]
[479, 20]
[193, 461]
[183, 57]
[652, 61]
[97, 1233]
[1307, 1700]
[2118, 75]
[1315, 848]
[748, 57]
[80, 2663]
[831, 832]
[296, 1171]
[378, 1940]
[1055, 2269]
[700, 1788]
[467, 919]
[116, 876]
[11, 799]
[2118, 74]
[966, 85]
[1024, 376]
[1824, 1825]
[1342, 1335]
[2579, 2580]
[102, 1586]
[1469, 1470]
[793, 237]
[1075, 570]
[502, 503]
[522, 127]
[60, 19]
[481, 360]
[1630, 1631]
[1628, 1629]
[2416, 731]
[129, 115]
[1947, 91]
[2144, 4]
[856, 2375]
[2302, 2303]
[970, 657]
[579, 130]
[2532, 1161]
[17, 975]
[1878, 34]
[486, 331]
[97, 952]
[262, 61]
[1347, 700]
[1373, 117]
[695, 2470]
[129, 140]
[1389, 1996]
[576, 181]
[1520, 1521]
[1475, 798]
[668, 221]
[1139, 2092]
[334, 335]
[1398, 2479]
[2118, 71]
[2233, 74]
[2051, 2052]
[78, 79]
[2638, 2554, 343]
[72, 365]
[52, 1179]
[2518, 1094]
[1076, 91]
[154, 59]
[910, 1077]
[193, 508]
[1950, 1951]
[2233, 75]
[241, 1355]
[56, 147]
[82, 83]
[62, 1233]
[2625, 2626]
[856, 1173]
[220, 1955]
[3, 4]
[804, 978]
[512, 513]
[1069, 155]
[1849, 20]
[1429, 1080]
[56, 457]
[479, 427]
[1055, 509]
[62, 379]
[1517, 1589]
[1063, 700]
[180, 2173]
[1477, 326]
[883, 796]
[1499, 2164]
[2661, 1626]
[632, 633]
[1547, 1548]
[1075, 565]
[1914, 26]
[1045, 1046]
[486, 19]
[1249, 253]
[445, 2519]
[1153, 375]
[376, 817]
[654, 963]
[624, 307]
[1256, 1411]
[1342, 1159]
[704, 1250]
[33, 20]
[2513, 1075]
[520, 1672]
[2635, 2285]
[848, 630]
[781, 115]
[105, 818]
[211, 136]
[97, 2495]
[1292, 839]
[482, 1948]
[339, 596]
[412, 328]
[2701, 440]
[2117, 195]
[1158, 1335]
[1517, 2657]
[2233, 71]
[2271, 2272]
[652, 389]
[169, 170]
[156, 157]
[1121, 1122]
[66, 266]
[1121, 1918]
[609, 1261]
[860, 1402]
[2221, 1578]
[2095, 987]
[1139, 389]
[428, 429]
[363, 2079]
[233, 957]
[654, 655]
[404, 255]
[845, 2195]
[1268, 375]
[1295, 307]
[58, 195]
[1849, 870]
[1633, 1634]
[187, 188]
[303, 91]
[1039, 6]
[235, 255]
[2691, 2692]
[883, 177]
[1400, 1577]
[721, 106]
[554, 332]
[250, 1380]
[1044, 1239]
[658, 363]
[1531, 2410]
[272, 433]
[419, 420]
[320, 1529]
[1284, 1529]
[178, 179]
[428, 2486]
[166, 1261]
[740, 360]
[849, 1730]
[180, 266]
[68, 2001]
[1699, 373]
[1649, 1650]
[331, 870]
[1321, 567]
[1602, 357]
[824, 2357]
[2430, 592]
[2559, 202]
[345, 1310]
[216, 136]
[17, 846]
[786, 195]
[782, 485]
[214, 215]
[329, 477]
[1582, 326]
[268, 563]
[136, 975]
[1565, 20]
[721, 2126]
[31, 523]
[338, 482]
[543, 544]
[80, 1957]
[327, 919]
[1987, 1023, 83]
[1781, 1782]
[700, 898]
[863, 864]
[1370, 217]
[260, 1394]
[2633, 570]
[659, 485]
[1162, 1163]
[1898, 1718]
[21, 181]
[1182, 832]
[1414, 413]
[755, 217]
[447, 1559]
[883, 2723]
[1835, 1457]
[334, 461]
[1069, 1154]
[609, 157]
[2291, 992]
[2741, 26]
[57, 85]
[1013, 39]
[470, 1215]
[391, 255]
[722, 2]
[539, 540]
[2551, 1637, 1523, 41]
[171, 172, 982]
[1340, 2553]
[769, 485]
[236, 237]
[520, 482]
[1121, 974]
[58, 427]
[1827, 1406]
[458, 20]
[1602, 363]
[1974, 485]
[2528, 2529]
[447, 1868]
[2217, 872]
[97, 1510]
[48, 49]
[56, 57]
[239, 766]
[1551, 389]
[238, 474]
[875, 509]
[659, 347]
[877, 878]
[1035, 1036]
[2560, 1810]
[749, 34]
[105, 457]
[741, 1081]
[1439, 1443]
[80, 437]
[391, 57]
[260, 2649]
[1840, 729]
[378, 302]
[1267, 1101]
[457, 85]
[1275, 1276]
[105, 78]
[972, 32]
[1941, 1092]
[1439, 1444]
[378, 1754]
[871, 32]
[885, 1092]
[1150, 644]
[1818, 1819]
[732, 347]
[346, 672]
[317, 318]
[1236, 2667]
[784, 508]
[1018, 644]
[797, 1868]
[2714, 293]
[605, 619]
[2139, 870]
[467, 1453]
[943, 32]
[17, 363]
[391, 130]
[1439, 1445]
[130, 85]
[372, 266]
[946, 2232]
[154, 195]
[412, 284]
[2176, 1888]
[1644, 1645]
[238, 85]
[80, 2100]
[2543, 2544]
[1327, 606]
[156, 22]
[488, 870]
[445, 446]
[15, 16]
[2546, 892]
[1707, 61]
[590, 2618]
[52, 913]
[66, 1261]
[2471, 2472]
[1139, 427]
[1550, 2020]
[2563, 2007]
[883, 2107]
[52, 384]
[121, 2332]
[1065, 1066]
[1904, 39]
[466, 57]
[345, 255]
[653, 43]
[193, 457]
[748, 84]
[797, 1559]
[102, 1665]
[7, 8]
[918, 20]
[173, 174]
[165, 166]
[210, 91]
[338, 661]
[1683, 1276]
[1736, 73]
[652, 307]
[1282, 86, 87]
[436, 130]
[1151, 2409]
[943, 1736]
[1991, 565]
[1720, 1721]
[676, 190]
[132, 595]
[663, 664]
[236, 497]
[52, 53]
[1439, 1440]
[80, 1033]
[1556, 389]
[1328, 1878]
[2133, 592]
[769, 347]
[804, 175]
[652, 30]
[258, 2438]
[279, 978]
[624, 389]
[2174, 2366]
[1326, 311]
[1705, 1706]
[254, 1027]
[913, 1831]
[2574, 2575]
[80, 1034]
[1896, 30]
[116, 117]
[2282, 2283]
[1230, 245]
[378, 437]
[343, 344]
[1558, 1719]
[80, 302]
[46, 506]
[1829, 469]
[678, 474]
[548, 549]
[56, 316]
[1410, 474]
[399, 1810]
[2533, 2534]
[352, 465]
[1392, 245]
[50, 1723]
[1032, 57]
[140, 361]
[1212, 71]
[572, 203]
[948, 203]
[3, 243]
[1101, 74]
[2688, 2365]
[374, 375]
[2278, 2279]
[505, 25]
[102, 1483]
[2311, 208]
[382, 383]
[188, 1094]
[1316, 1317, 168]
[590, 484]
[354, 266]
[1088, 2128]
[553, 978]
[467, 468]
[910, 1693]
[1447, 103]
[1055, 1056]
[454, 455]
[372, 1261]
[1282, 536]
[505, 26]
[64, 1157]
[1785, 687]
[2646, 2647, 2356, 41]
[1101, 75]
[1019, 396]
[2753, 731]
[624, 127]
[1212, 74]
[47, 26]
[364, 1486]
[2286, 1163]
[2188, 2505]
[1871, 1872, 2261, 41]
[1396, 554]
[352, 464]
[327, 743]
[1342, 400]
[1280, 578]
[78, 84]
[836, 43]
[1212, 75]
[78, 2]
[260, 91]
[184, 334]
[1499, 1500]
[287, 106]
[447, 994]
[19, 1118]
[825, 746]
[64, 1026]
[451, 2455]
[1859, 3]
[143, 692]
[1158, 1159]
[622, 657]
[185, 1489]
[254, 255]
[679, 1324]
[2277, 1445]
[1473, 2317]
[1545, 625]
[356, 357]
[1410, 85]
[1028, 806]
[1252, 818]
[582, 2401]
[2602, 368]
[331, 868]
[1095, 39]
[2518, 1001]
[354, 2369]
[2323, 103]
[676, 677]
[1484, 2446]
[899, 1495]
[470, 2054]
[591, 592]
[1632, 2681]
[1295, 389]
[1101, 71]
[582, 584]
[0, 57]
[520, 662]
[582, 2400]
[456, 106]
[1429, 1430]
[2286, 2717]
[263, 2383]
[469, 32]
[858, 2527]
[1499, 1768]
[35, 187]
[557, 558]
[748, 130]
[819, 820]
[2112, 682]
[582, 583]
[1307, 936]
[574, 575]
[2386, 1652]
[1799, 607]
[801, 332]
[648, 2585]
[1419, 848]
[2316, 91]
[2664, 1106]
[690, 234]
[894, 895]
[786, 59]
[236, 1529]
[2050, 468]
[1539, 1147]
[958, 149]
[1392, 991]
[2281, 1626]
[759, 485]
[1158, 562]
[1364, 1365, 1073, 41]
[543, 551]
[343, 1217]
[2083, 1368]
[143, 1509]
[2109, 2110]
[1519, 1261]
[958, 469]
[1260, 2329]
[2316, 2292]
[275, 324]
[116, 1025]
[112, 2453]
[1904, 1241]
[792, 793]
[1524, 71]
[532, 692]
[52, 2256]
[412, 468]
[1558, 1559]
[943, 523]
[1147, 1148]
[423, 413]
[564, 570]
[1507, 204]
[533, 20]
[787, 788]
[676, 2137]
[1961, 1962]
[227, 228]
[447, 601]
[2614, 2615]
[156, 1698]
[459, 460]
[1624, 1440]
[439, 181]
[591, 1046]
[2656, 1440]
[1233, 141]
[1891, 970]
[350, 120]
[1028, 743]
[559, 2382]
[2483, 1885]
[1544, 818]
[1380, 1161]
[650, 1826]
[922, 1734]
[1505, 1506]
[1045, 592]
[802, 803]
[1787, 1106]
[1022, 1]
[133, 134]
[1524, 74]
[1037, 595]
[457, 413]
[587, 160]
[2089, 127]
[350, 1732]
[462, 463]
[1531, 1532]
[1340, 615]
[724, 1956]
[1524, 75]
[1425, 635]
[1055, 2552]
[1395, 1046]
[1770, 454]
[1912, 245]
[804, 1869]
[352, 353]
[258, 259]
[1667, 61]
[634, 30]
[804, 1736]
[2, 2126]
[1624, 1445]
[1132, 630]
[594, 1882]
[1260, 157]
[1502, 464]
[374, 485]
[356, 217]
[2447, 2448]
[2339, 963]
[1685, 43]
[1791, 1792]
[359, 1217]
[674, 6]
[638, 2007]
[1624, 1444]
[501, 531]
[334, 457]
[399, 1092]
[1598, 1636]
[1466, 343]
[129, 130]
[1980, 644]
[1877, 89]
[148, 149]
[1756, 1757]
[1711, 870]
[486, 1527]
[193, 140]
[559, 2738]
[585, 684]
[456, 255]
[1624, 1443]
[467, 284]
[724, 1206]
[718, 719]
[624, 30]
[1414, 685]
[1804, 2013]
[213, 72]
[1632, 768]
[2471, 203]
[78, 335]
[756, 757]
[1833, 74]
[114, 140]
[2584, 71]
[1991, 570]
[2484, 2275]
[627, 1533]
[1705, 881]
[831, 554]
[883, 1203]
[2182, 657]
[1517, 1518]
[193, 316]
[826, 1736]
[27, 405]
[2318, 2319]
[2211, 1922]
[693, 1975]
[1236, 1464]
[466, 413]
[1240, 1668]
[0, 335]
[552, 991]
[1295, 1239]
[646, 647]
[135, 18]
[856, 1539]
[1833, 75]
[755, 357]
[1601, 493]
[1573, 1721]
[116, 1771]
[59, 195]
[1353, 2362]
[156, 1690]
[1435, 2072]
[52, 115]
[143, 868]
[845, 181]
[1419, 991]
[1230, 375]
[154, 534]
[2508, 1440]
[1551, 1239]
[765, 217]
[1719, 1639]
[2043, 1721]
[641, 642]
[1305, 2511]
[751, 752]
[33, 34]
[1970, 1971]
[634, 307]
[673, 158]
[2225, 2226]
[404, 130]
[1603, 1604]
[875, 1279]
[2333, 1867]
[1209, 1046]
[1889, 1457]
[2280, 644]
[988, 684]
[451, 2155]
[690, 1923]
[1926, 276]
[1213, 1214]
[2057, 1485]
[590, 1982]
[184, 84]
[631, 20]
[1633, 89]
[1019, 630]
[1039, 125]
[112, 113]
[1802, 1457]
[1586, 1058]
[1707, 363]
[1320, 464]
[2098, 2099]
[1600, 89]
[658, 357]
[750, 39]
[2048, 2287]
[1187, 2449]
[1517, 2180]
[989, 1241]
[441, 442]
[1084, 314]
[600, 2402]
[428, 2496]
[507, 85]
[2093, 289]
[917, 78]
[294, 295]
[184, 85]
[2207, 63]
[1912, 991]
[1928, 1214]
[1925, 1810]
[888, 295]
[736, 1300]
[2090, 373]
[2702, 2286]
[1530, 657]
[329, 330]
[2508, 1443]
[2656, 1445]
[2196, 2197]
[2083, 2084]
[1340, 1341]
[88, 326]
[185, 1181]
[1833, 71]
[1307, 565]
[784, 130]
[341, 2001]
[2363, 1341]
[1460, 181]
[2117, 427]
[1949, 635]
[2508, 1445]
[1252, 208]
[1236, 2228]
[1974, 347]
[2508, 1444]
[1020, 711]
[372, 762]
[47, 6]
[2731, 37]
[2656, 1444]
[2097, 84]
[323, 420]
[205, 206]
[141, 1406]
[363, 768]
[52, 1]
[339, 273]
[475, 657]
[345, 140]
[100, 1377]
[222, 223]
[2049, 7]
[2656, 1443]
[910, 2744]
[236, 608]
[1024, 2103]
[1022, 1851]
[105, 335]
[2589, 1269]
[105, 773, 85]
[254, 130]
[233, 157]
[1781, 1101]
[145, 420]
[1543, 1934]
[804, 365]
[1862, 149]
[1222, 554]
[255, 530]
[345, 130]
[105, 203]
[235, 2]
[281, 1271]
[1041, 280]
[883, 832]
[456, 423]
[1170, 24]
[374, 848]
[76, 128]
[2191, 847, 494, 41]
[605, 606]
[438, 184]
[1410, 335]
[1598, 1599]
[84, 461]
[1039, 2124]
[1618, 578]
[516, 517]
[458, 30]
[1435, 396]
[843, 1718]
[388, 389]
[78, 474]
[616, 230]
[498, 499]
[156, 1075]
[1655, 1656]
[2707, 123]
[1260, 1075]
[917, 85]
[2416, 844]
[1104, 321]
[744, 184]
[654, 1822, 247]
[678, 1]
[1257, 208]
[802, 1154]
[1426, 1525]
[1976, 1106]
[84, 770]
[548, 1122]
[1054, 976]
[4, 2355]
[1368, 806]
[430, 2458]
[989, 24]
[498, 1491]
[1829, 149]
[1287, 253]
[1586, 22]
[1453, 1454]
[17, 61]
[897, 373]
[990, 630]
[678, 2]
[1330, 1836]
[1600, 326]
[721, 57]
[1963, 1767]
[2536, 2634]
[260, 1613]
[1519, 673]
[641, 2270]
[11, 12]
[84, 335]
[97, 1783]
[723, 84]
[1947, 1154]
[1970, 516]
[67, 266]
[2144, 2145]
[896, 866]
[1582, 89]
[1307, 570]
[2436, 2437]
[1970, 517]
[2430, 1046]
[2328, 1148]
[396, 245]
[2035, 103]
[80, 1046]
[838, 1448]
[559, 2431]
[658, 975]
[561, 844]
[227, 1598]
[409, 136]
[946, 2116]
[691, 20]
[632, 2399]
[1554, 1465]
[1260, 1732]
[403, 85]
[469, 41]
[193, 130]
[139, 1310]
[2708, 217]
[80, 117]
[1307, 2392]
[454, 201]
[1863, 1864]
[532, 59]
[858, 2713]
[50, 1866]
[380, 832]
[1696, 1697]
[2089, 307]
[205, 945]
[454, 10]
[999, 1718]
[747, 61]
[19, 332]
[185, 2434]
[824, 825]
[339, 1948]
[200, 201]
[453, 772]
[1728, 460]
[1893, 450]
[281, 1758]
[1231, 237]
[579, 255]
[388, 307]
[2687, 513]
[1875, 1876]
[658, 846]
[2718, 61]
[700, 41]
[503, 963]
[139, 255]
[840, 841]
[800, 324]
[426, 155]
[600, 384]
[2522, 2523]
[48, 868]
[650, 2052]
[2302, 1191]
[683, 586]
[241, 2065]
[1900, 1901]
[600, 913]
[97, 931]
[21, 1261]
[730, 731]
[2546, 2450]
[883, 1590]
[678, 335]
[281, 1319]
[118, 413]
[1108, 415]
[456, 84]
[1066, 2002]
[207, 2592]
[2497, 2498]
[1193, 1194]
[2159, 24]
[173, 1663]
[1838, 1211]
[238, 335]
[350, 1075]
[325, 1347]
[456, 85]
[1413, 373]
[269, 1407]
[1357, 1852]
[907, 269]
[1128, 473]
[999, 1846]
[1264, 1265, 223]
[283, 468]
[950, 1465]
[205, 365]
[116, 360]
[801, 870]
[1752, 1753]
[1604, 1951]
[260, 1591]
[94, 326]
[105, 2016]
[825, 1780]
[2109, 2122]
[1575, 20]
[99, 546]
[374, 347]
[2032, 2033]
[704, 1809]
[27, 457]
[38, 39]
[1133, 2069]
[1174, 1175]
[79, 2153]
[385, 8]
[470, 827]
[2097, 79]
[1197, 1161]
[805, 806]
[1913, 555, 556, 41]
[1896, 307]
[1236, 1717]
[350, 351]
[350, 484]
[343, 1885]
[399, 491]
[207, 818]
[1322, 1323]
[622, 623]
[741, 2006]
[180, 1261]
[1105, 1106]
[1050, 657]
[1557, 342]
[66, 67]
[2372, 293]
[428, 2641]
[1098, 1099]
[1153, 485]
[1067, 1068]
[451, 1014]
[1968, 1969]
[2732, 1730]
[747, 217]
[62, 355]
[1408, 2157]
[883, 554]
[42, 89]
[507, 508]
[395, 347]
[2365, 565]
[2581, 2609]
[233, 181]
[1079, 291]
[1049, 1050]
[2613, 664]
[1850, 20]
[470, 471]
[2629, 78]
[926, 111]
[700, 701]
[452, 1706]
[1106, 810]
[2541, 731]
[856, 2660]
[19, 870]
[2509, 2510]
[141, 142]
[29, 30]
[222, 2537]
[62, 224]
[2035, 2036]
[2066, 2067]
[15, 818]
[881, 109]
[1067, 2571]
[1067, 1906]
[1095, 644]
[838, 1142]
[554, 20]
[658, 217]
[250, 251]
[920, 921]
[385, 26]
[66, 157]
[1235, 2358]
[231, 1490]
[1051, 1927]
[354, 373]
[252, 1374]
[2017, 592]
[1931, 1401]
[154, 692]
[1149, 1679]
[2323, 1448]
[346, 485]
[1726, 160]
[2204, 2205]
[315, 57]
[1281, 499]
[1183, 844]
[826, 149]
[1013, 1137]
[1892, 1161]
[1287, 1288]
[1410, 1]
[789, 20]
[1022, 316]
[659, 375]
[386, 387]
[1829, 32]
[412, 743]
[327, 806]
[1339, 307]
[616, 617]
[78, 106]
[1127, 84]
[27, 1742]
[183, 184]
[287, 84]
[1268, 485]
[1410, 2]
[946, 2040]
[2194, 331]
[1665, 373]
[1018, 1241]
[241, 1992]
[148, 469]
[786, 480]
[112, 1040]
[860, 2181]
[1623, 293]
[1580, 1581]
[937, 30]
[285, 295]
[399, 844]
[869, 870]
[294, 1099]
[1028, 468]
[99, 2752]
[132, 1830, 1037]
[15, 940]
[0, 1]
[241, 2091]
[1347, 898]
[883, 240]
[552, 347]
[91, 20]
[254, 405]
[78, 57]
[2415, 1984]
[2236, 2219]
[1543, 120]
[1888, 1721]
[0, 2]
[1183, 1158]
[0, 413]
[292, 293]
[1676, 963]
[392, 134]
[1236, 1237]
[1432, 1433]
[2600, 2601]
[781, 130]
[206, 73]
[2234, 2725]
[609, 2173]
[688, 657]
[1071, 1072]
[211, 61]
[1184, 1185]
[853, 854]
[438, 255]
[67, 181]
[1076, 2380]
[1111, 2332]
[315, 2]
[1095, 1137]
[47, 125]
[1251, 970]
[950, 1330]
[1477, 43]
[1381, 1736]
[609, 266]
[532, 427]
[1912, 630]
[946, 2481]
[62, 481]
[265, 106]
[85, 413]
[937, 389]
[189, 2167]
[855, 1082]
[541, 2203]
[1032, 84]
[1463, 2628]
[1260, 1261]
[62, 2583]
[1476, 237]
[637, 307]
[875, 2001]
[1638, 24]
[547, 34]
[1249, 1288]
[173, 2411]
[1460, 1860]
[842, 43]
[1421, 1298]
[124, 6]
[25, 6]
[1556, 30]
[953, 6]
[856, 1205]
[833, 140]
[2258, 2259]
[1343, 622]
[2491, 731]
[118, 335]
[1223, 1161]
[31, 365]
[341, 563]
[116, 1998]
[946, 1141]
[346, 347]
[19, 1668]
[44, 2088]
[745, 2700]
[992, 1668]
[1485, 181]
[1743, 2669]
[1494, 1239]
[207, 208]
[209, 210]
[1187, 1188]
[833, 84]
[417, 1921]
[495, 496]
[2148, 2149]
[133, 868]
[260, 1642]
[1823, 59]
[466, 115]
[1055, 692]
[506, 26]
[1328, 1329]
[681, 682]
[283, 284]
[769, 630]
[829, 830]
[1169, 140]
[252, 253]
[1421, 71]
[1622, 975]
[428, 2152]
[372, 157]
[1555, 810]
[126, 127]
[590, 1700]
[426, 59]
[2066, 2106]
[1404, 1711]
[2312, 293]
[275, 276]
[1337, 307]
[883, 1587]
[870, 61]
[954, 61]
[327, 1269]
[741, 1989]
[949, 950]
[456, 1772, 111]
[183, 84]
[315, 184]
[220, 2304]
[233, 234]
[1139, 318]
[1377, 203]
[193, 1289]
[590, 1832]
[1556, 1239]
[241, 242]
[1021, 1923]
[2576, 26]
[1679, 26]
[1666, 1409]
[1246, 238]
[1410, 413]
[1544, 666]
[281, 282]
[1338, 1076]
[356, 61]
[451, 2525]
[34, 61]
[1067, 1854]
[52, 1851]
[2339, 2489]
[35, 1126]
[2413, 2636]
[88, 89]
[744, 130]
[1067, 2612]
[748, 115]
[1633, 2588]
[2035, 1448]
[625, 307]
[231, 2305]
[673, 103]
[1053, 431]
[1074, 1075]
[1421, 74]
[254, 184]
[1926, 324]
[220, 2306]
[1899, 83]
[1728, 217]
[78, 115]
[97, 1314]
[1867, 630]
[2703, 820]
[2733, 1284]
[2441, 1385]
[270, 271, 1530]
[327, 328]
[2282, 24]
[1421, 75]
[2491, 1718]
[2136, 217]
[194, 59]
[0, 115]
[466, 423]
[124, 125]
[1087, 2427]
[1558, 1828]
[2133, 1046]
[625, 389]
[439, 762]
[1421, 1290]
[80, 1233]
[94, 89]
[378, 2276]
[1283, 1131]
[994, 1639]
[1414, 1]
[2536, 1539]
[470, 1180]
[1654, 666]
[447, 1719]
[747, 357]
[2477, 578]
[1990, 195]
[1515, 1857]
[802, 155]
[470, 1710]
[1189, 2531]
[1389, 1390]
[1646, 657]
[941, 1786]
[1421, 1291]
[2596, 24]
[790, 791]
[1051, 1262]
[1223, 1036]
[658, 18]
[849, 2694]
[539, 2482]
[1024, 1627]
[970, 1269]
[1455, 353]
[1420, 618]
[56, 423]
[1084, 813]
[576, 157]
[349, 302]
[2443, 371]
[1519, 266]
[790, 2651]
[1218, 420]
[907, 1080]
[364, 149]
[602, 57]
[2265, 1521]
[853, 376]
[797, 1719]
[445, 558]
[564, 565]
[1756, 962]
[910, 2695]
[470, 1978]
[207, 2476]
[321, 2690]
[2231, 387]
[2234, 2235]
[625, 127]
[2712, 565]
[722, 84]
[1295, 30]
[1339, 389]
[727, 423]
[451, 305]
[566, 567]
[1737, 1738]
[2682, 2683]
[777, 666]
[283, 328]
[393, 546]
[434, 1346]
[105, 57]
[1192, 485]
[452, 109]
[1904, 1137]
[2202, 1461]
[948, 531]
[1380, 1401]
[2404, 91]
[1102, 1103]
[116, 1735]
[37, 2124]
[210, 3]
[2045, 2046]
[1838, 259]
[135, 357]
[472, 473]
[1011, 203]
[1204, 61]
[856, 2047]
[587, 1118]
[885, 731]
[1176, 442]
[442, 1609]
[724, 2029]
[52, 758]
[590, 373]
[654, 1385]
[2190, 1665]
[1429, 2520]
[1021, 234]
[215, 617]
[829, 657]
[1339, 30]
[1415, 85]
[1019, 347]
[656, 1542]
[119, 1446]
[321, 322]
[1330, 1465]
[1821, 431]
[116, 481]
[44, 407]
[1415, 140]
[252, 1694]
[625, 30]
[1246, 85]
[2397, 2398]
[1708, 1679]
[1055, 868]
[1268, 347]
[424, 703]
[759, 375]
[530, 1]
[116, 1134]
[781, 255]
[2705, 2706]
[1024, 818]
[1113, 1114]
[1400, 1036]
[78, 405]
[260, 2039]
[656, 657]
[1132, 347]
[1847, 1848]
[520, 521]
[501, 203]
[2061, 308, 309, 41]
[143, 144]
[1897, 829]
[814, 815, 223]
[239, 2260]
[2673, 373]
[456, 361]
[616, 866]
[1575, 34]
[185, 297]
[479, 195]
[530, 685]
[90, 91]
[1632, 394]
[1044, 307]
[1417, 1418]
[404, 115]
[58, 59]
[935, 307]
[825, 2359]
[48, 1136]
[1706, 1088]
[299, 798]
[9, 314]
[216, 217]
[896, 230]
[1301, 106]
[856, 63]
[932, 30]
[1920, 1898]
[1604, 442]
[1525, 74]
[358, 359]
[2041, 24]
[2384, 2319]
[426, 1154]
[2573, 1810]
[52, 316]
[782, 347]
[797, 448]
[2051, 2616]
[593, 594]
[935, 61]
[1524, 1525]
[1260, 1586]
[1341, 330]
[1260, 484]
[7, 26]
[2691, 2704]
[143, 273]
[632, 970]
[27, 335]
[1260, 351]
[44, 45, 204]
[891, 892]
[1357, 1358]
[1069, 803]
[984, 276]
[1739, 331]
[789, 34]
[443, 1131]
[646, 1682]
[331, 1668]
[97, 437]
[834, 835]
[451, 2220]
[2218, 2219]
[1537, 666]
[2671, 1348]
[721, 423]
[423, 1]
[1525, 75]
[958, 32]
[56, 926]
[1247, 1248]
[184, 2]
[56, 130]
[1747, 1748]
[650, 651]
[548, 266]
[459, 393]
[904, 1870]
[2587, 1176]
[1726, 1118]
[964, 965]
[671, 672]
[2244, 2245]
[423, 2]
[1602, 61]
[2262, 2064]
[1557, 1762]
[443, 20]
[107, 108]
[97, 302]
[315, 423]
[1450, 2263]
[177, 20]
[1821, 387]
[268, 269]
[116, 224]
[2284, 2285]
[1139, 884]
[2387, 518]
[231, 188]
[1178, 32]
[638, 1972]
[856, 2676]
[2748, 2501]
[1116, 1117]
[80, 63]
[1974, 630]
[1368, 468]
[811, 630]
[27, 84]
[239, 837]
[2621, 2272]
[185, 951]
[296, 1919]
[119, 120]
[2215, 2216]
[498, 1335]
[139, 57]
[1797, 1798, 1911, 41]
[1318, 361]
[118, 474]
[894, 1338]
[881, 882, 1088]
[80, 390]
[1558, 601]
[987, 1646]
[27, 85]
[853, 2493]
[1059, 571, 4]
[161, 109]
[80, 2749]
[871, 523]
[503, 1461]
[600, 1]
[783, 373]
[828, 1648]
[1013, 24]
[693, 1643]
[755, 18]
[2208, 24]
[23, 24]
[875, 342]
[526, 527]
[1476, 793]
[231, 232]
[1841, 978]
[498, 1159]
[166, 157]
[665, 818]
[354, 181]
[541, 542]
[673, 839]
[1287, 979]
[272, 662]
[1044, 389]
[1581, 657]
[661, 596]
[984, 324]
[1487, 1128]
[2174, 2175]
[285, 286]
[1237, 2450]
[726, 61]
[426, 534]
[899, 91]
[1028, 328]
[2134, 2135]
[116, 2468]
[378, 1233]
[1051, 2326]
[2009, 2010]
[1738, 2367]
[1220, 1221]
[1404, 1118]
[833, 255]
[2354, 562]
[893, 1615]
[2090, 484]
[1381, 365]
[838, 839]
[169, 22]
[184, 1]
[1597, 496]
[2564, 2565]
[805, 743]
[1813, 1239]
[1287, 1299]
[1714, 592]
[304, 735]
[193, 57]
[1061, 1241]
[193, 115]
[1029, 61]
[1896, 389]
[1024, 208]
[903, 904]
[610, 611]
[2736, 1297]
[724, 2650]
[1195, 1196]
[1749, 551]
[1674, 1675]
[552, 485]
[1119, 59]
[1969, 2467]
[112, 2604]
[60, 61]
[618, 619]
[498, 562]
[727, 85]
[1260, 1934]
[243, 607]
[1252, 1253]
[750, 24]
[1069, 1046]
[935, 389]
[992, 993, 61]
[1402, 630]
[304, 305]
[1121, 1874]
[921, 527]
[478, 812]
[522, 30]
[1789, 1148]
[82, 442]
[726, 144]
[272, 962]
[105, 531]
[1200, 472]
[2422, 2423]
[268, 444]
[2389, 295]
[764, 531]
[862, 277, 278, 41]
[804, 73]
[1230, 347]
[119, 1263]
[399, 400]
[1709, 24]
[1032, 106]
[1249, 1299]
[2299, 2300]
[2229, 2230]
[159, 160]
[590, 567]
[2652, 1879]
[976, 1618]
[801, 20]
[545, 975]
[2485, 5]
[2108, 810]
[16, 406]
[486, 61]
[638, 2381]
[1145, 1146]
[1942, 1118]
[776, 616]
[559, 1258]
[779, 780]
[1144, 24]
[732, 485]
[154, 427]
[31, 32]
[1047, 1048, 1678, 41]
[1622, 546]
[652, 20]
[2150, 1451, 1452, 41]
[1008, 1248]
[1484, 567]
[817, 818]
[116, 1873]
[505, 506]
[430, 431]
[1931, 286]
[532, 195]
[849, 203]
[851, 852]
[255, 335]
[1616, 1617]
[588, 527]
[781, 1179]
[0, 85]
[231, 2620]
[2391, 2392]
[704, 1776]
[80, 1372]
[184, 255]
[1224, 1734]
[702, 0]
[1460, 590]
[676, 1660]
[412, 806]
[1055, 49]
[193, 423]
[1460, 2610]
[62, 821]
[2308, 441]
[119, 1922]
[32, 280]
[559, 560]
[1558, 2374]
[80, 1373]
[563, 2001]
[1119, 155]
[1837, 590]
[689, 85]
[1338, 1396]
[797, 2374]
[2385, 1457]
[1807, 26]
[2021, 26]
[341, 1407]
[643, 1241]
[85, 2]
[1983, 1984]
[1028, 284]
[339, 962]
[391, 84]
[905, 906]
[792, 2087]
[215, 866]
[2222, 870]
[865, 617]
[1422, 1423]
[1108, 529]
[1632, 2058]
[116, 2154]
[439, 775]
[1985, 305]
[255, 461]
[1400, 1161]
[1590, 818]
[1127, 106]
[378, 2130]
[910, 674]
[1463, 2000]
[691, 332]
[85, 1]
[1080, 342]
[378, 1729]
[453, 1088]
[744, 255]
[85, 1534]
[1325, 529]
[231, 2624]
[740, 63]
[1121, 673]
[1255, 1256]
[239, 796]
[2698, 2699]
[1334, 1491]
[740, 437]
[252, 2288]
[706, 707]
[2712, 570]
[856, 2490]
[372, 957]
[922, 923]
[1608, 127]
[137, 30]
[1705, 161]
[759, 2072]
[1121, 103]
[194, 155]
[1525, 71]
[2376, 353]
[454, 401]
[1476, 2087]
[350, 1934]
[143, 134]
[338, 1805]
[97, 604]
[1658, 1336]
[130, 1]
[403, 335]
[202, 927]
[860, 485]
[321, 1907]
[559, 1304]
[327, 2010]
[1431, 24]
[2685, 930]
[748, 255]
[2171, 818]
[704, 705]
[1726, 488]
[1057, 554]
[405, 774]
[1022, 461]
[1865, 293]
[1132, 485]
[130, 2]
[1391, 433]
[521, 433]
[466, 255]
[354, 234]
[805, 919]
[1198, 1199]
[154, 2141]
[2252, 2253]
[2557, 937]
[2194, 2292]
[547, 20]
[1763, 963]
[792, 237]
[481, 141]
[1415, 130]
[1079, 2060]
[44, 1715]
[2644, 2135]
[336, 2677]
[185, 2018]
[2418, 777]
[255, 1005]
[1726, 1727]
[16, 224]
[992, 20]
[1763, 1461]
[1183, 1092]
[378, 821]
