14,15
35,36
35,36,83
35,36,86
35,36,480
35,36,666
35,36,769
35,36,1047
35,36,1093
35,36,1213
35,36,1222
36,83
36,86
36,480
36,666
36,769
36,1047
36,1093
36,1213
36,1222
49,50
49,51
49,979
50,49,51
50,49,979
51,49,979
56,57
69,70
69,1209
69,1209,425
70,69,1209
70,69,1209,425
71,72
71,73,148,72
71,73,148,74,429,72
71,73,324,72
71,73,429,72
71,73,591,72
71,74,148,72
71,74,148,73,324,72
71,74,148,73,591,72
71,74,429,72
71,74,429,73,324,72
71,74,429,73,591,72
71,73
71,74,148,73
71,74,429,73
71,74
71,72,148
71,72,324,73,148
71,72,324,73,429,74,148
71,72,429,73,148
71,72,429,74,148
71,72,591,73,148
71,72,591,73,429,74,148
71,73,148
71,73,429,74,148
71,74,148
71,72,324
71,72,429,73,324
71,72,591,73,324
71,73,324
71,74,148,72,324
71,74,148,72,591,73,324
71,74,148,73,324
71,74,429,72,324
71,74,429,72,591,73,324
71,74,429,73,324
71,72,429
71,72,591,73,429
71,73,429
71,74,429
71,72,591
71,73,591
71,74,148,72,591
71,74,148,73,591
71,74,429,72,591
71,74,429,73,591
72,71,73
72,71,74,148,73
72,71,74,429,73
72,148,73
72,148,74,429,73
72,324,73
72,429,73
72,591,73
72,71,74
72,148,74
72,324,73,71,74
72,324,73,148,74
72,324,73,429,74
72,429,74
72,591,73,71,74
72,591,73,148,74
72,591,73,429,74
72,148
72,324,73,148
72,324,73,429,74,148
72,429,73,148
72,429,74,148
72,591,73,148
72,591,73,429,74,148
72,324
72,429,73,324
72,591,73,324
72,429
72,591,73,429
72,591
73,71,74
73,148,74
73,429,74
73,148
73,429,74,148
73,324
73,429
73,591
74,148
74,71,72,324
74,71,72,591,73,324
74,71,73,324
74,148,72,324
74,148,72,591,73,324
74,148,73,324
74,429,72,324
74,429,72,591,73,324
74,429,73,324
74,429
74,71,72,591
74,71,73,591
74,148,72,591
74,148,73,591
74,429,72,591
74,429,73,591
83,36,86
83,36,480
83,36,666
83,36,769
83,36,1047
83,36,1093
83,36,1213
83,36,1222
86,36,480
86,36,666
86,36,769
86,36,1047
86,36,1093
86,36,1213
86,36,1222
100,61
102,103
106,107
106,107,876
107,876
115,116
115,553,116
115,553
115,645
115,645,646
115,1168
115,1168,398
115,1168,1169
116,553
116,115,645
116,553,115,645
116,115,645,646
116,553,115,645,646
116,115,1168
116,553,115,1168
116,115,1168,398
116,553,115,1168,398
116,115,1168,1169
116,553,115,1168,1169
118,119
120,38
120,121
120,38,323
38,120,121
38,323
121,120,38,323
122,1178
123,124
123,65
123,65,352,294,293
123,65,352,294
123,65,352
123,65,514
123,65,673
123,65,352,294,1009
123,124,1128
124,123,65
124,123,65,352,294,293
124,123,65,352,294
124,123,65,352
124,123,65,514
124,123,65,673
124,123,65,352,294,1009
124,1128
65,352,294,293
65,352,294
65,352
65,514
65,673
65,352,294,1009
65,123,124,1128
128,129
128,130
128,681,464,915,914,130
128,681,682,915,914,130
128,681,683,915,914,130
128,681,914,130
128,915,914,130
128,681
128,915,914,681
128,915,464,681
128,915,682,681
128,915,683,681
128,130,914,915,464
128,130,914,915,682,681,464
128,130,914,915,683,681,464
128,130,914,681,464
128,681,464
128,681,682,915,464
128,681,683,915,464
128,681,914,915,464
128,915,464
128,130,914,915,682
128,130,914,915,683,681,682
128,130,914,681,682
128,681,682
128,681,683,915,682
128,681,914,915,682
128,915,682
128,130,914,915,683
128,130,914,681,683
128,681,683
128,681,914,915,683
128,915,683
128,130,914
128,681,914
128,915,914
128,915
129,128,130
129,128,681,464,915,914,130
129,128,681,682,915,914,130
129,128,681,683,915,914,130
129,128,681,914,130
129,128,915,914,130
129,128,681
129,128,915,914,681
129,128,915,464,681
129,128,915,682,681
129,128,915,683,681
129,128,130,914,915,464
129,128,130,914,915,682,681,464
129,128,130,914,915,683,681,464
129,128,130,914,681,464
129,128,681,464
129,128,681,682,915,464
129,128,681,683,915,464
129,128,681,914,915,464
129,128,915,464
129,128,130,914,915,682
129,128,130,914,915,683,681,682
129,128,130,914,681,682
129,128,681,682
129,128,681,683,915,682
129,128,681,914,915,682
129,128,915,682
129,128,130,914,915,683
129,128,130,914,681,683
129,128,681,683
129,128,681,914,915,683
129,128,915,683
129,128,130,914
129,128,681,914
129,128,915,914
129,128,915
130,128,681
130,128,915,914,681
130,128,915,464,681
130,128,915,682,681
130,128,915,683,681
130,914,915,464,681
130,914,915,682,681
130,914,915,683,681
130,914,681
130,128,681,464
130,128,681,682,915,464
130,128,681,683,915,464
130,128,915,464
130,914,915,464
130,914,915,682,681,464
130,914,915,683,681,464
130,914,681,464
130,128,681,682
130,128,681,683,915,682
130,128,915,682
130,914,915,682
130,914,915,683,681,682
130,914,681,682
130,128,681,683
130,128,915,683
130,914,915,683
130,914,681,683
130,914
130,128,915
130,914,915
134,135
134,136
134,137
134,138
134,139
134,140
134,137,217
134,139,32
134,135,552
134,136,411
134,138,700
134,140,388
135,134,136
135,134,137
135,134,138
135,134,139
135,134,140
135,134,137,217
135,134,139,32
135,552
135,134,136,411
135,134,138,700
135,134,140,388
136,134,137
136,134,138
136,134,139
136,134,140
136,134,137,217
136,134,139,32
136,134,135,552
136,411
136,134,138,700
136,134,140,388
137,134,138
137,134,139
137,134,140
137,217
137,134,139,32
137,134,135,552
137,134,136,411
137,134,138,700
137,134,140,388
138,134,139
138,134,140
138,134,137,217
138,134,139,32
138,134,135,552
138,134,136,411
138,700
138,134,140,388
139,134,140
139,134,137,217
139,32
139,134,135,552
139,134,136,411
139,134,138,700
139,134,140,388
140,134,137,217
140,134,139,32
140,134,135,552
140,134,136,411
140,134,138,700
140,388
148,72,324
148,72,429,73,324
148,72,591,73,324
148,73,324
148,74,429,72,324
148,74,429,72,591,73,324
148,74,429,73,324
148,72,429
148,72,591,73,429
148,73,429
148,74,429
148,72,591
148,73,591
148,74,429,72,591
148,74,429,73,591
175,176
175,489,200,198
175,489,892,200,198
175,489,200,198,199
175,489,892,200,198,199
175,489,200
175,489,892,200
175,489,200,198,201
175,489,892,200,198,201
175,489,200,892,223
175,489,892,223
175,489,200,892,223,224
175,489,892,223,224
175,489
175,489,892
176,175,489,200,198
176,175,489,892,200,198
176,175,489,200,198,199
176,175,489,892,200,198,199
176,175,489,200
176,175,489,892,200
176,175,489,200,198,201
176,175,489,892,200,198,201
176,175,489,200,892,223
176,175,489,892,223
176,175,489,200,892,223,224
176,175,489,892,223,224
176,175,489
176,175,489,892
178,179
198,199
198,200
198,201
198,200,489,892,223
198,200,892,223
198,200,489,892,223,224
198,200,892,223,224
198,200,489
198,200,892,489
198,200,892
199,198,200
199,198,201
199,198,200,489,892,223
199,198,200,892,223
199,198,200,489,892,223,224
199,198,200,892,223,224
199,198,200,489
199,198,200,892,489
199,198,200,892
200,198,201
200,489,892,223
200,892,223
200,489,892,223,224
200,892,223,224
200,489
200,892,489
200,892
201,198,200,489,892,223
201,198,200,892,223
201,198,200,489,892,223,224
201,198,200,892,223,224
201,198,200,489
201,198,200,892,489
201,198,200,892
214,215
214,215,505
215,505
217,137,134,139,32
217,137,134,135,552
217,137,134,136,411
217,137,134,138,700
217,137,134,140,388
223,224
223,892,489
223,892
224,223,892,489
224,223,892
229,230
236,237
245,246
245,247
246,245,247
32,139,134,135,552
32,139,134,136,411
32,139,134,138,700
32,139,134,140,388
282,283
282,284
283,282,284
287,288
290,291
290,291,436
290,291,1060,169,437,436
290,291,1060,649,437,436
290,291,1149,169,1060,649,437,436
290,291,1149,169,437,436
290,291,436,437
290,291,1060,169,437
290,291,1060,649,437
290,291,1149,169,1060,649,437
290,291,1149,169,437
290,291,436,438
290,291,1060,169,437,436,438
290,291,1060,649,437,436,438
290,291,1149,169,1060,649,437,436,438
290,291,1149,169,437,436,438
290,291,436,439
290,291,1060,169,437,436,439
290,291,1060,649,437,436,439
290,291,1149,169,1060,649,437,436,439
290,291,1149,169,437,436,439
290,291,436,440
290,291,1060,169,437,436,440
290,291,1060,649,437,436,440
290,291,1149,169,1060,649,437,436,440
290,291,1149,169,437,436,440
290,291,436,441
290,291,1060,169,437,436,441
290,291,1060,649,437,436,441
290,291,1149,169,1060,649,437,436,441
290,291,1149,169,437,436,441
290,291,1060
290,291,1149,169,1060
290,291,436,437,169
290,291,436,437,649,1060,169
290,291,1060,169
290,291,1060,649,437,169
290,291,1149,169
290,291,436,437,649
290,291,1060,649
290,291,1149,169,1060,649
290,291,1149,169,437,649
290,291,1149
290,291,1233
291,436
291,1060,169,437,436
291,1060,649,437,436
291,1149,169,1060,649,437,436
291,1149,169,437,436
291,436,437
291,1060,169,437
291,1060,649,437
291,1149,169,1060,649,437
291,1149,169,437
291,436,438
291,1060,169,437,436,438
291,1060,649,437,436,438
291,1149,169,1060,649,437,436,438
291,1149,169,437,436,438
291,436,439
291,1060,169,437,436,439
291,1060,649,437,436,439
291,1149,169,1060,649,437,436,439
291,1149,169,437,436,439
291,436,440
291,1060,169,437,436,440
291,1060,649,437,436,440
291,1149,169,1060,649,437,436,440
291,1149,169,437,436,440
291,436,441
291,1060,169,437,436,441
291,1060,649,437,436,441
291,1149,169,1060,649,437,436,441
291,1149,169,437,436,441
291,1060
291,1149,169,1060
291,436,437,169
291,436,437,649,1060,169
291,1060,169
291,1060,649,437,169
291,1149,169
291,436,437,649
291,1060,649
291,1149,169,1060,649
291,1149,169,437,649
291,1149
291,1233
293,294
293,294,352
293,294,352,65,514
293,294,352,65,673
293,294,1009
293,294,352,65,123,124,1128
294,352
294,352,65,514
294,352,65,673
294,1009
294,352,65,123,124,1128
301,117
306,149
306,149,755
149,755
324,72,429
324,72,591,73,429
324,73,429
324,72,591
324,73,591
325,326
325,326,967,831
325,326,967,831,832
325,326,455
325,326,967
326,967,831
326,967,831,832
326,455
326,967
334,335
340,341
348,349
348,26
348,349,506
348,349,506,507
348,349,572
348,349,572,365
348,349,842
348,349,842,798
348,349,1041
348,349,1041,923
348,349,1105
348,349,1105,238
349,348,26
349,506
349,506,507
349,572
349,572,365
349,842
349,842,798
349,1041
349,1041,923
349,1105
349,1105,238
26,348,349,506
26,348,349,506,507
26,348,349,572
26,348,349,572,365
26,348,349,842
26,348,349,842,798
26,348,349,1041
26,348,349,1041,923
26,348,349,1105
26,348,349,1105,238
352,65,514
352,65,673
352,294,1009
352,65,123,124,1128
367,368
387,336
417,418
417,379
418,417,379
429,72,591
429,73,591
436,437
436,438
436,439
436,440
436,441
436,437,169,1060
436,437,169,1149,291,1060
436,437,649,1060
436,291,1060
436,291,1149,169,1060
436,437,169
436,437,649,1060,169
436,291,1060,169
436,291,1149,169
436,437,649
436,291,1060,649
436,291,1149,169,1060,649
436,291,1149,169,437,649
436,437,169,1149
436,437,649,1060,169,1149
436,437,649,1060,291,1149
436,291,1149
436,437,169,1060,291,1233
436,437,169,1149,291,1233
436,437,649,1060,169,1149,291,1233
436,437,649,1060,291,1233
436,291,1233
437,436,438
437,436,439
437,436,440
437,436,441
437,436,291,1060
437,169,1060
437,169,1149,291,1060
437,649,1060
437,169
437,649,1060,169
437,649
437,436,291,1149
437,169,1149
437,649,1060,169,1149
437,649,1060,291,1149
437,436,291,1233
437,169,1060,291,1233
437,169,1149,291,1233
437,649,1060,169,1149,291,1233
437,649,1060,291,1233
438,436,439
438,436,440
438,436,441
438,436,437,169,1060
438,436,437,169,1149,291,1060
438,436,437,649,1060
438,436,291,1060
438,436,291,1149,169,1060
438,436,437,169
438,436,437,649,1060,169
438,436,291,1060,169
438,436,291,1060,649,437,169
438,436,291,1149,169
438,436,437,649
438,436,291,1060,649
438,436,291,1149,169,1060,649
438,436,291,1149,169,437,649
438,436,437,169,1149
438,436,437,649,1060,169,1149
438,436,437,649,1060,291,1149
438,436,291,1149
438,436,437,169,1060,291,1233
438,436,437,169,1149,291,1233
438,436,437,649,1060,169,1149,291,1233
438,436,437,649,1060,291,1233
438,436,291,1233
439,436,440
439,436,441
439,436,437,169,1060
439,436,437,169,1149,291,1060
439,436,437,649,1060
439,436,291,1060
439,436,291,1149,169,1060
439,436,437,169
439,436,437,649,1060,169
439,436,291,1060,169
439,436,291,1060,649,437,169
439,436,291,1149,169
439,436,437,649
439,436,291,1060,649
439,436,291,1149,169,1060,649
439,436,291,1149,169,437,649
439,436,437,169,1149
439,436,437,649,1060,169,1149
439,436,437,649,1060,291,1149
439,436,291,1149
439,436,437,169,1060,291,1233
439,436,437,169,1149,291,1233
439,436,437,649,1060,169,1149,291,1233
439,436,437,649,1060,291,1233
439,436,291,1233
440,436,441
440,436,437,169,1060
440,436,437,169,1149,291,1060
440,436,437,649,1060
440,436,291,1060
440,436,291,1149,169,1060
440,436,437,169
440,436,437,649,1060,169
440,436,291,1060,169
440,436,291,1060,649,437,169
440,436,291,1149,169
440,436,437,649
440,436,291,1060,649
440,436,291,1149,169,1060,649
440,436,291,1149,169,437,649
440,436,437,169,1149
440,436,437,649,1060,169,1149
440,436,437,649,1060,291,1149
440,436,291,1149
440,436,437,169,1060,291,1233
440,436,437,169,1149,291,1233
440,436,437,649,1060,169,1149,291,1233
440,436,437,649,1060,291,1233
440,436,291,1233
441,436,437,169,1060
441,436,437,169,1149,291,1060
441,436,437,649,1060
441,436,291,1060
441,436,291,1149,169,1060
441,436,437,169
441,436,437,649,1060,169
441,436,291,1060,169
441,436,291,1060,649,437,169
441,436,291,1149,169
441,436,437,649
441,436,291,1060,649
441,436,291,1149,169,1060,649
441,436,291,1149,169,437,649
441,436,437,169,1149
441,436,437,649,1060,169,1149
441,436,437,649,1060,291,1149
441,436,291,1149
441,436,437,169,1060,291,1233
441,436,437,169,1149,291,1233
441,436,437,649,1060,169,1149,291,1233
441,436,437,649,1060,291,1233
441,436,291,1233
449,450
461,462
461,463
462,461,463
472,473
480,36,666
480,36,769
480,36,1047
480,36,1093
480,36,1213
480,36,1222
487,488
489,892
494,495
496,867
506,507
506,349,572
506,349,572,365
506,349,842
506,349,842,798
506,349,1041
506,349,1041,923
506,349,1105
506,349,1105,238
507,506,349,572
507,506,349,572,365
507,506,349,842
507,506,349,842,798
507,506,349,1041
507,506,349,1041,923
507,506,349,1105
507,506,349,1105,238
514,65,673
514,65,352,294,1009
514,65,123,124,1128
515,205
516,517
516,517,532
516,517,532,599
517,532
517,532,599
518,519
518,519,589
519,589
521,499
525,52
532,599
533,534
533,534,538
533,534,554
533,534,828
534,538
534,554
534,828
535,536
535,536,678
536,678
538,534,554
538,534,828
553,115,645
553,115,645,646
553,115,1168
553,115,1168,398
553,115,1168,1169
554,534,828
565,566
565,567
565,6
565,568
565,13
565,192
565,569
565,204
565,570
566,565,567
566,565,6
566,565,568
566,565,13
566,565,192
566,565,569
566,565,204
566,565,570
567,565,6
567,565,568
567,565,13
567,565,192
567,565,569
567,565,204
567,565,570
6,565,568
6,565,13
6,565,192
6,565,569
6,565,204
6,565,570
568,565,13
568,565,192
568,565,569
568,565,204
568,565,570
13,565,192
13,565,569
13,565,204
13,565,570
192,565,569
192,565,204
192,565,570
569,565,204
569,565,570
204,565,570
572,365
572,349,842
572,349,842,798
572,349,1041
572,349,1041,923
572,349,1105
572,349,1105,238
365,572,349,842
365,572,349,842,798
365,572,349,1041
365,572,349,1041,923
365,572,349,1105
365,572,349,1105,238
590,59
590,1095
590,1095,840
590,1095,638
59,590,1095
59,590,1095,840
59,590,1095,638
616,384
616,879,878
616,879
384,616,879,878
384,616,879
645,646
645,115,1168
645,115,1168,398
645,115,1168,1169
646,645,115,1168
646,645,115,1168,398
646,645,115,1168,1169
655,357
656,657
656,657,896
656,657,1044
656,657,1165
657,896
657,1044
657,1165
666,36,769
666,36,1047
666,36,1093
666,36,1213
666,36,1222
673,65,352,294,1009
673,65,123,124,1128
675,676
675,677
676,675,677
681,464
681,682,915,464
681,683,915,464
681,914,915,464
681,682
681,683,915,682
681,914,915,682
681,683
681,914,915,683
681,914
681,464,915
681,682,915
681,683,915
681,128,915
681,914,915
464,681,682
464,681,683,915,682
464,681,914,915,682
464,915,682
464,681,683
464,681,914,915,683
464,915,683
464,681,914
464,915,914
464,915
682,681,683
682,681,914,915,683
682,915,683
682,681,914
682,915,914
682,915
683,681,914
683,915,914
683,915
689,690
689,690,1064
689,690,331
690,1064
690,331
697,698
552,135,134,136,411
552,135,134,138,700
552,135,134,140,388
736,733
738,739
756,378
769,36,1047
769,36,1093
769,36,1213
769,36,1222
411,136,134,138,700
411,136,134,140,388
777,778
777,778,1138
778,1138
831,832
831,967,326,455
831,967
832,831,967,326,455
832,831,967
842,798
842,349,1041
842,349,1041,923
842,349,1105
842,349,1105,238
798,842,349,1041
798,842,349,1041,923
798,842,349,1105
798,842,349,1105,238
856,742
864,865
878,879
896,657,1044
896,657,1165
899,158
911,63
914,915
929,562
929,562,1007
562,1007
944,548
953,954
956,957
455,326,967
1009,294,352,65,123,124,1128
1012,734
1022,297
1023,928
1023,1244
928,1023,1244
1032,964
1037,456
1040,24
1040,24,1108
24,1108
1041,923
1041,349,1105
1041,349,1105,238
923,1041,349,1105
923,1041,349,1105,238
1044,657,1165
1047,36,1093
1047,36,1213
1047,36,1222
1052,934
1057,94
1060,169
1060,649
1060,169,1149
1060,291,1149
1060,169,1149,291,1233
1060,291,1233
169,1060,649
169,437,649
169,1149
169,1060,649,437,436,291,1233
169,1060,291,1233
169,1149,291,1233
169,437,436,291,1233
169,437,649,1060,291,1233
649,1060,169,1149
649,1060,291,1149
649,437,436,291,1149
649,437,169,1149
649,1060,169,1149,291,1233
649,1060,291,1233
649,437,436,291,1233
649,437,169,1149,291,1233
1061,672
1064,690,331
1067,1042
700,138,134,140,388
1080,622
1082,479
1093,36,1213
1093,36,1222
1095,840
1095,638
840,1095,638
1100,435
1100,791
1100,1223
435,1100,791
435,1100,1223
791,1100,1223
1105,238
1114,1115
1142,434
1144,1145
1149,291,1233
1150,42
1158,1159
1168,398
1168,1169
398,1168,1169
1206,273
1209,425
1212,985
1213,36,1222
1241,126
1243,1066
1246,498
1247,468
1249,350
1257,727
1272,1073
