6,7
6,8
7,6,8
25,26
25,27
25,28,49,27
25,178,420,48,49,27
25,178,420,421,49,27
25,28
25,178,420,48,49,28
25,178,420,421,49,28
25,27,49,48
25,27,49,421,420,48
25,28,49,48
25,28,49,421,420,48
25,178,420,48
25,178,420,421,49,48
25,27,49
25,28,49
25,178,420,48,49
25,178,420,421,49
25,27,49,48,50
25,27,49,421,420,48,50
25,28,49,48,50
25,28,49,421,420,48,50
25,178,420,48,50
25,178,420,421,49,48,50
25,27,49,48,51
25,27,49,421,420,48,51
25,28,49,48,51
25,28,49,421,420,48,51
25,178,420,48,51
25,178,420,421,49,48,51
25,178
25,27,49,28,163
25,28,163
25,178,420,48,49,28,163
25,178,420,421,49,28,163
25,27,49,28,270
25,28,270
25,178,420,48,49,28,270
25,178,420,421,49,28,270
25,27,49,48,420
25,27,49,421,420
25,28,49,48,420
25,28,49,421,420
25,178,420
25,27,49,421
25,28,49,421
25,178,420,421
25,27,504
25,28,49,27,504
25,178,420,48,49,27,504
25,178,420,421,49,27,504
25,27,505
25,28,49,27,505
25,178,420,48,49,27,505
25,178,420,421,49,27,505
25,27,49,48,420,421,581
25,27,49,421,581
25,28,49,48,420,421,581
25,28,49,421,581
25,178,420,48,49,421,581
25,178,420,421,581
25,27,49,48,420,421,521
25,27,49,421,521
25,28,49,48,420,421,521
25,28,49,421,521
25,178,420,48,49,421,521
25,178,420,421,521
26,25,27
26,25,28,49,27
26,25,178,420,48,49,27
26,25,178,420,421,49,27
26,25,28
26,25,178,420,48,49,28
26,25,178,420,421,49,28
26,25,27,49,48
26,25,27,49,421,420,48
26,25,28,49,48
26,25,28,49,421,420,48
26,25,178,420,48
26,25,178,420,421,49,48
26,25,27,49
26,25,28,49
26,25,178,420,48,49
26,25,178,420,421,49
26,25,27,49,48,50
26,25,27,49,421,420,48,50
26,25,28,49,48,50
26,25,28,49,421,420,48,50
26,25,178,420,48,50
26,25,178,420,421,49,48,50
26,25,27,49,48,51
26,25,27,49,421,420,48,51
26,25,28,49,48,51
26,25,28,49,421,420,48,51
26,25,178,420,48,51
26,25,178,420,421,49,48,51
26,25,178
26,25,27,49,28,163
26,25,28,163
26,25,178,420,48,49,28,163
26,25,178,420,421,49,28,163
26,25,27,49,28,270
26,25,28,270
26,25,178,420,48,49,28,270
26,25,178,420,421,49,28,270
26,25,27,49,48,420
26,25,27,49,421,420
26,25,28,49,48,420
26,25,28,49,421,420
26,25,178,420
26,25,27,49,421
26,25,28,49,421
26,25,178,420,421
26,25,27,504
26,25,28,49,27,504
26,25,178,420,48,49,27,504
26,25,178,420,421,49,27,504
26,25,27,505
26,25,28,49,27,505
26,25,178,420,48,49,27,505
26,25,178,420,421,49,27,505
26,25,27,49,48,420,421,581
26,25,27,49,421,581
26,25,28,49,48,420,421,581
26,25,28,49,421,581
26,25,178,420,48,49,421,581
26,25,178,420,421,581
26,25,27,49,48,420,421,521
26,25,27,49,421,521
26,25,28,49,48,420,421,521
26,25,28,49,421,521
26,25,178,420,48,49,421,521
26,25,178,420,421,521
27,25,28
27,25,178,420,48,49,28
27,25,178,420,421,49,28
27,49,28
27,25,28,49,48
27,25,28,49,421,420,48
27,25,178,420,48
27,25,178,420,421,49,48
27,49,48
27,49,421,420,48
27,49
27,25,28,49,48,50
27,25,28,49,421,420,48,50
27,25,178,420,48,50
27,25,178,420,421,49,48,50
27,49,48,50
27,49,28,25,178,420,48,50
27,49,421,420,48,50
27,25,28,49,48,51
27,25,28,49,421,420,48,51
27,25,178,420,48,51
27,25,178,420,421,49,48,51
27,49,48,51
27,49,28,25,178,420,48,51
27,49,421,420,48,51
27,25,178
27,49,48,420,178
27,49,28,25,178
27,49,421,420,178
27,25,28,163
27,25,178,420,48,49,28,163
27,25,178,420,421,49,28,163
27,49,28,163
27,25,28,270
27,25,178,420,48,49,28,270
27,25,178,420,421,49,28,270
27,49,28,270
27,25,28,49,48,420
27,25,28,49,421,420
27,25,178,420
27,49,48,420
27,49,28,25,178,420
27,49,421,420
27,25,28,49,421
27,25,178,420,421
27,49,421
27,504
27,505
27,25,28,49,48,420,421,581
27,25,28,49,421,581
27,25,178,420,48,49,421,581
27,25,178,420,421,581
27,49,48,420,421,581
27,49,28,25,178,420,421,581
27,49,421,581
27,25,28,49,48,420,421,521
27,25,28,49,421,521
27,25,178,420,48,49,421,521
27,25,178,420,421,521
27,49,48,420,421,521
27,49,28,25,178,420,421,521
27,49,421,521
28,25,178,420,48
28,25,178,420,421,49,48
28,49,48
28,49,421,420,48
28,49
28,25,178,420,48,50
28,25,178,420,421,49,48,50
28,49,48,50
28,49,421,420,48,50
28,25,178,420,48,51
28,25,178,420,421,49,48,51
28,49,48,51
28,49,421,420,48,51
28,25,178
28,49,48,420,178
28,49,421,420,178
28,163
28,270
28,25,178,420
28,49,48,420
28,49,421,420
28,25,178,420,421
28,49,421
28,25,27,504
28,25,178,420,48,49,27,504
28,25,178,420,421,49,27,504
28,49,27,504
28,25,27,505
28,25,178,420,48,49,27,505
28,25,178,420,421,49,27,505
28,49,27,505
28,25,178,420,48,49,421,581
28,25,178,420,421,581
28,49,48,420,421,581
28,49,421,581
28,25,178,420,48,49,421,521
28,25,178,420,421,521
28,49,48,420,421,521
28,49,421,521
36,37
36,37,392
36,37,393
36,37,394
36,37,395,492,394
36,37,395
36,37,394,492
36,37,395,492
36,37,394,492,526
36,37,395,492,526
37,392
37,393
37,394
37,395,492,394
37,395
37,394,492
37,395,492
37,394,492,526
37,395,492,526
38,39
48,49
48,420,421,49
48,50
48,51
48,49,28,25,178
48,49,27,25,178
48,49,421,420,178
48,420,178
48,49,28,163
48,49,27,25,28,163
48,49,421,420,178,25,28,163
48,420,178,25,28,163
48,420,421,49,28,163
48,420,421,49,27,25,28,163
48,49,28,270
48,49,27,25,28,270
48,49,421,420,178,25,28,270
48,420,178,25,28,270
48,420,421,49,28,270
48,420,421,49,27,25,28,270
48,420
48,49,421
48,420,421
48,49,28,25,27,504
48,49,27,504
48,49,421,420,178,25,27,504
48,420,178,25,27,504
48,420,421,49,28,25,27,504
48,420,421,49,27,504
48,49,28,25,27,505
48,49,27,505
48,49,421,420,178,25,27,505
48,420,178,25,27,505
48,420,421,49,28,25,27,505
48,420,421,49,27,505
48,49,421,581
48,420,421,581
48,49,421,521
48,420,421,521
49,48,50
49,28,25,178,420,48,50
49,27,25,178,420,48,50
49,421,420,48,50
49,48,51
49,28,25,178,420,48,51
49,27,25,178,420,48,51
49,421,420,48,51
49,48,420,178
49,28,25,178
49,27,25,178
49,421,420,178
49,28,163
49,28,270
49,48,420
49,28,25,178,420
49,27,25,178,420
49,421,420
49,421
49,27,504
49,27,505
49,48,420,421,581
49,28,25,178,420,421,581
49,27,25,178,420,421,581
49,421,581
49,48,420,421,521
49,28,25,178,420,421,521
49,27,25,178,420,421,521
49,421,521
50,48,51
50,48,49,28,25,178
50,48,49,27,25,178
50,48,49,421,420,178
50,48,420,178
50,48,49,28,163
50,48,49,27,25,28,163
50,48,49,421,420,178,25,28,163
50,48,420,178,25,27,49,28,163
50,48,420,178,25,28,163
50,48,420,421,49,28,163
50,48,420,421,49,27,25,28,163
50,48,49,28,270
50,48,49,27,25,28,270
50,48,49,421,420,178,25,28,270
50,48,420,178,25,27,49,28,270
50,48,420,178,25,28,270
50,48,420,421,49,28,270
50,48,420,421,49,27,25,28,270
50,48,420
50,48,49,421
50,48,420,421
50,48,49,28,25,27,504
50,48,49,27,504
50,48,49,421,420,178,25,27,504
50,48,420,178,25,27,504
50,48,420,178,25,28,49,27,504
50,48,420,421,49,28,25,27,504
50,48,420,421,49,27,504
50,48,49,28,25,27,505
50,48,49,27,505
50,48,49,421,420,178,25,27,505
50,48,420,178,25,27,505
50,48,420,178,25,28,49,27,505
50,48,420,421,49,28,25,27,505
50,48,420,421,49,27,505
50,48,49,28,25,178,420,421,581
50,48,49,27,25,178,420,421,581
50,48,49,421,581
50,48,420,421,581
50,48,49,28,25,178,420,421,521
50,48,49,27,25,178,420,421,521
50,48,49,421,521
50,48,420,421,521
51,48,49,28,25,178
51,48,49,27,25,178
51,48,49,421,420,178
51,48,420,178
51,48,49,28,163
51,48,49,27,25,28,163
51,48,49,421,420,178,25,28,163
51,48,420,178,25,27,49,28,163
51,48,420,178,25,28,163
51,48,420,421,49,28,163
51,48,420,421,49,27,25,28,163
51,48,49,28,270
51,48,49,27,25,28,270
51,48,49,421,420,178,25,28,270
51,48,420,178,25,27,49,28,270
51,48,420,178,25,28,270
51,48,420,421,49,28,270
51,48,420,421,49,27,25,28,270
51,48,420
51,48,49,421
51,48,420,421
51,48,49,28,25,27,504
51,48,49,27,504
51,48,49,421,420,178,25,27,504
51,48,420,178,25,27,504
51,48,420,178,25,28,49,27,504
51,48,420,421,49,28,25,27,504
51,48,420,421,49,27,504
51,48,49,28,25,27,505
51,48,49,27,505
51,48,49,421,420,178,25,27,505
51,48,420,178,25,27,505
51,48,420,178,25,28,49,27,505
51,48,420,421,49,28,25,27,505
51,48,420,421,49,27,505
51,48,49,28,25,178,420,421,581
51,48,49,27,25,178,420,421,581
51,48,49,421,581
51,48,420,421,581
51,48,49,28,25,178,420,421,521
51,48,49,27,25,178,420,421,521
51,48,49,421,521
51,48,420,421,521
71,72
71,72,120
71,72,575
72,120
72,575
73,74
73,74,187
74,187
100,101
100,101,98,112
100,101,112
100,101,98
101,98,112
101,112
101,98
105,106
112,98
120,72,575
134,135
134,135,269,268
134,135,269
135,269,268
135,269
155,156
155,31
155,11
155,157
155,158
155,159
155,66
156,155,31
156,155,11
156,155,157
156,155,158
156,155,159
156,155,66
31,155,11
31,155,157
31,155,158
31,155,159
31,155,66
11,155,157
11,155,158
11,155,159
11,155,66
157,155,158
157,155,159
157,155,66
158,155,159
158,155,66
159,155,66
178,25,27,49,28,163
178,25,28,163
178,420,48,49,28,163
178,420,421,49,28,163
178,25,27,49,28,270
178,25,28,270
178,420,48,49,28,270
178,420,421,49,28,270
178,420
178,25,27,49,421
178,25,28,49,421
178,420,421
178,25,27,504
178,25,28,49,27,504
178,420,48,49,27,504
178,420,421,49,27,504
178,25,27,505
178,25,28,49,27,505
178,420,48,49,27,505
178,420,421,49,27,505
178,25,27,49,421,581
178,25,28,49,421,581
178,420,48,49,421,581
178,420,421,581
178,25,27,49,421,521
178,25,28,49,421,521
178,420,48,49,421,521
178,420,421,521
181,182
181,140
181,5
181,183
181,184
181,184,357
181,182,498
181,140,636
181,183,878
181,5,921
182,181,140
182,181,5
182,181,183
182,181,184
182,181,184,357
182,498
182,181,140,636
182,181,183,878
182,181,5,921
140,181,5
140,181,183
140,181,184
140,181,184,357
140,181,182,498
140,636
140,181,183,878
140,181,5,921
5,181,183
5,181,184
5,181,184,357
5,181,182,498
5,181,140,636
5,181,183,878
5,921
183,181,184
183,181,184,357
183,181,182,498
183,181,140,636
183,878
183,181,5,921
184,357
184,181,182,498
184,181,140,636
184,181,183,878
184,181,5,921
203,204
203,205
203,206
203,207
203,208
203,209
203,204,228
203,209,680
203,204,228,743
204,203,205
204,203,206
204,203,207
204,203,208
204,203,209
204,228
204,203,209,680
204,228,743
205,203,206
205,203,207
205,203,208
205,203,209
205,203,204,228
205,203,209,680
205,203,204,228,743
206,203,207
206,203,208
206,203,209
206,203,204,228
206,203,209,680
206,203,204,228,743
207,203,208
207,203,209
207,203,204,228
207,203,209,680
207,203,204,228,743
208,203,209
208,203,204,228
208,203,209,680
208,203,204,228,743
209,203,204,228
209,680
209,203,204,228,743
228,204,203,209,680
228,743
239,240
239,241,352,240
239,242,352,240
239,351,352,240
239,241
239,242,352,241
239,351,352,241
239,242
239,351,352,242
239,351
239,240,352
239,241,352
239,242,352
239,351,352
239,240,352,691
239,241,352,691
239,242,352,691
239,351,352,691
239,240,352,691,719
239,241,352,691,719
239,242,352,691,719
239,351,352,691,719
239,240,352,691,719,720
239,241,352,691,719,720
239,242,352,691,719,720
239,351,352,691,719,720
239,240,352,691,719,720,309
239,241,352,691,719,720,309
239,242,352,691,719,720,309
239,351,352,691,719,720,309
240,239,241
240,239,242,352,241
240,239,351,352,241
240,352,241
240,239,242
240,239,351,352,242
240,352,242
240,239,351
240,352,351
240,352
240,239,241,352,691
240,239,242,352,691
240,239,351,352,691
240,352,691
240,239,241,352,691,719
240,239,242,352,691,719
240,239,351,352,691,719
240,352,691,719
240,239,241,352,691,719,720
240,239,242,352,691,719,720
240,239,351,352,691,719,720
240,352,691,719,720
240,239,241,352,691,719,720,309
240,239,242,352,691,719,720,309
240,239,351,352,691,719,720,309
240,352,691,719,720,309
241,239,242
241,239,351,352,242
241,352,242
241,239,351
241,352,351
241,352
241,239,242,352,691
241,239,351,352,691
241,352,691
241,239,242,352,691,719
241,239,351,352,691,719
241,352,691,719
241,239,242,352,691,719,720
241,239,351,352,691,719,720
241,352,691,719,720
241,239,242,352,691,719,720,309
241,239,351,352,691,719,720,309
241,352,691,719,720,309
242,239,351
242,352,351
242,352
242,239,351,352,691
242,352,691
242,239,351,352,691,719
242,352,691,719
242,239,351,352,691,719,720
242,352,691,719,720
242,239,351,352,691,719,720,309
242,352,691,719,720,309
246,247
246,247,475,474
246,247,475
247,475,474
247,475
268,269
272,109
284,223
284,223,369
223,369
290,291
321,322
342,343
163,28,270
163,28,25,27,49,48,420
163,28,25,27,49,421,420
163,28,25,178,420
163,28,49,48,420
163,28,49,27,25,178,420
163,28,49,421,420
163,28,25,27,49,421
163,28,25,178,420,421
163,28,49,421
163,28,25,27,504
163,28,25,178,420,48,49,27,504
163,28,25,178,420,421,49,27,504
163,28,49,27,504
163,28,25,27,505
163,28,25,178,420,48,49,27,505
163,28,25,178,420,421,49,27,505
163,28,49,27,505
163,28,25,27,49,48,420,421,581
163,28,25,27,49,421,581
163,28,25,178,420,48,49,421,581
163,28,25,178,420,421,581
163,28,49,48,420,421,581
163,28,49,27,25,178,420,421,581
163,28,49,421,581
163,28,25,27,49,48,420,421,521
163,28,25,27,49,421,521
163,28,25,178,420,48,49,421,521
163,28,25,178,420,421,521
163,28,49,48,420,421,521
163,28,49,27,25,178,420,421,521
163,28,49,421,521
270,28,25,27,49,48,420
270,28,25,27,49,421,420
270,28,25,178,420
270,28,49,48,420
270,28,49,27,25,178,420
270,28,49,421,420
270,28,25,27,49,421
270,28,25,178,420,421
270,28,49,421
270,28,25,27,504
270,28,25,178,420,48,49,27,504
270,28,25,178,420,421,49,27,504
270,28,49,27,504
270,28,25,27,505
270,28,25,178,420,48,49,27,505
270,28,25,178,420,421,49,27,505
270,28,49,27,505
270,28,25,27,49,48,420,421,581
270,28,25,27,49,421,581
270,28,25,178,420,48,49,421,581
270,28,25,178,420,421,581
270,28,49,48,420,421,581
270,28,49,27,25,178,420,421,581
270,28,49,421,581
270,28,25,27,49,48,420,421,521
270,28,25,27,49,421,521
270,28,25,178,420,48,49,421,521
270,28,25,178,420,421,521
270,28,49,48,420,421,521
270,28,49,27,25,178,420,421,521
270,28,49,421,521
349,350
351,352
351,352,691
351,352,691,719
351,352,691,719,720
351,352,691,719,720,309
352,691
352,691,719
352,691,719,720
352,691,719,720,309
357,184,181,182,498
357,184,181,140,636
357,184,181,183,878
357,184,181,5,921
383,384
392,37,393
392,37,394
392,37,395,492,394
392,37,395
392,37,394,492
392,37,395,492
392,37,394,492,526
392,37,395,492,526
393,37,394
393,37,395,492,394
393,37,395
393,37,394,492
393,37,395,492
393,37,394,492,526
393,37,395,492,526
394,37,395
394,492,395
394,492
394,37,395,492,526
394,492,526
395,492
395,492,526
397,398
400,380
404,405
420,421
420,178,25,27,504
420,178,25,28,49,27,504
420,48,49,28,25,27,504
420,48,49,27,504
420,421,49,28,25,27,504
420,421,49,27,504
420,178,25,27,505
420,178,25,28,49,27,505
420,48,49,28,25,27,505
420,48,49,27,505
420,421,49,28,25,27,505
420,421,49,27,505
420,421,581
420,421,521
421,420,178,25,27,504
421,49,28,25,27,504
421,49,27,504
421,420,178,25,27,505
421,49,28,25,27,505
421,49,27,505
421,581
421,521
436,437
436,438
436,277
437,436,438
437,436,277
438,436,277
465,466
474,475
489,490
489,490,605
490,605
492,526
498,182,181,140,636
498,182,181,183,878
498,182,181,5,921
500,501
504,27,505
504,27,25,28,49,48,420,421,581
504,27,25,28,49,421,581
504,27,25,178,420,48,49,421,581
504,27,25,178,420,421,581
504,27,49,48,420,421,581
504,27,49,28,25,178,420,421,581
504,27,49,421,581
504,27,25,28,49,48,420,421,521
504,27,25,28,49,421,521
504,27,25,178,420,48,49,421,521
504,27,25,178,420,421,521
504,27,49,48,420,421,521
504,27,49,28,25,178,420,421,521
504,27,49,421,521
505,27,25,28,49,48,420,421,581
505,27,25,28,49,421,581
505,27,25,178,420,48,49,421,581
505,27,25,178,420,421,581
505,27,49,48,420,421,581
505,27,49,28,25,178,420,421,581
505,27,49,421,581
505,27,25,28,49,48,420,421,521
505,27,25,28,49,421,521
505,27,25,178,420,48,49,421,521
505,27,25,178,420,421,521
505,27,49,48,420,421,521
505,27,49,28,25,178,420,421,521
505,27,49,421,521
515,516
515,517
516,515,517
532,533
581,421,521
610,611
612,613
636,140,181,183,878
636,140,181,5,921
680,209,203,204,228,743
691,719
691,719,720
691,719,720,309
719,720
719,720,309
720,309
729,528
750,403
800,628
812,18
828,448
832,833
877,46
878,183,181,5,921
918,685
947,154
956,582
