5,6
8,9
8,9,26
8,9,28,26
8,9,27
8,9,28
9,26
9,28,26
9,27
9,28
10,11
10,11,219
10,11,272
11,219
11,272
19,20
19,199,188,187,68,20
19,199,68,20
19,20,68,187,24,23
19,20,68,199,188,187,24,23
19,199,188,187,24,23
19,199,68,187,24,23
19,20,68,187,24
19,20,68,199,188,187,24
19,199,188,187,24
19,199,68,187,24
19,20,68
19,199,188,187,68
19,199,68
19,20,68,69
19,199,188,187,68,69
19,199,68,69
19,100
19,141
19,20,68,187,24,155
19,20,68,199,188,187,24,155
19,199,188,187,24,155
19,199,68,187,24,155
19,20,68,187,24,158
19,20,68,199,188,187,24,158
19,199,188,187,24,158
19,199,68,187,24,158
19,20,68,187
19,199,188,187
19,199,68,187
19,20,68,187,188
19,20,68,199,188
19,199,188
19,199
19,20,68,187,188,200
19,20,68,199,188,200
19,199,188,200
19,199,68,187,188,200
19,20,68,187,242
19,20,68,199,188,187,242
19,199,188,187,242
19,199,68,187,242
19,20,68,187,242,243
19,20,68,199,188,187,242,243
19,199,188,187,242,243
19,199,68,187,242,243
19,20,68,187,242,212
19,20,68,199,188,187,242,212
19,199,188,187,242,212
19,199,68,187,242,212
19,20,68,187,242,243,232
19,20,68,199,188,187,242,243,232
19,199,188,187,242,243,232
19,199,68,187,242,243,232
19,20,68,187,188,199,260
19,20,68,199,260
19,199,260
19,20,68,264,263
19,199,188,187,68,264,263
19,199,68,264,263
19,20,68,264,263,142
19,199,188,187,68,264,263,142
19,199,68,264,263,142
19,20,68,264
19,199,188,187,68,264
19,199,68,264
20,19,199,188,187,24,23
20,19,199,68,187,24,23
20,68,187,24,23
20,68,199,188,187,24,23
20,19,199,188,187,24
20,19,199,68,187,24
20,68,187,24
20,68,199,188,187,24
20,68
20,19,199,188,187,68,69
20,19,199,68,69
20,68,69
20,19,100
20,68,187,188,199,19,100
20,68,199,19,100
20,19,141
20,68,187,188,199,19,141
20,68,199,19,141
20,19,199,188,187,24,155
20,19,199,68,187,24,155
20,68,187,24,155
20,68,199,188,187,24,155
20,19,199,188,187,24,158
20,19,199,68,187,24,158
20,68,187,24,158
20,68,199,188,187,24,158
20,19,199,188,187
20,19,199,68,187
20,68,187
20,68,199,188,187
20,19,199,188
20,68,187,188
20,68,199,188
20,19,199
20,68,199
20,19,199,188,200
20,19,199,68,187,188,200
20,68,187,188,200
20,68,199,188,200
20,19,199,188,187,242
20,19,199,68,187,242
20,68,187,242
20,68,199,188,187,242
20,19,199,188,187,242,243
20,19,199,68,187,242,243
20,68,187,242,243
20,68,199,188,187,242,243
20,19,199,188,187,242,212
20,19,199,68,187,242,212
20,68,187,242,212
20,68,199,188,187,242,212
20,19,199,188,187,242,243,232
20,19,199,68,187,242,243,232
20,68,187,242,243,232
20,68,199,188,187,242,243,232
20,19,199,260
20,68,187,188,199,260
20,68,199,260
20,19,199,188,187,68,264,263
20,19,199,68,264,263
20,68,264,263
20,19,199,188,187,68,264,263,142
20,19,199,68,264,263,142
20,68,264,263,142
20,19,199,188,187,68,264
20,19,199,68,264
20,68,264
23,24
23,24,187,68
23,24,187,188,199,68
23,24,187,68,69
23,24,187,188,199,68,69
23,24,187,188,199,19,20,68,69
23,24,187,68,199,19,100
23,24,187,68,20,19,100
23,24,187,188,199,68,20,19,100
23,24,187,188,199,19,100
23,24,187,68,199,19,141
23,24,187,68,20,19,141
23,24,187,188,199,68,20,19,141
23,24,187,188,199,19,141
23,24,155
23,24,158
23,24,187
23,24,187,188
23,24,187,68,199
23,24,187,188,199
23,24,187,68,199,188,200
23,24,187,68,20,19,199,188,200
23,24,187,188,200
23,24,187,242
23,24,187,242,243
23,24,187,242,212
23,24,187,242,243,232
23,24,187,68,199,260
23,24,187,68,20,19,199,260
23,24,187,188,199,260
23,24,187,68,264,263
23,24,187,188,199,68,264,263
23,24,187,188,199,19,20,68,264,263
23,24,187,68,264,263,142
23,24,187,188,199,68,264,263,142
23,24,187,188,199,19,20,68,264,263,142
23,24,187,68,264
23,24,187,188,199,68,264
23,24,187,188,199,19,20,68,264
24,187,68
24,187,188,199,68
24,187,68,69
24,187,188,199,68,69
24,187,188,199,19,20,68,69
24,187,68,199,19,100
24,187,68,20,19,100
24,187,188,199,68,20,19,100
24,187,188,199,19,100
24,187,68,199,19,141
24,187,68,20,19,141
24,187,188,199,68,20,19,141
24,187,188,199,19,141
24,155
24,158
24,187
24,187,188
24,187,68,199
24,187,188,199
24,187,68,199,188,200
24,187,68,20,19,199,188,200
24,187,188,200
24,187,242
24,187,242,243
24,187,242,212
24,187,242,243,232
24,187,68,199,260
24,187,68,20,19,199,260
24,187,188,199,260
24,187,68,264,263
24,187,188,199,68,264,263
24,187,188,199,19,20,68,264,263
24,187,68,264,263,142
24,187,188,199,68,264,263,142
24,187,188,199,19,20,68,264,263,142
24,187,68,264
24,187,188,199,68,264
24,187,188,199,19,20,68,264
26,9,27
26,28,9,27
26,28
27,9,28
31,32
31,32,166,165
31,32,166
32,166,165
32,166
34,35
34,35,1
34,174
35,1
35,34,174
36,37
36,37,103
36,37,63
36,37,247
37,103
37,63
37,247
41,18
43,44
43,44,47
43,44,273,49,47
43,44,47,48
43,44,273,49,47,48
43,44,47,49
43,44,273,49
43,44,273
43,44,47,49,273,253
43,44,273,253
43,44,47,49,273,215
43,44,273,215
44,47
44,273,49,47
44,47,48
44,273,49,47,48
44,47,49
44,273,49
44,273
44,47,49,273,253
44,273,253
44,47,49,273,215
44,273,215
47,48
47,49
47,44,273
47,49,273
47,44,273,253
47,49,273,253
47,44,273,215
47,49,273,215
48,47,49
48,47,44,273
48,47,49,273
48,47,44,273,253
48,47,49,273,253
48,47,44,273,215
48,47,49,273,215
49,273
49,273,253
49,273,215
50,51
50,104,70
50,104,109,70
50,104,70,71
50,104,109,70,71
50,104
50,104,105
50,104,106
50,104,107
50,104,22
50,104,108
50,104,109
50,104,107,152
50,104,70,266
50,104,109,70,266
50,104,107,152,208
51,50,104,70
51,50,104,109,70
51,50,104,70,71
51,50,104,109,70,71
51,50,104
51,50,104,105
51,50,104,106
51,50,104,107
51,50,104,22
51,50,104,108
51,50,104,109
51,50,104,107,152
51,50,104,70,266
51,50,104,109,70,266
51,50,104,107,152,208
52,53
52,53,164,77,76
52,53,198,76
52,53,164,77
52,53,198,76,77
52,53,164
52,53,198,76,77,164
52,53,198
53,164,77,76
53,198,76
53,164,77
53,198,76,77
53,164
53,198,76,77,164
53,198
58,59
58,60,131,59
58,60,203,59
58,60
58,95
58,59,131
58,59,203,60,131
58,60,131
58,59,131,132
58,59,203,60,131,132
58,60,131,132
58,59,131,132,133
58,59,203,60,131,132,133
58,60,131,132,133
58,59,131,60,203,202
58,59,203,202
58,60,203,202
58,59,203
58,60,203
59,58,60
59,131,60
59,203,60
59,58,95
59,131,60,58,95
59,203,60,58,95
59,131
59,203,60,131
59,58,60,131,132
59,131,132
59,203,60,131,132
59,58,60,131,132,133
59,131,132,133
59,203,60,131,132,133
59,58,60,203,202
59,131,60,203,202
59,203,202
59,203
60,58,95
60,131
60,131,132
60,131,132,133
60,203,202
60,203
68,69
68,187,188,199,19,100
68,199,19,100
68,20,19,100
68,187,188,199,19,141
68,199,19,141
68,20,19,141
68,187,24,155
68,199,188,187,24,155
68,187,24,158
68,199,188,187,24,158
68,187
68,199,188,187
68,187,188
68,199,188
68,199
68,187,188,200
68,199,188,200
68,187,242
68,199,188,187,242
68,187,242,243
68,199,188,187,242,243
68,187,242,212
68,199,188,187,242,212
68,187,242,243,232
68,199,188,187,242,243,232
68,187,188,199,260
68,199,260
68,264,263
68,264,263,142
68,264
69,68,187,188,199,19,100
69,68,199,19,100
69,68,20,19,100
69,68,187,188,199,19,141
69,68,199,19,141
69,68,20,19,141
69,68,187,24,155
69,68,199,188,187,24,155
69,68,20,19,199,188,187,24,155
69,68,187,24,158
69,68,199,188,187,24,158
69,68,20,19,199,188,187,24,158
69,68,187
69,68,199,188,187
69,68,187,188
69,68,199,188
69,68,20,19,199,188
69,68,199
69,68,187,188,200
69,68,199,188,200
69,68,20,19,199,188,200
69,68,187,242
69,68,199,188,187,242
69,68,20,19,199,188,187,242
69,68,187,242,243
69,68,199,188,187,242,243
69,68,20,19,199,188,187,242,243
69,68,187,242,212
69,68,199,188,187,242,212
69,68,20,19,199,188,187,242,212
69,68,187,242,243,232
69,68,199,188,187,242,243,232
69,68,20,19,199,188,187,242,243,232
69,68,187,188,199,260
69,68,199,260
69,68,20,19,199,260
69,68,264,263
69,68,264,263,142
69,68,264
70,71
70,104
70,109,104
70,104,105
70,109,104,105
70,104,106
70,109,104,106
70,104,107
70,109,104,107
70,104,22
70,109,104,22
70,104,108
70,109,104,108
70,109
70,104,107,152
70,109,104,107,152
70,266
70,104,107,152,208
70,109,104,107,152,208
71,70,104
71,70,109,104
71,70,104,105
71,70,109,104,105
71,70,104,106
71,70,109,104,106
71,70,104,107
71,70,109,104,107
71,70,104,22
71,70,109,104,22
71,70,104,108
71,70,109,104,108
71,70,109
71,70,104,107,152
71,70,109,104,107,152
71,70,266
71,70,104,107,152,208
71,70,109,104,107,152,208
76,77
76,77,164
76,198,53,164
76,198
77,164
77,76,198
77,164,53,198
81,82
81,83
81,83,42
81,82,111
81,82,192
81,82,119
82,81,83
82,81,83,42
82,111
82,192
82,119
83,42
83,81,82,111
83,81,82,192
83,81,82,119
42,83,81,82,111
42,83,81,82,192
42,83,81,82,119
89,90
92,93
92,93,227
92,93,154
92,93,221
93,227
93,154
93,221
95,58,59,131
95,58,59,203,60,131
95,58,60,131
95,58,59,131,132
95,58,59,203,60,131,132
95,58,60,131,132
95,58,59,131,132,133
95,58,59,203,60,131,132,133
95,58,60,131,132,133
95,58,59,131,60,203,202
95,58,59,203,202
95,58,60,203,202
95,58,59,203
95,58,60,203
97,98
100,19,141
100,19,20,68,187,24,155
100,19,20,68,199,188,187,24,155
100,19,199,188,187,24,155
100,19,199,68,187,24,155
100,19,20,68,187,24,158
100,19,20,68,199,188,187,24,158
100,19,199,188,187,24,158
100,19,199,68,187,24,158
100,19,20,68,187
100,19,199,188,187
100,19,199,68,187
100,19,20,68,187,188
100,19,20,68,199,188
100,19,199,188
100,19,199
100,19,20,68,187,188,200
100,19,20,68,199,188,200
100,19,199,188,200
100,19,199,68,187,188,200
100,19,20,68,187,242
100,19,20,68,199,188,187,242
100,19,199,188,187,242
100,19,199,68,187,242
100,19,20,68,187,242,243
100,19,20,68,199,188,187,242,243
100,19,199,188,187,242,243
100,19,199,68,187,242,243
100,19,20,68,187,242,212
100,19,20,68,199,188,187,242,212
100,19,199,188,187,242,212
100,19,199,68,187,242,212
100,19,20,68,187,242,243,232
100,19,20,68,199,188,187,242,243,232
100,19,199,188,187,242,243,232
100,19,199,68,187,242,243,232
100,19,20,68,187,188,199,260
100,19,20,68,199,260
100,19,199,260
100,19,20,68,264,263
100,19,199,188,187,68,264,263
100,19,199,68,264,263
100,19,20,68,264,263,142
100,19,199,188,187,68,264,263,142
100,19,199,68,264,263,142
100,19,20,68,264
100,19,199,188,187,68,264
100,19,199,68,264
103,37,63
103,37,247
104,105
104,106
104,107
104,22
104,108
104,109
104,107,152
104,70,266
104,109,70,266
104,107,152,208
105,104,106
105,104,107
105,104,22
105,104,108
105,104,109
105,104,107,152
105,104,70,266
105,104,109,70,266
105,104,107,152,208
106,104,107
106,104,22
106,104,108
106,104,109
106,104,107,152
106,104,70,266
106,104,109,70,266
106,104,107,152,208
107,104,22
107,104,108
107,104,109
107,152
107,104,70,266
107,104,109,70,266
107,152,208
22,104,108
22,104,109
22,104,107,152
22,104,70,266
22,104,109,70,266
22,104,107,152,208
108,104,109
108,104,107,152
108,104,70,266
108,104,109,70,266
108,104,107,152,208
109,104,107,152
109,70,266
109,104,107,152,208
111,82,192
111,82,119
116,117
116,117,230
117,230
118,72
118,72,161
72,161
1,35,34,174
131,132
131,132,133
131,59,203,202
131,60,203,202
131,59,203
131,60,203
132,133
132,131,59,58,60,203,202
132,131,59,203,202
132,131,60,203,202
132,131,59,203
132,131,60,203
133,132,131,59,58,60,203,202
133,132,131,59,203,202
133,132,131,60,203,202
133,132,131,59,203
133,132,131,60,203
141,19,20,68,187,24,155
141,19,20,68,199,188,187,24,155
141,19,199,188,187,24,155
141,19,199,68,187,24,155
141,19,20,68,187,24,158
141,19,20,68,199,188,187,24,158
141,19,199,188,187,24,158
141,19,199,68,187,24,158
141,19,20,68,187
141,19,199,188,187
141,19,199,68,187
141,19,20,68,187,188
141,19,20,68,199,188
141,19,199,188
141,19,199
141,19,20,68,187,188,200
141,19,20,68,199,188,200
141,19,199,188,200
141,19,199,68,187,188,200
141,19,20,68,187,242
141,19,20,68,199,188,187,242
141,19,199,188,187,242
141,19,199,68,187,242
141,19,20,68,187,242,243
141,19,20,68,199,188,187,242,243
141,19,199,188,187,242,243
141,19,199,68,187,242,243
141,19,20,68,187,242,212
141,19,20,68,199,188,187,242,212
141,19,199,188,187,242,212
141,19,199,68,187,242,212
141,19,20,68,187,242,243,232
141,19,20,68,199,188,187,242,243,232
141,19,199,188,187,242,243,232
141,19,199,68,187,242,243,232
141,19,20,68,187,188,199,260
141,19,20,68,199,260
141,19,199,260
141,19,20,68,264,263
141,19,199,188,187,68,264,263
141,19,199,68,264,263
141,19,20,68,264,263,142
141,19,199,188,187,68,264,263,142
141,19,199,68,264,263,142
141,19,20,68,264
141,19,199,188,187,68,264
141,19,199,68,264
148,145
148,33
148,56
148,149
148,149,222
148,149,222,181
148,149,137
148,149,249
145,148,33
145,148,56
145,148,149
145,148,149,222
145,148,149,222,181
145,148,149,137
145,148,149,249
33,148,56
33,148,149
33,148,149,222
33,148,149,222,181
33,148,149,137
33,148,149,249
56,148,149
56,148,149,222
56,148,149,222,181
56,148,149,137
56,148,149,249
149,222
149,222,181
149,137
149,249
152,107,104,70,266
152,107,104,109,70,266
152,208
155,24,158
155,24,187
155,24,187,188
155,24,187,68,199
155,24,187,188,199
155,24,187,68,199,188,200
155,24,187,68,20,19,199,188,200
155,24,187,188,200
155,24,187,242
155,24,187,242,243
155,24,187,242,212
155,24,187,242,243,232
155,24,187,68,199,260
155,24,187,68,20,19,199,260
155,24,187,188,199,260
155,24,187,68,264,263
155,24,187,188,199,68,264,263
155,24,187,188,199,19,20,68,264,263
155,24,187,68,264,263,142
155,24,187,188,199,68,264,263,142
155,24,187,188,199,19,20,68,264,263,142
155,24,187,68,264
155,24,187,188,199,68,264
155,24,187,188,199,19,20,68,264
158,24,187
158,24,187,188
158,24,187,68,199
158,24,187,188,199
158,24,187,68,199,188,200
158,24,187,68,20,19,199,188,200
158,24,187,188,200
158,24,187,242
158,24,187,242,243
158,24,187,242,212
158,24,187,242,243,232
158,24,187,68,199,260
158,24,187,68,20,19,199,260
158,24,187,188,199,260
158,24,187,68,264,263
158,24,187,188,199,68,264,263
158,24,187,188,199,19,20,68,264,263
158,24,187,68,264,263,142
158,24,187,188,199,68,264,263,142
158,24,187,188,199,19,20,68,264,263,142
158,24,187,68,264
158,24,187,188,199,68,264
158,24,187,188,199,19,20,68,264
164,77,76,198
164,53,198
165,166
169,64
183,184
183,184,207
184,207
187,188
187,68,199
187,188,199
187,68,199,188,200
187,188,200
187,242
187,242,243
187,242,212
187,242,243,232
187,68,199,260
187,68,20,19,199,260
187,188,199,260
187,68,264,263
187,188,199,68,264,263
187,68,264,263,142
187,188,199,68,264,263,142
187,68,264
187,188,199,68,264
188,199
188,200
188,187,242
188,187,242,243
188,187,242,212
188,187,242,243,232
188,199,260
188,187,68,264,263
188,199,68,264,263
188,199,19,20,68,264,263
188,187,68,264,263,142
188,199,68,264,263,142
188,199,19,20,68,264,263,142
188,187,68,264
188,199,68,264
188,199,19,20,68,264
192,82,119
199,188,200
199,188,187,242
199,68,187,242
199,188,187,242,243
199,68,187,242,243
199,188,187,242,212
199,68,187,242,212
199,188,187,242,243,232
199,68,187,242,243,232
199,260
199,68,264,263
199,68,264,263,142
199,68,264
200,188,187,242
200,188,199,68,187,242
200,188,199,19,20,68,187,242
200,188,187,242,243
200,188,199,68,187,242,243
200,188,199,19,20,68,187,242,243
200,188,187,242,212
200,188,199,68,187,242,212
200,188,199,19,20,68,187,242,212
200,188,187,242,243,232
200,188,199,68,187,242,243,232
200,188,199,19,20,68,187,242,243,232
200,188,187,68,199,260
200,188,187,68,20,19,199,260
200,188,199,260
200,188,187,68,264,263
200,188,199,68,264,263
200,188,199,19,20,68,264,263
200,188,187,68,264,263,142
200,188,199,68,264,263,142
200,188,199,19,20,68,264,263,142
200,188,187,68,264
200,188,199,68,264
200,188,199,19,20,68,264
202,203
204,205
204,226
204,226,17
205,204,226
205,204,226,17
210,21
219,11,272
222,181
222,149,137
222,149,249
181,222,149,137
181,222,149,249
226,17
227,93,154
227,93,221
154,93,221
242,243
242,212
242,243,232
242,187,68,199,260
242,187,68,20,19,199,260
242,187,188,199,260
242,187,68,264,263
242,187,188,199,68,264,263
242,187,188,199,19,20,68,264,263
242,187,68,264,263,142
242,187,188,199,68,264,263,142
242,187,188,199,19,20,68,264,263,142
242,187,68,264
242,187,188,199,68,264
242,187,188,199,19,20,68,264
243,242,212
243,232
243,242,187,68,199,260
243,242,187,68,20,19,199,260
243,242,187,188,199,260
243,242,187,68,264,263
243,242,187,188,199,68,264,263
243,242,187,188,199,19,20,68,264,263
243,242,187,68,264,263,142
243,242,187,188,199,68,264,263,142
243,242,187,188,199,19,20,68,264,263,142
243,242,187,68,264
243,242,187,188,199,68,264
243,242,187,188,199,19,20,68,264
212,242,243,232
212,242,187,68,199,260
212,242,187,68,20,19,199,260
212,242,187,188,199,260
212,242,187,68,264,263
212,242,187,188,199,68,264,263
212,242,187,188,199,19,20,68,264,263
212,242,187,68,264,263,142
212,242,187,188,199,68,264,263,142
212,242,187,188,199,19,20,68,264,263,142
212,242,187,68,264
212,242,187,188,199,68,264
212,242,187,188,199,19,20,68,264
137,149,249
232,243,242,187,68,199,260
232,243,242,187,68,20,19,199,260
232,243,242,187,188,199,260
232,243,242,187,68,264,263
232,243,242,187,188,199,68,264,263
232,243,242,187,188,199,19,20,68,264,263
232,243,242,187,68,264,263,142
232,243,242,187,188,199,68,264,263,142
232,243,242,187,188,199,19,20,68,264,263,142
232,243,242,187,68,264
232,243,242,187,188,199,68,264
232,243,242,187,188,199,19,20,68,264
63,37,247
260,199,188,187,68,264,263
260,199,68,264,263
260,199,19,20,68,264,263
260,199,188,187,68,264,263,142
260,199,68,264,263,142
260,199,19,20,68,264,263,142
260,199,188,187,68,264
260,199,68,264
260,199,19,20,68,264
263,142
263,264
142,263,264
266,70,104,107,152,208
266,70,109,104,107,152,208
273,253
273,215
253,273,215
278,128
278,136
278,159
128,278,136
128,278,159
136,278,159
