15,16
20,21
20,284,5,26,27,21
20,284,5,237,598,26,27,21
20,284,5,598,26,27,21
20,21,27,26
20,284,5,26
20,284,5,237,598,26
20,284,5,598,26
20,21,27,26,5
20,21,27,26,598,5
20,21,27,26,598,237,5
20,284,5
20,21,27
20,284,5,26,27
20,284,5,237,598,26,27
20,284,5,598,26,27
20,21,27,26,5,237
20,21,27,26,598,237
20,284,5,237
20,284,5,598,237
20,21,27,26,5,284,283
20,21,27,26,598,5,284,283
20,21,27,26,598,237,5,284,283
20,284,283
20,284
20,21,27,26,5,284,302,301
20,21,27,26,598,5,284,302,301
20,21,27,26,598,237,5,284,302,301
20,284,302,301
20,21,27,26,5,284,302
20,21,27,26,598,5,284,302
20,21,27,26,598,237,5,284,302
20,284,302
20,21,27,26,5,284,437
20,21,27,26,598,5,284,437
20,21,27,26,598,237,5,284,437
20,284,437
20,21,27,26,5,284,302,301,533
20,21,27,26,598,5,284,302,301,533
20,21,27,26,598,237,5,284,302,301,533
20,284,302,301,533
20,21,27,26,5,284,302,301,533,258
20,21,27,26,598,5,284,302,301,533,258
20,21,27,26,598,237,5,284,302,301,533,258
20,284,302,301,533,258
20,21,27,26,598
20,284,5,598
20,21,27,26,5,237,598,35
20,21,27,26,5,598,35
20,21,27,26,598,35
20,284,5,26,598,35
20,284,5,237,598,35
20,284,5,598,35
20,21,27,26,5,237,598,363
20,21,27,26,5,598,363
20,21,27,26,598,363
20,284,5,26,598,363
20,284,5,237,598,363
20,284,5,598,363
21,20,284,5,26
21,20,284,5,237,598,26
21,20,284,5,598,26
21,27,26
21,20,284,5
21,27,26,5
21,27,26,598,5
21,27,26,598,237,5
21,27
21,20,284,5,237
21,20,284,5,598,237
21,27,26,5,237
21,27,26,598,237
21,20,284,283
21,27,26,5,284,283
21,27,26,598,5,284,283
21,27,26,598,237,5,284,283
21,20,284
21,27,26,5,284
21,27,26,598,5,284
21,27,26,598,237,5,284
21,20,284,302,301
21,27,26,5,284,302,301
21,27,26,598,5,284,302,301
21,27,26,598,237,5,284,302,301
21,20,284,302
21,27,26,5,284,302
21,27,26,598,5,284,302
21,27,26,598,237,5,284,302
21,20,284,437
21,27,26,5,284,437
21,27,26,598,5,284,437
21,27,26,598,237,5,284,437
21,20,284,302,301,533
21,27,26,5,284,302,301,533
21,27,26,598,5,284,302,301,533
21,27,26,598,237,5,284,302,301,533
21,20,284,302,301,533,258
21,27,26,5,284,302,301,533,258
21,27,26,598,5,284,302,301,533,258
21,27,26,598,237,5,284,302,301,533,258
21,20,284,5,598
21,27,26,598
21,20,284,5,26,598,35
21,20,284,5,237,598,35
21,20,284,5,598,35
21,27,26,5,237,598,35
21,27,26,5,598,35
21,27,26,598,35
21,20,284,5,26,598,363
21,20,284,5,237,598,363
21,20,284,5,598,363
21,27,26,5,237,598,363
21,27,26,5,598,363
21,27,26,598,363
23,24
26,5
26,598,5
26,598,237,5
26,27
26,5,237
26,27,21,20,284,5,237
26,598,237
26,5,284,283
26,27,21,20,284,283
26,598,5,284,283
26,598,237,5,284,283
26,5,284
26,27,21,20,284
26,598,5,284
26,598,237,5,284
26,5,284,302,301
26,27,21,20,284,302,301
26,598,5,284,302,301
26,598,237,5,284,302,301
26,5,284,302
26,27,21,20,284,302
26,598,5,284,302
26,598,237,5,284,302
26,5,284,437
26,27,21,20,284,437
26,598,5,284,437
26,598,237,5,284,437
26,5,284,302,301,533
26,27,21,20,284,302,301,533
26,598,5,284,302,301,533
26,598,237,5,284,302,301,533
26,5,284,302,301,533,258
26,27,21,20,284,302,301,533,258
26,598,5,284,302,301,533,258
26,598,237,5,284,302,301,533,258
26,598
26,5,237,598,35
26,5,598,35
26,27,21,20,284,5,237,598,35
26,27,21,20,284,5,598,35
26,598,35
26,5,237,598,363
26,5,598,363
26,27,21,20,284,5,237,598,363
26,27,21,20,284,5,598,363
26,598,363
5,26,27
5,237,598,26,27
5,284,20,21,27
5,598,26,27
5,237
5,598,237
5,284,283
5,284
5,284,302,301
5,284,302
5,284,437
5,284,302,301,533
5,284,302,301,533,258
5,598
5,237,598,35
5,598,35
5,237,598,363
5,598,363
27,26,5,237
27,26,598,237
27,21,20,284,5,237
27,21,20,284,5,598,237
27,26,5,284,283
27,26,598,5,284,283
27,26,598,237,5,284,283
27,21,20,284,283
27,26,5,284
27,26,598,5,284
27,26,598,237,5,284
27,21,20,284
27,26,5,284,302,301
27,26,598,5,284,302,301
27,26,598,237,5,284,302,301
27,21,20,284,302,301
27,26,5,284,302
27,26,598,5,284,302
27,26,598,237,5,284,302
27,21,20,284,302
27,26,5,284,437
27,26,598,5,284,437
27,26,598,237,5,284,437
27,21,20,284,437
27,26,5,284,302,301,533
27,26,598,5,284,302,301,533
27,26,598,237,5,284,302,301,533
27,21,20,284,302,301,533
27,26,5,284,302,301,533,258
27,26,598,5,284,302,301,533,258
27,26,598,237,5,284,302,301,533,258
27,21,20,284,302,301,533,258
27,26,598
27,21,20,284,5,598
27,26,5,237,598,35
27,26,5,598,35
27,26,598,35
27,21,20,284,5,237,598,35
27,21,20,284,5,598,35
27,26,5,237,598,363
27,26,5,598,363
27,26,598,363
27,21,20,284,5,237,598,363
27,21,20,284,5,598,363
29,30
40,41
42,43
46,47
46,48
46,49
46,50
46,51
46,52
46,53
46,54
46,55
46,114
46,548,549,373,307
46,308,307
46,548,549,373,307,308
46,308
46,548,549,373,307,358
46,308,307,358
46,548,549,373
46,308,307,373
46,512
46,548
46,548,549
46,308,307,373,549
46,548,549,373,307,308,583
46,308,583
46,548,549,373,307,308,583,594
46,308,583,594
46,548,549,373,307,308,678
46,308,678
47,46,48
47,46,49
47,46,50
47,46,51
47,46,52
47,46,53
47,46,54
47,46,55
47,46,114
47,46,548,549,373,307
47,46,308,307
47,46,548,549,373,307,308
47,46,308
47,46,548,549,373,307,358
47,46,308,307,358
47,46,548,549,373
47,46,308,307,373
47,46,512
47,46,548
47,46,548,549
47,46,308,307,373,549
47,46,548,549,373,307,308,583
47,46,308,583
47,46,548,549,373,307,308,583,594
47,46,308,583,594
47,46,548,549,373,307,308,678
47,46,308,678
48,46,49
48,46,50
48,46,51
48,46,52
48,46,53
48,46,54
48,46,55
48,46,114
48,46,548,549,373,307
48,46,308,307
48,46,548,549,373,307,308
48,46,308
48,46,548,549,373,307,358
48,46,308,307,358
48,46,548,549,373
48,46,308,307,373
48,46,512
48,46,548
48,46,548,549
48,46,308,307,373,549
48,46,548,549,373,307,308,583
48,46,308,583
48,46,548,549,373,307,308,583,594
48,46,308,583,594
48,46,548,549,373,307,308,678
48,46,308,678
49,46,50
49,46,51
49,46,52
49,46,53
49,46,54
49,46,55
49,46,114
49,46,548,549,373,307
49,46,308,307
49,46,548,549,373,307,308
49,46,308
49,46,548,549,373,307,358
49,46,308,307,358
49,46,548,549,373
49,46,308,307,373
49,46,512
49,46,548
49,46,548,549
49,46,308,307,373,549
49,46,548,549,373,307,308,583
49,46,308,583
49,46,548,549,373,307,308,583,594
49,46,308,583,594
49,46,548,549,373,307,308,678
49,46,308,678
50,46,51
50,46,52
50,46,53
50,46,54
50,46,55
50,46,114
50,46,548,549,373,307
50,46,308,307
50,46,548,549,373,307,308
50,46,308
50,46,548,549,373,307,358
50,46,308,307,358
50,46,548,549,373
50,46,308,307,373
50,46,512
50,46,548
50,46,548,549
50,46,308,307,373,549
50,46,548,549,373,307,308,583
50,46,308,583
50,46,548,549,373,307,308,583,594
50,46,308,583,594
50,46,548,549,373,307,308,678
50,46,308,678
51,46,52
51,46,53
51,46,54
51,46,55
51,46,114
51,46,548,549,373,307
51,46,308,307
51,46,548,549,373,307,308
51,46,308
51,46,548,549,373,307,358
51,46,308,307,358
51,46,548,549,373
51,46,308,307,373
51,46,512
51,46,548
51,46,548,549
51,46,308,307,373,549
51,46,548,549,373,307,308,583
51,46,308,583
51,46,548,549,373,307,308,583,594
51,46,308,583,594
51,46,548,549,373,307,308,678
51,46,308,678
52,46,53
52,46,54
52,46,55
52,46,114
52,46,548,549,373,307
52,46,308,307
52,46,548,549,373,307,308
52,46,308
52,46,548,549,373,307,358
52,46,308,307,358
52,46,548,549,373
52,46,308,307,373
52,46,512
52,46,548
52,46,548,549
52,46,308,307,373,549
52,46,548,549,373,307,308,583
52,46,308,583
52,46,548,549,373,307,308,583,594
52,46,308,583,594
52,46,548,549,373,307,308,678
52,46,308,678
53,46,54
53,46,55
53,46,114
53,46,548,549,373,307
53,46,308,307
53,46,548,549,373,307,308
53,46,308
53,46,548,549,373,307,358
53,46,308,307,358
53,46,548,549,373
53,46,308,307,373
53,46,512
53,46,548
53,46,548,549
53,46,308,307,373,549
53,46,548,549,373,307,308,583
53,46,308,583
53,46,548,549,373,307,308,583,594
53,46,308,583,594
53,46,548,549,373,307,308,678
53,46,308,678
54,46,55
54,46,114
54,46,548,549,373,307
54,46,308,307
54,46,548,549,373,307,308
54,46,308
54,46,548,549,373,307,358
54,46,308,307,358
54,46,548,549,373
54,46,308,307,373
54,46,512
54,46,548
54,46,548,549
54,46,308,307,373,549
54,46,548,549,373,307,308,583
54,46,308,583
54,46,548,549,373,307,308,583,594
54,46,308,583,594
54,46,548,549,373,307,308,678
54,46,308,678
55,46,114
55,46,548,549,373,307
55,46,308,307
55,46,548,549,373,307,308
55,46,308
55,46,548,549,373,307,358
55,46,308,307,358
55,46,548,549,373
55,46,308,307,373
55,46,512
55,46,548
55,46,548,549
55,46,308,307,373,549
55,46,548,549,373,307,308,583
55,46,308,583
55,46,548,549,373,307,308,583,594
55,46,308,583,594
55,46,548,549,373,307,308,678
55,46,308,678
69,70
69,70,242,248
69,70,248
69,70,242
69,70,376
70,242,248
70,248
70,242
70,376
75,76
75,76,178
75,76,650,178
75,76,206
75,76,206,207
75,76,588
75,76,650
75,76,652
75,76,652,175
75,76,691
76,178
76,650,178
76,206
76,206,207
76,588
76,650
76,652
76,652,175
76,691
80,81
90,33
114,46,548,549,373,307
114,46,308,307
114,46,548,549,373,307,308
114,46,308
114,46,548,549,373,307,358
114,46,308,307,358
114,46,548,549,373
114,46,308,307,373
114,46,512
114,46,548
114,46,548,549
114,46,308,307,373,549
114,46,548,549,373,307,308,583
114,46,308,583
114,46,548,549,373,307,308,583,594
114,46,308,583,594
114,46,548,549,373,307,308,678
114,46,308,678
115,116
115,117
115,118
116,115,117
116,115,118
117,115,118
131,112
131,345
131,345,346
112,131,345
112,131,345,346
132,133
132,134,271,135,133
132,134,315,133
132,135,271,134,315,133
132,135,133
132,134
132,135,271,134
132,135,133,315,134
132,11
132,135
132,133,315,134,271
132,133,135,271
132,134,271
132,135,271
132,133,315
132,134,315
132,135,271,134,315
132,135,133,315
132,133,315,134,484,483
132,133,135,271,134,484,483
132,134,484,483
132,135,271,134,484,483
132,135,133,315,134,484,483
132,133,315,134,484
132,133,135,271,134,484
132,134,484
132,135,271,134,484
132,135,133,315,134,484
133,132,134
133,315,134
133,135,132,134
133,135,271,134
133,132,11
133,315,134,132,11
133,315,134,271,135,132,11
133,135,132,11
133,135,271,134,132,11
133,315,134,271,135
133,135
133,132,134,271
133,315,134,271
133,135,271
133,315
133,132,134,484,483
133,315,134,484,483
133,135,132,134,484,483
133,135,271,134,484,483
133,132,134,484
133,315,134,484
133,135,132,134,484
133,135,271,134,484
134,132,11
134,271,135,132,11
134,315,133,135,132,11
134,132,135
134,271,135
134,315,133,135
134,271
134,315
134,484,483
134,484
11,132,135
11,132,133,315,134,271
11,132,133,135,271
11,132,134,271
11,132,135,271
11,132,133,315
11,132,134,315
11,132,135,271,134,315
11,132,135,133,315
11,132,133,315,134,484,483
11,132,133,135,271,134,484,483
11,132,134,484,483
11,132,135,271,134,484,483
11,132,135,133,315,134,484,483
11,132,133,315,134,484
11,132,133,135,271,134,484
11,132,134,484
11,132,135,271,134,484
11,132,135,133,315,134,484
135,271
135,132,134,315
135,271,134,315
135,133,315
135,132,134,484,483
135,271,134,484,483
135,133,315,134,484,483
135,132,134,484
135,271,134,484
135,133,315,134,484
140,141
140,638,362,214,213
140,638,213
140,638,362,214
140,638,213,214
140,638,362
140,638
140,638,546
140,638,37
141,140,638,362,214,213
141,140,638,213
141,140,638,362,214
141,140,638,213,214
141,140,638,362
141,140,638
141,140,638,546
141,140,638,37
145,146
145,147
145,148
145,149
145,150
146,145,147
146,145,148
146,145,149
146,145,150
147,145,148
147,145,149
147,145,150
148,145,149
148,145,150
149,145,150
152,153
152,154
152,155
152,156
152,39
152,87
153,152,154
153,152,155
153,152,156
153,152,39
153,152,87
154,152,155
154,152,156
154,152,39
154,152,87
155,152,156
155,152,39
155,152,87
156,152,39
156,152,87
39,152,87
161,162
161,162,397
161,162,576
161,162,105
162,397
162,576
162,105
173,174
178,76,206
178,650,76,206
178,76,206,207
178,650,76,206,207
178,76,588
178,650,76,588
178,650
178,76,652
178,650,76,652
178,76,652,175
178,650,76,652,175
178,76,691
178,650,76,691
180,181
180,182
180,669
181,180,182
181,180,669
182,180,669
196,197
196,197,574
196,197,623
197,574
197,623
199,200
206,207
206,76,588
206,76,650
206,76,652
206,76,652,175
206,76,691
207,206,76,588
207,206,76,650
207,206,76,652
207,206,76,652,175
207,206,76,691
211,212
213,214
213,638,362,214
213,214,362
213,638,362
213,638
213,214,362,638,546
213,638,546
213,214,362,638,37
213,638,37
214,362
214,213,638
214,362,638
214,213,638,546
214,362,638,546
214,213,638,37
214,362,638,37
216,217
216,217,392
216,217,692
217,392
217,692
220,221
220,221,514
221,514
222,223
222,10
222,223,614
223,222,10
223,614
10,222,223,614
230,231
230,264
231,230,264
235,236
235,236,417,416
235,236,417
236,417,416
236,417
237,5,26,27,21,20,284,283
237,5,284,283
237,598,5,284,283
237,598,26,27,21,20,284,283
237,5,284
237,598,5,284
237,598,26,27,21,20,284
237,5,26,27,21,20,284,302,301
237,5,284,302,301
237,598,5,284,302,301
237,598,26,27,21,20,284,302,301
237,5,26,27,21,20,284,302
237,5,284,302
237,598,5,284,302
237,598,26,27,21,20,284,302
237,5,26,27,21,20,284,437
237,5,284,437
237,598,5,284,437
237,598,26,27,21,20,284,437
237,5,26,27,21,20,284,302,301,533
237,5,284,302,301,533
237,598,5,284,302,301,533
237,598,26,27,21,20,284,302,301,533
237,5,26,27,21,20,284,302,301,533,258
237,5,284,302,301,533,258
237,598,5,284,302,301,533,258
237,598,26,27,21,20,284,302,301,533,258
237,598
237,598,35
237,598,363
243,244
243,244,521
243,244,682
244,521
244,682
248,242
248,242,70,376
248,70,376
242,70,376
249,250
251,252
251,252,292
251,252,293
252,292
252,293
265,266
271,134,315
271,135,132,133,315
271,135,133,315
271,134,484,483
271,135,132,133,315,134,484,483
271,135,133,315,134,484,483
271,134,484
271,135,132,133,315,134,484
271,135,133,315,134,484
276,58
283,284
283,284,302,301
283,284,302
283,284,437
283,284,302,301,533
283,284,302,301,533,258
283,284,5,598
283,284,20,21,27,26,598
283,284,5,26,598,35
283,284,5,237,598,35
283,284,5,598,35
283,284,20,21,27,26,5,237,598,35
283,284,20,21,27,26,5,598,35
283,284,20,21,27,26,598,35
283,284,5,26,598,363
283,284,5,237,598,363
283,284,5,598,363
283,284,20,21,27,26,5,237,598,363
283,284,20,21,27,26,5,598,363
283,284,20,21,27,26,598,363
284,302,301
284,302
284,437
284,302,301,533
284,302,301,533,258
284,5,598
284,20,21,27,26,598
284,5,26,598,35
284,5,237,598,35
284,5,598,35
284,20,21,27,26,598,35
284,5,26,598,363
284,5,237,598,363
284,5,598,363
284,20,21,27,26,598,363
285,270
289,290
292,252,293
301,302
301,302,284,437
301,533
301,533,258
301,302,284,5,598
301,302,284,20,21,27,26,598
301,302,284,5,26,598,35
301,302,284,5,237,598,35
301,302,284,5,598,35
301,302,284,20,21,27,26,5,237,598,35
301,302,284,20,21,27,26,5,598,35
301,302,284,20,21,27,26,598,35
301,302,284,5,26,598,363
301,302,284,5,237,598,363
301,302,284,5,598,363
301,302,284,20,21,27,26,5,237,598,363
301,302,284,20,21,27,26,5,598,363
301,302,284,20,21,27,26,598,363
302,284,437
302,301,533
302,301,533,258
302,284,5,598
302,284,20,21,27,26,598
302,284,5,26,598,35
302,284,5,237,598,35
302,284,5,598,35
302,284,20,21,27,26,5,237,598,35
302,284,20,21,27,26,5,598,35
302,284,20,21,27,26,598,35
302,284,5,26,598,363
302,284,5,237,598,363
302,284,5,598,363
302,284,20,21,27,26,5,237,598,363
302,284,20,21,27,26,5,598,363
302,284,20,21,27,26,598,363
307,308
307,358
307,373
307,308,46,512
307,373,549,548,46,512
307,308,46,548
307,373,549,548
307,308,46,548,549
307,373,549
307,308,583
307,308,583,594
307,308,678
308,307,358
308,46,548,549,373,307,358
308,307,373
308,46,548,549,373
308,307,373,549,548,46,512
308,46,512
308,307,373,549,548
308,46,548
308,307,373,549
308,46,548,549
308,583
308,583,594
308,678
313,314
315,134,484,483
315,134,484
327,328
327,496,328
327,496
327,328,496,497
327,328,496,498,497
327,496,497
327,496,498,497
327,328,496,365
327,496,365
327,328,496,498
327,496,498
328,496
328,496,497
328,496,498,497
328,496,365
328,496,498
335,179
337,338
337,339
337,340
338,337,339
338,337,340
339,337,340
345,346
347,348
347,348,281
347,348,438
348,281
348,438
355,158
356,357
358,307,373
358,307,308,46,512
358,307,373,549,548,46,512
358,307,308,46,548
358,307,373,549,548
358,307,308,46,548,549
358,307,373,549
358,307,308,583
358,307,373,549,548,46,308,583
358,307,308,583,594
358,307,373,549,548,46,308,583,594
358,307,308,678
358,307,373,549,548,46,308,678
362,638
362,638,546
362,638,37
369,370
369,371
369,446
369,553
369,643
370,369,371
370,369,446
370,369,553
370,369,643
371,369,446
371,369,553
371,369,643
373,307,308,46,512
373,549,548,46,512
373,307,308,46,548
373,549,548
373,549
373,307,308,583
373,549,548,46,308,583
373,307,308,583,594
373,549,548,46,308,583,594
373,307,308,678
373,549,548,46,308,678
375,45
375,402
45,375,402
387,388
387,517
388,387,517
413,414
413,414,485
414,485
416,417
432,433
434,435
434,408
434,435,445
435,434,408
435,445
408,434,435,445
446,369,553
446,369,643
454,455
454,455,13
454,455,515
455,13
455,515
459,104
462,419
13,455,515
470,471
470,472
470,473
470,233
471,470,472
471,470,473
471,470,233
472,470,473
472,470,233
473,470,233
483,484
488,489
488,490,524,489
488,490
488,489,524
488,490,524
489,488,490
489,524,490
489,524
490,524
493,350
494,495
496,497
496,498,497
496,365
496,498
497,496,365
497,498,496,365
497,498
365,496,498
281,348,438
510,511
512,46,548
512,46,548,549
512,46,308,307,373,549
512,46,548,549,373,307,308,583
512,46,308,583
512,46,548,549,373,307,308,583,594
512,46,308,583,594
512,46,548,549,373,307,308,678
512,46,308,678
437,284,302,301,533
437,284,302,301,533,258
437,284,5,598
437,284,20,21,27,26,598
437,284,5,26,598,35
437,284,5,237,598,35
437,284,5,598,35
437,284,20,21,27,26,5,237,598,35
437,284,20,21,27,26,5,598,35
437,284,20,21,27,26,598,35
437,284,5,26,598,363
437,284,5,237,598,363
437,284,5,598,363
437,284,20,21,27,26,5,237,598,363
437,284,20,21,27,26,5,598,363
437,284,20,21,27,26,598,363
392,217,692
521,244,682
533,258
533,301,302,284,5,598
533,301,302,284,20,21,27,26,598
533,301,302,284,5,26,598,35
533,301,302,284,5,237,598,35
533,301,302,284,5,598,35
533,301,302,284,20,21,27,26,5,237,598,35
533,301,302,284,20,21,27,26,5,598,35
533,301,302,284,20,21,27,26,598,35
533,301,302,284,5,26,598,363
533,301,302,284,5,237,598,363
533,301,302,284,5,598,363
533,301,302,284,20,21,27,26,5,237,598,363
533,301,302,284,20,21,27,26,5,598,363
533,301,302,284,20,21,27,26,598,363
258,533,301,302,284,5,598
258,533,301,302,284,20,21,27,26,598
258,533,301,302,284,5,26,598,35
258,533,301,302,284,5,237,598,35
258,533,301,302,284,5,598,35
258,533,301,302,284,20,21,27,26,5,237,598,35
258,533,301,302,284,20,21,27,26,5,598,35
258,533,301,302,284,20,21,27,26,598,35
258,533,301,302,284,5,26,598,363
258,533,301,302,284,5,237,598,363
258,533,301,302,284,5,598,363
258,533,301,302,284,20,21,27,26,5,237,598,363
258,533,301,302,284,20,21,27,26,5,598,363
258,533,301,302,284,20,21,27,26,598,363
540,142
548,549
548,549,373,307,308,583
548,46,308,583
548,549,373,307,308,583,594
548,46,308,583,594
548,549,373,307,308,678
548,46,308,678
549,548,46,308,583
549,373,307,308,583
549,548,46,308,583,594
549,373,307,308,583,594
549,548,46,308,678
549,373,307,308,678
551,65
553,369,643
559,106
568,291
568,291,607
291,607
574,197,623
577,502
583,594
583,308,678
588,76,650
588,76,652
588,76,652,175
588,76,691
594,583,308,678
598,35
598,363
35,598,363
620,241
635,71
638,546
638,37
546,638,37
650,76,652
650,76,652,175
650,76,691
652,175
652,76,691
175,652,76,691
656,657
656,657,44
656,657,639
657,44
657,639
666,342
397,162,576
397,162,105
576,162,105
44,657,639
