18,19
18,203,7,23,24,19
18,203,7,170,436,23,24,19
18,203,7,436,23,24,19
18,19,24,23
18,203,7,23
18,203,7,170,436,23
18,203,7,436,23
18,19,24,23,7
18,19,24,23,436,7
18,19,24,23,436,170,7
18,203,7
18,19,24
18,203,7,23,24
18,203,7,170,436,23,24
18,203,7,436,23,24
18,19,24,23,7,170
18,19,24,23,436,170
18,203,7,170
18,203,7,436,170
18,19,24,23,7,203,202
18,19,24,23,436,7,203,202
18,19,24,23,436,170,7,203,202
18,203,202
18,203
18,19,24,23,7,203,218,217
18,19,24,23,436,7,203,218,217
18,19,24,23,436,170,7,203,218,217
18,203,218,217
18,19,24,23,7,203,218
18,19,24,23,436,7,203,218
18,19,24,23,436,170,7,203,218
18,203,218
18,19,24,23,7,203,317
18,19,24,23,436,7,203,317
18,19,24,23,436,170,7,203,317
18,203,317
18,19,24,23,7,203,218,217,379
18,19,24,23,436,7,203,218,217,379
18,19,24,23,436,170,7,203,218,217,379
18,203,218,217,379
18,19,24,23,7,203,218,217,379,188
18,19,24,23,436,7,203,218,217,379,188
18,19,24,23,436,170,7,203,218,217,379,188
18,203,218,217,379,188
18,19,24,23,436
18,203,7,436
18,19,24,23,7,170,436,28
18,19,24,23,7,436,28
18,19,24,23,436,28
18,203,7,23,436,28
18,203,7,170,436,28
18,203,7,436,28
18,19,24,23,7,170,436,257
18,19,24,23,7,436,257
18,19,24,23,436,257
18,203,7,23,436,257
18,203,7,170,436,257
18,203,7,436,257
19,18,203,7,23
19,18,203,7,170,436,23
19,18,203,7,436,23
19,24,23
19,18,203,7
19,24,23,7
19,24,23,436,7
19,24,23,436,170,7
19,24
19,18,203,7,170
19,18,203,7,436,170
19,24,23,7,170
19,24,23,436,170
19,18,203,202
19,24,23,7,203,202
19,24,23,436,7,203,202
19,24,23,436,170,7,203,202
19,18,203
19,24,23,7,203
19,24,23,436,7,203
19,24,23,436,170,7,203
19,18,203,218,217
19,24,23,7,203,218,217
19,24,23,436,7,203,218,217
19,24,23,436,170,7,203,218,217
19,18,203,218
19,24,23,7,203,218
19,24,23,436,7,203,218
19,24,23,436,170,7,203,218
19,18,203,317
19,24,23,7,203,317
19,24,23,436,7,203,317
19,24,23,436,170,7,203,317
19,18,203,218,217,379
19,24,23,7,203,218,217,379
19,24,23,436,7,203,218,217,379
19,24,23,436,170,7,203,218,217,379
19,18,203,218,217,379,188
19,24,23,7,203,218,217,379,188
19,24,23,436,7,203,218,217,379,188
19,24,23,436,170,7,203,218,217,379,188
19,18,203,7,436
19,24,23,436
19,18,203,7,23,436,28
19,18,203,7,170,436,28
19,18,203,7,436,28
19,24,23,7,170,436,28
19,24,23,7,436,28
19,24,23,436,28
19,18,203,7,23,436,257
19,18,203,7,170,436,257
19,18,203,7,436,257
19,24,23,7,170,436,257
19,24,23,7,436,257
19,24,23,436,257
20,21
23,7
23,436,7
23,436,170,7
23,24
23,7,170
23,24,19,18,203,7,170
23,436,170
23,7,203,202
23,24,19,18,203,202
23,436,7,203,202
23,436,170,7,203,202
23,7,203
23,24,19,18,203
23,436,7,203
23,436,170,7,203
23,7,203,218,217
23,24,19,18,203,218,217
23,436,7,203,218,217
23,436,170,7,203,218,217
23,7,203,218
23,24,19,18,203,218
23,436,7,203,218
23,436,170,7,203,218
23,7,203,317
23,24,19,18,203,317
23,436,7,203,317
23,436,170,7,203,317
23,7,203,218,217,379
23,24,19,18,203,218,217,379
23,436,7,203,218,217,379
23,436,170,7,203,218,217,379
23,7,203,218,217,379,188
23,24,19,18,203,218,217,379,188
23,436,7,203,218,217,379,188
23,436,170,7,203,218,217,379,188
23,436
23,7,170,436,28
23,7,436,28
23,24,19,18,203,7,170,436,28
23,24,19,18,203,7,436,28
23,436,28
23,7,170,436,257
23,7,436,257
23,24,19,18,203,7,170,436,257
23,24,19,18,203,7,436,257
23,436,257
7,23,24
7,170,436,23,24
7,203,18,19,24
7,436,23,24
7,170
7,436,170
7,203,202
7,203
7,203,218,217
7,203,218
7,203,317
7,203,218,217,379
7,203,218,217,379,188
7,436
7,170,436,28
7,436,28
7,170,436,257
7,436,257
24,23,7,170
24,23,436,170
24,19,18,203,7,170
24,19,18,203,7,436,170
24,23,7,203,202
24,23,436,7,203,202
24,23,436,170,7,203,202
24,19,18,203,202
24,23,7,203
24,23,436,7,203
24,23,436,170,7,203
24,19,18,203
24,23,7,203,218,217
24,23,436,7,203,218,217
24,23,436,170,7,203,218,217
24,19,18,203,218,217
24,23,7,203,218
24,23,436,7,203,218
24,23,436,170,7,203,218
24,19,18,203,218
24,23,7,203,317
24,23,436,7,203,317
24,23,436,170,7,203,317
24,19,18,203,317
24,23,7,203,218,217,379
24,23,436,7,203,218,217,379
24,23,436,170,7,203,218,217,379
24,19,18,203,218,217,379
24,23,7,203,218,217,379,188
24,23,436,7,203,218,217,379,188
24,23,436,170,7,203,218,217,379,188
24,19,18,203,218,217,379,188
24,23,436
24,19,18,203,7,436
24,23,7,170,436,28
24,23,7,436,28
24,23,436,28
24,19,18,203,7,170,436,28
24,19,18,203,7,436,28
24,23,7,170,436,257
24,23,7,436,257
24,23,436,257
24,19,18,203,7,170,436,257
24,19,18,203,7,436,257
33,34
44,45
44,45,175,180
44,45,180
44,45,175
44,45,266
45,175,180
45,180
45,175
45,266
49,50
49,50,119
49,50,141
49,50,141,142
49,50,300
49,50,422
49,50,426
50,119
50,141
50,141,142
50,300
50,422
50,426
52,53
60,27
81,37
81,37,391,392,264,221
81,37,222,221
81,37,391,392,264,221,222
81,37,222
81,37,391,392,264,221,254
81,37,222,221,254
81,37,391,392,264
81,37,222,221,264
81,37,369
81,37,391
81,37,391,392
81,37,222,221,264,392
81,37,391,392,264,221,222,421
81,37,222,421
81,37,391,392,264,221,222,421,431
81,37,222,421,431
81,37,391,392,264,221,222,438
81,37,222,438
37,391,392,264,221
37,222,221
37,391,392,264,221,222
37,222
37,391,392,264,221,254
37,222,221,254
37,391,392,264
37,222,221,264
37,369
37,391
37,391,392
37,222,221,264,392
37,391,392,264,221,222,421
37,222,421
37,391,392,264,221,222,421,431
37,222,421,431
37,391,392,264,221,222,438
37,222,438
86,79
87,88
87,89,197,90,88
87,89,226,88
87,90,197,89,226,88
87,90,88
87,89
87,90,197,89
87,90,88,226,89
87,13
87,90
87,88,226,89,197
87,88,90,197
87,89,197
87,90,197
87,88,226
87,89,226
87,90,197,89,226
87,90,88,226
87,88,226,89,353,352
87,88,90,197,89,353,352
87,89,353,352
87,90,197,89,353,352
87,90,88,226,89,353,352
87,88,226,89,353
87,88,90,197,89,353
87,89,353
87,90,197,89,353
87,90,88,226,89,353
88,87,89
88,226,89
88,90,87,89
88,90,197,89
88,87,13
88,226,89,87,13
88,226,89,197,90,87,13
88,90,87,13
88,90,197,89,87,13
88,226,89,197,90
88,90
88,87,89,197
88,226,89,197
88,90,197
88,226
88,87,89,353,352
88,226,89,353,352
88,90,87,89,353,352
88,90,197,89,353,352
88,87,89,353
88,226,89,353
88,90,87,89,353
88,90,197,89,353
89,87,13
89,197,90,87,13
89,226,88,90,87,13
89,87,90
89,197,90
89,226,88,90
89,197
89,226
89,353,352
89,353
13,87,90
13,87,88,226,89,197
13,87,88,90,197
13,87,89,197
13,87,90,197
13,87,88,226
13,87,89,226
13,87,90,197,89,226
13,87,90,88,226
13,87,88,226,89,353,352
13,87,88,90,197,89,353,352
13,87,89,353,352
13,87,90,197,89,353,352
13,87,90,88,226,89,353,352
13,87,88,226,89,353
13,87,88,90,197,89,353
13,87,89,353
13,87,90,197,89,353
13,87,90,88,226,89,353
90,197
90,87,89,226
90,197,89,226
90,88,226
90,87,89,353,352
90,197,89,353,352
90,88,226,89,353,352
90,87,89,353
90,197,89,353
90,88,226,89,353
96,97
96,467,256,150,149
96,467,149
96,467,256,150
96,467,149,150
96,467,256
96,467
96,467,389
96,467,30
97,96,467,256,150,149
97,96,467,149
97,96,467,256,150
97,96,467,149,150
97,96,467,256
97,96,467
97,96,467,389
97,96,467,30
101,102
101,103
101,104
101,105
101,32
101,106
102,101,103
102,101,104
102,101,105
102,101,32
102,101,106
103,101,104
103,101,105
103,101,32
103,101,106
104,101,105
104,101,32
104,101,106
105,101,32
105,101,106
32,101,106
110,111
117,118
119,50,141
119,50,141,142
119,50,300
119,50,422
119,50,426
133,134
133,134,413
133,134,456
134,413
134,456
136,137
141,142
141,50,300
141,50,422
141,50,426
142,141,50,300
142,141,50,422
142,141,50,426
146,147
149,150
149,467,256,150
149,150,256
149,467,256
149,467
149,150,256,467,389
149,467,389
149,150,256,467,30
149,467,30
150,256
150,149,467
150,256,467
150,149,467,389
150,256,467,389
150,149,467,30
150,256,467,30
152,153
152,153,278
152,153,396
153,278
153,396
155,156
155,156,371
156,371
158,159
158,12
158,159,450
159,158,12
159,450
12,158,159,450
162,163
162,193
163,162,193
166,167
166,167,299,298
166,167,299
167,299,298
167,299
168,169
168,212
169,168,212
170,7,23,24,19,18,203,202
170,7,203,202
170,436,7,203,202
170,436,23,24,19,18,203,202
170,7,203
170,436,7,203
170,436,23,24,19,18,203
170,7,23,24,19,18,203,218,217
170,7,203,218,217
170,436,7,203,218,217
170,436,23,24,19,18,203,218,217
170,7,23,24,19,18,203,218
170,7,203,218
170,436,7,203,218
170,436,23,24,19,18,203,218
170,7,23,24,19,18,203,317
170,7,203,317
170,436,7,203,317
170,436,23,24,19,18,203,317
170,7,23,24,19,18,203,218,217,379
170,7,203,218,217,379
170,436,7,203,218,217,379
170,436,23,24,19,18,203,218,217,379
170,7,23,24,19,18,203,218,217,379,188
170,7,203,218,217,379,188
170,436,7,203,218,217,379,188
170,436,23,24,19,18,203,218,217,379,188
170,436
170,436,28
170,436,257
176,177
176,177,375
176,177,498
177,375
177,498
180,175
180,175,45,266
180,45,266
175,45,266
182,183
197,89,226
197,90,87,88,226
197,90,88,226
197,89,353,352
197,90,87,88,226,89,353,352
197,90,88,226,89,353,352
197,89,353
197,90,87,88,226,89,353
197,90,88,226,89,353
202,203
202,203,218,217
202,203,218
202,203,317
202,203,218,217,379
202,203,218,217,379,188
202,203,7,436
202,203,18,19,24,23,436
202,203,7,23,436,28
202,203,7,170,436,28
202,203,7,436,28
202,203,18,19,24,23,7,170,436,28
202,203,18,19,24,23,7,436,28
202,203,18,19,24,23,436,28
202,203,7,23,436,257
202,203,7,170,436,257
202,203,7,436,257
202,203,18,19,24,23,7,170,436,257
202,203,18,19,24,23,7,436,257
202,203,18,19,24,23,436,257
203,218,217
203,218
203,317
203,218,217,379
203,218,217,379,188
203,7,436
203,18,19,24,23,436
203,7,23,436,28
203,7,170,436,28
203,7,436,28
203,18,19,24,23,436,28
203,7,23,436,257
203,7,170,436,257
203,7,436,257
203,18,19,24,23,436,257
204,196
205,206
205,207
205,78
205,208
206,205,207
206,205,78
206,205,208
207,205,78
207,205,208
78,205,208
209,210
215,216
217,218
217,218,203,317
217,379
217,379,188
217,218,203,7,436
217,218,203,18,19,24,23,436
217,218,203,7,23,436,28
217,218,203,7,170,436,28
217,218,203,7,436,28
217,218,203,18,19,24,23,7,170,436,28
217,218,203,18,19,24,23,7,436,28
217,218,203,18,19,24,23,436,28
217,218,203,7,23,436,257
217,218,203,7,170,436,257
217,218,203,7,436,257
217,218,203,18,19,24,23,7,170,436,257
217,218,203,18,19,24,23,7,436,257
217,218,203,18,19,24,23,436,257
218,203,317
218,217,379
218,217,379,188
218,203,7,436
218,203,18,19,24,23,436
218,203,7,23,436,28
218,203,7,170,436,28
218,203,7,436,28
218,203,18,19,24,23,7,170,436,28
218,203,18,19,24,23,7,436,28
218,203,18,19,24,23,436,28
218,203,7,23,436,257
218,203,7,170,436,257
218,203,7,436,257
218,203,18,19,24,23,7,170,436,257
218,203,18,19,24,23,7,436,257
218,203,18,19,24,23,436,257
221,222
221,254
221,264
221,222,37,369
221,264,392,391,37,369
221,222,37,391
221,264,392,391
221,222,37,391,392
221,264,392
221,222,421
221,222,421,431
221,222,438
222,221,254
222,37,391,392,264,221,254
222,221,264
222,37,391,392,264
222,221,264,392,391,37,369
222,37,369
222,221,264,392,391
222,37,391
222,221,264,392
222,37,391,392
222,421
222,421,431
222,438
226,89,353,352
226,89,353
235,236
235,358,236
235,358
235,236,358,359
235,236,358,360,359
235,358,359
235,358,360,359
235,236,358,258
235,358,258
235,236,358,360
235,358,360
236,358
236,358,359
236,358,360,359
236,358,258
236,358,360
245,120
253,108
254,221,264
254,221,222,37,369
254,221,264,392,391,37,369
254,221,222,37,391
254,221,264,392,391
254,221,222,37,391,392
254,221,264,392
254,221,222,421
254,221,264,392,391,37,222,421
254,221,222,421,431
254,221,264,392,391,37,222,421,431
254,221,222,438
254,221,264,392,391,37,222,438
256,467
256,467,389
256,467,30
261,262
261,263
261,324
261,395
261,471
262,261,263
262,261,324
262,261,395
262,261,471
263,261,324
263,261,395
263,261,471
264,221,222,37,369
264,392,391,37,369
264,221,222,37,391
264,392,391
264,392
264,221,222,421
264,392,391,37,222,421
264,221,222,421,431
264,392,391,37,222,421,431
264,221,222,438
264,392,391,37,222,438
265,36
265,286
36,265,286
274,275
274,372
275,274,372
295,296
295,296,354
296,354
298,299
300,50,422
300,50,426
312,313
314,315
314,292
314,315,323
315,314,292
315,323
292,314,315,323
324,261,395
324,261,471
326,327
334,74
341,342
341,343
341,344
341,165
342,341,343
342,341,344
342,341,165
343,341,344
343,341,165
344,341,165
352,353
357,251
358,359
358,360,359
358,258
358,360
359,358,258
359,360,358,258
359,360
258,358,360
367,368
369,37,391
369,37,391,392
369,37,222,221,264,392
369,37,391,392,264,221,222,421
369,37,222,421
369,37,391,392,264,221,222,421,431
369,37,222,421,431
369,37,391,392,264,221,222,438
369,37,222,438
317,203,218,217,379
317,203,218,217,379,188
317,203,7,436
317,203,18,19,24,23,436
317,203,7,23,436,28
317,203,7,170,436,28
317,203,7,436,28
317,203,18,19,24,23,7,170,436,28
317,203,18,19,24,23,7,436,28
317,203,18,19,24,23,436,28
317,203,7,23,436,257
317,203,7,170,436,257
317,203,7,436,257
317,203,18,19,24,23,7,170,436,257
317,203,18,19,24,23,7,436,257
317,203,18,19,24,23,436,257
278,153,396
375,177,498
379,188
379,217,218,203,7,436
379,217,218,203,18,19,24,23,436
379,217,218,203,7,23,436,28
379,217,218,203,7,170,436,28
379,217,218,203,7,436,28
379,217,218,203,18,19,24,23,7,170,436,28
379,217,218,203,18,19,24,23,7,436,28
379,217,218,203,18,19,24,23,436,28
379,217,218,203,7,23,436,257
379,217,218,203,7,170,436,257
379,217,218,203,7,436,257
379,217,218,203,18,19,24,23,7,170,436,257
379,217,218,203,18,19,24,23,7,436,257
379,217,218,203,18,19,24,23,436,257
188,379,217,218,203,7,436
188,379,217,218,203,18,19,24,23,436
188,379,217,218,203,7,23,436,28
188,379,217,218,203,7,170,436,28
188,379,217,218,203,7,436,28
188,379,217,218,203,18,19,24,23,7,170,436,28
188,379,217,218,203,18,19,24,23,7,436,28
188,379,217,218,203,18,19,24,23,436,28
188,379,217,218,203,7,23,436,257
188,379,217,218,203,7,170,436,257
188,379,217,218,203,7,436,257
188,379,217,218,203,18,19,24,23,7,170,436,257
188,379,217,218,203,18,19,24,23,7,436,257
188,379,217,218,203,18,19,24,23,436,257
385,98
391,392
391,392,264,221,222,421
391,37,222,421
391,392,264,221,222,421,431
391,37,222,421,431
391,392,264,221,222,438
391,37,222,438
392,391,37,222,421
392,264,221,222,421
392,391,37,222,421,431
392,264,221,222,421,431
392,391,37,222,438
392,264,221,222,438
393,42
395,261,471
402,76
404,405
413,134,456
415,361
421,431
421,222,438
422,50,426
425,301
431,421,222,438
435,398
436,28
436,257
28,436,257
437,126
453,174
465,46
467,389
467,30
389,467,30
477,478
477,478,35
477,478,468
478,35
478,468
488,248
35,478,468
