10,11
10,33
10,33,34
10,11,213
11,10,33
11,10,33,34
11,213
14,15
14,16
14,15,174
15,14,16
15,174
16,14,15,174
19,6
19,20
19,21
6,19,20
6,19,21
20,19,21
33,34
33,10,11,213
34,33,10,11,213
50,51
50,48
51,50,48
69,70
69,71
69,72,71
69,72
70,69,71
70,69,72,71
70,69,72
71,72
84,85
84,85,133,132
84,85,133
84,85,133,132,61
85,133,132
85,133
85,133,132,61
92,93
92,196,93
92,93,140
92,196,93,140
92,196
93,140
93,196
121,122
121,40
121,122,88
121,122,88,242
122,121,40
122,88
122,88,242
40,121,122,88
40,121,122,88,242
123,46
123,102
46,123,102
132,133
132,61
133,132,61
135,136
135,137
135,136,161
136,135,137
136,161
137,135,136,161
140,93,196
145,146
145,147
146,145,147
155,73
88,242
201,183
201,197
183,201,197
220,7
220,218
7,220,218
231,179
231,199
179,231,199
