6,7
9,10
9,10,88
9,10,432
9,10,594
10,88
10,432
10,594
26,27
26,27,281
26,27,345
26,27,345,486
26,27,345,487,486
26,27,345,487
26,27,564
26,27,345,486,487,31
26,27,345,487,31
27,281
27,345
27,345,486
27,345,487,486
27,345,487
27,564
27,345,486,487,31
27,345,487,31
28,29
28,29,72
28,29,225
28,29,247
28,29,300
28,29,316
29,72
29,225
29,247
29,300
29,316
37,38
37,38,177
37,38,467
37,38,477
38,177
38,467
38,477
40,41
40,41,322
40,41,551,323,322
40,41,322,323
40,41,551,323
40,41,410
40,41,469
40,41,322,323,522
40,41,551,323,522
40,41,551
40,41,322,323,563
40,41,551,323,563
41,322
41,551,323,322
41,322,323
41,551,323
41,410
41,469
41,322,323,522
41,551,323,522
41,551
41,322,323,563
41,551,323,563
45,46
45,47
46,45,47
52,53
52,53,57
52,53,268,57
52,53,57,19
52,53,268,57,19
52,53,57,91
52,53,268,57,91
52,53,57,160
52,53,268,57,160
52,53,231
52,53,231,325,253
52,53,265
52,53,268
52,53,231,325
52,53,57,19,427
52,53,268,57,19,427
53,57
53,268,57
53,57,19
53,268,57,19
53,57,91
53,268,57,91
53,57,160
53,268,57,160
53,231
53,231,325,253
53,265
53,268
53,231,325
53,57,19,427
53,268,57,19,427
54,55
54,55,58
54,55,111,59,58
54,55,305,59,58
54,55,560,59,58
54,55,585,59,58
54,55,58,59
54,55,111,59
54,55,305,59
54,55,560,59
54,55,585,59
54,55,111
54,55,305,59,111
54,55,560,59,111
54,55,585,59,111
54,55,58,59,114
54,55,111,59,114
54,55,305,59,114
54,55,560,59,114
54,55,585,59,114
54,55,305
54,55,560,59,305
54,55,585,59,305
54,55,442,335
54,55,442,443,335
54,55,442,335,336
54,55,442,443,335,336
54,55,58,59,346
54,55,111,59,346
54,55,305,59,346
54,55,560,59,346
54,55,585,59,346
54,55,58,59,417
54,55,111,59,417
54,55,305,59,417
54,55,560,59,417
54,55,585,59,417
54,55,442
54,55,442,443
54,55,58,59,534
54,55,111,59,534
54,55,305,59,534
54,55,560,59,534
54,55,585,59,534
54,55,560
54,55,585,59,560
54,55,585
54,55,58,59,595
54,55,111,59,595
54,55,305,59,595
54,55,560,59,595
54,55,585,59,595
54,55,58,59,628
54,55,111,59,628
54,55,305,59,628
54,55,560,59,628
54,55,585,59,628
55,58
55,111,59,58
55,305,59,58
55,560,59,58
55,585,59,58
55,58,59
55,111,59
55,305,59
55,560,59
55,585,59
55,111
55,305,59,111
55,560,59,111
55,585,59,111
55,58,59,114
55,111,59,114
55,305,59,114
55,560,59,114
55,585,59,114
55,305
55,560,59,305
55,585,59,305
55,442,335
55,442,443,335
55,442,335,336
55,442,443,335,336
55,58,59,346
55,111,59,346
55,305,59,346
55,560,59,346
55,585,59,346
55,58,59,417
55,111,59,417
55,305,59,417
55,560,59,417
55,585,59,417
55,442
55,442,443
55,58,59,534
55,111,59,534
55,305,59,534
55,560,59,534
55,585,59,534
55,560
55,585,59,560
55,585
55,58,59,595
55,111,59,595
55,305,59,595
55,560,59,595
55,585,59,595
55,58,59,628
55,111,59,628
55,305,59,628
55,560,59,628
55,585,59,628
57,19
57,91
57,160
57,53,231
57,268,53,231
57,53,231,325,253
57,268,53,231,325,253
57,53,265
57,268,53,265
57,268
57,53,231,325
57,268,53,231,325
57,19,427
19,57,91
19,57,160
19,57,53,231
19,57,268,53,231
19,57,53,231,325,253
19,57,268,53,231,325,253
19,57,53,265
19,57,268,53,265
19,57,268
19,57,53,231,325
19,57,268,53,231,325
19,427
58,59
58,55,111
58,55,305,59,111
58,55,560,59,111
58,55,585,59,111
58,59,111
58,55,111,59,114
58,55,305,59,114
58,55,560,59,114
58,55,585,59,114
58,59,114
58,55,305
58,55,560,59,305
58,55,585,59,305
58,59,305
58,55,442,335
58,55,442,443,335
58,59,111,55,442,335
58,59,111,55,442,443,335
58,59,305,55,442,335
58,59,305,55,442,443,335
58,59,560,55,442,335
58,59,560,55,442,443,335
58,59,585,55,442,335
58,59,585,55,442,443,335
58,55,442,335,336
58,55,442,443,335,336
58,59,111,55,442,335,336
58,59,111,55,442,443,335,336
58,59,305,55,442,335,336
58,59,305,55,442,443,335,336
58,59,560,55,442,335,336
58,59,560,55,442,443,335,336
58,59,585,55,442,335,336
58,59,585,55,442,443,335,336
58,55,111,59,346
58,55,305,59,346
58,55,560,59,346
58,55,585,59,346
58,59,346
58,55,111,59,417
58,55,305,59,417
58,55,560,59,417
58,55,585,59,417
58,59,417
58,55,442
58,59,111,55,442
58,59,305,55,442
58,59,560,55,442
58,59,585,55,442
58,55,442,443
58,59,111,55,442,443
58,59,305,55,442,443
58,59,560,55,442,443
58,59,585,55,442,443
58,55,111,59,534
58,55,305,59,534
58,55,560,59,534
58,55,585,59,534
58,59,534
58,55,560
58,55,585,59,560
58,59,560
58,55,585
58,59,585
58,55,111,59,595
58,55,305,59,595
58,55,560,59,595
58,55,585,59,595
58,59,595
58,55,111,59,628
58,55,305,59,628
58,55,560,59,628
58,55,585,59,628
58,59,628
59,111
59,114
59,305
59,58,55,442,335
59,58,55,442,443,335
59,111,55,442,335
59,111,55,442,443,335
59,305,55,442,335
59,305,55,442,443,335
59,560,55,442,335
59,560,55,442,443,335
59,585,55,442,335
59,585,55,442,443,335
59,58,55,442,335,336
59,58,55,442,443,335,336
59,111,55,442,335,336
59,111,55,442,443,335,336
59,305,55,442,335,336
59,305,55,442,443,335,336
59,560,55,442,335,336
59,560,55,442,443,335,336
59,585,55,442,335,336
59,585,55,442,443,335,336
59,346
59,417
59,58,55,442
59,111,55,442
59,305,55,442
59,560,55,442
59,585,55,442
59,58,55,442,443
59,111,55,442,443
59,305,55,442,443
59,560,55,442,443
59,585,55,442,443
59,534
59,560
59,585
59,595
59,628
72,29,225
72,29,247
72,29,300
72,29,316
88,10,432
88,10,594
91,57,160
91,57,53,231
91,57,268,53,231
91,57,53,231,325,253
91,57,268,53,231,325,253
91,57,53,265
91,57,268,53,265
91,57,268
91,57,53,231,325
91,57,268,53,231,325
91,57,19,427
108,109
108,109,207,208,184,182
108,109,207,208,84,623,622,183,182
108,109,207,208,591,182
108,109,184,182
108,109,184,208,84,623,622,183,182
108,109,184,208,591,182
108,109,562,208,184,182
108,109,562,208,84,623,622,183,182
108,109,562,208,591,182
108,109,591,182
108,109,591,208,84,623,622,183,182
108,109,622,183,182
108,109,622,623,84,208,184,182
108,109,622,623,84,208,591,182
108,109,623,622,183,182
108,109,623,84,208,184,182
108,109,623,84,208,591,182
108,109,207,208,184,182,183
108,109,207,208,84,623,622,183
108,109,207,208,591,182,183
108,109,184,182,183
108,109,184,182,591,208,84,623,622,183
108,109,184,208,84,623,622,183
108,109,184,208,591,182,183
108,109,562,208,184,182,183
108,109,562,208,84,623,622,183
108,109,562,208,591,182,183
108,109,591,182,183
108,109,591,208,84,623,622,183
108,109,622,183
108,109,623,622,183
108,109,623,84,208,184,182,183
108,109,623,84,208,591,182,183
108,109,207,208,184
108,109,207,208,84,623,622,183,182,184
108,109,207,208,591,182,184
108,109,184
108,109,562,208,184
108,109,562,208,84,623,622,183,182,184
108,109,562,208,591,182,184
108,109,591,182,184
108,109,591,208,184
108,109,622,183,182,184
108,109,622,183,182,591,208,184
108,109,622,623,84,208,184
108,109,622,623,84,208,591,182,184
108,109,623,622,183,182,184
108,109,623,622,183,182,591,208,184
108,109,623,84,208,184
108,109,623,84,208,591,182,184
108,109,207
108,109,562,208,207
108,109,591,182,183,622,623,84,208,207
108,109,591,208,207
108,109,622,183,182,184,208,207
108,109,622,183,182,591,208,207
108,109,622,623,84,208,207
108,109,623,622,183,182,184,208,207
108,109,623,622,183,182,591,208,207
108,109,623,84,208,207
108,109,207,208
108,109,184,208
108,109,562,208
108,109,591,208
108,109,622,183,182,184,208
108,109,622,183,182,591,208
108,109,622,623,84,208
108,109,623,622,183,182,184,208
108,109,623,622,183,182,591,208
108,109,623,84,208
108,109,207,208,84
108,109,184,182,183,622,623,84
108,109,184,182,591,208,84
108,109,184,208,84
108,109,562,208,84
108,109,562,208,591,182,183,622,623,84
108,109,591,182,183,622,623,84
108,109,591,208,84
108,109,622,183,182,184,208,84
108,109,622,183,182,591,208,84
108,109,622,623,84
108,109,623,84
108,109,562
108,109,591,208,562
108,109,622,183,182,184,208,562
108,109,622,183,182,591,208,562
108,109,622,623,84,208,562
108,109,623,622,183,182,184,208,562
108,109,623,622,183,182,591,208,562
108,109,623,84,208,562
108,109,591
108,109,622,183,182,591
108,109,622,623,84,208,591
108,109,623,622,183,182,591
108,109,623,84,208,591
108,109,622
108,109,623,622
108,109,623
109,207,208,184,182
109,207,208,84,623,622,183,182
109,207,208,591,182
109,184,182
109,184,208,84,623,622,183,182
109,184,208,591,182
109,562,208,184,182
109,562,208,84,623,622,183,182
109,562,208,591,182
109,591,182
109,591,208,84,623,622,183,182
109,622,183,182
109,622,623,84,208,184,182
109,622,623,84,208,591,182
109,623,622,183,182
109,623,84,208,184,182
109,623,84,208,591,182
109,207,208,184,182,183
109,207,208,84,623,622,183
109,207,208,591,182,183
109,184,182,183
109,184,182,591,208,84,623,622,183
109,184,208,84,623,622,183
109,184,208,591,182,183
109,562,208,184,182,183
109,562,208,84,623,622,183
109,562,208,591,182,183
109,591,182,183
109,591,208,84,623,622,183
109,622,183
109,623,622,183
109,623,84,208,184,182,183
109,623,84,208,591,182,183
109,207,208,184
109,207,208,84,623,622,183,182,184
109,207,208,591,182,184
109,184
109,562,208,184
109,562,208,84,623,622,183,182,184
109,562,208,591,182,184
109,591,182,184
109,591,208,184
109,622,183,182,184
109,622,183,182,591,208,184
109,622,623,84,208,184
109,622,623,84,208,591,182,184
109,623,622,183,182,184
109,623,622,183,182,591,208,184
109,623,84,208,184
109,623,84,208,591,182,184
109,207
109,562,208,207
109,591,182,183,622,623,84,208,207
109,591,208,207
109,622,183,182,184,208,207
109,622,183,182,591,208,207
109,622,623,84,208,207
109,623,622,183,182,184,208,207
109,623,622,183,182,591,208,207
109,623,84,208,207
109,207,208
109,184,208
109,562,208
109,591,208
109,622,183,182,184,208
109,622,183,182,591,208
109,622,623,84,208
109,623,622,183,182,184,208
109,623,622,183,182,591,208
109,623,84,208
109,207,208,84
109,184,182,183,622,623,84
109,184,182,591,208,84
109,184,208,84
109,562,208,84
109,562,208,591,182,183,622,623,84
109,591,182,183,622,623,84
109,591,208,84
109,622,183,182,184,208,84
109,622,183,182,591,208,84
109,622,623,84
109,623,84
109,562
109,591,208,562
109,622,183,182,184,208,562
109,622,183,182,591,208,562
109,622,623,84,208,562
109,623,622,183,182,184,208,562
109,623,622,183,182,591,208,562
109,623,84,208,562
109,591
109,622,183,182,591
109,622,623,84,208,591
109,623,622,183,182,591
109,623,84,208,591
109,622
109,623,622
109,623
111,59,114
111,55,305,59,114
111,55,560,59,114
111,55,585,59,114
111,59,305
111,59,560,55,305
111,59,585,55,305
111,55,305
111,59,305,55,442,335
111,59,305,55,442,443,335
111,59,560,55,442,335
111,59,560,55,442,443,335
111,59,585,55,442,335
111,59,585,55,442,443,335
111,55,442,335
111,55,442,443,335
111,59,305,55,442,335,336
111,59,305,55,442,443,335,336
111,59,560,55,442,335,336
111,59,560,55,442,443,335,336
111,59,585,55,442,335,336
111,59,585,55,442,443,335,336
111,55,442,335,336
111,55,442,443,335,336
111,59,346
111,55,305,59,346
111,55,560,59,346
111,55,585,59,346
111,59,417
111,55,305,59,417
111,55,560,59,417
111,55,585,59,417
111,59,305,55,442
111,59,560,55,442
111,59,585,55,442
111,55,442
111,59,305,55,442,443
111,59,560,55,442,443
111,59,585,55,442,443
111,55,442,443
111,59,534
111,55,305,59,534
111,55,560,59,534
111,55,585,59,534
111,59,560
111,59,585,55,560
111,55,560
111,59,585
111,55,585
111,59,595
111,55,305,59,595
111,55,560,59,595
111,55,585,59,595
111,59,628
111,55,305,59,628
111,55,560,59,628
111,55,585,59,628
114,59,305
114,59,560,55,305
114,59,585,55,305
114,59,58,55,442,335
114,59,58,55,442,443,335
114,59,111,55,442,335
114,59,111,55,442,443,335
114,59,305,55,442,335
114,59,305,55,442,443,335
114,59,560,55,442,335
114,59,560,55,442,443,335
114,59,585,55,442,335
114,59,585,55,442,443,335
114,59,58,55,442,335,336
114,59,58,55,442,443,335,336
114,59,111,55,442,335,336
114,59,111,55,442,443,335,336
114,59,305,55,442,335,336
114,59,305,55,442,443,335,336
114,59,560,55,442,335,336
114,59,560,55,442,443,335,336
114,59,585,55,442,335,336
114,59,585,55,442,443,335,336
114,59,346
114,59,417
114,59,58,55,442
114,59,111,55,442
114,59,305,55,442
114,59,560,55,442
114,59,585,55,442
114,59,58,55,442,443
114,59,111,55,442,443
114,59,305,55,442,443
114,59,560,55,442,443
114,59,585,55,442,443
114,59,534
114,59,560
114,59,585,55,560
114,59,585
114,59,595
114,59,628
117,118
117,118,138
117,118,181
117,118,197
117,118,274
117,118,319
117,118,366
117,118,418
117,118,428
117,118,464
117,118,500
117,118,536
117,118,547
117,118,559
117,118,572
117,118,575
118,138
118,181
118,197
118,274
118,319
118,366
118,418
118,428
118,464
118,500
118,536
118,547
118,559
118,572
118,575
120,94
120,485,304,303,540,94
120,485,304,566,567,540,94
120,485,304,473,566,567,540,94
120,485,303,304,566,567,540,94
120,485,303,304,473,566,567,540,94
120,485,303,540,94
120,485,94
120,485,540,94
120,272
120,94,485,304,303
120,94,485,303
120,94,540,303
120,94,540,567,566,304,303
120,94,540,567,566,473,304,303
120,485,304,303
120,485,304,566,567,540,303
120,485,304,473,566,567,540,303
120,485,303
120,485,540,303
120,94,485,304
120,94,540,303,304
120,94,540,485,304
120,94,540,567,566,304
120,94,540,567,566,473,304
120,485,304
120,485,540,303,304
120,485,540,567,566,304
120,485,540,567,566,473,304
120,94,485,304,303,540,567,566,406
120,94,485,304,566,406
120,94,485,304,473,566,406
120,94,485,303,304,566,406
120,94,485,303,304,473,566,406
120,94,485,303,540,567,566,406
120,94,485,540,303,304,566,406
120,94,485,540,303,304,473,566,406
120,94,485,540,567,566,406
120,94,540,303,304,566,406
120,94,540,303,304,473,566,406
120,94,540,485,304,566,406
120,94,540,485,304,473,566,406
120,94,540,567,566,406
120,485,304,303,540,567,566,406
120,485,304,566,406
120,485,304,473,566,406
120,485,303,304,566,406
120,485,303,304,473,566,406
120,485,303,540,567,566,406
120,485,540,303,304,566,406
120,485,540,303,304,473,566,406
120,485,540,567,566,406
120,94,485,304,303,540,567,566,406,246
120,94,485,304,566,406,246
120,94,485,304,473,566,406,246
120,94,485,303,304,566,406,246
120,94,485,303,304,473,566,406,246
120,94,485,303,540,567,566,406,246
120,94,485,540,303,304,566,406,246
120,94,485,540,303,304,473,566,406,246
120,94,485,540,567,566,406,246
120,94,540,303,304,566,406,246
120,94,540,303,304,473,566,406,246
120,94,540,485,304,566,406,246
120,94,540,485,304,473,566,406,246
120,94,540,567,566,406,246
120,485,304,303,540,567,566,406,246
120,485,304,566,406,246
120,485,304,473,566,406,246
120,485,303,304,566,406,246
120,485,303,304,473,566,406,246
120,485,303,540,567,566,406,246
120,485,540,303,304,566,406,246
120,485,540,303,304,473,566,406,246
120,485,540,567,566,406,246
120,485
120,94,540
120,485,540
120,94,485,304,303,540,358
120,94,485,304,566,567,540,358
120,94,485,304,473,566,567,540,358
120,94,485,303,304,566,567,540,358
120,94,485,303,304,473,566,567,540,358
120,94,485,303,540,358
120,94,485,540,358
120,94,540,358
120,485,304,303,540,358
120,485,304,566,567,540,358
120,485,304,473,566,567,540,358
120,485,303,304,566,567,540,358
120,485,303,304,473,566,567,540,358
120,485,303,540,358
120,485,540,358
120,94,485,304,303,540,122
120,94,485,304,566,567,540,122
120,94,485,304,473,566,567,540,122
120,94,485,303,304,566,567,540,122
120,94,485,303,304,473,566,567,540,122
120,94,485,303,540,122
120,94,485,540,122
120,94,540,122
120,485,304,303,540,122
120,485,304,566,567,540,122
120,485,304,473,566,567,540,122
120,485,303,304,566,567,540,122
120,485,303,304,473,566,567,540,122
120,485,303,540,122
120,485,540,122
120,94,485,304,566
120,94,485,304,473,566
120,94,485,303,304,566
120,94,485,303,304,473,566
120,94,485,303,540,567,566
120,94,485,540,303,304,566
120,94,485,540,303,304,473,566
120,94,485,540,567,566
120,94,540,303,304,566
120,94,540,303,304,473,566
120,94,540,485,304,566
120,94,540,485,304,473,566
120,94,540,567,566
120,485,304,566
120,485,304,473,566
120,485,303,304,566
120,485,303,304,473,566
120,485,303,540,567,566
120,485,540,303,304,566
120,485,540,303,304,473,566
120,485,540,567,566
120,94,485,304,303,540,567,566,224
120,94,485,304,566,224
120,94,485,304,473,566,224
120,94,485,303,304,566,224
120,94,485,303,304,473,566,224
120,94,485,303,540,567,566,224
120,94,485,540,303,304,566,224
120,94,485,540,303,304,473,566,224
120,94,485,540,567,566,224
120,94,540,303,304,566,224
120,94,540,303,304,473,566,224
120,94,540,485,304,566,224
120,94,540,485,304,473,566,224
120,94,540,567,566,224
120,485,304,303,540,567,566,224
120,485,304,566,224
120,485,304,473,566,224
120,485,303,304,566,224
120,485,303,304,473,566,224
120,485,303,540,567,566,224
120,485,540,303,304,566,224
120,485,540,303,304,473,566,224
120,485,540,567,566,224
120,94,485,304,473
120,94,485,303,304,473
120,94,485,303,540,567,566,473
120,94,485,540,303,304,473
120,94,485,540,567,566,473
120,94,540,303,304,473
120,94,540,485,304,473
120,94,540,567,566,473
120,485,304,473
120,485,303,304,473
120,485,303,540,567,566,473
120,485,540,303,304,473
120,485,540,567,566,473
120,94,485,304,303,540,567
120,94,485,304,566,567
120,94,485,304,473,566,567
120,94,485,303,304,566,567
120,94,485,303,304,473,566,567
120,94,485,303,540,567
120,94,485,540,567
120,94,540,567
120,485,304,303,540,567
120,485,304,566,567
120,485,304,473,566,567
120,485,303,304,566,567
120,485,303,304,473,566,567
120,485,303,540,567
120,485,540,567
120,94,485,304,303,540,567,239
120,94,485,304,566,567,239
120,94,485,304,473,566,567,239
120,94,485,303,304,566,567,239
120,94,485,303,304,473,566,567,239
120,94,485,303,540,567,239
120,94,485,540,303,304,566,567,239
120,94,485,540,303,304,473,566,567,239
120,94,485,540,567,239
120,94,540,303,304,566,567,239
120,94,540,303,304,473,566,567,239
120,94,540,485,304,566,567,239
120,94,540,485,304,473,566,567,239
120,94,540,567,239
120,485,304,303,540,567,239
120,485,304,566,567,239
120,485,304,473,566,567,239
120,485,303,304,566,567,239
120,485,303,304,473,566,567,239
120,485,303,540,567,239
120,485,540,303,304,566,567,239
120,485,540,303,304,473,566,567,239
120,485,540,567,239
94,120,272
94,485,120,272
94,540,303,304,485,120,272
94,540,303,485,120,272
94,540,485,120,272
94,540,567,566,304,303,485,120,272
94,540,567,566,304,485,120,272
94,540,567,566,473,304,303,485,120,272
94,540,567,566,473,304,485,120,272
94,485,304,303
94,485,304,566,567,540,303
94,485,304,473,566,567,540,303
94,485,303
94,485,540,303
94,540,303
94,540,485,304,303
94,540,567,566,304,303
94,540,567,566,473,304,303
94,485,304
94,485,540,567,566,304
94,485,540,567,566,473,304
94,540,303,304
94,540,485,304
94,540,567,566,304
94,540,567,566,473,304
94,485,304,303,540,567,566,406
94,485,304,566,406
94,485,304,473,566,406
94,485,303,304,566,406
94,485,303,304,473,566,406
94,485,303,540,567,566,406
94,485,540,303,304,566,406
94,485,540,303,304,473,566,406
94,485,540,567,566,406
94,540,303,304,566,406
94,540,303,304,473,566,406
94,540,485,304,566,406
94,540,485,304,473,566,406
94,540,567,566,406
94,485,304,303,540,567,566,406,246
94,485,304,566,406,246
94,485,304,473,566,406,246
94,485,303,304,566,406,246
94,485,303,304,473,566,406,246
94,485,303,540,567,566,406,246
94,485,540,303,304,566,406,246
94,485,540,303,304,473,566,406,246
94,485,540,567,566,406,246
94,540,303,304,566,406,246
94,540,303,304,473,566,406,246
94,540,485,304,566,406,246
94,540,485,304,473,566,406,246
94,540,567,566,406,246
94,485
94,540,485
94,540
94,485,304,303,540,358
94,485,304,566,567,540,358
94,485,304,473,566,567,540,358
94,485,303,304,566,567,540,358
94,485,303,304,473,566,567,540,358
94,485,303,540,358
94,485,540,358
94,540,358
94,485,304,303,540,122
94,485,304,566,567,540,122
94,485,304,473,566,567,540,122
94,485,303,304,566,567,540,122
94,485,303,304,473,566,567,540,122
94,485,303,540,122
94,485,540,122
94,540,122
94,485,304,566
94,485,304,473,566
94,485,303,304,566
94,485,303,304,473,566
94,485,303,540,567,566
94,485,540,303,304,566
94,485,540,303,304,473,566
94,485,540,567,566
94,540,303,304,566
94,540,303,304,473,566
94,540,485,304,566
94,540,485,304,473,566
94,540,567,566
94,485,304,303,540,567,566,224
94,485,304,566,224
94,485,304,473,566,224
94,485,303,304,566,224
94,485,303,304,473,566,224
94,485,303,540,567,566,224
94,485,540,303,304,566,224
94,485,540,303,304,473,566,224
94,485,540,567,566,224
94,540,303,304,566,224
94,540,303,304,473,566,224
94,540,485,304,566,224
94,540,485,304,473,566,224
94,540,567,566,224
94,485,304,473
94,485,303,304,473
94,485,303,540,567,566,473
94,485,540,303,304,473
94,485,540,567,566,473
94,540,303,304,473
94,540,485,304,473
94,540,567,566,473
94,485,304,303,540,567
94,485,304,566,567
94,485,304,473,566,567
94,485,303,304,566,567
94,485,303,304,473,566,567
94,485,303,540,567
94,485,540,567
94,540,567
94,485,304,303,540,567,239
94,485,304,566,567,239
94,485,304,473,566,567,239
94,485,303,304,566,567,239
94,485,303,304,473,566,567,239
94,485,303,540,567,239
94,485,540,303,304,566,567,239
94,485,540,303,304,473,566,567,239
94,485,540,567,239
94,540,303,304,566,567,239
94,540,303,304,473,566,567,239
94,540,485,304,566,567,239
94,540,485,304,473,566,567,239
94,540,567,239
124,125
124,127,125
124,126
124,127
124,125,127,152
124,127,152
125,124,126
125,127,124,126
125,127
125,127,152
126,124,127
126,124,125,127,152
126,124,127,152
127,152
138,118,181
138,118,197
138,118,274
138,118,319
138,118,366
138,118,418
138,118,428
138,118,464
138,118,500
138,118,536
138,118,547
138,118,559
138,118,572
138,118,575
151,144
157,158
160,57,53,231
160,57,268,53,231
160,57,53,231,325,253
160,57,268,53,231,325,253
160,57,53,265
160,57,268,53,265
160,57,268
160,57,53,231,325
160,57,268,53,231,325
160,57,19,427
165,166
167,168
167,583,168
167,583,341,168
167,169
167,168,341
167,583,341
167,168,341,342
167,168,583,341,342
167,583,341,342
167,168,341,343
167,168,583,341,343
167,583,341,343
167,168,341,344
167,168,583,341,344
167,583,341,344
167,583
168,167,169
168,341,583,167,169
168,583,167,169
168,341
168,583,341
168,341,342
168,583,341,342
168,341,343
168,583,341,343
168,341,344
168,583,341,344
168,583
169,167,168,341
169,167,583,341
169,167,168,341,342
169,167,168,583,341,342
169,167,583,341,342
169,167,168,341,343
169,167,168,583,341,343
169,167,583,341,343
169,167,168,341,344
169,167,168,583,341,344
169,167,583,341,344
169,167,583
174,175
174,133,285,175
174,176,285,175
174,133
174,176,285,133
174,176
174,175,285
174,133,285
174,176,285
175,174,133
175,174,176,285,133
175,285,133
175,174,176
175,285,176
175,285
133,174,176
133,285,176
133,285
176,285
177,38,467
177,38,477
178,179
181,118,197
181,118,274
181,118,319
181,118,366
181,118,418
181,118,428
181,118,464
181,118,500
181,118,536
181,118,547
181,118,559
181,118,572
181,118,575
182,183
182,184,208,84,623,622,183
182,591,208,84,623,622,183
182,184
182,591,208,184
182,183,622,109,207
182,183,622,109,562,208,207
182,183,622,623,109,207
182,183,622,623,109,562,208,207
182,183,622,623,84,208,207
182,183,622,623,84,208,562,109,207
182,184,109,207
182,184,109,562,208,207
182,184,109,622,623,84,208,207
182,184,109,623,84,208,207
182,184,208,207
182,591,109,207
182,591,109,562,208,207
182,591,109,622,623,84,208,207
182,591,109,623,84,208,207
182,591,208,207
182,183,622,109,207,208
182,183,622,109,562,208
182,183,622,109,623,84,208
182,183,622,623,109,207,208
182,183,622,623,109,562,208
182,183,622,623,84,208
182,184,208
182,591,208
182,183,622,109,207,208,84
182,183,622,109,562,208,84
182,183,622,109,623,84
182,183,622,623,84
182,184,109,207,208,84
182,184,109,562,208,84
182,184,109,622,623,84
182,184,109,623,84
182,184,208,84
182,184,208,562,109,622,623,84
182,184,208,562,109,623,84
182,591,109,207,208,84
182,591,109,562,208,84
182,591,109,622,623,84
182,591,109,623,84
182,591,208,84
182,591,208,562,109,622,623,84
182,591,208,562,109,623,84
182,183,622,109,562
182,183,622,623,109,562
182,183,622,623,84,208,562
182,184,109,562
182,184,208,562
182,591,109,562
182,591,208,562
182,591
182,183,622
182,184,109,622
182,184,109,623,622
182,184,208,207,109,622
182,184,208,207,109,623,622
182,184,208,84,623,622
182,184,208,562,109,622
182,184,208,562,109,623,622
182,184,208,591,109,622
182,184,208,591,109,623,622
182,591,109,622
182,591,109,623,622
182,591,208,207,109,622
182,591,208,207,109,623,622
182,591,208,84,623,622
182,591,208,562,109,622
182,591,208,562,109,623,622
182,183,622,623
182,184,109,623
182,184,208,207,109,623
182,184,208,84,623
182,184,208,562,109,623
182,184,208,591,109,623
182,591,109,623
182,591,208,207,109,623
182,591,208,84,623
182,591,208,562,109,623
183,182,184
183,182,591,109,207,208,184
183,182,591,109,184
183,182,591,109,562,208,184
183,182,591,109,623,84,208,184
183,182,591,208,184
183,622,109,207,208,184
183,622,109,207,208,591,182,184
183,622,109,184
183,622,109,562,208,184
183,622,109,562,208,591,182,184
183,622,109,591,182,184
183,622,109,591,208,184
183,622,623,109,207,208,184
183,622,623,109,207,208,591,182,184
183,622,623,109,184
183,622,623,109,562,208,184
183,622,623,109,562,208,591,182,184
183,622,623,109,591,182,184
183,622,623,109,591,208,184
183,622,623,84,208,207,109,184
183,622,623,84,208,207,109,591,182,184
183,622,623,84,208,184
183,622,623,84,208,562,109,184
183,622,623,84,208,562,109,591,182,184
183,622,623,84,208,591,182,184
183,622,623,84,208,591,109,184
183,182,184,109,207
183,182,184,109,562,208,207
183,182,184,109,623,84,208,207
183,182,184,208,207
183,182,591,109,207
183,182,591,109,562,208,207
183,182,591,109,623,84,208,207
183,182,591,208,207
183,622,109,207
183,622,109,562,208,207
183,622,109,591,208,207
183,622,623,109,207
183,622,623,109,562,208,207
183,622,623,109,591,208,207
183,622,623,84,208,207
183,622,623,84,208,562,109,207
183,622,623,84,208,591,109,207
183,182,184,208
183,182,591,208
183,622,109,207,208
183,622,109,184,208
183,622,109,562,208
183,622,109,591,208
183,622,109,623,84,208
183,622,623,109,207,208
183,622,623,109,184,208
183,622,623,109,562,208
183,622,623,109,591,208
183,622,623,84,208
183,182,184,109,207,208,84
183,182,184,109,562,208,84
183,182,184,109,591,208,84
183,182,184,109,623,84
183,182,184,208,84
183,182,184,208,562,109,623,84
183,182,591,109,207,208,84
183,182,591,109,562,208,84
183,182,591,109,623,84
183,182,591,208,84
183,182,591,208,562,109,623,84
183,622,109,207,208,84
183,622,109,184,182,591,208,84
183,622,109,184,208,84
183,622,109,562,208,84
183,622,109,591,208,84
183,622,109,623,84
183,622,623,84
183,182,184,109,562
183,182,184,208,562
183,182,591,109,562
183,182,591,208,562
183,622,109,562
183,622,109,591,208,562
183,622,623,109,562
183,622,623,109,591,208,562
183,622,623,84,208,562
183,622,623,84,208,591,109,562
183,182,591
183,622,109,591
183,622,623,109,591
183,622,623,84,208,591
183,622
183,182,184,109,623
183,182,184,208,207,109,623
183,182,184,208,84,623
183,182,184,208,562,109,623
183,182,184,208,591,109,623
183,182,591,109,623
183,182,591,208,207,109,623
183,182,591,208,84,623
183,182,591,208,562,109,623
183,622,623
184,182,183,622,109,207
184,182,183,622,109,562,208,207
184,182,183,622,623,109,207
184,182,183,622,623,109,562,208,207
184,182,183,622,623,84,208,207
184,182,183,622,623,84,208,562,109,207
184,182,591,109,207
184,182,591,109,562,208,207
184,182,591,109,622,623,84,208,207
184,182,591,109,623,84,208,207
184,182,591,208,207
184,109,207
184,109,562,208,207
184,109,591,208,207
184,109,622,623,84,208,207
184,109,623,84,208,207
184,208,207
184,208
184,182,183,622,109,207,208,84
184,182,183,622,109,562,208,84
184,182,183,622,623,84
184,182,591,109,207,208,84
184,182,591,109,562,208,84
184,182,591,109,622,623,84
184,182,591,109,623,84
184,182,591,208,84
184,182,591,208,562,109,622,623,84
184,182,591,208,562,109,623,84
184,109,207,208,84
184,109,562,208,84
184,109,591,182,183,622,623,84
184,109,591,208,84
184,109,622,623,84
184,109,623,84
184,208,84
184,208,562,109,622,623,84
184,208,562,109,623,84
184,208,591,109,622,623,84
184,208,591,109,623,84
184,182,183,622,109,562
184,182,183,622,623,109,562
184,182,183,622,623,84,208,562
184,182,591,109,562
184,182,591,208,562
184,109,562
184,109,591,208,562
184,208,562
184,182,591
184,109,591
184,208,591
184,182,183,622
184,182,591,109,622
184,182,591,109,623,622
184,182,591,208,207,109,622
184,182,591,208,207,109,623,622
184,182,591,208,84,623,622
184,182,591,208,562,109,622
184,182,591,208,562,109,623,622
184,109,622
184,109,623,622
184,208,207,109,622
184,208,207,109,623,622
184,208,84,623,622
184,208,562,109,622
184,208,562,109,623,622
184,208,591,182,183,622
184,208,591,109,622
184,208,591,109,623,622
184,182,183,622,623
184,182,591,109,623
184,182,591,208,207,109,623
184,182,591,208,84,623
184,182,591,208,562,109,623
184,109,623
184,208,207,109,623
184,208,84,623
184,208,562,109,623
184,208,591,182,183,622,623
184,208,591,109,623
186,496,495,314
186,496,495,352,315,314
186,496,495,314,315
186,496,495,352,315
186,496,495,352
186,496,495,314,315,352,353
186,496,495,352,353
186,496,495,314,315,352,77
186,496,495,352,77
186,496,495
186,496
186,496,495,289
194,195
194,196,571,460,195
194,196,571,283,195
194,196
194,195,460,571,283
194,195,283
194,196,571,460,195,283
194,196,571,283
194,195,460
194,196,571,460
194,195,514
194,196,571,460,195,514
194,196,571,283,195,514
194,195,460,571
194,195,283,571
194,196,571
195,194,196
195,460,571,196
195,283,571,196
195,460,571,283
195,283
195,460
195,514
195,194,196,571
195,460,571
195,283,571
196,194,195,283
196,571,460,195,283
196,571,283
196,194,195,460
196,571,460
196,194,195,514
196,571,460,195,514
196,571,283,195,514
196,571
197,118,274
197,118,319
197,118,366
197,118,418
197,118,428
197,118,464
197,118,500
197,118,536
197,118,547
197,118,559
197,118,572
197,118,575
207,208
207,109,184,182,183,622,623,84
207,109,562,208,84
207,109,562,208,591,182,183,622,623,84
207,109,591,182,183,622,623,84
207,109,591,208,84
207,109,622,183,182,591,208,84
207,109,622,623,84
207,109,623,84
207,208,84
207,208,562,109,622,623,84
207,208,562,109,623,84
207,208,591,182,183,622,623,84
207,208,591,109,622,623,84
207,208,591,109,623,84
207,109,562
207,109,591,208,562
207,109,622,183,182,591,208,562
207,109,623,622,183,182,591,208,562
207,208,562
207,109,591
207,109,622,183,182,591
207,109,623,622,183,182,591
207,208,591
207,109,622
207,109,623,622
207,208,184,182,183,622
207,208,84,623,622
207,208,562,109,622
207,208,562,109,623,622
207,208,591,182,183,622
207,208,591,109,622
207,208,591,109,623,622
207,109,623
207,208,184,182,183,622,623
207,208,84,623
207,208,562,109,623
207,208,591,182,183,622,623
207,208,591,109,623
208,84
208,562
208,591
208,207,109,622
208,207,109,623,622
208,184,182,183,622
208,184,109,622
208,184,109,623,622
208,84,623,622
208,562,109,622
208,562,109,623,622
208,591,182,183,622
208,591,109,622
208,591,109,623,622
208,207,109,623
208,184,182,183,622,623
208,184,109,623
208,84,623
208,562,109,623
208,591,182,183,622,623
208,591,109,623
216,217
216,218
217,216,218
225,29,247
225,29,300
225,29,316
231,325,253
231,53,265
231,53,268
231,325
231,53,57,19,427
231,53,268,57,19,427
247,29,300
247,29,316
253,325,231,53,265
253,325,231,53,268
253,325
253,325,231,53,57,19,427
253,325,231,53,268,57,19,427
265,53,268
265,53,231,325
265,53,57,19,427
265,53,268,57,19,427
268,53,231,325
268,57,19,427
272,120,94,485,304,303
272,120,94,485,303
272,120,94,540,303
272,120,94,540,567,566,304,303
272,120,94,540,567,566,473,304,303
272,120,485,304,303
272,120,485,304,566,567,540,303
272,120,485,304,473,566,567,540,303
272,120,485,303
272,120,485,540,303
272,120,94,485,304
272,120,94,540,303,304
272,120,94,540,485,304
272,120,94,540,567,566,304
272,120,94,540,567,566,473,304
272,120,485,304
272,120,485,540,303,304
272,120,485,540,567,566,304
272,120,485,540,567,566,473,304
272,120,94,485,304,303,540,567,566,406
272,120,94,485,304,566,406
272,120,94,485,304,473,566,406
272,120,94,485,303,304,566,406
272,120,94,485,303,304,473,566,406
272,120,94,485,303,540,567,566,406
272,120,94,485,540,303,304,566,406
272,120,94,485,540,303,304,473,566,406
272,120,94,485,540,567,566,406
272,120,94,540,303,304,566,406
272,120,94,540,303,304,473,566,406
272,120,94,540,485,304,566,406
272,120,94,540,485,304,473,566,406
272,120,94,540,567,566,406
272,120,485,304,303,540,567,566,406
272,120,485,304,566,406
272,120,485,304,473,566,406
272,120,485,303,304,566,406
272,120,485,303,304,473,566,406
272,120,485,303,540,567,566,406
272,120,485,540,303,304,566,406
272,120,485,540,303,304,473,566,406
272,120,485,540,567,566,406
272,120,94,485,304,303,540,567,566,406,246
272,120,94,485,304,566,406,246
272,120,94,485,304,473,566,406,246
272,120,94,485,303,304,566,406,246
272,120,94,485,303,304,473,566,406,246
272,120,94,485,303,540,567,566,406,246
272,120,94,485,540,303,304,566,406,246
272,120,94,485,540,303,304,473,566,406,246
272,120,94,485,540,567,566,406,246
272,120,94,540,303,304,566,406,246
272,120,94,540,303,304,473,566,406,246
272,120,94,540,485,304,566,406,246
272,120,94,540,485,304,473,566,406,246
272,120,94,540,567,566,406,246
272,120,485,304,303,540,567,566,406,246
272,120,485,304,566,406,246
272,120,485,304,473,566,406,246
272,120,485,303,304,566,406,246
272,120,485,303,304,473,566,406,246
272,120,485,303,540,567,566,406,246
272,120,485,540,303,304,566,406,246
272,120,485,540,303,304,473,566,406,246
272,120,485,540,567,566,406,246
272,120,485
272,120,94,540
272,120,485,540
272,120,94,485,304,303,540,358
272,120,94,485,304,566,567,540,358
272,120,94,485,304,473,566,567,540,358
272,120,94,485,303,304,566,567,540,358
272,120,94,485,303,304,473,566,567,540,358
272,120,94,485,303,540,358
272,120,94,485,540,358
272,120,94,540,358
272,120,485,304,303,540,358
272,120,485,304,566,567,540,358
272,120,485,304,473,566,567,540,358
272,120,485,303,304,566,567,540,358
272,120,485,303,304,473,566,567,540,358
272,120,485,303,540,358
272,120,485,540,358
272,120,94,485,304,303,540,122
272,120,94,485,304,566,567,540,122
272,120,94,485,304,473,566,567,540,122
272,120,94,485,303,304,566,567,540,122
272,120,94,485,303,304,473,566,567,540,122
272,120,94,485,303,540,122
272,120,94,485,540,122
272,120,94,540,122
272,120,485,304,303,540,122
272,120,485,304,566,567,540,122
272,120,485,304,473,566,567,540,122
272,120,485,303,304,566,567,540,122
272,120,485,303,304,473,566,567,540,122
272,120,485,303,540,122
272,120,485,540,122
272,120,94,485,304,566
272,120,94,485,304,473,566
272,120,94,485,303,304,566
272,120,94,485,303,304,473,566
272,120,94,485,303,540,567,566
272,120,94,485,540,303,304,566
272,120,94,485,540,303,304,473,566
272,120,94,485,540,567,566
272,120,94,540,303,304,566
272,120,94,540,303,304,473,566
272,120,94,540,485,304,566
272,120,94,540,485,304,473,566
272,120,94,540,567,566
272,120,485,304,566
272,120,485,304,473,566
272,120,485,303,304,566
272,120,485,303,304,473,566
272,120,485,303,540,567,566
272,120,485,540,303,304,566
272,120,485,540,303,304,473,566
272,120,485,540,567,566
272,120,94,485,304,303,540,567,566,224
272,120,94,485,304,566,224
272,120,94,485,304,473,566,224
272,120,94,485,303,304,566,224
272,120,94,485,303,304,473,566,224
272,120,94,485,303,540,567,566,224
272,120,94,485,540,303,304,566,224
272,120,94,485,540,303,304,473,566,224
272,120,94,485,540,567,566,224
272,120,94,540,303,304,566,224
272,120,94,540,303,304,473,566,224
272,120,94,540,485,304,566,224
272,120,94,540,485,304,473,566,224
272,120,94,540,567,566,224
272,120,485,304,303,540,567,566,224
272,120,485,304,566,224
272,120,485,304,473,566,224
272,120,485,303,304,566,224
272,120,485,303,304,473,566,224
272,120,485,303,540,567,566,224
272,120,485,540,303,304,566,224
272,120,485,540,303,304,473,566,224
272,120,485,540,567,566,224
272,120,94,485,304,473
272,120,94,485,303,304,473
272,120,94,485,303,540,567,566,473
272,120,94,485,540,303,304,473
272,120,94,485,540,567,566,473
272,120,94,540,303,304,473
272,120,94,540,485,304,473
272,120,94,540,567,566,473
272,120,485,304,473
272,120,485,303,304,473
272,120,485,303,540,567,566,473
272,120,485,540,303,304,473
272,120,485,540,567,566,473
272,120,94,485,304,303,540,567
272,120,94,485,304,566,567
272,120,94,485,304,473,566,567
272,120,94,485,303,304,566,567
272,120,94,485,303,304,473,566,567
272,120,94,485,303,540,567
272,120,94,485,540,567
272,120,94,540,567
272,120,485,304,303,540,567
272,120,485,304,566,567
272,120,485,304,473,566,567
272,120,485,303,304,566,567
272,120,485,303,304,473,566,567
272,120,485,303,540,567
272,120,485,540,567
272,120,94,485,304,303,540,567,239
272,120,94,485,304,566,567,239
272,120,94,485,304,473,566,567,239
272,120,94,485,303,304,566,567,239
272,120,94,485,303,304,473,566,567,239
272,120,94,485,303,540,567,239
272,120,94,485,540,303,304,566,567,239
272,120,94,485,540,303,304,473,566,567,239
272,120,94,485,540,567,239
272,120,94,540,303,304,566,567,239
272,120,94,540,303,304,473,566,567,239
272,120,94,540,485,304,566,567,239
272,120,94,540,485,304,473,566,567,239
272,120,94,540,567,239
272,120,485,304,303,540,567,239
272,120,485,304,566,567,239
272,120,485,304,473,566,567,239
272,120,485,303,304,566,567,239
272,120,485,303,304,473,566,567,239
272,120,485,303,540,567,239
272,120,485,540,303,304,566,567,239
272,120,485,540,303,304,473,566,567,239
272,120,485,540,567,239
274,118,319
274,118,366
274,118,418
274,118,428
274,118,464
274,118,500
274,118,536
274,118,547
274,118,559
274,118,572
274,118,575
276,256
276,161,350,256
276,161,423,256
276,161
276,256,350
276,256,423,161,350
276,161,350
276,256,423
276,161,423
256,276,161
256,350,161
256,423,161
256,350
256,423,161,350
256,423
161,350
161,423
281,27,345
281,27,345,486
281,27,345,487,486
281,27,345,487
281,27,564
281,27,345,486,487,31
281,27,345,487,31
283,195,460
283,571,460
283,195,514
283,571,460,195,514
283,571
300,29,316
303,304
303,485,304
303,485,540,567,566,304
303,485,540,567,566,473,304
303,540,485,304
303,540,567,566,304
303,540,567,566,473,304
303,304,485,540,567,566,406
303,304,566,406
303,304,473,566,406
303,485,304,566,406
303,485,304,473,566,406
303,485,540,567,566,406
303,540,485,304,566,406
303,540,485,304,473,566,406
303,540,567,566,406
303,304,485,540,567,566,406,246
303,304,566,406,246
303,304,473,566,406,246
303,485,304,566,406,246
303,485,304,473,566,406,246
303,485,540,567,566,406,246
303,540,485,304,566,406,246
303,540,485,304,473,566,406,246
303,540,567,566,406,246
303,485
303,540,485
303,540
303,304,485,540,358
303,304,566,567,540,358
303,304,473,566,567,540,358
303,485,304,566,567,540,358
303,485,304,473,566,567,540,358
303,485,540,358
303,540,358
303,304,485,540,122
303,304,566,567,540,122
303,304,473,566,567,540,122
303,485,304,566,567,540,122
303,485,304,473,566,567,540,122
303,485,540,122
303,540,122
303,304,566
303,304,473,566
303,485,304,566
303,485,304,473,566
303,485,540,567,566
303,540,485,304,566
303,540,485,304,473,566
303,540,567,566
303,304,485,540,567,566,224
303,304,566,224
303,304,473,566,224
303,485,304,566,224
303,485,304,473,566,224
303,485,540,567,566,224
303,540,485,304,566,224
303,540,485,304,473,566,224
303,540,567,566,224
303,304,473
303,485,304,473
303,485,540,567,566,473
303,540,485,304,473
303,540,567,566,473
303,304,485,540,567
303,304,566,567
303,304,473,566,567
303,485,304,566,567
303,485,304,473,566,567
303,485,540,567
303,540,567
303,304,485,540,567,239
303,304,566,567,239
303,304,473,566,567,239
303,485,304,566,567,239
303,485,304,473,566,567,239
303,485,540,567,239
303,540,485,304,566,567,239
303,540,485,304,473,566,567,239
303,540,567,239
304,303,540,567,566,406
304,485,94,540,567,566,406
304,485,120,94,540,567,566,406
304,485,540,567,566,406
304,566,406
304,473,566,406
304,303,540,567,566,406,246
304,485,94,540,567,566,406,246
304,485,120,94,540,567,566,406,246
304,485,540,567,566,406,246
304,566,406,246
304,473,566,406,246
304,485
304,566,567,540,485
304,473,566,567,540,485
304,303,540
304,485,540
304,566,567,540
304,473,566,567,540
304,303,540,358
304,485,94,540,358
304,485,120,94,540,358
304,485,540,358
304,566,567,540,358
304,473,566,567,540,358
304,303,540,122
304,485,94,540,122
304,485,120,94,540,122
304,485,540,122
304,566,567,540,122
304,473,566,567,540,122
304,566
304,473,566
304,303,540,567,566,224
304,485,94,540,567,566,224
304,485,120,94,540,567,566,224
304,485,540,567,566,224
304,566,224
304,473,566,224
304,473
304,303,540,567
304,485,94,540,567
304,485,120,94,540,567
304,485,540,567
304,566,567
304,473,566,567
304,303,540,567,239
304,485,94,540,567,239
304,485,120,94,540,567,239
304,485,540,567,239
304,566,567,239
304,473,566,567,239
305,59,560,55,442,335
305,59,560,55,442,443,335
305,59,585,55,442,335
305,59,585,55,442,443,335
305,55,442,335
305,55,442,443,335
305,59,560,55,442,335,336
305,59,560,55,442,443,335,336
305,59,585,55,442,335,336
305,59,585,55,442,443,335,336
305,55,442,335,336
305,55,442,443,335,336
305,59,346
305,55,560,59,346
305,55,585,59,346
305,59,417
305,55,560,59,417
305,55,585,59,417
305,59,560,55,442
305,59,585,55,442
305,55,442
305,59,560,55,442,443
305,59,585,55,442,443
305,55,442,443
305,59,534
305,55,560,59,534
305,55,585,59,534
305,59,560
305,59,585,55,560
305,55,560
305,59,585
305,55,585
305,59,595
305,55,560,59,595
305,55,585,59,595
305,59,628
305,55,560,59,628
305,55,585,59,628
314,315
314,495,352,315
314,315,352
314,495,352
314,315,352,353
314,495,352,353
314,315,352,77
314,495,352,77
314,495
314,315,352,495,496
314,495,496
314,315,352,495,289
314,495,289
315,352
315,314,495,352,353
315,352,353
315,314,495,352,77
315,352,77
315,314,495
315,352,495
315,314,495,496
315,352,495,496
315,314,495,289
315,352,495,289
319,118,366
319,118,418
319,118,428
319,118,464
319,118,500
319,118,536
319,118,547
319,118,559
319,118,572
319,118,575
322,323
322,323,551,41,410
322,41,410
322,323,551,41,469
322,41,469
322,323,522
322,41,551,323,522
322,323,551
322,41,551
322,323,563
322,41,551,323,563
323,322,41,410
323,551,41,410
323,322,41,469
323,551,41,469
323,522
323,551
323,563
325,231,53,57,19,427
325,231,53,268,57,19,427
335,336
335,442,55,58,59,346
335,442,55,111,59,346
335,442,55,305,59,346
335,442,55,560,59,346
335,442,55,585,59,346
335,443,442,55,58,59,346
335,443,442,55,111,59,346
335,443,442,55,305,59,346
335,443,442,55,560,59,346
335,443,442,55,585,59,346
335,442,55,58,59,417
335,442,55,111,59,417
335,442,55,305,59,417
335,442,55,560,59,417
335,442,55,585,59,417
335,443,442,55,58,59,417
335,443,442,55,111,59,417
335,443,442,55,305,59,417
335,443,442,55,560,59,417
335,443,442,55,585,59,417
335,442
335,443,442
335,443
335,442,55,58,59,534
335,442,55,111,59,534
335,442,55,305,59,534
335,442,55,560,59,534
335,442,55,585,59,534
335,443,442,55,58,59,534
335,443,442,55,111,59,534
335,443,442,55,305,59,534
335,443,442,55,560,59,534
335,443,442,55,585,59,534
335,442,55,560
335,442,55,585,59,560
335,443,442,55,560
335,443,442,55,585,59,560
335,442,55,585
335,443,442,55,585
335,442,55,58,59,595
335,442,55,111,59,595
335,442,55,305,59,595
335,442,55,560,59,595
335,442,55,585,59,595
335,443,442,55,58,59,595
335,443,442,55,111,59,595
335,443,442,55,305,59,595
335,443,442,55,560,59,595
335,443,442,55,585,59,595
335,442,55,58,59,628
335,442,55,111,59,628
335,442,55,305,59,628
335,442,55,560,59,628
335,442,55,585,59,628
335,443,442,55,58,59,628
335,443,442,55,111,59,628
335,443,442,55,305,59,628
335,443,442,55,560,59,628
335,443,442,55,585,59,628
336,335,442,55,58,59,346
336,335,442,55,111,59,346
336,335,442,55,305,59,346
336,335,442,55,560,59,346
336,335,442,55,585,59,346
336,335,443,442,55,58,59,346
336,335,443,442,55,111,59,346
336,335,443,442,55,305,59,346
336,335,443,442,55,560,59,346
336,335,443,442,55,585,59,346
336,335,442,55,58,59,417
336,335,442,55,111,59,417
336,335,442,55,305,59,417
336,335,442,55,560,59,417
336,335,442,55,585,59,417
336,335,443,442,55,58,59,417
336,335,443,442,55,111,59,417
336,335,443,442,55,305,59,417
336,335,443,442,55,560,59,417
336,335,443,442,55,585,59,417
336,335,442
336,335,443,442
336,335,443
336,335,442,55,58,59,534
336,335,442,55,111,59,534
336,335,442,55,305,59,534
336,335,442,55,560,59,534
336,335,442,55,585,59,534
336,335,443,442,55,58,59,534
336,335,443,442,55,111,59,534
336,335,443,442,55,305,59,534
336,335,443,442,55,560,59,534
336,335,443,442,55,585,59,534
336,335,442,55,560
336,335,442,55,585,59,560
336,335,443,442,55,560
336,335,443,442,55,585,59,560
336,335,442,55,585
336,335,443,442,55,585
336,335,442,55,58,59,595
336,335,442,55,111,59,595
336,335,442,55,305,59,595
336,335,442,55,560,59,595
336,335,442,55,585,59,595
336,335,443,442,55,58,59,595
336,335,443,442,55,111,59,595
336,335,443,442,55,305,59,595
336,335,443,442,55,560,59,595
336,335,443,442,55,585,59,595
336,335,442,55,58,59,628
336,335,442,55,111,59,628
336,335,442,55,305,59,628
336,335,442,55,560,59,628
336,335,442,55,585,59,628
336,335,443,442,55,58,59,628
336,335,443,442,55,111,59,628
336,335,443,442,55,305,59,628
336,335,443,442,55,560,59,628
336,335,443,442,55,585,59,628
341,342
341,343
341,344
341,583
342,341,343
342,341,344
342,341,583
343,341,344
343,341,583
344,341,583
345,486
345,487,486
345,487
345,27,564
345,486,487,31
345,487,31
346,59,417
346,59,58,55,442
346,59,111,55,442
346,59,305,55,442
346,59,560,55,442
346,59,585,55,442
346,59,58,55,442,443
346,59,111,55,442,443
346,59,305,55,442,443
346,59,560,55,442,443
346,59,585,55,442,443
346,59,534
346,59,560
346,59,585,55,560
346,59,585
346,59,595
346,59,628
350,256,423
350,161,423
352,353
352,77
352,495
352,495,496
352,495,289
353,352,77
353,352,495
353,352,315,314,495,496
353,352,495,496
353,352,315,314,495,289
353,352,495,289
77,352,495
77,352,315,314,495,496
77,352,495,496
77,352,315,314,495,289
77,352,495,289
363,364
366,118,418
366,118,428
366,118,464
366,118,500
366,118,536
366,118,547
366,118,559
366,118,572
366,118,575
368,369
394,232
394,236,549,232
394,236
394,232,549
394,236,549
232,394,236
232,549,236
232,549
236,549
406,246
406,566,304,485
406,566,473,304,485
406,566,567,540,485
406,566,304,303,540
406,566,304,485,540
406,566,473,304,303,540
406,566,473,304,485,540
406,566,567,540
406,566,304,303,485,94,540,358
406,566,304,303,485,120,94,540,358
406,566,304,303,485,540,358
406,566,304,303,540,358
406,566,304,485,94,540,358
406,566,304,485,120,94,540,358
406,566,304,485,540,358
406,566,473,304,303,485,94,540,358
406,566,473,304,303,485,120,94,540,358
406,566,473,304,303,485,540,358
406,566,473,304,303,540,358
406,566,473,304,485,94,540,358
406,566,473,304,485,120,94,540,358
406,566,473,304,485,540,358
406,566,567,540,358
406,566,304,303,485,94,540,122
406,566,304,303,485,120,94,540,122
406,566,304,303,485,540,122
406,566,304,303,540,122
406,566,304,485,94,540,122
406,566,304,485,120,94,540,122
406,566,304,485,540,122
406,566,473,304,303,485,94,540,122
406,566,473,304,303,485,120,94,540,122
406,566,473,304,303,485,540,122
406,566,473,304,303,540,122
406,566,473,304,485,94,540,122
406,566,473,304,485,120,94,540,122
406,566,473,304,485,540,122
406,566,567,540,122
406,566
406,566,224
406,566,473
406,566,567,540,94,120,485,304,473
406,566,567,540,94,120,485,303,304,473
406,566,567,540,94,485,304,473
406,566,567,540,94,485,303,304,473
406,566,567,540,303,304,473
406,566,567,540,303,485,304,473
406,566,567,540,485,304,473
406,566,567
406,566,304,303,485,94,540,567,239
406,566,304,303,485,120,94,540,567,239
406,566,304,303,485,540,567,239
406,566,304,303,540,567,239
406,566,304,485,94,540,567,239
406,566,304,485,120,94,540,567,239
406,566,304,485,540,567,239
406,566,473,304,303,485,94,540,567,239
406,566,473,304,303,485,120,94,540,567,239
406,566,473,304,303,485,540,567,239
406,566,473,304,303,540,567,239
406,566,473,304,485,94,540,567,239
406,566,473,304,485,120,94,540,567,239
406,566,473,304,485,540,567,239
406,566,567,239
246,406,566,304,485
246,406,566,473,304,485
246,406,566,567,540,485
246,406,566,304,303,540
246,406,566,304,485,540
246,406,566,473,304,303,540
246,406,566,473,304,485,540
246,406,566,567,540
246,406,566,304,303,485,94,540,358
246,406,566,304,303,485,120,94,540,358
246,406,566,304,303,485,540,358
246,406,566,304,303,540,358
246,406,566,304,485,94,540,358
246,406,566,304,485,120,94,540,358
246,406,566,304,485,540,358
246,406,566,473,304,303,485,94,540,358
246,406,566,473,304,303,485,120,94,540,358
246,406,566,473,304,303,485,540,358
246,406,566,473,304,303,540,358
246,406,566,473,304,485,94,540,358
246,406,566,473,304,485,120,94,540,358
246,406,566,473,304,485,540,358
246,406,566,567,540,358
246,406,566,304,303,485,94,540,122
246,406,566,304,303,485,120,94,540,122
246,406,566,304,303,485,540,122
246,406,566,304,303,540,122
246,406,566,304,485,94,540,122
246,406,566,304,485,120,94,540,122
246,406,566,304,485,540,122
246,406,566,473,304,303,485,94,540,122
246,406,566,473,304,303,485,120,94,540,122
246,406,566,473,304,303,485,540,122
246,406,566,473,304,303,540,122
246,406,566,473,304,485,94,540,122
246,406,566,473,304,485,120,94,540,122
246,406,566,473,304,485,540,122
246,406,566,567,540,122
246,406,566
246,406,566,224
246,406,566,473
246,406,566,567,540,94,120,485,304,473
246,406,566,567,540,94,120,485,303,304,473
246,406,566,567,540,94,485,304,473
246,406,566,567,540,94,485,303,304,473
246,406,566,567,540,303,304,473
246,406,566,567,540,303,485,304,473
246,406,566,567,540,485,304,473
246,406,566,567
246,406,566,304,303,485,94,540,567,239
246,406,566,304,303,485,120,94,540,567,239
246,406,566,304,303,485,540,567,239
246,406,566,304,303,540,567,239
246,406,566,304,485,94,540,567,239
246,406,566,304,485,120,94,540,567,239
246,406,566,304,485,540,567,239
246,406,566,473,304,303,485,94,540,567,239
246,406,566,473,304,303,485,120,94,540,567,239
246,406,566,473,304,303,485,540,567,239
246,406,566,473,304,303,540,567,239
246,406,566,473,304,485,94,540,567,239
246,406,566,473,304,485,120,94,540,567,239
246,406,566,473,304,485,540,567,239
246,406,566,567,239
410,41,469
410,41,322,323,522
410,41,551,323,522
410,41,551
410,41,322,323,563
410,41,551,323,563
417,59,58,55,442
417,59,111,55,442
417,59,305,55,442
417,59,560,55,442
417,59,585,55,442
417,59,58,55,442,443
417,59,111,55,442,443
417,59,305,55,442,443
417,59,560,55,442,443
417,59,585,55,442,443
417,59,534
417,59,560
417,59,585,55,560
417,59,585
417,59,595
417,59,628
418,118,428
418,118,464
418,118,500
418,118,536
418,118,547
418,118,559
418,118,572
418,118,575
428,118,464
428,118,500
428,118,536
428,118,547
428,118,559
428,118,572
428,118,575
431,317
432,10,594
442,443
442,55,58,59,534
442,55,111,59,534
442,55,305,59,534
442,55,560,59,534
442,55,585,59,534
442,55,560
442,55,585,59,560
442,55,585
442,55,58,59,595
442,55,111,59,595
442,55,305,59,595
442,55,560,59,595
442,55,585,59,595
442,55,58,59,628
442,55,111,59,628
442,55,305,59,628
442,55,560,59,628
442,55,585,59,628
443,442,55,58,59,534
443,442,55,111,59,534
443,442,55,305,59,534
443,442,55,560,59,534
443,442,55,585,59,534
443,442,55,560
443,442,55,585,59,560
443,442,55,585
443,442,55,58,59,595
443,442,55,111,59,595
443,442,55,305,59,595
443,442,55,560,59,595
443,442,55,585,59,595
443,442,55,58,59,628
443,442,55,111,59,628
443,442,55,305,59,628
443,442,55,560,59,628
443,442,55,585,59,628
460,195,514
460,571
464,118,500
464,118,536
464,118,547
464,118,559
464,118,572
464,118,575
467,38,477
469,41,322,323,522
469,41,551,323,522
469,41,551
469,41,322,323,563
469,41,551,323,563
483,374
483,466
374,483,466
485,540
485,304,566,567,540,358
485,304,473,566,567,540,358
485,540,358
485,304,566,567,540,122
485,304,473,566,567,540,122
485,540,122
485,304,566
485,304,473,566
485,540,567,566
485,304,566,224
485,304,473,566,224
485,540,567,566,224
485,304,473
485,540,567,566,473
485,304,566,567
485,304,473,566,567
485,540,567
485,304,566,567,239
485,304,473,566,567,239
485,540,567,239
486,487
486,345,27,564
486,487,345,27,564
486,487,31
487,345,27,564
487,31
495,496
495,289
496,495,289
500,118,536
500,118,547
500,118,559
500,118,572
500,118,575
84,208,562
84,208,591,182,183,622,109,562
84,208,591,109,562
84,623,622,109,562
84,623,622,109,591,208,562
84,623,622,183,182,184,109,562
84,623,622,183,182,591,109,562
84,623,622,183,182,591,208,562
84,623,109,562
84,623,109,591,208,562
84,208,591
84,623,622,109,591
84,623,622,183,182,591
84,623,109,591
84,208,207,109,622
84,208,184,182,183,622
84,208,184,182,591,109,622
84,208,184,109,622
84,208,562,109,622
84,208,591,182,183,622
84,208,591,109,622
84,623,622
84,623
514,195,194,196,571
514,195,460,571
514,195,283,571
521,93
522,323,551
522,323,563
534,59,560
534,59,585,55,560
534,59,585
534,59,595
534,59,628
536,118,547
536,118,559
536,118,572
536,118,575
540,358
540,122
540,303,304,566
540,303,304,473,566
540,485,304,566
540,485,304,473,566
540,567,566
540,303,304,566,224
540,303,304,473,566,224
540,485,304,566,224
540,485,304,473,566,224
540,567,566,224
540,303,304,473
540,485,304,473
540,567,566,473
540,567
540,303,304,566,567,239
540,303,304,473,566,567,239
540,485,304,566,567,239
540,485,304,473,566,567,239
540,567,239
358,540,122
358,540,94,120,485,304,566
358,540,94,120,485,304,473,566
358,540,94,120,485,303,304,566
358,540,94,120,485,303,304,473,566
358,540,94,485,304,566
358,540,94,485,304,473,566
358,540,94,485,303,304,566
358,540,94,485,303,304,473,566
358,540,303,304,566
358,540,303,304,473,566
358,540,303,485,304,566
358,540,303,485,304,473,566
358,540,485,304,566
358,540,485,304,473,566
358,540,567,566
358,540,94,120,485,304,566,224
358,540,94,120,485,304,473,566,224
358,540,94,120,485,303,304,566,224
358,540,94,120,485,303,304,473,566,224
358,540,94,485,304,566,224
358,540,94,485,304,473,566,224
358,540,94,485,303,304,566,224
358,540,94,485,303,304,473,566,224
358,540,303,304,566,224
358,540,303,304,473,566,224
358,540,303,485,304,566,224
358,540,303,485,304,473,566,224
358,540,485,304,566,224
358,540,485,304,473,566,224
358,540,567,566,224
358,540,94,120,485,304,473
358,540,94,120,485,303,304,473
358,540,94,485,304,473
358,540,94,485,303,304,473
358,540,303,304,473
358,540,303,485,304,473
358,540,485,304,473
358,540,567,566,473
358,540,567
358,540,94,120,485,304,566,567,239
358,540,94,120,485,304,473,566,567,239
358,540,94,120,485,303,304,566,567,239
358,540,94,120,485,303,304,473,566,567,239
358,540,94,485,304,566,567,239
358,540,94,485,304,473,566,567,239
358,540,94,485,303,304,566,567,239
358,540,94,485,303,304,473,566,567,239
358,540,303,304,566,567,239
358,540,303,304,473,566,567,239
358,540,303,485,304,566,567,239
358,540,303,485,304,473,566,567,239
358,540,485,304,566,567,239
358,540,485,304,473,566,567,239
358,540,567,239
122,540,94,120,485,304,566
122,540,94,120,485,304,473,566
122,540,94,120,485,303,304,566
122,540,94,120,485,303,304,473,566
122,540,94,485,304,566
122,540,94,485,304,473,566
122,540,94,485,303,304,566
122,540,94,485,303,304,473,566
122,540,303,304,566
122,540,303,304,473,566
122,540,303,485,304,566
122,540,303,485,304,473,566
122,540,485,304,566
122,540,485,304,473,566
122,540,567,566
122,540,94,120,485,304,566,224
122,540,94,120,485,304,473,566,224
122,540,94,120,485,303,304,566,224
122,540,94,120,485,303,304,473,566,224
122,540,94,485,304,566,224
122,540,94,485,304,473,566,224
122,540,94,485,303,304,566,224
122,540,94,485,303,304,473,566,224
122,540,303,304,566,224
122,540,303,304,473,566,224
122,540,303,485,304,566,224
122,540,303,485,304,473,566,224
122,540,485,304,566,224
122,540,485,304,473,566,224
122,540,567,566,224
122,540,94,120,485,304,473
122,540,94,120,485,303,304,473
122,540,94,485,304,473
122,540,94,485,303,304,473
122,540,303,304,473
122,540,303,485,304,473
122,540,485,304,473
122,540,567,566,473
122,540,567
122,540,94,120,485,304,566,567,239
122,540,94,120,485,304,473,566,567,239
122,540,94,120,485,303,304,566,567,239
122,540,94,120,485,303,304,473,566,567,239
122,540,94,485,304,566,567,239
122,540,94,485,304,473,566,567,239
122,540,94,485,303,304,566,567,239
122,540,94,485,303,304,473,566,567,239
122,540,303,304,566,567,239
122,540,303,304,473,566,567,239
122,540,303,485,304,566,567,239
122,540,303,485,304,473,566,567,239
122,540,485,304,566,567,239
122,540,485,304,473,566,567,239
122,540,567,239
547,118,559
547,118,572
547,118,575
551,323,563
559,118,572
559,118,575
560,55,585
560,59,585
560,55,585,59,595
560,59,595
560,55,585,59,628
560,59,628
562,109,591
562,109,622,183,182,591
562,109,623,622,183,182,591
562,208,591
562,109,622
562,109,623,622
562,208,184,182,183,622
562,208,84,623,622
562,208,591,182,183,622
562,208,591,109,622
562,208,591,109,623,622
562,109,623
562,208,184,182,183,622,623
562,208,84,623
562,208,591,182,183,622,623
562,208,591,109,623
564,27,345,486,487,31
564,27,345,487,31
566,224
566,473
566,567
566,567,239
224,566,473
224,566,567,540,94,120,485,304,473
224,566,567,540,94,120,485,303,304,473
224,566,567,540,94,485,304,473
224,566,567,540,94,485,303,304,473
224,566,567,540,303,304,473
224,566,567,540,303,485,304,473
224,566,567,540,485,304,473
224,566,567
224,566,304,303,485,94,540,567,239
224,566,304,303,485,120,94,540,567,239
224,566,304,303,485,540,567,239
224,566,304,303,540,567,239
224,566,304,485,94,540,567,239
224,566,304,485,120,94,540,567,239
224,566,304,485,540,567,239
224,566,473,304,303,485,94,540,567,239
224,566,473,304,303,485,120,94,540,567,239
224,566,473,304,303,485,540,567,239
224,566,473,304,303,540,567,239
224,566,473,304,485,94,540,567,239
224,566,473,304,485,120,94,540,567,239
224,566,473,304,485,540,567,239
224,566,567,239
473,566,567
473,304,303,485,94,540,567
473,304,303,485,120,94,540,567
473,304,303,485,540,567
473,304,303,540,567
473,304,485,94,540,567
473,304,485,120,94,540,567
473,304,485,540,567
473,566,567,239
473,304,303,485,94,540,567,239
473,304,303,485,120,94,540,567,239
473,304,303,485,540,567,239
473,304,303,540,567,239
473,304,485,94,540,567,239
473,304,485,120,94,540,567,239
473,304,485,540,567,239
567,239
572,118,575
585,59,595
585,59,628
586,438
588,528
591,182,183,622
591,109,622
591,109,623,622
591,208,84,623,622
591,182,183,622,623
591,109,623
591,208,84,623
595,59,628
622,623
