1,2
1,2,118
2,118
4,5
4,6,14,12,13,31,5
4,6,14,12,13,5
4,6,14,12,16,153,13,31,5
4,6,14,12,16,153,13,5
4,6,14,31,13,5
4,6,14,31,5
4,6,14,32,31,13,5
4,6,14,32,31,5
4,6
4,5,31,14,12
4,5,31,13,12
4,5,31,13,153,16,12
4,5,31,32,14,12
4,5,13,12
4,5,13,31,14,12
4,5,13,31,32,14,12
4,5,13,153,16,12
4,6,14,12
4,6,14,31,13,12
4,6,14,31,13,153,16,12
4,6,14,32,31,13,12
4,6,14,32,31,13,153,16,12
4,6,14,32,31,5,13,12
4,6,14,32,31,5,13,153,16,12
4,5,31,14,12,16,153,13
4,5,31,13
4,5,31,32,14,12,16,153,13
4,5,13
4,6,14,12,13
4,6,14,12,16,153,13
4,6,14,31,13
4,6,14,32,31,13
4,5,31,14
4,5,31,32,14
4,5,13,12,14
4,5,13,31,14
4,5,13,31,32,14
4,5,13,153,16,12,14
4,6,14
4,5,31,14,12,15
4,5,31,13,12,15
4,5,31,13,153,16,12,15
4,5,31,32,14,12,15
4,5,13,12,15
4,5,13,31,14,12,15
4,5,13,31,32,14,12,15
4,5,13,153,16,12,15
4,6,14,12,15
4,6,14,31,13,12,15
4,6,14,31,13,153,16,12,15
4,6,14,31,5,13,12,15
4,6,14,31,5,13,153,16,12,15
4,6,14,32,31,13,12,15
4,6,14,32,31,13,153,16,12,15
4,6,14,32,31,5,13,12,15
4,6,14,32,31,5,13,153,16,12,15
4,5,31,14,12,16
4,5,31,13,12,16
4,5,31,13,153,16
4,5,31,32,14,12,16
4,5,13,12,16
4,5,13,31,14,12,16
4,5,13,31,32,14,12,16
4,5,13,153,16
4,6,14,12,16
4,6,14,31,13,12,16
4,6,14,31,13,153,16
4,6,14,31,5,13,12,16
4,6,14,31,5,13,153,16
4,6,14,32,31,13,12,16
4,6,14,32,31,13,153,16
4,6,14,32,31,5,13,12,16
4,6,14,32,31,5,13,153,16
4,5,31,14,24
4,5,31,13,12,14,24
4,5,31,13,153,16,12,14,24
4,5,31,32,14,24
4,5,13,12,14,24
4,5,13,31,14,24
4,5,13,31,32,14,24
4,5,13,153,16,12,14,24
4,6,14,24
4,5,31
4,6,14,31
4,6,14,32,31
4,5,31,32
4,5,13,12,14,32
4,5,13,31,32
4,5,13,153,16,12,14,32
4,6,14,32
4,5,26
4,6,14,12,13,31,5,26
4,6,14,12,13,5,26
4,6,14,12,16,153,13,31,5,26
4,6,14,12,16,153,13,5,26
4,6,14,31,13,5,26
4,6,14,31,5,26
4,6,14,32,31,13,5,26
4,6,14,32,31,5,26
4,5,31,89
4,5,13,12,14,31,89
4,5,13,12,14,32,31,89
4,5,13,31,89
4,5,13,153,16,12,14,31,89
4,5,13,153,16,12,14,32,31,89
4,6,14,12,13,31,89
4,6,14,12,13,5,31,89
4,6,14,12,16,153,13,31,89
4,6,14,12,16,153,13,5,31,89
4,6,14,31,89
4,6,14,32,31,89
4,5,31,14,133
4,5,31,13,12,14,133
4,5,31,13,153,16,12,14,133
4,5,31,32,14,133
4,5,13,12,14,133
4,5,13,31,14,133
4,5,13,31,32,14,133
4,5,13,153,16,12,14,133
4,6,14,133
4,5,31,14,133,134
4,5,31,13,12,14,133,134
4,5,31,13,153,16,12,14,133,134
4,5,31,32,14,133,134
4,5,13,12,14,133,134
4,5,13,31,14,133,134
4,5,13,31,32,14,133,134
4,5,13,153,16,12,14,133,134
4,6,14,133,134
4,5,31,137
4,5,13,12,14,31,137
4,5,13,12,14,32,31,137
4,5,13,31,137
4,5,13,153,16,12,14,31,137
4,5,13,153,16,12,14,32,31,137
4,6,14,12,13,31,137
4,6,14,12,13,5,31,137
4,6,14,12,16,153,13,31,137
4,6,14,12,16,153,13,5,31,137
4,6,14,31,137
4,6,14,32,31,137
4,5,31,14,12,13,145
4,5,31,14,12,16,153,13,145
4,5,31,13,145
4,5,31,32,14,12,13,145
4,5,31,32,14,12,16,153,13,145
4,5,13,145
4,6,14,12,13,145
4,6,14,12,16,153,13,145
4,6,14,31,13,145
4,6,14,31,5,13,145
4,6,14,32,31,13,145
4,6,14,32,31,5,13,145
4,5,31,14,12,13,150
4,5,31,14,12,16,153,13,150
4,5,31,13,150
4,5,31,32,14,12,13,150
4,5,31,32,14,12,16,153,13,150
4,5,13,150
4,6,14,12,13,150
4,6,14,12,16,153,13,150
4,6,14,31,13,150
4,6,14,31,5,13,150
4,6,14,32,31,13,150
4,6,14,32,31,5,13,150
4,5,31,14,133,134,105
4,5,31,13,12,14,133,134,105
4,5,31,13,153,16,12,14,133,134,105
4,5,31,32,14,133,134,105
4,5,13,12,14,133,134,105
4,5,13,31,14,133,134,105
4,5,13,31,32,14,133,134,105
4,5,13,153,16,12,14,133,134,105
4,6,14,133,134,105
4,5,31,14,12,13,153
4,5,31,14,12,16,153
4,5,31,13,153
4,5,31,32,14,12,13,153
4,5,31,32,14,12,16,153
4,5,13,153
4,6,14,12,13,153
4,6,14,12,16,153
4,6,14,31,13,153
4,6,14,31,5,13,153
4,6,14,32,31,13,153
4,6,14,32,31,5,13,153
4,5,31,14,12,13,153,129
4,5,31,14,12,16,153,129
4,5,31,13,12,16,153,129
4,5,31,13,153,129
4,5,31,32,14,12,13,153,129
4,5,31,32,14,12,16,153,129
4,5,13,12,16,153,129
4,5,13,31,14,12,16,153,129
4,5,13,31,32,14,12,16,153,129
4,5,13,153,129
4,6,14,12,13,153,129
4,6,14,12,16,153,129
4,6,14,31,13,12,16,153,129
4,6,14,31,13,153,129
4,6,14,31,5,13,12,16,153,129
4,6,14,31,5,13,153,129
4,6,14,32,31,13,12,16,153,129
4,6,14,32,31,13,153,129
4,6,14,32,31,5,13,12,16,153,129
4,6,14,32,31,5,13,153,129
4,5,31,14,12,13,153,49
4,5,31,14,12,16,153,49
4,5,31,13,12,16,153,49
4,5,31,13,153,49
4,5,31,32,14,12,13,153,49
4,5,31,32,14,12,16,153,49
4,5,13,12,16,153,49
4,5,13,31,14,12,16,153,49
4,5,13,31,32,14,12,16,153,49
4,5,13,153,49
4,6,14,12,13,153,49
4,6,14,12,16,153,49
4,6,14,31,13,12,16,153,49
4,6,14,31,13,153,49
4,6,14,31,5,13,12,16,153,49
4,6,14,31,5,13,153,49
4,6,14,32,31,13,12,16,153,49
4,6,14,32,31,13,153,49
4,6,14,32,31,5,13,12,16,153,49
4,6,14,32,31,5,13,153,49
5,4,6
5,31,14,6
5,31,13,12,14,6
5,31,13,153,16,12,14,6
5,31,32,14,6
5,13,12,14,6
5,13,31,14,6
5,13,31,32,14,6
5,13,153,16,12,14,6
5,4,6,14,12
5,31,14,12
5,31,13,12
5,31,13,153,16,12
5,31,32,14,12
5,13,12
5,13,31,14,12
5,13,31,32,14,12
5,13,153,16,12
5,31,14,12,16,153,13
5,31,13
5,31,32,14,12,16,153,13
5,13
5,4,6,14
5,31,14
5,31,32,14
5,13,12,14
5,13,31,14
5,13,31,32,14
5,13,153,16,12,14
5,4,6,14,12,15
5,31,14,12,15
5,31,13,12,15
5,31,13,153,16,12,15
5,31,32,14,12,15
5,13,12,15
5,13,31,14,12,15
5,13,31,32,14,12,15
5,13,153,16,12,15
5,4,6,14,12,16
5,31,14,12,16
5,31,13,12,16
5,31,13,153,16
5,31,32,14,12,16
5,13,12,16
5,13,31,14,12,16
5,13,31,32,14,12,16
5,13,153,16
5,4,6,14,24
5,31,14,24
5,31,13,12,14,24
5,31,13,153,16,12,14,24
5,31,32,14,24
5,13,12,14,24
5,13,31,14,24
5,13,31,32,14,24
5,13,153,16,12,14,24
5,31
5,4,6,14,32
5,31,32
5,13,12,14,32
5,13,31,32
5,13,153,16,12,14,32
5,26
5,4,6,14,31,89
5,4,6,14,32,31,89
5,31,89
5,13,12,14,31,89
5,13,12,14,32,31,89
5,13,31,89
5,13,153,16,12,14,31,89
5,13,153,16,12,14,32,31,89
5,4,6,14,133
5,31,14,133
5,31,13,12,14,133
5,31,13,153,16,12,14,133
5,31,32,14,133
5,13,12,14,133
5,13,31,14,133
5,13,31,32,14,133
5,13,153,16,12,14,133
5,4,6,14,133,134
5,31,14,133,134
5,31,13,12,14,133,134
5,31,13,153,16,12,14,133,134
5,31,32,14,133,134
5,13,12,14,133,134
5,13,31,14,133,134
5,13,31,32,14,133,134
5,13,153,16,12,14,133,134
5,4,6,14,31,137
5,4,6,14,32,31,137
5,31,137
5,13,12,14,31,137
5,13,12,14,32,31,137
5,13,31,137
5,13,153,16,12,14,31,137
5,13,153,16,12,14,32,31,137
5,4,6,14,12,13,145
5,4,6,14,12,16,153,13,145
5,31,14,12,13,145
5,31,14,12,16,153,13,145
5,31,13,145
5,31,32,14,12,13,145
5,31,32,14,12,16,153,13,145
5,13,145
5,4,6,14,12,13,150
5,4,6,14,12,16,153,13,150
5,31,14,12,13,150
5,31,14,12,16,153,13,150
5,31,13,150
5,31,32,14,12,13,150
5,31,32,14,12,16,153,13,150
5,13,150
5,4,6,14,133,134,105
5,31,14,133,134,105
5,31,13,12,14,133,134,105
5,31,13,153,16,12,14,133,134,105
5,31,32,14,133,134,105
5,13,12,14,133,134,105
5,13,31,14,133,134,105
5,13,31,32,14,133,134,105
5,13,153,16,12,14,133,134,105
5,4,6,14,12,13,153
5,4,6,14,12,16,153
5,31,14,12,13,153
5,31,14,12,16,153
5,31,13,153
5,31,32,14,12,13,153
5,31,32,14,12,16,153
5,13,153
5,4,6,14,12,13,153,129
5,4,6,14,12,16,153,129
5,31,14,12,13,153,129
5,31,14,12,16,153,129
5,31,13,12,16,153,129
5,31,13,153,129
5,31,32,14,12,13,153,129
5,31,32,14,12,16,153,129
5,13,12,16,153,129
5,13,31,14,12,16,153,129
5,13,31,32,14,12,16,153,129
5,13,153,129
5,4,6,14,12,13,153,49
5,4,6,14,12,16,153,49
5,31,14,12,13,153,49
5,31,14,12,16,153,49
5,31,13,12,16,153,49
5,31,13,153,49
5,31,32,14,12,13,153,49
5,31,32,14,12,16,153,49
5,13,12,16,153,49
5,13,31,14,12,16,153,49
5,13,31,32,14,12,16,153,49
5,13,153,49
6,4,5,31,14,12
6,4,5,31,13,12
6,4,5,31,13,153,16,12
6,4,5,31,32,14,12
6,4,5,13,12
6,4,5,13,153,16,12
6,14,12
6,14,31,13,12
6,14,31,13,153,16,12
6,14,32,31,13,12
6,14,32,31,13,153,16,12
6,14,32,31,5,13,12
6,14,32,31,5,13,153,16,12
6,4,5,31,13
6,4,5,13
6,14,12,13
6,14,12,16,153,13
6,14,31,13
6,14,32,31,13
6,14
6,4,5,31,14,12,15
6,4,5,31,13,12,15
6,4,5,31,13,153,16,12,15
6,4,5,31,32,14,12,15
6,4,5,13,12,15
6,4,5,13,153,16,12,15
6,14,12,15
6,14,31,13,12,15
6,14,31,13,153,16,12,15
6,14,31,5,13,12,15
6,14,31,5,13,153,16,12,15
6,14,32,31,13,12,15
6,14,32,31,13,153,16,12,15
6,14,32,31,5,13,12,15
6,14,32,31,5,13,153,16,12,15
6,4,5,31,14,12,16
6,4,5,31,13,12,16
6,4,5,31,13,153,16
6,4,5,31,32,14,12,16
6,4,5,13,12,16
6,4,5,13,153,16
6,14,12,16
6,14,31,13,12,16
6,14,31,13,153,16
6,14,31,5,13,12,16
6,14,31,5,13,153,16
6,14,32,31,13,12,16
6,14,32,31,13,153,16
6,14,32,31,5,13,12,16
6,14,32,31,5,13,153,16
6,4,5,31,14,24
6,4,5,31,13,12,14,24
6,4,5,31,13,153,16,12,14,24
6,4,5,31,32,14,24
6,4,5,13,12,14,24
6,4,5,13,31,14,24
6,4,5,13,31,32,14,24
6,4,5,13,153,16,12,14,24
6,14,24
6,4,5,31
6,14,31
6,14,32,31
6,4,5,31,32
6,4,5,13,12,14,32
6,4,5,13,31,32
6,4,5,13,153,16,12,14,32
6,14,32
6,4,5,26
6,14,12,13,31,5,26
6,14,12,13,5,26
6,14,12,16,153,13,31,5,26
6,14,12,16,153,13,5,26
6,14,31,13,5,26
6,14,31,5,26
6,14,32,31,13,5,26
6,14,32,31,5,26
6,4,5,31,89
6,4,5,13,12,14,32,31,89
6,4,5,13,31,89
6,4,5,13,153,16,12,14,32,31,89
6,14,12,13,31,89
6,14,12,13,5,31,89
6,14,12,16,153,13,31,89
6,14,12,16,153,13,5,31,89
6,14,31,89
6,14,32,31,89
6,4,5,31,14,133
6,4,5,31,13,12,14,133
6,4,5,31,13,153,16,12,14,133
6,4,5,31,32,14,133
6,4,5,13,12,14,133
6,4,5,13,31,14,133
6,4,5,13,31,32,14,133
6,4,5,13,153,16,12,14,133
6,14,133
6,4,5,31,14,133,134
6,4,5,31,13,12,14,133,134
6,4,5,31,13,153,16,12,14,133,134
6,4,5,31,32,14,133,134
6,4,5,13,12,14,133,134
6,4,5,13,31,14,133,134
6,4,5,13,31,32,14,133,134
6,4,5,13,153,16,12,14,133,134
6,14,133,134
6,4,5,31,137
6,4,5,13,12,14,32,31,137
6,4,5,13,31,137
6,4,5,13,153,16,12,14,32,31,137
6,14,12,13,31,137
6,14,12,13,5,31,137
6,14,12,16,153,13,31,137
6,14,12,16,153,13,5,31,137
6,14,31,137
6,14,32,31,137
6,4,5,31,14,12,13,145
6,4,5,31,14,12,16,153,13,145
6,4,5,31,13,145
6,4,5,31,32,14,12,13,145
6,4,5,31,32,14,12,16,153,13,145
6,4,5,13,145
6,14,12,13,145
6,14,12,16,153,13,145
6,14,31,13,145
6,14,31,5,13,145
6,14,32,31,13,145
6,14,32,31,5,13,145
6,4,5,31,14,12,13,150
6,4,5,31,14,12,16,153,13,150
6,4,5,31,13,150
6,4,5,31,32,14,12,13,150
6,4,5,31,32,14,12,16,153,13,150
6,4,5,13,150
6,14,12,13,150
6,14,12,16,153,13,150
6,14,31,13,150
6,14,31,5,13,150
6,14,32,31,13,150
6,14,32,31,5,13,150
6,4,5,31,14,133,134,105
6,4,5,31,13,12,14,133,134,105
6,4,5,31,13,153,16,12,14,133,134,105
6,4,5,31,32,14,133,134,105
6,4,5,13,12,14,133,134,105
6,4,5,13,31,14,133,134,105
6,4,5,13,31,32,14,133,134,105
6,4,5,13,153,16,12,14,133,134,105
6,14,133,134,105
6,4,5,31,14,12,13,153
6,4,5,31,14,12,16,153
6,4,5,31,13,153
6,4,5,31,32,14,12,13,153
6,4,5,31,32,14,12,16,153
6,4,5,13,153
6,14,12,13,153
6,14,12,16,153
6,14,31,13,153
6,14,31,5,13,153
6,14,32,31,13,153
6,14,32,31,5,13,153
6,4,5,31,14,12,13,153,129
6,4,5,31,14,12,16,153,129
6,4,5,31,13,12,16,153,129
6,4,5,31,13,153,129
6,4,5,31,32,14,12,13,153,129
6,4,5,31,32,14,12,16,153,129
6,4,5,13,12,16,153,129
6,4,5,13,153,129
6,14,12,13,153,129
6,14,12,16,153,129
6,14,31,13,12,16,153,129
6,14,31,13,153,129
6,14,31,5,13,12,16,153,129
6,14,31,5,13,153,129
6,14,32,31,13,12,16,153,129
6,14,32,31,13,153,129
6,14,32,31,5,13,12,16,153,129
6,14,32,31,5,13,153,129
6,4,5,31,14,12,13,153,49
6,4,5,31,14,12,16,153,49
6,4,5,31,13,12,16,153,49
6,4,5,31,13,153,49
6,4,5,31,32,14,12,13,153,49
6,4,5,31,32,14,12,16,153,49
6,4,5,13,12,16,153,49
6,4,5,13,153,49
6,14,12,13,153,49
6,14,12,16,153,49
6,14,31,13,12,16,153,49
6,14,31,13,153,49
6,14,31,5,13,12,16,153,49
6,14,31,5,13,153,49
6,14,32,31,13,12,16,153,49
6,14,32,31,13,153,49
6,14,32,31,5,13,12,16,153,49
6,14,32,31,5,13,153,49
12,13
12,14,31,13
12,14,32,31,13
12,16,153,13
12,14
12,16,153,13,31,14
12,16,153,13,31,32,14
12,15
12,16
12,13,31,14,24
12,13,31,32,14,24
12,13,5,31,32,14,24
12,14,24
12,16,153,13,31,14,24
12,16,153,13,31,32,14,24
12,16,153,13,5,31,32,14,24
12,13,31
12,14,31
12,14,32,31
12,16,153,13,31
12,13,31,32
12,13,5,31,32
12,14,32
12,16,153,13,31,32
12,16,153,13,5,31,32
12,13,31,5,26
12,13,31,32,14,6,4,5,26
12,13,5,26
12,14,31,13,5,26
12,14,31,5,26
12,14,32,31,13,5,26
12,14,32,31,5,26
12,14,6,4,5,26
12,16,153,13,31,5,26
12,16,153,13,31,32,14,6,4,5,26
12,16,153,13,5,26
12,13,31,89
12,13,5,31,89
12,14,31,89
12,14,32,31,89
12,14,6,4,5,31,89
12,16,153,13,31,89
12,16,153,13,5,31,89
12,13,31,14,133
12,13,31,32,14,133
12,13,5,31,32,14,133
12,14,133
12,16,153,13,31,14,133
12,16,153,13,31,32,14,133
12,16,153,13,5,31,32,14,133
12,13,31,14,133,134
12,13,31,32,14,133,134
12,13,5,31,32,14,133,134
12,14,133,134
12,16,153,13,31,14,133,134
12,16,153,13,31,32,14,133,134
12,16,153,13,5,31,32,14,133,134
12,13,31,137
12,13,5,31,137
12,14,31,137
12,14,32,31,137
12,14,6,4,5,31,137
12,16,153,13,31,137
12,16,153,13,5,31,137
12,13,145
12,14,31,13,145
12,14,32,31,13,145
12,16,153,13,145
12,13,150
12,14,31,13,150
12,14,32,31,13,150
12,16,153,13,150
12,13,31,14,133,134,105
12,13,31,32,14,133,134,105
12,13,5,31,32,14,133,134,105
12,14,133,134,105
12,16,153,13,31,14,133,134,105
12,16,153,13,31,32,14,133,134,105
12,16,153,13,5,31,32,14,133,134,105
12,13,153
12,14,31,13,153
12,14,32,31,13,153
12,16,153
12,13,153,129
12,14,31,13,153,129
12,14,32,31,13,153,129
12,16,153,129
12,13,153,49
12,14,31,13,153,49
12,14,32,31,13,153,49
12,16,153,49
13,12,14
13,31,14
13,31,32,14
13,5,4,6,14
13,153,16,12,14
13,12,15
13,31,14,12,15
13,31,32,14,12,15
13,5,4,6,14,12,15
13,153,16,12,15
13,12,16
13,31,14,12,16
13,31,32,14,12,16
13,5,4,6,14,12,16
13,153,16
13,12,14,24
13,31,14,24
13,31,32,14,24
13,5,4,6,14,24
13,153,16,12,14,24
13,31
13,12,14,32
13,31,32
13,5,4,6,14,32
13,153,16,12,14,32
13,31,5,26
13,5,26
13,153,16,12,14,31,5,26
13,153,16,12,14,32,31,5,26
13,12,14,31,89
13,12,14,32,31,89
13,31,89
13,5,4,6,14,31,89
13,5,4,6,14,32,31,89
13,153,16,12,14,31,89
13,153,16,12,14,32,31,89
13,12,14,133
13,31,14,133
13,31,32,14,133
13,5,4,6,14,133
13,153,16,12,14,133
13,12,14,133,134
13,31,14,133,134
13,31,32,14,133,134
13,5,4,6,14,133,134
13,153,16,12,14,133,134
13,12,14,31,137
13,12,14,32,31,137
13,31,137
13,5,4,6,14,31,137
13,5,4,6,14,32,31,137
13,153,16,12,14,31,137
13,153,16,12,14,32,31,137
13,145
13,150
13,12,14,133,134,105
13,31,14,133,134,105
13,31,32,14,133,134,105
13,5,4,6,14,133,134,105
13,153,16,12,14,133,134,105
13,153
13,12,16,153,129
13,31,14,12,16,153,129
13,31,32,14,12,16,153,129
13,5,4,6,14,12,16,153,129
13,153,129
13,12,16,153,49
13,31,14,12,16,153,49
13,31,32,14,12,16,153,49
13,5,4,6,14,12,16,153,49
13,153,49
14,12,15
14,31,13,153,16,12,15
14,31,5,13,153,16,12,15
14,32,31,13,153,16,12,15
14,32,31,5,13,153,16,12,15
14,6,4,5,13,153,16,12,15
14,12,16
14,31,13,153,16
14,31,5,13,153,16
14,32,31,13,153,16
14,32,31,5,13,153,16
14,6,4,5,13,153,16
14,24
14,31
14,32,31
14,32
14,12,13,5,26
14,12,16,153,13,5,26
14,31,13,5,26
14,31,5,26
14,32,31,13,5,26
14,32,31,5,26
14,6,4,5,26
14,31,89
14,32,31,89
14,133
14,133,134
14,31,137
14,32,31,137
14,12,13,145
14,12,16,153,13,145
14,31,13,145
14,31,5,13,145
14,32,31,13,145
14,32,31,5,13,145
14,6,4,5,13,145
14,12,13,150
14,12,16,153,13,150
14,31,13,150
14,31,5,13,150
14,32,31,13,150
14,32,31,5,13,150
14,6,4,5,13,150
14,133,134,105
14,12,13,153
14,12,16,153
14,31,13,153
14,31,5,13,153
14,32,31,13,153
14,32,31,5,13,153
14,6,4,5,13,153
14,12,13,153,129
14,12,16,153,129
14,31,13,153,129
14,31,5,13,153,129
14,32,31,13,153,129
14,32,31,5,13,153,129
14,6,4,5,13,153,129
14,12,13,153,49
14,12,16,153,49
14,31,13,153,49
14,31,5,13,153,49
14,32,31,13,153,49
14,32,31,5,13,153,49
14,6,4,5,13,153,49
15,12,16
15,12,13,31,14,24
15,12,13,31,5,4,6,14,24
15,12,13,31,32,14,24
15,12,13,5,4,6,14,24
15,12,13,5,31,14,24
15,12,13,5,31,32,14,24
15,12,14,24
15,12,16,153,13,31,14,24
15,12,16,153,13,31,5,4,6,14,24
15,12,16,153,13,31,32,14,24
15,12,16,153,13,5,4,6,14,24
15,12,16,153,13,5,31,14,24
15,12,16,153,13,5,31,32,14,24
15,12,13,31
15,12,14,31
15,12,14,32,31
15,12,16,153,13,31
15,12,13,31,32
15,12,13,5,4,6,14,32
15,12,13,5,31,32
15,12,14,32
15,12,16,153,13,31,32
15,12,16,153,13,5,4,6,14,32
15,12,16,153,13,5,31,32
15,12,13,31,14,6,4,5,26
15,12,13,31,5,26
15,12,13,31,32,14,6,4,5,26
15,12,13,5,26
15,12,14,31,13,5,26
15,12,14,31,5,26
15,12,14,32,31,13,5,26
15,12,14,32,31,5,26
15,12,14,6,4,5,26
15,12,16,153,13,31,14,6,4,5,26
15,12,16,153,13,31,5,26
15,12,16,153,13,31,32,14,6,4,5,26
15,12,16,153,13,5,26
15,12,13,31,89
15,12,13,5,4,6,14,31,89
15,12,13,5,4,6,14,32,31,89
15,12,13,5,31,89
15,12,14,31,89
15,12,14,32,31,89
15,12,14,6,4,5,31,89
15,12,16,153,13,31,89
15,12,16,153,13,5,4,6,14,31,89
15,12,16,153,13,5,4,6,14,32,31,89
15,12,16,153,13,5,31,89
15,12,13,31,14,133
15,12,13,31,5,4,6,14,133
15,12,13,31,32,14,133
15,12,13,5,4,6,14,133
15,12,13,5,31,14,133
15,12,13,5,31,32,14,133
15,12,14,133
15,12,16,153,13,31,14,133
15,12,16,153,13,31,5,4,6,14,133
15,12,16,153,13,31,32,14,133
15,12,16,153,13,5,4,6,14,133
15,12,16,153,13,5,31,14,133
15,12,16,153,13,5,31,32,14,133
15,12,13,31,14,133,134
15,12,13,31,5,4,6,14,133,134
15,12,13,31,32,14,133,134
15,12,13,5,4,6,14,133,134
15,12,13,5,31,14,133,134
15,12,13,5,31,32,14,133,134
15,12,14,133,134
15,12,16,153,13,31,14,133,134
15,12,16,153,13,31,5,4,6,14,133,134
15,12,16,153,13,31,32,14,133,134
15,12,16,153,13,5,4,6,14,133,134
15,12,16,153,13,5,31,14,133,134
15,12,16,153,13,5,31,32,14,133,134
15,12,13,31,137
15,12,13,5,4,6,14,31,137
15,12,13,5,4,6,14,32,31,137
15,12,13,5,31,137
15,12,14,31,137
15,12,14,32,31,137
15,12,14,6,4,5,31,137
15,12,16,153,13,31,137
15,12,16,153,13,5,4,6,14,31,137
15,12,16,153,13,5,4,6,14,32,31,137
15,12,16,153,13,5,31,137
15,12,13,145
15,12,14,31,13,145
15,12,14,31,5,13,145
15,12,14,32,31,13,145
15,12,14,32,31,5,13,145
15,12,14,6,4,5,31,13,145
15,12,14,6,4,5,13,145
15,12,16,153,13,145
15,12,13,150
15,12,14,31,13,150
15,12,14,31,5,13,150
15,12,14,32,31,13,150
15,12,14,32,31,5,13,150
15,12,14,6,4,5,31,13,150
15,12,14,6,4,5,13,150
15,12,16,153,13,150
15,12,13,31,14,133,134,105
15,12,13,31,5,4,6,14,133,134,105
15,12,13,31,32,14,133,134,105
15,12,13,5,4,6,14,133,134,105
15,12,13,5,31,14,133,134,105
15,12,13,5,31,32,14,133,134,105
15,12,14,133,134,105
15,12,16,153,13,31,14,133,134,105
15,12,16,153,13,31,5,4,6,14,133,134,105
15,12,16,153,13,31,32,14,133,134,105
15,12,16,153,13,5,4,6,14,133,134,105
15,12,16,153,13,5,31,14,133,134,105
15,12,16,153,13,5,31,32,14,133,134,105
15,12,13,153
15,12,14,31,13,153
15,12,14,31,5,13,153
15,12,14,32,31,13,153
15,12,14,32,31,5,13,153
15,12,14,6,4,5,31,13,153
15,12,14,6,4,5,13,153
15,12,16,153
15,12,13,153,129
15,12,14,31,13,153,129
15,12,14,31,5,13,153,129
15,12,14,32,31,13,153,129
15,12,14,32,31,5,13,153,129
15,12,14,6,4,5,31,13,153,129
15,12,14,6,4,5,13,153,129
15,12,16,153,129
15,12,13,153,49
15,12,14,31,13,153,49
15,12,14,31,5,13,153,49
15,12,14,32,31,13,153,49
15,12,14,32,31,5,13,153,49
15,12,14,6,4,5,31,13,153,49
15,12,14,6,4,5,13,153,49
15,12,16,153,49
16,12,13,31,14,24
16,12,13,31,5,4,6,14,24
16,12,13,31,32,14,24
16,12,13,5,4,6,14,24
16,12,13,5,31,14,24
16,12,13,5,31,32,14,24
16,12,14,24
16,153,13,31,14,24
16,153,13,31,5,4,6,14,24
16,153,13,31,32,14,24
16,153,13,5,4,6,14,24
16,153,13,5,31,14,24
16,153,13,5,31,32,14,24
16,12,13,31
16,12,14,31
16,12,14,32,31
16,153,13,31
16,12,13,31,32
16,12,13,5,4,6,14,32
16,12,13,5,31,32
16,12,14,32
16,153,13,31,32
16,153,13,5,4,6,14,32
16,153,13,5,31,32
16,12,13,31,14,6,4,5,26
16,12,13,31,5,26
16,12,13,31,32,14,6,4,5,26
16,12,13,5,26
16,12,14,31,13,5,26
16,12,14,31,5,26
16,12,14,32,31,13,5,26
16,12,14,32,31,5,26
16,12,14,6,4,5,26
16,153,13,31,14,6,4,5,26
16,153,13,31,5,26
16,153,13,31,32,14,6,4,5,26
16,153,13,5,26
16,12,13,31,89
16,12,13,5,4,6,14,31,89
16,12,13,5,4,6,14,32,31,89
16,12,13,5,31,89
16,12,14,31,89
16,12,14,32,31,89
16,12,14,6,4,5,31,89
16,153,13,31,89
16,153,13,5,4,6,14,31,89
16,153,13,5,4,6,14,32,31,89
16,153,13,5,31,89
16,12,13,31,14,133
16,12,13,31,5,4,6,14,133
16,12,13,31,32,14,133
16,12,13,5,4,6,14,133
16,12,13,5,31,14,133
16,12,13,5,31,32,14,133
16,12,14,133
16,153,13,31,14,133
16,153,13,31,5,4,6,14,133
16,153,13,31,32,14,133
16,153,13,5,4,6,14,133
16,153,13,5,31,14,133
16,153,13,5,31,32,14,133
16,12,13,31,14,133,134
16,12,13,31,5,4,6,14,133,134
16,12,13,31,32,14,133,134
16,12,13,5,4,6,14,133,134
16,12,13,5,31,14,133,134
16,12,13,5,31,32,14,133,134
16,12,14,133,134
16,153,13,31,14,133,134
16,153,13,31,5,4,6,14,133,134
16,153,13,31,32,14,133,134
16,153,13,5,4,6,14,133,134
16,153,13,5,31,14,133,134
16,153,13,5,31,32,14,133,134
16,12,13,31,137
16,12,13,5,4,6,14,31,137
16,12,13,5,4,6,14,32,31,137
16,12,13,5,31,137
16,12,14,31,137
16,12,14,32,31,137
16,12,14,6,4,5,31,137
16,153,13,31,137
16,153,13,5,4,6,14,31,137
16,153,13,5,4,6,14,32,31,137
16,153,13,5,31,137
16,12,13,145
16,12,14,31,13,145
16,12,14,31,5,13,145
16,12,14,32,31,13,145
16,12,14,32,31,5,13,145
16,12,14,6,4,5,31,13,145
16,12,14,6,4,5,13,145
16,153,13,145
16,12,13,150
16,12,14,31,13,150
16,12,14,31,5,13,150
16,12,14,32,31,13,150
16,12,14,32,31,5,13,150
16,12,14,6,4,5,31,13,150
16,12,14,6,4,5,13,150
16,153,13,150
16,12,13,31,14,133,134,105
16,12,13,31,5,4,6,14,133,134,105
16,12,13,31,32,14,133,134,105
16,12,13,5,4,6,14,133,134,105
16,12,13,5,31,14,133,134,105
16,12,13,5,31,32,14,133,134,105
16,12,14,133,134,105
16,153,13,31,14,133,134,105
16,153,13,31,5,4,6,14,133,134,105
16,153,13,31,32,14,133,134,105
16,153,13,5,4,6,14,133,134,105
16,153,13,5,31,14,133,134,105
16,153,13,5,31,32,14,133,134,105
16,153
16,153,129
16,153,49
24,14,31
24,14,32,31
24,14,32
24,14,12,13,31,5,26
24,14,12,13,5,26
24,14,12,16,153,13,31,5,26
24,14,12,16,153,13,5,26
24,14,31,13,5,26
24,14,31,5,26
24,14,32,31,13,5,26
24,14,32,31,5,26
24,14,6,4,5,26
24,14,12,13,31,89
24,14,12,13,5,31,89
24,14,12,16,153,13,31,89
24,14,12,16,153,13,5,31,89
24,14,31,89
24,14,32,31,89
24,14,6,4,5,31,89
24,14,6,4,5,13,31,89
24,14,133
24,14,133,134
24,14,12,13,31,137
24,14,12,13,5,31,137
24,14,12,16,153,13,31,137
24,14,12,16,153,13,5,31,137
24,14,31,137
24,14,32,31,137
24,14,6,4,5,31,137
24,14,6,4,5,13,31,137
24,14,12,13,145
24,14,12,16,153,13,145
24,14,31,13,145
24,14,31,5,13,145
24,14,32,31,13,145
24,14,32,31,5,13,145
24,14,6,4,5,31,13,145
24,14,6,4,5,13,145
24,14,12,13,150
24,14,12,16,153,13,150
24,14,31,13,150
24,14,31,5,13,150
24,14,32,31,13,150
24,14,32,31,5,13,150
24,14,6,4,5,31,13,150
24,14,6,4,5,13,150
24,14,133,134,105
24,14,12,13,153
24,14,12,16,153
24,14,31,13,153
24,14,31,5,13,153
24,14,32,31,13,153
24,14,32,31,5,13,153
24,14,6,4,5,31,13,153
24,14,6,4,5,13,153
24,14,12,13,153,129
24,14,12,16,153,129
24,14,31,13,12,16,153,129
24,14,31,13,153,129
24,14,31,5,13,12,16,153,129
24,14,31,5,13,153,129
24,14,32,31,13,12,16,153,129
24,14,32,31,13,153,129
24,14,32,31,5,13,12,16,153,129
24,14,32,31,5,13,153,129
24,14,6,4,5,31,13,12,16,153,129
24,14,6,4,5,31,13,153,129
24,14,6,4,5,13,12,16,153,129
24,14,6,4,5,13,153,129
24,14,12,13,153,49
24,14,12,16,153,49
24,14,31,13,12,16,153,49
24,14,31,13,153,49
24,14,31,5,13,12,16,153,49
24,14,31,5,13,153,49
24,14,32,31,13,12,16,153,49
24,14,32,31,13,153,49
24,14,32,31,5,13,12,16,153,49
24,14,32,31,5,13,153,49
24,14,6,4,5,31,13,12,16,153,49
24,14,6,4,5,31,13,153,49
24,14,6,4,5,13,12,16,153,49
24,14,6,4,5,13,153,49
31,32
31,5,26
31,89
31,14,133
31,32,14,133
31,14,133,134
31,32,14,133,134
31,137
31,14,12,16,153,13,145
31,13,145
31,32,14,12,16,153,13,145
31,14,12,16,153,13,150
31,13,150
31,32,14,12,16,153,13,150
31,14,133,134,105
31,32,14,133,134,105
31,14,12,16,153
31,13,153
31,32,14,12,16,153
31,14,12,16,153,129
31,13,12,16,153,129
31,13,153,129
31,32,14,12,16,153,129
31,14,12,16,153,49
31,13,12,16,153,49
31,13,153,49
31,32,14,12,16,153,49
32,31,13,5,26
32,31,5,26
32,14,12,13,5,26
32,14,12,16,153,13,5,26
32,14,6,4,5,26
32,31,89
32,14,133
32,14,133,134
32,31,137
32,31,13,145
32,31,5,13,145
32,14,12,13,145
32,14,12,16,153,13,145
32,14,6,4,5,13,145
32,31,13,150
32,31,5,13,150
32,14,12,13,150
32,14,12,16,153,13,150
32,14,6,4,5,13,150
32,14,133,134,105
32,31,13,153
32,31,5,13,153
32,14,12,13,153
32,14,12,16,153
32,14,6,4,5,13,153
32,31,13,12,16,153,129
32,31,13,153,129
32,31,5,13,12,16,153,129
32,31,5,13,153,129
32,14,12,13,153,129
32,14,12,16,153,129
32,14,6,4,5,13,12,16,153,129
32,14,6,4,5,13,153,129
32,31,13,12,16,153,49
32,31,13,153,49
32,31,5,13,12,16,153,49
32,31,5,13,153,49
32,14,12,13,153,49
32,14,12,16,153,49
32,14,6,4,5,13,12,16,153,49
32,14,6,4,5,13,153,49
26,5,4,6,14,12,13,31,89
26,5,4,6,14,12,16,153,13,31,89
26,5,4,6,14,31,89
26,5,4,6,14,32,31,89
26,5,31,89
26,5,13,12,14,31,89
26,5,13,12,14,32,31,89
26,5,13,31,89
26,5,13,153,16,12,14,31,89
26,5,13,153,16,12,14,32,31,89
26,5,4,6,14,133
26,5,31,14,133
26,5,31,13,12,14,133
26,5,31,13,153,16,12,14,133
26,5,31,32,14,133
26,5,13,12,14,133
26,5,13,31,14,133
26,5,13,31,32,14,133
26,5,13,153,16,12,14,133
26,5,4,6,14,133,134
26,5,31,14,133,134
26,5,31,13,12,14,133,134
26,5,31,13,153,16,12,14,133,134
26,5,31,32,14,133,134
26,5,13,12,14,133,134
26,5,13,31,14,133,134
26,5,13,31,32,14,133,134
26,5,13,153,16,12,14,133,134
26,5,4,6,14,12,13,31,137
26,5,4,6,14,12,16,153,13,31,137
26,5,4,6,14,31,137
26,5,4,6,14,32,31,137
26,5,31,137
26,5,13,12,14,31,137
26,5,13,12,14,32,31,137
26,5,13,31,137
26,5,13,153,16,12,14,31,137
26,5,13,153,16,12,14,32,31,137
26,5,4,6,14,12,13,145
26,5,4,6,14,12,16,153,13,145
26,5,4,6,14,31,13,145
26,5,4,6,14,32,31,13,145
26,5,31,14,12,13,145
26,5,31,14,12,16,153,13,145
26,5,31,13,145
26,5,31,32,14,12,13,145
26,5,31,32,14,12,16,153,13,145
26,5,13,145
26,5,4,6,14,12,13,150
26,5,4,6,14,12,16,153,13,150
26,5,4,6,14,31,13,150
26,5,4,6,14,32,31,13,150
26,5,31,14,12,13,150
26,5,31,14,12,16,153,13,150
26,5,31,13,150
26,5,31,32,14,12,13,150
26,5,31,32,14,12,16,153,13,150
26,5,13,150
26,5,4,6,14,133,134,105
26,5,31,14,133,134,105
26,5,31,13,12,14,133,134,105
26,5,31,13,153,16,12,14,133,134,105
26,5,31,32,14,133,134,105
26,5,13,12,14,133,134,105
26,5,13,31,14,133,134,105
26,5,13,31,32,14,133,134,105
26,5,13,153,16,12,14,133,134,105
26,5,4,6,14,12,13,153
26,5,4,6,14,12,16,153
26,5,4,6,14,31,13,153
26,5,4,6,14,32,31,13,153
26,5,31,14,12,13,153
26,5,31,14,12,16,153
26,5,31,13,153
26,5,31,32,14,12,13,153
26,5,31,32,14,12,16,153
26,5,13,153
26,5,4,6,14,12,13,153,129
26,5,4,6,14,12,16,153,129
26,5,4,6,14,31,13,12,16,153,129
26,5,4,6,14,31,13,153,129
26,5,4,6,14,32,31,13,12,16,153,129
26,5,4,6,14,32,31,13,153,129
26,5,31,14,12,13,153,129
26,5,31,14,12,16,153,129
26,5,31,13,12,16,153,129
26,5,31,13,153,129
26,5,31,32,14,12,13,153,129
26,5,31,32,14,12,16,153,129
26,5,13,12,16,153,129
26,5,13,31,14,12,16,153,129
26,5,13,31,32,14,12,16,153,129
26,5,13,153,129
26,5,4,6,14,12,13,153,49
26,5,4,6,14,12,16,153,49
26,5,4,6,14,31,13,12,16,153,49
26,5,4,6,14,31,13,153,49
26,5,4,6,14,32,31,13,12,16,153,49
26,5,4,6,14,32,31,13,153,49
26,5,31,14,12,13,153,49
26,5,31,14,12,16,153,49
26,5,31,13,12,16,153,49
26,5,31,13,153,49
26,5,31,32,14,12,13,153,49
26,5,31,32,14,12,16,153,49
26,5,13,12,16,153,49
26,5,13,31,14,12,16,153,49
26,5,13,31,32,14,12,16,153,49
26,5,13,153,49
36,37
36,38
36,102
37,36,38
37,36,102
38,36,102
45,46
45,106,46
45,46,106,53
45,106,53
45,46,106,53,54
45,106,53,54
45,46,64
45,106,46,64
45,106
45,46,106,107
45,106,107
45,46,106,108
45,106,108
45,46,106,109
45,106,109
45,46,106,29
45,106,29
45,46,146
45,106,46,146
45,46,106,109,148
45,106,109,148
45,46,106,109,148,69
45,106,109,148,69
46,106,53
46,106,53,54
46,64
46,106
46,106,107
46,106,108
46,106,109
46,106,29
46,146
46,106,109,148
46,106,109,148,69
53,54
53,106,46,64
53,106,45,46,64
53,106
53,106,107
53,106,108
53,106,109
53,106,29
53,106,46,146
53,106,45,46,146
53,106,109,148
53,106,109,148,69
54,53,106,46,64
54,53,106,45,46,64
54,53,106
54,53,106,107
54,53,106,108
54,53,106,109
54,53,106,29
54,53,106,46,146
54,53,106,45,46,146
54,53,106,109,148
54,53,106,109,148,69
58,59
61,62
64,46,106
64,46,45,106,107
64,46,106,107
64,46,45,106,108
64,46,106,108
64,46,45,106,109
64,46,106,109
64,46,45,106,29
64,46,106,29
64,46,146
64,46,45,106,109,148
64,46,106,109,148
64,46,45,106,109,148,69
64,46,106,109,148,69
67,68
67,68,117
68,117
72,28
73,74
73,35
73,56
74,73,35
74,73,56
35,73,56
86,23
86,22
23,86,22
87,88
87,141
88,87,141
89,31,14,133
89,31,13,12,14,133
89,31,13,5,4,6,14,133
89,31,13,153,16,12,14,133
89,31,5,4,6,14,133
89,31,5,13,12,14,133
89,31,5,13,153,16,12,14,133
89,31,32,14,133
89,31,14,133,134
89,31,13,12,14,133,134
89,31,13,5,4,6,14,133,134
89,31,13,153,16,12,14,133,134
89,31,5,4,6,14,133,134
89,31,5,13,12,14,133,134
89,31,5,13,153,16,12,14,133,134
89,31,32,14,133,134
89,31,137
89,31,14,12,13,145
89,31,14,12,16,153,13,145
89,31,14,6,4,5,13,145
89,31,13,145
89,31,5,4,6,14,12,13,145
89,31,5,4,6,14,12,16,153,13,145
89,31,5,13,145
89,31,32,14,12,13,145
89,31,32,14,12,16,153,13,145
89,31,32,14,6,4,5,13,145
89,31,14,12,13,150
89,31,14,12,16,153,13,150
89,31,14,6,4,5,13,150
89,31,13,150
89,31,5,4,6,14,12,13,150
89,31,5,4,6,14,12,16,153,13,150
89,31,5,13,150
89,31,32,14,12,13,150
89,31,32,14,12,16,153,13,150
89,31,32,14,6,4,5,13,150
89,31,14,133,134,105
89,31,13,12,14,133,134,105
89,31,13,5,4,6,14,133,134,105
89,31,13,153,16,12,14,133,134,105
89,31,5,4,6,14,133,134,105
89,31,5,13,12,14,133,134,105
89,31,5,13,153,16,12,14,133,134,105
89,31,32,14,133,134,105
89,31,14,12,13,153
89,31,14,12,16,153
89,31,14,6,4,5,13,153
89,31,13,153
89,31,5,4,6,14,12,13,153
89,31,5,4,6,14,12,16,153
89,31,5,13,153
89,31,32,14,12,13,153
89,31,32,14,12,16,153
89,31,32,14,6,4,5,13,153
89,31,14,12,13,153,129
89,31,14,12,16,153,129
89,31,14,6,4,5,13,12,16,153,129
89,31,14,6,4,5,13,153,129
89,31,13,12,16,153,129
89,31,13,153,129
89,31,5,4,6,14,12,13,153,129
89,31,5,4,6,14,12,16,153,129
89,31,5,13,12,16,153,129
89,31,5,13,153,129
89,31,32,14,12,13,153,129
89,31,32,14,12,16,153,129
89,31,32,14,6,4,5,13,12,16,153,129
89,31,32,14,6,4,5,13,153,129
89,31,14,12,13,153,49
89,31,14,12,16,153,49
89,31,14,6,4,5,13,12,16,153,49
89,31,14,6,4,5,13,153,49
89,31,13,12,16,153,49
89,31,13,153,49
89,31,5,4,6,14,12,13,153,49
89,31,5,4,6,14,12,16,153,49
89,31,5,13,12,16,153,49
89,31,5,13,153,49
89,31,32,14,12,13,153,49
89,31,32,14,12,16,153,49
89,31,32,14,6,4,5,13,12,16,153,49
89,31,32,14,6,4,5,13,153,49
90,91
90,91,98
90,91,104
90,91,85
91,98
91,104
91,85
93,34
93,94
34,93,94
98,91,104
98,91,85
99,100
99,100,66
100,66
104,91,85
106,107
106,108
106,109
106,29
106,46,146
106,109,148
106,109,148,69
107,106,108
107,106,109
107,106,29
107,106,46,146
107,106,45,46,146
107,106,109,148
107,106,109,148,69
108,106,109
108,106,29
108,106,46,146
108,106,45,46,146
108,106,109,148
108,106,109,148,69
109,106,29
109,106,46,146
109,106,45,46,146
109,148
109,148,69
29,106,46,146
29,106,45,46,146
29,106,109,148
29,106,109,148,69
115,116
133,134
133,14,12,13,31,137
133,14,12,13,5,31,137
133,14,12,16,153,13,31,137
133,14,12,16,153,13,5,31,137
133,14,31,137
133,14,32,31,137
133,14,6,4,5,31,137
133,14,6,4,5,13,31,137
133,14,12,13,145
133,14,12,16,153,13,145
133,14,31,13,145
133,14,31,5,13,145
133,14,32,31,13,145
133,14,32,31,5,13,145
133,14,6,4,5,31,13,145
133,14,6,4,5,13,145
133,14,12,13,150
133,14,12,16,153,13,150
133,14,31,13,150
133,14,31,5,13,150
133,14,32,31,13,150
133,14,32,31,5,13,150
133,14,6,4,5,31,13,150
133,14,6,4,5,13,150
133,134,105
133,14,12,13,153
133,14,12,16,153
133,14,31,13,153
133,14,31,5,13,153
133,14,32,31,13,153
133,14,32,31,5,13,153
133,14,6,4,5,31,13,153
133,14,6,4,5,13,153
133,14,12,13,153,129
133,14,12,16,153,129
133,14,31,13,12,16,153,129
133,14,31,13,153,129
133,14,31,5,13,12,16,153,129
133,14,31,5,13,153,129
133,14,32,31,13,12,16,153,129
133,14,32,31,13,153,129
133,14,32,31,5,13,12,16,153,129
133,14,32,31,5,13,153,129
133,14,6,4,5,31,13,12,16,153,129
133,14,6,4,5,31,13,153,129
133,14,6,4,5,13,12,16,153,129
133,14,6,4,5,13,153,129
133,14,12,13,153,49
133,14,12,16,153,49
133,14,31,13,12,16,153,49
133,14,31,13,153,49
133,14,31,5,13,12,16,153,49
133,14,31,5,13,153,49
133,14,32,31,13,12,16,153,49
133,14,32,31,13,153,49
133,14,32,31,5,13,12,16,153,49
133,14,32,31,5,13,153,49
133,14,6,4,5,31,13,12,16,153,49
133,14,6,4,5,31,13,153,49
133,14,6,4,5,13,12,16,153,49
133,14,6,4,5,13,153,49
134,133,14,12,13,31,137
134,133,14,12,13,5,31,137
134,133,14,12,16,153,13,31,137
134,133,14,12,16,153,13,5,31,137
134,133,14,31,137
134,133,14,32,31,137
134,133,14,6,4,5,31,137
134,133,14,6,4,5,13,31,137
134,133,14,12,13,145
134,133,14,12,16,153,13,145
134,133,14,31,13,145
134,133,14,31,5,13,145
134,133,14,32,31,13,145
134,133,14,32,31,5,13,145
134,133,14,6,4,5,31,13,145
134,133,14,6,4,5,13,145
134,133,14,12,13,150
134,133,14,12,16,153,13,150
134,133,14,31,13,150
134,133,14,31,5,13,150
134,133,14,32,31,13,150
134,133,14,32,31,5,13,150
134,133,14,6,4,5,31,13,150
134,133,14,6,4,5,13,150
134,105
134,133,14,12,13,153
134,133,14,12,16,153
134,133,14,31,13,153
134,133,14,31,5,13,153
134,133,14,32,31,13,153
134,133,14,32,31,5,13,153
134,133,14,6,4,5,31,13,153
134,133,14,6,4,5,13,153
134,133,14,12,13,153,129
134,133,14,12,16,153,129
134,133,14,31,13,12,16,153,129
134,133,14,31,13,153,129
134,133,14,31,5,13,12,16,153,129
134,133,14,31,5,13,153,129
134,133,14,32,31,13,12,16,153,129
134,133,14,32,31,13,153,129
134,133,14,32,31,5,13,12,16,153,129
134,133,14,32,31,5,13,153,129
134,133,14,6,4,5,31,13,12,16,153,129
134,133,14,6,4,5,31,13,153,129
134,133,14,6,4,5,13,12,16,153,129
134,133,14,6,4,5,13,153,129
134,133,14,12,13,153,49
134,133,14,12,16,153,49
134,133,14,31,13,12,16,153,49
134,133,14,31,13,153,49
134,133,14,31,5,13,12,16,153,49
134,133,14,31,5,13,153,49
134,133,14,32,31,13,12,16,153,49
134,133,14,32,31,13,153,49
134,133,14,32,31,5,13,12,16,153,49
134,133,14,32,31,5,13,153,49
134,133,14,6,4,5,31,13,12,16,153,49
134,133,14,6,4,5,31,13,153,49
134,133,14,6,4,5,13,12,16,153,49
134,133,14,6,4,5,13,153,49
137,31,14,12,13,145
137,31,14,12,16,153,13,145
137,31,14,6,4,5,13,145
137,31,13,145
137,31,5,4,6,14,12,13,145
137,31,5,4,6,14,12,16,153,13,145
137,31,5,13,145
137,31,32,14,12,13,145
137,31,32,14,12,16,153,13,145
137,31,32,14,6,4,5,13,145
137,31,14,12,13,150
137,31,14,12,16,153,13,150
137,31,14,6,4,5,13,150
137,31,13,150
137,31,5,4,6,14,12,13,150
137,31,5,4,6,14,12,16,153,13,150
137,31,5,13,150
137,31,32,14,12,13,150
137,31,32,14,12,16,153,13,150
137,31,32,14,6,4,5,13,150
137,31,14,133,134,105
137,31,13,12,14,133,134,105
137,31,13,5,4,6,14,133,134,105
137,31,13,153,16,12,14,133,134,105
137,31,5,4,6,14,133,134,105
137,31,5,13,12,14,133,134,105
137,31,5,13,153,16,12,14,133,134,105
137,31,32,14,133,134,105
137,31,14,12,13,153
137,31,14,12,16,153
137,31,14,6,4,5,13,153
137,31,13,153
137,31,5,4,6,14,12,13,153
137,31,5,4,6,14,12,16,153
137,31,5,13,153
137,31,32,14,12,13,153
137,31,32,14,12,16,153
137,31,32,14,6,4,5,13,153
137,31,14,12,13,153,129
137,31,14,12,16,153,129
137,31,14,6,4,5,13,12,16,153,129
137,31,14,6,4,5,13,153,129
137,31,13,12,16,153,129
137,31,13,153,129
137,31,5,4,6,14,12,13,153,129
137,31,5,4,6,14,12,16,153,129
137,31,5,13,12,16,153,129
137,31,5,13,153,129
137,31,32,14,12,13,153,129
137,31,32,14,12,16,153,129
137,31,32,14,6,4,5,13,12,16,153,129
137,31,32,14,6,4,5,13,153,129
137,31,14,12,13,153,49
137,31,14,12,16,153,49
137,31,14,6,4,5,13,12,16,153,49
137,31,14,6,4,5,13,153,49
137,31,13,12,16,153,49
137,31,13,153,49
137,31,5,4,6,14,12,13,153,49
137,31,5,4,6,14,12,16,153,49
137,31,5,13,12,16,153,49
137,31,5,13,153,49
137,31,32,14,12,13,153,49
137,31,32,14,12,16,153,49
137,31,32,14,6,4,5,13,12,16,153,49
137,31,32,14,6,4,5,13,153,49
145,13,150
145,13,12,14,133,134,105
145,13,31,14,133,134,105
145,13,31,5,4,6,14,133,134,105
145,13,31,32,14,133,134,105
145,13,5,4,6,14,133,134,105
145,13,5,31,14,133,134,105
145,13,5,31,32,14,133,134,105
145,13,153,16,12,14,133,134,105
145,13,153
145,13,12,16,153,129
145,13,31,14,12,16,153,129
145,13,31,5,4,6,14,12,16,153,129
145,13,31,32,14,12,16,153,129
145,13,5,4,6,14,12,16,153,129
145,13,5,31,14,12,16,153,129
145,13,5,31,32,14,12,16,153,129
145,13,153,129
145,13,12,16,153,49
145,13,31,14,12,16,153,49
145,13,31,5,4,6,14,12,16,153,49
145,13,31,32,14,12,16,153,49
145,13,5,4,6,14,12,16,153,49
145,13,5,31,14,12,16,153,49
145,13,5,31,32,14,12,16,153,49
145,13,153,49
146,46,45,106,109,148
146,46,106,109,148
146,46,45,106,109,148,69
146,46,106,109,148,69
148,69
149,27
150,13,12,14,133,134,105
150,13,31,14,133,134,105
150,13,31,5,4,6,14,133,134,105
150,13,31,32,14,133,134,105
150,13,5,4,6,14,133,134,105
150,13,5,31,14,133,134,105
150,13,5,31,32,14,133,134,105
150,13,153,16,12,14,133,134,105
150,13,153
150,13,12,16,153,129
150,13,31,14,12,16,153,129
150,13,31,5,4,6,14,12,16,153,129
150,13,31,32,14,12,16,153,129
150,13,5,4,6,14,12,16,153,129
150,13,5,31,14,12,16,153,129
150,13,5,31,32,14,12,16,153,129
150,13,153,129
150,13,12,16,153,49
150,13,31,14,12,16,153,49
150,13,31,5,4,6,14,12,16,153,49
150,13,31,32,14,12,16,153,49
150,13,5,4,6,14,12,16,153,49
150,13,5,31,14,12,16,153,49
150,13,5,31,32,14,12,16,153,49
150,13,153,49
105,134,133,14,12,13,153
105,134,133,14,12,16,153
105,134,133,14,31,13,153
105,134,133,14,31,5,13,153
105,134,133,14,32,31,13,153
105,134,133,14,32,31,5,13,153
105,134,133,14,6,4,5,31,13,153
105,134,133,14,6,4,5,13,153
105,134,133,14,12,13,153,129
105,134,133,14,12,16,153,129
105,134,133,14,31,13,12,16,153,129
105,134,133,14,31,13,153,129
105,134,133,14,31,5,13,12,16,153,129
105,134,133,14,31,5,13,153,129
105,134,133,14,32,31,13,12,16,153,129
105,134,133,14,32,31,13,153,129
105,134,133,14,32,31,5,13,12,16,153,129
105,134,133,14,32,31,5,13,153,129
105,134,133,14,6,4,5,31,13,12,16,153,129
105,134,133,14,6,4,5,31,13,153,129
105,134,133,14,6,4,5,13,12,16,153,129
105,134,133,14,6,4,5,13,153,129
105,134,133,14,12,13,153,49
105,134,133,14,12,16,153,49
105,134,133,14,31,13,12,16,153,49
105,134,133,14,31,13,153,49
105,134,133,14,31,5,13,12,16,153,49
105,134,133,14,31,5,13,153,49
105,134,133,14,32,31,13,12,16,153,49
105,134,133,14,32,31,13,153,49
105,134,133,14,32,31,5,13,12,16,153,49
105,134,133,14,32,31,5,13,153,49
105,134,133,14,6,4,5,31,13,12,16,153,49
105,134,133,14,6,4,5,31,13,153,49
105,134,133,14,6,4,5,13,12,16,153,49
105,134,133,14,6,4,5,13,153,49
153,129
153,49
129,153,49
159,126
159,136
159,158
126,159,136
126,159,158
136,159,158
