[240, 169]
[72, 17]
[53, 95]
[135, 36, 37, 171]
[147, 184, 17, 5]
[135, 36, 37, 183]
[224, 41, 0, 227]
[135, 36, 37, 39]
[71, 37, 171, 219]
[284, 87, 88]
[214, 219]
[15, 92]
[36, 37, 171, 219]
[62, 88]
[53, 182, 16]
[237, 233]
[267, 177, 178, 189]
[127, 148]
[21, 214, 219]
[36, 39, 40]
[109, 17, 260]
[229, 58]
[19, 17, 260]
[260, 17]
[89, 90]
[224, 258]
[41, 0, 70, 71, 37, 39]
[70, 71, 37, 171]
[149, 58]
[62, 63]
[70, 71]
[81, 17, 18]
[122, 123]
[134, 135, 36, 37, 39, 40]
[105, 95, 92]
[135, 36, 37]
[135, 36, 49]
[36, 171]
[37, 222]
[143, 144]
[289, 290]
[59, 17]
[171, 219]
[36, 37, 39, 40]
[67, 81, 17]
[263, 82, 83]
[38, 14]
[291, 249]
[198, 199]
[134, 135, 36, 37, 171]
[134, 135, 36, 37, 183]
[93, 18]
[160, 210]
[70, 71, 37, 39, 40]
[4, 17]
[39, 37, 171, 222]
[0, 70, 71, 37, 222]
[147, 184, 17, 6]
[179, 180]
[224, 41, 0, 70, 71, 37]
[62, 118]
[232, 233]
[0, 48]
[0, 70, 142]
[149, 78, 169]
[82, 83]
[147, 184, 17, 6, 5]
[218, 16]
[135, 36, 37, 39, 40]
[224, 41, 0, 70, 71, 37, 39]
[70, 71, 40]
[166, 14]
[84, 18]
[114, 115]
[119, 88]
[24, 97]
[57, 78, 169]
[101, 169]
[238, 14]
[250, 251, 158]
[135, 36, 39, 37, 183]
[135, 36, 39, 37, 171]
[57, 78]
[0, 70, 71, 37, 39]
[71, 40]
[19, 129]
[67, 17, 5]
[184, 17, 18]
[100, 101, 169]
[216, 217]
[4, 65, 78, 169]
[236, 139, 140]
[224, 41, 0, 70, 71, 37, 39, 40]
[150, 14]
[174, 281]
[163, 14]
[21, 22]
[224, 41, 0, 70, 71, 37, 183]
[224, 41, 0, 70, 71, 37, 171]
[106, 76, 12, 92]
[188, 189]
[109, 65, 78, 169]
[70, 244]
[19, 213]
[104, 105, 95, 92]
[2, 3, 132, 133]
[4, 65, 66]
[4, 65, 78]
[4, 65, 127]
[201, 202]
[147, 184]
[2, 3]
[39, 37, 183]
[134, 135, 36, 117, 83]
[39, 37, 171]
[36, 39, 37, 171, 222]
[87, 88]
[224, 41, 0, 1, 294]
[37, 39, 40]
[248, 249]
[80, 58]
[134, 135, 36, 37, 171, 222]
[146, 14]
[149, 78]
[131, 92]
[228, 35, 230]
[70, 71, 37, 183]
[29, 30]
[41, 0, 70, 142]
[102, 190]
[145, 14]
[263, 82, 136]
[24, 42]
[134, 135, 36, 39, 37, 222]
[282, 283]
[0, 70, 71]
[280, 3, 132, 133]
[12, 92]
[159, 18]
[67, 17, 6]
[72, 17, 18]
[72, 17, 260]
[112, 99, 28, 92]
[250, 251]
[268, 14]
[134, 135, 36, 40]
[134, 135, 36, 39, 40]
[135, 36, 171, 222]
[242, 243]
[31, 270]
[0, 247, 48]
[225, 186]
[287, 14]
[109, 17, 18]
[104, 54]
[135, 36, 39, 40]
[132, 133]
[4, 65, 127, 128]
[36, 37, 171, 222]
[99, 28]
[224, 41, 0, 70, 71]
[65, 66]
[65, 78]
[0, 227]
[272, 217]
[76, 12]
[23, 16]
[224, 41]
[274, 79]
[21, 26]
[135, 36, 117, 83]
[73, 74]
[36, 39, 37]
[106, 76]
[4, 17, 6]
[65, 127, 148]
[9, 131]
[67, 17, 6, 5]
[104, 95, 92]
[99, 164, 16]
[109, 65, 120]
[81, 17, 6]
[112, 28]
[0, 70, 71, 37, 171, 219]
[81, 17, 6, 5]
[95, 92]
[134, 135, 36, 37, 39]
[195, 196]
[53, 54]
[135, 36, 37, 171, 219]
[236, 176, 158]
[107, 108]
[147, 17, 260]
[41, 0, 70, 71, 37, 222]
[55, 56]
[76, 23]
[109, 65, 75]
[157, 158]
[73, 75]
[170, 14]
[292, 153]
[134, 24]
[17, 260]
[47, 92]
[36, 39, 37, 222]
[71, 37, 171, 222]
[171, 222]
[4, 17, 5]
[19, 43]
[109, 65, 288]
[256, 151, 169]
[59, 17, 18]
[257, 89]
[109, 65, 66]
[109, 65, 78]
[4, 65, 75]
[112, 99, 28]
[102, 103]
[109, 5]
[109, 17, 6, 5]
[76, 12, 92]
[104, 105, 182]
[17, 6, 5]
[19, 17, 5]
[134, 135, 36, 37, 171, 219]
[41, 0, 247, 48]
[46, 18]
[284, 87]
[215, 4, 65]
[267, 177, 178]
[221, 111]
[186, 187]
[71, 37, 39]
[2, 3, 132, 175]
[134, 135, 36, 117]
[81, 17]
[81, 17, 260]
[19, 17, 6]
[125, 253]
[0, 1]
[0, 1, 294]
[105, 95]
[21, 22, 212]
[70, 142]
[109, 65, 141]
[135, 36, 117]
[64, 131]
[56, 16]
[224, 41, 0, 70, 71, 40]
[67, 17, 260]
[71, 37, 171]
[4, 65, 127, 148]
[71, 37, 183]
[70, 71, 37, 171, 222]
[285, 69]
[215, 4, 65, 66]
[215, 4, 65, 78]
[147, 184, 17, 260]
[135, 36, 39]
[192, 193]
[4, 65, 120]
[72, 17, 6, 5]
[236, 176]
[257, 89, 90]
[65, 141]
[67, 17, 18]
[229, 78, 169]
[13, 14]
[178, 189]
[215, 4, 17, 6, 5]
[36, 171, 222]
[65, 127, 128]
[0, 70, 71, 37]
[134, 135, 36, 39, 37]
[27, 164, 16]
[260, 17, 6, 5]
[41, 0, 70, 71, 37, 171, 222]
[215, 4]
[266, 82]
[11, 23, 16]
[134, 135, 36, 39, 37, 171, 222]
[71, 37]
[4, 65, 288]
[50, 86]
[177, 178]
[229, 78]
[64, 131, 92]
[209, 33]
[106, 79]
[223, 89, 90]
[19, 75]
[65, 75]
[36, 117]
[73, 43]
[224, 41, 0, 70]
[4, 17, 260]
[132, 175]
[67, 85]
[51, 16]
[81, 17, 5]
[247, 48]
[31, 18]
[126, 89]
[24, 174, 281]
[36, 37, 222]
[262, 263, 82, 136]
[55, 131]
[106, 76, 23, 16]
[224, 41, 48]
[215, 4, 85]
[205, 206]
[36, 37, 39]
[41, 0, 1]
[135, 36, 39, 37]
[224, 41, 0, 70, 71, 37, 171, 219]
[269, 154, 155]
[147, 17]
[215, 4, 65, 127]
[4, 65, 141]
[41, 0, 48]
[9, 55, 56]
[224, 41, 0, 1]
[55, 56, 16]
[70, 71, 37, 39]
[109, 17]
[104, 105]
[194, 177, 178, 189]
[67, 81, 17, 18]
[134, 24, 97]
[218, 92]
[34, 35, 230]
[194, 177, 178]
[62, 197]
[215, 4, 17, 18]
[250, 220, 140]
[239, 30]
[267, 177]
[134, 135, 36, 171, 222]
[0, 70, 71, 37, 171, 222]
[17, 6]
[36, 39]
[135, 36, 37, 171, 222]
[224, 41, 0, 1, 98]
[4, 17, 6, 5]
[57, 58, 75]
[106, 12]
[156, 14]
[112, 99, 164, 16]
[174, 136]
[223, 89]
[78, 169]
[241, 14]
[115, 121]
[134, 135, 36, 37, 222]
[215, 4, 17, 260]
[41, 0, 70]
[60, 61]
[109, 65, 127]
[168, 14]
[87, 118]
[112, 172]
[260, 17, 18]
[65, 120]
[65, 78, 169]
[278, 279]
[262, 263, 82, 83]
[135, 36, 39, 37, 171, 219]
[280, 3, 132]
[41, 0, 70, 71]
[135, 36, 39, 37, 222]
[9, 10]
[207, 208]
[67, 81]
[293, 75]
[41, 142]
[135, 36, 37, 222]
[116, 5]
[245, 14]
[65, 288]
[3, 132, 175]
[9, 55, 131, 92]
[27, 164]
[51, 92]
[11, 23]
[134, 24, 42]
[215, 4, 17, 5]
[1, 98]
[77, 58]
[147, 184, 17]
[224, 41, 42]
[236, 139]
[0, 70, 71, 37, 39, 40]
[11, 12, 92]
[157, 140]
[215, 4, 65, 75]
[256, 151]
[41, 0, 70, 71, 40]
[41, 0, 1, 98]
[252, 253]
[114, 115, 121]
[68, 69]
[2, 3, 132]
[113, 75]
[134, 135]
[224, 41, 0, 48]
[91, 16]
[135, 36]
[215, 4, 17, 6]
[37, 171, 219]
[109, 65]
[4, 85]
[19, 151, 169]
[226, 108]
[286, 18]
[124, 125, 253]
[70, 71, 37, 222]
[70, 71, 37]
[176, 158]
[275, 276]
[15, 16]
[147, 184, 17, 18]
[41, 0, 1, 294]
[134, 135, 36, 39, 37, 171]
[67, 81, 17, 260]
[134, 135, 36, 39, 37, 183]
[0, 247]
[3, 132, 133]
[109, 17, 6]
[263, 82]
[110, 111]
[0, 70]
[6, 5]
[182, 16]
[39, 40]
[117, 83]
[215, 4, 65, 141]
[41, 48]
[0, 70, 71, 37, 171]
[70, 71, 37, 171, 219]
[71, 37, 39, 40]
[0, 70, 71, 37, 183]
[147, 17, 18]
[7, 8]
[134, 135, 36, 39, 37, 171, 219]
[0, 70, 71, 40]
[109, 17, 5]
[11, 12]
[165, 14]
[149, 58, 75]
[204, 14]
[167, 54]
[164, 16]
[0, 1, 98]
[215, 4, 65, 120]
[93, 94]
[41, 0, 70, 71, 37, 171, 219]
[36, 37]
[134, 24, 174]
[36, 49]
[134, 24, 174, 281]
[184, 17, 6, 5]
[27, 172]
[269, 154]
[100, 101]
[19, 20]
[224, 41, 0, 70, 71, 37, 171, 222]
[77, 58, 75]
[99, 164]
[34, 235]
[77, 78]
[224, 41, 0, 70, 71, 37, 222]
[9, 55]
[266, 82, 83]
[24, 174]
[126, 89, 90]
[215, 4, 65, 288]
[39, 37, 222]
[17, 5]
[36, 39, 37, 183]
[36, 39, 37, 171]
[80, 58, 75]
[273, 10]
[19, 17, 18]
[124, 125]
[19, 151]
[32, 33]
[9, 131, 92]
[4, 65]
[53, 95, 92]
[53, 182]
[232, 61]
[57, 58]
[106, 12, 92]
[9, 55, 56, 16]
[39, 37, 171, 219]
[284, 87, 118]
[58, 75]
[134, 135, 36, 39]
[35, 230]
[73, 200]
[211, 14]
[36, 37, 171]
[266, 82, 136]
[181, 5]
[37, 39]
[134, 135, 36, 171]
[234, 235]
[36, 37, 183]
[177, 178, 189]
[28, 92]
[224, 41, 0, 247, 48]
[135, 36, 171]
[224, 41, 0, 70, 244]
[4, 17, 18]
[109, 65, 127, 128]
[215, 4, 65, 127, 148]
[21, 83]
[224, 41, 173]
[64, 56, 16]
[73, 213]
[194, 177]
[218, 162]
[76, 23, 16]
[46, 75]
[134, 135, 36, 171, 219]
[104, 105, 182, 16]
[231, 5]
[7, 86]
[9, 55, 131]
[159, 94]
[250, 220]
[41, 0, 70, 71, 37]
[261, 14]
[37, 171, 222]
[51, 162]
[104, 105, 95]
[106, 76, 12]
[262, 263, 82]
[105, 182, 16]
[260, 17, 5]
[134, 24, 174, 136]
[191, 14]
[1, 294]
[77, 78, 169]
[65, 127]
[264, 265]
[27, 28]
[215, 4, 65, 78, 169]
[134, 135, 36, 185]
[135, 36, 40]
[112, 28, 92]
[135, 36, 185]
[139, 140]
[67, 81, 17, 6, 5]
[106, 76, 23]
[134, 135, 36]
[3, 132]
[36, 171, 219]
[260, 17, 6]
[41, 0, 227]
[17, 18]
[154, 155]
[41, 42]
[220, 140]
[24, 174, 136]
[72, 20]
[19, 200]
[229, 58, 75]
[134, 24, 25]
[55, 131, 92]
[251, 158]
[224, 41, 0, 247]
[39, 37]
[152, 153]
[59, 17, 260]
[36, 185]
[147, 17, 6]
[184, 17]
[134, 24, 277]
[224, 41, 142]
[27, 28, 92]
[119, 118]
[203, 14]
[130, 88]
[104, 95]
[24, 277]
[112, 99]
[184, 17, 5]
[254, 255]
[280, 3, 132, 175]
[127, 128]
[147, 17, 6, 5]
[47, 16]
[64, 10]
[137, 138]
[225, 186, 187]
[36, 40]
[130, 118]
[280, 3]
[19, 17, 6, 5]
[41, 173]
[109, 65, 127, 148]
[82, 136]
[215, 4, 65, 127, 128]
[37, 171]
[184, 17, 6]
[37, 183]
[147, 17, 5]
[41, 0, 70, 244]
[59, 17, 6, 5]
[259, 189]
[112, 99, 164]
[36, 39, 37, 171, 219]
[21, 214]
[224, 41, 0, 70, 142]
[96, 97]
[151, 169]
[59, 17, 6]
[224, 41, 0]
[105, 182]
[41, 0, 70, 71, 37, 39, 40]
[44, 45]
[22, 212]
[41, 0, 247]
[271, 172]
[99, 28, 92]
[134, 135, 36, 37]
[135, 36, 39, 37, 171, 222]
[134, 135, 36, 49]
[4, 5]
[50, 8]
[72, 17, 6]
[0, 70, 244]
[67, 81, 17, 6]
[67, 17]
[11, 79]
[184, 17, 260]
[160, 161]
[71, 37, 222]
[215, 4, 17]
[41, 0]
[41, 0, 70, 71, 37, 171]
[41, 0, 70, 71, 37, 183]
[59, 17, 5]
[72, 17, 5]
[36, 117, 83]
[262, 263]
[34, 35]
[52, 14]
[24, 25]
[67, 81, 17, 5]
[215, 4, 5]
[91, 92]
[109, 85]
[228, 35]
[19, 17]
[64, 56]
[135, 36, 171, 219]
[246, 14]
