5,6
5,7
5,8
6,5,7
6,5,8
7,5,8
13,14
13,14,87,86
13,14,87
14,87,86
14,87
22,23
22,23,84
22,23,33
22,23,178
22,23,277
23,84
23,33
23,178
23,277
40,41
43,44
47,48
47,138,72,83,66,48
47,48,66
47,138,72,83,66
47,48,66,83,81
47,138,72,83,81
47,48,66,83,81,82
47,138,72,83,81,82
47,48,66,83
47,138,72,83
47,48,66,83,72,121
47,138,72,121
47,48,66,83,72
47,138,72
47,138
47,48,66,83,214,213
47,138,72,83,214,213
47,48,66,83,214
47,138,72,83,214
47,48,66,260
47,138,72,83,66,260
47,48,66,320
47,138,72,83,66,320
47,48,66,83,72,337
47,138,72,337
48,66
48,47,138,72,83,81
48,66,83,81
48,47,138,72,83,81,82
48,66,83,81,82
48,47,138,72,83
48,66,83
48,47,138,72,121
48,66,83,72,121
48,47,138,72
48,66,83,72
48,47,138
48,66,83,72,138
48,47,138,72,83,214,213
48,66,83,214,213
48,47,138,72,83,214
48,66,83,214
48,47,138,72,83,66,260
48,66,260
48,47,138,72,83,66,320
48,66,320
48,47,138,72,337
48,66,83,72,337
51,52
51,52,147
51,52,177
51,52,206
51,52,231
51,52,231,149
51,52,362
52,147
52,177
52,206
52,231
52,231,149
52,362
66,48,47,138,72,83,81
66,83,81
66,48,47,138,72,83,81,82
66,83,81,82
66,83
66,48,47,138,72,121
66,83,72,121
66,48,47,138,72
66,83,72
66,48,47,138
66,83,72,138
66,48,47,138,72,83,214,213
66,83,214,213
66,48,47,138,72,83,214
66,83,214
66,260
66,320
66,48,47,138,72,337
66,83,72,337
68,69
68,69,305
68,69,342
69,305
69,342
81,82
81,83
81,83,66,48,47,138,72,121
81,83,72,121
81,83,72
81,83,66,48,47,138
81,83,72,138
81,83,214,213
81,83,214
81,83,66,260
81,83,72,138,47,48,66,260
81,83,66,320
81,83,72,138,47,48,66,320
81,83,66,48,47,138,72,337
81,83,72,337
82,81,83
82,81,83,66,48,47,138,72,121
82,81,83,72,121
82,81,83,72
82,81,83,66,48,47,138
82,81,83,72,138
82,81,83,214,213
82,81,83,214
82,81,83,66,260
82,81,83,72,138,47,48,66,260
82,81,83,66,320
82,81,83,72,138,47,48,66,320
82,81,83,66,48,47,138,72,337
82,81,83,72,337
83,66,48,47,138,72,121
83,72,121
83,72
83,66,48,47,138
83,72,138
83,214,213
83,214
83,66,260
83,66,320
83,66,48,47,138,72,337
83,72,337
84,23,33
84,23,178
84,23,277
33,23,178
33,23,277
86,87
89,90
89,91,117,118,90
89,91,117,118,265,90
89,91,265,90
89,91,265,118,90
89,91
89,90,118,117
89,90,265,91,117
89,90,265,118,117
89,91,117
89,91,265,118,117
89,90,118
89,90,265,118
89,91,117,118
89,91,265,118
89,90,118,117,91,181
89,90,118,265,91,181
89,90,265,91,181
89,90,265,118,117,91,181
89,91,181
89,90,265
89,91,265
89,90,118,117,91,265,16
89,90,118,265,16
89,90,265,16
89,91,117,118,265,16
89,91,265,16
89,90,118,117,91,181,280
89,90,118,265,91,181,280
89,90,265,91,181,280
89,90,265,118,117,91,181,280
89,91,181,280
90,89,91
90,118,117,91
90,118,265,91
90,265,91
90,265,118,117,91
90,89,91,117
90,118,117
90,265,91,117
90,265,118,117
90,118
90,265,118
90,89,91,181
90,118,117,91,181
90,118,265,91,181
90,265,91,181
90,265,118,117,91,181
90,265
90,89,91,265,16
90,118,117,91,265,16
90,118,265,16
90,265,16
90,89,91,181,280
90,118,117,91,181,280
90,118,265,91,181,280
90,265,91,181,280
90,265,118,117,91,181,280
91,117
91,265,118,117
91,89,90,118
91,117,118
91,265,118
91,181
91,265
91,89,90,118,265,16
91,117,118,265,16
91,265,16
91,181,280
94,95
94,95,24
95,24
105,106
105,129
105,129,130
106,105,129
106,105,129,130
117,118
117,91,181
117,118,265,91,181
117,91,265
117,118,265
117,91,89,90,265,16
117,91,265,16
117,118,90,265,16
117,118,265,16
117,91,181,280
117,118,265,91,181,280
118,117,91,181
118,90,89,91,181
118,265,91,181
118,265
118,265,16
118,117,91,181,280
118,90,89,91,181,280
118,265,91,181,280
121,72
121,72,138
121,72,138,47,48,66,83,214,213
121,72,83,214,213
121,72,138,47,48,66,83,214
121,72,83,214
121,72,138,47,48,66,260
121,72,83,66,260
121,72,138,47,48,66,320
121,72,83,66,320
121,72,337
72,138
72,83,214,213
72,83,214
72,138,47,48,66,260
72,83,66,260
72,138,47,48,66,320
72,83,66,320
72,337
129,130
131,132
138,47,48,66,83,214,213
138,72,83,214,213
138,47,48,66,83,214
138,72,83,214
138,47,48,66,260
138,72,83,66,260
138,47,48,66,320
138,72,83,66,320
138,72,337
139,140
139,140,193
139,140,256
140,193
140,256
147,52,177
147,52,206
147,52,231
147,52,231,149
147,52,362
153,97
153,97,335
97,335
156,157
161,162
161,162,329
161,162,329,336
161,162,329,336,301
162,329
162,329,336
162,329,336,301
169,36
169,36,170
36,170
173,174
175,176
175,298
176,175,298
177,52,206
177,52,231
177,52,231,149
177,52,362
178,23,277
181,91,265
181,91,89,90,118,265,16
181,91,89,90,265,16
181,91,117,118,90,265,16
181,91,117,118,265,16
181,91,265,16
181,280
185,186
187,188
193,140,256
194,195
194,196
194,197
194,198
195,194,196
195,194,197
195,194,198
196,194,197
196,194,198
197,194,198
200,201
206,52,231
206,52,231,149
206,52,362
211,212
213,214
213,214,83,66,260
213,214,83,72,138,47,48,66,260
213,214,83,66,320
213,214,83,72,138,47,48,66,320
213,214,83,66,48,47,138,72,337
213,214,83,72,337
214,83,66,260
214,83,72,138,47,48,66,260
214,83,66,320
214,83,72,138,47,48,66,320
214,83,66,48,47,138,72,337
214,83,72,337
215,114
218,219
218,79
218,219,225
219,218,79
219,225
79,218,219,225
221,222
221,248
222,221,248
223,158
231,149
231,52,362
149,231,52,362
237,238
240,241
243,244
243,245,244
243,245
243,126
243,63
244,245
244,243,126
244,245,243,126
244,243,63
244,245,243,63
245,243,126
245,243,63
126,243,63
252,50
255,61
260,66,320
260,66,48,47,138,72,337
260,66,83,72,337
265,16
265,91,181,280
16,265,90,89,91,181,280
16,265,90,118,117,91,181,280
16,265,91,181,280
16,265,118,117,91,181,280
16,265,118,90,89,91,181,280
266,172
269,270
278,279
278,279,297
279,297
291,55
294,29
294,272
294,232
29,294,272
29,294,232
272,294,232
300,25
305,69,342
310,281
313,314
313,314,39
313,314,296
314,39
314,296
320,66,48,47,138,72,337
320,66,83,72,337
329,336
329,336,301
336,301
343,35
39,314,296
358,49
