6,7
6,7,22
6,7,24,22
6,7,23
6,7,24
7,22
7,24,22
7,23
7,24
15,16
15,227,214,213,69,16
15,227,69,16
15,16,69,213,20,19
15,16,69,227,214,213,20,19
15,227,214,213,20,19
15,227,69,213,20,19
15,16,69,213,20
15,16,69,227,214,213,20
15,227,214,213,20
15,227,69,213,20
15,16,69
15,227,214,213,69
15,227,69
15,16,69,70
15,227,214,213,69,70
15,227,69,70
15,115
15,169
15,16,69,213,20,180
15,16,69,227,214,213,20,180
15,227,214,213,20,180
15,227,69,213,20,180
15,16,69,213,20,184
15,16,69,227,214,213,20,184
15,227,214,213,20,184
15,227,69,213,20,184
15,16,69,213
15,227,214,213
15,227,69,213
15,16,69,213,214
15,16,69,227,214
15,227,214
15,227
15,16,69,213,214,228
15,16,69,227,214,228
15,227,214,228
15,227,69,213,214,228
15,16,69,213,278
15,16,69,227,214,213,278
15,227,214,213,278
15,227,69,213,278
15,16,69,213,278,279
15,16,69,227,214,213,278,279
15,227,214,213,278,279
15,227,69,213,278,279
15,16,69,213,278,242
15,16,69,227,214,213,278,242
15,227,214,213,278,242
15,227,69,213,278,242
15,16,69,213,278,279,264
15,16,69,227,214,213,278,279,264
15,227,214,213,278,279,264
15,227,69,213,278,279,264
15,16,69,213,214,227,302
15,16,69,227,302
15,227,302
15,16,69,306,305
15,227,214,213,69,306,305
15,227,69,306,305
15,16,69,306,305,170
15,227,214,213,69,306,305,170
15,227,69,306,305,170
15,16,69,306
15,227,214,213,69,306
15,227,69,306
16,15,227,214,213,20,19
16,15,227,69,213,20,19
16,69,213,20,19
16,69,227,214,213,20,19
16,15,227,214,213,20
16,15,227,69,213,20
16,69,213,20
16,69,227,214,213,20
16,69
16,15,227,214,213,69,70
16,15,227,69,70
16,69,70
16,15,115
16,69,213,214,227,15,115
16,69,227,15,115
16,15,169
16,69,213,214,227,15,169
16,69,227,15,169
16,15,227,214,213,20,180
16,15,227,69,213,20,180
16,69,213,20,180
16,69,227,214,213,20,180
16,15,227,214,213,20,184
16,15,227,69,213,20,184
16,69,213,20,184
16,69,227,214,213,20,184
16,15,227,214,213
16,15,227,69,213
16,69,213
16,69,227,214,213
16,15,227,214
16,69,213,214
16,69,227,214
16,15,227
16,69,227
16,15,227,214,228
16,15,227,69,213,214,228
16,69,213,214,228
16,69,227,214,228
16,15,227,214,213,278
16,15,227,69,213,278
16,69,213,278
16,69,227,214,213,278
16,15,227,214,213,278,279
16,15,227,69,213,278,279
16,69,213,278,279
16,69,227,214,213,278,279
16,15,227,214,213,278,242
16,15,227,69,213,278,242
16,69,213,278,242
16,69,227,214,213,278,242
16,15,227,214,213,278,279,264
16,15,227,69,213,278,279,264
16,69,213,278,279,264
16,69,227,214,213,278,279,264
16,15,227,302
16,69,213,214,227,302
16,69,227,302
16,15,227,214,213,69,306,305
16,15,227,69,306,305
16,69,306,305
16,15,227,214,213,69,306,305,170
16,15,227,69,306,305,170
16,69,306,305,170
16,15,227,214,213,69,306
16,15,227,69,306
16,69,306
19,20
19,20,213,69
19,20,213,214,227,69
19,20,213,69,70
19,20,213,214,227,69,70
19,20,213,214,227,15,16,69,70
19,20,213,69,227,15,115
19,20,213,69,16,15,115
19,20,213,214,227,69,16,15,115
19,20,213,214,227,15,115
19,20,213,69,227,15,169
19,20,213,69,16,15,169
19,20,213,214,227,69,16,15,169
19,20,213,214,227,15,169
19,20,180
19,20,184
19,20,213
19,20,213,214
19,20,213,69,227
19,20,213,214,227
19,20,213,69,227,214,228
19,20,213,69,16,15,227,214,228
19,20,213,214,228
19,20,213,278
19,20,213,278,279
19,20,213,278,242
19,20,213,278,279,264
19,20,213,69,227,302
19,20,213,69,16,15,227,302
19,20,213,214,227,302
19,20,213,69,306,305
19,20,213,214,227,69,306,305
19,20,213,214,227,15,16,69,306,305
19,20,213,69,306,305,170
19,20,213,214,227,69,306,305,170
19,20,213,214,227,15,16,69,306,305,170
19,20,213,69,306
19,20,213,214,227,69,306
19,20,213,214,227,15,16,69,306
20,213,69
20,213,214,227,69
20,213,69,70
20,213,214,227,69,70
20,213,214,227,15,16,69,70
20,213,69,227,15,115
20,213,69,16,15,115
20,213,214,227,69,16,15,115
20,213,214,227,15,115
20,213,69,227,15,169
20,213,69,16,15,169
20,213,214,227,69,16,15,169
20,213,214,227,15,169
20,180
20,184
20,213
20,213,214
20,213,69,227
20,213,214,227
20,213,69,227,214,228
20,213,69,16,15,227,214,228
20,213,214,228
20,213,278
20,213,278,279
20,213,278,242
20,213,278,279,264
20,213,69,227,302
20,213,69,16,15,227,302
20,213,214,227,302
20,213,69,306,305
20,213,214,227,69,306,305
20,213,214,227,15,16,69,306,305
20,213,69,306,305,170
20,213,214,227,69,306,305,170
20,213,214,227,15,16,69,306,305,170
20,213,69,306
20,213,214,227,69,306
20,213,214,227,15,16,69,306
22,7,23
22,24,7,23
22,24
23,7,24
26,27
26,27,193,192
26,27,193
27,193,192
27,193
29,30
29,30,2
29,275
30,2
30,29,275
31,32
31,32,118
31,32,63
31,32,285
32,118
32,63
32,285
39,40
39,40,44
39,40,317,46,44
39,40,44,45
39,40,317,46,44,45
39,40,44,46
39,40,317,46
39,40,317
39,40,44,46,317,293
39,40,317,293
39,40,44,46,317,247
39,40,317,247
40,44
40,317,46,44
40,44,45
40,317,46,44,45
40,44,46
40,317,46
40,317
40,44,46,317,293
40,317,293
40,44,46,317,247
40,317,247
44,45
44,46
44,40,317
44,46,317
44,40,317,293
44,46,317,293
44,40,317,247
44,46,317,247
45,44,46
45,44,40,317
45,44,46,317
45,44,40,317,293
45,44,46,317,293
45,44,40,317,247
45,44,46,317,247
46,317
46,317,293
46,317,247
47,48
47,119,71
47,119,71,72
47,119,121,286,108,107
47,119,121,286,108
47,119,121,286,108,107,109
47,119
47,119,120
47,119,122,120
47,119,121
47,119,122
47,119,123
47,119,124
47,119,42
47,119,14
47,119,125
47,119,86
47,119,126
47,119,124,177
47,119,14,187
47,119,120,238
47,119,122,120,238
47,119,121,286
47,119,121,286,195
47,119,124,177,236
47,119,121,286,108,316
48,47,119,71
48,47,119,71,72
48,47,119,121,286,108,107
48,47,119,121,286,108
48,47,119,121,286,108,107,109
48,47,119
48,47,119,120
48,47,119,122,120
48,47,119,121
48,47,119,122
48,47,119,123
48,47,119,124
48,47,119,42
48,47,119,14
48,47,119,125
48,47,119,86
48,47,119,126
48,47,119,124,177
48,47,119,14,187
48,47,119,120,238
48,47,119,122,120,238
48,47,119,121,286
48,47,119,121,286,195
48,47,119,124,177,236
48,47,119,121,286,108,316
49,50
49,50,89
49,50,89,90
49,50,89,90,38
49,50,220
49,50,135
50,89
50,89,90
50,89,90,38
50,220
50,135
51,52
51,52,191,82,81
51,52,226,81
51,52,191,82
51,52,226,81,82
51,52,191
51,52,226,81,82,191
51,52,226
52,191,82,81
52,226,81
52,191,82
52,226,81,82
52,191
52,226,81,82,191
52,226
54,55
58,59
58,60,155,59
58,60,231,59
58,60
58,110
58,59,155
58,59,231,60,155
58,60,155
58,59,155,157
58,59,231,60,155,157
58,60,155,157
58,59,155,157,158
58,59,231,60,155,157,158
58,60,155,157,158
58,59,155,60,231,230
58,59,231,230
58,60,231,230
58,59,231
58,60,231
59,58,60
59,155,60
59,231,60
59,58,110
59,155,60,58,110
59,231,60,58,110
59,155
59,231,60,155
59,58,60,155,157
59,155,157
59,231,60,155,157
59,58,60,155,157,158
59,155,157,158
59,231,60,155,157,158
59,58,60,231,230
59,155,60,231,230
59,231,230
59,231
60,58,110
60,155
60,155,157
60,155,157,158
60,231,230
60,231
69,70
69,213,214,227,15,115
69,227,15,115
69,16,15,115
69,213,214,227,15,169
69,227,15,169
69,16,15,169
69,213,20,180
69,227,214,213,20,180
69,213,20,184
69,227,214,213,20,184
69,213
69,227,214,213
69,213,214
69,227,214
69,227
69,213,214,228
69,227,214,228
69,213,278
69,227,214,213,278
69,213,278,279
69,227,214,213,278,279
69,213,278,242
69,227,214,213,278,242
69,213,278,279,264
69,227,214,213,278,279,264
69,213,214,227,302
69,227,302
69,306,305
69,306,305,170
69,306
70,69,213,214,227,15,115
70,69,227,15,115
70,69,16,15,115
70,69,213,214,227,15,169
70,69,227,15,169
70,69,16,15,169
70,69,213,20,180
70,69,227,214,213,20,180
70,69,16,15,227,214,213,20,180
70,69,213,20,184
70,69,227,214,213,20,184
70,69,16,15,227,214,213,20,184
70,69,213
70,69,227,214,213
70,69,213,214
70,69,227,214
70,69,16,15,227,214
70,69,227
70,69,213,214,228
70,69,227,214,228
70,69,16,15,227,214,228
70,69,213,278
70,69,227,214,213,278
70,69,16,15,227,214,213,278
70,69,213,278,279
70,69,227,214,213,278,279
70,69,16,15,227,214,213,278,279
70,69,213,278,242
70,69,227,214,213,278,242
70,69,16,15,227,214,213,278,242
70,69,213,278,279,264
70,69,227,214,213,278,279,264
70,69,16,15,227,214,213,278,279,264
70,69,213,214,227,302
70,69,227,302
70,69,16,15,227,302
70,69,306,305
70,69,306,305,170
70,69,306
71,72
71,119,121,286,108,107
71,119,121,286,108
71,119,121,286,108,107,109
71,119
71,119,120
71,119,122,120
71,119,121
71,119,122
71,119,123
71,119,124
71,119,42
71,119,14
71,119,125
71,119,86
71,119,126
71,119,124,177
71,119,14,187
71,119,120,238
71,119,122,120,238
71,119,121,286
71,119,121,286,195
71,119,124,177,236
71,119,121,286,108,316
72,71,119,121,286,108,107
72,71,119,121,286,108
72,71,119,121,286,108,107,109
72,71,119
72,71,119,120
72,71,119,122,120
72,71,119,121
72,71,119,122
72,71,119,123
72,71,119,124
72,71,119,42
72,71,119,14
72,71,119,125
72,71,119,86
72,71,119,126
72,71,119,124,177
72,71,119,14,187
72,71,119,120,238
72,71,119,122,120,238
72,71,119,121,286
72,71,119,121,286,195
72,71,119,124,177,236
72,71,119,121,286,108,316
81,82
81,82,191
81,226,52,191
81,226
82,191
82,81,226
82,191,52,226
89,90
89,90,38
89,50,220
89,50,135
90,38
90,89,50,220
90,89,50,135
38,90,89,50,220
38,90,89,50,135
96,97
99,100
102,103
102,103,235
103,235
105,106
105,106,260
105,106,179
105,106,255
106,260
106,179
106,255
107,108
107,109
107,108,286,121,119
107,108,286,121,119,120
107,108,286,121,119,122,120
107,108,286,121
107,108,286,121,119,122
107,108,286,121,119,123
107,108,286,121,119,124
107,108,286,121,119,42
107,108,286,121,119,14
107,108,286,121,119,125
107,108,286,121,119,86
107,108,286,121,119,126
107,108,286,121,119,124,177
107,108,286,121,119,14,187
107,108,286,121,119,120,238
107,108,286,121,119,122,120,238
107,108,286
107,108,286,195
107,108,286,121,119,124,177,236
107,108,316
108,107,109
108,286,121,119
108,286,121,119,120
108,286,121,119,122,120
108,286,121
108,286,121,119,122
108,286,121,119,123
108,286,121,119,124
108,286,121,119,42
108,286,121,119,14
108,286,121,119,125
108,286,121,119,86
108,286,121,119,126
108,286,121,119,124,177
108,286,121,119,14,187
108,286,121,119,120,238
108,286,121,119,122,120,238
108,286
108,286,195
108,286,121,119,124,177,236
108,316
109,107,108,286,121,119
109,107,108,286,121,119,120
109,107,108,286,121,119,122,120
109,107,108,286,121
109,107,108,286,121,119,122
109,107,108,286,121,119,123
109,107,108,286,121,119,124
109,107,108,286,121,119,42
109,107,108,286,121,119,14
109,107,108,286,121,119,125
109,107,108,286,121,119,86
109,107,108,286,121,119,126
109,107,108,286,121,119,124,177
109,107,108,286,121,119,14,187
109,107,108,286,121,119,120,238
109,107,108,286,121,119,122,120,238
109,107,108,286
109,107,108,286,195
109,107,108,286,121,119,124,177,236
109,107,108,316
110,58,59,155
110,58,59,231,60,155
110,58,60,155
110,58,59,155,157
110,58,59,231,60,155,157
110,58,60,155,157
110,58,59,155,157,158
110,58,59,231,60,155,157,158
110,58,60,155,157,158
110,58,59,155,60,231,230
110,58,59,231,230
110,58,60,231,230
110,58,59,231
110,58,60,231
112,113
112,156
112,156,13
113,112,156
113,112,156,13
115,15,169
115,15,16,69,213,20,180
115,15,16,69,227,214,213,20,180
115,15,227,214,213,20,180
115,15,227,69,213,20,180
115,15,16,69,213,20,184
115,15,16,69,227,214,213,20,184
115,15,227,214,213,20,184
115,15,227,69,213,20,184
115,15,16,69,213
115,15,227,214,213
115,15,227,69,213
115,15,16,69,213,214
115,15,16,69,227,214
115,15,227,214
115,15,227
115,15,16,69,213,214,228
115,15,16,69,227,214,228
115,15,227,214,228
115,15,227,69,213,214,228
115,15,16,69,213,278
115,15,16,69,227,214,213,278
115,15,227,214,213,278
115,15,227,69,213,278
115,15,16,69,213,278,279
115,15,16,69,227,214,213,278,279
115,15,227,214,213,278,279
115,15,227,69,213,278,279
115,15,16,69,213,278,242
115,15,16,69,227,214,213,278,242
115,15,227,214,213,278,242
115,15,227,69,213,278,242
115,15,16,69,213,278,279,264
115,15,16,69,227,214,213,278,279,264
115,15,227,214,213,278,279,264
115,15,227,69,213,278,279,264
115,15,16,69,213,214,227,302
115,15,16,69,227,302
115,15,227,302
115,15,16,69,306,305
115,15,227,214,213,69,306,305
115,15,227,69,306,305
115,15,16,69,306,305,170
115,15,227,214,213,69,306,305,170
115,15,227,69,306,305,170
115,15,16,69,306
115,15,227,214,213,69,306
115,15,227,69,306
118,32,63
118,32,285
119,120
119,122,120
119,121
119,122
119,123
119,124
119,42
119,14
119,125
119,86
119,126
119,124,177
119,14,187
119,120,238
119,122,120,238
119,121,286
119,121,286,195
119,124,177,236
119,121,286,108,316
120,119,121
120,122,119,121
120,122
120,119,123
120,122,119,123
120,119,124
120,122,119,124
120,119,42
120,122,119,42
120,119,14
120,122,119,14
120,119,125
120,122,119,125
120,119,86
120,122,119,86
120,119,126
120,122,119,126
120,119,124,177
120,122,119,124,177
120,119,14,187
120,122,119,14,187
120,238
120,119,121,286
120,122,119,121,286
120,119,121,286,195
120,122,119,121,286,195
120,119,124,177,236
120,122,119,124,177,236
120,119,121,286,108,316
120,122,119,121,286,108,316
121,119,122
121,119,123
121,119,124
121,119,42
121,119,14
121,119,125
121,119,86
121,119,126
121,119,124,177
121,119,14,187
121,119,120,238
121,119,122,120,238
121,286
121,286,195
121,119,124,177,236
121,286,108,316
122,119,123
122,119,124
122,119,42
122,119,14
122,119,125
122,119,86
122,119,126
122,119,124,177
122,119,14,187
122,120,238
122,119,121,286
122,119,121,286,195
122,119,124,177,236
122,119,121,286,108,316
123,119,124
123,119,42
123,119,14
123,119,125
123,119,86
123,119,126
123,119,124,177
123,119,14,187
123,119,120,238
123,119,122,120,238
123,119,121,286
123,119,121,286,195
123,119,124,177,236
123,119,121,286,108,316
124,119,42
124,119,14
124,119,125
124,119,86
124,119,126
124,177
124,119,14,187
124,119,120,238
124,119,122,120,238
124,119,121,286
124,119,121,286,195
124,177,236
124,119,121,286,108,316
42,119,14
42,119,125
42,119,86
42,119,126
42,119,124,177
42,119,14,187
42,119,120,238
42,119,122,120,238
42,119,121,286
42,119,121,286,195
42,119,124,177,236
42,119,121,286,108,316
14,119,125
14,119,86
14,119,126
14,119,124,177
14,187
14,119,120,238
14,119,122,120,238
14,119,121,286
14,119,121,286,195
14,119,124,177,236
14,119,121,286,108,316
125,119,86
125,119,126
125,119,124,177
125,119,14,187
125,119,120,238
125,119,122,120,238
125,119,121,286
125,119,121,286,195
125,119,124,177,236
125,119,121,286,108,316
86,119,126
86,119,124,177
86,119,14,187
86,119,120,238
86,119,122,120,238
86,119,121,286
86,119,121,286,195
86,119,124,177,236
86,119,121,286,108,316
126,119,124,177
126,119,14,187
126,119,120,238
126,119,122,120,238
126,119,121,286
126,119,121,286,195
126,119,124,177,236
126,119,121,286,108,316
132,133
132,133,254
133,254
134,75
134,75,188
75,188
138,139
2,30,29,275
149,150
149,151
149,151,165
149,151,165,166
149,151,165,28
149,151,165,57
149,151,288
149,151,289
150,149,151
150,149,151,165
150,149,151,165,166
150,149,151,165,28
150,149,151,165,57
150,149,151,288
150,149,151,289
151,165
151,165,166
151,165,28
151,165,57
151,288
151,289
155,157
155,157,158
155,59,231,230
155,60,231,230
155,59,231
155,60,231
156,13
157,158
157,155,59,58,60,231,230
157,155,59,231,230
157,155,60,231,230
157,155,59,231
157,155,60,231
158,157,155,59,58,60,231,230
158,157,155,59,231,230
158,157,155,60,231,230
158,157,155,59,231
158,157,155,60,231
165,166
165,28
165,57
165,151,288
165,151,289
166,165,28
166,165,57
166,165,151,288
166,165,151,289
28,165,57
28,165,151,288
28,165,151,289
57,165,151,288
57,165,151,289
167,147
167,233,232
167,233
167,233,73
147,167,233,232
147,167,233
147,167,233,73
169,15,16,69,213,20,180
169,15,16,69,227,214,213,20,180
169,15,227,214,213,20,180
169,15,227,69,213,20,180
169,15,16,69,213,20,184
169,15,16,69,227,214,213,20,184
169,15,227,214,213,20,184
169,15,227,69,213,20,184
169,15,16,69,213
169,15,227,214,213
169,15,227,69,213
169,15,16,69,213,214
169,15,16,69,227,214
169,15,227,214
169,15,227
169,15,16,69,213,214,228
169,15,16,69,227,214,228
169,15,227,214,228
169,15,227,69,213,214,228
169,15,16,69,213,278
169,15,16,69,227,214,213,278
169,15,227,214,213,278
169,15,227,69,213,278
169,15,16,69,213,278,279
169,15,16,69,227,214,213,278,279
169,15,227,214,213,278,279
169,15,227,69,213,278,279
169,15,16,69,213,278,242
169,15,16,69,227,214,213,278,242
169,15,227,214,213,278,242
169,15,227,69,213,278,242
169,15,16,69,213,278,279,264
169,15,16,69,227,214,213,278,279,264
169,15,227,214,213,278,279,264
169,15,227,69,213,278,279,264
169,15,16,69,213,214,227,302
169,15,16,69,227,302
169,15,227,302
169,15,16,69,306,305
169,15,227,214,213,69,306,305
169,15,227,69,306,305
169,15,16,69,306,305,170
169,15,227,214,213,69,306,305,170
169,15,227,69,306,305,170
169,15,16,69,306
169,15,227,214,213,69,306
169,15,227,69,306
177,124,119,14,187
177,124,119,120,238
177,124,119,122,120,238
177,124,119,121,286
177,124,119,121,286,195
177,236
177,124,119,121,286,108,316
178,80
178,80,251
178,80,273
80,251
80,273
180,20,184
180,20,213
180,20,213,214
180,20,213,69,227
180,20,213,214,227
180,20,213,69,227,214,228
180,20,213,69,16,15,227,214,228
180,20,213,214,228
180,20,213,278
180,20,213,278,279
180,20,213,278,242
180,20,213,278,279,264
180,20,213,69,227,302
180,20,213,69,16,15,227,302
180,20,213,214,227,302
180,20,213,69,306,305
180,20,213,214,227,69,306,305
180,20,213,214,227,15,16,69,306,305
180,20,213,69,306,305,170
180,20,213,214,227,69,306,305,170
180,20,213,214,227,15,16,69,306,305,170
180,20,213,69,306
180,20,213,214,227,69,306
180,20,213,214,227,15,16,69,306
184,20,213
184,20,213,214
184,20,213,69,227
184,20,213,214,227
184,20,213,69,227,214,228
184,20,213,69,16,15,227,214,228
184,20,213,214,228
184,20,213,278
184,20,213,278,279
184,20,213,278,242
184,20,213,278,279,264
184,20,213,69,227,302
184,20,213,69,16,15,227,302
184,20,213,214,227,302
184,20,213,69,306,305
184,20,213,214,227,69,306,305
184,20,213,214,227,15,16,69,306,305
184,20,213,69,306,305,170
184,20,213,214,227,69,306,305,170
184,20,213,214,227,15,16,69,306,305,170
184,20,213,69,306
184,20,213,214,227,69,306
184,20,213,214,227,15,16,69,306
187,14,119,120,238
187,14,119,122,120,238
187,14,119,121,286
187,14,119,121,286,195
187,14,119,124,177,236
187,14,119,121,286,108,316
191,82,81,226
191,52,226
192,193
200,64
213,214
213,69,227
213,214,227
213,69,227,214,228
213,214,228
213,278
213,278,279
213,278,242
213,278,279,264
213,69,227,302
213,69,16,15,227,302
213,214,227,302
213,69,306,305
213,214,227,69,306,305
213,69,306,305,170
213,214,227,69,306,305,170
213,69,306
213,214,227,69,306
214,227
214,228
214,213,278
214,213,278,279
214,213,278,242
214,213,278,279,264
214,227,302
214,213,69,306,305
214,227,69,306,305
214,227,15,16,69,306,305
214,213,69,306,305,170
214,227,69,306,305,170
214,227,15,16,69,306,305,170
214,213,69,306
214,227,69,306
214,227,15,16,69,306
220,50,135
227,214,228
227,214,213,278
227,69,213,278
227,214,213,278,279
227,69,213,278,279
227,214,213,278,242
227,69,213,278,242
227,214,213,278,279,264
227,69,213,278,279,264
227,302
227,69,306,305
227,69,306,305,170
227,69,306
228,214,213,278
228,214,227,69,213,278
228,214,227,15,16,69,213,278
228,214,213,278,279
228,214,227,69,213,278,279
228,214,227,15,16,69,213,278,279
228,214,213,278,242
228,214,227,69,213,278,242
228,214,227,15,16,69,213,278,242
228,214,213,278,279,264
228,214,227,69,213,278,279,264
228,214,227,15,16,69,213,278,279,264
228,214,213,69,227,302
228,214,213,69,16,15,227,302
228,214,227,302
228,214,213,69,306,305
228,214,227,69,306,305
228,214,227,15,16,69,306,305
228,214,213,69,306,305,170
228,214,227,69,306,305,170
228,214,227,15,16,69,306,305,170
228,214,213,69,306
228,214,227,69,306
228,214,227,15,16,69,306
230,231
232,233
232,233,73
233,73
237,161
238,120,119,121,286
238,120,122,119,121,286
238,120,119,121,286,195
238,120,122,119,121,286,195
238,120,119,124,177,236
238,120,122,119,124,177,236
238,120,119,121,286,108,316
238,120,122,119,121,286,108,316
240,17
251,80,273
260,106,179
260,106,255
179,106,255
276,277
278,279
278,242
278,279,264
278,213,69,227,302
278,213,69,16,15,227,302
278,213,214,227,302
278,213,69,306,305
278,213,214,227,69,306,305
278,213,214,227,15,16,69,306,305
278,213,69,306,305,170
278,213,214,227,69,306,305,170
278,213,214,227,15,16,69,306,305,170
278,213,69,306
278,213,214,227,69,306
278,213,214,227,15,16,69,306
279,278,242
279,264
279,278,213,69,227,302
279,278,213,69,16,15,227,302
279,278,213,214,227,302
279,278,213,69,306,305
279,278,213,214,227,69,306,305
279,278,213,214,227,15,16,69,306,305
279,278,213,69,306,305,170
279,278,213,214,227,69,306,305,170
279,278,213,214,227,15,16,69,306,305,170
279,278,213,69,306
279,278,213,214,227,69,306
279,278,213,214,227,15,16,69,306
242,278,279,264
242,278,213,69,227,302
242,278,213,69,16,15,227,302
242,278,213,214,227,302
242,278,213,69,306,305
242,278,213,214,227,69,306,305
242,278,213,214,227,15,16,69,306,305
242,278,213,69,306,305,170
242,278,213,214,227,69,306,305,170
242,278,213,214,227,15,16,69,306,305,170
242,278,213,69,306
242,278,213,214,227,69,306
242,278,213,214,227,15,16,69,306
282,143
286,195
286,121,119,124,177,236
286,108,316
195,286,121,119,124,177,236
195,286,108,316
288,151,289
264,279,278,213,69,227,302
264,279,278,213,69,16,15,227,302
264,279,278,213,214,227,302
264,279,278,213,69,306,305
264,279,278,213,214,227,69,306,305
264,279,278,213,214,227,15,16,69,306,305
264,279,278,213,69,306,305,170
264,279,278,213,214,227,69,306,305,170
264,279,278,213,214,227,15,16,69,306,305,170
264,279,278,213,69,306
264,279,278,213,214,227,69,306
264,279,278,213,214,227,15,16,69,306
63,32,285
302,227,214,213,69,306,305
302,227,69,306,305
302,227,15,16,69,306,305
302,227,214,213,69,306,305,170
302,227,69,306,305,170
302,227,15,16,69,306,305,170
302,227,214,213,69,306
302,227,69,306
302,227,15,16,69,306
305,170
305,306
170,305,306
236,177,124,119,121,286,108,316
317,293
317,247
293,317,247
323,152
323,160
323,185
152,323,160
152,323,185
160,323,185
