10,11
34,35
34,35,82
34,35,85
34,35,494
34,35,681
34,35,785
34,35,1072
34,35,1115
34,35,1229
34,35,1239
35,82
35,85
35,494
35,681
35,785
35,1072
35,1115
35,1229
35,1239
49,50
49,51
49,1003
50,49,51
50,49,1003
51,49,1003
57,58
70,71
70,72,145,71
70,72,145,73,441,71
70,72,332,71
70,72,441,71
70,72,606,71
70,73,145,71
70,73,145,72,332,71
70,73,145,72,606,71
70,73,441,71
70,73,441,72,332,71
70,73,441,72,606,71
70,72
70,73,145,72
70,73,441,72
70,73
70,71,145
70,71,332,72,145
70,71,332,72,441,73,145
70,71,441,72,145
70,71,441,73,145
70,71,606,72,145
70,71,606,72,441,73,145
70,72,145
70,72,441,73,145
70,73,145
70,71,332
70,71,441,72,332
70,71,606,72,332
70,72,332
70,73,145,71,332
70,73,145,71,606,72,332
70,73,145,72,332
70,73,441,71,332
70,73,441,71,606,72,332
70,73,441,72,332
70,71,441
70,71,606,72,441
70,72,441
70,73,441
70,71,606
70,72,606
70,73,145,71,606
70,73,145,72,606
70,73,441,71,606
70,73,441,72,606
71,70,72
71,70,73,145,72
71,70,73,441,72
71,145,72
71,145,73,441,72
71,332,72
71,441,72
71,606,72
71,70,73
71,145,73
71,332,72,70,73
71,332,72,145,73
71,332,72,441,73
71,441,73
71,606,72,70,73
71,606,72,145,73
71,606,72,441,73
71,145
71,332,72,145
71,332,72,441,73,145
71,441,72,145
71,441,73,145
71,606,72,145
71,606,72,441,73,145
71,332
71,441,72,332
71,606,72,332
71,441
71,606,72,441
71,606
72,70,73
72,145,73
72,441,73
72,145
72,441,73,145
72,332
72,441
72,606
73,145
73,70,71,332
73,70,71,606,72,332
73,70,72,332
73,145,71,332
73,145,71,606,72,332
73,145,72,332
73,441,71,332
73,441,71,606,72,332
73,441,72,332
73,441
73,70,71,606
73,70,72,606
73,145,71,606
73,145,72,606
73,441,71,606
73,441,72,606
82,35,85
82,35,494
82,35,681
82,35,785
82,35,1072
82,35,1115
82,35,1229
82,35,1239
85,35,494
85,35,681
85,35,785
85,35,1072
85,35,1115
85,35,1229
85,35,1239
101,62
105,106
108,109
108,109,899
109,899
115,116
115,569,116
115,569
115,660
115,660,661
115,1185
115,1185,406
115,1185,1186
116,569
116,115,660
116,569,115,660
116,115,660,661
116,569,115,660,661
116,115,1185
116,569,115,1185
116,115,1185,406
116,569,115,1185,406
116,115,1185,1186
116,569,115,1185,1186
118,119
120,38
120,121
120,38,331
38,120,121
38,331
121,120,38,331
122,123
122,66
122,66,362,300,299
122,66,362,300
122,66,362
122,66,531
122,66,689
122,66,362,300,1033
122,123,1147
123,122,66
123,122,66,362,300,299
123,122,66,362,300
123,122,66,362
123,122,66,531
123,122,66,689
123,122,66,362,300,1033
123,1147
66,362,300,299
66,362,300
66,362
66,531
66,689
66,362,300,1033
66,122,123,1147
125,126
125,127
125,696,478,939,938,127
125,696,697,939,938,127
125,696,698,939,938,127
125,696,938,127
125,939,938,127
125,696
125,939,938,696
125,939,478,696
125,939,697,696
125,939,698,696
125,127,938,939,478
125,127,938,939,697,696,478
125,127,938,939,698,696,478
125,127,938,696,478
125,696,478
125,696,697,939,478
125,696,698,939,478
125,696,938,939,478
125,939,478
125,127,938,939,697
125,127,938,939,698,696,697
125,127,938,696,697
125,696,697
125,696,698,939,697
125,696,938,939,697
125,939,697
125,127,938,939,698
125,127,938,696,698
125,696,698
125,696,938,939,698
125,939,698
125,127,938
125,696,938
125,939,938
125,939
126,125,127
126,125,696,478,939,938,127
126,125,696,697,939,938,127
126,125,696,698,939,938,127
126,125,696,938,127
126,125,939,938,127
126,125,696
126,125,939,938,696
126,125,939,478,696
126,125,939,697,696
126,125,939,698,696
126,125,127,938,939,478
126,125,127,938,939,697,696,478
126,125,127,938,939,698,696,478
126,125,127,938,696,478
126,125,696,478
126,125,696,697,939,478
126,125,696,698,939,478
126,125,696,938,939,478
126,125,939,478
126,125,127,938,939,697
126,125,127,938,939,698,696,697
126,125,127,938,696,697
126,125,696,697
126,125,696,698,939,697
126,125,696,938,939,697
126,125,939,697
126,125,127,938,939,698
126,125,127,938,696,698
126,125,696,698
126,125,696,938,939,698
126,125,939,698
126,125,127,938
126,125,696,938
126,125,939,938
126,125,939
127,125,696
127,125,939,938,696
127,125,939,478,696
127,125,939,697,696
127,125,939,698,696
127,938,939,478,696
127,938,939,697,696
127,938,939,698,696
127,938,696
127,125,696,478
127,125,696,697,939,478
127,125,696,698,939,478
127,125,939,478
127,938,939,478
127,938,939,697,696,478
127,938,939,698,696,478
127,938,696,478
127,125,696,697
127,125,696,698,939,697
127,125,939,697
127,938,939,697
127,938,939,698,696,697
127,938,696,697
127,125,696,698
127,125,939,698
127,938,939,698
127,938,696,698
127,938
127,125,939
127,938,939
133,134
133,135
133,136
133,137
133,138
133,139
133,136,218
133,138,31
133,134,568
133,135,420
133,137,714
133,139,396
134,133,135
134,133,136
134,133,137
134,133,138
134,133,139
134,133,136,218
134,133,138,31
134,568
134,133,135,420
134,133,137,714
134,133,139,396
135,133,136
135,133,137
135,133,138
135,133,139
135,133,136,218
135,133,138,31
135,133,134,568
135,420
135,133,137,714
135,133,139,396
136,133,137
136,133,138
136,133,139
136,218
136,133,138,31
136,133,134,568
136,133,135,420
136,133,137,714
136,133,139,396
137,133,138
137,133,139
137,133,136,218
137,133,138,31
137,133,134,568
137,133,135,420
137,714
137,133,139,396
138,133,139
138,133,136,218
138,31
138,133,134,568
138,133,135,420
138,133,137,714
138,133,139,396
139,133,136,218
139,133,138,31
139,133,134,568
139,133,135,420
139,133,137,714
139,396
145,71,332
145,71,441,72,332
145,71,606,72,332
145,72,332
145,73,441,71,332
145,73,441,71,606,72,332
145,73,441,72,332
145,71,441
145,71,606,72,441
145,72,441
145,73,441
145,71,606
145,72,606
145,73,441,71,606
145,73,441,72,606
172,173
172,503,202,200
172,503,913,202,200
172,503,202,200,201
172,503,913,202,200,201
172,503,202
172,503,913,202
172,503,202,200,203
172,503,913,202,200,203
172,503,202,913,226
172,503,913,226
172,503,202,913,226,227
172,503,913,226,227
172,503
172,503,913
173,172,503,202,200
173,172,503,913,202,200
173,172,503,202,200,201
173,172,503,913,202,200,201
173,172,503,202
173,172,503,913,202
173,172,503,202,200,203
173,172,503,913,202,200,203
173,172,503,202,913,226
173,172,503,913,226
173,172,503,202,913,226,227
173,172,503,913,226,227
173,172,503
173,172,503,913
175,176
188,189
188,190
188,190,473
188,190,473,474
188,190,644
189,188,190
189,188,190,473
189,188,190,473,474
189,188,190,644
190,473
190,473,474
190,644
197,198
197,198,461
198,461
200,201
200,202
200,203
200,202,503,913,226
200,202,913,226
200,202,503,913,226,227
200,202,913,226,227
200,202,503
200,202,913,503
200,202,913
201,200,202
201,200,203
201,200,202,503,913,226
201,200,202,913,226
201,200,202,503,913,226,227
201,200,202,913,226,227
201,200,202,503
201,200,202,913,503
201,200,202,913
202,200,203
202,503,913,226
202,913,226
202,503,913,226,227
202,913,226,227
202,503
202,913,503
202,913
203,200,202,503,913,226
203,200,202,913,226
203,200,202,503,913,226,227
203,200,202,913,226,227
203,200,202,503
203,200,202,913,503
203,200,202,913
216,217
216,217,521
217,521
218,136,133,138,31
218,136,133,134,568
218,136,133,135,420
218,136,133,137,714
218,136,133,139,396
226,227
226,913,503
226,913
227,226,913,503
227,226,913
232,233
239,240
245,246
245,247
246,245,247
257,258
257,258,353
257,258,699
258,353
258,699
269,270
269,270,448
269,270,1084,165,449,448
269,270,1084,664,449,448
269,270,1165,165,1084,664,449,448
269,270,1165,165,449,448
269,270,448,449
269,270,1084,165,449
269,270,1084,664,449
269,270,1165,165,1084,664,449
269,270,1165,165,449
269,270,448,450
269,270,1084,165,449,448,450
269,270,1084,664,449,448,450
269,270,1165,165,1084,664,449,448,450
269,270,1165,165,449,448,450
269,270,448,451
269,270,1084,165,449,448,451
269,270,1084,664,449,448,451
269,270,1165,165,1084,664,449,448,451
269,270,1165,165,449,448,451
269,270,448,452
269,270,1084,165,449,448,452
269,270,1084,664,449,448,452
269,270,1165,165,1084,664,449,448,452
269,270,1165,165,449,448,452
269,270,448,453
269,270,1084,165,449,448,453
269,270,1084,664,449,448,453
269,270,1165,165,1084,664,449,448,453
269,270,1165,165,449,448,453
269,270,1084
269,270,1165,165,1084
269,270,448,449,165
269,270,448,449,664,1084,165
269,270,1084,165
269,270,1084,664,449,165
269,270,1165,165
269,270,448,449,664
269,270,1084,664
269,270,1165,165,1084,664
269,270,1165,165,449,664
269,270,1165
269,270,1250
270,448
270,1084,165,449,448
270,1084,664,449,448
270,1165,165,1084,664,449,448
270,1165,165,449,448
270,448,449
270,1084,165,449
270,1084,664,449
270,1165,165,1084,664,449
270,1165,165,449
270,448,450
270,1084,165,449,448,450
270,1084,664,449,448,450
270,1165,165,1084,664,449,448,450
270,1165,165,449,448,450
270,448,451
270,1084,165,449,448,451
270,1084,664,449,448,451
270,1165,165,1084,664,449,448,451
270,1165,165,449,448,451
270,448,452
270,1084,165,449,448,452
270,1084,664,449,448,452
270,1165,165,1084,664,449,448,452
270,1165,165,449,448,452
270,448,453
270,1084,165,449,448,453
270,1084,664,449,448,453
270,1165,165,1084,664,449,448,453
270,1165,165,449,448,453
270,1084
270,1165,165,1084
270,448,449,165
270,448,449,664,1084,165
270,1084,165
270,1084,664,449,165
270,1165,165
270,448,449,664
270,1084,664
270,1165,165,1084,664
270,1165,165,449,664
270,1165
270,1250
31,138,133,134,568
31,138,133,135,420
31,138,133,137,714
31,138,133,139,396
290,291
290,292
291,290,292
295,296
299,300
299,300,362
299,300,362,66,531
299,300,362,66,689
299,300,1033
299,300,362,66,122,123,1147
300,362
300,362,66,531
300,362,66,689
300,1033
300,362,66,122,123,1147
308,117
312,146
312,146,772
146,772
332,71,441
332,71,606,72,441
332,72,441
332,71,606
332,72,606
333,334
333,334,991,846
333,334,991,846,847
333,334,467
333,334,991
334,991,846
334,991,846,847
334,467
334,991
343,344
347,348
347,348,925
348,925
350,351
353,258,699
359,360
359,24
359,360,522
359,360,522,523
359,360,583
359,360,583,374
359,360,857
359,360,857,812
359,360,1065
359,360,1065,947
359,360,1125
359,360,1125,238
360,359,24
360,522
360,522,523
360,583
360,583,374
360,857
360,857,812
360,1065
360,1065,947
360,1125
360,1125,238
24,359,360,522
24,359,360,522,523
24,359,360,583
24,359,360,583,374
24,359,360,857
24,359,360,857,812
24,359,360,1065
24,359,360,1065,947
24,359,360,1125
24,359,360,1125,238
362,66,531
362,66,689
362,300,1033
362,66,122,123,1147
376,377
395,345
427,428
427,387
428,427,387
430,431
430,431,953
430,1260
431,953
431,430,1260
441,71,606
441,72,606
448,449
448,450
448,451
448,452
448,453
448,449,165,1084
448,449,165,1165,270,1084
448,449,664,1084
448,270,1084
448,270,1165,165,1084
448,449,165
448,449,664,1084,165
448,270,1084,165
448,270,1165,165
448,449,664
448,270,1084,664
448,270,1165,165,1084,664
448,270,1165,165,449,664
448,449,165,1165
448,449,664,1084,165,1165
448,449,664,1084,270,1165
448,270,1165
448,449,165,1084,270,1250
448,449,165,1165,270,1250
448,449,664,1084,165,1165,270,1250
448,449,664,1084,270,1250
448,270,1250
449,448,450
449,448,451
449,448,452
449,448,453
449,448,270,1084
449,165,1084
449,165,1165,270,1084
449,664,1084
449,165
449,664,1084,165
449,664
449,448,270,1165
449,165,1165
449,664,1084,165,1165
449,664,1084,270,1165
449,448,270,1250
449,165,1084,270,1250
449,165,1165,270,1250
449,664,1084,165,1165,270,1250
449,664,1084,270,1250
450,448,451
450,448,452
450,448,453
450,448,449,165,1084
450,448,449,165,1165,270,1084
450,448,449,664,1084
450,448,270,1084
450,448,270,1165,165,1084
450,448,449,165
450,448,449,664,1084,165
450,448,270,1084,165
450,448,270,1084,664,449,165
450,448,270,1165,165
450,448,449,664
450,448,270,1084,664
450,448,270,1165,165,1084,664
450,448,270,1165,165,449,664
450,448,449,165,1165
450,448,449,664,1084,165,1165
450,448,449,664,1084,270,1165
450,448,270,1165
450,448,449,165,1084,270,1250
450,448,449,165,1165,270,1250
450,448,449,664,1084,165,1165,270,1250
450,448,449,664,1084,270,1250
450,448,270,1250
451,448,452
451,448,453
451,448,449,165,1084
451,448,449,165,1165,270,1084
451,448,449,664,1084
451,448,270,1084
451,448,270,1165,165,1084
451,448,449,165
451,448,449,664,1084,165
451,448,270,1084,165
451,448,270,1084,664,449,165
451,448,270,1165,165
451,448,449,664
451,448,270,1084,664
451,448,270,1165,165,1084,664
451,448,270,1165,165,449,664
451,448,449,165,1165
451,448,449,664,1084,165,1165
451,448,449,664,1084,270,1165
451,448,270,1165
451,448,449,165,1084,270,1250
451,448,449,165,1165,270,1250
451,448,449,664,1084,165,1165,270,1250
451,448,449,664,1084,270,1250
451,448,270,1250
452,448,453
452,448,449,165,1084
452,448,449,165,1165,270,1084
452,448,449,664,1084
452,448,270,1084
452,448,270,1165,165,1084
452,448,449,165
452,448,449,664,1084,165
452,448,270,1084,165
452,448,270,1084,664,449,165
452,448,270,1165,165
452,448,449,664
452,448,270,1084,664
452,448,270,1165,165,1084,664
452,448,270,1165,165,449,664
452,448,449,165,1165
452,448,449,664,1084,165,1165
452,448,449,664,1084,270,1165
452,448,270,1165
452,448,449,165,1084,270,1250
452,448,449,165,1165,270,1250
452,448,449,664,1084,165,1165,270,1250
452,448,449,664,1084,270,1250
452,448,270,1250
453,448,449,165,1084
453,448,449,165,1165,270,1084
453,448,449,664,1084
453,448,270,1084
453,448,270,1165,165,1084
453,448,449,165
453,448,449,664,1084,165
453,448,270,1084,165
453,448,270,1084,664,449,165
453,448,270,1165,165
453,448,449,664
453,448,270,1084,664
453,448,270,1165,165,1084,664
453,448,270,1165,165,449,664
453,448,449,165,1165
453,448,449,664,1084,165,1165
453,448,449,664,1084,270,1165
453,448,270,1165
453,448,449,165,1084,270,1250
453,448,449,165,1165,270,1250
453,448,449,664,1084,165,1165,270,1250
453,448,449,664,1084,270,1250
453,448,270,1250
473,474
473,190,644
474,473,190,644
475,476
475,477
476,475,477
485,486
494,35,681
494,35,785
494,35,1072
494,35,1115
494,35,1229
494,35,1239
501,502
503,913
508,509
510,886
522,523
522,360,583
522,360,583,374
522,360,857
522,360,857,812
522,360,1065
522,360,1065,947
522,360,1125
522,360,1125,238
523,522,360,583
523,522,360,583,374
523,522,360,857
523,522,360,857,812
523,522,360,1065
523,522,360,1065,947
523,522,360,1125
523,522,360,1125,238
530,208
531,66,689
531,66,362,300,1033
531,66,122,123,1147
532,533
532,533,547
532,533,547,614
533,547
533,547,614
534,535
534,535,604
535,604
537,513
541,52
547,614
548,549
548,549,553
548,549,570
548,549,844
549,553
549,570
549,844
551,552
551,552,693
552,693
553,549,570
553,549,844
569,115,660
569,115,660,661
569,115,1185
569,115,1185,406
569,115,1185,1186
570,549,844
583,374
583,360,857
583,360,857,812
583,360,1065
583,360,1065,947
583,360,1125
583,360,1125,238
374,583,360,857
374,583,360,857,812
374,583,360,1065
374,583,360,1065,947
374,583,360,1125
374,583,360,1125,238
584,585
584,586
584,5
584,587
584,12
584,192
584,588
584,207
584,589
585,584,586
585,584,5
585,584,587
585,584,12
585,584,192
585,584,588
585,584,207
585,584,589
586,584,5
586,584,587
586,584,12
586,584,192
586,584,588
586,584,207
586,584,589
5,584,587
5,584,12
5,584,192
5,584,588
5,584,207
5,584,589
587,584,12
587,584,192
587,584,588
587,584,207
587,584,589
12,584,192
12,584,588
12,584,207
12,584,589
192,584,588
192,584,207
192,584,589
588,584,207
588,584,589
207,584,589
595,654
605,60
605,1117
605,1117,855
605,1117,653
60,605,1117
60,605,1117,855
60,605,1117,653
631,392
631,901,900
631,901
392,631,901,900
392,631,901
660,661
660,115,1185
660,115,1185,406
660,115,1185,1186
661,660,115,1185
661,660,115,1185,406
661,660,115,1185,1186
670,365
671,672
671,672,918
671,672,1069
671,672,1181
672,918
672,1069
672,1181
681,35,785
681,35,1072
681,35,1115
681,35,1229
681,35,1239
689,66,362,300,1033
689,66,122,123,1147
690,691
690,692
691,690,692
696,478
696,697,939,478
696,698,939,478
696,938,939,478
696,697
696,698,939,697
696,938,939,697
696,698
696,938,939,698
696,938
696,478,939
696,697,939
696,698,939
696,125,939
696,938,939
478,696,697
478,696,698,939,697
478,696,938,939,697
478,939,697
478,696,698
478,696,938,939,698
478,939,698
478,696,938
478,939,938
478,939
697,696,698
697,696,938,939,698
697,939,698
697,696,938
697,939,938
697,939
698,696,938
698,939,938
698,939
705,706
705,706,1088
705,706,339
706,1088
706,339
568,134,133,135,420
568,134,133,137,714
568,134,133,139,396
751,748
773,388
785,35,1072
785,35,1115
785,35,1229
785,35,1239
420,135,133,137,714
420,135,133,139,396
791,792
791,792,1157
792,1157
846,847
846,991,334,467
846,991
847,846,991,334,467
847,846,991
857,812
857,360,1065
857,360,1065,947
857,360,1125
857,360,1125,238
812,857,360,1065
812,857,360,1065,947
812,857,360,1125
812,857,360,1125,238
871,183
871,1002
871,1002,167
183,871,1002
183,871,1002,167
873,757
883,884
896,456
900,901
918,672,1069
918,672,1181
921,154
935,64
938,939
952,579
952,579,1031
579,1031
969,563
977,978
981,982
467,334,991
1002,167
1033,300,362,66,122,123,1147
1037,749
1046,304
953,431,430,1260
1056,989
1061,468
1064,21
1064,21,1068
21,1068
1065,947
1065,360,1125
1065,360,1125,238
947,1065,360,1125
947,1065,360,1125,238
1069,672,1181
1072,35,1115
1072,35,1229
1072,35,1239
1077,702
1078,958
1082,95
1084,165
1084,664
1084,165,1165
1084,270,1165
1084,165,1165,270,1250
1084,270,1250
165,1084,664
165,449,664
165,1165
165,1084,664,449,448,270,1250
165,1084,270,1250
165,1165,270,1250
165,449,448,270,1250
165,449,664,1084,270,1250
664,1084,165,1165
664,1084,270,1165
664,449,448,270,1165
664,449,165,1165
664,1084,165,1165,270,1250
664,1084,270,1250
664,449,448,270,1250
664,449,165,1165,270,1250
1085,687
1088,706,339
1091,1066
714,137,133,139,396
1103,636
1104,493
1115,35,1229
1115,35,1239
1117,855
1117,653
855,1117,653
1122,447
1122,806
1122,1240
447,1122,806
447,1122,1240
806,1122,1240
1125,238
1136,1137
1159,446
1165,270,1250
1166,42
1174,1175
1185,406
1185,1186
406,1185,1186
1222,282
1224,1225
1228,1009
1229,35,1239
1257,124
1259,1090
1262,512
1264,481
1267,361
1275,741
1292,1097
