12,13
12,36
12,36,37
12,13,43
13,12,36
13,12,36,37
13,43
16,17
16,18
16,17,187
17,16,18
17,187
18,16,17,187
21,8
21,22
21,23
8,21,22
8,21,23
22,21,23
36,37
36,12,13,43
37,36,12,13,43
55,56
55,53
56,55,53
74,75
74,76
74,77,76
74,77
75,74,76
75,74,77,76
75,74,77
76,77
97,98
97,209,98
97,98,147
97,209,98,147
97,209
98,147
98,209
128,129
128,44
128,129,92
128,129,92,173
129,128,44
129,92
129,92,173
44,128,129,92
44,128,129,92,173
130,51
130,109
51,130,109
139,140
139,66
139,140,174
139,140,174,178
140,139,66
140,174
140,174,178
66,139,140,174
66,139,140,174,178
142,143
142,144
142,143,171
143,142,144
143,171
144,142,143,171
147,98,209
153,154
153,155
154,153,155
163,78
92,173
174,178
215,196
215,210
196,215,210
233,9
233,231
9,233,231
245,192
245,212
192,245,212
