7,8
7,28
7,28,29
7,8,152
8,7,28
8,7,28,29
8,152
10,11
10,12
10,11,147
11,10,12
11,147
12,10,11,147
15,4
15,16
4,15,16
28,29
28,7,8,152
29,28,7,8,152
55,56
55,57
55,58,57
55,58
56,55,57
56,55,58,57
56,55,58
57,58
68,69
68,69,110,109
68,69,110
68,69,110,109,47
69,110,109
69,110
69,110,109,47
100,101
100,33
100,101,71
100,101,71,137
101,100,33
101,71
101,71,137
33,100,101,71
33,100,101,71,137
109,110
109,47
110,109,47
112,113
112,114
112,113,135
113,112,114
113,135
114,112,113,135
122,123
122,124
123,122,124
129,59
129,75
59,129,75
71,137
168,153
168,164
153,168,164
183,182
193,166
