0 1
2 3
4 3
5 6
7 8
9 10
11 12
13 12
14 15
16 17
18 19
20 21
22 23
24 25
26 27
28 29
30 31
32 21
31 4
33 12
34 35
36 12
37 38
39 40
41 31
42 43
44 8
45 46
47 48
49 50
24 51
52 13
53 54
55 56
9 57
58 40
59 25
60 61
62 63
64 21
65 66
2 67
68 69
70 71
40 72
56 73
74 75
76 77
78 79
80 81
82 83
84 85
86 87
88 31
89 90
91 3
92 63
93 94
70 95
96 95
97 98
99 100
101 102
103 104
59 51
105 106
107 108
109 110
111 54
112 113
28 15
114 98
115 116
93 15
14 29
45 117
118 119
120 31
86 121
24 92
30 122
123 124
125 126
127 106
128 61
129 130
131 67
132 61
133 134
135 136
137 138
139 140
14 141
142 143
109 14
107 144
145 146
147 3
1 107
85 148
149 31
24 150
151 69
93 110
152 113
84 153
154 155
156 6
49 157
158 159
160 161
162 23
36 75
17 75
163 164
165 2
166 167
164 168
169 170
171 104
172 79
173 57
81 140
174 66
122 140
175 102
74 12
176 177
178 28
179 139
180 181
182 183
184 139
185 3
186 187
188 189
190 145
191 192
193 134
194 140
195 196
197 121
190 115
198 106
94 199
200 104
201 202
203 204
42 71
205 206
207 155
178 208
61 104
89 17
209 168
31 210
100 202
211 212
45 139
10 75
213 214
30 215
216 125
217 116
218 148
219 57
66 206
14 199
220 1
141 221
42 95
127 222
223 21
224 225
148 12
226 227
228 229
230 21
231 62
98 232
233 75
234 98
233 12
235 236
237 124
238 177
210 31
130 239
240 241
120 149
88 45
93 242
243 244
68 245
246 6
31 21
30 143
163 247
163 248
54 104
249 250
94 77
251 51
30 252
253 254
24 255
151 245
218 136
256 257
131 31
258 229
94 59
142 31
28 93
30 72
259 260
261 139
112 121
262 263
131 264
38 12
102 265
223 266
153 75
242 267
90 17
268 54
173 52
269 270
88 3
271 170
7 37
272 72
273 274
275 27
276 106
45 277
49 72
278 279
280 281
30 282
283 71
284 75
285 260
45 280
62 286
287 288
9 13
289 158
290 61
2 31
280 291
179 40
243 292
276 222
2 45
28 199
217 146
293 266
294 241
110 24
36 295
264 31
251 25
296 98
297 56
298 15
90 299
31 3
243 176
300 292
301 121
25 209
14 77
302 104
89 303
28 304
238 305
214 207
32 72
141 286
198 222
306 241
25 307
293 21
82 308
309 310
311 214
312 313
42 314
300 177
243 27
253 315
316 317
318 54
247 319
173 10
49 215
112 87
24 251
39 139
26 66
233 295
320 134
16 299
212 116
209 321
33 75
30 157
7 284
11 75
322 241
323 270
324 250
250 325
326 187
218 153
261 40
249 189
163 63
88 67
327 19
25 251
49 252
93 298
328 236
211 329
330 27
44 284
45 72
331 102
127 35
332 6
176 292
333 155
37 284
52 10
44 38
334 231
335 336
184 40
98 337
338 62
84 136
20 339
340 303
24 209
341 167
342 134
343 8
6 61
329 146
26 227
242 344
345 346
16 303
85 153
347 348
300 27
349 70
299 12
283 95
129 239
45 350
25 321
186 257
96 71
301 87
242 351
