2,3
2,3,47
2,3,125
2,3,401
2,3,508
2,3,746
2,3,1397
3,47
3,125
3,401
3,508
3,746
3,1397
23,24
23,24,285
23,24,409
23,24,904
23,24,908
23,24,1284
23,24,1447
23,24,1487
23,24,1564
23,24,1567
24,285
24,409
24,904
24,908
24,1284
24,1447
24,1487
24,1564
24,1567
35,36
35,36,61,60
35,36,61,150,62,60
35,36,61,63,60
35,36,61,65,60
35,36,61,62,60
35,36,61
35,36,61,150,62
35,36,61,63,60,62
35,36,61,65,60,62
35,36,61,62
35,36,61,150,62,60,63
35,36,61,63
35,36,61,65,60,63
35,36,61,60,64
35,36,61,150,62,60,64
35,36,61,63,60,64
35,36,61,65,60,64
35,36,61,62,60,64
35,36,61,150,62,60,65
35,36,61,65
35,36,61,150
35,36,61,571
35,36,61,1281,1280,571
35,36,61,1054
35,36,61,571,1280
35,36,61,1281,1280
35,36,61,1281
35,36,61,60,62,71
35,36,61,150,62,71
35,36,61,63,60,62,71
35,36,61,65,60,62,71
35,36,61,62,71
36,61,60
36,61,150,62,60
36,61,63,60
36,61,65,60
36,61,62,60
36,61
36,61,150,62
36,61,63,60,62
36,61,65,60,62
36,61,62
36,61,150,62,60,63
36,61,63
36,61,65,60,63
36,61,60,64
36,61,150,62,60,64
36,61,63,60,64
36,61,65,60,64
36,61,62,60,64
36,61,150,62,60,65
36,61,65
36,61,150
36,61,571
36,61,1281,1280,571
36,61,1054
36,61,571,1280
36,61,1281,1280
36,61,1281
36,61,60,62,71
36,61,150,62,71
36,61,63,60,62,71
36,61,65,60,62,71
36,61,62,71
38,39
47,3,125
47,3,401
47,3,508
47,3,746
47,3,1397
53,54
53,55
53,55,1266
53,55,1101
54,53,55
54,53,55,1266
54,53,55,1101
55,1266
55,1101
60,61
60,62,150,61
60,62,61
60,63,61
60,65,61
60,62
60,63,61,150,62
60,63,61,62
60,65,61,150,62
60,65,61,62
60,63
60,65,61,63
60,64
60,65
60,61,150
60,62,150
60,63,61,150
60,65,61,150
60,61,571
60,61,1281,1280,571
60,62,150,61,571
60,62,150,61,1281,1280,571
60,62,61,571
60,62,61,1281,1280,571
60,63,61,571
60,63,61,1281,1280,571
60,65,61,571
60,65,61,1281,1280,571
60,61,1054
60,62,150,61,1054
60,62,61,1054
60,63,61,1054
60,65,61,1054
60,61,571,1280
60,61,1281,1280
60,62,150,61,571,1280
60,62,150,61,1281,1280
60,62,61,571,1280
60,62,61,1281,1280
60,63,61,571,1280
60,63,61,1281,1280
60,65,61,571,1280
60,65,61,1281,1280
60,61,1281
60,62,150,61,1281
60,62,61,1281
60,63,61,1281
60,65,61,1281
60,61,150,62,71
60,61,62,71
60,62,71
60,63,61,150,62,71
60,63,61,62,71
60,65,61,150,62,71
60,65,61,62,71
61,150,62
61,62
61,63
61,60,64
61,150,62,60,64
61,63,60,64
61,65,60,64
61,62,60,64
61,65
61,150
61,571
61,1281,1280,571
61,1054
61,571,1280
61,1281,1280
61,1281
61,150,62,71
61,62,71
62,60,63
62,60,65,61,63
62,150,61,63
62,150,61,65,60,63
62,61,63
62,60,64
62,150,61,63,60,64
62,150,61,65,60,64
62,61,63,60,64
62,61,65,60,64
62,60,65
62,150,61,65
62,61,65
62,150
62,60,63,61,571
62,60,63,61,1281,1280,571
62,60,65,61,571
62,60,65,61,1281,1280,571
62,150,61,571
62,150,61,1281,1280,571
62,61,571
62,61,1281,1280,571
62,60,63,61,1054
62,60,65,61,1054
62,150,61,1054
62,61,1054
62,60,63,61,571,1280
62,60,63,61,1281,1280
62,60,65,61,571,1280
62,60,65,61,1281,1280
62,150,61,571,1280
62,150,61,1281,1280
62,61,571,1280
62,61,1281,1280
62,60,63,61,1281
62,60,65,61,1281
62,150,61,1281
62,61,1281
62,71
63,60,64
63,61,65,60,64
63,60,65
63,61,65
63,60,62,150
63,60,65,61,150
63,61,150
63,60,62,150,61,571
63,60,62,150,61,1281,1280,571
63,60,65,61,571
63,60,65,61,1281,1280,571
63,61,571
63,61,1281,1280,571
63,60,62,150,61,1054
63,60,65,61,1054
63,61,1054
63,60,62,150,61,571,1280
63,60,62,150,61,1281,1280
63,60,65,61,571,1280
63,60,65,61,1281,1280
63,61,571,1280
63,61,1281,1280
63,60,62,150,61,1281
63,60,65,61,1281
63,61,1281
63,60,62,71
63,60,65,61,150,62,71
63,60,65,61,62,71
63,61,150,62,71
63,61,62,71
64,60,65
64,60,61,150
64,60,62,150
64,60,63,61,150
64,60,65,61,150
64,60,61,571
64,60,61,1281,1280,571
64,60,62,150,61,571
64,60,62,150,61,1281,1280,571
64,60,62,61,571
64,60,62,61,1281,1280,571
64,60,63,61,571
64,60,63,61,1281,1280,571
64,60,65,61,571
64,60,65,61,1281,1280,571
64,60,61,1054
64,60,62,150,61,1054
64,60,62,61,1054
64,60,63,61,1054
64,60,65,61,1054
64,60,61,571,1280
64,60,61,1281,1280
64,60,62,150,61,571,1280
64,60,62,150,61,1281,1280
64,60,62,61,571,1280
64,60,62,61,1281,1280
64,60,63,61,571,1280
64,60,63,61,1281,1280
64,60,65,61,571,1280
64,60,65,61,1281,1280
64,60,61,1281
64,60,62,150,61,1281
64,60,62,61,1281
64,60,63,61,1281
64,60,65,61,1281
64,60,61,150,62,71
64,60,61,62,71
64,60,62,71
64,60,63,61,150,62,71
64,60,63,61,62,71
64,60,65,61,150,62,71
64,60,65,61,62,71
65,60,62,150
65,61,150
65,60,62,150,61,571
65,60,62,150,61,1281,1280,571
65,61,571
65,61,1281,1280,571
65,60,62,150,61,1054
65,61,1054
65,60,62,150,61,571,1280
65,60,62,150,61,1281,1280
65,61,571,1280
65,61,1281,1280
65,60,62,150,61,1281
65,61,1281
65,60,62,71
65,61,150,62,71
65,61,62,71
79,80
82,83
82,1204,1115,803,1063,1105,83
82,1105,83
82,83,681,156
82,1204,1115,803,1063,1105,83,681,156
82,1105,83,681,156
82,83,681
82,1204,1115,803,1063,1105,83,681
82,1105,83,681
82,83,1105,1063
82,1204,1115,803,1063
82,1105,1063
82,83,1105,1063,903
82,1204,1115,803,1063,903
82,1105,1063,903
82,83,1105,1063,803
82,1204,1115,803
82,1105,1063,803
82,83,1105,1063,803,1115,1069
82,1204,1115,1069
82,1105,1063,803,1115,1069
82,83,1105,1063,803,1115,1069,940
82,1204,1115,1069,940
82,1105,1063,803,1115,1069,940
82,1204,1115,803,1063,1105
82,1105
82,83,1105,1063,803,1115
82,1204,1115
82,1105,1063,803,1115
82,1204
82,83,1105,1063,803,1115,1204,253
82,1204,253
82,1105,1063,803,1115,1204,253
83,681,156
83,681
83,82,1204,1115,803,1063
83,1105,1063
83,82,1204,1115,803,1063,903
83,1105,82,1204,1115,803,1063,903
83,1105,1063,903
83,82,1204,1115,803
83,1105,82,1204,1115,803
83,1105,1063,803
83,82,1204,1115,1069
83,1105,82,1204,1115,1069
83,1105,1063,803,1115,1069
83,82,1204,1115,1069,940
83,1105,82,1204,1115,1069,940
83,1105,1063,803,1115,1069,940
83,1105
83,82,1204,1115
83,1105,82,1204,1115
83,1105,1063,803,1115
83,82,1204
83,1105,82,1204
83,1105,1063,803,1115,1204
83,82,1204,253
83,1105,82,1204,253
83,1105,1063,803,1115,1204,253
88,89
88,1233
88,1233,1064
89,88,1233
89,88,1233,1064
90,91
90,91,1475
90,91,1481,1480
90,91,1481,1480,198
90,91,1481
91,1475
91,1481,1480
91,1481,1480,198
91,1481
108,753
115,116
115,933
115,933,934
115,933,935
115,933,936
115,933,937
115,933,938
115,933,937,872
115,933,934,327
115,933,935,245
115,933,936,436
115,933,938,221
116,115,933
116,115,933,934
116,115,933,935
116,115,933,936
116,115,933,937
116,115,933,938
116,115,933,937,872
116,115,933,934,327
116,115,933,935,245
116,115,933,936,436
116,115,933,938,221
125,3,401
125,3,508
125,3,746
125,3,1397
132,133
132,134
132,133,1483
133,132,134
133,1483
134,132,133,1483
137,138
137,138,257
137,138,257,258
137,138,742
137,138,928
137,138,928,929
137,138,928,929,1034
137,138,257,258,1127
137,138,257,258,1536
138,257
138,257,258
138,742
138,928
138,928,929
138,928,929,1034
138,257,258,1127
138,257,258,1536
150,61,571
150,61,1281,1280,571
150,61,1054
150,61,571,1280
150,61,1281,1280
150,61,1281
150,62,71
156,681
156,681,83,82,1204,1115,803,1063
156,681,83,82,1105,1063
156,681,83,1105,1063
156,681,83,82,1204,1115,803,1063,903
156,681,83,82,1105,1063,903
156,681,83,1105,82,1204,1115,803,1063,903
156,681,83,1105,1063,903
156,681,83,82,1204,1115,803
156,681,83,82,1105,1063,803
156,681,83,1105,82,1204,1115,803
156,681,83,1105,1063,803
156,681,83,82,1204,1115,1069
156,681,83,82,1105,1063,803,1115,1069
156,681,83,1105,82,1204,1115,1069
156,681,83,1105,1063,803,1115,1069
156,681,83,82,1204,1115,1069,940
156,681,83,82,1105,1063,803,1115,1069,940
156,681,83,1105,82,1204,1115,1069,940
156,681,83,1105,1063,803,1115,1069,940
156,681,83,1105
156,681,83,82,1204,1115
156,681,83,82,1105,1063,803,1115
156,681,83,1105,82,1204,1115
156,681,83,1105,1063,803,1115
156,681,83,82,1204
156,681,83,1105,82,1204
156,681,83,1105,1063,803,1115,1204
156,681,83,82,1204,253
156,681,83,82,1105,1063,803,1115,1204,253
156,681,83,1105,82,1204,253
156,681,83,1105,1063,803,1115,1204,253
170,171
184,185
184,186
184,187
184,188
184,189
184,1494
184,1494,1268
184,1494,1290
184,1494,979
184,1494,1495
185,184,186
185,184,187
185,184,188
185,184,189
185,184,1494
185,184,1494,1268
185,184,1494,1290
185,184,1494,979
185,184,1494,1495
186,184,187
186,184,188
186,184,189
186,184,1494
186,184,1494,1268
186,184,1494,1290
186,184,1494,979
186,184,1494,1495
187,184,188
187,184,189
187,184,1494
187,184,1494,1268
187,184,1494,1290
187,184,1494,979
187,184,1494,1495
188,184,189
188,184,1494
188,184,1494,1268
188,184,1494,1290
188,184,1494,979
188,184,1494,1495
189,184,1494
189,184,1494,1268
189,184,1494,1290
189,184,1494,979
189,184,1494,1495
206,207
219,220
230,231
239,240
248,249
248,250
249,248,250
257,258
257,138,742
257,138,928
257,138,928,929
257,138,928,929,1034
257,258,1127
257,258,1536
258,257,138,742
258,257,138,928
258,257,138,928,929
258,257,138,928,929,1034
258,1127
258,1536
261,262
261,263,752,100,262
261,263,752,100,1458,399,262
261,263,1458,100,262
261,263,1458,399,262
261,263
261,264
261,265
261,266
261,267
261,262,100,752
261,262,100,1458,263,752
261,262,399,1458,100,752
261,262,399,1458,263,752
261,263,752
261,263,1458,100,752
261,262,100
261,262,399,1458,100
261,263,752,100
261,263,1458,100
261,263,1458,399,262,100
261,262,399
261,263,752,100,262,399
261,263,752,100,1458,399
261,263,1458,399
261,262,100,752,263,1094
261,262,100,1458,263,1094
261,262,399,1458,100,752,263,1094
261,262,399,1458,263,1094
261,263,1094
261,262,100,1458
261,262,399,1458
261,263,1458
261,262,100,752,263,1572
261,262,100,1458,263,1572
261,262,399,1458,100,752,263,1572
261,262,399,1458,263,1572
261,263,1572
262,261,263
262,100,752,263
262,100,1458,263
262,399,1458,100,752,263
262,399,1458,263
262,261,264
262,100,752,263,261,264
262,100,1458,263,261,264
262,399,1458,100,752,263,261,264
262,399,1458,263,261,264
262,261,265
262,100,752,263,261,265
262,100,1458,263,261,265
262,399,1458,100,752,263,261,265
262,399,1458,263,261,265
262,261,266
262,100,752,263,261,266
262,100,1458,263,261,266
262,399,1458,100,752,263,261,266
262,399,1458,263,261,266
262,261,267
262,100,752,263,261,267
262,100,1458,263,261,267
262,399,1458,100,752,263,261,267
262,399,1458,263,261,267
262,261,263,752
262,100,752
262,100,1458,263,752
262,399,1458,100,752
262,399,1458,263,752
262,100
262,399,1458,100
262,399
262,261,263,1094
262,100,752,263,1094
262,100,1458,263,1094
262,399,1458,100,752,263,1094
262,399,1458,263,1094
262,261,263,1458
262,100,1458
262,399,1458
262,261,263,1572
262,100,752,263,1572
262,100,1458,263,1572
262,399,1458,100,752,263,1572
262,399,1458,263,1572
263,261,264
263,261,265
263,261,266
263,261,267
263,752
263,1458,100,752
263,261,262,100
263,752,100
263,1458,100
263,1458,399,262,100
263,261,262,399
263,752,100,262,399
263,752,100,1458,399
263,1458,399
263,1094
263,1458
263,1572
264,261,265
264,261,266
264,261,267
264,261,262,100,752
264,261,262,100,1458,263,752
264,261,262,399,1458,100,752
264,261,262,399,1458,263,752
264,261,263,752
264,261,263,1458,100,752
264,261,262,100
264,261,262,399,1458,100
264,261,263,752,100
264,261,263,1458,100
264,261,263,1458,399,262,100
264,261,262,399
264,261,263,752,100,262,399
264,261,263,752,100,1458,399
264,261,263,1458,399
264,261,262,100,752,263,1094
264,261,262,100,1458,263,1094
264,261,262,399,1458,100,752,263,1094
264,261,262,399,1458,263,1094
264,261,263,1094
264,261,262,100,1458
264,261,262,399,1458
264,261,263,1458
264,261,262,100,752,263,1572
264,261,262,100,1458,263,1572
264,261,262,399,1458,100,752,263,1572
264,261,262,399,1458,263,1572
264,261,263,1572
265,261,266
265,261,267
265,261,262,100,752
265,261,262,100,1458,263,752
265,261,262,399,1458,100,752
265,261,262,399,1458,263,752
265,261,263,752
265,261,263,1458,100,752
265,261,262,100
265,261,262,399,1458,100
265,261,263,752,100
265,261,263,1458,100
265,261,263,1458,399,262,100
265,261,262,399
265,261,263,752,100,262,399
265,261,263,752,100,1458,399
265,261,263,1458,399
265,261,262,100,752,263,1094
265,261,262,100,1458,263,1094
265,261,262,399,1458,100,752,263,1094
265,261,262,399,1458,263,1094
265,261,263,1094
265,261,262,100,1458
265,261,262,399,1458
265,261,263,1458
265,261,262,100,752,263,1572
265,261,262,100,1458,263,1572
265,261,262,399,1458,100,752,263,1572
265,261,262,399,1458,263,1572
265,261,263,1572
266,261,267
266,261,262,100,752
266,261,262,100,1458,263,752
266,261,262,399,1458,100,752
266,261,262,399,1458,263,752
266,261,263,752
266,261,263,1458,100,752
266,261,262,100
266,261,262,399,1458,100
266,261,263,752,100
266,261,263,1458,100
266,261,263,1458,399,262,100
266,261,262,399
266,261,263,752,100,262,399
266,261,263,752,100,1458,399
266,261,263,1458,399
266,261,262,100,752,263,1094
266,261,262,100,1458,263,1094
266,261,262,399,1458,100,752,263,1094
266,261,262,399,1458,263,1094
266,261,263,1094
266,261,262,100,1458
266,261,262,399,1458
266,261,263,1458
266,261,262,100,752,263,1572
266,261,262,100,1458,263,1572
266,261,262,399,1458,100,752,263,1572
266,261,262,399,1458,263,1572
266,261,263,1572
267,261,262,100,752
267,261,262,100,1458,263,752
267,261,262,399,1458,100,752
267,261,262,399,1458,263,752
267,261,263,752
267,261,263,1458,100,752
267,261,262,100
267,261,262,399,1458,100
267,261,263,752,100
267,261,263,1458,100
267,261,263,1458,399,262,100
267,261,262,399
267,261,263,752,100,262,399
267,261,263,752,100,1458,399
267,261,263,1458,399
267,261,262,100,752,263,1094
267,261,262,100,1458,263,1094
267,261,262,399,1458,100,752,263,1094
267,261,262,399,1458,263,1094
267,261,263,1094
267,261,262,100,1458
267,261,262,399,1458
267,261,263,1458
267,261,262,100,752,263,1572
267,261,262,100,1458,263,1572
267,261,262,399,1458,100,752,263,1572
267,261,262,399,1458,263,1572
267,261,263,1572
283,164
285,24,409
285,24,904
285,24,908
285,24,1284
285,24,1447
285,24,1487
285,24,1564
285,24,1567
290,540
300,301
310,311
310,311,380
310,1150
310,1150,562
311,380
311,310,1150
311,310,1150,562
320,287
332,333
332,333,643
332,333,698
332,333,724
332,333,991
333,643
333,698
333,724
333,991
334,335
334,203
334,335,728
334,335,728,123
334,335,1061
334,335,1061,868
334,335,1141
334,335,1141,1142
334,335,1312
334,335,1312,1297
334,335,1441
334,335,1441,1358
335,334,203
335,728
335,728,123
335,1061
335,1061,868
335,1141
335,1141,1142
335,1312
335,1312,1297
335,1441
335,1441,1358
203,334,335,728
203,334,335,728,123
203,334,335,1061
203,334,335,1061,868
203,334,335,1141
203,334,335,1141,1142
203,334,335,1312
203,334,335,1312,1297
203,334,335,1441
203,334,335,1441,1358
338,9
338,339,366,9
338,340,366,9
338,341,367,365,366,9
338,341,366,9
338,365,366,9
338,339
338,340,366,339
338,341,367,365,366,339
338,341,366,339
338,365,366,339
338,340
338,341,367,365,366,340
338,341,366,340
338,365,366,340
338,341
338,365,366,341
338,365,367,341
338,365
338,9,366
338,339,366
338,340,366
338,341,367,365,366
338,341,366
338,365,366
338,9,366,365,367
338,9,366,341,367
338,339,366,365,367
338,339,366,341,367
338,340,366,365,367
338,340,366,341,367
338,341,367
338,365,367
338,9,366,365,367,341,799
338,9,366,341,799
338,339,366,365,367,341,799
338,339,366,341,799
338,340,366,365,367,341,799
338,340,366,341,799
338,341,799
338,365,366,341,799
338,365,367,341,799
9,338,339
9,338,340,366,339
9,338,341,367,365,366,339
9,338,341,366,339
9,338,365,366,339
9,366,339
9,338,340
9,338,341,367,365,366,340
9,338,341,366,340
9,338,365,366,340
9,366,340
9,338,341
9,338,365,366,341
9,338,365,367,341
9,366,365,367,341
9,366,341
9,338,365
9,366,365
9,366
9,338,339,366,365,367
9,338,339,366,341,367
9,338,340,366,365,367
9,338,340,366,341,367
9,338,341,367
9,338,365,367
9,366,365,367
9,366,341,367
9,338,339,366,365,367,341,799
9,338,339,366,341,799
9,338,340,366,365,367,341,799
9,338,340,366,341,799
9,338,341,799
9,338,365,366,341,799
9,338,365,367,341,799
9,366,365,367,341,799
9,366,341,799
339,338,340
339,338,341,367,365,366,340
339,338,341,366,340
339,338,365,366,340
339,366,340
339,338,341
339,338,365,366,341
339,338,365,367,341
339,366,365,367,341
339,366,341
339,338,365
339,366,365
339,366
339,338,340,366,365,367
339,338,340,366,341,367
339,338,341,367
339,338,365,367
339,366,365,367
339,366,341,367
339,338,340,366,365,367,341,799
339,338,340,366,341,799
339,338,341,799
339,338,365,366,341,799
339,338,365,367,341,799
339,366,365,367,341,799
339,366,341,799
340,338,341
340,338,365,366,341
340,338,365,367,341
340,366,365,367,341
340,366,341
340,338,365
340,366,365
340,366
340,338,341,367
340,338,365,367
340,366,365,367
340,366,341,367
340,338,341,799
340,338,365,366,341,799
340,338,365,367,341,799
340,366,365,367,341,799
340,366,341,799
341,338,365
341,367,365
341,366,365
341,367,365,366
341,366
341,367
341,799
344,345
344,346
344,345,319
345,344,346
345,319
346,344,345,319
360,361
360,362,1021,361
360,362
360,361,1021,362,427
360,362,427
360,361,1021,362,638
360,362,638
360,361,1021
360,362,1021
361,360,362
361,1021,362
361,360,362,427
361,1021,362,427
361,360,362,638
361,1021,362,638
361,1021
362,427
362,638
362,1021
365,366
365,367
365,366,341,799
365,338,341,799
365,367,341,799
366,365,367
366,341,367
366,365,367,341,799
366,341,799
367,341,799
380,311,310,1150
380,311,310,1150,562
386,387
391,392
391,1582
391,1582,212
392,391,1582
392,391,1582,212
393,394
393,395
393,394,869
393,394,1165,869
393,394,1165
393,394,1535
393,394,1535,624
393,394,1535,1534
394,393,395
394,869
394,1165,869
394,1165
394,1535
394,1535,624
394,1535,1534
395,393,394,869
395,393,394,1165,869
395,393,394,1165
395,393,394,1535
395,393,394,1535,624
395,393,394,1535,1534
401,3,508
401,3,746
401,3,1397
409,24,904
409,24,908
409,24,1284
409,24,1447
409,24,1487
409,24,1564
409,24,1567
427,362,638
427,362,1021
434,435
434,435,1076
434,435,1282
435,1076
435,1282
438,439
438,117,668,439
438,117,668,669,767,439
438,117,668,669,1411,439
438,117,767,439
438,117,767,669,1411,439
438,117,997,439
438,117,1411,439
438,117
438,439,668,117,642
438,439,668,669,767,117,642
438,439,668,669,1411,117,642
438,439,767,117,642
438,439,767,669,1411,117,642
438,439,997,117,642
438,439,1411,117,642
438,117,642
438,439,668
438,439,767,117,668
438,439,767,117,1411,669,668
438,439,767,669,668
438,439,997,117,668
438,439,997,117,767,669,668
438,439,997,117,1411,669,668
438,439,1411,117,668
438,439,1411,669,668
438,117,668
438,117,767,669,668
438,117,1411,669,668
438,439,668,669
438,439,767,669
438,439,997,117,668,669
438,439,997,117,767,669
438,439,997,117,1411,669
438,439,1411,669
438,117,668,669
438,117,767,669
438,117,1411,669
438,439,767
438,439,997,117,767
438,439,997,117,1411,669,767
438,439,1411,117,767
438,439,1411,669,767
438,117,767
438,117,1411,669,767
438,439,997
438,439,1411,117,997
438,117,997
438,439,1411
438,117,1411
439,438,117
439,668,117
439,668,669,767,117
439,668,669,1411,117
439,767,117
439,767,669,1411,117
439,997,117
439,1411,117
439,438,117,642
439,668,117,642
439,668,669,767,117,642
439,668,669,1411,117,642
439,767,117,642
439,767,669,1411,117,642
439,997,117,642
439,1411,117,642
439,668
439,767,117,668
439,767,117,1411,669,668
439,767,669,668
439,997,117,668
439,997,117,767,669,668
439,997,117,1411,669,668
439,1411,117,668
439,1411,669,668
439,438,117,668,669
439,438,117,767,669
439,438,117,1411,669
439,668,669
439,767,669
439,997,117,668,669
439,997,117,767,669
439,997,117,1411,669
439,1411,669
439,767
439,997,117,767
439,997,117,1411,669,767
439,1411,117,767
439,1411,669,767
439,997
439,1411,117,997
439,1411
117,642
117,668
117,767,669,668
117,1411,669,668
117,668,669
117,767,669
117,1411,669
117,767
117,1411,669,767
117,997
117,1411
451,103
451,103,516
451,103,691
451,103,967
103,516
103,691
103,967
461,458
473,307
477,478
477,478,535
477,478,964
477,478,1234,1235,1230,1229
477,478,1230,1229
477,478,1234,1235,1230,1229,190
477,478,1230,1229,190
477,478,1234,1235,1230
477,478,1230
477,478,1234
477,478,1234,1235
477,478,1230,1235
477,478,1310
477,478,1318
478,535
478,964
478,1234,1235,1230,1229
478,1230,1229
478,1234,1235,1230,1229,190
478,1230,1229,190
478,1234,1235,1230
478,1230
478,1234
478,1234,1235
478,1230,1235
478,1310
478,1318
481,482
481,482,1517
482,1517
497,282
497,204
282,497,204
499,476
499,500,1286,476
499,500
499,476,1286
499,500,1286
476,499,500
476,1286,500
476,1286
500,1286
508,3,746
508,3,1397
516,103,691
516,103,967
520,521
520,521,1184
520,521,1309
521,1184
521,1309
526,315
527,528
527,529
527,530
527,172
527,531
527,428
527,532
527,533
527,534
528,527,529
528,527,530
528,527,172
528,527,531
528,527,428
528,527,532
528,527,533
528,527,534
529,527,530
529,527,172
529,527,531
529,527,428
529,527,532
529,527,533
529,527,534
530,527,172
530,527,531
530,527,428
530,527,532
530,527,533
530,527,534
172,527,531
172,527,428
172,527,532
172,527,533
172,527,534
531,527,428
531,527,532
531,527,533
531,527,534
428,527,532
428,527,533
428,527,534
532,527,533
532,527,534
533,527,534
535,478,964
535,478,1234,1235,1230,1229
535,478,1230,1229
535,478,1234,1235,1230,1229,190
535,478,1230,1229,190
535,478,1234,1235,1230
535,478,1230
535,478,1234
535,478,1234,1235
535,478,1230,1235
535,478,1310
535,478,1318
564,299
566,567
566,567,336,1462
566,567,336
566,567,1485
567,336,1462
567,336
567,1485
571,61,1054
571,1280,1281,61,1054
571,1280
571,61,1281
571,1280,1281
571,61,60,62,71
571,61,150,62,71
571,61,63,60,62,71
571,61,65,60,62,71
571,61,62,71
571,1280,1281,61,60,62,71
571,1280,1281,61,150,62,71
571,1280,1281,61,63,60,62,71
571,1280,1281,61,65,60,62,71
571,1280,1281,61,62,71
572,86
572,86,1394
86,1394
573,574
581,93
581,93,1162
93,1162
582,583
582,583,1030
583,1030
586,587
586,1207
587,586,1207
590,591
592,593
592,593,678
592,1109
592,593,1542
592,593,1542,426
592,593,1542,1065
593,678
593,592,1109
593,1542
593,1542,426
593,1542,1065
602,603
604,605
608,464
608,609
464,608,609
627,510
628,629
628,629,834
628,629,884
629,834
629,884
642,117,668
642,117,767,439,668
642,117,767,439,1411,669,668
642,117,767,669,668
642,117,997,439,668
642,117,997,439,767,669,668
642,117,997,439,1411,669,668
642,117,1411,439,668
642,117,1411,669,668
642,117,438,439,668,669
642,117,438,439,767,669
642,117,438,439,1411,669
642,117,668,669
642,117,767,669
642,117,997,439,668,669
642,117,997,439,767,669
642,117,997,439,1411,669
642,117,1411,669
642,117,767
642,117,997,439,767
642,117,997,439,1411,669,767
642,117,1411,439,767
642,117,1411,669,767
642,117,997
642,117,1411,439,997
642,117,1411
643,333,698
643,333,724
643,333,991
652,649
652,653
652,653,1019
649,652,653
649,652,653,1019
653,1019
664,665
664,814
665,664,814
668,669
668,439,767
668,439,997,117,767
668,439,997,117,1411,669,767
668,439,1411,117,767
668,439,1411,669,767
668,117,767
668,117,1411,669,767
668,669,767
668,439,997
668,439,1411,117,997
668,117,997
668,669,767,439,997
668,669,767,117,997
668,669,1411,439,997
668,669,1411,117,997
668,439,1411
668,117,1411
668,669,1411
669,767
669,668,439,997
669,668,117,997
669,767,439,997
669,767,117,997
669,1411,439,997
669,1411,117,997
669,1411
678,593,592,1109
678,593,1542
678,593,1542,426
678,593,1542,1065
681,83,82,1204,1115,803,1063
681,83,82,1105,1063
681,83,1105,1063
681,83,82,1204,1115,803,1063,903
681,83,82,1105,1063,903
681,83,1105,82,1204,1115,803,1063,903
681,83,1105,1063,903
681,83,82,1204,1115,803
681,83,82,1105,1063,803
681,83,1105,82,1204,1115,803
681,83,1105,1063,803
681,83,82,1204,1115,1069
681,83,82,1105,1063,803,1115,1069
681,83,1105,82,1204,1115,1069
681,83,1105,1063,803,1115,1069
681,83,82,1204,1115,1069,940
681,83,82,1105,1063,803,1115,1069,940
681,83,1105,82,1204,1115,1069,940
681,83,1105,1063,803,1115,1069,940
681,83,1105
681,83,82,1204,1115
681,83,82,1105,1063,803,1115
681,83,1105,82,1204,1115
681,83,1105,1063,803,1115
681,83,82,1204
681,83,1105,82,1204
681,83,1105,1063,803,1115,1204
681,83,82,1204,253
681,83,82,1105,1063,803,1115,1204,253
681,83,1105,82,1204,253
681,83,1105,1063,803,1115,1204,253
688,689
691,103,967
698,333,724
698,333,991
699,700
704,705
704,705,790
705,790
722,370
724,333,991
725,726
728,123
728,335,1061
728,335,1061,868
728,335,1141
728,335,1141,1142
728,335,1312
728,335,1312,1297
728,335,1441
728,335,1441,1358
123,728,335,1061
123,728,335,1061,868
123,728,335,1141
123,728,335,1141,1142
123,728,335,1312
123,728,335,1312,1297
123,728,335,1441
123,728,335,1441,1358
736,737
742,138,928
742,138,928,929
742,138,928,929,1034
742,138,257,258,1127
742,138,257,258,1536
746,3,1397
748,259
750,297
750,297,888
750,297,924
750,297,1086
750,297,1544
297,888
297,924
297,1086
297,1544
752,100
752,263,261,262,399
752,263,1458,399
752,100,262,399
752,100,1458,399
752,263,1094
752,100,1458,263,1094
752,263,1458
752,100,1458
752,263,1572
752,100,1458,263,1572
100,262,399
100,1458,399
100,752,263,1094
100,262,261,263,1094
100,262,399,1458,263,1094
100,1458,399,262,261,263,1094
100,1458,263,1094
100,1458
100,752,263,1572
100,262,261,263,1572
100,262,399,1458,263,1572
100,1458,399,262,261,263,1572
100,1458,263,1572
762,763
767,439,997
767,439,1411,117,997
767,117,997
767,669,1411,439,997
767,669,1411,117,997
767,439,1411
767,117,1411
767,669,1411
804,144
638,362,1021
827,617
829,830
832,181
835,455
399,262,261,263,1094
399,262,100,752,263,1094
399,1458,100,752,263,1094
399,1458,263,1094
399,1458
399,262,261,263,1572
399,262,100,752,263,1572
399,1458,100,752,263,1572
399,1458,263,1572
851,852
854,855
854,260
854,718
854,718,1478
854,718,1478,982
854,718,1478,14
854,718,1523
855,854,260
855,854,718
855,854,718,1478
855,854,718,1478,982
855,854,718,1478,14
855,854,718,1523
260,854,718
260,854,718,1478
260,854,718,1478,982
260,854,718,1478,14
260,854,718,1523
718,1478
718,1478,982
718,1478,14
718,1523
860,861
869,1165
869,394,1535
869,1165,394,1535
869,394,1535,624
869,1165,394,1535,624
869,394,1535,1534
869,1165,394,1535,1534
834,629,884
888,297,924
888,297,1086
888,297,1544
896,897
904,24,908
904,24,1284
904,24,1447
904,24,1487
904,24,1564
904,24,1567
906,907
908,24,1284
908,24,1447
908,24,1487
908,24,1564
908,24,1567
923,408
923,408,1048
408,1048
924,297,1086
924,297,1544
925,926
925,377
925,844
925,927
926,925,377
926,925,844
926,925,927
377,925,844
377,925,927
844,925,927
928,929
928,929,1034
928,138,257,258,1127
928,138,257,258,1536
929,1034
929,928,138,257,258,1127
929,928,138,257,258,1536
933,934
933,935
933,936
933,937
933,938
933,937,872
933,934,327
933,935,245
933,936,436
933,938,221
934,933,935
934,933,936
934,933,937
934,933,938
934,933,937,872
934,327
934,933,935,245
934,933,936,436
934,933,938,221
935,933,936
935,933,937
935,933,938
935,933,937,872
935,933,934,327
935,245
935,933,936,436
935,933,938,221
936,933,937
936,933,938
936,933,937,872
936,933,934,327
936,933,935,245
936,436
936,933,938,221
937,933,938
937,872
937,933,934,327
937,933,935,245
937,933,936,436
937,933,938,221
938,933,937,872
938,933,934,327
938,933,935,245
938,933,936,436
938,221
963,355
964,478,1234,1235,1230,1229
964,478,1230,1229
964,478,1234,1235,1230,1229,190
964,478,1230,1229,190
964,478,1234,1235,1230
964,478,1230
964,478,1234
964,478,1234,1235
964,478,1230,1235
964,478,1310
964,478,1318
970,971
975,191
976,278
976,977
278,976,977
997,439,1411
997,117,1411
1000,213
1000,213,1270
213,1270
1001,1002
1001,302
1002,1001,302
872,937,933,934,327
872,937,933,935,245
872,937,933,936,436
872,937,933,938,221
1022,1023
1022,309
1023,1022,309
1024,1025
1034,929,928,138,257,258,1127
1034,929,928,138,257,258,1536
1036,616
1054,61,571,1280
1054,61,1281,1280
1054,61,1281
1054,61,60,62,71
1054,61,150,62,71
1054,61,63,60,62,71
1054,61,65,60,62,71
1054,61,62,71
1057,337
1061,868
1061,335,1141
1061,335,1141,1142
1061,335,1312
1061,335,1312,1297
1061,335,1441
1061,335,1441,1358
868,1061,335,1141
868,1061,335,1141,1142
868,1061,335,1312
868,1061,335,1312,1297
868,1061,335,1441
868,1061,335,1441,1358
1063,903
1063,803
1063,803,1115,1069
1063,1105,83,82,1204,1115,1069
1063,1105,82,1204,1115,1069
1063,803,1115,1069,940
1063,1105,83,82,1204,1115,1069,940
1063,1105,82,1204,1115,1069,940
1063,1105
1063,803,1115
1063,1105,83,82,1204,1115
1063,1105,82,1204,1115
1063,803,1115,1204
1063,1105,83,82,1204
1063,1105,82,1204
1063,803,1115,1204,253
1063,1105,83,82,1204,253
1063,1105,82,1204,253
903,1063,803
903,1063,1105,82,1204,1115,803
903,1063,803,1115,1069
903,1063,1105,83,82,1204,1115,1069
903,1063,1105,82,1204,1115,1069
903,1063,803,1115,1069,940
903,1063,1105,83,82,1204,1115,1069,940
903,1063,1105,82,1204,1115,1069,940
903,1063,1105
903,1063,803,1115
903,1063,1105,83,82,1204,1115
903,1063,1105,82,1204,1115
903,1063,803,1115,1204
903,1063,1105,83,82,1204
903,1063,1105,82,1204
903,1063,803,1115,1204,253
903,1063,1105,83,82,1204,253
903,1063,1105,82,1204,253
803,1063,1105,83,82,1204,1115,1069
803,1063,1105,82,1204,1115,1069
803,1115,1069
803,1063,1105,83,82,1204,1115,1069,940
803,1063,1105,82,1204,1115,1069,940
803,1115,1069,940
803,1063,1105
803,1115,1204,82,1105
803,1115
803,1063,1105,83,82,1204
803,1063,1105,82,1204
803,1115,1204
803,1063,1105,83,82,1204,253
803,1063,1105,82,1204,253
803,1115,1204,253
1069,940
1069,1115,803,1063,1105
1069,1115,1204,82,1105
1069,1115
1069,1115,1204
1069,1115,803,1063,1105,83,82,1204,253
1069,1115,803,1063,1105,82,1204,253
1069,1115,1204,253
940,1069,1115,803,1063,1105
940,1069,1115,1204,82,1105
940,1069,1115
940,1069,1115,1204
940,1069,1115,803,1063,1105,83,82,1204,253
940,1069,1115,803,1063,1105,82,1204,253
940,1069,1115,1204,253
1076,435,1282
1083,1084
1083,1388
1084,1083,1388
1086,297,1544
1090,1044
1090,1044,1508
1044,1508
1094,263,1458
1094,263,1572
1105,82,1204,1115
1105,1063,803,1115
1105,82,1204
1105,1063,803,1115,1204
1105,82,1204,253
1105,1063,803,1115,1204,253
1109,592,593,1542
1109,592,593,1542,426
1109,592,593,1542,1065
1115,1204
1115,1204,253
1117,575
1117,575,1199
575,1199
1119,656
1127,258,1536
1128,295
1132,400
1141,1142
1141,335,1312
1141,335,1312,1297
1141,335,1441
1141,335,1441,1358
1142,1141,335,1312
1142,1141,335,1312,1297
1142,1141,335,1441
1142,1141,335,1441,1358
1150,562
1152,291
1165,394,1535
1165,394,1535,624
1165,394,1535,1534
1179,676
1183,891
1183,1492
1183,1492,1311
1183,1492,1211
891,1183,1492
891,1183,1492,1311
891,1183,1492,1211
1184,521,1309
1187,1188
1204,253
1205,1206
1213,1214
1220,1042
1229,190
1229,1230
1229,1230,478,1234
1229,1230,1235,1234
1229,1230,1235
1229,1230,478,1310
1229,1230,1235,1234,478,1310
1229,1230,478,1318
1229,1230,1235,1234,478,1318
190,1229,1230
190,1229,1230,478,1234
190,1229,1230,1235,1234
190,1229,1230,1235
190,1229,1230,478,1310
190,1229,1230,1235,1234,478,1310
190,1229,1230,478,1318
190,1229,1230,1235,1234,478,1318
1230,478,1234
1230,1235,1234
1230,1235
1230,478,1310
1230,1235,1234,478,1310
1230,478,1318
1230,1235,1234,478,1318
1233,1064
1234,1235
1234,478,1310
1234,478,1318
1235,1234,478,1310
1235,1230,478,1310
1235,1234,478,1318
1235,1230,478,1318
327,934,933,935,245
327,934,933,936,436
327,934,933,938,221
1279,911
1279,183
911,1279,183
1280,1281
1280,1281,61,60,62,71
1280,1281,61,150,62,71
1280,1281,61,63,60,62,71
1280,1281,61,65,60,62,71
1280,1281,61,62,71
1280,571,61,60,62,71
1280,571,61,150,62,71
1280,571,61,63,60,62,71
1280,571,61,65,60,62,71
1280,571,61,62,71
1281,61,60,62,71
1281,61,150,62,71
1281,61,63,60,62,71
1281,61,65,60,62,71
1281,61,62,71
1284,24,1447
1284,24,1487
1284,24,1564
1284,24,1567
1288,913
245,935,933,936,436
245,935,933,938,221
1292,667
1310,478,1318
1312,1297
1312,335,1441
1312,335,1441,1358
1297,1312,335,1441
1297,1312,335,1441,1358
1342,951
1364,1170
1364,1170,1412
1170,1412
1365,801
1266,55,1101
1377,322
1381,657
1417,459
1434,613
1441,1358
1447,24,1487
1447,24,1564
1447,24,1567
1453,588
1458,263,1572
1462,336
1462,336,567,1485
336,567,1485
1463,1444
436,936,933,938,221
1474,1201
1475,91,1481,1480
1475,91,1481,1480,198
1475,91,1481
1476,1125
1478,982
1478,14
1478,718,1523
982,1478,14
982,1478,718,1523
14,1478,718,1523
1480,198
1480,1481
198,1480,1481
1482,450
1487,24,1564
1487,24,1567
1492,1311
1492,1211
1311,1492,1211
1494,1268
1494,1290
1494,979
1494,1495
1268,1494,1290
1268,1494,979
1268,1494,1495
1290,1494,979
1290,1494,1495
979,1494,1495
1497,1100
1497,489
1497,1568
1100,1497,489
1100,1497,1568
489,1497,1568
1501,1261
1518,29
1531,1124
1535,624
1535,1534
624,1535,1534
1542,426
1542,1065
426,1542,1065
1548,776
1549,1424
1562,635
1564,24,1567
1566,787
1577,930
1582,212
1583,1135
1587,1355
