6,7
6,7,107
6,7,631
6,7,1083
7,107
7,631
7,1083
35,36
35,36,966,556,555
35,36,1204,556,555
35,36,966,556
35,36,1204,556
35,36,966,556,602
35,36,1204,556,602
35,36,966
35,36,1204,556,966
35,36,1059
35,36,1122
35,36,1204
36,966,556,555
36,1204,556,555
36,966,556
36,1204,556
36,966,556,602
36,1204,556,602
36,966
36,1204,556,966
36,1059
36,1122
36,1204
38,39
38,40
38,41
38,42,45,41
38,42
38,41,45
38,42,45
38,41,45,42,46
38,42,46
38,41,45,42,47
38,42,47
38,39,55
39,38,40
39,38,41
39,38,42,45,41
39,38,42
39,38,41,45
39,38,42,45
39,38,41,45,42,46
39,38,42,46
39,38,41,45,42,47
39,38,42,47
39,55
40,38,41
40,38,42,45,41
40,38,42
40,38,41,45
40,38,42,45
40,38,41,45,42,46
40,38,42,46
40,38,41,45,42,47
40,38,42,47
40,38,39,55
41,38,42
41,45,42
41,45
41,38,42,46
41,45,42,46
41,38,42,47
41,45,42,47
41,38,39,55
41,45,42,38,39,55
42,45
42,46
42,47
42,38,39,55
43,44
45,42,46
45,42,47
45,42,38,39,55
45,41,38,39,55
46,42,47
46,42,38,39,55
46,42,45,41,38,39,55
47,42,38,39,55
47,42,45,41,38,39,55
48,49
48,50,390,49
48,50,885,51,955,49
48,50,933,49
48,50,955,49
48,51,885,50,390,49
48,51,885,50,933,49
48,51,955,49
48,51,955,50,390,49
48,51,955,50,933,49
48,50
48,51,885,50
48,51,955,50
48,51
48,103
48,49,390
48,49,933,50,390
48,49,955,51,885,50,390
48,49,955,50,390
48,50,390
48,51,885,50,390
48,51,885,50,933,49,390
48,51,955,49,390
48,51,955,49,933,50,390
48,51,955,50,390
48,706
48,49,390,50,885
48,49,933,50,885
48,49,933,50,955,51,885
48,49,955,51,885
48,49,955,50,885
48,50,885
48,50,955,51,885
48,51,885
48,49,933
48,49,955,50,933
48,50,933
48,51,885,50,933
48,51,955,49,933
48,51,955,50,933
48,49,955
48,50,955
48,51,955
49,48,50
49,48,51,885,50
49,48,51,955,50
49,390,50
49,933,50
49,955,51,885,50
49,955,50
49,48,51
49,390,50,48,51
49,390,50,885,51
49,390,50,955,51
49,933,50,48,51
49,933,50,885,51
49,933,50,955,51
49,955,51
49,48,103
49,390,50,48,103
49,390,50,885,51,48,103
49,390,50,955,51,48,103
49,933,50,48,103
49,933,50,885,51,48,103
49,933,50,955,51,48,103
49,955,51,48,103
49,955,51,885,50,48,103
49,955,50,48,103
49,390
49,933,50,390
49,955,51,885,50,390
49,955,50,390
49,48,706
49,390,50,48,706
49,390,50,885,51,48,706
49,390,50,955,51,48,706
49,933,50,48,706
49,933,50,885,51,48,706
49,933,50,955,51,48,706
49,955,51,48,706
49,955,51,885,50,48,706
49,955,50,48,706
49,48,50,885
49,48,51,885
49,390,50,885
49,933,50,885
49,933,50,955,51,885
49,955,51,885
49,955,50,885
49,933
49,955,50,933
49,955
50,48,51
50,885,51
50,955,51
50,48,103
50,885,51,48,103
50,955,51,48,103
50,390
50,48,706
50,885,51,48,706
50,955,51,48,706
50,885
50,955,51,885
50,933
50,955
51,48,103
51,48,49,390
51,48,49,933,50,390
51,48,50,390
51,885,50,390
51,885,50,933,49,390
51,955,49,390
51,955,49,933,50,390
51,955,50,390
51,48,706
51,885
51,48,49,933
51,48,50,933
51,885,50,933
51,955,49,933
51,955,50,933
51,955
52,53
52,54
53,52,54
56,57
62,63
62,63,67
62,63,342,68,67
62,63,599,68,67
62,63,806,68,67
62,63,1230,68,67
62,63,67,68
62,63,342,68
62,63,599,68
62,63,806,68
62,63,1230,68
62,63,67,68,134
62,63,342,68,134
62,63,599,68,134
62,63,806,68,134
62,63,1230,68,134
62,63,342
62,63,599,68,342
62,63,806,68,342
62,63,1230,68,342
62,63,487,375
62,63,487,488,375
62,63,487,375,376
62,63,487,488,375,376
62,63,487
62,63,487,488
62,63,67,68,568
62,63,342,68,568
62,63,599,68,568
62,63,806,68,568
62,63,1230,68,568
62,63,599
62,63,806,68,599
62,63,1230,68,599
62,63,67,68,632
62,63,342,68,632
62,63,599,68,632
62,63,806,68,632
62,63,1230,68,632
62,63,67,68,683
62,63,342,68,683
62,63,599,68,683
62,63,806,68,683
62,63,1230,68,683
62,63,806
62,63,1230,68,806
62,63,67,68,980
62,63,342,68,980
62,63,599,68,980
62,63,806,68,980
62,63,1230,68,980
62,63,67,68,1070
62,63,342,68,1070
62,63,599,68,1070
62,63,806,68,1070
62,63,1230,68,1070
62,63,1230
63,67
63,342,68,67
63,599,68,67
63,806,68,67
63,1230,68,67
63,67,68
63,342,68
63,599,68
63,806,68
63,1230,68
63,67,68,134
63,342,68,134
63,599,68,134
63,806,68,134
63,1230,68,134
63,342
63,599,68,342
63,806,68,342
63,1230,68,342
63,487,375
63,487,488,375
63,487,375,376
63,487,488,375,376
63,487
63,487,488
63,67,68,568
63,342,68,568
63,599,68,568
63,806,68,568
63,1230,68,568
63,599
63,806,68,599
63,1230,68,599
63,67,68,632
63,342,68,632
63,599,68,632
63,806,68,632
63,1230,68,632
63,67,68,683
63,342,68,683
63,599,68,683
63,806,68,683
63,1230,68,683
63,806
63,1230,68,806
63,67,68,980
63,342,68,980
63,599,68,980
63,806,68,980
63,1230,68,980
63,67,68,1070
63,342,68,1070
63,599,68,1070
63,806,68,1070
63,1230,68,1070
63,1230
67,68
67,63,342,68,134
67,63,599,68,134
67,63,806,68,134
67,63,1230,68,134
67,68,134
67,63,342
67,63,599,68,342
67,63,806,68,342
67,63,1230,68,342
67,68,342
67,63,487,375
67,63,487,488,375
67,68,342,63,487,375
67,68,342,63,487,488,375
67,68,599,63,487,375
67,68,599,63,487,488,375
67,68,806,63,487,375
67,68,806,63,487,488,375
67,68,1230,63,487,375
67,68,1230,63,487,488,375
67,63,487,375,376
67,63,487,488,375,376
67,68,342,63,487,375,376
67,68,342,63,487,488,375,376
67,68,599,63,487,375,376
67,68,599,63,487,488,375,376
67,68,806,63,487,375,376
67,68,806,63,487,488,375,376
67,68,1230,63,487,375,376
67,68,1230,63,487,488,375,376
67,63,487
67,68,342,63,487
67,68,599,63,487
67,68,806,63,487
67,68,1230,63,487
67,63,487,488
67,68,342,63,487,488
67,68,599,63,487,488
67,68,806,63,487,488
67,68,1230,63,487,488
67,63,342,68,568
67,63,599,68,568
67,63,806,68,568
67,63,1230,68,568
67,68,568
67,63,599
67,63,806,68,599
67,63,1230,68,599
67,68,599
67,63,342,68,632
67,63,599,68,632
67,63,806,68,632
67,63,1230,68,632
67,68,632
67,63,342,68,683
67,63,599,68,683
67,63,806,68,683
67,63,1230,68,683
67,68,683
67,63,806
67,63,1230,68,806
67,68,806
67,63,342,68,980
67,63,599,68,980
67,63,806,68,980
67,63,1230,68,980
67,68,980
67,63,342,68,1070
67,63,599,68,1070
67,63,806,68,1070
67,63,1230,68,1070
67,68,1070
67,63,1230
67,68,1230
68,134
68,342
68,67,63,487,375
68,67,63,487,488,375
68,342,63,487,375
68,342,63,487,488,375
68,599,63,487,375
68,599,63,487,488,375
68,806,63,487,375
68,806,63,487,488,375
68,1230,63,487,375
68,1230,63,487,488,375
68,67,63,487,375,376
68,67,63,487,488,375,376
68,342,63,487,375,376
68,342,63,487,488,375,376
68,599,63,487,375,376
68,599,63,487,488,375,376
68,806,63,487,375,376
68,806,63,487,488,375,376
68,1230,63,487,375,376
68,1230,63,487,488,375,376
68,67,63,487
68,342,63,487
68,599,63,487
68,806,63,487
68,1230,63,487
68,67,63,487,488
68,342,63,487,488
68,599,63,487,488
68,806,63,487,488
68,1230,63,487,488
68,568
68,599
68,632
68,683
68,806
68,980
68,1070
68,1230
69,176
69,176,177
69,176,287,177
69,176,287
69,176,177,287,288
69,176,287,288
77,219
77,219,220
77,219,220,273
77,219,220,273,339
77,219,220,273,864,385,384
77,219,220,273,385,384
77,219,220,273,864,385
77,219,220,273,385
77,219,220,273,864,385,715
77,219,220,273,385,715
77,219,220,273,864,385,861
77,219,220,273,385,861
77,219,220,273,864
77,219,220,273,968
77,219,220,273,864,385,420,1216
77,219,220,273,385,420,1216
77,219,220,273,864,385,420
77,219,220,273,385,420
80,81
80,970,81
80,203
80,970
80,1032
81,80,203
81,970,80,203
81,970
81,80,1032
81,970,80,1032
88,32
88,32,237
88,32,237,238
88,32,237,238,128
88,32,237,238,248
88,32,237,238,249
32,237
32,237,238
32,237,238,128
32,237,238,248
32,237,238,249
95,96
95,352,206,205,353,96
95,352,206,353,96
95,352,353,96
95,352,781,780,96
95,352,781,780,438,96
95,353,352,781,780,96
95,353,352,781,780,438,96
95,353,96
95,353,206,352,781,780,96
95,353,206,352,781,780,438,96
95,353,205,206,352,781,780,96
95,353,205,206,352,781,780,438,96
95,96,438,780,781,352,206,205
95,96,438,780,781,352,353,205
95,96,353,206,205
95,96,353,205
95,96,780,781,352,206,205
95,96,780,781,352,353,205
95,352,206,205
95,352,206,353,205
95,352,353,205
95,353,206,205
95,353,205
95,96,438,780,781,352,206
95,96,353,206
95,96,780,781,352,206
95,352,206
95,352,353,206
95,353,206
95,96,438,780,781,352,206,205,307
95,96,438,780,781,352,206,353,205,307
95,96,438,780,781,352,353,205,307
95,96,353,352,206,205,307
95,96,353,206,205,307
95,96,353,205,307
95,96,780,781,352,206,205,307
95,96,780,781,352,206,353,205,307
95,96,780,781,352,353,205,307
95,352,206,205,307
95,352,206,353,205,307
95,352,353,205,307
95,353,206,205,307
95,353,205,307
95,352
95,353,352
95,96,438,780,781,352,120
95,96,353,352,120
95,96,353,206,352,120
95,96,353,205,206,352,120
95,96,780,781,352,120
95,352,120
95,353,352,120
95,353,96,438,780,781,352,120
95,353,96,780,781,352,120
95,353,206,352,120
95,353,205,206,352,120
95,96,438,780,781,352,126
95,96,353,352,126
95,96,353,206,352,126
95,96,353,205,206,352,126
95,96,780,781,352,126
95,352,126
95,353,352,126
95,353,96,438,780,781,352,126
95,353,96,780,781,352,126
95,353,206,352,126
95,353,205,206,352,126
95,353
95,96,438
95,96,780,438
95,352,206,205,353,96,438
95,352,206,205,353,96,780,438
95,352,206,353,96,438
95,352,206,353,96,780,438
95,352,353,96,438
95,352,353,96,780,438
95,352,781,780,438
95,353,352,781,780,438
95,353,96,438
95,353,96,780,438
95,353,206,352,781,780,438
95,353,205,206,352,781,780,438
95,96,438,780,770
95,96,353,352,781,780,770
95,96,353,206,352,781,780,770
95,96,353,205,206,352,781,780,770
95,96,780,770
95,352,206,205,353,96,438,780,770
95,352,206,205,353,96,780,770
95,352,206,353,96,438,780,770
95,352,206,353,96,780,770
95,352,353,96,438,780,770
95,352,353,96,780,770
95,352,781,780,770
95,353,352,781,780,770
95,353,96,438,780,770
95,353,96,780,770
95,353,206,352,781,780,770
95,353,205,206,352,781,780,770
95,96,438,780,770,771
95,96,353,352,781,780,770,771
95,96,353,206,352,781,780,770,771
95,96,353,205,206,352,781,780,770,771
95,96,780,770,771
95,352,206,205,353,96,438,780,770,771
95,352,206,205,353,96,780,770,771
95,352,206,353,96,438,780,770,771
95,352,206,353,96,780,770,771
95,352,353,96,438,780,770,771
95,352,353,96,780,770,771
95,352,781,780,770,771
95,353,352,781,780,770,771
95,353,96,438,780,770,771
95,353,96,780,770,771
95,353,206,352,781,780,770,771
95,353,205,206,352,781,780,770,771
95,96,780
95,352,206,205,353,96,780
95,352,206,353,96,780
95,352,353,96,780
95,352,781,780
95,353,352,781,780
95,353,96,780
95,353,206,352,781,780
95,353,205,206,352,781,780
95,96,438,780,781
95,96,353,352,781
95,96,353,206,352,781
95,96,353,205,206,352,781
95,96,780,781
95,352,781
95,353,352,781
95,353,96,438,780,781
95,353,96,780,781
95,353,206,352,781
95,353,205,206,352,781
95,96,438,780,781,918
95,96,353,352,781,918
95,96,353,206,352,781,918
95,96,353,205,206,352,781,918
95,96,780,781,918
95,352,206,205,353,96,438,780,781,918
95,352,206,205,353,96,780,781,918
95,352,206,353,96,438,780,781,918
95,352,206,353,96,780,781,918
95,352,353,96,438,780,781,918
95,352,353,96,780,781,918
95,352,781,918
95,353,352,781,918
95,353,96,438,780,781,918
95,353,96,780,781,918
95,353,206,352,781,918
95,353,205,206,352,781,918
96,95,352,206,205
96,95,352,353,205
96,438,780,781,352,206,205
96,438,780,781,352,206,353,205
96,438,780,781,352,353,205
96,353,352,206,205
96,353,206,205
96,353,205
96,780,781,352,206,205
96,780,781,352,206,353,205
96,780,781,352,353,205
96,95,352,206
96,438,780,781,352,206
96,438,780,781,352,353,206
96,353,352,206
96,353,206
96,780,781,352,206
96,780,781,352,353,206
96,95,352,206,205,307
96,95,352,353,205,307
96,438,780,781,352,206,205,307
96,438,780,781,352,206,353,205,307
96,438,780,781,352,353,205,307
96,353,352,206,205,307
96,353,206,205,307
96,353,205,307
96,780,781,352,206,205,307
96,780,781,352,206,353,205,307
96,780,781,352,353,205,307
96,95,352
96,438,780,781,352
96,353,352
96,780,781,352
96,95,352,120
96,438,780,781,352,120
96,353,352,120
96,353,206,352,120
96,353,205,206,352,120
96,780,781,352,120
96,95,352,126
96,438,780,781,352,126
96,353,352,126
96,353,206,352,126
96,353,205,206,352,126
96,780,781,352,126
96,438,780,781,352,353
96,353
96,780,781,352,353
96,438
96,780,438
96,95,352,781,780,770
96,438,780,770
96,353,352,781,780,770
96,353,206,352,781,780,770
96,353,205,206,352,781,780,770
96,780,770
96,95,352,781,780,770,771
96,438,780,770,771
96,353,352,781,780,770,771
96,353,206,352,781,780,770,771
96,353,205,206,352,781,780,770,771
96,780,770,771
96,780
96,95,352,781
96,438,780,781
96,353,352,781
96,353,206,352,781
96,353,205,206,352,781
96,780,781
96,95,352,781,918
96,438,780,781,918
96,353,352,781,918
96,353,206,352,781,918
96,353,205,206,352,781,918
96,780,781,918
103,48,49,390
103,48,49,933,50,390
103,48,49,955,51,885,50,390
103,48,49,955,50,390
103,48,50,390
103,48,51,885,50,390
103,48,51,885,50,933,49,390
103,48,51,955,49,390
103,48,51,955,49,933,50,390
103,48,51,955,50,390
103,48,706
103,48,49,390,50,885
103,48,49,933,50,885
103,48,49,933,50,955,51,885
103,48,49,955,51,885
103,48,49,955,50,885
103,48,50,885
103,48,50,955,51,885
103,48,51,885
103,48,49,933
103,48,49,955,50,933
103,48,50,933
103,48,51,885,50,933
103,48,51,955,49,933
103,48,51,955,50,933
103,48,49,955
103,48,50,955
103,48,51,955
107,7,631
107,7,1083
116,117
116,117,146
116,117,796
116,117,926
116,117,1218
116,117,1282
117,146
117,796
117,926
117,1218
117,1282
134,68,342
134,68,599,63,342
134,68,806,63,342
134,68,1230,63,342
134,68,67,63,487,375
134,68,67,63,487,488,375
134,68,342,63,487,375
134,68,342,63,487,488,375
134,68,599,63,487,375
134,68,599,63,487,488,375
134,68,806,63,487,375
134,68,806,63,487,488,375
134,68,1230,63,487,375
134,68,1230,63,487,488,375
134,68,67,63,487,375,376
134,68,67,63,487,488,375,376
134,68,342,63,487,375,376
134,68,342,63,487,488,375,376
134,68,599,63,487,375,376
134,68,599,63,487,488,375,376
134,68,806,63,487,375,376
134,68,806,63,487,488,375,376
134,68,1230,63,487,375,376
134,68,1230,63,487,488,375,376
134,68,67,63,487
134,68,342,63,487
134,68,599,63,487
134,68,806,63,487
134,68,1230,63,487
134,68,67,63,487,488
134,68,342,63,487,488
134,68,599,63,487,488
134,68,806,63,487,488
134,68,1230,63,487,488
134,68,568
134,68,599
134,68,806,63,599
134,68,1230,63,599
134,68,632
134,68,683
134,68,806
134,68,1230,63,806
134,68,980
134,68,1070
134,68,1230
135,136
139,140
139,140,153
139,140,204
139,140,308
139,140,361
139,140,402
139,140,464
139,140,474
139,140,500
139,140,598
139,140,871
139,140,1151
139,140,1185
139,140,1201
139,140,1222
139,140,1224
140,153
140,204
140,308
140,361
140,402
140,464
140,474
140,500
140,598
140,871
140,1151
140,1185
140,1201
140,1222
140,1224
142,143
142,143,1168
143,1168
146,117,796
146,117,926
146,117,1218
146,117,1282
153,140,204
153,140,308
153,140,361
153,140,402
153,140,464
153,140,474
153,140,500
153,140,598
153,140,871
153,140,1151
153,140,1185
153,140,1201
153,140,1222
153,140,1224
157,26
157,1022
26,157,1022
161,162
161,162,400
161,162,751
161,162,839
162,400
162,751
162,839
173,174
176,177
176,287,177
176,287
176,177,287,288
176,287,288
177,287
177,287,288
180,181
180,182,181
180,183,182,181
180,182
180,183,182
180,183
180,181,182,183,782
180,182,183,782
180,183,782
180,181,182,183,637
180,182,183,637
180,183,637
180,181,182,183,345
180,182,183,345
180,183,345
180,181,1057
180,182,181,1057
180,183,182,181,1057
181,182
181,180,183
181,182,183
181,180,183,782
181,182,183,782
181,180,183,637
181,182,183,637
181,180,183,345
181,182,183,345
181,1057
182,183
182,183,782
182,183,637
182,183,345
182,181,1057
183,782
183,637
183,345
183,180,181,1057
183,182,181,1057
188,125
188,189,259,258,125
188,189,259,258,192,193,190,125
188,189,259,258,192,399,125
188,189,259,258,192,710,125
188,189,259,258,192,742,125
188,189,259,710,125
188,189,259,710,192,193,190,125
188,189,259,710,192,399,125
188,189,259,710,192,742,125
188,190,125
188,190,193,192,258,259,710,125
188,190,193,192,258,125
188,190,193,192,399,125
188,190,193,192,710,125
188,190,193,192,742,125
188,189
188,190,125,258,259,189
188,190,125,258,192,710,259,189
188,190,125,399,192,258,259,189
188,190,125,399,192,710,259,189
188,190,125,710,259,189
188,190,125,742,192,258,259,189
188,190,125,742,192,710,259,189
188,190,193,192,258,259,189
188,190,193,192,258,125,710,259,189
188,190,193,192,399,125,258,259,189
188,190,193,192,399,125,710,259,189
188,190,193,192,710,259,189
188,190,193,192,742,125,258,259,189
188,190,193,192,742,125,710,259,189
188,190
188,125,190,193,192
188,125,258,259,710,192
188,125,258,192
188,125,399,192
188,125,710,192
188,125,742,192
188,189,259,258,192
188,189,259,710,192
188,190,125,258,259,710,192
188,190,125,258,192
188,190,125,399,192
188,190,125,710,192
188,190,125,742,192
188,190,193,192
188,125,190,193
188,125,258,259,710,192,193
188,125,258,192,193
188,125,399,192,193
188,125,710,192,193
188,125,742,192,193
188,189,259,258,125,190,193
188,189,259,258,125,399,192,193
188,189,259,258,125,710,192,193
188,189,259,258,125,742,192,193
188,189,259,258,192,193
188,189,259,710,125,190,193
188,189,259,710,125,399,192,193
188,189,259,710,125,742,192,193
188,189,259,710,192,193
188,190,193
188,125,258
188,125,399,192,258
188,125,399,192,710,259,258
188,125,710,259,258
188,125,710,192,258
188,125,742,192,258
188,125,742,192,710,259,258
188,189,259,258
188,189,259,710,125,258
188,189,259,710,125,399,192,258
188,189,259,710,125,742,192,258
188,189,259,710,192,258
188,190,125,258
188,190,125,399,192,258
188,190,125,399,192,710,259,258
188,190,125,710,259,258
188,190,125,710,192,258
188,190,125,742,192,258
188,190,125,742,192,710,259,258
188,190,193,192,258
188,190,193,192,399,125,258
188,190,193,192,399,125,710,259,258
188,190,193,192,710,259,258
188,190,193,192,710,125,258
188,190,193,192,742,125,258
188,190,193,192,742,125,710,259,258
188,125,190,193,192,258,259
188,125,190,193,192,710,259
188,125,258,259
188,125,399,192,258,259
188,125,399,192,710,259
188,125,710,259
188,125,742,192,258,259
188,125,742,192,710,259
188,189,259
188,190,125,258,259
188,190,125,399,192,258,259
188,190,125,399,192,710,259
188,190,125,710,259
188,190,125,742,192,258,259
188,190,125,742,192,710,259
188,190,193,192,258,259
188,190,193,192,399,125,258,259
188,190,193,192,399,125,710,259
188,190,193,192,710,259
188,190,193,192,742,125,258,259
188,190,193,192,742,125,710,259
188,125,399
188,125,710,192,399
188,125,742,192,399
188,189,259,258,125,399
188,189,259,258,125,742,192,399
188,189,259,258,192,399
188,189,259,710,125,399
188,189,259,710,125,742,192,399
188,189,259,710,192,399
188,190,125,399
188,190,125,710,192,399
188,190,125,742,192,399
188,190,193,192,399
188,190,193,192,710,125,399
188,190,193,192,742,125,399
188,125,710
188,125,742,192,710
188,189,259,710
188,190,125,710
188,190,125,742,192,710
188,190,193,192,710
188,190,193,192,742,125,710
188,125,742
188,189,259,258,125,742
188,189,259,258,192,742
188,189,259,710,125,742
188,189,259,710,192,742
188,190,125,742
188,190,193,192,742
188,125,760
188,189,259,258,125,760
188,189,259,258,192,193,190,125,760
188,189,259,258,192,399,125,760
188,189,259,258,192,710,125,760
188,189,259,258,192,742,125,760
188,189,259,710,125,760
188,189,259,710,192,193,190,125,760
188,189,259,710,192,399,125,760
188,189,259,710,192,742,125,760
188,190,125,760
188,190,193,192,258,259,710,125,760
188,190,193,192,258,125,760
188,190,193,192,399,125,760
188,190,193,192,710,125,760
188,190,193,192,742,125,760
125,188,189
125,190,188,189
125,190,193,192,258,259,189
125,190,193,192,710,259,189
125,258,259,189
125,258,192,193,190,188,189
125,258,192,710,259,189
125,399,192,193,190,188,189
125,399,192,258,259,189
125,399,192,710,259,189
125,710,259,189
125,710,192,193,190,188,189
125,742,192,193,190,188,189
125,742,192,258,259,189
125,742,192,710,259,189
125,190
125,258,259,710,192,193,190
125,258,192,193,190
125,399,192,193,190
125,710,192,193,190
125,742,192,193,190
125,188,189,259,258,192
125,188,189,259,710,192
125,190,188,189,259,258,192
125,190,188,189,259,710,192
125,190,193,192
125,258,259,710,192
125,258,192
125,399,192
125,710,192
125,742,192
125,188,189,259,258,192,193
125,188,189,259,710,192,193
125,190,193
125,258,259,710,192,193
125,258,192,193
125,399,192,193
125,710,192,193
125,742,192,193
125,258
125,399,192,258
125,399,192,710,259,258
125,710,259,258
125,710,192,258
125,742,192,258
125,742,192,710,259,258
125,188,189,259
125,190,188,189,259
125,190,193,192,258,259
125,190,193,192,710,259
125,258,259
125,399,192,193,190,188,189,259
125,399,192,258,259
125,399,192,710,259
125,710,259
125,742,192,193,190,188,189,259
125,742,192,258,259
125,742,192,710,259
125,399
125,710,192,399
125,742,192,399
125,710
125,742,192,710
125,742
125,760
189,188,190
189,259,258,125,190
189,259,258,125,399,192,193,190
189,259,258,125,710,192,193,190
189,259,258,125,742,192,193,190
189,259,258,192,193,190
189,259,258,192,399,125,190
189,259,258,192,710,125,190
189,259,258,192,742,125,190
189,259,710,125,190
189,259,710,125,399,192,193,190
189,259,710,125,742,192,193,190
189,259,710,192,193,190
189,259,710,192,399,125,190
189,259,710,192,742,125,190
189,188,125,190,193,192
189,188,125,258,192
189,188,125,399,192
189,188,125,710,192
189,188,125,742,192
189,188,190,125,258,192
189,188,190,125,399,192
189,188,190,125,710,192
189,188,190,125,742,192
189,188,190,193,192
189,259,258,192
189,259,710,192
189,188,125,190,193
189,188,125,258,192,193
189,188,125,399,192,193
189,188,125,710,192,193
189,188,125,742,192,193
189,188,190,193
189,259,258,125,190,193
189,259,258,125,399,192,193
189,259,258,125,710,192,193
189,259,258,125,742,192,193
189,259,258,192,193
189,259,710,125,190,193
189,259,710,125,399,192,193
189,259,710,125,742,192,193
189,259,710,192,193
189,188,125,258
189,188,125,399,192,258
189,188,125,710,192,258
189,188,125,742,192,258
189,188,190,125,258
189,188,190,125,399,192,258
189,188,190,125,399,192,710,259,258
189,188,190,125,710,259,258
189,188,190,125,710,192,258
189,188,190,125,742,192,258
189,188,190,125,742,192,710,259,258
189,188,190,193,192,258
189,188,190,193,192,399,125,258
189,188,190,193,192,399,125,710,259,258
189,188,190,193,192,710,259,258
189,188,190,193,192,710,125,258
189,188,190,193,192,742,125,258
189,188,190,193,192,742,125,710,259,258
189,259,258
189,259,710,125,258
189,259,710,125,399,192,258
189,259,710,125,742,192,258
189,259,710,192,258
189,259
189,188,125,399
189,188,125,710,192,399
189,188,125,742,192,399
189,188,190,125,399
189,188,190,125,710,192,399
189,188,190,125,742,192,399
189,188,190,193,192,399
189,188,190,193,192,710,125,399
189,188,190,193,192,742,125,399
189,259,258,125,399
189,259,258,125,742,192,399
189,259,258,192,399
189,259,710,125,399
189,259,710,125,742,192,399
189,259,710,192,399
189,188,125,710
189,188,125,742,192,710
189,188,190,125,710
189,188,190,125,742,192,710
189,188,190,193,192,710
189,188,190,193,192,742,125,710
189,259,710
189,188,125,742
189,188,190,125,742
189,188,190,193,192,742
189,259,258,125,742
189,259,258,192,742
189,259,710,125,742
189,259,710,192,742
189,188,125,760
189,188,190,125,760
189,188,190,193,192,258,259,710,125,760
189,188,190,193,192,258,125,760
189,188,190,193,192,399,125,760
189,188,190,193,192,710,125,760
189,188,190,193,192,742,125,760
189,259,258,125,760
189,259,258,192,193,190,125,760
189,259,258,192,399,125,760
189,259,258,192,710,125,760
189,259,258,192,742,125,760
189,259,710,125,760
189,259,710,192,193,190,125,760
189,259,710,192,399,125,760
189,259,710,192,742,125,760
190,188,189,259,258,192
190,188,189,259,710,192
190,125,258,259,710,192
190,125,258,192
190,125,399,192
190,125,710,192
190,125,742,192
190,193,192
190,193
190,188,189,259,258
190,188,189,259,710,192,258
190,125,258
190,125,399,192,258
190,125,399,192,710,259,258
190,125,710,259,258
190,125,710,192,258
190,125,742,192,258
190,125,742,192,710,259,258
190,193,192,258
190,193,192,399,125,258
190,193,192,399,125,710,259,258
190,193,192,710,259,258
190,193,192,710,125,258
190,193,192,742,125,258
190,193,192,742,125,710,259,258
190,188,189,259
190,125,258,259
190,125,399,192,258,259
190,125,399,192,710,259
190,125,710,259
190,125,742,192,258,259
190,125,742,192,710,259
190,193,192,258,259
190,193,192,399,125,258,259
190,193,192,399,125,710,259
190,193,192,710,259
190,193,192,742,125,258,259
190,193,192,742,125,710,259
190,188,189,259,258,125,399
190,188,189,259,258,125,742,192,399
190,188,189,259,258,192,399
190,188,189,259,710,125,399
190,188,189,259,710,125,742,192,399
190,188,189,259,710,192,399
190,125,399
190,125,710,192,399
190,125,742,192,399
190,193,192,399
190,193,192,710,125,399
190,193,192,742,125,399
190,188,189,259,710
190,125,710
190,125,742,192,710
190,193,192,710
190,193,192,742,125,710
190,188,189,259,258,125,742
190,188,189,259,258,192,742
190,188,189,259,710,125,742
190,188,189,259,710,192,742
190,125,742
190,193,192,742
190,188,189,259,258,125,760
190,188,189,259,258,192,399,125,760
190,188,189,259,258,192,710,125,760
190,188,189,259,258,192,742,125,760
190,188,189,259,710,125,760
190,188,189,259,710,192,399,125,760
190,188,189,259,710,192,742,125,760
190,125,760
190,193,192,258,259,710,125,760
190,193,192,258,125,760
190,193,192,399,125,760
190,193,192,710,125,760
190,193,192,742,125,760
192,193
192,258
192,710,259,258
192,193,190,188,189,259
192,193,190,125,188,189,259
192,258,259
192,399,125,188,189,259
192,399,125,190,188,189,259
192,710,259
192,742,125,188,189,259
192,742,125,190,188,189,259
192,399
192,710
192,742
192,193,190,188,125,760
192,193,190,125,760
192,258,259,710,125,760
192,258,259,189,188,125,760
192,258,259,189,188,190,125,760
192,258,125,760
192,399,125,760
192,710,259,189,188,125,760
192,710,259,189,188,190,125,760
192,710,125,760
192,742,125,760
193,192,258
193,192,399,125,258
193,192,399,125,710,259,258
193,192,710,259,258
193,192,710,125,258
193,192,742,125,258
193,192,742,125,710,259,258
193,190,188,125,258
193,190,188,125,710,259,258
193,190,188,189,259,258
193,190,188,189,259,710,125,258
193,190,125,258
193,190,125,710,259,258
193,192,258,259
193,192,399,125,188,189,259
193,192,399,125,258,259
193,192,399,125,710,259
193,192,710,259
193,192,742,125,188,189,259
193,192,742,125,258,259
193,192,742,125,710,259
193,190,188,125,258,259
193,190,188,125,710,259
193,190,188,189,259
193,190,125,188,189,259
193,190,125,258,259
193,190,125,710,259
193,192,399
193,192,710,125,399
193,192,742,125,399
193,190,188,125,399
193,190,188,189,259,258,125,399
193,190,188,189,259,258,125,742,192,399
193,190,188,189,259,258,192,399
193,190,188,189,259,710,125,399
193,190,188,189,259,710,125,742,192,399
193,190,188,189,259,710,192,399
193,190,125,399
193,192,710
193,192,742,125,710
193,190,188,125,710
193,190,188,189,259,710
193,190,125,710
193,192,742
193,190,188,125,742
193,190,188,189,259,258,125,742
193,190,188,189,259,258,192,742
193,190,188,189,259,710,125,742
193,190,188,189,259,710,192,742
193,190,125,742
193,192,258,259,710,125,760
193,192,258,259,189,188,125,760
193,192,258,125,760
193,192,399,125,760
193,192,710,259,189,188,125,760
193,192,710,125,760
193,192,742,125,760
193,190,188,125,760
193,190,188,189,259,258,125,760
193,190,188,189,259,258,192,399,125,760
193,190,188,189,259,258,192,742,125,760
193,190,188,189,259,710,125,760
193,190,188,189,259,710,192,399,125,760
193,190,188,189,259,710,192,742,125,760
193,190,125,760
197,198
203,80,970
203,80,1032
204,140,308
204,140,361
204,140,402
204,140,464
204,140,474
204,140,500
204,140,598
204,140,871
204,140,1151
204,140,1185
204,140,1201
204,140,1222
204,140,1224
205,206
205,353,352,206
205,353,206
205,307
205,206,352
205,353,352
205,206,352,120
205,206,353,352,120
205,206,353,96,438,780,781,352,120
205,206,353,96,780,781,352,120
205,206,353,95,96,438,780,781,352,120
205,206,353,95,96,780,781,352,120
205,353,352,120
205,353,96,95,352,120
205,353,96,438,780,781,352,120
205,353,96,780,781,352,120
205,353,95,96,438,780,781,352,120
205,353,95,96,780,781,352,120
205,353,95,352,120
205,206,352,126
205,206,353,352,126
205,206,353,96,438,780,781,352,126
205,206,353,96,780,781,352,126
205,206,353,95,96,438,780,781,352,126
205,206,353,95,96,780,781,352,126
205,353,352,126
205,353,96,95,352,126
205,353,96,438,780,781,352,126
205,353,96,780,781,352,126
205,353,95,96,438,780,781,352,126
205,353,95,96,780,781,352,126
205,353,95,352,126
205,353
205,206,352,95,96,438
205,206,352,95,96,780,438
205,206,352,353,96,438
205,206,352,353,96,780,438
205,206,352,781,780,438
205,206,353,352,781,780,438
205,206,353,96,438
205,206,353,96,780,438
205,206,353,95,96,438
205,206,353,95,96,780,438
205,353,352,95,96,438
205,353,352,95,96,780,438
205,353,352,781,780,438
205,353,96,438
205,353,96,780,438
205,353,95,96,438
205,353,95,96,780,438
205,353,95,352,781,780,438
205,206,352,95,96,438,780,770
205,206,352,95,96,780,770
205,206,352,353,96,438,780,770
205,206,352,353,96,780,770
205,206,352,781,780,770
205,206,353,352,781,780,770
205,206,353,96,438,780,770
205,206,353,96,780,770
205,206,353,95,96,438,780,770
205,206,353,95,96,780,770
205,353,352,95,96,438,780,770
205,353,352,95,96,780,770
205,353,352,781,780,770
205,353,96,95,352,781,780,770
205,353,96,438,780,770
205,353,96,780,770
205,353,95,96,438,780,770
205,353,95,96,780,770
205,353,95,352,781,780,770
205,206,352,95,96,438,780,770,771
205,206,352,95,96,780,770,771
205,206,352,353,96,438,780,770,771
205,206,352,353,96,780,770,771
205,206,352,781,780,770,771
205,206,353,352,781,780,770,771
205,206,353,96,438,780,770,771
205,206,353,96,780,770,771
205,206,353,95,96,438,780,770,771
205,206,353,95,96,780,770,771
205,353,352,95,96,438,780,770,771
205,353,352,95,96,780,770,771
205,353,352,781,780,770,771
205,353,96,95,352,781,780,770,771
205,353,96,438,780,770,771
205,353,96,780,770,771
205,353,95,96,438,780,770,771
205,353,95,96,780,770,771
205,353,95,352,781,780,770,771
205,206,352,95,96,780
205,206,352,353,96,780
205,206,352,781,780
205,206,353,352,781,780
205,206,353,96,780
205,206,353,95,96,780
205,353,352,95,96,780
205,353,352,781,780
205,353,96,780
205,353,95,96,780
205,353,95,352,781,780
205,206,352,781
205,206,353,352,781
205,206,353,96,438,780,781
205,206,353,96,780,781
205,206,353,95,96,438,780,781
205,206,353,95,96,780,781
205,353,352,781
205,353,96,95,352,781
205,353,96,438,780,781
205,353,96,780,781
205,353,95,96,438,780,781
205,353,95,96,780,781
205,353,95,352,781
205,206,352,95,96,438,780,781,918
205,206,352,95,96,780,781,918
205,206,352,353,96,438,780,781,918
205,206,352,353,96,780,781,918
205,206,352,781,918
205,206,353,352,781,918
205,206,353,96,438,780,781,918
205,206,353,96,780,781,918
205,206,353,95,96,438,780,781,918
205,206,353,95,96,780,781,918
205,353,352,95,96,438,780,781,918
205,353,352,95,96,780,781,918
205,353,352,781,918
205,353,96,95,352,781,918
205,353,96,438,780,781,918
205,353,96,780,781,918
205,353,95,96,438,780,781,918
205,353,95,96,780,781,918
205,353,95,352,781,918
206,205,307
206,352,353,205,307
206,353,205,307
206,352
206,353,352
206,352,120
206,353,352,120
206,353,96,438,780,781,352,120
206,353,96,780,781,352,120
206,353,95,96,438,780,781,352,120
206,353,95,96,780,781,352,120
206,352,126
206,353,352,126
206,353,96,438,780,781,352,126
206,353,96,780,781,352,126
206,353,95,96,438,780,781,352,126
206,353,95,96,780,781,352,126
206,353
206,352,95,96,438
206,352,95,96,780,438
206,352,353,96,438
206,352,353,96,780,438
206,352,781,780,438
206,353,352,781,780,438
206,353,96,438
206,353,96,780,438
206,353,95,96,438
206,353,95,96,780,438
206,352,95,96,438,780,770
206,352,95,96,780,770
206,352,353,96,438,780,770
206,352,353,96,780,770
206,352,781,780,770
206,353,352,781,780,770
206,353,96,438,780,770
206,353,96,780,770
206,353,95,96,438,780,770
206,353,95,96,780,770
206,352,95,96,438,780,770,771
206,352,95,96,780,770,771
206,352,353,96,438,780,770,771
206,352,353,96,780,770,771
206,352,781,780,770,771
206,353,352,781,780,770,771
206,353,96,438,780,770,771
206,353,96,780,770,771
206,353,95,96,438,780,770,771
206,353,95,96,780,770,771
206,352,95,96,780
206,352,353,96,780
206,352,781,780
206,353,352,781,780
206,353,96,780
206,353,95,96,780
206,352,781
206,353,352,781
206,353,96,438,780,781
206,353,96,780,781
206,353,95,96,438,780,781
206,353,95,96,780,781
206,352,95,96,438,780,781,918
206,352,95,96,780,781,918
206,352,353,96,438,780,781,918
206,352,353,96,780,781,918
206,352,781,918
206,353,352,781,918
206,353,96,438,780,781,918
206,353,96,780,781,918
206,353,95,96,438,780,781,918
206,353,95,96,780,781,918
213,214
219,220
219,220,273
219,220,273,339
219,220,273,864,385,384
219,220,273,385,384
219,220,273,864,385
219,220,273,385
219,220,273,864,385,715
219,220,273,385,715
219,220,273,864,385,861
219,220,273,385,861
219,220,273,864
219,220,273,968
219,220,273,864,385,420,1216
219,220,273,385,420,1216
219,220,273,864,385,420
219,220,273,385,420
220,273
220,273,339
220,273,864,385,384
220,273,385,384
220,273,864,385
220,273,385
220,273,864,385,715
220,273,385,715
220,273,864,385,861
220,273,385,861
220,273,864
220,273,968
220,273,864,385,420,1216
220,273,385,420,1216
220,273,864,385,420
220,273,385,420
223,224
223,225,611,612,224
223,225,611,319,224
223,225
223,224,612,611,319
223,224,319
223,225,611,612,224,319
223,225,611,319
223,224,546
223,225,611,612,224,546
223,225,611,319,224,546
223,224,612,611
223,224,319,611
223,225,611
223,224,612
223,225,611,612
224,223,225
224,612,611,225
224,319,611,225
224,612,611,319
224,319
224,546
224,223,225,611
224,612,611
224,319,611
224,612
225,223,224,319
225,611,612,224,319
225,611,319
225,223,224,546
225,611,612,224,546
225,611,319,224,546
225,611
225,223,224,612
225,611,612
237,238
237,238,128
237,238,248
237,238,249
238,128
238,248
238,249
239,145
239,489
239,489,484
145,239,489
145,239,489,484
128,238,248
128,238,249
248,238,249
250,251
250,252
251,250,252
258,259
258,259,710,125,399
258,259,710,125,742,192,399
258,259,710,192,399
258,125,399
258,125,710,192,399
258,125,742,192,399
258,192,399
258,259,710
258,125,710
258,125,742,192,710
258,192,710
258,259,710,125,742
258,259,710,192,742
258,125,742
258,192,742
258,259,710,125,760
258,259,710,192,399,125,760
258,259,710,192,742,125,760
258,125,760
258,192,399,125,760
258,192,710,125,760
258,192,742,125,760
259,258,125,399
259,258,125,742,192,399
259,258,192,399
259,710,125,399
259,710,125,742,192,399
259,710,192,399
259,189,188,125,399
259,189,188,125,742,192,399
259,189,188,190,125,399
259,189,188,190,125,742,192,399
259,189,188,190,193,192,399
259,189,188,190,193,192,742,125,399
259,710
259,258,125,742
259,258,192,742
259,710,125,742
259,710,192,742
259,189,188,125,742
259,189,188,190,125,742
259,189,188,190,193,192,742
259,258,125,760
259,258,192,193,190,188,125,760
259,258,192,193,190,125,760
259,258,192,399,125,760
259,258,192,742,125,760
259,710,125,760
259,710,192,193,190,188,125,760
259,710,192,193,190,125,760
259,710,192,399,125,760
259,710,192,742,125,760
259,189,188,125,760
259,189,188,190,125,760
259,189,188,190,193,192,399,125,760
259,189,188,190,193,192,742,125,760
262,263
262,729,730,688,1052,679,678,330,329
262,729,730,688,1052,680,678,330,329
262,791,730,688,1052,679,678,330,329
262,791,730,688,1052,680,678,330,329
262,1052,679,678,330,329
262,1052,680,678,330,329
262,729,730,688,1052,679,678,330
262,729,730,688,1052,680,678,330
262,791,730,688,1052,679,678,330
262,791,730,688,1052,680,678,330
262,1052,679,678,330
262,1052,680,678,330
262,729,730,688,1052,679,678,330,584
262,729,730,688,1052,680,678,330,584
262,791,730,688,1052,679,678,330,584
262,791,730,688,1052,680,678,330,584
262,1052,679,678,330,584
262,1052,680,678,330,584
262,729,730,688,1052,679,678
262,729,730,688,1052,680,678
262,791,730,688,1052,679,678
262,791,730,688,1052,680,678
262,1052,679,678
262,1052,680,678
262,729,730,688,1052,679,678,232
262,729,730,688,1052,680,678,232
262,791,730,688,1052,679,678,232
262,791,730,688,1052,680,678,232
262,1052,679,678,232
262,1052,680,678,232
262,729,730,688,1052,679
262,729,730,688,1052,680,678,679
262,791,730,688,1052,679
262,791,730,688,1052,680,678,679
262,1052,679
262,1052,680,678,679
262,729,730,688,1052,680
262,791,730,688,1052,680
262,1052,680
262,729,730,688,1052,679,678,330,703
262,729,730,688,1052,680,678,330,703
262,791,730,688,1052,679,678,330,703
262,791,730,688,1052,680,678,330,703
262,1052,679,678,330,703
262,1052,680,678,330,703
262,729
262,791,730,729
262,1052,688,730,729
262,729,730
262,791,730
262,1052,688,730
262,729,144
262,791,730,729,144
262,1052,688,730,729,144
262,791
262,1052,688,730,791
262,1052
262,729,730,688
262,791,730,688
262,1052,688
262,729,730,688,1052,679,678,330,1153
262,729,730,688,1052,680,678,330,1153
262,791,730,688,1052,679,678,330,1153
262,791,730,688,1052,680,678,330,1153
262,1052,679,678,330,1153
262,1052,680,678,330,1153
263,262,729,730,688,1052,679,678,330,329
263,262,729,730,688,1052,680,678,330,329
263,262,791,730,688,1052,679,678,330,329
263,262,791,730,688,1052,680,678,330,329
263,262,1052,679,678,330,329
263,262,1052,680,678,330,329
263,262,729,730,688,1052,679,678,330
263,262,729,730,688,1052,680,678,330
263,262,791,730,688,1052,679,678,330
263,262,791,730,688,1052,680,678,330
263,262,1052,679,678,330
263,262,1052,680,678,330
263,262,729,730,688,1052,679,678,330,584
263,262,729,730,688,1052,680,678,330,584
263,262,791,730,688,1052,679,678,330,584
263,262,791,730,688,1052,680,678,330,584
263,262,1052,679,678,330,584
263,262,1052,680,678,330,584
263,262,729,730,688,1052,679,678
263,262,729,730,688,1052,680,678
263,262,791,730,688,1052,679,678
263,262,791,730,688,1052,680,678
263,262,1052,679,678
263,262,1052,680,678
263,262,729,730,688,1052,679,678,232
263,262,729,730,688,1052,680,678,232
263,262,791,730,688,1052,679,678,232
263,262,791,730,688,1052,680,678,232
263,262,1052,679,678,232
263,262,1052,680,678,232
263,262,729,730,688,1052,679
263,262,729,730,688,1052,680,678,679
263,262,791,730,688,1052,679
263,262,791,730,688,1052,680,678,679
263,262,1052,679
263,262,1052,680,678,679
263,262,729,730,688,1052,680
263,262,791,730,688,1052,680
263,262,1052,680
263,262,729,730,688,1052,679,678,330,703
263,262,729,730,688,1052,680,678,330,703
263,262,791,730,688,1052,679,678,330,703
263,262,791,730,688,1052,680,678,330,703
263,262,1052,679,678,330,703
263,262,1052,680,678,330,703
263,262,729
263,262,791,730,729
263,262,1052,688,730,729
263,262,729,730
263,262,791,730
263,262,1052,688,730
263,262,729,144
263,262,791,730,729,144
263,262,1052,688,730,729,144
263,262,791
263,262,1052,688,730,791
263,262,1052
263,262,729,730,688
263,262,791,730,688
263,262,1052,688
263,262,729,730,688,1052,679,678,330,1153
263,262,729,730,688,1052,680,678,330,1153
263,262,791,730,688,1052,679,678,330,1153
263,262,791,730,688,1052,680,678,330,1153
263,262,1052,679,678,330,1153
263,262,1052,680,678,330,1153
266,267
266,268,1030,267
266,268,1215,267
266,268
266,267,1030
266,267,1215,268,1030
266,268,1030
266,267,1215
266,268,1215
267,266,268
267,1030,268
267,1215,268
267,1030
267,1215,268,1030
267,1215
268,1030
268,1215
273,339
273,864,385,384
273,385,384
273,864,385
273,385
273,864,385,715
273,385,715
273,864,385,861
273,385,861
273,864
273,968
273,864,385,420,1216
273,385,420,1216
273,864,385,420
273,385,420
287,288
303,304
307,205,206,352
307,205,353,352
307,205,206,352,120
307,205,206,353,352,120
307,205,206,353,96,95,352,120
307,205,206,353,96,438,780,781,352,120
307,205,206,353,96,780,781,352,120
307,205,206,353,95,96,438,780,781,352,120
307,205,206,353,95,96,780,781,352,120
307,205,206,353,95,352,120
307,205,353,352,120
307,205,353,96,95,352,120
307,205,353,96,438,780,781,352,120
307,205,353,96,780,781,352,120
307,205,353,95,96,438,780,781,352,120
307,205,353,95,96,780,781,352,120
307,205,353,95,352,120
307,205,206,352,126
307,205,206,353,352,126
307,205,206,353,96,95,352,126
307,205,206,353,96,438,780,781,352,126
307,205,206,353,96,780,781,352,126
307,205,206,353,95,96,438,780,781,352,126
307,205,206,353,95,96,780,781,352,126
307,205,206,353,95,352,126
307,205,353,352,126
307,205,353,96,95,352,126
307,205,353,96,438,780,781,352,126
307,205,353,96,780,781,352,126
307,205,353,95,96,438,780,781,352,126
307,205,353,95,96,780,781,352,126
307,205,353,95,352,126
307,205,353
307,205,206,352,95,96,438
307,205,206,352,95,96,780,438
307,205,206,352,95,353,96,438
307,205,206,352,95,353,96,780,438
307,205,206,352,353,96,438
307,205,206,352,353,96,780,438
307,205,206,352,781,780,438
307,205,206,353,352,781,780,438
307,205,206,353,96,438
307,205,206,353,96,780,438
307,205,206,353,95,96,438
307,205,206,353,95,96,780,438
307,205,206,353,95,352,781,780,438
307,205,353,352,95,96,438
307,205,353,352,95,96,780,438
307,205,353,352,781,780,438
307,205,353,96,438
307,205,353,96,780,438
307,205,353,95,96,438
307,205,353,95,96,780,438
307,205,353,95,352,781,780,438
307,205,206,352,95,96,438,780,770
307,205,206,352,95,96,780,770
307,205,206,352,95,353,96,438,780,770
307,205,206,352,95,353,96,780,770
307,205,206,352,353,96,438,780,770
307,205,206,352,353,96,780,770
307,205,206,352,781,780,770
307,205,206,353,352,781,780,770
307,205,206,353,96,95,352,781,780,770
307,205,206,353,96,438,780,770
307,205,206,353,96,780,770
307,205,206,353,95,96,438,780,770
307,205,206,353,95,96,780,770
307,205,206,353,95,352,781,780,770
307,205,353,352,95,96,438,780,770
307,205,353,352,95,96,780,770
307,205,353,352,781,780,770
307,205,353,96,95,352,781,780,770
307,205,353,96,438,780,770
307,205,353,96,780,770
307,205,353,95,96,438,780,770
307,205,353,95,96,780,770
307,205,353,95,352,781,780,770
307,205,206,352,95,96,438,780,770,771
307,205,206,352,95,96,780,770,771
307,205,206,352,95,353,96,438,780,770,771
307,205,206,352,95,353,96,780,770,771
307,205,206,352,353,96,438,780,770,771
307,205,206,352,353,96,780,770,771
307,205,206,352,781,780,770,771
307,205,206,353,352,781,780,770,771
307,205,206,353,96,95,352,781,780,770,771
307,205,206,353,96,438,780,770,771
307,205,206,353,96,780,770,771
307,205,206,353,95,96,438,780,770,771
307,205,206,353,95,96,780,770,771
307,205,206,353,95,352,781,780,770,771
307,205,353,352,95,96,438,780,770,771
307,205,353,352,95,96,780,770,771
307,205,353,352,781,780,770,771
307,205,353,96,95,352,781,780,770,771
307,205,353,96,438,780,770,771
307,205,353,96,780,770,771
307,205,353,95,96,438,780,770,771
307,205,353,95,96,780,770,771
307,205,353,95,352,781,780,770,771
307,205,206,352,95,96,780
307,205,206,352,95,353,96,780
307,205,206,352,353,96,780
307,205,206,352,781,780
307,205,206,353,352,781,780
307,205,206,353,96,780
307,205,206,353,95,96,780
307,205,206,353,95,352,781,780
307,205,353,352,95,96,780
307,205,353,352,781,780
307,205,353,96,780
307,205,353,95,96,780
307,205,353,95,352,781,780
307,205,206,352,781
307,205,206,353,352,781
307,205,206,353,96,95,352,781
307,205,206,353,96,438,780,781
307,205,206,353,96,780,781
307,205,206,353,95,96,438,780,781
307,205,206,353,95,96,780,781
307,205,206,353,95,352,781
307,205,353,352,781
307,205,353,96,95,352,781
307,205,353,96,438,780,781
307,205,353,96,780,781
307,205,353,95,96,438,780,781
307,205,353,95,96,780,781
307,205,353,95,352,781
307,205,206,352,95,96,438,780,781,918
307,205,206,352,95,96,780,781,918
307,205,206,352,95,353,96,438,780,781,918
307,205,206,352,95,353,96,780,781,918
307,205,206,352,353,96,438,780,781,918
307,205,206,352,353,96,780,781,918
307,205,206,352,781,918
307,205,206,353,352,781,918
307,205,206,353,96,95,352,781,918
307,205,206,353,96,438,780,781,918
307,205,206,353,96,780,781,918
307,205,206,353,95,96,438,780,781,918
307,205,206,353,95,96,780,781,918
307,205,206,353,95,352,781,918
307,205,353,352,95,96,438,780,781,918
307,205,353,352,95,96,780,781,918
307,205,353,352,781,918
307,205,353,96,95,352,781,918
307,205,353,96,438,780,781,918
307,205,353,96,780,781,918
307,205,353,95,96,438,780,781,918
307,205,353,95,96,780,781,918
307,205,353,95,352,781,918
308,140,361
308,140,402
308,140,464
308,140,474
308,140,500
308,140,598
308,140,871
308,140,1151
308,140,1185
308,140,1201
308,140,1222
308,140,1224
319,611,612,224,546
319,224,546
319,611
319,611,612
319,224,612
320,321
329,330
329,330,584
329,330,678
329,330,678,232
329,330,678,679
329,330,678,680,1052,679
329,330,678,680
329,330,703
329,330,678,679,1052,262,729
329,330,678,679,1052,262,791,730,729
329,330,678,679,1052,688,730,729
329,330,678,679,1052,688,730,791,262,729
329,330,678,680,1052,262,729
329,330,678,680,1052,262,791,730,729
329,330,678,680,1052,688,730,729
329,330,678,680,1052,688,730,791,262,729
329,330,678,679,1052,262,729,730
329,330,678,679,1052,262,791,730
329,330,678,679,1052,688,730
329,330,678,680,1052,262,729,730
329,330,678,680,1052,262,791,730
329,330,678,680,1052,688,730
329,330,678,679,1052,262,729,144
329,330,678,679,1052,262,791,730,729,144
329,330,678,679,1052,688,730,729,144
329,330,678,679,1052,688,730,791,262,729,144
329,330,678,680,1052,262,729,144
329,330,678,680,1052,262,791,730,729,144
329,330,678,680,1052,688,730,729,144
329,330,678,680,1052,688,730,791,262,729,144
329,330,678,679,1052,262,791
329,330,678,679,1052,688,730,791
329,330,678,680,1052,262,791
329,330,678,680,1052,688,730,791
329,330,678,679,1052
329,330,678,680,1052
329,330,678,679,1052,688
329,330,678,680,1052,688
329,330,1153
330,584
330,678
330,678,232
330,678,679
330,678,680,1052,679
330,678,680
330,703
330,678,679,1052,262,729
330,678,679,1052,262,791,730,729
330,678,679,1052,688,730,729
330,678,679,1052,688,730,791,262,729
330,678,680,1052,262,729
330,678,680,1052,262,791,730,729
330,678,680,1052,688,730,729
330,678,680,1052,688,730,791,262,729
330,678,679,1052,262,729,730
330,678,679,1052,262,791,730
330,678,679,1052,688,730
330,678,680,1052,262,729,730
330,678,680,1052,262,791,730
330,678,680,1052,688,730
330,678,679,1052,262,729,144
330,678,679,1052,262,791,730,729,144
330,678,679,1052,688,730,729,144
330,678,679,1052,688,730,791,262,729,144
330,678,680,1052,262,729,144
330,678,680,1052,262,791,730,729,144
330,678,680,1052,688,730,729,144
330,678,680,1052,688,730,791,262,729,144
330,678,679,1052,262,791
330,678,679,1052,688,730,791
330,678,680,1052,262,791
330,678,680,1052,688,730,791
330,678,679,1052
330,678,680,1052
330,678,679,1052,688
330,678,680,1052,688
330,1153
339,273,864,385,384
339,273,385,384
339,273,864,385
339,273,385
339,273,864,385,715
339,273,385,715
339,273,864,385,861
339,273,385,861
339,273,864
339,273,968
339,273,864,385,420,1216
339,273,385,420,1216
339,273,864,385,420
339,273,385,420
340,341
342,68,599,63,487,375
342,68,599,63,487,488,375
342,68,806,63,487,375
342,68,806,63,487,488,375
342,68,1230,63,487,375
342,68,1230,63,487,488,375
342,63,487,375
342,63,487,488,375
342,68,599,63,487,375,376
342,68,599,63,487,488,375,376
342,68,806,63,487,375,376
342,68,806,63,487,488,375,376
342,68,1230,63,487,375,376
342,68,1230,63,487,488,375,376
342,63,487,375,376
342,63,487,488,375,376
342,68,599,63,487
342,68,806,63,487
342,68,1230,63,487
342,63,487
342,68,599,63,487,488
342,68,806,63,487,488
342,68,1230,63,487,488
342,63,487,488
342,68,568
342,63,599,68,568
342,63,806,68,568
342,63,1230,68,568
342,68,599
342,68,806,63,599
342,68,1230,63,599
342,63,599
342,68,632
342,63,599,68,632
342,63,806,68,632
342,63,1230,68,632
342,68,683
342,63,599,68,683
342,63,806,68,683
342,63,1230,68,683
342,68,806
342,68,1230,63,806
342,63,806
342,68,980
342,63,599,68,980
342,63,806,68,980
342,63,1230,68,980
342,68,1070
342,63,599,68,1070
342,63,806,68,1070
342,63,1230,68,1070
342,68,1230
342,63,1230
352,120
352,126
352,353
352,95,96,438
352,95,96,780,438
352,353,96,438
352,353,96,780,438
352,781,780,438
352,95,96,438,780,770
352,95,96,780,770
352,353,96,438,780,770
352,353,96,780,770
352,781,780,770
352,95,96,438,780,770,771
352,95,96,780,770,771
352,353,96,438,780,770,771
352,353,96,780,770,771
352,781,780,770,771
352,95,96,780
352,353,96,780
352,781,780
352,781
352,95,96,438,780,781,918
352,95,96,780,781,918
352,353,96,438,780,781,918
352,353,96,780,781,918
352,781,918
120,352,126
120,352,353
120,352,781,780,96,353
120,352,781,780,438,96,353
120,352,206,205,353,96,438
120,352,206,205,353,96,780,438
120,352,206,205,353,95,96,438
120,352,206,205,353,95,96,780,438
120,352,206,353,96,438
120,352,206,353,96,780,438
120,352,206,353,95,96,438
120,352,206,353,95,96,780,438
120,352,95,96,438
120,352,95,96,780,438
120,352,95,353,96,438
120,352,95,353,96,780,438
120,352,353,96,438
120,352,353,96,780,438
120,352,781,780,438
120,352,206,205,353,96,438,780,770
120,352,206,205,353,96,780,770
120,352,206,205,353,95,96,438,780,770
120,352,206,205,353,95,96,780,770
120,352,206,353,96,438,780,770
120,352,206,353,96,780,770
120,352,206,353,95,96,438,780,770
120,352,206,353,95,96,780,770
120,352,95,96,438,780,770
120,352,95,96,780,770
120,352,95,353,96,438,780,770
120,352,95,353,96,780,770
120,352,353,96,438,780,770
120,352,353,96,780,770
120,352,781,780,770
120,352,206,205,353,96,438,780,770,771
120,352,206,205,353,96,780,770,771
120,352,206,205,353,95,96,438,780,770,771
120,352,206,205,353,95,96,780,770,771
120,352,206,353,96,438,780,770,771
120,352,206,353,96,780,770,771
120,352,206,353,95,96,438,780,770,771
120,352,206,353,95,96,780,770,771
120,352,95,96,438,780,770,771
120,352,95,96,780,770,771
120,352,95,353,96,438,780,770,771
120,352,95,353,96,780,770,771
120,352,353,96,438,780,770,771
120,352,353,96,780,770,771
120,352,781,780,770,771
120,352,206,205,353,96,780
120,352,206,205,353,95,96,780
120,352,206,353,96,780
120,352,206,353,95,96,780
120,352,95,96,780
120,352,95,353,96,780
120,352,353,96,780
120,352,781,780
120,352,781
120,352,206,205,353,96,438,780,781,918
120,352,206,205,353,96,780,781,918
120,352,206,205,353,95,96,438,780,781,918
120,352,206,205,353,95,96,780,781,918
120,352,206,353,96,438,780,781,918
120,352,206,353,96,780,781,918
120,352,206,353,95,96,438,780,781,918
120,352,206,353,95,96,780,781,918
120,352,95,96,438,780,781,918
120,352,95,96,780,781,918
120,352,95,353,96,438,780,781,918
120,352,95,353,96,780,781,918
120,352,353,96,438,780,781,918
120,352,353,96,780,781,918
120,352,781,918
126,352,353
126,352,781,780,96,353
126,352,781,780,438,96,353
126,352,206,205,353,96,438
126,352,206,205,353,96,780,438
126,352,206,205,353,95,96,438
126,352,206,205,353,95,96,780,438
126,352,206,353,96,438
126,352,206,353,96,780,438
126,352,206,353,95,96,438
126,352,206,353,95,96,780,438
126,352,95,96,438
126,352,95,96,780,438
126,352,95,353,96,438
126,352,95,353,96,780,438
126,352,353,96,438
126,352,353,96,780,438
126,352,781,780,438
126,352,206,205,353,96,438,780,770
126,352,206,205,353,96,780,770
126,352,206,205,353,95,96,438,780,770
126,352,206,205,353,95,96,780,770
126,352,206,353,96,438,780,770
126,352,206,353,96,780,770
126,352,206,353,95,96,438,780,770
126,352,206,353,95,96,780,770
126,352,95,96,438,780,770
126,352,95,96,780,770
126,352,95,353,96,438,780,770
126,352,95,353,96,780,770
126,352,353,96,438,780,770
126,352,353,96,780,770
126,352,781,780,770
126,352,206,205,353,96,438,780,770,771
126,352,206,205,353,96,780,770,771
126,352,206,205,353,95,96,438,780,770,771
126,352,206,205,353,95,96,780,770,771
126,352,206,353,96,438,780,770,771
126,352,206,353,96,780,770,771
126,352,206,353,95,96,438,780,770,771
126,352,206,353,95,96,780,770,771
126,352,95,96,438,780,770,771
126,352,95,96,780,770,771
126,352,95,353,96,438,780,770,771
126,352,95,353,96,780,770,771
126,352,353,96,438,780,770,771
126,352,353,96,780,770,771
126,352,781,780,770,771
126,352,206,205,353,96,780
126,352,206,205,353,95,96,780
126,352,206,353,96,780
126,352,206,353,95,96,780
126,352,95,96,780
126,352,95,353,96,780
126,352,353,96,780
126,352,781,780
126,352,781
126,352,206,205,353,96,438,780,781,918
126,352,206,205,353,96,780,781,918
126,352,206,205,353,95,96,438,780,781,918
126,352,206,205,353,95,96,780,781,918
126,352,206,353,96,438,780,781,918
126,352,206,353,96,780,781,918
126,352,206,353,95,96,438,780,781,918
126,352,206,353,95,96,780,781,918
126,352,95,96,438,780,781,918
126,352,95,96,780,781,918
126,352,95,353,96,438,780,781,918
126,352,95,353,96,780,781,918
126,352,353,96,438,780,781,918
126,352,353,96,780,781,918
126,352,781,918
353,352,781,780,438
353,96,438
353,96,780,438
353,352,781,780,770
353,96,438,780,770
353,96,780,770
353,352,781,780,770,771
353,96,438,780,770,771
353,96,780,770,771
353,352,781,780
353,96,780
353,352,781
353,96,438,780,781
353,96,780,781
353,352,781,918
353,96,438,780,781,918
353,96,780,781,918
359,360
359,360,995
360,995
361,140,402
361,140,464
361,140,474
361,140,500
361,140,598
361,140,871
361,140,1151
361,140,1185
361,140,1201
361,140,1222
361,140,1224
369,370
369,371
370,369,371
375,376
375,487
375,488,487
375,488
375,487,63,67,68,568
375,487,63,342,68,568
375,487,63,599,68,568
375,487,63,806,68,568
375,487,63,1230,68,568
375,488,487,63,67,68,568
375,488,487,63,342,68,568
375,488,487,63,599,68,568
375,488,487,63,806,68,568
375,488,487,63,1230,68,568
375,487,63,599
375,487,63,806,68,599
375,487,63,1230,68,599
375,488,487,63,599
375,488,487,63,806,68,599
375,488,487,63,1230,68,599
375,487,63,67,68,632
375,487,63,342,68,632
375,487,63,599,68,632
375,487,63,806,68,632
375,487,63,1230,68,632
375,488,487,63,67,68,632
375,488,487,63,342,68,632
375,488,487,63,599,68,632
375,488,487,63,806,68,632
375,488,487,63,1230,68,632
375,487,63,67,68,683
375,487,63,342,68,683
375,487,63,599,68,683
375,487,63,806,68,683
375,487,63,1230,68,683
375,488,487,63,67,68,683
375,488,487,63,342,68,683
375,488,487,63,599,68,683
375,488,487,63,806,68,683
375,488,487,63,1230,68,683
375,487,63,806
375,487,63,1230,68,806
375,488,487,63,806
375,488,487,63,1230,68,806
375,487,63,67,68,980
375,487,63,342,68,980
375,487,63,599,68,980
375,487,63,806,68,980
375,487,63,1230,68,980
375,488,487,63,67,68,980
375,488,487,63,342,68,980
375,488,487,63,599,68,980
375,488,487,63,806,68,980
375,488,487,63,1230,68,980
375,487,63,67,68,1070
375,487,63,342,68,1070
375,487,63,599,68,1070
375,487,63,806,68,1070
375,487,63,1230,68,1070
375,488,487,63,67,68,1070
375,488,487,63,342,68,1070
375,488,487,63,599,68,1070
375,488,487,63,806,68,1070
375,488,487,63,1230,68,1070
375,487,63,1230
375,488,487,63,1230
376,375,487
376,375,488,487
376,375,488
376,375,487,63,67,68,568
376,375,487,63,342,68,568
376,375,487,63,599,68,568
376,375,487,63,806,68,568
376,375,487,63,1230,68,568
376,375,488,487,63,67,68,568
376,375,488,487,63,342,68,568
376,375,488,487,63,599,68,568
376,375,488,487,63,806,68,568
376,375,488,487,63,1230,68,568
376,375,487,63,599
376,375,487,63,806,68,599
376,375,487,63,1230,68,599
376,375,488,487,63,599
376,375,488,487,63,806,68,599
376,375,488,487,63,1230,68,599
376,375,487,63,67,68,632
376,375,487,63,342,68,632
376,375,487,63,599,68,632
376,375,487,63,806,68,632
376,375,487,63,1230,68,632
376,375,488,487,63,67,68,632
376,375,488,487,63,342,68,632
376,375,488,487,63,599,68,632
376,375,488,487,63,806,68,632
376,375,488,487,63,1230,68,632
376,375,487,63,67,68,683
376,375,487,63,342,68,683
376,375,487,63,599,68,683
376,375,487,63,806,68,683
376,375,487,63,1230,68,683
376,375,488,487,63,67,68,683
376,375,488,487,63,342,68,683
376,375,488,487,63,599,68,683
376,375,488,487,63,806,68,683
376,375,488,487,63,1230,68,683
376,375,487,63,806
376,375,487,63,1230,68,806
376,375,488,487,63,806
376,375,488,487,63,1230,68,806
376,375,487,63,67,68,980
376,375,487,63,342,68,980
376,375,487,63,599,68,980
376,375,487,63,806,68,980
376,375,487,63,1230,68,980
376,375,488,487,63,67,68,980
376,375,488,487,63,342,68,980
376,375,488,487,63,599,68,980
376,375,488,487,63,806,68,980
376,375,488,487,63,1230,68,980
376,375,487,63,67,68,1070
376,375,487,63,342,68,1070
376,375,487,63,599,68,1070
376,375,487,63,806,68,1070
376,375,487,63,1230,68,1070
376,375,488,487,63,67,68,1070
376,375,488,487,63,342,68,1070
376,375,488,487,63,599,68,1070
376,375,488,487,63,806,68,1070
376,375,488,487,63,1230,68,1070
376,375,487,63,1230
376,375,488,487,63,1230
382,383
384,385
384,385,715
384,385,861
384,385,864
384,385,864,273,968
384,385,273,968
384,385,420,1216
384,385,420
385,715
385,861
385,864
385,864,273,968
385,273,968
385,420,1216
385,420
390,49,48,706
390,49,933,50,48,706
390,49,933,50,885,51,48,706
390,49,933,50,955,51,48,706
390,49,955,51,48,706
390,49,955,51,885,50,48,706
390,49,955,50,48,706
390,50,48,706
390,50,885,51,48,706
390,50,955,51,48,706
390,49,48,51,885
390,49,933,50,885
390,49,933,50,955,51,885
390,49,955,51,885
390,49,955,50,885
390,50,885
390,50,955,51,885
390,49,933
390,49,955,50,933
390,50,933
390,49,955
390,50,955
392,393
392,200,956,393
392,200,1014,393
392,200
392,393,956
392,393,1014,200,956
392,200,956
392,393,1014
392,200,1014
393,392,200
393,956,200
393,1014,200
393,956
393,1014,200,956
393,1014
200,956
200,1014
399,125,710
399,125,742,192,710
399,192,710
399,125,742
399,192,742
399,125,760
399,192,710,125,760
399,192,742,125,760
400,162,751
400,162,839
402,140,464
402,140,474
402,140,500
402,140,598
402,140,871
402,140,1151
402,140,1185
402,140,1201
402,140,1222
402,140,1224
405,406
405,406,1192
406,1192
418,410
424,296
438,96,95,352,781,780,770
438,96,95,353,352,781,780,770
438,96,95,353,206,352,781,780,770
438,96,95,353,205,206,352,781,780,770
438,96,353,352,781,780,770
438,96,353,206,352,781,780,770
438,96,353,205,206,352,781,780,770
438,780,770
438,96,95,352,781,780,770,771
438,96,95,353,352,781,780,770,771
438,96,95,353,206,352,781,780,770,771
438,96,95,353,205,206,352,781,780,770,771
438,96,353,352,781,780,770,771
438,96,353,206,352,781,780,770,771
438,96,353,205,206,352,781,780,770,771
438,780,770,771
438,780
438,96,95,352,781
438,96,95,353,352,781
438,96,95,353,206,352,781
438,96,95,353,205,206,352,781
438,96,353,352,781
438,96,353,206,352,781
438,96,353,205,206,352,781
438,780,781
438,96,95,352,781,918
438,96,95,353,352,781,918
438,96,95,353,206,352,781,918
438,96,95,353,205,206,352,781,918
438,96,353,352,781,918
438,96,353,206,352,781,918
438,96,353,205,206,352,781,918
438,780,781,918
447,448
447,1187,448
447,1187
447,448,1238
447,1187,448,1238
448,1187
448,1238
456,642
458,459
458,459,1025
458,459,1180
459,1025
459,1180
464,140,474
464,140,500
464,140,598
464,140,871
464,140,1151
464,140,1185
464,140,1201
464,140,1222
464,140,1224
474,140,500
474,140,598
474,140,871
474,140,1151
474,140,1185
474,140,1201
474,140,1222
474,140,1224
479,480
487,488
487,63,67,68,568
487,63,342,68,568
487,63,599,68,568
487,63,806,68,568
487,63,1230,68,568
487,63,599
487,63,806,68,599
487,63,1230,68,599
487,63,67,68,632
487,63,342,68,632
487,63,599,68,632
487,63,806,68,632
487,63,1230,68,632
487,63,67,68,683
487,63,342,68,683
487,63,599,68,683
487,63,806,68,683
487,63,1230,68,683
487,63,806
487,63,1230,68,806
487,63,67,68,980
487,63,342,68,980
487,63,599,68,980
487,63,806,68,980
487,63,1230,68,980
487,63,67,68,1070
487,63,342,68,1070
487,63,599,68,1070
487,63,806,68,1070
487,63,1230,68,1070
487,63,1230
488,487,63,67,68,568
488,487,63,342,68,568
488,487,63,599,68,568
488,487,63,806,68,568
488,487,63,1230,68,568
488,487,63,599
488,487,63,806,68,599
488,487,63,1230,68,599
488,487,63,67,68,632
488,487,63,342,68,632
488,487,63,599,68,632
488,487,63,806,68,632
488,487,63,1230,68,632
488,487,63,67,68,683
488,487,63,342,68,683
488,487,63,599,68,683
488,487,63,806,68,683
488,487,63,1230,68,683
488,487,63,806
488,487,63,1230,68,806
488,487,63,67,68,980
488,487,63,342,68,980
488,487,63,599,68,980
488,487,63,806,68,980
488,487,63,1230,68,980
488,487,63,67,68,1070
488,487,63,342,68,1070
488,487,63,599,68,1070
488,487,63,806,68,1070
488,487,63,1230,68,1070
488,487,63,1230
489,484
500,140,598
500,140,871
500,140,1151
500,140,1185
500,140,1201
500,140,1222
500,140,1224
512,513
512,513,1011,1010
512,513,1011
512,513,1011,896
513,1011,1010
513,1011
513,1011,896
517,85
517,85,660
517,85,972
85,660
85,972
532,533
546,224,223,225,611
546,224,612,611
546,224,319,611
546,224,612
554,110
555,556
555,556,602
555,556,966
555,556,1204,36,966
555,556,966,36,1059
555,556,1204,36,1059
555,556,966,36,1122
555,556,1204,36,1122
555,556,1204
556,602
556,966
556,966,36,1059
556,1204,36,1059
556,966,36,1122
556,1204,36,1122
556,1204
568,68,599
568,68,806,63,599
568,68,1230,63,599
568,68,632
568,68,683
568,68,806
568,68,1230,63,806
568,68,980
568,68,1070
568,68,1230
584,330,678
584,330,678,232
584,330,678,679
584,330,678,680,1052,679
584,330,678,680
584,330,703
584,330,678,679,1052,262,729
584,330,678,679,1052,262,791,730,729
584,330,678,679,1052,688,730,729
584,330,678,679,1052,688,730,791,262,729
584,330,678,680,1052,262,729
584,330,678,680,1052,262,791,730,729
584,330,678,680,1052,688,730,729
584,330,678,680,1052,688,730,791,262,729
584,330,678,679,1052,262,729,730
584,330,678,679,1052,262,791,730
584,330,678,679,1052,688,730
584,330,678,680,1052,262,729,730
584,330,678,680,1052,262,791,730
584,330,678,680,1052,688,730
584,330,678,679,1052,262,729,144
584,330,678,679,1052,262,791,730,729,144
584,330,678,679,1052,688,730,729,144
584,330,678,679,1052,688,730,791,262,729,144
584,330,678,680,1052,262,729,144
584,330,678,680,1052,262,791,730,729,144
584,330,678,680,1052,688,730,729,144
584,330,678,680,1052,688,730,791,262,729,144
584,330,678,679,1052,262,791
584,330,678,679,1052,688,730,791
584,330,678,680,1052,262,791
584,330,678,680,1052,688,730,791
584,330,678,679,1052
584,330,678,680,1052
584,330,678,679,1052,688
584,330,678,680,1052,688
584,330,1153
598,140,871
598,140,1151
598,140,1185
598,140,1201
598,140,1222
598,140,1224
599,63,806,68,632
599,63,1230,68,632
599,68,632
599,63,806,68,683
599,63,1230,68,683
599,68,683
599,63,806
599,63,1230,68,806
599,68,806
599,63,806,68,980
599,63,1230,68,980
599,68,980
599,63,806,68,1070
599,63,1230,68,1070
599,68,1070
599,63,1230
599,68,1230
602,556,966
602,556,1204,36,966
602,556,966,36,1059
602,556,1204,36,1059
602,556,966,36,1122
602,556,1204,36,1122
602,556,1204
604,605
604,605,709
604,605,940
604,605,979
604,605,979,1136
604,605,979,1137,1136
604,605,979,1137
604,605,979,1136,1137,713
604,605,979,1137,713
605,709
605,940
605,979
605,979,1136
605,979,1137,1136
605,979,1137
605,979,1136,1137,713
605,979,1137,713
611,612
624,625
626,560
631,7,1083
632,68,683
632,68,806
632,68,1230,63,806
632,68,980
632,68,1070
632,68,1230
660,85,972
673,674
678,232
678,679
678,680,1052,679
678,680
678,330,703
678,679,1052,262,729
678,679,1052,262,791,730,729
678,679,1052,688,730,729
678,679,1052,688,730,791,262,729
678,680,1052,262,729
678,680,1052,262,791,730,729
678,680,1052,688,730,729
678,680,1052,688,730,791,262,729
678,679,1052,262,729,730
678,679,1052,262,791,730
678,679,1052,688,730
678,680,1052,262,729,730
678,680,1052,262,791,730
678,680,1052,688,730
678,679,1052,262,729,144
678,679,1052,262,791,730,729,144
678,679,1052,688,730,729,144
678,679,1052,688,730,791,262,729,144
678,680,1052,262,729,144
678,680,1052,262,791,730,729,144
678,680,1052,688,730,729,144
678,680,1052,688,730,791,262,729,144
678,679,1052,262,791
678,679,1052,688,730,791
678,680,1052,262,791
678,680,1052,688,730,791
678,679,1052
678,680,1052
678,679,1052,688
678,680,1052,688
678,330,1153
232,678,679
232,678,680,1052,679
232,678,680
232,678,330,703
232,678,679,1052,262,729
232,678,679,1052,262,791,730,729
232,678,679,1052,688,730,729
232,678,679,1052,688,730,791,262,729
232,678,680,1052,262,729
232,678,680,1052,262,791,730,729
232,678,680,1052,688,730,729
232,678,680,1052,688,730,791,262,729
232,678,679,1052,262,729,730
232,678,679,1052,262,791,730
232,678,679,1052,688,730
232,678,680,1052,262,729,730
232,678,680,1052,262,791,730
232,678,680,1052,688,730
232,678,679,1052,262,729,144
232,678,679,1052,262,791,730,729,144
232,678,679,1052,688,730,729,144
232,678,679,1052,688,730,791,262,729,144
232,678,680,1052,262,729,144
232,678,680,1052,262,791,730,729,144
232,678,680,1052,688,730,729,144
232,678,680,1052,688,730,791,262,729,144
232,678,679,1052,262,791
232,678,679,1052,688,730,791
232,678,680,1052,262,791
232,678,680,1052,688,730,791
232,678,679,1052
232,678,680,1052
232,678,679,1052,688
232,678,680,1052,688
232,678,330,1153
679,678,680
679,1052,680
679,678,330,703
679,1052,680,678,330,703
679,678,680,1052,262,729
679,678,680,1052,262,791,730,729
679,678,680,1052,688,730,729
679,678,680,1052,688,730,791,262,729
679,1052,262,729
679,1052,262,791,730,729
679,1052,688,730,729
679,1052,688,730,791,262,729
679,678,680,1052,262,729,730
679,678,680,1052,262,791,730
679,678,680,1052,688,730
679,1052,262,729,730
679,1052,262,791,730
679,1052,688,730
679,678,680,1052,262,729,144
679,678,680,1052,262,791,730,729,144
679,678,680,1052,688,730,729,144
679,678,680,1052,688,730,791,262,729,144
679,1052,262,729,144
679,1052,262,791,730,729,144
679,1052,688,730,729,144
679,1052,688,730,791,262,729,144
679,678,680,1052,262,791
679,678,680,1052,688,730,791
679,1052,262,791
679,1052,688,730,791
679,1052
679,678,680,1052,688
679,1052,688
679,678,330,1153
679,1052,680,678,330,1153
680,678,330,703
680,1052,262,729
680,1052,262,791,730,729
680,1052,688,730,729
680,1052,688,730,791,262,729
680,1052,262,729,730
680,1052,262,791,730
680,1052,688,730
680,1052,262,729,144
680,1052,262,791,730,729,144
680,1052,688,730,729,144
680,1052,688,730,791,262,729,144
680,1052,262,791
680,1052,688,730,791
680,1052
680,1052,688
680,678,330,1153
683,68,806
683,68,1230,63,806
683,68,980
683,68,1070
683,68,1230
695,100
703,330,678,679,1052,262,729
703,330,678,679,1052,262,791,730,729
703,330,678,679,1052,688,730,729
703,330,678,679,1052,688,730,791,262,729
703,330,678,680,1052,262,729
703,330,678,680,1052,262,791,730,729
703,330,678,680,1052,688,730,729
703,330,678,680,1052,688,730,791,262,729
703,330,678,679,1052,262,729,730
703,330,678,679,1052,262,791,730
703,330,678,679,1052,688,730
703,330,678,680,1052,262,729,730
703,330,678,680,1052,262,791,730
703,330,678,680,1052,688,730
703,330,678,679,1052,262,729,144
703,330,678,679,1052,262,791,730,729,144
703,330,678,679,1052,688,730,729,144
703,330,678,679,1052,688,730,791,262,729,144
703,330,678,680,1052,262,729,144
703,330,678,680,1052,262,791,730,729,144
703,330,678,680,1052,688,730,729,144
703,330,678,680,1052,688,730,791,262,729,144
703,330,678,679,1052,262,791
703,330,678,679,1052,688,730,791
703,330,678,680,1052,262,791
703,330,678,680,1052,688,730,791
703,330,678,679,1052
703,330,678,680,1052
703,330,678,679,1052,688
703,330,678,680,1052,688
703,330,1153
705,386
705,386,1248,892,1149
705,386,1248,892
705,386,1248
705,386,1248,988
386,1248,892,1149
386,1248,892
386,1248
386,1248,988
706,48,49,390,50,885
706,48,49,933,50,885
706,48,49,933,50,955,51,885
706,48,49,955,51,885
706,48,49,955,50,885
706,48,50,885
706,48,50,955,51,885
706,48,51,885
706,48,49,933
706,48,49,955,50,933
706,48,50,933
706,48,51,885,50,933
706,48,51,955,49,933
706,48,51,955,50,933
706,48,49,955
706,48,50,955
706,48,51,955
709,605,940
709,605,979
709,605,979,1136
709,605,979,1137,1136
709,605,979,1137
709,605,979,1136,1137,713
709,605,979,1137,713
710,125,742
710,192,742
710,125,760
710,192,742,125,760
715,385,861
715,385,864
715,385,864,273,968
715,385,273,968
715,385,420,1216
715,385,420
729,730
729,144
729,262,791
729,262,1052,688,730,791
729,730,791
729,262,1052
729,730,791,262,1052
729,730,688,1052
729,262,791,730,688
729,262,1052,688
729,730,688
729,262,791,730,688,1052,679,678,330,1153
729,262,791,730,688,1052,680,678,330,1153
729,262,1052,679,678,330,1153
729,262,1052,680,678,330,1153
729,730,791,262,1052,679,678,330,1153
729,730,791,262,1052,680,678,330,1153
729,730,688,1052,679,678,330,1153
729,730,688,1052,680,678,330,1153
730,729,144
730,791
730,729,262,1052
730,791,262,1052
730,688,1052
730,688
730,729,262,1052,679,678,330,1153
730,729,262,1052,680,678,330,1153
730,791,262,1052,679,678,330,1153
730,791,262,1052,680,678,330,1153
730,688,1052,679,678,330,1153
730,688,1052,680,678,330,1153
144,729,262,791
144,729,262,1052,688,730,791
144,729,730,791
144,729,262,1052
144,729,730,791,262,1052
144,729,730,688,1052
144,729,262,791,730,688
144,729,262,1052,688
144,729,730,688
144,729,262,791,730,688,1052,679,678,330,1153
144,729,262,791,730,688,1052,680,678,330,1153
144,729,262,1052,679,678,330,1153
144,729,262,1052,680,678,330,1153
144,729,730,791,262,1052,679,678,330,1153
144,729,730,791,262,1052,680,678,330,1153
144,729,730,688,1052,679,678,330,1153
144,729,730,688,1052,680,678,330,1153
740,741
742,125,760
751,162,839
770,771
770,780
770,780,781
770,780,96,95,352,781,918
770,780,96,95,353,352,781,918
770,780,96,95,353,206,352,781,918
770,780,96,95,353,205,206,352,781,918
770,780,96,353,352,781,918
770,780,96,353,206,352,781,918
770,780,96,353,205,206,352,781,918
770,780,438,96,95,352,781,918
770,780,438,96,95,353,352,781,918
770,780,438,96,95,353,206,352,781,918
770,780,438,96,95,353,205,206,352,781,918
770,780,438,96,353,352,781,918
770,780,438,96,353,206,352,781,918
770,780,438,96,353,205,206,352,781,918
770,780,781,918
771,770,780
771,770,780,781
771,770,780,96,95,352,781,918
771,770,780,96,95,353,352,781,918
771,770,780,96,95,353,206,352,781,918
771,770,780,96,95,353,205,206,352,781,918
771,770,780,96,353,352,781,918
771,770,780,96,353,206,352,781,918
771,770,780,96,353,205,206,352,781,918
771,770,780,438,96,95,352,781,918
771,770,780,438,96,95,353,352,781,918
771,770,780,438,96,95,353,206,352,781,918
771,770,780,438,96,95,353,205,206,352,781,918
771,770,780,438,96,353,352,781,918
771,770,780,438,96,353,206,352,781,918
771,770,780,438,96,353,205,206,352,781,918
771,770,780,781,918
780,781
780,781,918
781,918
782,183,637
782,183,345
782,183,180,181,1057
782,183,180,182,181,1057
782,183,182,181,1057
637,183,345
637,183,180,181,1057
637,183,180,182,181,1057
637,183,182,181,1057
345,183,180,181,1057
345,183,180,182,181,1057
345,183,182,181,1057
791,730,688,1052
791,262,1052
791,730,688
791,262,1052,688
791,730,688,1052,679,678,330,1153
791,730,688,1052,680,678,330,1153
791,262,1052,679,678,330,1153
791,262,1052,680,678,330,1153
796,117,926
796,117,1218
796,117,1282
806,68,980
806,63,1230,68,980
806,68,1070
806,63,1230,68,1070
806,68,1230
806,63,1230
838,164
841,842
854,379
854,147,943,379
854,855,943,379
854,147
854,855,943,147
854,855
854,379,943
854,147,943
854,855,943
379,854,147
379,854,855,943,147
379,943,147
379,854,855
379,943,855
379,943
147,854,855
147,943,855
147,943
855,943
857,858
861,385,864
861,385,864,273,968
861,385,273,968
861,385,420,1216
861,385,420
864,273,968
864,385,420,1216
864,385,420
871,140,1151
871,140,1185
871,140,1201
871,140,1222
871,140,1224
876,662
885,50,933
885,50,955,49,933
885,51,48,49,933
885,51,955,49,933
885,51,955,50,933
885,50,955
885,51,955
904,226
909,910
909,1067
910,909,1067
926,117,1218
926,117,1282
933,50,955
933,49,955
939,433
940,605,979
940,605,979,1136
940,605,979,1137,1136
940,605,979,1137
940,605,979,1136,1137,713
940,605,979,1137,713
956,393,1014
956,200,1014
966,556,1204,36,1059
966,36,1059
966,556,1204,36,1122
966,36,1122
966,556,1204
966,36,1204
968,273,864,385,420,1216
968,273,385,420,1216
968,273,864,385,420
968,273,385,420
970,80,1032
979,1136
979,1137,1136
979,1137
979,1136,1137,713
979,1137,713
980,68,1070
980,68,1230
982,983
982,59
982,271
983,982,59
983,982,271
59,982,271
997,998
1010,1011
1010,1011,896
1011,896
1025,459,1180
1030,267,1215
1030,268,1215
1036,902
1036,270,1203,902
1036,270
1036,902,1203
1036,270,1203
902,1036,270
902,1203,270
902,1203
270,1203
1048,690
1048,580
1048,809
690,1048,580
690,1048,809
580,1048,809
1052,688
1052,679,678,330,1153
1052,680,678,330,1153
688,1052,679,678,330,1153
688,1052,680,678,330,1153
1059,36,1122
1059,36,1204
1070,68,1230
1119,503
1122,36,1204
1136,1137
1136,1137,713
1137,713
1146,1147
1149,892
1149,892,1248
1149,892,1248,988
892,1248
892,1248,988
1151,140,1185
1151,140,1201
1151,140,1222
1151,140,1224
1185,140,1201
1185,140,1222
1185,140,1224
1187,448,1238
1194,298
1201,140,1222
1201,140,1224
1216,420
1218,117,1282
1222,140,1224
1248,988
1258,318
