3,4
3,4,177
4,177
13,14
15,16
37,38
37,38,83
37,38,85
37,38,485
37,38,663
37,38,777
37,38,1064
37,38,1111
37,38,1224
37,38,1238
38,83
38,85
38,485
38,663
38,777
38,1064
38,1111
38,1224
38,1238
54,55
54,56
54,993
55,54,56
55,54,993
56,54,993
60,61
60,61,1256
61,1256
64,65
83,38,85
83,38,485
83,38,663
83,38,777
83,38,1064
83,38,1111
83,38,1224
83,38,1238
85,38,485
85,38,663
85,38,777
85,38,1064
85,38,1111
85,38,1224
85,38,1238
109,110
113,114
113,114,883
114,883
125,126
125,126,315
126,315
127,128
127,552,128
127,552
127,640
127,640,641
127,1180
127,1180,404
127,1180,1181
128,552
128,127,640
128,552,127,640
128,127,640,641
128,552,127,640,641
128,127,1180
128,552,127,1180
128,127,1180,404
128,552,127,1180,404
128,127,1180,1181
128,552,127,1180,1181
130,131
132,133
132,134
132,134,266
132,133,297
132,134,440
132,134,440,354
132,134,440,354,487
132,134,1143
132,134,440,354,1182
133,132,134
133,132,134,266
133,297
133,132,134,440
133,132,134,440,354
133,132,134,440,354,487
133,132,134,1143
133,132,134,440,354,1182
134,266
134,132,133,297
134,440
134,440,354
134,440,354,487
134,1143
134,440,354,1182
138,139
138,140
138,141
138,142
138,143
138,144
138,141,221
138,143,32
138,139,551
138,140,418
138,142,700
138,144,388
139,138,140
139,138,141
139,138,142
139,138,143
139,138,144
139,138,141,221
139,138,143,32
139,551
139,138,140,418
139,138,142,700
139,138,144,388
140,138,141
140,138,142
140,138,143
140,138,144
140,138,141,221
140,138,143,32
140,138,139,551
140,418
140,138,142,700
140,138,144,388
141,138,142
141,138,143
141,138,144
141,221
141,138,143,32
141,138,139,551
141,138,140,418
141,138,142,700
141,138,144,388
142,138,143
142,138,144
142,138,141,221
142,138,143,32
142,138,139,551
142,138,140,418
142,700
142,138,144,388
143,138,144
143,138,141,221
143,32
143,138,139,551
143,138,140,418
143,138,142,700
143,138,144,388
144,138,141,221
144,138,143,32
144,138,139,551
144,138,140,418
144,138,142,700
144,388
172,173
181,182
181,495,209,207
181,495,894,209,207
181,495,209,207,208
181,495,894,209,207,208
181,495,209
181,495,894,209
181,495,209,207,210
181,495,894,209,207,210
181,495,209,894,225
181,495,894,225
181,495,209,894,225,226
181,495,894,225,226
181,495
181,495,894
182,181,495,209,207
182,181,495,894,209,207
182,181,495,209,207,208
182,181,495,894,209,207,208
182,181,495,209
182,181,495,894,209
182,181,495,209,207,210
182,181,495,894,209,207,210
182,181,495,209,894,225
182,181,495,894,225
182,181,495,209,894,225,226
182,181,495,894,225,226
182,181,495
182,181,495,894
185,186
200,201
200,202
200,202,273
200,202,469
200,202,469,470
201,200,202
201,200,202,273
201,200,202,469
201,200,202,469,470
202,273
202,469
202,469,470
207,208
207,209
207,210
207,209,495,894,225
207,209,894,225
207,209,495,894,225,226
207,209,894,225,226
207,209,495
207,209,894,495
207,209,894
208,207,209
208,207,210
208,207,209,495,894,225
208,207,209,894,225
208,207,209,495,894,225,226
208,207,209,894,225,226
208,207,209,495
208,207,209,894,495
208,207,209,894
209,207,210
209,495,894,225
209,894,225
209,495,894,225,226
209,894,225,226
209,495
209,894,495
209,894
210,207,209,495,894,225
210,207,209,894,225
210,207,209,495,894,225,226
210,207,209,894,225,226
210,207,209,495
210,207,209,894,495
210,207,209,894
213,122
213,970
213,970,971
122,213,970
122,213,970,971
219,220
219,220,513
220,513
221,141,138,143,32
221,141,138,139,551
221,141,138,140,418
221,141,138,142,700
221,141,138,144,388
225,226
225,894,495
225,894
226,225,894,495
226,225,894
235,145
239,240
239,241
240,239,241
248,249
248,249,339
248,249,681
249,339
249,681
252,253
252,175,821,253
252,175,821,254,1093,253
252,175,877,253
252,175,1062,253
252,175,1093,253
252,254,821,253
252,254,821,175,877,253
252,254,821,175,1062,253
252,254,1093,253
252,254,1093,175,877,253
252,254,1093,175,1062,253
252,175
252,254,821,175
252,254,1093,175
252,254
252,253,821
252,253,877,175,821
252,253,877,175,1093,254,821
252,253,1062,175,821
252,253,1062,175,1093,254,821
252,253,1093,175,821
252,253,1093,254,821
252,175,821
252,175,1093,254,821
252,254,821
252,253,877
252,253,1062,175,877
252,253,1093,175,877
252,175,877
252,254,821,253,877
252,254,821,253,1062,175,877
252,254,821,175,877
252,254,1093,253,877
252,254,1093,253,1062,175,877
252,254,1093,175,877
252,253,1062
252,253,1093,175,1062
252,175,1062
252,254,821,253,1062
252,254,821,175,1062
252,254,1093,253,1062
252,254,1093,175,1062
252,253,1093
252,175,1093
252,254,1093
253,252,175
253,252,254,821,175
253,252,254,1093,175
253,821,175
253,821,254,1093,175
253,877,175
253,1062,175
253,1093,175
253,252,254
253,821,254
253,877,175,252,254
253,877,175,821,254
253,877,175,1093,254
253,1062,175,252,254
253,1062,175,821,254
253,1062,175,1093,254
253,1093,254
253,821
253,877,175,821
253,877,175,1093,254,821
253,1062,175,821
253,1062,175,1093,254,821
253,1093,175,821
253,1093,254,821
253,877
253,1062,175,877
253,1093,175,877
253,1062
253,1093,175,1062
253,1093
175,252,254
175,821,254
175,1093,254
175,821
175,1093,254,821
175,877
175,1062
175,1093
254,821
254,252,253,877
254,252,253,1062,175,877
254,252,175,877
254,821,253,877
254,821,253,1062,175,877
254,821,175,877
254,1093,253,877
254,1093,253,1062,175,877
254,1093,175,877
254,252,253,1062
254,252,175,1062
254,821,253,1062
254,821,175,1062
254,1093,253,1062
254,1093,175,1062
254,1093
266,134,132,133,297
266,134,440
266,134,440,354
266,134,440,354,487
266,134,1143
266,134,440,354,1182
32,143,138,139,551
32,143,138,140,418
32,143,138,142,700
32,143,138,144,388
273,202,469
273,202,469,470
282,283
282,284
283,282,284
285,286
288,47
288,47,1219
47,1219
294,129
297,133,132,134,440
297,133,132,134,440,354
297,133,132,134,440,354,487
297,133,132,134,1143
297,133,132,134,440,354,1182
318,319
318,319,981,829
318,319,981,829,830
318,319,463
318,319,981
319,981,829
319,981,829,830
319,463
319,981
334,335
334,335,908
335,908
336,337
339,249,681
346,347
346,26
346,347,514
346,347,514,515
346,347,566
346,347,566,366
346,347,837
346,347,837,804
346,347,1057
346,347,1057,932
346,347,1120
346,347,1120,236
347,346,26
347,514
347,514,515
347,566
347,566,366
347,837
347,837,804
347,1057
347,1057,932
347,1120
347,1120,236
26,346,347,514
26,346,347,514,515
26,346,347,566
26,346,347,566,366
26,346,347,837
26,346,347,837,804
26,346,347,1057
26,346,347,1057,932
26,346,347,1120
26,346,347,1120,236
352,353
352,353,1029
352,353,1029,1005
353,1029
353,1029,1005
368,369
386,330
398,39
398,39,1265
39,1265
424,425
424,380
425,424,380
440,354
440,354,487
440,134,1143
440,354,1182
354,487
354,440,134,1143
354,1182
443,444
443,445,1075,174,444
443,445,1075,644,444
443,445,1156,174,1075,644,444
443,445,1156,174,444
443,445
443,446
443,447
443,448
443,449
443,444,174,1075,445,803
443,444,174,1156,445,803
443,444,644,1075,174,1156,445,803
443,444,644,1075,445,803
443,445,803
443,444,174,1075
443,444,174,1156,445,1075
443,444,644,1075
443,445,1075
443,445,1156,174,1075
443,444,174
443,444,644,1075,174
443,445,1075,174
443,445,1075,644,444,174
443,445,1156,174
443,444,644
443,445,1075,644
443,445,1156,174,1075,644
443,445,1156,174,444,644
443,444,174,1156
443,444,644,1075,174,1156
443,444,644,1075,445,1156
443,445,1156
443,444,174,1075,445,1249
443,444,174,1156,445,1249
443,444,644,1075,174,1156,445,1249
443,444,644,1075,445,1249
443,445,1249
444,443,445
444,174,1075,445
444,174,1156,445
444,644,1075,174,1156,445
444,644,1075,445
444,443,446
444,174,1075,445,443,446
444,174,1156,445,443,446
444,644,1075,174,1156,445,443,446
444,644,1075,445,443,446
444,443,447
444,174,1075,445,443,447
444,174,1156,445,443,447
444,644,1075,174,1156,445,443,447
444,644,1075,445,443,447
444,443,448
444,174,1075,445,443,448
444,174,1156,445,443,448
444,644,1075,174,1156,445,443,448
444,644,1075,445,443,448
444,443,449
444,174,1075,445,443,449
444,174,1156,445,443,449
444,644,1075,174,1156,445,443,449
444,644,1075,445,443,449
444,443,445,803
444,174,1075,445,803
444,174,1156,445,803
444,644,1075,174,1156,445,803
444,644,1075,445,803
444,443,445,1075
444,174,1075
444,174,1156,445,1075
444,644,1075
444,174
444,644,1075,174
444,644
444,443,445,1156
444,174,1156
444,644,1075,174,1156
444,644,1075,445,1156
444,443,445,1249
444,174,1075,445,1249
444,174,1156,445,1249
444,644,1075,174,1156,445,1249
444,644,1075,445,1249
445,443,446
445,443,447
445,443,448
445,443,449
445,803
445,1075
445,1156,174,1075
445,443,444,174
445,1075,174
445,1075,644,444,174
445,1156,174
445,443,444,644
445,1075,644
445,1156,174,1075,644
445,1156,174,444,644
445,1156
445,1249
446,443,447
446,443,448
446,443,449
446,443,444,174,1075,445,803
446,443,444,174,1156,445,803
446,443,444,644,1075,174,1156,445,803
446,443,444,644,1075,445,803
446,443,445,803
446,443,444,174,1075
446,443,444,174,1156,445,1075
446,443,444,644,1075
446,443,445,1075
446,443,445,1156,174,1075
446,443,444,174
446,443,444,644,1075,174
446,443,445,1075,174
446,443,445,1075,644,444,174
446,443,445,1156,174
446,443,444,644
446,443,445,1075,644
446,443,445,1156,174,1075,644
446,443,445,1156,174,444,644
446,443,444,174,1156
446,443,444,644,1075,174,1156
446,443,444,644,1075,445,1156
446,443,445,1156
446,443,444,174,1075,445,1249
446,443,444,174,1156,445,1249
446,443,444,644,1075,174,1156,445,1249
446,443,444,644,1075,445,1249
446,443,445,1249
447,443,448
447,443,449
447,443,444,174,1075,445,803
447,443,444,174,1156,445,803
447,443,444,644,1075,174,1156,445,803
447,443,444,644,1075,445,803
447,443,445,803
447,443,444,174,1075
447,443,444,174,1156,445,1075
447,443,444,644,1075
447,443,445,1075
447,443,445,1156,174,1075
447,443,444,174
447,443,444,644,1075,174
447,443,445,1075,174
447,443,445,1075,644,444,174
447,443,445,1156,174
447,443,444,644
447,443,445,1075,644
447,443,445,1156,174,1075,644
447,443,445,1156,174,444,644
447,443,444,174,1156
447,443,444,644,1075,174,1156
447,443,444,644,1075,445,1156
447,443,445,1156
447,443,444,174,1075,445,1249
447,443,444,174,1156,445,1249
447,443,444,644,1075,174,1156,445,1249
447,443,444,644,1075,445,1249
447,443,445,1249
448,443,449
448,443,444,174,1075,445,803
448,443,444,174,1156,445,803
448,443,444,644,1075,174,1156,445,803
448,443,444,644,1075,445,803
448,443,445,803
448,443,444,174,1075
448,443,444,174,1156,445,1075
448,443,444,644,1075
448,443,445,1075
448,443,445,1156,174,1075
448,443,444,174
448,443,444,644,1075,174
448,443,445,1075,174
448,443,445,1075,644,444,174
448,443,445,1156,174
448,443,444,644
448,443,445,1075,644
448,443,445,1156,174,1075,644
448,443,445,1156,174,444,644
448,443,444,174,1156
448,443,444,644,1075,174,1156
448,443,444,644,1075,445,1156
448,443,445,1156
448,443,444,174,1075,445,1249
448,443,444,174,1156,445,1249
448,443,444,644,1075,174,1156,445,1249
448,443,444,644,1075,445,1249
448,443,445,1249
449,443,444,174,1075,445,803
449,443,444,174,1156,445,803
449,443,444,644,1075,174,1156,445,803
449,443,444,644,1075,445,803
449,443,445,803
449,443,444,174,1075
449,443,444,174,1156,445,1075
449,443,444,644,1075
449,443,445,1075
449,443,445,1156,174,1075
449,443,444,174
449,443,444,644,1075,174
449,443,445,1075,174
449,443,445,1075,644,444,174
449,443,445,1156,174
449,443,444,644
449,443,445,1075,644
449,443,445,1156,174,1075,644
449,443,445,1156,174,444,644
449,443,444,174,1156
449,443,444,644,1075,174,1156
449,443,444,644,1075,445,1156
449,443,445,1156
449,443,444,174,1075,445,1249
449,443,444,174,1156,445,1249
449,443,444,644,1075,174,1156,445,1249
449,443,444,644,1075,445,1249
449,443,445,1249
469,470
477,478
485,38,663
485,38,777
485,38,1064
485,38,1111
485,38,1224
485,38,1238
487,354,440,134,1143
487,354,1182
493,494
495,894
498,499
500,868
514,515
514,347,566
514,347,566,366
514,347,837
514,347,837,804
514,347,1057
514,347,1057,932
514,347,1120
514,347,1120,236
515,514,347,566
515,514,347,566,366
515,514,347,837
515,514,347,837,804
515,514,347,1057
515,514,347,1057,932
515,514,347,1120
515,514,347,1120,236
521,212
522,523
522,523,534
522,523,534,601
523,534
523,534,601
524,525
524,525,585
525,585
526,504
530,57
534,601
535,536
535,536,538
535,536,553
535,536,826
536,538
536,553
536,826
538,536,553
538,536,826
552,127,640
552,127,640,641
552,127,1180
552,127,1180,404
552,127,1180,1181
553,536,826
566,366
566,347,837
566,347,837,804
566,347,1057
566,347,1057,932
566,347,1120
566,347,1120,236
366,566,347,837
366,566,347,837,804
366,566,347,1057
366,566,347,1057,932
366,566,347,1120
366,566,347,1120,236
567,464
568,10
568,569,606,10
568,570,606,10
568,571,606,10
568,571,607,605,606,10
568,605,606,10
568,569
568,570,606,569
568,571,606,569
568,571,607,605,606,569
568,605,606,569
568,570
568,571,606,570
568,571,607,605,606,570
568,605,606,570
568,571
568,605,606,571
568,605,607,571
568,605
568,10,606
568,569,606
568,570,606
568,571,606
568,571,607,605,606
568,605,606
568,10,606,605,607
568,10,606,571,607
568,569,606,605,607
568,569,606,571,607
568,570,606,605,607
568,570,606,571,607
568,571,607
568,605,607
568,10,606,605,607,571,843
568,10,606,571,843
568,569,606,605,607,571,843
568,569,606,571,843
568,570,606,605,607,571,843
568,570,606,571,843
568,571,843
568,605,606,571,843
568,605,607,571,843
10,568,569
10,568,570,606,569
10,568,571,606,569
10,568,571,607,605,606,569
10,568,605,606,569
10,606,569
10,568,570
10,568,571,606,570
10,568,571,607,605,606,570
10,568,605,606,570
10,606,570
10,568,571
10,568,605,606,571
10,568,605,607,571
10,606,605,607,571
10,606,571
10,568,605
10,606,605
10,606
10,568,569,606,605,607
10,568,569,606,571,607
10,568,570,606,605,607
10,568,570,606,571,607
10,568,571,607
10,568,605,607
10,606,605,607
10,606,571,607
10,568,569,606,605,607,571,843
10,568,569,606,571,843
10,568,570,606,605,607,571,843
10,568,570,606,571,843
10,568,571,843
10,568,605,606,571,843
10,568,605,607,571,843
10,606,605,607,571,843
10,606,571,843
569,568,570
569,568,571,606,570
569,568,571,607,605,606,570
569,568,605,606,570
569,606,570
569,568,571
569,568,605,606,571
569,568,605,607,571
569,606,605,607,571
569,606,571
569,568,605
569,606,605
569,606
569,568,570,606,605,607
569,568,570,606,571,607
569,568,571,607
569,568,605,607
569,606,605,607
569,606,571,607
569,568,570,606,605,607,571,843
569,568,570,606,571,843
569,568,571,843
569,568,605,606,571,843
569,568,605,607,571,843
569,606,605,607,571,843
569,606,571,843
570,568,571
570,568,605,606,571
570,568,605,607,571
570,606,605,607,571
570,606,571
570,568,605
570,606,605
570,606
570,568,571,607
570,568,605,607
570,606,605,607
570,606,571,607
570,568,571,843
570,568,605,606,571,843
570,568,605,607,571,843
570,606,605,607,571,843
570,606,571,843
571,568,605
571,606,605
571,607,605
571,606
571,607,605,606
571,607
571,843
586,67
586,1114
586,1114,834
586,1114,636
67,586,1114
67,586,1114,834
67,586,1114,636
589,590
589,590,1163
590,1163
593,594
605,606
605,607
605,606,571,843
605,568,571,843
605,607,571,843
606,605,607
606,571,607
606,605,607,571,843
606,571,843
607,571,843
627,628
640,641
640,127,1180
640,127,1180,404
640,127,1180,1181
641,640,127,1180
641,640,127,1180,404
641,640,127,1180,1181
650,360
652,653
652,653,897
652,653,1061
652,653,1179
653,897
653,1061
653,1179
663,38,777
663,38,1064
663,38,1111
663,38,1224
663,38,1238
674,675
674,676
675,674,676
685,686
690,691
690,691,1079
690,691,324
691,1079
691,324
706,707
706,708
706,707,768
707,706,708
707,768
708,706,707,768
551,139,138,140,418
551,139,138,142,700
551,139,138,144,388
741,738
763,381
777,38,1064
777,38,1111
777,38,1224
777,38,1238
779,98
418,140,138,142,700
418,140,138,144,388
782,783
782,783,1149
783,1149
784,785
797,798
803,445,1075
803,445,1156,174,1075
803,445,443,444,174
803,445,443,444,644,1075,174
803,445,1075,174
803,445,1075,644,444,174
803,445,1156,174
803,445,443,444,644
803,445,1075,644
803,445,1156,174,1075,644
803,445,1156,174,444,644
803,445,1156
803,445,1249
821,253,877
821,253,1062,175,877
821,253,1093,175,877
821,175,877
821,254,1093,253,877
821,254,1093,253,1062,175,877
821,254,1093,175,877
821,253,1062
821,253,1093,175,1062
821,175,1062
821,254,1093,253,1062
821,254,1093,175,1062
821,253,1093
821,175,1093
821,254,1093
828,51
828,51,1109
51,1109
829,830
829,981,319,463
829,981
830,829,981,319,463
830,829,981
837,804
837,347,1057
837,347,1057,932
837,347,1120
837,347,1120,236
804,837,347,1057
804,837,347,1057,932
804,837,347,1120
804,837,347,1120,236
846,383
850,851
852,543
855,856
855,857
855,17
855,325
855,574
855,696
855,858
855,725
855,859
856,855,857
856,855,17
856,855,325
856,855,574
856,855,696
856,855,858
856,855,725
856,855,859
857,855,17
857,855,325
857,855,574
857,855,696
857,855,858
857,855,725
857,855,859
17,855,325
17,855,574
17,855,696
17,855,858
17,855,725
17,855,859
325,855,574
325,855,696
325,855,858
325,855,725
325,855,859
574,855,696
574,855,858
574,855,725
574,855,859
696,855,858
696,855,725
696,855,859
858,855,725
858,855,859
725,855,859
865,866
877,253,1062
877,253,1093,175,1062
877,175,1062
877,253,1093
877,175,1093
897,653,1061
897,653,1179
900,901
902,162
941,561
941,561,1024
561,1024
960,547
965,966
968,969
970,971
972,746
972,564
746,972,564
463,319,981
1007,1
1007,1,1154
1,1154
1029,1005
1030,739
1047,82
1047,1234
82,1047,1234
1049,978
1051,1090
1057,932
1057,347,1120
1057,347,1120,236
932,1057,347,1120
932,1057,347,1120,236
1061,653,1179
1062,253,1093
1062,175,1093
1064,38,1111
1064,38,1224
1064,38,1238
1069,946
1073,95
1075,174
1075,644
1075,174,1156
1075,445,1156
1075,174,1156,445,1249
1075,445,1249
174,1075,644
174,444,644
174,1156
174,1075,644,444,443,445,1249
174,1075,445,1249
174,1156,445,1249
174,444,443,445,1249
174,444,644,1075,445,1249
644,1075,174,1156
644,1075,445,1156
644,444,443,445,1156
644,444,174,1156
644,1075,174,1156,445,1249
644,1075,445,1249
644,444,443,445,1249
644,444,174,1156,445,1249
1077,672
1079,691,324
1081,1059
700,142,138,144,388
1096,616
1099,484
1111,38,1224
1111,38,1238
1114,834
1114,636
834,1114,636
1119,442
1119,795
1119,1239
442,1119,795
442,1119,1239
795,1119,1239
1120,236
1129,1130
1143,134,440,354,1182
1150,441
1156,445,1249
1157,45
1170,1171
1180,404
1180,1181
404,1180,1181
1217,276
1223,998
1224,38,1238
1257,135
1262,502
1263,473
1268,350
1271,730
1290,1088
