14,15
14,175,5,19,20,15
14,175,5,145,373,19,20,15
14,175,5,373,19,20,15
14,15,20,19
14,175,5,19
14,175,5,145,373,19
14,175,5,373,19
14,15,20,19,5
14,15,20,19,373,5
14,15,20,19,373,145,5
14,175,5
14,15,20
14,175,5,19,20
14,175,5,145,373,19,20
14,175,5,373,19,20
14,15,20,19,5,145
14,15,20,19,373,145
14,175,5,145
14,175,5,373,145
14,15,20,19,5,175,174
14,15,20,19,373,5,175,174
14,15,20,19,373,145,5,175,174
14,175,174
14,175
14,15,20,19,5,175,190,189
14,15,20,19,373,5,175,190,189
14,15,20,19,373,145,5,175,190,189
14,175,190,189
14,15,20,19,5,175,190
14,15,20,19,373,5,175,190
14,15,20,19,373,145,5,175,190
14,175,190
14,15,20,19,5,175,278
14,15,20,19,373,5,175,278
14,15,20,19,373,145,5,175,278
14,175,278
14,15,20,19,5,175,190,189,328
14,15,20,19,373,5,175,190,189,328
14,15,20,19,373,145,5,175,190,189,328
14,175,190,189,328
14,15,20,19,5,175,190,189,328,161
14,15,20,19,373,5,175,190,189,328,161
14,15,20,19,373,145,5,175,190,189,328,161
14,175,190,189,328,161
14,15,20,19,373
14,175,5,373
14,15,20,19,5,145,373,25
14,15,20,19,5,373,25
14,15,20,19,373,25
14,175,5,19,373,25
14,175,5,145,373,25
14,175,5,373,25
14,15,20,19,5,145,373,221
14,15,20,19,5,373,221
14,15,20,19,373,221
14,175,5,19,373,221
14,175,5,145,373,221
14,175,5,373,221
15,14,175,5,19
15,14,175,5,145,373,19
15,14,175,5,373,19
15,20,19
15,14,175,5
15,20,19,5
15,20,19,373,5
15,20,19,373,145,5
15,20
15,14,175,5,145
15,14,175,5,373,145
15,20,19,5,145
15,20,19,373,145
15,14,175,174
15,20,19,5,175,174
15,20,19,373,5,175,174
15,20,19,373,145,5,175,174
15,14,175
15,20,19,5,175
15,20,19,373,5,175
15,20,19,373,145,5,175
15,14,175,190,189
15,20,19,5,175,190,189
15,20,19,373,5,175,190,189
15,20,19,373,145,5,175,190,189
15,14,175,190
15,20,19,5,175,190
15,20,19,373,5,175,190
15,20,19,373,145,5,175,190
15,14,175,278
15,20,19,5,175,278
15,20,19,373,5,175,278
15,20,19,373,145,5,175,278
15,14,175,190,189,328
15,20,19,5,175,190,189,328
15,20,19,373,5,175,190,189,328
15,20,19,373,145,5,175,190,189,328
15,14,175,190,189,328,161
15,20,19,5,175,190,189,328,161
15,20,19,373,5,175,190,189,328,161
15,20,19,373,145,5,175,190,189,328,161
15,14,175,5,373
15,20,19,373
15,14,175,5,19,373,25
15,14,175,5,145,373,25
15,14,175,5,373,25
15,20,19,5,145,373,25
15,20,19,5,373,25
15,20,19,373,25
15,14,175,5,19,373,221
15,14,175,5,145,373,221
15,14,175,5,373,221
15,20,19,5,145,373,221
15,20,19,5,373,221
15,20,19,373,221
16,17
19,5
19,373,5
19,373,145,5
19,20
19,5,145
19,20,15,14,175,5,145
19,373,145
19,5,175,174
19,20,15,14,175,174
19,373,5,175,174
19,373,145,5,175,174
19,5,175
19,20,15,14,175
19,373,5,175
19,373,145,5,175
19,5,175,190,189
19,20,15,14,175,190,189
19,373,5,175,190,189
19,373,145,5,175,190,189
19,5,175,190
19,20,15,14,175,190
19,373,5,175,190
19,373,145,5,175,190
19,5,175,278
19,20,15,14,175,278
19,373,5,175,278
19,373,145,5,175,278
19,5,175,190,189,328
19,20,15,14,175,190,189,328
19,373,5,175,190,189,328
19,373,145,5,175,190,189,328
19,5,175,190,189,328,161
19,20,15,14,175,190,189,328,161
19,373,5,175,190,189,328,161
19,373,145,5,175,190,189,328,161
19,373
19,5,145,373,25
19,5,373,25
19,20,15,14,175,5,145,373,25
19,20,15,14,175,5,373,25
19,373,25
19,5,145,373,221
19,5,373,221
19,20,15,14,175,5,145,373,221
19,20,15,14,175,5,373,221
19,373,221
5,19,20
5,145,373,19,20
5,175,14,15,20
5,373,19,20
5,145
5,373,145
5,175,174
5,175
5,175,190,189
5,175,190
5,175,278
5,175,190,189,328
5,175,190,189,328,161
5,373
5,145,373,25
5,373,25
5,145,373,221
5,373,221
20,19,5,145
20,19,373,145
20,15,14,175,5,145
20,15,14,175,5,373,145
20,19,5,175,174
20,19,373,5,175,174
20,19,373,145,5,175,174
20,15,14,175,174
20,19,5,175
20,19,373,5,175
20,19,373,145,5,175
20,15,14,175
20,19,5,175,190,189
20,19,373,5,175,190,189
20,19,373,145,5,175,190,189
20,15,14,175,190,189
20,19,5,175,190
20,19,373,5,175,190
20,19,373,145,5,175,190
20,15,14,175,190
20,19,5,175,278
20,19,373,5,175,278
20,19,373,145,5,175,278
20,15,14,175,278
20,19,5,175,190,189,328
20,19,373,5,175,190,189,328
20,19,373,145,5,175,190,189,328
20,15,14,175,190,189,328
20,19,5,175,190,189,328,161
20,19,373,5,175,190,189,328,161
20,19,373,145,5,175,190,189,328,161
20,15,14,175,190,189,328,161
20,19,373
20,15,14,175,5,373
20,19,5,145,373,25
20,19,5,373,25
20,19,373,25
20,15,14,175,5,145,373,25
20,15,14,175,5,373,25
20,19,5,145,373,221
20,19,5,373,221
20,19,373,221
20,15,14,175,5,145,373,221
20,15,14,175,5,373,221
28,29
36,37
40,41
40,42
40,42,33,73
40,42,159,158,339,338,33,73
40,42,33
40,42,159,158,339,338,33
40,42,33,338,339,158
40,42,159,158
40,42,159
40,42,33,338,339,158,159,288
40,42,159,288
40,42,33,320
40,42,159,158,339,338,33,320
40,42,33,338
40,42,159,158,339,338
40,42,33,338,339
40,42,159,158,339
40,42,359
40,42,359,367
40,42,33,338,339,158,159,392
40,42,159,392
41,40,42
41,40,42,33,73
41,40,42,159,158,339,338,33,73
41,40,42,33
41,40,42,159,158,339,338,33
41,40,42,33,338,339,158
41,40,42,159,158
41,40,42,159
41,40,42,33,338,339,158,159,288
41,40,42,159,288
41,40,42,33,320
41,40,42,159,158,339,338,33,320
41,40,42,33,338
41,40,42,159,158,339,338
41,40,42,33,338,339
41,40,42,159,158,339
41,40,42,359
41,40,42,359,367
41,40,42,33,338,339,158,159,392
41,40,42,159,392
42,33,73
42,159,158,339,338,33,73
42,33
42,159,158,339,338,33
42,33,338,339,158
42,159,158
42,159
42,33,338,339,158,159,288
42,159,288
42,33,320
42,159,158,339,338,33,320
42,33,338
42,159,158,339,338
42,33,338,339
42,159,158,339
42,359
42,359,367
42,33,338,339,158,159,392
42,159,392
44,45
44,45,149,153
44,45,153
44,45,149
44,45,230
45,149,153
45,153
45,149
45,230
50,51
50,51,100
50,51,122
50,51,122,123
50,51,263
50,51,360
50,51,364
51,100
51,122
51,122,123
51,263
51,360
51,364
53,54
60,24
73,33
73,33,338,339,158
73,33,42,159,158
73,33,338,339,158,159
73,33,42,159
73,33,338,339,158,159,288
73,33,42,159,288
73,33,320
73,33,338
73,33,338,339
73,33,42,159,158,339
73,33,338,339,158,159,42,359
73,33,42,359
73,33,338,339,158,159,42,359,367
73,33,42,359,367
73,33,338,339,158,159,392
73,33,42,159,392
33,338,339,158
33,42,159,158
33,338,339,158,159
33,42,159
33,338,339,158,159,288
33,42,159,288
33,320
33,338
33,338,339
33,42,159,158,339
33,338,339,158,159,42,359
33,42,359
33,338,339,158,159,42,359,367
33,42,359,367
33,338,339,158,159,392
33,42,159,392
79,71
80,81
80,82,168,83,81
80,82,194,81
80,83,168,82,194,81
80,83,81
80,82
80,83,168,82
80,83,81,194,82
80,10
80,83
80,81,194,82,168
80,81,83,168
80,82,168
80,83,168
80,81,194
80,82,194
80,83,168,82,194
80,83,81,194
80,81,194,82,304,303
80,81,83,168,82,304,303
80,82,304,303
80,83,168,82,304,303
80,83,81,194,82,304,303
80,81,194,82,304
80,81,83,168,82,304
80,82,304
80,83,168,82,304
80,83,81,194,82,304
81,80,82
81,194,82
81,83,80,82
81,83,168,82
81,80,10
81,194,82,80,10
81,194,82,168,83,80,10
81,83,80,10
81,83,168,82,80,10
81,194,82,168,83
81,83
81,80,82,168
81,194,82,168
81,83,168
81,194
81,80,82,304,303
81,194,82,304,303
81,83,80,82,304,303
81,83,168,82,304,303
81,80,82,304
81,194,82,304
81,83,80,82,304
81,83,168,82,304
82,80,10
82,168,83,80,10
82,194,81,83,80,10
82,80,83
82,168,83
82,194,81,83
82,168
82,194
82,304,303
82,304
10,80,83
10,80,81,194,82,168
10,80,81,83,168
10,80,82,168
10,80,83,168
10,80,81,194
10,80,82,194
10,80,83,168,82,194
10,80,83,81,194
10,80,81,194,82,304,303
10,80,81,83,168,82,304,303
10,80,82,304,303
10,80,83,168,82,304,303
10,80,83,81,194,82,304,303
10,80,81,194,82,304
10,80,81,83,168,82,304
10,80,82,304
10,80,83,168,82,304
10,80,83,81,194,82,304
83,168
83,80,82,194
83,168,82,194
83,81,194
83,80,82,304,303
83,168,82,304,303
83,81,194,82,304,303
83,80,82,304
83,168,82,304
83,81,194,82,304
94,95
100,51,122
100,51,122,123
100,51,263
100,51,360
100,51,364
112,113
112,113,353
112,113,391
113,353
113,391
116,117
122,123
122,51,263
122,51,360
122,51,364
123,122,51,263
123,122,51,360
123,122,51,364
127,128
130,131
130,131,218
130,131,242
131,218
131,242
134,135
134,9
134,135,385
135,134,9
135,385
9,134,135,385
137,138
137,165
138,137,165
141,142
141,142,262,261
141,142,262
142,262,261
142,262
143,144
143,184
144,143,184
145,5,19,20,15,14,175,174
145,5,175,174
145,373,5,175,174
145,373,19,20,15,14,175,174
145,5,175
145,373,5,175
145,373,19,20,15,14,175
145,5,19,20,15,14,175,190,189
145,5,175,190,189
145,373,5,175,190,189
145,373,19,20,15,14,175,190,189
145,5,19,20,15,14,175,190
145,5,175,190
145,373,5,175,190
145,373,19,20,15,14,175,190
145,5,19,20,15,14,175,278
145,5,175,278
145,373,5,175,278
145,373,19,20,15,14,175,278
145,5,19,20,15,14,175,190,189,328
145,5,175,190,189,328
145,373,5,175,190,189,328
145,373,19,20,15,14,175,190,189,328
145,5,19,20,15,14,175,190,189,328,161
145,5,175,190,189,328,161
145,373,5,175,190,189,328,161
145,373,19,20,15,14,175,190,189,328,161
145,373
145,373,25
145,373,221
150,151
150,151,324
150,151,424
151,324
151,424
153,149
153,149,45,230
153,45,230
149,45,230
154,155
158,159
158,159,288
158,159,42,33,320
158,339,338,33,320
158,159,42,33,338
158,339,338
158,339
158,159,42,359
158,339,338,33,42,359
158,159,42,359,367
158,339,338,33,42,359,367
158,159,392
159,288
159,158,339,338,33,320
159,42,33,320
159,158,339,338
159,42,33,338
159,158,339
159,42,33,338,339
159,42,359
159,42,359,367
159,392
168,82,194
168,83,80,81,194
168,83,81,194
168,82,304,303
168,83,80,81,194,82,304,303
168,83,81,194,82,304,303
168,82,304
168,83,80,81,194,82,304
168,83,81,194,82,304
174,175
174,175,190,189
174,175,190
174,175,278
174,175,190,189,328
174,175,190,189,328,161
174,175,5,373
174,175,14,15,20,19,373
174,175,5,19,373,25
174,175,5,145,373,25
174,175,5,373,25
174,175,14,15,20,19,5,145,373,25
174,175,14,15,20,19,5,373,25
174,175,14,15,20,19,373,25
174,175,5,19,373,221
174,175,5,145,373,221
174,175,5,373,221
174,175,14,15,20,19,5,145,373,221
174,175,14,15,20,19,5,373,221
174,175,14,15,20,19,373,221
175,190,189
175,190
175,278
175,190,189,328
175,190,189,328,161
175,5,373
175,14,15,20,19,373
175,5,19,373,25
175,5,145,373,25
175,5,373,25
175,14,15,20,19,373,25
175,5,19,373,221
175,5,145,373,221
175,5,373,221
175,14,15,20,19,373,221
176,177
176,47
176,78
176,178
177,176,47
177,176,78
177,176,178
47,176,78
47,176,178
78,176,178
179,180
186,187
189,190
189,190,175,278
189,328
189,328,161
189,190,175,5,373
189,190,175,14,15,20,19,373
189,190,175,5,19,373,25
189,190,175,5,145,373,25
189,190,175,5,373,25
189,190,175,14,15,20,19,5,145,373,25
189,190,175,14,15,20,19,5,373,25
189,190,175,14,15,20,19,373,25
189,190,175,5,19,373,221
189,190,175,5,145,373,221
189,190,175,5,373,221
189,190,175,14,15,20,19,5,145,373,221
189,190,175,14,15,20,19,5,373,221
189,190,175,14,15,20,19,373,221
190,175,278
190,189,328
190,189,328,161
190,175,5,373
190,175,14,15,20,19,373
190,175,5,19,373,25
190,175,5,145,373,25
190,175,5,373,25
190,175,14,15,20,19,5,145,373,25
190,175,14,15,20,19,5,373,25
190,175,14,15,20,19,373,25
190,175,5,19,373,221
190,175,5,145,373,221
190,175,5,373,221
190,175,14,15,20,19,5,145,373,221
190,175,14,15,20,19,5,373,221
190,175,14,15,20,19,373,221
194,82,304,303
194,82,304
202,203
202,311,203
202,311
202,203,311,312
202,203,311,313,312
202,311,312
202,311,313,312
202,203,311,223
202,311,223
202,203,311,313
202,311,313
203,311
203,311,312
203,311,313,312
203,311,223
203,311,313
210,101
218,131,242
219,93
226,227
226,228
226,281
226,341
226,403
227,226,228
227,226,281
227,226,341
227,226,403
228,226,281
228,226,341
228,226,403
229,32
229,250
32,229,250
238,239
238,322
239,238,322
258,259
258,259,305
259,305
261,262
263,51,360
263,51,364
273,274
275,276
275,255
275,276,280
276,275,255
276,280
255,275,276,280
281,226,341
281,226,403
283,284
288,159,158,339,338,33,320
288,159,42,33,320
288,159,158,339,338
288,159,42,33,338
288,159,158,339
288,159,42,33,338,339
288,159,158,339,338,33,42,359
288,159,42,359
288,159,158,339,338,33,42,359,367
288,159,42,359,367
288,159,392
296,297
296,298
296,299
296,140
297,296,298
297,296,299
297,296,140
298,296,299
298,296,140
299,296,140
303,304
310,216
310,265
216,310,265
311,312
311,313,312
311,223
311,313
312,311,223
312,313,311,223
312,313
223,311,313
318,319
320,33,338
320,33,338,339
320,33,42,159,158,339
320,33,338,339,158,159,42,359
320,33,42,359
320,33,338,339,158,159,42,359,367
320,33,42,359,367
320,33,338,339,158,159,392
320,33,42,159,392
278,175,190,189,328
278,175,190,189,328,161
278,175,5,373
278,175,14,15,20,19,373
278,175,5,19,373,25
278,175,5,145,373,25
278,175,5,373,25
278,175,14,15,20,19,5,145,373,25
278,175,14,15,20,19,5,373,25
278,175,14,15,20,19,373,25
278,175,5,19,373,221
278,175,5,145,373,221
278,175,5,373,221
278,175,14,15,20,19,5,145,373,221
278,175,14,15,20,19,5,373,221
278,175,14,15,20,19,373,221
324,151,424
328,161
328,189,190,175,5,373
328,189,190,175,14,15,20,19,373
328,189,190,175,5,19,373,25
328,189,190,175,5,145,373,25
328,189,190,175,5,373,25
328,189,190,175,14,15,20,19,5,145,373,25
328,189,190,175,14,15,20,19,5,373,25
328,189,190,175,14,15,20,19,373,25
328,189,190,175,5,19,373,221
328,189,190,175,5,145,373,221
328,189,190,175,5,373,221
328,189,190,175,14,15,20,19,5,145,373,221
328,189,190,175,14,15,20,19,5,373,221
328,189,190,175,14,15,20,19,373,221
161,328,189,190,175,5,373
161,328,189,190,175,14,15,20,19,373
161,328,189,190,175,5,19,373,25
161,328,189,190,175,5,145,373,25
161,328,189,190,175,5,373,25
161,328,189,190,175,14,15,20,19,5,145,373,25
161,328,189,190,175,14,15,20,19,5,373,25
161,328,189,190,175,14,15,20,19,373,25
161,328,189,190,175,5,19,373,221
161,328,189,190,175,5,145,373,221
161,328,189,190,175,5,373,221
161,328,189,190,175,14,15,20,19,5,145,373,221
161,328,189,190,175,14,15,20,19,5,373,221
161,328,189,190,175,14,15,20,19,373,221
333,89
338,339
338,339,158,159,42,359
338,33,42,359
338,339,158,159,42,359,367
338,33,42,359,367
338,339,158,159,392
338,33,42,159,392
339,338,33,42,359
339,158,159,42,359
339,338,33,42,359,367
339,158,159,42,359,367
339,338,33,42,159,392
339,158,159,392
340,39
341,226,403
347,69
353,113,391
355,314
359,367
359,42,33,338,339,158,159,392
359,42,159,392
360,51,364
363,264
367,359,42,33,338,339,158,159,392
367,359,42,159,392
372,343
373,25
373,221
25,373,221
375,106
399,46
408,409
408,409,31
408,409,401
409,31
409,401
415,213
31,409,401
