5,6
8,9
8,9,91
8,9,373
8,9,505
9,91
9,373
9,505
22,23
22,23,248
22,23,292
22,23,292,422,421
22,23,292,422
22,23,480
22,23,292,422,27
23,248
23,292
23,292,422,421
23,292,422
23,480
23,292,422,27
24,25
24,25,69
24,25,213
24,25,228
24,25,261
24,25,272
25,69
25,213
25,228
25,261
25,272
31,32
31,33,178,32
31,33,307,32
31,33,431,32
31,307,32
31,307,33,178,32
31,307,33,431,32
31,431,32
31,431,33,178,32
31,33
31,307,33
31,431,33
31,32,178
31,33,178
31,307,32,178
31,307,32,431,33,178
31,307,33,178
31,431,32,178
31,431,33,178
31,267
31,307
31,431,32,307
31,431,33,307
31,32,178,33,307,308
31,32,307,308
31,32,431,33,307,308
31,33,307,308
31,307,308
31,431,32,178,33,307,308
31,431,32,307,308
31,431,33,307,308
31,32,168
31,33,178,32,168
31,33,307,32,168
31,33,431,32,168
31,307,32,168
31,307,33,178,32,168
31,307,33,431,32,168
31,431,32,168
31,431,33,178,32,168
31,431
32,31,33
32,178,33
32,307,33
32,431,33
32,178
32,307,33,178
32,431,33,178
32,31,267
32,178,33,31,267
32,178,33,307,31,267
32,178,33,431,31,267
32,307,31,267
32,307,33,31,267
32,307,33,431,31,267
32,431,33,31,267
32,431,31,267
32,307
32,431,33,307
32,31,33,307,308
32,178,33,307,308
32,307,308
32,431,33,307,308
32,168
32,431
33,178
33,31,267
33,307,31,267
33,431,31,267
33,307
33,307,308
33,31,32,168
33,178,32,168
33,307,32,168
33,431,32,168
33,431
35,36
35,36,167
35,36,404
35,36,413
36,167
36,404
36,413
47,48
47,48,76,75
47,48,76
47,48,76,196,117,116
47,48,76,529,196,117,116
47,48,76,196,117
47,48,76,529,196,117
47,48,76,196,117,116,118
47,48,76,529,196,117,116,118
47,48,76,196
47,48,76,529,196
47,48,76,196,73
47,48,76,529,196,73
47,48,76,240
47,48,76,196,414
47,48,76,529,196,414
47,48,76,529
48,76,75
48,76
48,76,196,117,116
48,76,529,196,117,116
48,76,196,117
48,76,529,196,117
48,76,196,117,116,118
48,76,529,196,117,116,118
48,76,196
48,76,529,196
48,76,196,73
48,76,529,196,73
48,76,240
48,76,196,414
48,76,529,196,414
48,76,529
51,52
51,53,114,52
51,53,265,52
51,53,478,52
51,53,496,52
51,53
51,52,114
51,52,265,53,114
51,52,478,53,114
51,52,496,53,114
51,53,114
51,52,114,53,120
51,52,265,53,120
51,52,478,53,120
51,52,496,53,120
51,53,120
51,52,265
51,52,478,53,265
51,52,496,53,265
51,53,265
51,52,383,288
51,52,383,384,288
51,53,114,52,383,288
51,53,114,52,383,384,288
51,53,265,52,383,288
51,53,265,52,383,384,288
51,53,478,52,383,288
51,53,478,52,383,384,288
51,53,496,52,383,288
51,53,496,52,383,384,288
51,52,383,288,289
51,52,383,384,288,289
51,53,114,52,383,288,289
51,53,114,52,383,384,288,289
51,53,265,52,383,288,289
51,53,265,52,383,384,288,289
51,53,478,52,383,288,289
51,53,478,52,383,384,288,289
51,53,496,52,383,288,289
51,53,496,52,383,384,288,289
51,52,114,53,293
51,52,265,53,293
51,52,478,53,293
51,52,496,53,293
51,53,293
51,52,114,53,352
51,52,265,53,352
51,52,478,53,352
51,52,496,53,352
51,53,352
51,52,383
51,53,114,52,383
51,53,265,52,383
51,53,478,52,383
51,53,496,52,383
51,52,383,384
51,53,114,52,383,384
51,53,265,52,383,384
51,53,478,52,383,384
51,53,496,52,383,384
51,52,114,53,462
51,52,265,53,462
51,52,478,53,462
51,52,496,53,462
51,53,462
51,52,478
51,52,496,53,478
51,53,478
51,52,496
51,53,496
51,52,114,53,506
51,52,265,53,506
51,52,478,53,506
51,52,496,53,506
51,53,506
51,52,114,53,537
51,52,265,53,537
51,52,478,53,537
51,52,496,53,537
51,53,537
52,51,53
52,114,53
52,265,53
52,478,53
52,496,53
52,114
52,265,53,114
52,478,53,114
52,496,53,114
52,51,53,120
52,114,53,120
52,265,53,120
52,478,53,120
52,496,53,120
52,265
52,478,53,265
52,496,53,265
52,383,288
52,383,384,288
52,383,288,289
52,383,384,288,289
52,51,53,293
52,114,53,293
52,265,53,293
52,478,53,293
52,496,53,293
52,51,53,352
52,114,53,352
52,265,53,352
52,478,53,352
52,496,53,352
52,383
52,383,384
52,51,53,462
52,114,53,462
52,265,53,462
52,478,53,462
52,496,53,462
52,478
52,496,53,478
52,496
52,51,53,506
52,114,53,506
52,265,53,506
52,478,53,506
52,496,53,506
52,51,53,537
52,114,53,537
52,265,53,537
52,478,53,537
52,496,53,537
53,114
53,120
53,265
53,51,52,383,288
53,51,52,383,384,288
53,114,52,383,288
53,114,52,383,384,288
53,265,52,383,288
53,265,52,383,384,288
53,478,52,383,288
53,478,52,383,384,288
53,496,52,383,288
53,496,52,383,384,288
53,51,52,383,288,289
53,51,52,383,384,288,289
53,114,52,383,288,289
53,114,52,383,384,288,289
53,265,52,383,288,289
53,265,52,383,384,288,289
53,478,52,383,288,289
53,478,52,383,384,288,289
53,496,52,383,288,289
53,496,52,383,384,288,289
53,293
53,352
53,51,52,383
53,114,52,383
53,265,52,383
53,478,52,383
53,496,52,383
53,51,52,383,384
53,114,52,383,384
53,265,52,383,384
53,478,52,383,384
53,496,52,383,384
53,462
53,478
53,496
53,506
53,537
69,25,213
69,25,228
69,25,261
69,25,272
75,76
75,76,196,117,116
75,76,529,196,117,116
75,76,196,117
75,76,529,196,117
75,76,196,117,116,118
75,76,529,196,117,116,118
75,76,196
75,76,529,196
75,76,196,73
75,76,529,196,73
75,76,240
75,76,196,414
75,76,529,196,414
75,76,529
76,196,117,116
76,529,196,117,116
76,196,117
76,529,196,117
76,196,117,116,118
76,529,196,117,116,118
76,196
76,529,196
76,196,73
76,529,196,73
76,240
76,196,414
76,529,196,414
76,529
80,81
91,9,373
91,9,505
95,96
95,97,173,96
95,97
95,96,173
95,97,173
95,482,436,226
95,482,255,227,226
95,482,227,226
95,482,436,226,227
95,482,255,227
95,482,227
95,482,436,226,227,255
95,482,255
95,96,98
95,97,173,96,98
95,96,30
95,97,173,96,30
95,96,121
95,97,173,96,121
95,96,361
95,97,173,96,361
95,482,436
95,482
95,482,212
96,95,97
96,173,97
96,173
96,95,482,436,226
96,95,482,255,227,226
96,95,482,227,226
96,173,97,95,482,436,226
96,173,97,95,482,255,227,226
96,173,97,95,482,227,226
96,95,482,436,226,227
96,95,482,255,227
96,95,482,227
96,173,97,95,482,436,226,227
96,173,97,95,482,255,227
96,173,97,95,482,227
96,95,482,436,226,227,255
96,95,482,255
96,173,97,95,482,436,226,227,255
96,173,97,95,482,255
96,98
96,30
96,121
96,361
96,95,482,436
96,173,97,95,482,436
96,95,482
96,173,97,95,482
96,95,482,212
96,173,97,95,482,212
97,173
97,95,482,436,226
97,95,482,255,227,226
97,95,482,227,226
97,95,482,436,226,227
97,95,482,255,227
97,95,482,227
97,95,482,436,226,227,255
97,95,482,255
97,95,96,98
97,173,96,98
97,95,96,30
97,173,96,30
97,95,96,121
97,173,96,121
97,95,96,361
97,173,96,361
97,95,482,436
97,95,482
97,95,482,212
111,112
111,112,194,195,176,174
111,112,194,195,87,532,531,175,174
111,112,194,195,502,174
111,112,176,174
111,112,176,195,87,532,531,175,174
111,112,176,195,502,174
111,112,479,195,176,174
111,112,479,195,87,532,531,175,174
111,112,479,195,502,174
111,112,502,174
111,112,502,195,87,532,531,175,174
111,112,531,175,174
111,112,531,532,87,195,176,174
111,112,531,532,87,195,502,174
111,112,532,531,175,174
111,112,532,87,195,176,174
111,112,532,87,195,502,174
111,112,194,195,176,174,175
111,112,194,195,87,532,531,175
111,112,194,195,502,174,175
111,112,176,174,175
111,112,176,174,502,195,87,532,531,175
111,112,176,195,87,532,531,175
111,112,176,195,502,174,175
111,112,479,195,176,174,175
111,112,479,195,87,532,531,175
111,112,479,195,502,174,175
111,112,502,174,175
111,112,502,195,87,532,531,175
111,112,531,175
111,112,532,531,175
111,112,532,87,195,176,174,175
111,112,532,87,195,502,174,175
111,112,194,195,176
111,112,194,195,87,532,531,175,174,176
111,112,194,195,502,174,176
111,112,176
111,112,479,195,176
111,112,479,195,87,532,531,175,174,176
111,112,479,195,502,174,176
111,112,502,174,176
111,112,502,195,176
111,112,531,175,174,176
111,112,531,175,174,502,195,176
111,112,531,532,87,195,176
111,112,531,532,87,195,502,174,176
111,112,532,531,175,174,176
111,112,532,531,175,174,502,195,176
111,112,532,87,195,176
111,112,532,87,195,502,174,176
111,112,194
111,112,479,195,194
111,112,502,174,175,531,532,87,195,194
111,112,502,195,194
111,112,531,175,174,176,195,194
111,112,531,175,174,502,195,194
111,112,531,532,87,195,194
111,112,532,531,175,174,176,195,194
111,112,532,531,175,174,502,195,194
111,112,532,87,195,194
111,112,194,195
111,112,176,195
111,112,479,195
111,112,502,195
111,112,531,175,174,176,195
111,112,531,175,174,502,195
111,112,531,532,87,195
111,112,532,531,175,174,176,195
111,112,532,531,175,174,502,195
111,112,532,87,195
111,112,194,195,87
111,112,176,174,175,531,532,87
111,112,176,174,502,195,87
111,112,176,195,87
111,112,479,195,87
111,112,479,195,502,174,175,531,532,87
111,112,502,174,175,531,532,87
111,112,502,195,87
111,112,531,175,174,176,195,87
111,112,531,175,174,502,195,87
111,112,531,532,87
111,112,532,87
111,112,479
111,112,502,195,479
111,112,531,175,174,176,195,479
111,112,531,175,174,502,195,479
111,112,531,532,87,195,479
111,112,532,531,175,174,176,195,479
111,112,532,531,175,174,502,195,479
111,112,532,87,195,479
111,112,502
111,112,531,175,174,502
111,112,531,532,87,195,502
111,112,532,531,175,174,502
111,112,532,87,195,502
111,112,531
111,112,532,531
111,112,532
112,194,195,176,174
112,194,195,87,532,531,175,174
112,194,195,502,174
112,176,174
112,176,195,87,532,531,175,174
112,176,195,502,174
112,479,195,176,174
112,479,195,87,532,531,175,174
112,479,195,502,174
112,502,174
112,502,195,87,532,531,175,174
112,531,175,174
112,531,532,87,195,176,174
112,531,532,87,195,502,174
112,532,531,175,174
112,532,87,195,176,174
112,532,87,195,502,174
112,194,195,176,174,175
112,194,195,87,532,531,175
112,194,195,502,174,175
112,176,174,175
112,176,174,502,195,87,532,531,175
112,176,195,87,532,531,175
112,176,195,502,174,175
112,479,195,176,174,175
112,479,195,87,532,531,175
112,479,195,502,174,175
112,502,174,175
112,502,195,87,532,531,175
112,531,175
112,532,531,175
112,532,87,195,176,174,175
112,532,87,195,502,174,175
112,194,195,176
112,194,195,87,532,531,175,174,176
112,194,195,502,174,176
112,176
112,479,195,176
112,479,195,87,532,531,175,174,176
112,479,195,502,174,176
112,502,174,176
112,502,195,176
112,531,175,174,176
112,531,175,174,502,195,176
112,531,532,87,195,176
112,531,532,87,195,502,174,176
112,532,531,175,174,176
112,532,531,175,174,502,195,176
112,532,87,195,176
112,532,87,195,502,174,176
112,194
112,479,195,194
112,502,174,175,531,532,87,195,194
112,502,195,194
112,531,175,174,176,195,194
112,531,175,174,502,195,194
112,531,532,87,195,194
112,532,531,175,174,176,195,194
112,532,531,175,174,502,195,194
112,532,87,195,194
112,194,195
112,176,195
112,479,195
112,502,195
112,531,175,174,176,195
112,531,175,174,502,195
112,531,532,87,195
112,532,531,175,174,176,195
112,532,531,175,174,502,195
112,532,87,195
112,194,195,87
112,176,174,175,531,532,87
112,176,174,502,195,87
112,176,195,87
112,479,195,87
112,479,195,502,174,175,531,532,87
112,502,174,175,531,532,87
112,502,195,87
112,531,175,174,176,195,87
112,531,175,174,502,195,87
112,531,532,87
112,532,87
112,479
112,502,195,479
112,531,175,174,176,195,479
112,531,175,174,502,195,479
112,531,532,87,195,479
112,532,531,175,174,176,195,479
112,532,531,175,174,502,195,479
112,532,87,195,479
112,502
112,531,175,174,502
112,531,532,87,195,502
112,532,531,175,174,502
112,532,87,195,502
112,531
112,532,531
112,532
114,53,120
114,52,265,53,120
114,52,478,53,120
114,52,496,53,120
114,53,265
114,53,478,52,265
114,53,496,52,265
114,52,265
114,53,265,52,383,288
114,53,265,52,383,384,288
114,53,478,52,383,288
114,53,478,52,383,384,288
114,53,496,52,383,288
114,53,496,52,383,384,288
114,52,383,288
114,52,383,384,288
114,53,265,52,383,288,289
114,53,265,52,383,384,288,289
114,53,478,52,383,288,289
114,53,478,52,383,384,288,289
114,53,496,52,383,288,289
114,53,496,52,383,384,288,289
114,52,383,288,289
114,52,383,384,288,289
114,53,293
114,52,265,53,293
114,52,478,53,293
114,52,496,53,293
114,53,352
114,52,265,53,352
114,52,478,53,352
114,52,496,53,352
114,53,265,52,383
114,53,478,52,383
114,53,496,52,383
114,52,383
114,53,265,52,383,384
114,53,478,52,383,384
114,53,496,52,383,384
114,52,383,384
114,53,462
114,52,265,53,462
114,52,478,53,462
114,52,496,53,462
114,53,478
114,53,496,52,478
114,52,478
114,53,496
114,52,496
114,53,506
114,52,265,53,506
114,52,478,53,506
114,52,496,53,506
114,53,537
114,52,265,53,537
114,52,478,53,537
114,52,496,53,537
116,117
116,118
116,117,196
116,117,196,73
116,117,196,76,240
116,117,196,529,76,240
116,117,196,414
116,117,196,529
117,116,118
117,196
117,196,73
117,196,76,240
117,196,529,76,240
117,196,414
117,196,529
118,116,117,196
118,116,117,196,73
118,116,117,196,76,240
118,116,117,196,529,76,240
118,116,117,196,414
118,116,117,196,529
120,53,265
120,53,478,52,265
120,53,496,52,265
120,53,51,52,383,288
120,53,51,52,383,384,288
120,53,114,52,383,288
120,53,114,52,383,384,288
120,53,265,52,383,288
120,53,265,52,383,384,288
120,53,478,52,383,288
120,53,478,52,383,384,288
120,53,496,52,383,288
120,53,496,52,383,384,288
120,53,51,52,383,288,289
120,53,51,52,383,384,288,289
120,53,114,52,383,288,289
120,53,114,52,383,384,288,289
120,53,265,52,383,288,289
120,53,265,52,383,384,288,289
120,53,478,52,383,288,289
120,53,478,52,383,384,288,289
120,53,496,52,383,288,289
120,53,496,52,383,384,288,289
120,53,293
120,53,352
120,53,51,52,383
120,53,114,52,383
120,53,265,52,383
120,53,478,52,383
120,53,496,52,383
120,53,51,52,383,384
120,53,114,52,383,384
120,53,265,52,383,384
120,53,478,52,383,384
120,53,496,52,383,384
120,53,462
120,53,478
120,53,496,52,478
120,53,496
120,53,506
120,53,537
123,124
123,124,136
123,124,172
123,124,187
123,124,243
123,124,276
123,124,306
123,124,353
123,124,367
123,124,402
123,124,432
123,124,464
123,124,472
123,124,477
123,124,486
123,124,489
124,136
124,172
124,187
124,243
124,276
124,306
124,353
124,367
124,402
124,432
124,464
124,472
124,477
124,486
124,489
128,129
128,130,129
128,130
128,129,130,146
128,130,146
129,130
129,130,146
130,146
136,124,172
136,124,187
136,124,243
136,124,276
136,124,306
136,124,353
136,124,367
136,124,402
136,124,432
136,124,464
136,124,472
136,124,477
136,124,486
136,124,489
145,140
149,150
157,158
159,160
159,494,160
159,494,362,160
159,161
159,160,362
159,494,362
159,160,362,302
159,160,494,362,302
159,494,362,302
159,160,362,329
159,160,494,362,329
159,494,362,329
159,160,362,363
159,160,494,362,363
159,494,362,363
159,494
160,159,161
160,362,494,159,161
160,494,159,161
160,362
160,494,362
160,362,302
160,494,362,302
160,362,329
160,494,362,329
160,362,363
160,494,362,363
160,494
161,159,160,362
161,159,494,362
161,159,160,362,302
161,159,160,494,362,302
161,159,494,362,302
161,159,160,362,329
161,159,160,494,362,329
161,159,494,362,329
161,159,160,362,363
161,159,160,494,362,363
161,159,494,362,363
161,159,494
164,165
164,133,251,165
164,166,251,165
164,133
164,166,251,133
164,166
164,165,251
164,133,251
164,166,251
165,164,133
165,164,166,251,133
165,251,133
165,164,166
165,251,166
165,251
133,164,166
133,251,166
133,251
166,251
167,36,404
167,36,413
169,170
172,124,187
172,124,243
172,124,276
172,124,306
172,124,353
172,124,367
172,124,402
172,124,432
172,124,464
172,124,472
172,124,477
172,124,486
172,124,489
173,97,95,482,436,226
173,97,95,482,255,227,226
173,97,95,482,227,226
173,96,95,482,436,226
173,96,95,482,255,227,226
173,96,95,482,227,226
173,97,95,482,436,226,227
173,97,95,482,255,227
173,97,95,482,227
173,96,95,482,436,226,227
173,96,95,482,255,227
173,96,95,482,227
173,97,95,482,436,226,227,255
173,97,95,482,255
173,96,95,482,436,226,227,255
173,96,95,482,255
173,96,98
173,96,30
173,96,121
173,96,361
173,97,95,482,436
173,96,95,482,436
173,97,95,482
173,96,95,482
173,97,95,482,212
173,96,95,482,212
174,175
174,176,195,87,532,531,175
174,502,195,87,532,531,175
174,176
174,502,195,176
174,175,531,112,194
174,175,531,112,479,195,194
174,175,531,532,112,194
174,175,531,532,112,479,195,194
174,175,531,532,87,195,194
174,175,531,532,87,195,479,112,194
174,176,112,194
174,176,112,479,195,194
174,176,112,531,532,87,195,194
174,176,112,532,87,195,194
174,176,195,194
174,502,112,194
174,502,112,479,195,194
174,502,112,531,532,87,195,194
174,502,112,532,87,195,194
174,502,195,194
174,175,531,112,194,195
174,175,531,112,479,195
174,175,531,112,532,87,195
174,175,531,532,112,194,195
174,175,531,532,112,479,195
174,175,531,532,87,195
174,176,195
174,502,195
174,175,531,112,194,195,87
174,175,531,112,479,195,87
174,175,531,112,532,87
174,175,531,532,87
174,176,112,194,195,87
174,176,112,479,195,87
174,176,112,531,532,87
174,176,112,532,87
174,176,195,87
174,176,195,479,112,531,532,87
174,176,195,479,112,532,87
174,502,112,194,195,87
174,502,112,479,195,87
174,502,112,531,532,87
174,502,112,532,87
174,502,195,87
174,502,195,479,112,531,532,87
174,502,195,479,112,532,87
174,175,531,112,479
174,175,531,532,112,479
174,175,531,532,87,195,479
174,176,112,479
174,176,195,479
174,502,112,479
174,502,195,479
174,502
174,175,531
174,176,112,531
174,176,112,532,531
174,176,195,194,112,531
174,176,195,194,112,532,531
174,176,195,87,532,531
174,176,195,479,112,531
174,176,195,479,112,532,531
174,176,195,502,112,531
174,176,195,502,112,532,531
174,502,112,531
174,502,112,532,531
174,502,195,194,112,531
174,502,195,194,112,532,531
174,502,195,87,532,531
174,502,195,479,112,531
174,502,195,479,112,532,531
174,175,531,532
174,176,112,532
174,176,195,194,112,532
174,176,195,87,532
174,176,195,479,112,532
174,176,195,502,112,532
174,502,112,532
174,502,195,194,112,532
174,502,195,87,532
174,502,195,479,112,532
175,174,176
175,174,502,112,194,195,176
175,174,502,112,176
175,174,502,112,479,195,176
175,174,502,112,532,87,195,176
175,174,502,195,176
175,531,112,194,195,176
175,531,112,194,195,502,174,176
175,531,112,176
175,531,112,479,195,176
175,531,112,479,195,502,174,176
175,531,112,502,174,176
175,531,112,502,195,176
175,531,532,112,194,195,176
175,531,532,112,194,195,502,174,176
175,531,532,112,176
175,531,532,112,479,195,176
175,531,532,112,479,195,502,174,176
175,531,532,112,502,174,176
175,531,532,112,502,195,176
175,531,532,87,195,194,112,176
175,531,532,87,195,194,112,502,174,176
175,531,532,87,195,176
175,531,532,87,195,479,112,176
175,531,532,87,195,479,112,502,174,176
175,531,532,87,195,502,174,176
175,531,532,87,195,502,112,176
175,174,176,112,194
175,174,176,112,479,195,194
175,174,176,112,532,87,195,194
175,174,176,195,194
175,174,502,112,194
175,174,502,112,479,195,194
175,174,502,112,532,87,195,194
175,174,502,195,194
175,531,112,194
175,531,112,479,195,194
175,531,112,502,195,194
175,531,532,112,194
175,531,532,112,479,195,194
175,531,532,112,502,195,194
175,531,532,87,195,194
175,531,532,87,195,479,112,194
175,531,532,87,195,502,112,194
175,174,176,195
175,174,502,195
175,531,112,194,195
175,531,112,176,195
175,531,112,479,195
175,531,112,502,195
175,531,112,532,87,195
175,531,532,112,194,195
175,531,532,112,176,195
175,531,532,112,479,195
175,531,532,112,502,195
175,531,532,87,195
175,174,176,112,194,195,87
175,174,176,112,479,195,87
175,174,176,112,502,195,87
175,174,176,112,532,87
175,174,176,195,87
175,174,176,195,479,112,532,87
175,174,502,112,194,195,87
175,174,502,112,479,195,87
175,174,502,112,532,87
175,174,502,195,87
175,174,502,195,479,112,532,87
175,531,112,194,195,87
175,531,112,176,174,502,195,87
175,531,112,176,195,87
175,531,112,479,195,87
175,531,112,502,195,87
175,531,112,532,87
175,531,532,87
175,174,176,112,479
175,174,176,195,479
175,174,502,112,479
175,174,502,195,479
175,531,112,479
175,531,112,502,195,479
175,531,532,112,479
175,531,532,112,502,195,479
175,531,532,87,195,479
175,531,532,87,195,502,112,479
175,174,502
175,531,112,502
175,531,532,112,502
175,531,532,87,195,502
175,531
175,174,176,112,532
175,174,176,195,194,112,532
175,174,176,195,87,532
175,174,176,195,479,112,532
175,174,176,195,502,112,532
175,174,502,112,532
175,174,502,195,194,112,532
175,174,502,195,87,532
175,174,502,195,479,112,532
175,531,532
176,174,175,531,112,194
176,174,175,531,112,479,195,194
176,174,175,531,532,112,194
176,174,175,531,532,112,479,195,194
176,174,175,531,532,87,195,194
176,174,175,531,532,87,195,479,112,194
176,174,502,112,194
176,174,502,112,479,195,194
176,174,502,112,531,532,87,195,194
176,174,502,112,532,87,195,194
176,174,502,195,194
176,112,194
176,112,479,195,194
176,112,502,195,194
176,112,531,532,87,195,194
176,112,532,87,195,194
176,195,194
176,195
176,174,175,531,112,194,195,87
176,174,175,531,112,479,195,87
176,174,175,531,532,87
176,174,502,112,194,195,87
176,174,502,112,479,195,87
176,174,502,112,531,532,87
176,174,502,112,532,87
176,174,502,195,87
176,174,502,195,479,112,531,532,87
176,174,502,195,479,112,532,87
176,112,194,195,87
176,112,479,195,87
176,112,502,174,175,531,532,87
176,112,502,195,87
176,112,531,532,87
176,112,532,87
176,195,87
176,195,479,112,531,532,87
176,195,479,112,532,87
176,195,502,112,531,532,87
176,195,502,112,532,87
176,174,175,531,112,479
176,174,175,531,532,112,479
176,174,175,531,532,87,195,479
176,174,502,112,479
176,174,502,195,479
176,112,479
176,112,502,195,479
176,195,479
176,174,502
176,112,502
176,195,502
176,174,175,531
176,174,502,112,531
176,174,502,112,532,531
176,174,502,195,194,112,531
176,174,502,195,194,112,532,531
176,174,502,195,87,532,531
176,174,502,195,479,112,531
176,174,502,195,479,112,532,531
176,112,531
176,112,532,531
176,195,194,112,531
176,195,194,112,532,531
176,195,87,532,531
176,195,479,112,531
176,195,479,112,532,531
176,195,502,174,175,531
176,195,502,112,531
176,195,502,112,532,531
176,174,175,531,532
176,174,502,112,532
176,174,502,195,194,112,532
176,174,502,195,87,532
176,174,502,195,479,112,532
176,112,532
176,195,194,112,532
176,195,87,532
176,195,479,112,532
176,195,502,174,175,531,532
176,195,502,112,532
178,32,31,267
178,32,307,31,267
178,32,307,33,431,31,267
178,32,431,31,267
178,33,31,267
178,33,307,31,267
178,33,431,31,267
178,32,307
178,32,431,33,307
178,32,431,31,307
178,33,307
178,33,431,31,307
178,32,31,307,308
178,32,307,308
178,32,431,33,307,308
178,32,431,31,307,308
178,33,31,307,308
178,33,307,308
178,33,431,31,307,308
178,32,168
178,33,307,32,168
178,33,307,31,431,32,168
178,33,431,32,168
178,32,431
178,33,431
184,185
184,186,485,399,185
184,186,485,250,185
184,186
184,185,399,485,250
184,185,250
184,186,485,399,185,250
184,186,485,250
184,185,314,313
184,186,485,399,185,314,313
184,186,485,250,185,314,313
184,185,314
184,186,485,399,185,314
184,186,485,250,185,314
184,185,399
184,186,485,399
184,185,399,485
184,185,250,485
184,186,485
185,184,186
185,399,485,186
185,250,485,186
185,399,485,250
185,250
185,314,313
185,314
185,399
185,184,186,485
185,399,485
185,250,485
186,184,185,250
186,485,399,185,250
186,485,250
186,184,185,314,313
186,485,399,185,314,313
186,485,250,185,314,313
186,184,185,314
186,485,399,185,314
186,485,250,185,314
186,184,185,399
186,485,399
186,485
187,124,243
187,124,276
187,124,306
187,124,353
187,124,367
187,124,402
187,124,432
187,124,464
187,124,472
187,124,477
187,124,486
187,124,489
194,195
194,112,176,174,175,531,532,87
194,112,479,195,87
194,112,479,195,502,174,175,531,532,87
194,112,502,174,175,531,532,87
194,112,502,195,87
194,112,531,175,174,502,195,87
194,112,531,532,87
194,112,532,87
194,195,87
194,195,479,112,531,532,87
194,195,479,112,532,87
194,195,502,174,175,531,532,87
194,195,502,112,531,532,87
194,195,502,112,532,87
194,112,479
194,112,502,195,479
194,112,531,175,174,502,195,479
194,112,532,531,175,174,502,195,479
194,195,479
194,112,502
194,112,531,175,174,502
194,112,532,531,175,174,502
194,195,502
194,112,531
194,112,532,531
194,195,176,174,175,531
194,195,87,532,531
194,195,479,112,531
194,195,479,112,532,531
194,195,502,174,175,531
194,195,502,112,531
194,195,502,112,532,531
194,112,532
194,195,176,174,175,531,532
194,195,87,532
194,195,479,112,532
194,195,502,174,175,531,532
194,195,502,112,532
195,87
195,479
195,502
195,194,112,531
195,194,112,532,531
195,176,174,175,531
195,176,112,531
195,176,112,532,531
195,87,532,531
195,479,112,531
195,479,112,532,531
195,502,174,175,531
195,502,112,531
195,502,112,532,531
195,194,112,532
195,176,174,175,531,532
195,176,112,532
195,87,532
195,479,112,532
195,502,174,175,531,532
195,502,112,532
196,73
196,76,240
196,529,76,240
196,414
196,529
204,205
204,206
205,204,206
213,25,228
213,25,261
213,25,272
226,227
226,436,482,255,227
226,436,482,227
226,227,255
226,227,482,255
226,436,482,255
226,227,255,482,95,96,98
226,227,255,482,95,97,173,96,98
226,227,482,95,96,98
226,227,482,95,97,173,96,98
226,436,482,95,96,98
226,436,482,95,97,173,96,98
226,227,255,482,95,96,30
226,227,255,482,95,97,173,96,30
226,227,482,95,96,30
226,227,482,95,97,173,96,30
226,436,482,95,96,30
226,436,482,95,97,173,96,30
226,227,255,482,95,96,121
226,227,255,482,95,97,173,96,121
226,227,482,95,96,121
226,227,482,95,97,173,96,121
226,436,482,95,96,121
226,436,482,95,97,173,96,121
226,227,255,482,95,96,361
226,227,255,482,95,97,173,96,361
226,227,482,95,96,361
226,227,482,95,97,173,96,361
226,436,482,95,96,361
226,436,482,95,97,173,96,361
226,436
226,227,482
226,436,482
226,227,255,482,212
226,227,482,212
226,436,482,212
227,255
227,482,255
227,226,436,482,95,96,98
227,226,436,482,95,97,173,96,98
227,255,482,95,96,98
227,255,482,95,97,173,96,98
227,482,95,96,98
227,482,95,97,173,96,98
227,226,436,482,95,96,30
227,226,436,482,95,97,173,96,30
227,255,482,95,96,30
227,255,482,95,97,173,96,30
227,482,95,96,30
227,482,95,97,173,96,30
227,226,436,482,95,96,121
227,226,436,482,95,97,173,96,121
227,255,482,95,96,121
227,255,482,95,97,173,96,121
227,482,95,96,121
227,482,95,97,173,96,121
227,226,436,482,95,96,361
227,226,436,482,95,97,173,96,361
227,255,482,95,96,361
227,255,482,95,97,173,96,361
227,482,95,96,361
227,482,95,97,173,96,361
227,226,436
227,255,482,436
227,482,436
227,482
227,226,436,482,212
227,255,482,212
227,482,212
228,25,261
228,25,272
73,196,76,240
73,196,529,76,240
73,196,414
73,196,529
240,76,196,414
240,76,529,196,414
240,76,529
243,124,276
243,124,306
243,124,353
243,124,367
243,124,402
243,124,432
243,124,464
243,124,472
243,124,477
243,124,486
243,124,489
245,105
245,152,297,105
245,152,358,105
245,152
245,105,297
245,105,358,152,297
245,152,297
245,105,358
245,152,358
105,245,152
105,297,152
105,358,152
105,297
105,358,152,297
105,358
152,297
152,358
248,23,292
248,23,292,422,421
248,23,292,422
248,23,480
248,23,292,422,27
250,185,314,313
250,485,399,185,314,313
250,185,314
250,485,399,185,314
250,185,399
250,485,399
250,485
255,227,226,436,482,95,96,98
255,227,226,436,482,95,97,173,96,98
255,482,95,96,98
255,482,95,97,173,96,98
255,227,226,436,482,95,96,30
255,227,226,436,482,95,97,173,96,30
255,482,95,96,30
255,482,95,97,173,96,30
255,227,226,436,482,95,96,121
255,227,226,436,482,95,97,173,96,121
255,482,95,96,121
255,482,95,97,173,96,121
255,227,226,436,482,95,96,361
255,227,226,436,482,95,97,173,96,361
255,482,95,96,361
255,482,95,97,173,96,361
255,227,226,436
255,482,436
255,482
255,227,226,436,482,212
255,482,212
261,25,272
265,53,478,52,383,288
265,53,478,52,383,384,288
265,53,496,52,383,288
265,53,496,52,383,384,288
265,52,383,288
265,52,383,384,288
265,53,478,52,383,288,289
265,53,478,52,383,384,288,289
265,53,496,52,383,288,289
265,53,496,52,383,384,288,289
265,52,383,288,289
265,52,383,384,288,289
265,53,293
265,52,478,53,293
265,52,496,53,293
265,53,352
265,52,478,53,352
265,52,496,53,352
265,53,478,52,383
265,53,496,52,383
265,52,383
265,53,478,52,383,384
265,53,496,52,383,384
265,52,383,384
265,53,462
265,52,478,53,462
265,52,496,53,462
265,53,478
265,53,496,52,478
265,52,478
265,53,496
265,52,496
265,53,506
265,52,478,53,506
265,52,496,53,506
265,53,537
265,52,478,53,537
265,52,496,53,537
267,31,307
267,31,431,32,307
267,31,431,33,307
267,31,32,178,33,307,308
267,31,32,307,308
267,31,32,431,33,307,308
267,31,33,307,308
267,31,307,308
267,31,431,32,178,33,307,308
267,31,431,32,307,308
267,31,431,33,307,308
267,31,32,168
267,31,33,178,32,168
267,31,33,307,32,168
267,31,33,431,32,168
267,31,307,32,168
267,31,307,33,178,32,168
267,31,307,33,431,32,168
267,31,431,32,168
267,31,431,33,178,32,168
267,31,431
276,124,306
276,124,353
276,124,367
276,124,402
276,124,432
276,124,464
276,124,472
276,124,477
276,124,486
276,124,489
288,289
288,383,52,51,53,293
288,383,52,114,53,293
288,383,52,265,53,293
288,383,52,478,53,293
288,383,52,496,53,293
288,384,383,52,51,53,293
288,384,383,52,114,53,293
288,384,383,52,265,53,293
288,384,383,52,478,53,293
288,384,383,52,496,53,293
288,383,52,51,53,352
288,383,52,114,53,352
288,383,52,265,53,352
288,383,52,478,53,352
288,383,52,496,53,352
288,384,383,52,51,53,352
288,384,383,52,114,53,352
288,384,383,52,265,53,352
288,384,383,52,478,53,352
288,384,383,52,496,53,352
288,383
288,384,383
288,384
288,383,52,51,53,462
288,383,52,114,53,462
288,383,52,265,53,462
288,383,52,478,53,462
288,383,52,496,53,462
288,384,383,52,51,53,462
288,384,383,52,114,53,462
288,384,383,52,265,53,462
288,384,383,52,478,53,462
288,384,383,52,496,53,462
288,383,52,478
288,383,52,496,53,478
288,384,383,52,478
288,384,383,52,496,53,478
288,383,52,496
288,384,383,52,496
288,383,52,51,53,506
288,383,52,114,53,506
288,383,52,265,53,506
288,383,52,478,53,506
288,383,52,496,53,506
288,384,383,52,51,53,506
288,384,383,52,114,53,506
288,384,383,52,265,53,506
288,384,383,52,478,53,506
288,384,383,52,496,53,506
288,383,52,51,53,537
288,383,52,114,53,537
288,383,52,265,53,537
288,383,52,478,53,537
288,383,52,496,53,537
288,384,383,52,51,53,537
288,384,383,52,114,53,537
288,384,383,52,265,53,537
288,384,383,52,478,53,537
288,384,383,52,496,53,537
289,288,383,52,51,53,293
289,288,383,52,114,53,293
289,288,383,52,265,53,293
289,288,383,52,478,53,293
289,288,383,52,496,53,293
289,288,384,383,52,51,53,293
289,288,384,383,52,114,53,293
289,288,384,383,52,265,53,293
289,288,384,383,52,478,53,293
289,288,384,383,52,496,53,293
289,288,383,52,51,53,352
289,288,383,52,114,53,352
289,288,383,52,265,53,352
289,288,383,52,478,53,352
289,288,383,52,496,53,352
289,288,384,383,52,51,53,352
289,288,384,383,52,114,53,352
289,288,384,383,52,265,53,352
289,288,384,383,52,478,53,352
289,288,384,383,52,496,53,352
289,288,383
289,288,384,383
289,288,384
289,288,383,52,51,53,462
289,288,383,52,114,53,462
289,288,383,52,265,53,462
289,288,383,52,478,53,462
289,288,383,52,496,53,462
289,288,384,383,52,51,53,462
289,288,384,383,52,114,53,462
289,288,384,383,52,265,53,462
289,288,384,383,52,478,53,462
289,288,384,383,52,496,53,462
289,288,383,52,478
289,288,383,52,496,53,478
289,288,384,383,52,478
289,288,384,383,52,496,53,478
289,288,383,52,496
289,288,384,383,52,496
289,288,383,52,51,53,506
289,288,383,52,114,53,506
289,288,383,52,265,53,506
289,288,383,52,478,53,506
289,288,383,52,496,53,506
289,288,384,383,52,51,53,506
289,288,384,383,52,114,53,506
289,288,384,383,52,265,53,506
289,288,384,383,52,478,53,506
289,288,384,383,52,496,53,506
289,288,383,52,51,53,537
289,288,383,52,114,53,537
289,288,383,52,265,53,537
289,288,383,52,478,53,537
289,288,383,52,496,53,537
289,288,384,383,52,51,53,537
289,288,384,383,52,114,53,537
289,288,384,383,52,265,53,537
289,288,384,383,52,478,53,537
289,288,384,383,52,496,53,537
292,422,421
292,422
292,23,480
292,422,27
293,53,352
293,53,51,52,383
293,53,114,52,383
293,53,265,52,383
293,53,478,52,383
293,53,496,52,383
293,53,51,52,383,384
293,53,114,52,383,384
293,53,265,52,383,384
293,53,478,52,383,384
293,53,496,52,383,384
293,53,462
293,53,478
293,53,496,52,478
293,53,496
293,53,506
293,53,537
297,105,358
297,152,358
306,124,353
306,124,367
306,124,402
306,124,432
306,124,464
306,124,472
306,124,477
306,124,486
306,124,489
307,308
307,32,168
307,31,431,32,168
307,33,431,32,168
307,32,431
307,31,431
307,33,431
308,307,32,168
308,307,31,32,168
308,307,31,33,178,32,168
308,307,31,33,431,32,168
308,307,31,431,32,168
308,307,31,431,33,178,32,168
308,307,33,31,32,168
308,307,33,178,32,168
308,307,33,431,32,168
308,307,32,431
308,307,31,431
308,307,33,431
310,311
313,314
313,314,185,399
313,314,185,184,186,485
313,314,185,399,485
313,314,185,250,485
314,185,399
314,185,184,186,485
314,185,399,485
314,185,250,485
352,53,51,52,383
352,53,114,52,383
352,53,265,52,383
352,53,478,52,383
352,53,496,52,383
352,53,51,52,383,384
352,53,114,52,383,384
352,53,265,52,383,384
352,53,478,52,383,384
352,53,496,52,383,384
352,53,462
352,53,478
352,53,496,52,478
352,53,496
352,53,506
352,53,537
353,124,367
353,124,402
353,124,432
353,124,464
353,124,472
353,124,477
353,124,486
353,124,489
168,32,431
98,96,30
98,96,121
98,96,361
98,96,95,482,436
98,96,173,97,95,482,436
98,96,95,482
98,96,173,97,95,482
98,96,95,482,212
98,96,173,97,95,482,212
30,96,121
30,96,361
30,96,95,482,436
30,96,173,97,95,482,436
30,96,95,482
30,96,173,97,95,482
30,96,95,482,212
30,96,173,97,95,482,212
121,96,361
121,96,95,482,436
121,96,173,97,95,482,436
121,96,95,482
121,96,173,97,95,482
121,96,95,482,212
121,96,173,97,95,482,212
361,96,95,482,436
361,96,173,97,95,482,436
361,96,95,482
361,96,173,97,95,482
361,96,95,482,212
361,96,173,97,95,482,212
362,302
362,329
362,363
362,494
302,362,329
302,362,363
302,362,494
329,362,363
329,362,494
363,362,494
364,365
364,236
365,364,236
367,124,402
367,124,432
367,124,464
367,124,472
367,124,477
367,124,486
367,124,489
372,273
373,9,505
383,384
383,52,51,53,462
383,52,114,53,462
383,52,265,53,462
383,52,478,53,462
383,52,496,53,462
383,52,478
383,52,496,53,478
383,52,496
383,52,51,53,506
383,52,114,53,506
383,52,265,53,506
383,52,478,53,506
383,52,496,53,506
383,52,51,53,537
383,52,114,53,537
383,52,265,53,537
383,52,478,53,537
383,52,496,53,537
384,383,52,51,53,462
384,383,52,114,53,462
384,383,52,265,53,462
384,383,52,478,53,462
384,383,52,496,53,462
384,383,52,478
384,383,52,496,53,478
384,383,52,496
384,383,52,51,53,506
384,383,52,114,53,506
384,383,52,265,53,506
384,383,52,478,53,506
384,383,52,496,53,506
384,383,52,51,53,537
384,383,52,114,53,537
384,383,52,265,53,537
384,383,52,478,53,537
384,383,52,496,53,537
399,485
402,124,432
402,124,464
402,124,472
402,124,477
402,124,486
402,124,489
404,36,413
414,196,529
418,315
418,403
315,418,403
421,422
421,422,292,23,480
421,422,27
422,292,23,480
422,27
432,124,464
432,124,472
432,124,477
432,124,486
432,124,489
87,195,479
87,195,502,174,175,531,112,479
87,195,502,112,479
87,532,531,112,479
87,532,531,112,502,195,479
87,532,531,175,174,176,112,479
87,532,531,175,174,502,112,479
87,532,531,175,174,502,195,479
87,532,112,479
87,532,112,502,195,479
87,195,502
87,532,531,112,502
87,532,531,175,174,502
87,532,112,502
87,195,194,112,531
87,195,176,174,175,531
87,195,176,174,502,112,531
87,195,176,112,531
87,195,479,112,531
87,195,502,174,175,531
87,195,502,112,531
87,532,531
87,532
436,482
436,482,212
449,94
462,53,478
462,53,496,52,478
462,53,496
462,53,506
462,53,537
464,124,472
464,124,477
464,124,486
464,124,489
472,124,477
472,124,486
472,124,489
477,124,486
477,124,489
478,52,496
478,53,496
478,52,496,53,506
478,53,506
478,52,496,53,537
478,53,537
479,112,502
479,112,531,175,174,502
479,112,532,531,175,174,502
479,195,502
479,112,531
479,112,532,531
479,195,176,174,175,531
479,195,87,532,531
479,195,502,174,175,531
479,195,502,112,531
479,195,502,112,532,531
479,112,532
479,195,176,174,175,531,532
479,195,87,532
479,195,502,174,175,531,532
479,195,502,112,532
480,23,292,422,27
482,212
486,124,489
496,53,506
496,53,537
497,379
499,454
502,174,175,531
502,112,531
502,112,532,531
502,195,87,532,531
502,174,175,531,532
502,112,532
502,195,87,532
506,53,537
531,532
