2,3
2,3,46
2,3,130
2,3,405
2,3,511
2,3,739
2,3,1385
3,46
3,130
3,405
3,511
3,739
3,1385
22,23
22,23,287
22,23,413
22,23,893
22,23,897
22,23,1272
22,23,1434
22,23,1473
22,23,1550
22,23,1553
23,287
23,413
23,893
23,897
23,1272
23,1434
23,1473
23,1550
23,1553
34,35
34,35,61,60
34,35,61,154,62,60
34,35,61,63,60
34,35,61,65,60
34,35,61,62,60
34,35,61
34,35,61,154,62
34,35,61,63,60,62
34,35,61,65,60,62
34,35,61,62
34,35,61,154,62,60,63
34,35,61,63
34,35,61,65,60,63
34,35,61,60,64
34,35,61,154,62,60,64
34,35,61,63,60,64
34,35,61,65,60,64
34,35,61,62,60,64
34,35,61,154,62,60,65
34,35,61,65
34,35,61,154
34,35,61,570
34,35,61,1269,1268,570
34,35,61,1040
34,35,61,570,1268
34,35,61,1269,1268
34,35,61,1269
34,35,61,60,62,73
34,35,61,154,62,73
34,35,61,63,60,62,73
34,35,61,65,60,62,73
34,35,61,62,73
35,61,60
35,61,154,62,60
35,61,63,60
35,61,65,60
35,61,62,60
35,61
35,61,154,62
35,61,63,60,62
35,61,65,60,62
35,61,62
35,61,154,62,60,63
35,61,63
35,61,65,60,63
35,61,60,64
35,61,154,62,60,64
35,61,63,60,64
35,61,65,60,64
35,61,62,60,64
35,61,154,62,60,65
35,61,65
35,61,154
35,61,570
35,61,1269,1268,570
35,61,1040
35,61,570,1268
35,61,1269,1268
35,61,1269
35,61,60,62,73
35,61,154,62,73
35,61,63,60,62,73
35,61,65,60,62,73
35,61,62,73
37,38
46,3,130
46,3,405
46,3,511
46,3,739
46,3,1385
52,53
52,54
52,54,1255
52,54,1089
53,52,54
53,52,54,1255
53,52,54,1089
54,1255
54,1089
60,61
60,62,154,61
60,62,61
60,63,61
60,65,61
60,62
60,63,61,154,62
60,63,61,62
60,65,61,154,62
60,65,61,62
60,63
60,65,61,63
60,64
60,65
60,61,154
60,62,154
60,63,61,154
60,65,61,154
60,61,570
60,61,1269,1268,570
60,62,154,61,570
60,62,154,61,1269,1268,570
60,62,61,570
60,62,61,1269,1268,570
60,63,61,570
60,63,61,1269,1268,570
60,65,61,570
60,65,61,1269,1268,570
60,61,1040
60,62,154,61,1040
60,62,61,1040
60,63,61,1040
60,65,61,1040
60,61,570,1268
60,61,1269,1268
60,62,154,61,570,1268
60,62,154,61,1269,1268
60,62,61,570,1268
60,62,61,1269,1268
60,63,61,570,1268
60,63,61,1269,1268
60,65,61,570,1268
60,65,61,1269,1268
60,61,1269
60,62,154,61,1269
60,62,61,1269
60,63,61,1269
60,65,61,1269
60,61,154,62,73
60,61,62,73
60,62,73
60,63,61,154,62,73
60,63,61,62,73
60,65,61,154,62,73
60,65,61,62,73
61,154,62
61,62
61,63
61,60,64
61,154,62,60,64
61,63,60,64
61,65,60,64
61,62,60,64
61,65
61,154
61,570
61,1269,1268,570
61,1040
61,570,1268
61,1269,1268
61,1269
61,154,62,73
61,62,73
62,60,63
62,60,65,61,63
62,154,61,63
62,154,61,65,60,63
62,61,63
62,60,64
62,154,61,63,60,64
62,154,61,65,60,64
62,61,63,60,64
62,61,65,60,64
62,60,65
62,154,61,65
62,61,65
62,154
62,60,63,61,570
62,60,63,61,1269,1268,570
62,60,65,61,570
62,60,65,61,1269,1268,570
62,154,61,570
62,154,61,1269,1268,570
62,61,570
62,61,1269,1268,570
62,60,63,61,1040
62,60,65,61,1040
62,154,61,1040
62,61,1040
62,60,63,61,570,1268
62,60,63,61,1269,1268
62,60,65,61,570,1268
62,60,65,61,1269,1268
62,154,61,570,1268
62,154,61,1269,1268
62,61,570,1268
62,61,1269,1268
62,60,63,61,1269
62,60,65,61,1269
62,154,61,1269
62,61,1269
62,73
63,60,64
63,61,65,60,64
63,60,65
63,61,65
63,60,62,154
63,60,65,61,154
63,61,154
63,60,62,154,61,570
63,60,62,154,61,1269,1268,570
63,60,65,61,570
63,60,65,61,1269,1268,570
63,61,570
63,61,1269,1268,570
63,60,62,154,61,1040
63,60,65,61,1040
63,61,1040
63,60,62,154,61,570,1268
63,60,62,154,61,1269,1268
63,60,65,61,570,1268
63,60,65,61,1269,1268
63,61,570,1268
63,61,1269,1268
63,60,62,154,61,1269
63,60,65,61,1269
63,61,1269
63,60,62,73
63,60,65,61,154,62,73
63,60,65,61,62,73
63,61,154,62,73
63,61,62,73
64,60,65
64,60,61,154
64,60,62,154
64,60,63,61,154
64,60,65,61,154
64,60,61,570
64,60,61,1269,1268,570
64,60,62,154,61,570
64,60,62,154,61,1269,1268,570
64,60,62,61,570
64,60,62,61,1269,1268,570
64,60,63,61,570
64,60,63,61,1269,1268,570
64,60,65,61,570
64,60,65,61,1269,1268,570
64,60,61,1040
64,60,62,154,61,1040
64,60,62,61,1040
64,60,63,61,1040
64,60,65,61,1040
64,60,61,570,1268
64,60,61,1269,1268
64,60,62,154,61,570,1268
64,60,62,154,61,1269,1268
64,60,62,61,570,1268
64,60,62,61,1269,1268
64,60,63,61,570,1268
64,60,63,61,1269,1268
64,60,65,61,570,1268
64,60,65,61,1269,1268
64,60,61,1269
64,60,62,154,61,1269
64,60,62,61,1269
64,60,63,61,1269
64,60,65,61,1269
64,60,61,154,62,73
64,60,61,62,73
64,60,62,73
64,60,63,61,154,62,73
64,60,63,61,62,73
64,60,65,61,154,62,73
64,60,65,61,62,73
65,60,62,154
65,61,154
65,60,62,154,61,570
65,60,62,154,61,1269,1268,570
65,61,570
65,61,1269,1268,570
65,60,62,154,61,1040
65,61,1040
65,60,62,154,61,570,1268
65,60,62,154,61,1269,1268
65,61,570,1268
65,61,1269,1268
65,60,62,154,61,1269
65,61,1269
65,60,62,73
65,61,154,62,73
65,61,62,73
81,82
84,85
84,1193,1103,796,1050,1093,85
84,1093,85
84,85,676,159
84,1193,1103,796,1050,1093,85,676,159
84,1093,85,676,159
84,85,676
84,1193,1103,796,1050,1093,85,676
84,1093,85,676
84,85,1093,1050
84,1193,1103,796,1050
84,1093,1050
84,85,1093,1050,892
84,1193,1103,796,1050,892
84,1093,1050,892
84,85,1093,1050,796
84,1193,1103,796
84,1093,1050,796
84,85,1093,1050,796,1103,1056
84,1193,1103,1056
84,1093,1050,796,1103,1056
84,85,1093,1050,796,1103,1056,930
84,1193,1103,1056,930
84,1093,1050,796,1103,1056,930
84,1193,1103,796,1050,1093
84,1093
84,85,1093,1050,796,1103
84,1193,1103
84,1093,1050,796,1103
84,1193
84,85,1093,1050,796,1103,1193,257
84,1193,257
84,1093,1050,796,1103,1193,257
85,676,159
85,676
85,84,1193,1103,796,1050
85,1093,1050
85,84,1193,1103,796,1050,892
85,1093,84,1193,1103,796,1050,892
85,1093,1050,892
85,84,1193,1103,796
85,1093,84,1193,1103,796
85,1093,1050,796
85,84,1193,1103,1056
85,1093,84,1193,1103,1056
85,1093,1050,796,1103,1056
85,84,1193,1103,1056,930
85,1093,84,1193,1103,1056,930
85,1093,1050,796,1103,1056,930
85,1093
85,84,1193,1103
85,1093,84,1193,1103
85,1093,1050,796,1103
85,84,1193
85,1093,84,1193
85,1093,1050,796,1103,1193
85,84,1193,257
85,1093,84,1193,257
85,1093,1050,796,1103,1193,257
90,91
90,1223
90,1223,1051
91,90,1223
91,90,1223,1051
92,93
92,93,1462
92,93,1467,1466
92,93,1467,1466,203
92,93,1467
93,1462
93,1467,1466
93,1467,1466,203
93,1467
111,746
113,114
120,121
120,923
120,923,924
120,923,925
120,923,926
120,923,927
120,923,928
120,923,927,864
120,923,924,331
120,923,925,249
120,923,926,439
120,923,928,225
121,120,923
121,120,923,924
121,120,923,925
121,120,923,926
121,120,923,927
121,120,923,928
121,120,923,927,864
121,120,923,924,331
121,120,923,925,249
121,120,923,926,439
121,120,923,928,225
130,3,405
130,3,511
130,3,739
130,3,1385
136,137
136,138
136,137,1469
137,136,138
137,1469
138,136,137,1469
141,142
141,142,261
141,142,261,262
141,142,735
141,142,918
141,142,918,919
141,142,918,919,1022
141,142,261,262,1115
141,142,261,262,1523
142,261
142,261,262
142,735
142,918
142,918,919
142,918,919,1022
142,261,262,1115
142,261,262,1523
154,61,570
154,61,1269,1268,570
154,61,1040
154,61,570,1268
154,61,1269,1268
154,61,1269
154,62,73
159,676
159,676,85,84,1193,1103,796,1050
159,676,85,84,1093,1050
159,676,85,1093,1050
159,676,85,84,1193,1103,796,1050,892
159,676,85,84,1093,1050,892
159,676,85,1093,84,1193,1103,796,1050,892
159,676,85,1093,1050,892
159,676,85,84,1193,1103,796
159,676,85,84,1093,1050,796
159,676,85,1093,84,1193,1103,796
159,676,85,1093,1050,796
159,676,85,84,1193,1103,1056
159,676,85,84,1093,1050,796,1103,1056
159,676,85,1093,84,1193,1103,1056
159,676,85,1093,1050,796,1103,1056
159,676,85,84,1193,1103,1056,930
159,676,85,84,1093,1050,796,1103,1056,930
159,676,85,1093,84,1193,1103,1056,930
159,676,85,1093,1050,796,1103,1056,930
159,676,85,1093
159,676,85,84,1193,1103
159,676,85,84,1093,1050,796,1103
159,676,85,1093,84,1193,1103
159,676,85,1093,1050,796,1103
159,676,85,84,1193
159,676,85,1093,84,1193
159,676,85,1093,1050,796,1103,1193
159,676,85,84,1193,257
159,676,85,84,1093,1050,796,1103,1193,257
159,676,85,1093,84,1193,257
159,676,85,1093,1050,796,1103,1193,257
173,174
187,188
187,189
187,190
187,191
187,192
187,1480
187,1480,1257
187,1480,1278
187,1480,968
187,1480,1481
188,187,189
188,187,190
188,187,191
188,187,192
188,187,1480
188,187,1480,1257
188,187,1480,1278
188,187,1480,968
188,187,1480,1481
189,187,190
189,187,191
189,187,192
189,187,1480
189,187,1480,1257
189,187,1480,1278
189,187,1480,968
189,187,1480,1481
190,187,191
190,187,192
190,187,1480
190,187,1480,1257
190,187,1480,1278
190,187,1480,968
190,187,1480,1481
191,187,192
191,187,1480
191,187,1480,1257
191,187,1480,1278
191,187,1480,968
191,187,1480,1481
192,187,1480
192,187,1480,1257
192,187,1480,1278
192,187,1480,968
192,187,1480,1481
200,201
200,201,538
200,201,1171
200,201,1220,1172,1171
200,201,1171,1172
200,201,1220,1172
200,201,1171,1172,1220,1219
200,201,1220,1219
200,201,1171,1172,1220,1219,193
200,201,1220,1219,193
200,201,1220
200,201,1307
200,201,1407
200,201,1522
201,538
201,1171
201,1220,1172,1171
201,1171,1172
201,1220,1172
201,1171,1172,1220,1219
201,1220,1219
201,1171,1172,1220,1219,193
201,1220,1219,193
201,1220
201,1307
201,1407
201,1522
210,211
223,224
234,235
243,244
252,253
252,254
253,252,254
261,262
261,142,735
261,142,918
261,142,918,919
261,142,918,919,1022
261,262,1115
261,262,1523
262,261,142,735
262,261,142,918
262,261,142,918,919
262,261,142,918,919,1022
262,1115
262,1523
265,266
265,267,745,102,266
265,267,745,102,1445,403,266
265,267,1445,102,266
265,267,1445,403,266
265,267
265,268
265,269
265,270
265,271
265,266,102,745,267,719
265,266,102,1445,267,719
265,266,403,1445,102,745,267,719
265,266,403,1445,267,719
265,267,719
265,266,102,745
265,266,102,1445,267,745
265,266,403,1445,102,745
265,266,403,1445,267,745
265,267,745
265,267,1445,102,745
265,266,102
265,266,403,1445,102
265,267,745,102
265,267,1445,102
265,267,1445,403,266,102
265,266,403
265,267,745,102,266,403
265,267,745,102,1445,403
265,267,1445,403
265,266,102,1445
265,266,403,1445
265,267,1445
265,266,102,745,267,1559
265,266,102,1445,267,1559
265,266,403,1445,102,745,267,1559
265,266,403,1445,267,1559
265,267,1559
266,265,267
266,102,745,267
266,102,1445,267
266,403,1445,102,745,267
266,403,1445,267
266,265,268
266,102,745,267,265,268
266,102,1445,267,265,268
266,403,1445,102,745,267,265,268
266,403,1445,267,265,268
266,265,269
266,102,745,267,265,269
266,102,1445,267,265,269
266,403,1445,102,745,267,265,269
266,403,1445,267,265,269
266,265,270
266,102,745,267,265,270
266,102,1445,267,265,270
266,403,1445,102,745,267,265,270
266,403,1445,267,265,270
266,265,271
266,102,745,267,265,271
266,102,1445,267,265,271
266,403,1445,102,745,267,265,271
266,403,1445,267,265,271
266,265,267,719
266,102,745,267,719
266,102,1445,267,719
266,403,1445,102,745,267,719
266,403,1445,267,719
266,265,267,745
266,102,745
266,102,1445,267,745
266,403,1445,102,745
266,403,1445,267,745
266,102
266,403,1445,102
266,403
266,265,267,1445
266,102,1445
266,403,1445
266,265,267,1559
266,102,745,267,1559
266,102,1445,267,1559
266,403,1445,102,745,267,1559
266,403,1445,267,1559
267,265,268
267,265,269
267,265,270
267,265,271
267,719
267,745
267,1445,102,745
267,265,266,102
267,745,102
267,1445,102
267,1445,403,266,102
267,265,266,403
267,745,102,266,403
267,745,102,1445,403
267,1445,403
267,1445
267,1559
268,265,269
268,265,270
268,265,271
268,265,266,102,745,267,719
268,265,266,102,1445,267,719
268,265,266,403,1445,102,745,267,719
268,265,266,403,1445,267,719
268,265,267,719
268,265,266,102,745
268,265,266,102,1445,267,745
268,265,266,403,1445,102,745
268,265,266,403,1445,267,745
268,265,267,745
268,265,267,1445,102,745
268,265,266,102
268,265,266,403,1445,102
268,265,267,745,102
268,265,267,1445,102
268,265,267,1445,403,266,102
268,265,266,403
268,265,267,745,102,266,403
268,265,267,745,102,1445,403
268,265,267,1445,403
268,265,266,102,1445
268,265,266,403,1445
268,265,267,1445
268,265,266,102,745,267,1559
268,265,266,102,1445,267,1559
268,265,266,403,1445,102,745,267,1559
268,265,266,403,1445,267,1559
268,265,267,1559
269,265,270
269,265,271
269,265,266,102,745,267,719
269,265,266,102,1445,267,719
269,265,266,403,1445,102,745,267,719
269,265,266,403,1445,267,719
269,265,267,719
269,265,266,102,745
269,265,266,102,1445,267,745
269,265,266,403,1445,102,745
269,265,266,403,1445,267,745
269,265,267,745
269,265,267,1445,102,745
269,265,266,102
269,265,266,403,1445,102
269,265,267,745,102
269,265,267,1445,102
269,265,267,1445,403,266,102
269,265,266,403
269,265,267,745,102,266,403
269,265,267,745,102,1445,403
269,265,267,1445,403
269,265,266,102,1445
269,265,266,403,1445
269,265,267,1445
269,265,266,102,745,267,1559
269,265,266,102,1445,267,1559
269,265,266,403,1445,102,745,267,1559
269,265,266,403,1445,267,1559
269,265,267,1559
270,265,271
270,265,266,102,745,267,719
270,265,266,102,1445,267,719
270,265,266,403,1445,102,745,267,719
270,265,266,403,1445,267,719
270,265,267,719
270,265,266,102,745
270,265,266,102,1445,267,745
270,265,266,403,1445,102,745
270,265,266,403,1445,267,745
270,265,267,745
270,265,267,1445,102,745
270,265,266,102
270,265,266,403,1445,102
270,265,267,745,102
270,265,267,1445,102
270,265,267,1445,403,266,102
270,265,266,403
270,265,267,745,102,266,403
270,265,267,745,102,1445,403
270,265,267,1445,403
270,265,266,102,1445
270,265,266,403,1445
270,265,267,1445
270,265,266,102,745,267,1559
270,265,266,102,1445,267,1559
270,265,266,403,1445,102,745,267,1559
270,265,266,403,1445,267,1559
270,265,267,1559
271,265,266,102,745,267,719
271,265,266,102,1445,267,719
271,265,266,403,1445,102,745,267,719
271,265,266,403,1445,267,719
271,265,267,719
271,265,266,102,745
271,265,266,102,1445,267,745
271,265,266,403,1445,102,745
271,265,266,403,1445,267,745
271,265,267,745
271,265,267,1445,102,745
271,265,266,102
271,265,266,403,1445,102
271,265,267,745,102
271,265,267,1445,102
271,265,267,1445,403,266,102
271,265,266,403
271,265,267,745,102,266,403
271,265,267,745,102,1445,403
271,265,267,1445,403
271,265,266,102,1445
271,265,266,403,1445
271,265,267,1445
271,265,266,102,745,267,1559
271,265,266,102,1445,267,1559
271,265,266,403,1445,102,745,267,1559
271,265,266,403,1445,267,1559
271,265,267,1559
285,167
287,23,413
287,23,893
287,23,897
287,23,1272
287,23,1434
287,23,1473
287,23,1550
287,23,1553
292,543
302,303
313,314
313,314,385
313,1137
313,1137,563
314,385
314,313,1137
314,313,1137,563
324,289
336,337
336,337,639
336,337,692
336,337,716
336,337,979
337,639
337,692
337,716
337,979
338,339
338,207
338,339,721
338,339,721,128
338,339,1048
338,339,1048,860
338,339,1129
338,339,1129,1130
338,339,1301
338,339,1301,1285
338,339,1428
338,339,1428,1345
339,338,207
339,721
339,721,128
339,1048
339,1048,860
339,1129
339,1129,1130
339,1301
339,1301,1285
339,1428
339,1428,1345
207,338,339,721
207,338,339,721,128
207,338,339,1048
207,338,339,1048,860
207,338,339,1129
207,338,339,1129,1130
207,338,339,1301
207,338,339,1301,1285
207,338,339,1428
207,338,339,1428,1345
342,9
342,343,371,9
342,344,371,9
342,345,372,370,371,9
342,345,371,9
342,370,371,9
342,343
342,344,371,343
342,345,372,370,371,343
342,345,371,343
342,370,371,343
342,344
342,345,372,370,371,344
342,345,371,344
342,370,371,344
342,345
342,370,371,345
342,370,372,345
342,370
342,9,371
342,343,371
342,344,371
342,345,372,370,371
342,345,371
342,370,371
342,9,371,370,372
342,9,371,345,372
342,343,371,370,372
342,343,371,345,372
342,344,371,370,372
342,344,371,345,372
342,345,372
342,370,372
342,9,371,370,372,345,792
342,9,371,345,792
342,343,371,370,372,345,792
342,343,371,345,792
342,344,371,370,372,345,792
342,344,371,345,792
342,345,792
342,370,371,345,792
342,370,372,345,792
9,342,343
9,342,344,371,343
9,342,345,372,370,371,343
9,342,345,371,343
9,342,370,371,343
9,371,343
9,342,344
9,342,345,372,370,371,344
9,342,345,371,344
9,342,370,371,344
9,371,344
9,342,345
9,342,370,371,345
9,342,370,372,345
9,371,370,372,345
9,371,345
9,342,370
9,371,370
9,371
9,342,343,371,370,372
9,342,343,371,345,372
9,342,344,371,370,372
9,342,344,371,345,372
9,342,345,372
9,342,370,372
9,371,370,372
9,371,345,372
9,342,343,371,370,372,345,792
9,342,343,371,345,792
9,342,344,371,370,372,345,792
9,342,344,371,345,792
9,342,345,792
9,342,370,371,345,792
9,342,370,372,345,792
9,371,370,372,345,792
9,371,345,792
343,342,344
343,342,345,372,370,371,344
343,342,345,371,344
343,342,370,371,344
343,371,344
343,342,345
343,342,370,371,345
343,342,370,372,345
343,371,370,372,345
343,371,345
343,342,370
343,371,370
343,371
343,342,344,371,370,372
343,342,344,371,345,372
343,342,345,372
343,342,370,372
343,371,370,372
343,371,345,372
343,342,344,371,370,372,345,792
343,342,344,371,345,792
343,342,345,792
343,342,370,371,345,792
343,342,370,372,345,792
343,371,370,372,345,792
343,371,345,792
344,342,345
344,342,370,371,345
344,342,370,372,345
344,371,370,372,345
344,371,345
344,342,370
344,371,370
344,371
344,342,345,372
344,342,370,372
344,371,370,372
344,371,345,372
344,342,345,792
344,342,370,371,345,792
344,342,370,372,345,792
344,371,370,372,345,792
344,371,345,792
345,342,370
345,372,370
345,371,370
345,372,370,371
345,371
345,372
345,792
348,349
348,350
348,349,323
349,348,350
349,323
350,348,349,323
365,366
365,367,1009,366
365,367
365,366,1009,367,430
365,367,430
365,366,1009,367,633
365,367,633
365,366,1009
365,367,1009
366,365,367
366,1009,367
366,365,367,430
366,1009,367,430
366,365,367,633
366,1009,367,633
366,1009
367,430
367,633
367,1009
370,371
370,372
370,371,345,792
370,342,345,792
370,372,345,792
371,370,372
371,345,372
371,370,372,345,792
371,345,792
372,345,792
385,314,313,1137
385,314,313,1137,563
391,392
396,397
396,1570
396,1570,216
397,396,1570
397,396,1570,216
398,399
398,400
398,399,861
398,399,1152,861
398,399,1152
398,399,1521
398,399,1521,619
398,399,1521,1520
399,398,400
399,861
399,1152,861
399,1152
399,1521
399,1521,619
399,1521,1520
400,398,399,861
400,398,399,1152,861
400,398,399,1152
400,398,399,1521
400,398,399,1521,619
400,398,399,1521,1520
405,3,511
405,3,739
405,3,1385
413,23,893
413,23,897
413,23,1272
413,23,1434
413,23,1473
413,23,1550
413,23,1553
430,367,633
430,367,1009
437,438
437,438,1062
437,438,1270
438,1062
438,1270
441,442
441,122,663,442
441,122,663,664,761,442
441,122,663,664,1399,442
441,122,761,442
441,122,761,664,1399,442
441,122,985,442
441,122,1399,442
441,122
441,442,663
441,442,761,122,663
441,442,761,122,1399,664,663
441,442,761,664,663
441,442,985,122,663
441,442,985,122,761,664,663
441,442,985,122,1399,664,663
441,442,1399,122,663
441,442,1399,664,663
441,122,663
441,122,761,664,663
441,122,1399,664,663
441,442,663,664
441,442,761,664
441,442,985,122,663,664
441,442,985,122,761,664
441,442,985,122,1399,664
441,442,1399,664
441,122,663,664
441,122,761,664
441,122,1399,664
441,442,761
441,442,985,122,761
441,442,985,122,1399,664,761
441,442,1399,122,761
441,442,1399,664,761
441,122,761
441,122,1399,664,761
441,442,985
441,442,1399,122,985
441,122,985
441,442,1399
441,122,1399
442,441,122
442,663,122
442,663,664,761,122
442,663,664,1399,122
442,761,122
442,761,664,1399,122
442,985,122
442,1399,122
442,663
442,761,122,663
442,761,122,1399,664,663
442,761,664,663
442,985,122,663
442,985,122,761,664,663
442,985,122,1399,664,663
442,1399,122,663
442,1399,664,663
442,441,122,663,664
442,441,122,761,664
442,441,122,1399,664
442,663,664
442,761,664
442,985,122,663,664
442,985,122,761,664
442,985,122,1399,664
442,1399,664
442,761
442,985,122,761
442,985,122,1399,664,761
442,1399,122,761
442,1399,664,761
442,985
442,1399,122,985
442,1399
122,663
122,761,664,663
122,1399,664,663
122,663,664
122,761,664
122,1399,664
122,761
122,1399,664,761
122,985
122,1399
453,106
453,106,518
453,106,685
453,106,956
106,518
106,685
106,956
463,460
476,310
482,483
482,483,1502
483,1502
500,284
500,208
284,500,208
502,479
502,503,1274,479
502,503
502,479,1274
502,503,1274
479,502,503
479,1274,503
479,1274
503,1274
511,3,739
511,3,1385
518,106,685
518,106,956
522,523
522,523,1174
522,523,1298
523,1174
523,1298
529,319
530,531
530,532
530,533
530,175
530,534
530,431
530,535
530,536
530,537
531,530,532
531,530,533
531,530,175
531,530,534
531,530,431
531,530,535
531,530,536
531,530,537
532,530,533
532,530,175
532,530,534
532,530,431
532,530,535
532,530,536
532,530,537
533,530,175
533,530,534
533,530,431
533,530,535
533,530,536
533,530,537
175,530,534
175,530,431
175,530,535
175,530,536
175,530,537
534,530,431
534,530,535
534,530,536
534,530,537
431,530,535
431,530,536
431,530,537
535,530,536
535,530,537
536,530,537
538,201,1171
538,201,1220,1172,1171
538,201,1171,1172
538,201,1220,1172
538,201,1171,1172,1220,1219
538,201,1220,1219
538,201,1171,1172,1220,1219,193
538,201,1220,1219,193
538,201,1220
538,201,1307
538,201,1407
538,201,1522
565,301
570,61,1040
570,1268,1269,61,1040
570,1268
570,61,1269
570,1268,1269
570,61,60,62,73
570,61,154,62,73
570,61,63,60,62,73
570,61,65,60,62,73
570,61,62,73
570,1268,1269,61,60,62,73
570,1268,1269,61,154,62,73
570,1268,1269,61,63,60,62,73
570,1268,1269,61,65,60,62,73
570,1268,1269,61,62,73
571,88
571,88,1383
88,1383
572,573
580,95
580,95,1149
95,1149
581,582
581,582,1018
582,1018
584,585
584,1196
585,584,1196
588,589
590,591
590,591,673
590,1097
590,591,1529
590,591,1529,429
590,591,1529,1052
591,673
591,590,1097
591,1529
591,1529,429
591,1529,1052
599,600
601,602
605,466
605,606
466,605,606
622,513
623,624
623,624,828
623,624,876
624,828
624,876
639,337,692
639,337,716
639,337,979
648,645
648,649
648,649,1007
645,648,649
645,648,649,1007
649,1007
659,660
659,808
660,659,808
663,664
663,442,761
663,442,985,122,761
663,442,985,122,1399,664,761
663,442,1399,122,761
663,442,1399,664,761
663,122,761
663,122,1399,664,761
663,664,761
663,442,985
663,442,1399,122,985
663,122,985
663,664,761,442,985
663,664,761,122,985
663,664,1399,442,985
663,664,1399,122,985
663,442,1399
663,122,1399
663,664,1399
664,761
664,663,442,985
664,663,122,985
664,761,442,985
664,761,122,985
664,1399,442,985
664,1399,122,985
664,1399
673,591,590,1097
673,591,1529
673,591,1529,429
673,591,1529,1052
676,85,84,1193,1103,796,1050
676,85,84,1093,1050
676,85,1093,1050
676,85,84,1193,1103,796,1050,892
676,85,84,1093,1050,892
676,85,1093,84,1193,1103,796,1050,892
676,85,1093,1050,892
676,85,84,1193,1103,796
676,85,84,1093,1050,796
676,85,1093,84,1193,1103,796
676,85,1093,1050,796
676,85,84,1193,1103,1056
676,85,84,1093,1050,796,1103,1056
676,85,1093,84,1193,1103,1056
676,85,1093,1050,796,1103,1056
676,85,84,1193,1103,1056,930
676,85,84,1093,1050,796,1103,1056,930
676,85,1093,84,1193,1103,1056,930
676,85,1093,1050,796,1103,1056,930
676,85,1093
676,85,84,1193,1103
676,85,84,1093,1050,796,1103
676,85,1093,84,1193,1103
676,85,1093,1050,796,1103
676,85,84,1193
676,85,1093,84,1193
676,85,1093,1050,796,1103,1193
676,85,84,1193,257
676,85,84,1093,1050,796,1103,1193,257
676,85,1093,84,1193,257
676,85,1093,1050,796,1103,1193,257
682,683
685,106,956
692,337,716
692,337,979
693,694
698,699
698,699,783
699,783
714,375
716,337,979
717,718
719,267,745
719,267,1445,102,745
719,267,265,266,102
719,267,265,266,403,1445,102
719,267,745,102
719,267,1445,102
719,267,1445,403,266,102
719,267,265,266,403
719,267,745,102,266,403
719,267,745,102,1445,403
719,267,1445,403
719,267,1445
719,267,1559
721,128
721,339,1048
721,339,1048,860
721,339,1129
721,339,1129,1130
721,339,1301
721,339,1301,1285
721,339,1428
721,339,1428,1345
128,721,339,1048
128,721,339,1048,860
128,721,339,1129
128,721,339,1129,1130
128,721,339,1301
128,721,339,1301,1285
128,721,339,1428
128,721,339,1428,1345
729,730
735,142,918
735,142,918,919
735,142,918,919,1022
735,142,261,262,1115
735,142,261,262,1523
739,3,1385
741,263
743,299
743,299,881
743,299,914
743,299,1076
743,299,1531
299,881
299,914
299,1076
299,1531
745,102
745,267,265,266,403
745,267,1445,403
745,102,266,403
745,102,1445,403
745,267,1445
745,102,1445
745,267,1559
745,102,1445,267,1559
102,266,403
102,1445,403
102,1445
102,745,267,1559
102,266,265,267,1559
102,266,403,1445,267,1559
102,1445,403,266,265,267,1559
102,1445,267,1559
755,756
761,442,985
761,442,1399,122,985
761,122,985
761,664,1399,442,985
761,664,1399,122,985
761,442,1399
761,122,1399
761,664,1399
797,148
633,367,1009
821,613
823,824
826,184
829,457
403,1445
403,266,265,267,1559
403,266,102,745,267,1559
403,1445,102,745,267,1559
403,1445,267,1559
845,846
847,848
847,264
847,710
847,710,1465
847,710,1465,971
847,710,1465,14
847,710,1509
848,847,264
848,847,710
848,847,710,1465
848,847,710,1465,971
848,847,710,1465,14
848,847,710,1509
264,847,710
264,847,710,1465
264,847,710,1465,971
264,847,710,1465,14
264,847,710,1509
710,1465
710,1465,971
710,1465,14
710,1509
853,854
861,1152
861,399,1521
861,1152,399,1521
861,399,1521,619
861,1152,399,1521,619
861,399,1521,1520
861,1152,399,1521,1520
828,624,876
881,299,914
881,299,1076
881,299,1531
893,23,897
893,23,1272
893,23,1434
893,23,1473
893,23,1550
893,23,1553
895,896
897,23,1272
897,23,1434
897,23,1473
897,23,1550
897,23,1553
913,412
913,412,1034
412,1034
914,299,1076
914,299,1531
915,916
915,382
915,838
915,917
916,915,382
916,915,838
916,915,917
382,915,838
382,915,917
838,915,917
918,919
918,919,1022
918,142,261,262,1115
918,142,261,262,1523
919,1022
919,918,142,261,262,1115
919,918,142,261,262,1523
923,924
923,925
923,926
923,927
923,928
923,927,864
923,924,331
923,925,249
923,926,439
923,928,225
924,923,925
924,923,926
924,923,927
924,923,928
924,923,927,864
924,331
924,923,925,249
924,923,926,439
924,923,928,225
925,923,926
925,923,927
925,923,928
925,923,927,864
925,923,924,331
925,249
925,923,926,439
925,923,928,225
926,923,927
926,923,928
926,923,927,864
926,923,924,331
926,923,925,249
926,439
926,923,928,225
927,923,928
927,864
927,923,924,331
927,923,925,249
927,923,926,439
927,923,928,225
928,923,927,864
928,923,924,331
928,923,925,249
928,923,926,439
928,225
953,360
959,960
964,194
965,281
965,966
281,965,966
985,442,1399
985,122,1399
988,217
988,217,1259
217,1259
989,990
989,305
990,989,305
864,927,923,924,331
864,927,923,925,249
864,927,923,926,439
864,927,923,928,225
1010,1011
1010,312
1011,1010,312
1012,1013
1022,919,918,142,261,262,1115
1022,919,918,142,261,262,1523
1024,612
1040,61,570,1268
1040,61,1269,1268
1040,61,1269
1040,61,60,62,73
1040,61,154,62,73
1040,61,63,60,62,73
1040,61,65,60,62,73
1040,61,62,73
1043,341
1048,860
1048,339,1129
1048,339,1129,1130
1048,339,1301
1048,339,1301,1285
1048,339,1428
1048,339,1428,1345
860,1048,339,1129
860,1048,339,1129,1130
860,1048,339,1301
860,1048,339,1301,1285
860,1048,339,1428
860,1048,339,1428,1345
1050,892
1050,796
1050,796,1103,1056
1050,1093,85,84,1193,1103,1056
1050,1093,84,1193,1103,1056
1050,796,1103,1056,930
1050,1093,85,84,1193,1103,1056,930
1050,1093,84,1193,1103,1056,930
1050,1093
1050,796,1103
1050,1093,85,84,1193,1103
1050,1093,84,1193,1103
1050,796,1103,1193
1050,1093,85,84,1193
1050,1093,84,1193
1050,796,1103,1193,257
1050,1093,85,84,1193,257
1050,1093,84,1193,257
892,1050,796
892,1050,1093,84,1193,1103,796
892,1050,796,1103,1056
892,1050,1093,85,84,1193,1103,1056
892,1050,1093,84,1193,1103,1056
892,1050,796,1103,1056,930
892,1050,1093,85,84,1193,1103,1056,930
892,1050,1093,84,1193,1103,1056,930
892,1050,1093
892,1050,796,1103
892,1050,1093,85,84,1193,1103
892,1050,1093,84,1193,1103
892,1050,796,1103,1193
892,1050,1093,85,84,1193
892,1050,1093,84,1193
892,1050,796,1103,1193,257
892,1050,1093,85,84,1193,257
892,1050,1093,84,1193,257
796,1050,1093,85,84,1193,1103,1056
796,1050,1093,84,1193,1103,1056
796,1103,1056
796,1050,1093,85,84,1193,1103,1056,930
796,1050,1093,84,1193,1103,1056,930
796,1103,1056,930
796,1050,1093
796,1103,1193,84,1093
796,1103
796,1050,1093,85,84,1193
796,1050,1093,84,1193
796,1103,1193
796,1050,1093,85,84,1193,257
796,1050,1093,84,1193,257
796,1103,1193,257
1056,930
1056,1103,796,1050,1093
1056,1103,1193,84,1093
1056,1103
1056,1103,1193
1056,1103,796,1050,1093,85,84,1193,257
1056,1103,796,1050,1093,84,1193,257
1056,1103,1193,257
930,1056,1103,796,1050,1093
930,1056,1103,1193,84,1093
930,1056,1103
930,1056,1103,1193
930,1056,1103,796,1050,1093,85,84,1193,257
930,1056,1103,796,1050,1093,84,1193,257
930,1056,1103,1193,257
1062,438,1270
1064,1065
1064,1065,340,1449
1064,1065,340
1064,1065,1471
1065,340,1449
1065,340
1065,1471
1073,1074
1073,1378
1074,1073,1378
1076,299,1531
1080,1030
1080,1030,1493
1030,1493
1093,84,1193,1103
1093,1050,796,1103
1093,84,1193
1093,1050,796,1103,1193
1093,84,1193,257
1093,1050,796,1103,1193,257
1097,590,591,1529
1097,590,591,1529,429
1097,590,591,1529,1052
1103,1193
1103,1193,257
1105,574
1105,574,1189
574,1189
1107,652
1115,262,1523
1116,297
1120,404
1129,1130
1129,339,1301
1129,339,1301,1285
1129,339,1428
1129,339,1428,1345
1130,1129,339,1301
1130,1129,339,1301,1285
1130,1129,339,1428
1130,1129,339,1428,1345
1137,563
1139,293
1152,399,1521
1152,399,1521,619
1152,399,1521,1520
1167,671
1171,1172
1171,201,1220,1219
1171,1172,1220,1219
1171,201,1220,1219,193
1171,1172,1220,1219,193
1171,201,1220
1171,1172,1220
1171,201,1307
1171,1172,1220,201,1307
1171,201,1407
1171,1172,1220,201,1407
1171,201,1522
1171,1172,1220,201,1522
1172,1220,1219
1172,1220,1219,193
1172,1220
1172,1171,201,1307
1172,1220,201,1307
1172,1171,201,1407
1172,1220,201,1407
1172,1171,201,1522
1172,1220,201,1522
1173,884
1173,1478
1173,1478,1300
1173,1478,1200
884,1173,1478
884,1173,1478,1300
884,1173,1478,1200
1174,523,1298
1177,1178
1193,257
1194,1195
1202,1203
1219,193
1219,1220
1219,1220,201,1307
1219,1220,1172,1171,201,1307
1219,1220,201,1407
1219,1220,1172,1171,201,1407
1219,1220,201,1522
1219,1220,1172,1171,201,1522
193,1219,1220
193,1219,1220,201,1307
193,1219,1220,1172,1171,201,1307
193,1219,1220,201,1407
193,1219,1220,1172,1171,201,1407
193,1219,1220,201,1522
193,1219,1220,1172,1171,201,1522
1220,201,1307
1220,201,1407
1220,201,1522
1223,1051
331,924,923,925,249
331,924,923,926,439
331,924,923,928,225
1267,900
1267,186
900,1267,186
1268,1269
1268,1269,61,60,62,73
1268,1269,61,154,62,73
1268,1269,61,63,60,62,73
1268,1269,61,65,60,62,73
1268,1269,61,62,73
1268,570,61,60,62,73
1268,570,61,154,62,73
1268,570,61,63,60,62,73
1268,570,61,65,60,62,73
1268,570,61,62,73
1269,61,60,62,73
1269,61,154,62,73
1269,61,63,60,62,73
1269,61,65,60,62,73
1269,61,62,73
1272,23,1434
1272,23,1473
1272,23,1550
1272,23,1553
1276,903
249,925,923,926,439
249,925,923,928,225
1280,662
1301,1285
1301,339,1428
1301,339,1428,1345
1285,1301,339,1428
1285,1301,339,1428,1345
1307,201,1407
1307,201,1522
1329,941
1351,1157
1351,1157,1400
1157,1400
1352,794
1255,54,1089
1366,326
1370,653
1405,461
1407,201,1522
1421,609
1428,1345
1434,23,1473
1434,23,1550
1434,23,1553
1440,586
1445,267,1559
1449,340
1449,340,1065,1471
340,1065,1471
1450,1431
439,926,923,928,225
1461,1191
1462,93,1467,1466
1462,93,1467,1466,203
1462,93,1467
1463,1113
1465,971
1465,14
1465,710,1509
971,1465,14
971,1465,710,1509
14,1465,710,1509
1466,203
1466,1467
203,1466,1467
1468,452
1473,23,1550
1473,23,1553
1478,1300
1478,1200
1300,1478,1200
1480,1257
1480,1278
1480,968
1480,1481
1257,1480,1278
1257,1480,968
1257,1480,1481
1278,1480,968
1278,1480,1481
968,1480,1481
1483,1088
1483,490
1483,1554
1088,1483,490
1088,1483,1554
490,1483,1554
1487,1250
1503,28
1517,1112
1521,619
1521,1520
619,1521,1520
1529,429
1529,1052
429,1529,1052
1535,769
1536,1413
1548,630
1550,23,1553
1552,780
1565,920
1570,216
1571,1123
1576,1342
