[275, 28, 29, 41]
[275, 28, 29, 65]
[178, 18, 19]
[104, 82, 107]
[24, 25, 18]
[90, 183]
[239, 240]
[152, 46, 39]
[42, 33]
[113, 16]
[172, 173]
[178, 18, 40, 44]
[84, 39]
[28, 18, 40]
[99, 228, 116, 100, 101]
[67, 27]
[99, 228, 116, 100, 125]
[146, 149]
[54, 55]
[77, 93]
[29, 65, 66]
[105, 270]
[59, 29, 65]
[192, 27]
[59, 29, 41]
[61, 262]
[45, 74]
[77, 78, 99, 116, 101]
[38, 39]
[14, 145, 146, 116, 228, 149]
[89, 90]
[193, 194]
[63, 13]
[269, 47, 48]
[59, 18]
[36, 60]
[275, 28, 44]
[146, 116, 101]
[199, 200]
[237, 200]
[73, 74, 21]
[141, 158]
[78, 99, 116, 182]
[116, 228, 149]
[15, 198]
[140, 18, 19]
[28, 18, 86]
[143, 144]
[99, 228, 116, 182]
[112, 113, 16]
[77, 78, 99, 116, 100]
[205, 46]
[77, 78, 99, 116]
[94, 95]
[138, 19]
[93, 177]
[59, 29]
[28, 197]
[181, 158]
[136, 14, 145, 146, 116, 228]
[140, 197]
[201, 202, 259]
[247, 243, 244]
[210, 18, 19]
[43, 258]
[93, 6]
[29, 74, 21]
[63, 39]
[12, 83]
[93, 130]
[29, 117]
[165, 109]
[24, 25, 18, 86]
[136, 14, 145, 146, 116, 101]
[15, 285]
[133, 134]
[164, 18, 40, 44]
[219, 136, 14, 145, 146]
[188, 189]
[268, 240]
[22, 23]
[78, 99, 228, 116, 100]
[143, 19]
[29, 122]
[86, 18, 19]
[14, 145, 146, 116, 100, 125]
[30, 31, 49]
[136, 14, 145, 146, 116, 100]
[28, 44]
[29, 65, 98]
[201, 202]
[2, 3]
[203, 204]
[78, 99, 147, 206]
[14, 145, 146, 116, 100, 101]
[77, 78, 99, 228]
[163, 27]
[87, 88]
[136, 14, 145, 146, 116, 228, 149]
[99, 147, 206]
[46, 39]
[248, 249]
[275, 28, 18, 40, 44]
[78, 99, 284]
[235, 113, 16]
[119, 135]
[157, 10]
[275, 28, 18, 19]
[78, 99]
[154, 155, 10]
[146, 116]
[112, 113, 16, 85]
[141, 142]
[105, 184, 221]
[146, 116, 228, 149]
[59, 29, 65, 66]
[77, 78, 99, 100, 101]
[77, 93, 6, 11]
[282, 283]
[45, 74, 21]
[77, 78, 99, 228, 149]
[235, 113]
[140, 18, 40, 44]
[77, 78, 99, 100, 125]
[146, 116, 100]
[59, 29, 74, 21]
[235, 113, 16, 17]
[77, 93, 6, 7]
[26, 27]
[0, 50, 114]
[225, 148, 21]
[16, 85]
[126, 94]
[14, 145, 146, 149]
[78, 99, 228, 116, 101]
[99, 228]
[29, 137]
[65, 66]
[136, 14, 145, 190]
[289, 243, 244]
[93, 6, 7]
[47, 135]
[63, 64]
[136, 14, 145, 146, 116, 100, 125]
[0, 50, 51]
[136, 14, 145, 146, 116, 100, 101]
[219, 136, 14, 145, 146, 116]
[70, 44]
[73, 74]
[59, 18, 44]
[78, 99, 116, 228, 149]
[228, 116, 101]
[105, 184, 185]
[140, 210, 18, 40, 44]
[275, 28, 18, 44]
[77, 78, 99, 250]
[78, 99, 100, 101]
[59, 29, 122]
[140, 210, 18, 19]
[77, 93, 218]
[78, 99, 100, 125]
[275, 28]
[77, 78, 99, 228, 116, 182]
[195, 196]
[29, 41]
[29, 65]
[31, 49]
[213, 214]
[157, 10, 11]
[155, 10, 206]
[277, 74]
[45, 46]
[219, 136, 14, 272]
[242, 27]
[146, 116, 100, 101]
[89, 234, 95]
[146, 116, 100, 125]
[123, 76]
[228, 116, 100]
[36, 206]
[219, 136, 14, 145, 146, 116, 182]
[178, 253]
[275, 28, 29, 39]
[54, 135]
[54, 256]
[12, 18, 40]
[99, 149]
[257, 44]
[102, 103]
[136, 14, 15]
[29, 74]
[116, 100, 101]
[136, 14, 145]
[145, 190]
[10, 11]
[209, 44]
[178, 179]
[275, 28, 29]
[116, 100]
[169, 27]
[25, 18, 86]
[99, 116]
[186, 187]
[77, 78, 99, 116, 228]
[166, 167]
[145, 146, 116, 182]
[275, 28, 18, 40]
[276, 167]
[24, 25, 18, 40, 44]
[219, 136, 14, 145, 146, 116, 100, 125]
[263, 27]
[105, 184, 160]
[219, 136, 14, 145, 146, 116, 100, 101]
[0, 1]
[275, 28, 18]
[12, 280]
[116, 101]
[116, 100, 125]
[77, 78, 99, 228, 116]
[119, 48]
[278, 261]
[0, 43, 258]
[136, 33]
[12, 18, 86]
[78, 99, 250]
[174, 175]
[164, 18, 40]
[78, 99, 228, 116, 100, 101]
[207, 129]
[112, 113]
[78, 99, 228, 116, 100, 125]
[156, 106]
[59, 197]
[86, 18, 40, 44]
[24, 18, 19]
[28, 18, 44]
[131, 281]
[99, 116, 182]
[59, 18, 40]
[210, 18]
[184, 160]
[278, 167]
[136, 14, 272]
[6, 11]
[65, 98]
[18, 19]
[219, 136]
[293, 189]
[25, 18, 40]
[30, 31]
[72, 194]
[14, 145, 190]
[140, 18]
[28, 29, 39]
[78, 99, 147]
[113, 16, 85]
[264, 20, 21]
[38, 19]
[127, 183]
[20, 21]
[99, 100, 101]
[229, 187]
[12, 18, 44]
[164, 18, 86]
[73, 46, 39]
[126, 94, 95]
[147, 206]
[99, 100, 125]
[28, 29]
[59, 18, 86]
[56, 144]
[50, 51]
[286, 287]
[77, 78, 99, 147]
[56, 19]
[99, 100]
[14, 145, 146, 116, 182]
[132, 27]
[219, 279]
[120, 121]
[25, 18, 40, 44]
[238, 183]
[61, 288]
[232, 58]
[255, 27]
[28, 18]
[45, 46, 39]
[140, 18, 44]
[219, 136, 14, 42, 33]
[77, 78, 99, 149]
[219, 136, 14, 145, 146, 149]
[222, 223]
[99, 147]
[59, 29, 39]
[172, 267]
[77, 78, 99, 100]
[99, 116, 228, 149]
[230, 231]
[219, 136, 14, 145]
[75, 76]
[184, 185]
[210, 18, 40, 44]
[50, 114]
[40, 44]
[219, 136, 14, 15]
[14, 272]
[219, 136, 14]
[8, 9]
[146, 116, 182]
[78, 99, 116, 100]
[210, 18, 40]
[136, 14, 33]
[136, 130]
[77, 93, 6]
[12, 18]
[145, 146, 116, 228, 149]
[140, 18, 40]
[73, 46]
[176, 69]
[63, 212]
[25, 18, 44]
[215, 216]
[86, 18, 44]
[161, 245]
[81, 82, 107, 69]
[86, 18]
[28, 18, 19]
[275, 28, 29, 74, 21]
[277, 74, 21]
[78, 99, 116, 101]
[277, 46]
[174, 175, 191]
[178, 18, 40]
[14, 15, 285]
[28, 29, 74, 21]
[105, 106]
[59, 29, 117]
[82, 107, 69]
[77, 78, 99, 116, 228, 149]
[99, 250]
[275, 28, 29, 137]
[225, 148]
[291, 39]
[18, 44]
[14, 145, 146, 116, 228]
[140, 210, 18, 44]
[219, 136, 130]
[238, 95]
[211, 88]
[0, 220, 51]
[12, 18, 40, 44]
[93, 218]
[14, 145, 153]
[210, 18, 86]
[152, 46]
[175, 191]
[79, 80]
[97, 21]
[275, 28, 29, 122]
[168, 135]
[78, 99, 100]
[24, 18]
[24, 18, 40, 44]
[52, 241]
[159, 160]
[28, 29, 65, 98]
[219, 136, 153]
[63, 83]
[140, 210, 18]
[12, 253]
[277, 46, 39]
[78, 99, 149]
[269, 47, 135]
[12, 39]
[68, 69]
[136, 14, 145, 153]
[89, 234]
[178, 18, 86]
[0, 220]
[275, 28, 29, 65, 66]
[18, 40, 44]
[28, 29, 122]
[126, 127]
[14, 15, 198]
[155, 10, 11]
[77, 78, 99]
[77, 78, 99, 116, 100, 101]
[77, 78, 99, 116, 100, 125]
[145, 146, 116]
[271, 243]
[79, 80, 217]
[273, 274]
[86, 18, 40]
[136, 14, 42, 33]
[234, 95]
[0, 114]
[155, 10]
[150, 151]
[145, 146, 116, 100, 101]
[145, 146, 116, 100, 125]
[110, 111]
[93, 6, 11]
[219, 136, 14, 145, 190]
[78, 99, 228]
[12, 13]
[228, 149]
[136, 14, 42]
[275, 28, 18, 86]
[78, 99, 116, 100, 101]
[140, 18, 86]
[24, 25, 18, 19]
[78, 99, 116, 100, 125]
[12, 148, 21]
[59, 29, 137]
[271, 243, 244]
[116, 228]
[208, 180]
[275, 28, 29, 117]
[264, 20]
[140, 210, 18, 40]
[78, 99, 228, 116, 182]
[136, 14]
[226, 227]
[228, 116]
[265, 266]
[112, 113, 16, 17]
[78, 99, 116]
[115, 19]
[36, 37]
[237, 202, 259]
[81, 82, 107]
[52, 53]
[82, 107]
[100, 101]
[269, 47]
[36, 124]
[145, 146, 116, 100]
[100, 125]
[289, 243]
[224, 27]
[77, 78, 99, 284]
[77, 78, 99, 228, 116, 100, 125]
[77, 78]
[77, 78, 99, 228, 116, 100, 101]
[136, 14, 145, 146, 116, 182]
[233, 27]
[28, 29, 65, 66]
[25, 18]
[235, 113, 16, 85]
[12, 148]
[136, 153]
[108, 109]
[77, 93, 130]
[157, 10, 206]
[36, 124, 125]
[77, 78, 99, 116, 182]
[275, 28, 29, 65, 98]
[99, 284]
[124, 125]
[228, 116, 182]
[32, 33]
[164, 18, 44]
[80, 217]
[14, 145]
[14, 42]
[16, 17]
[140, 210, 18, 86]
[12, 18, 19]
[57, 58]
[136, 14, 15, 198]
[71, 72]
[136, 14, 145, 146, 116]
[178, 18]
[14, 42, 33]
[219, 136, 14, 145, 146, 116, 228, 149]
[28, 29, 74]
[28, 29, 117]
[220, 51]
[14, 145, 146, 116]
[136, 14, 145, 146]
[77, 93, 177]
[36, 37, 292]
[164, 18]
[170, 171]
[81, 82]
[184, 221]
[208, 121]
[14, 145, 146, 116, 100]
[99, 116, 228]
[0, 50]
[47, 48]
[61, 62]
[136, 139]
[74, 21]
[148, 21]
[116, 182]
[251, 252]
[145, 146, 116, 101]
[24, 18, 44]
[99, 228, 149]
[205, 46, 39]
[145, 146]
[14, 145, 146, 116, 101]
[24, 25, 18, 40]
[136, 14, 15, 285]
[2, 158]
[77, 78, 99, 228, 116, 101]
[12, 212]
[59, 29, 65, 98]
[77, 93, 151]
[164, 18, 19]
[99, 228, 116]
[243, 244]
[14, 33]
[219, 136, 139]
[152, 74]
[219, 136, 14, 33]
[181, 3]
[219, 136, 14, 145, 146, 116, 101]
[25, 18, 19]
[6, 7]
[260, 261]
[228, 116, 100, 125]
[145, 146, 149]
[228, 116, 100, 101]
[77, 78, 99, 228, 116, 100]
[156, 290]
[202, 259]
[28, 29, 65]
[28, 29, 41]
[71, 72, 194]
[154, 155]
[59, 44]
[219, 136, 14, 145, 146, 116, 100]
[78, 99, 228, 149]
[237, 202]
[54, 48]
[107, 69]
[89, 90, 183]
[59, 29, 74]
[99, 228, 116, 100]
[210, 18, 44]
[0, 43]
[18, 86]
[118, 27]
[145, 153]
[14, 15]
[126, 127, 183]
[275, 28, 197]
[59, 18, 40, 44]
[219, 136, 14, 145, 146, 116, 228]
[219, 136, 14, 15, 285]
[93, 151]
[154, 155, 10, 206]
[28, 29, 137]
[154, 155, 10, 11]
[275, 28, 29, 74]
[113, 16, 17]
[247, 243]
[28, 18, 40, 44]
[219, 136, 33]
[99, 228, 116, 101]
[37, 292]
[104, 82, 107, 69]
[24, 18, 40]
[120, 180]
[178, 18, 44]
[254, 111]
[152, 74, 21]
[161, 162]
[24, 25, 18, 44]
[99, 116, 100]
[2, 142]
[18, 40]
[131, 19]
[4, 5]
[77, 78, 99, 147, 206]
[14, 145, 146]
[10, 206]
[219, 136, 14, 15, 198]
[246, 27]
[140, 210]
[236, 216]
[61, 96]
[78, 99, 228, 116]
[29, 39]
[136, 14, 145, 146, 149]
[168, 48]
[99, 116, 101]
[34, 35]
[128, 129]
[24, 25]
[99, 116, 100, 101]
[24, 18, 86]
[99, 116, 100, 125]
[78, 99, 116, 228]
[219, 136, 14, 145, 153]
[105, 184]
[59, 18, 19]
[91, 92]
[104, 82]
[145, 146, 116, 228]
[146, 116, 228]
[219, 136, 14, 42]
