6,7
6,8
7,6,8
25,26
25,27
25,28,49,27
25,185,440,48,49,27
25,185,440,441,49,27
25,28
25,185,440,48,49,28
25,185,440,441,49,28
25,27,49,48
25,27,49,441,440,48
25,28,49,48
25,28,49,441,440,48
25,185,440,48
25,185,440,441,49,48
25,27,49
25,28,49
25,185,440,48,49
25,185,440,441,49
25,27,49,48,50
25,27,49,441,440,48,50
25,28,49,48,50
25,28,49,441,440,48,50
25,185,440,48,50
25,185,440,441,49,48,50
25,27,49,48,51
25,27,49,441,440,48,51
25,28,49,48,51
25,28,49,441,440,48,51
25,185,440,48,51
25,185,440,441,49,48,51
25,185
25,27,49,28,169
25,28,169
25,185,440,48,49,28,169
25,185,440,441,49,28,169
25,27,49,28,282
25,28,282
25,185,440,48,49,28,282
25,185,440,441,49,28,282
25,27,49,48,440
25,27,49,441,440
25,28,49,48,440
25,28,49,441,440
25,185,440
25,27,49,441
25,28,49,441
25,185,440,441
25,27,529
25,28,49,27,529
25,185,440,48,49,27,529
25,185,440,441,49,27,529
25,27,530
25,28,49,27,530
25,185,440,48,49,27,530
25,185,440,441,49,27,530
25,27,49,48,440,441,609
25,27,49,441,609
25,28,49,48,440,441,609
25,28,49,441,609
25,185,440,48,49,441,609
25,185,440,441,609
25,27,49,48,440,441,546
25,27,49,441,546
25,28,49,48,440,441,546
25,28,49,441,546
25,185,440,48,49,441,546
25,185,440,441,546
26,25,27
26,25,28,49,27
26,25,185,440,48,49,27
26,25,185,440,441,49,27
26,25,28
26,25,185,440,48,49,28
26,25,185,440,441,49,28
26,25,27,49,48
26,25,27,49,441,440,48
26,25,28,49,48
26,25,28,49,441,440,48
26,25,185,440,48
26,25,185,440,441,49,48
26,25,27,49
26,25,28,49
26,25,185,440,48,49
26,25,185,440,441,49
26,25,27,49,48,50
26,25,27,49,441,440,48,50
26,25,28,49,48,50
26,25,28,49,441,440,48,50
26,25,185,440,48,50
26,25,185,440,441,49,48,50
26,25,27,49,48,51
26,25,27,49,441,440,48,51
26,25,28,49,48,51
26,25,28,49,441,440,48,51
26,25,185,440,48,51
26,25,185,440,441,49,48,51
26,25,185
26,25,27,49,28,169
26,25,28,169
26,25,185,440,48,49,28,169
26,25,185,440,441,49,28,169
26,25,27,49,28,282
26,25,28,282
26,25,185,440,48,49,28,282
26,25,185,440,441,49,28,282
26,25,27,49,48,440
26,25,27,49,441,440
26,25,28,49,48,440
26,25,28,49,441,440
26,25,185,440
26,25,27,49,441
26,25,28,49,441
26,25,185,440,441
26,25,27,529
26,25,28,49,27,529
26,25,185,440,48,49,27,529
26,25,185,440,441,49,27,529
26,25,27,530
26,25,28,49,27,530
26,25,185,440,48,49,27,530
26,25,185,440,441,49,27,530
26,25,27,49,48,440,441,609
26,25,27,49,441,609
26,25,28,49,48,440,441,609
26,25,28,49,441,609
26,25,185,440,48,49,441,609
26,25,185,440,441,609
26,25,27,49,48,440,441,546
26,25,27,49,441,546
26,25,28,49,48,440,441,546
26,25,28,49,441,546
26,25,185,440,48,49,441,546
26,25,185,440,441,546
27,25,28
27,25,185,440,48,49,28
27,25,185,440,441,49,28
27,49,28
27,25,28,49,48
27,25,28,49,441,440,48
27,25,185,440,48
27,25,185,440,441,49,48
27,49,48
27,49,441,440,48
27,49
27,25,28,49,48,50
27,25,28,49,441,440,48,50
27,25,185,440,48,50
27,25,185,440,441,49,48,50
27,49,48,50
27,49,28,25,185,440,48,50
27,49,441,440,48,50
27,25,28,49,48,51
27,25,28,49,441,440,48,51
27,25,185,440,48,51
27,25,185,440,441,49,48,51
27,49,48,51
27,49,28,25,185,440,48,51
27,49,441,440,48,51
27,25,185
27,49,48,440,185
27,49,28,25,185
27,49,441,440,185
27,25,28,169
27,25,185,440,48,49,28,169
27,25,185,440,441,49,28,169
27,49,28,169
27,25,28,282
27,25,185,440,48,49,28,282
27,25,185,440,441,49,28,282
27,49,28,282
27,25,28,49,48,440
27,25,28,49,441,440
27,25,185,440
27,49,48,440
27,49,28,25,185,440
27,49,441,440
27,25,28,49,441
27,25,185,440,441
27,49,441
27,529
27,530
27,25,28,49,48,440,441,609
27,25,28,49,441,609
27,25,185,440,48,49,441,609
27,25,185,440,441,609
27,49,48,440,441,609
27,49,28,25,185,440,441,609
27,49,441,609
27,25,28,49,48,440,441,546
27,25,28,49,441,546
27,25,185,440,48,49,441,546
27,25,185,440,441,546
27,49,48,440,441,546
27,49,28,25,185,440,441,546
27,49,441,546
28,25,185,440,48
28,25,185,440,441,49,48
28,49,48
28,49,441,440,48
28,49
28,25,185,440,48,50
28,25,185,440,441,49,48,50
28,49,48,50
28,49,441,440,48,50
28,25,185,440,48,51
28,25,185,440,441,49,48,51
28,49,48,51
28,49,441,440,48,51
28,25,185
28,49,48,440,185
28,49,441,440,185
28,169
28,282
28,25,185,440
28,49,48,440
28,49,441,440
28,25,185,440,441
28,49,441
28,25,27,529
28,25,185,440,48,49,27,529
28,25,185,440,441,49,27,529
28,49,27,529
28,25,27,530
28,25,185,440,48,49,27,530
28,25,185,440,441,49,27,530
28,49,27,530
28,25,185,440,48,49,441,609
28,25,185,440,441,609
28,49,48,440,441,609
28,49,441,609
28,25,185,440,48,49,441,546
28,25,185,440,441,546
28,49,48,440,441,546
28,49,441,546
36,37
36,37,412
36,37,413
36,37,414
36,37,415,517,414
36,37,415
36,37,414,517
36,37,415,517
36,37,414,517,551
36,37,415,517,551
37,412
37,413
37,414
37,415,517,414
37,415
37,414,517
37,415,517
37,414,517,551
37,415,517,551
38,39
48,49
48,440,441,49
48,50
48,51
48,49,28,25,185
48,49,27,25,185
48,49,441,440,185
48,440,185
48,49,28,169
48,49,27,25,28,169
48,49,441,440,185,25,28,169
48,440,185,25,28,169
48,440,441,49,28,169
48,440,441,49,27,25,28,169
48,49,28,282
48,49,27,25,28,282
48,49,441,440,185,25,28,282
48,440,185,25,28,282
48,440,441,49,28,282
48,440,441,49,27,25,28,282
48,440
48,49,441
48,440,441
48,49,28,25,27,529
48,49,27,529
48,49,441,440,185,25,27,529
48,440,185,25,27,529
48,440,441,49,28,25,27,529
48,440,441,49,27,529
48,49,28,25,27,530
48,49,27,530
48,49,441,440,185,25,27,530
48,440,185,25,27,530
48,440,441,49,28,25,27,530
48,440,441,49,27,530
48,49,441,609
48,440,441,609
48,49,441,546
48,440,441,546
49,48,50
49,28,25,185,440,48,50
49,27,25,185,440,48,50
49,441,440,48,50
49,48,51
49,28,25,185,440,48,51
49,27,25,185,440,48,51
49,441,440,48,51
49,48,440,185
49,28,25,185
49,27,25,185
49,441,440,185
49,28,169
49,28,282
49,48,440
49,28,25,185,440
49,27,25,185,440
49,441,440
49,441
49,27,529
49,27,530
49,48,440,441,609
49,28,25,185,440,441,609
49,27,25,185,440,441,609
49,441,609
49,48,440,441,546
49,28,25,185,440,441,546
49,27,25,185,440,441,546
49,441,546
50,48,51
50,48,49,28,25,185
50,48,49,27,25,185
50,48,49,441,440,185
50,48,440,185
50,48,49,28,169
50,48,49,27,25,28,169
50,48,49,441,440,185,25,28,169
50,48,440,185,25,27,49,28,169
50,48,440,185,25,28,169
50,48,440,441,49,28,169
50,48,440,441,49,27,25,28,169
50,48,49,28,282
50,48,49,27,25,28,282
50,48,49,441,440,185,25,28,282
50,48,440,185,25,27,49,28,282
50,48,440,185,25,28,282
50,48,440,441,49,28,282
50,48,440,441,49,27,25,28,282
50,48,440
50,48,49,441
50,48,440,441
50,48,49,28,25,27,529
50,48,49,27,529
50,48,49,441,440,185,25,27,529
50,48,440,185,25,27,529
50,48,440,185,25,28,49,27,529
50,48,440,441,49,28,25,27,529
50,48,440,441,49,27,529
50,48,49,28,25,27,530
50,48,49,27,530
50,48,49,441,440,185,25,27,530
50,48,440,185,25,27,530
50,48,440,185,25,28,49,27,530
50,48,440,441,49,28,25,27,530
50,48,440,441,49,27,530
50,48,49,28,25,185,440,441,609
50,48,49,27,25,185,440,441,609
50,48,49,441,609
50,48,440,441,609
50,48,49,28,25,185,440,441,546
50,48,49,27,25,185,440,441,546
50,48,49,441,546
50,48,440,441,546
51,48,49,28,25,185
51,48,49,27,25,185
51,48,49,441,440,185
51,48,440,185
51,48,49,28,169
51,48,49,27,25,28,169
51,48,49,441,440,185,25,28,169
51,48,440,185,25,27,49,28,169
51,48,440,185,25,28,169
51,48,440,441,49,28,169
51,48,440,441,49,27,25,28,169
51,48,49,28,282
51,48,49,27,25,28,282
51,48,49,441,440,185,25,28,282
51,48,440,185,25,27,49,28,282
51,48,440,185,25,28,282
51,48,440,441,49,28,282
51,48,440,441,49,27,25,28,282
51,48,440
51,48,49,441
51,48,440,441
51,48,49,28,25,27,529
51,48,49,27,529
51,48,49,441,440,185,25,27,529
51,48,440,185,25,27,529
51,48,440,185,25,28,49,27,529
51,48,440,441,49,28,25,27,529
51,48,440,441,49,27,529
51,48,49,28,25,27,530
51,48,49,27,530
51,48,49,441,440,185,25,27,530
51,48,440,185,25,27,530
51,48,440,185,25,28,49,27,530
51,48,440,441,49,28,25,27,530
51,48,440,441,49,27,530
51,48,49,28,25,185,440,441,609
51,48,49,27,25,185,440,441,609
51,48,49,441,609
51,48,440,441,609
51,48,49,28,25,185,440,441,546
51,48,49,27,25,185,440,441,546
51,48,49,441,546
51,48,440,441,546
72,73
72,73,122
72,73,603
73,122
73,603
74,75
74,75,194
75,194
102,103
102,103,100,114
102,103,114
102,103,100
103,100,114
103,114
103,100
107,108
114,100
122,73,603
137,138
137,138,281,280
137,138,281
138,281,280
138,281
161,162
161,31
161,11
161,163
161,164
161,165
161,67
162,161,31
162,161,11
162,161,163
162,161,164
162,161,165
162,161,67
31,161,11
31,161,163
31,161,164
31,161,165
31,161,67
11,161,163
11,161,164
11,161,165
11,161,67
163,161,164
163,161,165
163,161,67
164,161,165
164,161,67
165,161,67
185,25,27,49,28,169
185,25,28,169
185,440,48,49,28,169
185,440,441,49,28,169
185,25,27,49,28,282
185,25,28,282
185,440,48,49,28,282
185,440,441,49,28,282
185,440
185,25,27,49,441
185,25,28,49,441
185,440,441
185,25,27,529
185,25,28,49,27,529
185,440,48,49,27,529
185,440,441,49,27,529
185,25,27,530
185,25,28,49,27,530
185,440,48,49,27,530
185,440,441,49,27,530
185,25,27,49,441,609
185,25,28,49,441,609
185,440,48,49,441,609
185,440,441,609
185,25,27,49,441,546
185,25,28,49,441,546
185,440,48,49,441,546
185,440,441,546
188,189
188,143,669,130,523,189
188,5,965,130,523,189
188,190,917,130,523,189
188,191,375,130,523,189
188,143
188,5,965,130,669,143
188,190,917,130,669,143
188,191,375,130,669,143
188,5
188,190,917,130,965,5
188,191,375,130,965,5
188,190
188,191,375,130,917,190
188,191
188,189,523,130,375
188,143,669,130,375
188,5,965,130,375
188,190,917,130,375
188,191,375
188,189,523,130
188,143,669,130
188,5,965,130
188,190,917,130
188,191,375,130
188,189,523
188,143,669,130,523
188,5,965,130,523
188,190,917,130,523
188,191,375,130,523
188,189,523,130,669
188,143,669
188,5,965,130,669
188,190,917,130,669
188,191,375,130,669
188,189,523,130,917
188,143,669,130,917
188,5,965,130,917
188,190,917
188,191,375,130,917
188,189,523,130,965
188,143,669,130,965
188,5,965
188,190,917,130,965
188,191,375,130,965
189,188,143
189,188,5,965,130,669,143
189,188,190,917,130,669,143
189,188,191,375,130,669,143
189,523,130,375,191,188,143
189,523,130,669,143
189,523,130,917,190,188,143
189,523,130,965,5,188,143
189,188,5
189,188,190,917,130,965,5
189,188,191,375,130,965,5
189,523,130,375,191,188,5
189,523,130,669,143,188,5
189,523,130,917,190,188,5
189,523,130,965,5
189,188,190
189,188,191,375,130,917,190
189,523,130,375,191,188,190
189,523,130,669,143,188,190
189,523,130,917,190
189,523,130,965,5,188,190
189,188,191
189,523,130,375,191
189,523,130,669,143,188,191
189,523,130,917,190,188,191
189,523,130,965,5,188,191
189,188,143,669,130,375
189,188,5,965,130,375
189,188,190,917,130,375
189,188,191,375
189,523,130,375
189,523,130,669,143,188,191,375
189,523,130,917,190,188,191,375
189,523,130,965,5,188,191,375
189,188,143,669,130
189,188,5,965,130
189,188,190,917,130
189,188,191,375,130
189,523,130
189,523
189,188,143,669
189,188,5,965,130,669
189,188,190,917,130,669
189,188,191,375,130,669
189,523,130,669
189,523,130,917,190,188,143,669
189,523,130,965,5,188,143,669
189,188,143,669,130,917
189,188,5,965,130,917
189,188,190,917
189,188,191,375,130,917
189,523,130,917
189,523,130,965,5,188,190,917
189,188,143,669,130,965
189,188,5,965
189,188,190,917,130,965
189,188,191,375,130,965
189,523,130,965
143,188,5
143,188,190,917,130,965,5
143,188,191,375,130,965,5
143,669,130,375,191,188,5
143,669,130,917,190,188,5
143,669,130,965,5
143,188,190
143,188,191,375,130,917,190
143,669,130,375,191,188,190
143,669,130,917,190
143,669,130,965,5,188,190
143,188,191
143,669,130,375,191
143,669,130,917,190,188,191
143,669,130,965,5,188,191
143,188,189,523,130,375
143,188,5,965,130,375
143,188,190,917,130,375
143,188,191,375
143,669,130,375
143,669,130,917,190,188,191,375
143,669,130,965,5,188,191,375
143,188,189,523,130
143,188,5,965,130
143,188,190,917,130
143,188,191,375,130
143,669,130
143,188,189,523
143,188,5,965,130,523
143,188,190,917,130,523
143,188,191,375,130,523
143,669,130,523
143,669
143,188,189,523,130,917
143,188,5,965,130,917
143,188,190,917
143,188,191,375,130,917
143,669,130,917
143,669,130,965,5,188,190,917
143,188,189,523,130,965
143,188,5,965
143,188,190,917,130,965
143,188,191,375,130,965
143,669,130,965
5,188,190
5,188,191,375,130,917,190
5,965,130,375,191,188,190
5,965,130,917,190
5,188,191
5,965,130,375,191
5,965,130,917,190,188,191
5,188,189,523,130,375
5,188,143,669,130,375
5,188,190,917,130,375
5,188,191,375
5,965,130,375
5,965,130,917,190,188,191,375
5,188,189,523,130
5,188,143,669,130
5,188,190,917,130
5,188,191,375,130
5,965,130
5,188,189,523
5,188,143,669,130,523
5,188,190,917,130,523
5,188,191,375,130,523
5,965,130,523
5,188,189,523,130,669
5,188,143,669
5,188,190,917,130,669
5,188,191,375,130,669
5,965,130,669
5,188,189,523,130,917
5,188,143,669,130,917
5,188,190,917
5,188,191,375,130,917
5,965,130,917
5,965
190,188,191
190,917,130,375,191
190,188,189,523,130,375
190,188,143,669,130,375
190,188,5,965,130,375
190,188,191,375
190,917,130,375
190,188,189,523,130
190,188,143,669,130
190,188,5,965,130
190,188,191,375,130
190,917,130
190,188,189,523
190,188,143,669,130,523
190,188,5,965,130,523
190,188,191,375,130,523
190,917,130,523
190,188,189,523,130,669
190,188,143,669
190,188,5,965,130,669
190,188,191,375,130,669
190,917,130,669
190,917
190,188,189,523,130,965
190,188,143,669,130,965
190,188,5,965
190,188,191,375,130,965
190,917,130,965
191,375
191,188,189,523,130
191,188,143,669,130
191,188,5,965,130
191,188,190,917,130
191,375,130
191,188,189,523
191,188,143,669,130,523
191,188,5,965,130,523
191,188,190,917,130,523
191,375,130,523
191,188,189,523,130,669
191,188,143,669
191,188,5,965,130,669
191,188,190,917,130,669
191,375,130,669
191,188,189,523,130,917
191,188,143,669,130,917
191,188,5,965,130,917
191,188,190,917
191,375,130,917
191,188,189,523,130,965
191,188,143,669,130,965
191,188,5,965
191,188,190,917,130,965
191,375,130,965
210,211
210,212
210,213
210,214
210,215
210,216
210,211,236
210,216,714
210,211,236,778
211,210,212
211,210,213
211,210,214
211,210,215
211,210,216
211,236
211,210,216,714
211,236,778
212,210,213
212,210,214
212,210,215
212,210,216
212,210,211,236
212,210,216,714
212,210,211,236,778
213,210,214
213,210,215
213,210,216
213,210,211,236
213,210,216,714
213,210,211,236,778
214,210,215
214,210,216
214,210,211,236
214,210,216,714
214,210,211,236,778
215,210,216
215,210,211,236
215,210,216,714
215,210,211,236,778
216,210,211,236
216,714
216,210,211,236,778
236,211,210,216,714
236,778
247,248
247,249,370,248
247,250,370,248
247,369,370,248
247,249
247,250,370,249
247,369,370,249
247,250
247,369,370,250
247,369
247,248,370
247,249,370
247,250,370
247,369,370
247,248,370,725
247,249,370,725
247,250,370,725
247,369,370,725
247,248,370,725,754
247,249,370,725,754
247,250,370,725,754
247,369,370,725,754
247,248,370,725,754,755
247,249,370,725,754,755
247,250,370,725,754,755
247,369,370,725,754,755
247,248,370,725,754,755,322
247,249,370,725,754,755,322
247,250,370,725,754,755,322
247,369,370,725,754,755,322
248,247,249
248,247,250,370,249
248,247,369,370,249
248,370,249
248,247,250
248,247,369,370,250
248,370,250
248,247,369
248,370,369
248,370
248,247,249,370,725
248,247,250,370,725
248,247,369,370,725
248,370,725
248,247,249,370,725,754
248,247,250,370,725,754
248,247,369,370,725,754
248,370,725,754
248,247,249,370,725,754,755
248,247,250,370,725,754,755
248,247,369,370,725,754,755
248,370,725,754,755
248,247,249,370,725,754,755,322
248,247,250,370,725,754,755,322
248,247,369,370,725,754,755,322
248,370,725,754,755,322
249,247,250
249,247,369,370,250
249,370,250
249,247,369
249,370,369
249,370
249,247,250,370,725
249,247,369,370,725
249,370,725
249,247,250,370,725,754
249,247,369,370,725,754
249,370,725,754
249,247,250,370,725,754,755
249,247,369,370,725,754,755
249,370,725,754,755
249,247,250,370,725,754,755,322
249,247,369,370,725,754,755,322
249,370,725,754,755,322
250,247,369
250,370,369
250,370
250,247,369,370,725
250,370,725
250,247,369,370,725,754
250,370,725,754
250,247,369,370,725,754,755
250,370,725,754,755
250,247,369,370,725,754,755,322
250,370,725,754,755,322
254,255
254,255,498,497
254,255,498
255,498,497
255,498
261,262
261,263,380,262
261,263,481,262
261,263,893,262
261,263,942,262
261,263
261,262,380
261,262,481,263,380
261,262,893,263,380
261,262,942,263,380
261,263,380
261,262,481
261,262,893,263,481
261,262,942,263,481
261,263,481
261,262,893
261,262,942,263,893
261,263,893
261,262,942
261,263,942
262,261,263
262,380,263
262,481,263
262,893,263
262,942,263
262,380
262,481,263,380
262,893,263,380
262,942,263,380
262,481
262,893,263,481
262,942,263,481
262,893
262,942,263,893
262,942
263,380
263,481
263,893
263,942
280,281
284,111
297,231
297,231,389
231,389
303,304
336,337
360,361
169,28,282
169,28,25,27,49,48,440
169,28,25,27,49,441,440
169,28,25,185,440
169,28,49,48,440
169,28,49,27,25,185,440
169,28,49,441,440
169,28,25,27,49,441
169,28,25,185,440,441
169,28,49,441
169,28,25,27,529
169,28,25,185,440,48,49,27,529
169,28,25,185,440,441,49,27,529
169,28,49,27,529
169,28,25,27,530
169,28,25,185,440,48,49,27,530
169,28,25,185,440,441,49,27,530
169,28,49,27,530
169,28,25,27,49,48,440,441,609
169,28,25,27,49,441,609
169,28,25,185,440,48,49,441,609
169,28,25,185,440,441,609
169,28,49,48,440,441,609
169,28,49,27,25,185,440,441,609
169,28,49,441,609
169,28,25,27,49,48,440,441,546
169,28,25,27,49,441,546
169,28,25,185,440,48,49,441,546
169,28,25,185,440,441,546
169,28,49,48,440,441,546
169,28,49,27,25,185,440,441,546
169,28,49,441,546
282,28,25,27,49,48,440
282,28,25,27,49,441,440
282,28,25,185,440
282,28,49,48,440
282,28,49,27,25,185,440
282,28,49,441,440
282,28,25,27,49,441
282,28,25,185,440,441
282,28,49,441
282,28,25,27,529
282,28,25,185,440,48,49,27,529
282,28,25,185,440,441,49,27,529
282,28,49,27,529
282,28,25,27,530
282,28,25,185,440,48,49,27,530
282,28,25,185,440,441,49,27,530
282,28,49,27,530
282,28,25,27,49,48,440,441,609
282,28,25,27,49,441,609
282,28,25,185,440,48,49,441,609
282,28,25,185,440,441,609
282,28,49,48,440,441,609
282,28,49,27,25,185,440,441,609
282,28,49,441,609
282,28,25,27,49,48,440,441,546
282,28,25,27,49,441,546
282,28,25,185,440,48,49,441,546
282,28,25,185,440,441,546
282,28,49,48,440,441,546
282,28,49,27,25,185,440,441,546
282,28,49,441,546
367,368
369,370
369,370,725
369,370,725,754
369,370,725,754,755
369,370,725,754,755,322
370,725
370,725,754
370,725,754,755
370,725,754,755,322
375,130
375,191,188,189,523
375,191,188,143,669,130,523
375,191,188,5,965,130,523
375,191,188,190,917,130,523
375,130,523
375,130,669,143,188,189,523
375,130,917,190,188,189,523
375,130,965,5,188,189,523
375,191,188,189,523,130,669
375,191,188,143,669
375,191,188,5,965,130,669
375,191,188,190,917,130,669
375,130,669
375,130,917,190,188,143,669
375,130,965,5,188,143,669
375,191,188,189,523,130,917
375,191,188,143,669,130,917
375,191,188,5,965,130,917
375,191,188,190,917
375,130,917
375,130,965,5,188,190,917
375,191,188,189,523,130,965
375,191,188,143,669,130,965
375,191,188,5,965
375,191,188,190,917,130,965
375,130,965
130,523
130,669
130,917
130,965
380,262,481
380,262,893,263,481
380,262,942,263,481
380,263,481
380,262,893
380,262,942,263,893
380,263,893
380,262,942
380,263,942
403,404
412,37,413
412,37,414
412,37,415,517,414
412,37,415
412,37,414,517
412,37,415,517
412,37,414,517,551
412,37,415,517,551
413,37,414
413,37,415,517,414
413,37,415
413,37,414,517
413,37,415,517
413,37,414,517,551
413,37,415,517,551
414,37,415
414,517,415
414,517
414,37,415,517,551
414,517,551
415,517
415,517,551
417,418
420,400
424,425
440,441
440,185,25,27,529
440,185,25,28,49,27,529
440,48,49,28,25,27,529
440,48,49,27,529
440,441,49,28,25,27,529
440,441,49,27,529
440,185,25,27,530
440,185,25,28,49,27,530
440,48,49,28,25,27,530
440,48,49,27,530
440,441,49,28,25,27,530
440,441,49,27,530
440,441,609
440,441,546
441,440,185,25,27,529
441,49,28,25,27,529
441,49,27,529
441,440,185,25,27,530
441,49,28,25,27,530
441,49,27,530
441,609
441,546
456,457
456,458
456,289
457,456,458
457,456,289
458,456,289
481,262,893
481,262,942,263,893
481,263,893
481,262,942
481,263,942
487,488
497,498
514,515
514,515,635
515,635
517,551
523,189,188,143,669
523,189,188,5,965,130,669
523,189,188,190,917,130,669
523,130,669
523,130,917,190,188,143,669
523,130,965,5,188,143,669
523,189,188,143,669,130,917
523,189,188,5,965,130,917
523,189,188,190,917
523,130,917
523,130,965,5,188,190,917
523,189,188,143,669,130,965
523,189,188,5,965
523,189,188,190,917,130,965
523,130,965
525,526
529,27,530
529,27,25,28,49,48,440,441,609
529,27,25,28,49,441,609
529,27,25,185,440,48,49,441,609
529,27,25,185,440,441,609
529,27,49,48,440,441,609
529,27,49,28,25,185,440,441,609
529,27,49,441,609
529,27,25,28,49,48,440,441,546
529,27,25,28,49,441,546
529,27,25,185,440,48,49,441,546
529,27,25,185,440,441,546
529,27,49,48,440,441,546
529,27,49,28,25,185,440,441,546
529,27,49,441,546
530,27,25,28,49,48,440,441,609
530,27,25,28,49,441,609
530,27,25,185,440,48,49,441,609
530,27,25,185,440,441,609
530,27,49,48,440,441,609
530,27,49,28,25,185,440,441,609
530,27,49,441,609
530,27,25,28,49,48,440,441,546
530,27,25,28,49,441,546
530,27,25,185,440,48,49,441,546
530,27,25,185,440,441,546
530,27,49,48,440,441,546
530,27,49,28,25,185,440,441,546
530,27,49,441,546
540,541
540,542
541,540,542
557,558
609,441,546
642,643
644,645
669,143,188,5,965,130,917
669,143,188,190,917
669,130,917
669,130,965,5,188,190,917
669,143,188,5,965
669,143,188,190,917,130,965
669,130,965
714,216,210,211,236,778
725,754
725,754,755
725,754,755,322
754,755
754,755,322
755,322
764,553
785,423
789,148
837,661
849,18
865,468
869,870
893,262,942
893,263,942
916,46
917,190,188,5,965
917,130,965
962,719
992,160
1001,610
