2,3
2,291,218,3
2,291,71,3
2,4
2,3,71
2,3,218,291,71
2,291,71
2,3,71,72
2,3,218,291,71,72
2,291,71,72
2,3,218
2,291,218
2,3,71,291,218,138
2,3,218,138
2,291,218,138
2,291
2,3,71,291,148
2,3,218,291,148
2,291,148
3,2,4
3,71,291,2,4
3,218,291,2,4
3,71
3,218,291,71
3,2,291,71,72
3,71,72
3,218,291,71,72
3,218
3,2,291,218,138
3,71,291,218,138
3,218,138
3,2,291
3,71,291
3,218,291
3,2,291,148
3,71,291,148
3,218,291,148
4,2,3,71
4,2,3,218,291,71
4,2,291,71
4,2,3,71,72
4,2,3,218,291,71,72
4,2,291,71,72
4,2,3,218
4,2,291,218
4,2,3,71,291,218,138
4,2,3,218,138
4,2,291,218,138
4,2,291
4,2,3,71,291,148
4,2,3,218,291,148
4,2,291,148
19,20
19,20,141
19,273
20,141
20,19,273
27,9
37,38
63,64
71,72
71,3,218
71,291,218
71,3,218,138
71,291,218,138
71,291
71,3,218,291,148
71,291,148
72,71,3,218
72,71,291,218
72,71,3,2,291,218,138
72,71,3,218,138
72,71,291,218,138
72,71,291
72,71,3,2,291,148
72,71,3,218,291,148
72,71,291,148
81,82
81,82,214
82,214
87,80
87,80,267
80,267
105,7
107,49
111,40
116,117
141,20,19,273
144,145
144,62
144,157
145,144,62
145,144,157
62,144,157
149,150
149,151
150,149,151
185,172
218,138
218,291
218,291,148
138,218,291
138,218,3,2,291,148
138,218,3,71,291,148
138,218,291,148
226,209
248,66
264,191
270,238
289,123
291,148
