1,2
1,3
1,2,183,53,79
1,2,183,53
1,2,183
2,1,3
2,183,53,79
2,183,53
2,183
3,1,2,183,53,79
3,1,2,183,53
3,1,2,183
14,15
14,15,42
14,15,42,6
14,15,42,45,91,6
14,15,42,45,180,6
14,15,42,46,180,6
14,15,42,46,180,45,91,6
14,15,42,47,180,6
14,15,42,47,180,45,91,6
14,15,42,43
14,15,42,44
14,15,42,45
14,15,42,46,180,45
14,15,42,47,180,45
14,15,42,46
14,15,42,47,180,46
14,15,42,47
14,15,75
14,15,42,6,91,45,76
14,15,42,6,180,45,76
14,15,42,45,76
14,15,42,46,180,6,91,45,76
14,15,42,46,180,45,76
14,15,42,47,180,6,91,45,76
14,15,42,47,180,45,76
14,15,42,6,91,45,76,77
14,15,42,6,180,45,76,77
14,15,42,45,76,77
14,15,42,46,180,6,91,45,76,77
14,15,42,46,180,45,76,77
14,15,42,47,180,6,91,45,76,77
14,15,42,47,180,45,76,77
14,15,42,6,91,45,76,78
14,15,42,6,180,45,76,78
14,15,42,45,76,78
14,15,42,46,180,6,91,45,76,78
14,15,42,46,180,45,76,78
14,15,42,47,180,6,91,45,76,78
14,15,42,47,180,45,76,78
14,15,42,6,91,45,76,29
14,15,42,6,180,45,76,29
14,15,42,45,76,29
14,15,42,46,180,6,91,45,76,29
14,15,42,46,180,45,76,29
14,15,42,47,180,6,91,45,76,29
14,15,42,47,180,45,76,29
14,15,42,6,91,45,76,28
14,15,42,6,180,45,76,28
14,15,42,45,76,28
14,15,42,46,180,6,91,45,76,28
14,15,42,46,180,45,76,28
14,15,42,47,180,6,91,45,76,28
14,15,42,47,180,45,76,28
14,15,42,6,85
14,15,42,45,91,6,85
14,15,42,45,180,6,85
14,15,42,46,180,6,85
14,15,42,46,180,45,91,6,85
14,15,42,47,180,6,85
14,15,42,47,180,45,91,6,85
14,15,42,6,91
14,15,42,6,180,45,91
14,15,42,45,91
14,15,42,46,180,6,91
14,15,42,46,180,45,91
14,15,42,47,180,6,91
14,15,42,47,180,45,91
14,15,42,6,91,45,123
14,15,42,6,180,45,123
14,15,42,45,123
14,15,42,46,180,6,91,45,123
14,15,42,46,180,45,123
14,15,42,47,180,6,91,45,123
14,15,42,47,180,45,123
14,15,158
14,15,42,6,91,45,180,18,161
14,15,42,6,180,18,161
14,15,42,45,180,18,161
14,15,42,46,180,18,161
14,15,42,47,180,18,161
14,15,42,6,91,45,180,18
14,15,42,6,180,18
14,15,42,45,180,18
14,15,42,46,180,18
14,15,42,47,180,18
14,15,42,6,180
14,15,42,45,180
14,15,42,46,180
14,15,42,47,180
14,15,42,6,91,45,180,169
14,15,42,6,180,169
14,15,42,45,180,169
14,15,42,46,180,169
14,15,42,47,180,169
15,42
15,42,6
15,42,45,91,6
15,42,45,180,6
15,42,46,180,6
15,42,46,180,45,91,6
15,42,47,180,6
15,42,47,180,45,91,6
15,42,43
15,42,44
15,42,45
15,42,46,180,45
15,42,47,180,45
15,42,46
15,42,47,180,46
15,42,47
15,75
15,42,6,91,45,76
15,42,6,180,45,76
15,42,45,76
15,42,46,180,6,91,45,76
15,42,46,180,45,76
15,42,47,180,6,91,45,76
15,42,47,180,45,76
15,42,6,91,45,76,77
15,42,6,180,45,76,77
15,42,45,76,77
15,42,46,180,6,91,45,76,77
15,42,46,180,45,76,77
15,42,47,180,6,91,45,76,77
15,42,47,180,45,76,77
15,42,6,91,45,76,78
15,42,6,180,45,76,78
15,42,45,76,78
15,42,46,180,6,91,45,76,78
15,42,46,180,45,76,78
15,42,47,180,6,91,45,76,78
15,42,47,180,45,76,78
15,42,6,91,45,76,29
15,42,6,180,45,76,29
15,42,45,76,29
15,42,46,180,6,91,45,76,29
15,42,46,180,45,76,29
15,42,47,180,6,91,45,76,29
15,42,47,180,45,76,29
15,42,6,91,45,76,28
15,42,6,180,45,76,28
15,42,45,76,28
15,42,46,180,6,91,45,76,28
15,42,46,180,45,76,28
15,42,47,180,6,91,45,76,28
15,42,47,180,45,76,28
15,42,6,85
15,42,45,91,6,85
15,42,45,180,6,85
15,42,46,180,6,85
15,42,46,180,45,91,6,85
15,42,47,180,6,85
15,42,47,180,45,91,6,85
15,42,6,91
15,42,6,180,45,91
15,42,45,91
15,42,46,180,6,91
15,42,46,180,45,91
15,42,47,180,6,91
15,42,47,180,45,91
15,42,6,91,45,123
15,42,6,180,45,123
15,42,45,123
15,42,46,180,6,91,45,123
15,42,46,180,45,123
15,42,47,180,6,91,45,123
15,42,47,180,45,123
15,158
15,42,6,91,45,180,18,161
15,42,6,180,18,161
15,42,45,180,18,161
15,42,46,180,18,161
15,42,47,180,18,161
15,42,6,91,45,180,18
15,42,6,180,18
15,42,45,180,18
15,42,46,180,18
15,42,47,180,18
15,42,6,180
15,42,45,180
15,42,46,180
15,42,47,180
15,42,6,91,45,180,169
15,42,6,180,169
15,42,45,180,169
15,42,46,180,169
15,42,47,180,169
21,22
21,22,125
22,125
37,38
37,39
37,39,159
38,37,39
38,37,39,159
39,159
42,6
42,45,91,6
42,45,180,6
42,46,180,6
42,46,180,45,91,6
42,47,180,6
42,47,180,45,91,6
42,43
42,44
42,45
42,46,180,45
42,47,180,45
42,46
42,47,180,46
42,47
42,15,75
42,6,91,45,76
42,6,180,45,76
42,45,76
42,46,180,6,91,45,76
42,46,180,45,76
42,47,180,6,91,45,76
42,47,180,45,76
42,6,91,45,76,77
42,6,180,45,76,77
42,45,76,77
42,46,180,6,91,45,76,77
42,46,180,45,76,77
42,47,180,6,91,45,76,77
42,47,180,45,76,77
42,6,91,45,76,78
42,6,180,45,76,78
42,45,76,78
42,46,180,6,91,45,76,78
42,46,180,45,76,78
42,47,180,6,91,45,76,78
42,47,180,45,76,78
42,6,91,45,76,29
42,6,180,45,76,29
42,45,76,29
42,46,180,6,91,45,76,29
42,46,180,45,76,29
42,47,180,6,91,45,76,29
42,47,180,45,76,29
42,6,91,45,76,28
42,6,180,45,76,28
42,45,76,28
42,46,180,6,91,45,76,28
42,46,180,45,76,28
42,47,180,6,91,45,76,28
42,47,180,45,76,28
42,6,85
42,45,91,6,85
42,45,180,6,85
42,46,180,6,85
42,46,180,45,91,6,85
42,47,180,6,85
42,47,180,45,91,6,85
42,6,91
42,6,180,45,91
42,45,91
42,46,180,6,91
42,46,180,45,91
42,47,180,6,91
42,47,180,45,91
42,6,91,45,123
42,6,180,45,123
42,45,123
42,46,180,6,91,45,123
42,46,180,45,123
42,47,180,6,91,45,123
42,47,180,45,123
42,15,158
42,6,91,45,180,18,161
42,6,180,18,161
42,45,180,18,161
42,46,180,18,161
42,47,180,18,161
42,6,91,45,180,18
42,6,180,18
42,45,180,18
42,46,180,18
42,47,180,18
42,6,180
42,45,180
42,46,180
42,47,180
42,6,91,45,180,169
42,6,180,169
42,45,180,169
42,46,180,169
42,47,180,169
6,42,43
6,91,45,42,43
6,91,45,180,46,42,43
6,91,45,180,47,42,43
6,180,45,42,43
6,180,46,42,43
6,180,47,42,43
6,42,44
6,91,45,42,44
6,91,45,180,46,42,44
6,91,45,180,47,42,44
6,180,45,42,44
6,180,46,42,44
6,180,47,42,44
6,42,45
6,42,46,180,45
6,42,47,180,45
6,91,45
6,180,45
6,42,46
6,42,47,180,46
6,91,45,42,46
6,91,45,42,47,180,46
6,91,45,180,46
6,180,46
6,42,47
6,91,45,42,47
6,91,45,180,47
6,180,47
6,42,15,75
6,91,45,42,15,75
6,91,45,180,46,42,15,75
6,91,45,180,47,42,15,75
6,180,45,42,15,75
6,180,46,42,15,75
6,180,47,42,15,75
6,42,45,76
6,42,46,180,45,76
6,42,47,180,45,76
6,91,45,76
6,180,45,76
6,42,45,76,77
6,42,46,180,45,76,77
6,42,47,180,45,76,77
6,91,45,76,77
6,180,45,76,77
6,42,45,76,78
6,42,46,180,45,76,78
6,42,47,180,45,76,78
6,91,45,76,78
6,180,45,76,78
6,42,45,76,29
6,42,46,180,45,76,29
6,42,47,180,45,76,29
6,91,45,76,29
6,180,45,76,29
6,42,45,76,28
6,42,46,180,45,76,28
6,42,47,180,45,76,28
6,91,45,76,28
6,180,45,76,28
6,85
6,91
6,180,45,91
6,42,45,123
6,42,46,180,45,123
6,42,47,180,45,123
6,91,45,123
6,180,45,123
6,42,15,158
6,91,45,42,15,158
6,91,45,180,46,42,15,158
6,91,45,180,47,42,15,158
6,180,45,42,15,158
6,180,46,42,15,158
6,180,47,42,15,158
6,42,45,180,18,161
6,42,46,180,18,161
6,42,47,180,18,161
6,91,45,42,46,180,18,161
6,91,45,42,47,180,18,161
6,91,45,180,18,161
6,180,18,161
6,42,45,180,18
6,42,46,180,18
6,42,47,180,18
6,91,45,42,46,180,18
6,91,45,42,47,180,18
6,91,45,180,18
6,180,18
6,180
6,42,45,180,169
6,42,46,180,169
6,42,47,180,169
6,91,45,42,46,180,169
6,91,45,42,47,180,169
6,91,45,180,169
6,180,169
43,42,44
43,42,45
43,42,46,180,45
43,42,47,180,45
43,42,46
43,42,47,180,46
43,42,47
43,42,15,75
43,42,6,91,45,76
43,42,6,180,45,76
43,42,45,76
43,42,46,180,6,91,45,76
43,42,46,180,45,76
43,42,47,180,6,91,45,76
43,42,47,180,45,76
43,42,6,91,45,76,77
43,42,6,180,45,76,77
43,42,45,76,77
43,42,46,180,6,91,45,76,77
43,42,46,180,45,76,77
43,42,47,180,6,91,45,76,77
43,42,47,180,45,76,77
43,42,6,91,45,76,78
43,42,6,180,45,76,78
43,42,45,76,78
43,42,46,180,6,91,45,76,78
43,42,46,180,45,76,78
43,42,47,180,6,91,45,76,78
43,42,47,180,45,76,78
43,42,6,91,45,76,29
43,42,6,180,45,76,29
43,42,45,76,29
43,42,46,180,6,91,45,76,29
43,42,46,180,45,76,29
43,42,47,180,6,91,45,76,29
43,42,47,180,45,76,29
43,42,6,91,45,76,28
43,42,6,180,45,76,28
43,42,45,76,28
43,42,46,180,6,91,45,76,28
43,42,46,180,45,76,28
43,42,47,180,6,91,45,76,28
43,42,47,180,45,76,28
43,42,6,85
43,42,45,91,6,85
43,42,45,180,6,85
43,42,46,180,6,85
43,42,46,180,45,91,6,85
43,42,47,180,6,85
43,42,47,180,45,91,6,85
43,42,6,91
43,42,6,180,45,91
43,42,45,91
43,42,46,180,6,91
43,42,46,180,45,91
43,42,47,180,6,91
43,42,47,180,45,91
43,42,6,91,45,123
43,42,6,180,45,123
43,42,45,123
43,42,46,180,6,91,45,123
43,42,46,180,45,123
43,42,47,180,6,91,45,123
43,42,47,180,45,123
43,42,15,158
43,42,6,91,45,180,18,161
43,42,6,180,18,161
43,42,45,180,18,161
43,42,46,180,18,161
43,42,47,180,18,161
43,42,6,91,45,180,18
43,42,6,180,18
43,42,45,180,18
43,42,46,180,18
43,42,47,180,18
43,42,6,180
43,42,45,180
43,42,46,180
43,42,47,180
43,42,6,91,45,180,169
43,42,6,180,169
43,42,45,180,169
43,42,46,180,169
43,42,47,180,169
44,42,45
44,42,46,180,45
44,42,47,180,45
44,42,46
44,42,47,180,46
44,42,47
44,42,15,75
44,42,6,91,45,76
44,42,6,180,45,76
44,42,45,76
44,42,46,180,6,91,45,76
44,42,46,180,45,76
44,42,47,180,6,91,45,76
44,42,47,180,45,76
44,42,6,91,45,76,77
44,42,6,180,45,76,77
44,42,45,76,77
44,42,46,180,6,91,45,76,77
44,42,46,180,45,76,77
44,42,47,180,6,91,45,76,77
44,42,47,180,45,76,77
44,42,6,91,45,76,78
44,42,6,180,45,76,78
44,42,45,76,78
44,42,46,180,6,91,45,76,78
44,42,46,180,45,76,78
44,42,47,180,6,91,45,76,78
44,42,47,180,45,76,78
44,42,6,91,45,76,29
44,42,6,180,45,76,29
44,42,45,76,29
44,42,46,180,6,91,45,76,29
44,42,46,180,45,76,29
44,42,47,180,6,91,45,76,29
44,42,47,180,45,76,29
44,42,6,91,45,76,28
44,42,6,180,45,76,28
44,42,45,76,28
44,42,46,180,6,91,45,76,28
44,42,46,180,45,76,28
44,42,47,180,6,91,45,76,28
44,42,47,180,45,76,28
44,42,6,85
44,42,45,91,6,85
44,42,45,180,6,85
44,42,46,180,6,85
44,42,46,180,45,91,6,85
44,42,47,180,6,85
44,42,47,180,45,91,6,85
44,42,6,91
44,42,6,180,45,91
44,42,45,91
44,42,46,180,6,91
44,42,46,180,45,91
44,42,47,180,6,91
44,42,47,180,45,91
44,42,6,91,45,123
44,42,6,180,45,123
44,42,45,123
44,42,46,180,6,91,45,123
44,42,46,180,45,123
44,42,47,180,6,91,45,123
44,42,47,180,45,123
44,42,15,158
44,42,6,91,45,180,18,161
44,42,6,180,18,161
44,42,45,180,18,161
44,42,46,180,18,161
44,42,47,180,18,161
44,42,6,91,45,180,18
44,42,6,180,18
44,42,45,180,18
44,42,46,180,18
44,42,47,180,18
44,42,6,180
44,42,45,180
44,42,46,180
44,42,47,180
44,42,6,91,45,180,169
44,42,6,180,169
44,42,45,180,169
44,42,46,180,169
44,42,47,180,169
45,42,46
45,42,47,180,46
45,180,46
45,42,47
45,180,47
45,42,15,75
45,180,46,42,15,75
45,180,47,42,15,75
45,76
45,76,77
45,76,78
45,76,29
45,76,28
45,42,6,85
45,42,46,180,6,85
45,42,47,180,6,85
45,91,6,85
45,180,6,85
45,91
45,123
45,42,15,158
45,180,46,42,15,158
45,180,47,42,15,158
45,42,46,180,18,161
45,42,47,180,18,161
45,180,18,161
45,42,46,180,18
45,42,47,180,18
45,180,18
45,180
45,42,46,180,169
45,42,47,180,169
45,180,169
46,42,47
46,180,47
46,42,15,75
46,180,47,42,15,75
46,42,6,91,45,76
46,42,45,76
46,42,47,180,6,91,45,76
46,42,47,180,45,76
46,180,6,91,45,76
46,180,45,76
46,42,6,91,45,76,77
46,42,45,76,77
46,42,47,180,6,91,45,76,77
46,42,47,180,45,76,77
46,180,6,91,45,76,77
46,180,45,76,77
46,42,6,91,45,76,78
46,42,45,76,78
46,42,47,180,6,91,45,76,78
46,42,47,180,45,76,78
46,180,6,91,45,76,78
46,180,45,76,78
46,42,6,91,45,76,29
46,42,45,76,29
46,42,47,180,6,91,45,76,29
46,42,47,180,45,76,29
46,180,6,91,45,76,29
46,180,45,76,29
46,42,6,91,45,76,28
46,42,45,76,28
46,42,47,180,6,91,45,76,28
46,42,47,180,45,76,28
46,180,6,91,45,76,28
46,180,45,76,28
46,42,6,85
46,42,45,91,6,85
46,42,47,180,6,85
46,42,47,180,45,91,6,85
46,180,6,85
46,180,45,91,6,85
46,42,6,91
46,42,45,91
46,42,47,180,6,91
46,42,47,180,45,91
46,180,6,91
46,180,45,91
46,42,6,91,45,123
46,42,45,123
46,42,47,180,6,91,45,123
46,42,47,180,45,123
46,180,6,91,45,123
46,180,45,123
46,42,15,158
46,180,47,42,15,158
46,42,47,180,18,161
46,180,18,161
46,42,47,180,18
46,180,18
46,180
46,42,47,180,169
46,180,169
47,42,15,75
47,42,6,91,45,76
47,42,45,76
47,180,6,91,45,76
47,180,45,76
47,42,6,91,45,76,77
47,42,45,76,77
47,180,6,91,45,76,77
47,180,45,76,77
47,42,6,91,45,76,78
47,42,45,76,78
47,180,6,91,45,76,78
47,180,45,76,78
47,42,6,91,45,76,29
47,42,45,76,29
47,180,6,91,45,76,29
47,180,45,76,29
47,42,6,91,45,76,28
47,42,45,76,28
47,180,6,91,45,76,28
47,180,45,76,28
47,42,6,85
47,42,45,91,6,85
47,180,6,85
47,180,45,91,6,85
47,42,6,91
47,42,45,91
47,180,6,91
47,180,45,91
47,42,6,91,45,123
47,42,45,123
47,180,6,91,45,123
47,180,45,123
47,42,15,158
47,180,18,161
47,180,18
47,180
47,180,169
75,15,42,6,91,45,76
75,15,42,6,180,45,76
75,15,42,45,76
75,15,42,46,180,6,91,45,76
75,15,42,46,180,45,76
75,15,42,47,180,6,91,45,76
75,15,42,47,180,45,76
75,15,42,6,91,45,76,77
75,15,42,6,180,45,76,77
75,15,42,45,76,77
75,15,42,46,180,6,91,45,76,77
75,15,42,46,180,45,76,77
75,15,42,47,180,6,91,45,76,77
75,15,42,47,180,45,76,77
75,15,42,6,91,45,76,78
75,15,42,6,180,45,76,78
75,15,42,45,76,78
75,15,42,46,180,6,91,45,76,78
75,15,42,46,180,45,76,78
75,15,42,47,180,6,91,45,76,78
75,15,42,47,180,45,76,78
75,15,42,6,91,45,76,29
75,15,42,6,180,45,76,29
75,15,42,45,76,29
75,15,42,46,180,6,91,45,76,29
75,15,42,46,180,45,76,29
75,15,42,47,180,6,91,45,76,29
75,15,42,47,180,45,76,29
75,15,42,6,91,45,76,28
75,15,42,6,180,45,76,28
75,15,42,45,76,28
75,15,42,46,180,6,91,45,76,28
75,15,42,46,180,45,76,28
75,15,42,47,180,6,91,45,76,28
75,15,42,47,180,45,76,28
75,15,42,6,85
75,15,42,45,91,6,85
75,15,42,45,180,6,85
75,15,42,46,180,6,85
75,15,42,46,180,45,91,6,85
75,15,42,47,180,6,85
75,15,42,47,180,45,91,6,85
75,15,42,6,91
75,15,42,6,180,45,91
75,15,42,45,91
75,15,42,46,180,6,91
75,15,42,46,180,45,91
75,15,42,47,180,6,91
75,15,42,47,180,45,91
75,15,42,6,91,45,123
75,15,42,6,180,45,123
75,15,42,45,123
75,15,42,46,180,6,91,45,123
75,15,42,46,180,45,123
75,15,42,47,180,6,91,45,123
75,15,42,47,180,45,123
75,15,158
75,15,42,6,91,45,180,18,161
75,15,42,6,180,18,161
75,15,42,45,180,18,161
75,15,42,46,180,18,161
75,15,42,47,180,18,161
75,15,42,6,91,45,180,18
75,15,42,6,180,18
75,15,42,45,180,18
75,15,42,46,180,18
75,15,42,47,180,18
75,15,42,6,180
75,15,42,45,180
75,15,42,46,180
75,15,42,47,180
75,15,42,6,91,45,180,169
75,15,42,6,180,169
75,15,42,45,180,169
75,15,42,46,180,169
75,15,42,47,180,169
76,77
76,78
76,29
76,28
76,45,42,6,85
76,45,42,46,180,6,85
76,45,42,47,180,6,85
76,45,91,6,85
76,45,180,6,85
76,45,91
76,45,180,6,91
76,45,123
76,45,42,15,158
76,45,91,6,42,15,158
76,45,91,6,180,46,42,15,158
76,45,91,6,180,47,42,15,158
76,45,180,6,42,15,158
76,45,180,46,42,15,158
76,45,180,47,42,15,158
76,45,42,6,180,18,161
76,45,42,46,180,18,161
76,45,42,47,180,18,161
76,45,91,6,42,46,180,18,161
76,45,91,6,42,47,180,18,161
76,45,91,6,180,18,161
76,45,180,18,161
76,45,42,6,180,18
76,45,42,46,180,18
76,45,42,47,180,18
76,45,91,6,42,46,180,18
76,45,91,6,42,47,180,18
76,45,91,6,180,18
76,45,180,18
76,45,180
76,45,42,6,180,169
76,45,42,46,180,169
76,45,42,47,180,169
76,45,91,6,42,46,180,169
76,45,91,6,42,47,180,169
76,45,91,6,180,169
76,45,180,169
77,76,78
77,76,29
77,76,28
77,76,45,42,6,85
77,76,45,42,46,180,6,85
77,76,45,42,47,180,6,85
77,76,45,91,6,85
77,76,45,180,6,85
77,76,45,91
77,76,45,180,6,91
77,76,45,123
77,76,45,42,15,158
77,76,45,91,6,42,15,158
77,76,45,91,6,180,46,42,15,158
77,76,45,91,6,180,47,42,15,158
77,76,45,180,6,42,15,158
77,76,45,180,46,42,15,158
77,76,45,180,47,42,15,158
77,76,45,42,6,180,18,161
77,76,45,42,46,180,18,161
77,76,45,42,47,180,18,161
77,76,45,91,6,42,46,180,18,161
77,76,45,91,6,42,47,180,18,161
77,76,45,91,6,180,18,161
77,76,45,180,18,161
77,76,45,42,6,180,18
77,76,45,42,46,180,18
77,76,45,42,47,180,18
77,76,45,91,6,42,46,180,18
77,76,45,91,6,42,47,180,18
77,76,45,91,6,180,18
77,76,45,180,18
77,76,45,180
77,76,45,42,6,180,169
77,76,45,42,46,180,169
77,76,45,42,47,180,169
77,76,45,91,6,42,46,180,169
77,76,45,91,6,42,47,180,169
77,76,45,91,6,180,169
77,76,45,180,169
78,76,29
78,76,28
78,76,45,42,6,85
78,76,45,42,46,180,6,85
78,76,45,42,47,180,6,85
78,76,45,91,6,85
78,76,45,180,6,85
78,76,45,91
78,76,45,180,6,91
78,76,45,123
78,76,45,42,15,158
78,76,45,91,6,42,15,158
78,76,45,91,6,180,46,42,15,158
78,76,45,91,6,180,47,42,15,158
78,76,45,180,6,42,15,158
78,76,45,180,46,42,15,158
78,76,45,180,47,42,15,158
78,76,45,42,6,180,18,161
78,76,45,42,46,180,18,161
78,76,45,42,47,180,18,161
78,76,45,91,6,42,46,180,18,161
78,76,45,91,6,42,47,180,18,161
78,76,45,91,6,180,18,161
78,76,45,180,18,161
78,76,45,42,6,180,18
78,76,45,42,46,180,18
78,76,45,42,47,180,18
78,76,45,91,6,42,46,180,18
78,76,45,91,6,42,47,180,18
78,76,45,91,6,180,18
78,76,45,180,18
78,76,45,180
78,76,45,42,6,180,169
78,76,45,42,46,180,169
78,76,45,42,47,180,169
78,76,45,91,6,42,46,180,169
78,76,45,91,6,42,47,180,169
78,76,45,91,6,180,169
78,76,45,180,169
29,76,28
29,76,45,42,6,85
29,76,45,42,46,180,6,85
29,76,45,42,47,180,6,85
29,76,45,91,6,85
29,76,45,180,6,85
29,76,45,91
29,76,45,180,6,91
29,76,45,123
29,76,45,42,15,158
29,76,45,91,6,42,15,158
29,76,45,91,6,180,46,42,15,158
29,76,45,91,6,180,47,42,15,158
29,76,45,180,6,42,15,158
29,76,45,180,46,42,15,158
29,76,45,180,47,42,15,158
29,76,45,42,6,180,18,161
29,76,45,42,46,180,18,161
29,76,45,42,47,180,18,161
29,76,45,91,6,42,46,180,18,161
29,76,45,91,6,42,47,180,18,161
29,76,45,91,6,180,18,161
29,76,45,180,18,161
29,76,45,42,6,180,18
29,76,45,42,46,180,18
29,76,45,42,47,180,18
29,76,45,91,6,42,46,180,18
29,76,45,91,6,42,47,180,18
29,76,45,91,6,180,18
29,76,45,180,18
29,76,45,180
29,76,45,42,6,180,169
29,76,45,42,46,180,169
29,76,45,42,47,180,169
29,76,45,91,6,42,46,180,169
29,76,45,91,6,42,47,180,169
29,76,45,91,6,180,169
29,76,45,180,169
28,76,45,42,6,85
28,76,45,42,46,180,6,85
28,76,45,42,47,180,6,85
28,76,45,91,6,85
28,76,45,180,6,85
28,76,45,91
28,76,45,180,6,91
28,76,45,123
28,76,45,42,15,158
28,76,45,91,6,42,15,158
28,76,45,91,6,180,46,42,15,158
28,76,45,91,6,180,47,42,15,158
28,76,45,180,6,42,15,158
28,76,45,180,46,42,15,158
28,76,45,180,47,42,15,158
28,76,45,42,6,180,18,161
28,76,45,42,46,180,18,161
28,76,45,42,47,180,18,161
28,76,45,91,6,42,46,180,18,161
28,76,45,91,6,42,47,180,18,161
28,76,45,91,6,180,18,161
28,76,45,180,18,161
28,76,45,42,6,180,18
28,76,45,42,46,180,18
28,76,45,42,47,180,18
28,76,45,91,6,42,46,180,18
28,76,45,91,6,42,47,180,18
28,76,45,91,6,180,18
28,76,45,180,18
28,76,45,180
28,76,45,42,6,180,169
28,76,45,42,46,180,169
28,76,45,42,47,180,169
28,76,45,91,6,42,46,180,169
28,76,45,91,6,42,47,180,169
28,76,45,91,6,180,169
28,76,45,180,169
79,53
79,53,183
53,183
85,6,91
85,6,180,45,91
85,6,42,45,123
85,6,42,46,180,45,123
85,6,42,47,180,45,123
85,6,91,45,123
85,6,180,45,123
85,6,42,15,158
85,6,91,45,42,15,158
85,6,91,45,180,46,42,15,158
85,6,91,45,180,47,42,15,158
85,6,180,45,42,15,158
85,6,180,46,42,15,158
85,6,180,47,42,15,158
85,6,42,45,180,18,161
85,6,42,46,180,18,161
85,6,42,47,180,18,161
85,6,91,45,42,46,180,18,161
85,6,91,45,42,47,180,18,161
85,6,91,45,180,18,161
85,6,180,18,161
85,6,42,45,180,18
85,6,42,46,180,18
85,6,42,47,180,18
85,6,91,45,42,46,180,18
85,6,91,45,42,47,180,18
85,6,91,45,180,18
85,6,180,18
85,6,180
85,6,42,45,180,169
85,6,42,46,180,169
85,6,42,47,180,169
85,6,91,45,42,46,180,169
85,6,91,45,42,47,180,169
85,6,91,45,180,169
85,6,180,169
88,89
91,45,123
91,6,180,45,123
91,45,42,15,158
91,45,180,6,42,15,158
91,45,180,46,42,15,158
91,45,180,47,42,15,158
91,6,42,15,158
91,6,180,46,42,15,158
91,6,180,47,42,15,158
91,45,42,46,180,18,161
91,45,42,47,180,18,161
91,45,180,18,161
91,6,42,46,180,18,161
91,6,42,47,180,18,161
91,6,180,18,161
91,45,42,46,180,18
91,45,42,47,180,18
91,45,180,18
91,6,42,46,180,18
91,6,42,47,180,18
91,6,180,18
91,45,180
91,6,180
91,45,42,46,180,169
91,45,42,47,180,169
91,45,180,169
91,6,42,46,180,169
91,6,42,47,180,169
91,6,180,169
104,105
104,106
105,104,106
123,45,42,15,158
123,45,91,6,42,15,158
123,45,91,6,180,46,42,15,158
123,45,91,6,180,47,42,15,158
123,45,180,6,42,15,158
123,45,180,46,42,15,158
123,45,180,47,42,15,158
123,45,42,6,180,18,161
123,45,42,46,180,18,161
123,45,42,47,180,18,161
123,45,91,6,42,46,180,18,161
123,45,91,6,42,47,180,18,161
123,45,91,6,180,18,161
123,45,180,18,161
123,45,42,6,180,18
123,45,42,46,180,18
123,45,42,47,180,18
123,45,91,6,42,46,180,18
123,45,91,6,42,47,180,18
123,45,91,6,180,18
123,45,180,18
123,45,180
123,45,42,6,180,169
123,45,42,46,180,169
123,45,42,47,180,169
123,45,91,6,42,46,180,169
123,45,91,6,42,47,180,169
123,45,91,6,180,169
123,45,180,169
158,15,42,6,91,45,180,18,161
158,15,42,6,180,18,161
158,15,42,45,180,18,161
158,15,42,46,180,18,161
158,15,42,47,180,18,161
158,15,42,6,91,45,180,18
158,15,42,6,180,18
158,15,42,45,180,18
158,15,42,46,180,18
158,15,42,47,180,18
158,15,42,6,180
158,15,42,45,180
158,15,42,46,180
158,15,42,47,180
158,15,42,6,91,45,180,169
158,15,42,6,180,169
158,15,42,45,180,169
158,15,42,46,180,169
158,15,42,47,180,169
161,18
161,18,180
161,18,180,169
18,180
18,180,169
164,165
168,20
172,139
172,41
139,172,41
180,169
