7,8
7,28
7,28,29
7,8,70
8,7,28
8,7,28,29
8,70
10,11
10,12
10,11,147
11,10,12
11,147
12,10,11,147
15,4
15,16
4,15,16
28,29
28,7,8,70
29,28,7,8,70
40,41
40,41,101,100
40,41,101
40,41,101,100,33
41,101,100
41,101
41,101,100,33
57,58
57,59
57,60,59
57,60
58,57,59
58,57,60,59
58,57,60
59,60
100,101
100,33
101,100,33
109,110
109,49
109,110,137
109,110,137,177
110,109,49
110,137
110,137,177
49,109,110,137
49,109,110,137,177
112,113
112,114
112,113,135
113,112,114
113,135
114,112,113,135
122,123
122,124
123,122,124
129,61
129,75
61,129,75
137,177
167,152
167,163
152,167,163
183,182
193,165
