17,18
17,227,6,22,23,18
17,227,6,186,492,22,23,18
17,227,6,492,22,23,18
17,18,23,22
17,227,6,22
17,227,6,186,492,22
17,227,6,492,22
17,18,23,22,6
17,18,23,22,492,6
17,18,23,22,492,186,6
17,227,6
17,18,23
17,227,6,22,23
17,227,6,186,492,22,23
17,227,6,492,22,23
17,18,23,22,6,186
17,18,23,22,492,186
17,227,6,186
17,227,6,492,186
17,18,23,22,6,227,226
17,18,23,22,492,6,227,226
17,18,23,22,492,186,6,227,226
17,227,226
17,227
17,18,23,22,6,227,245,244
17,18,23,22,492,6,227,245,244
17,18,23,22,492,186,6,227,245,244
17,227,245,244
17,18,23,22,6,227,245
17,18,23,22,492,6,227,245
17,18,23,22,492,186,6,227,245
17,227,245
17,18,23,22,6,227,361
17,18,23,22,492,6,227,361
17,18,23,22,492,186,6,227,361
17,227,361
17,18,23,22,6,227,245,244,429
17,18,23,22,492,6,227,245,244,429
17,18,23,22,492,186,6,227,245,244,429
17,227,245,244,429
17,18,23,22,6,227,245,244,429,205
17,18,23,22,492,6,227,245,244,429,205
17,18,23,22,492,186,6,227,245,244,429,205
17,227,245,244,429,205
17,18,23,22,492
17,227,6,492
17,18,23,22,6,186,492,28
17,18,23,22,6,492,28
17,18,23,22,492,28
17,227,6,22,492,28
17,227,6,186,492,28
17,227,6,492,28
17,18,23,22,6,186,492,296
17,18,23,22,6,492,296
17,18,23,22,492,296
17,227,6,22,492,296
17,227,6,186,492,296
17,227,6,492,296
18,17,227,6,22
18,17,227,6,186,492,22
18,17,227,6,492,22
18,23,22
18,17,227,6
18,23,22,6
18,23,22,492,6
18,23,22,492,186,6
18,23
18,17,227,6,186
18,17,227,6,492,186
18,23,22,6,186
18,23,22,492,186
18,17,227,226
18,23,22,6,227,226
18,23,22,492,6,227,226
18,23,22,492,186,6,227,226
18,17,227
18,23,22,6,227
18,23,22,492,6,227
18,23,22,492,186,6,227
18,17,227,245,244
18,23,22,6,227,245,244
18,23,22,492,6,227,245,244
18,23,22,492,186,6,227,245,244
18,17,227,245
18,23,22,6,227,245
18,23,22,492,6,227,245
18,23,22,492,186,6,227,245
18,17,227,361
18,23,22,6,227,361
18,23,22,492,6,227,361
18,23,22,492,186,6,227,361
18,17,227,245,244,429
18,23,22,6,227,245,244,429
18,23,22,492,6,227,245,244,429
18,23,22,492,186,6,227,245,244,429
18,17,227,245,244,429,205
18,23,22,6,227,245,244,429,205
18,23,22,492,6,227,245,244,429,205
18,23,22,492,186,6,227,245,244,429,205
18,17,227,6,492
18,23,22,492
18,17,227,6,22,492,28
18,17,227,6,186,492,28
18,17,227,6,492,28
18,23,22,6,186,492,28
18,23,22,6,492,28
18,23,22,492,28
18,17,227,6,22,492,296
18,17,227,6,186,492,296
18,17,227,6,492,296
18,23,22,6,186,492,296
18,23,22,6,492,296
18,23,22,492,296
19,20
22,6
22,492,6
22,492,186,6
22,23
22,6,186
22,23,18,17,227,6,186
22,492,186
22,6,227,226
22,23,18,17,227,226
22,492,6,227,226
22,492,186,6,227,226
22,6,227
22,23,18,17,227
22,492,6,227
22,492,186,6,227
22,6,227,245,244
22,23,18,17,227,245,244
22,492,6,227,245,244
22,492,186,6,227,245,244
22,6,227,245
22,23,18,17,227,245
22,492,6,227,245
22,492,186,6,227,245
22,6,227,361
22,23,18,17,227,361
22,492,6,227,361
22,492,186,6,227,361
22,6,227,245,244,429
22,23,18,17,227,245,244,429
22,492,6,227,245,244,429
22,492,186,6,227,245,244,429
22,6,227,245,244,429,205
22,23,18,17,227,245,244,429,205
22,492,6,227,245,244,429,205
22,492,186,6,227,245,244,429,205
22,492
22,6,186,492,28
22,6,492,28
22,23,18,17,227,6,186,492,28
22,23,18,17,227,6,492,28
22,492,28
22,6,186,492,296
22,6,492,296
22,23,18,17,227,6,186,492,296
22,23,18,17,227,6,492,296
22,492,296
6,22,23
6,186,492,22,23
6,227,17,18,23
6,492,22,23
6,186
6,492,186
6,227,226
6,227
6,227,245,244
6,227,245
6,227,361
6,227,245,244,429
6,227,245,244,429,205
6,492
6,186,492,28
6,492,28
6,186,492,296
6,492,296
23,22,6,186
23,22,492,186
23,18,17,227,6,186
23,18,17,227,6,492,186
23,22,6,227,226
23,22,492,6,227,226
23,22,492,186,6,227,226
23,18,17,227,226
23,22,6,227
23,22,492,6,227
23,22,492,186,6,227
23,18,17,227
23,22,6,227,245,244
23,22,492,6,227,245,244
23,22,492,186,6,227,245,244
23,18,17,227,245,244
23,22,6,227,245
23,22,492,6,227,245
23,22,492,186,6,227,245
23,18,17,227,245
23,22,6,227,361
23,22,492,6,227,361
23,22,492,186,6,227,361
23,18,17,227,361
23,22,6,227,245,244,429
23,22,492,6,227,245,244,429
23,22,492,186,6,227,245,244,429
23,18,17,227,245,244,429
23,22,6,227,245,244,429,205
23,22,492,6,227,245,244,429,205
23,22,492,186,6,227,245,244,429,205
23,18,17,227,245,244,429,205
23,22,492
23,18,17,227,6,492
23,22,6,186,492,28
23,22,6,492,28
23,22,492,28
23,18,17,227,6,186,492,28
23,18,17,227,6,492,28
23,22,6,186,492,296
23,22,6,492,296
23,22,492,296
23,18,17,227,6,186,492,296
23,18,17,227,6,492,296
33,34
36,37
36,37,250,304,444,443,39,84
36,37,39,84
36,37,250,304,444,443,39
36,37,39
36,37,250
36,37,250,291
36,37,39,443,444,304,250,291
36,37,250,304
36,37,39,443,444,304
36,37,250,304,444,443,39,418
36,37,39,418
36,37,250,304,444,443
36,37,39,443
36,37,250,304,444
36,37,39,443,444
36,37,474
36,37,474,487
37,250,304,444,443,39,84
37,39,84
37,250,304,444,443,39
37,39
37,250
37,250,291
37,39,443,444,304,250,291
37,250,304
37,39,443,444,304
37,250,304,444,443,39,418
37,39,418
37,250,304,444,443
37,39,443
37,250,304,444
37,39,443,444
37,474
37,474,487
50,51
50,51,192,196
50,51,196
50,51,192
50,51,307
51,192,196
51,196
51,192
51,307
55,56
55,56,129
55,56,546,129
55,56,151
55,56,151,152
55,56,475
55,56,480
55,56,546
56,129
56,546,129
56,151
56,151,152
56,475
56,480
56,546
59,60
66,26
84,39
84,39,443,444,304,250
84,39,37,250
84,39,443,444,304,250,291
84,39,37,250,291
84,39,443,444,304
84,39,37,250,304
84,39,418
84,39,443
84,39,443,444
84,39,37,250,304,444
84,39,443,444,304,250,37,474
84,39,37,474
84,39,443,444,304,250,37,474,487
84,39,37,474,487
39,443,444,304,250
39,37,250
39,443,444,304,250,291
39,37,250,291
39,443,444,304
39,37,250,304
39,418
39,443
39,443,444
39,37,250,304,444
39,443,444,304,250,37,474
39,37,474
39,443,444,304,250,37,474,487
39,37,474,487
92,82
93,94
93,95,215,96,94
93,95,255,94
93,96,215,95,255,94
93,96,94
93,95
93,96,215,95
93,96,94,255,95
93,12
93,96
93,94,255,95,215
93,94,96,215
93,95,215
93,96,215
93,94,255
93,95,255
93,96,215,95,255
93,96,94,255
93,94,255,95,398,397
93,94,96,215,95,398,397
93,95,398,397
93,96,215,95,398,397
93,96,94,255,95,398,397
93,94,255,95,398
93,94,96,215,95,398
93,95,398
93,96,215,95,398
93,96,94,255,95,398
94,93,95
94,255,95
94,96,93,95
94,96,215,95
94,93,12
94,255,95,93,12
94,255,95,215,96,93,12
94,96,93,12
94,96,215,95,93,12
94,255,95,215,96
94,96
94,93,95,215
94,255,95,215
94,96,215
94,255
94,93,95,398,397
94,255,95,398,397
94,96,93,95,398,397
94,96,215,95,398,397
94,93,95,398
94,255,95,398
94,96,93,95,398
94,96,215,95,398
95,93,12
95,215,96,93,12
95,255,94,96,93,12
95,93,96
95,215,96
95,255,94,96
95,215
95,255
95,398,397
95,398
12,93,96
12,93,94,255,95,215
12,93,94,96,215
12,93,95,215
12,93,96,215
12,93,94,255
12,93,95,255
12,93,96,215,95,255
12,93,96,94,255
12,93,94,255,95,398,397
12,93,94,96,215,95,398,397
12,93,95,398,397
12,93,96,215,95,398,397
12,93,96,94,255,95,398,397
12,93,94,255,95,398
12,93,94,96,215,95,398
12,93,95,398
12,93,96,215,95,398
12,93,96,94,255,95,398
96,215
96,93,95,255
96,215,95,255
96,94,255
96,93,95,398,397
96,215,95,398,397
96,94,255,95,398,397
96,93,95,398
96,215,95,398
96,94,255,95,398
101,102
101,534,295,161,160
101,534,160
101,534,295,161
101,534,160,161
101,534,295
101,534
101,534,441
101,534,30
102,101,534,295,161,160
102,101,534,160
102,101,534,295,161
102,101,534,160,161
102,101,534,295
102,101,534
102,101,534,441
102,101,534,30
106,107
106,108
106,109
106,110
106,32
107,106,108
107,106,109
107,106,110
107,106,32
108,106,109
108,106,110
108,106,32
109,106,110
109,106,32
110,106,32
114,115
126,127
129,56,151
129,546,56,151
129,56,151,152
129,546,56,151,152
129,56,475
129,546,56,475
129,56,480
129,546,56,480
129,546
144,145
144,145,467
144,145,521
145,467
145,521
146,147
151,152
151,56,475
151,56,480
151,56,546
152,151,56,475
152,151,56,480
152,151,56,546
157,158
160,161
160,534,295,161
160,161,295
160,534,295
160,534
160,161,295,534,441
160,534,441
160,161,295,534,30
160,534,30
161,295
161,160,534
161,295,534
161,160,534,441
161,295,534,441
161,160,534,30
161,295,534,30
163,164
163,164,320
163,164,448
164,320
164,448
167,168
169,170
169,170,420
170,420
172,173
172,11
172,173,514
173,172,11
173,514
11,172,173,514
177,178
177,210
178,177,210
182,183
182,183,344,343
182,183,344
183,344,343
183,344
184,185
184,240
185,184,240
186,6,22,23,18,17,227,226
186,6,227,226
186,492,6,227,226
186,492,22,23,18,17,227,226
186,6,227
186,492,6,227
186,492,22,23,18,17,227
186,6,22,23,18,17,227,245,244
186,6,227,245,244
186,492,6,227,245,244
186,492,22,23,18,17,227,245,244
186,6,22,23,18,17,227,245
186,6,227,245
186,492,6,227,245
186,492,22,23,18,17,227,245
186,6,22,23,18,17,227,361
186,6,227,361
186,492,6,227,361
186,492,22,23,18,17,227,361
186,6,22,23,18,17,227,245,244,429
186,6,227,245,244,429
186,492,6,227,245,244,429
186,492,22,23,18,17,227,245,244,429
186,6,22,23,18,17,227,245,244,429,205
186,6,227,245,244,429,205
186,492,6,227,245,244,429,205
186,492,22,23,18,17,227,245,244,429,205
186,492
186,492,28
186,492,296
193,194
193,194,426
193,194,573
194,426
194,573
196,192
196,192,51,307
196,51,307
192,51,307
198,199
200,201
200,201,235
200,201,236
201,235
201,236
215,95,255
215,96,93,94,255
215,96,94,255
215,95,398,397
215,96,93,94,255,95,398,397
215,96,94,255,95,398,397
215,95,398
215,96,93,94,255,95,398
215,96,94,255,95,398
220,42
226,227
226,227,245,244
226,227,245
226,227,361
226,227,245,244,429
226,227,245,244,429,205
226,227,6,492
226,227,17,18,23,22,492
226,227,6,22,492,28
226,227,6,186,492,28
226,227,6,492,28
226,227,17,18,23,22,6,186,492,28
226,227,17,18,23,22,6,492,28
226,227,17,18,23,22,492,28
226,227,6,22,492,296
226,227,6,186,492,296
226,227,6,492,296
226,227,17,18,23,22,6,186,492,296
226,227,17,18,23,22,6,492,296
226,227,17,18,23,22,492,296
227,245,244
227,245
227,361
227,245,244,429
227,245,244,429,205
227,6,492
227,17,18,23,22,492
227,6,22,492,28
227,6,186,492,28
227,6,492,28
227,17,18,23,22,492,28
227,6,22,492,296
227,6,186,492,296
227,6,492,296
227,17,18,23,22,492,296
228,214
232,233
235,201,236
242,243
244,245
244,245,227,361
244,429
244,429,205
244,245,227,6,492
244,245,227,17,18,23,22,492
244,245,227,6,22,492,28
244,245,227,6,186,492,28
244,245,227,6,492,28
244,245,227,17,18,23,22,6,186,492,28
244,245,227,17,18,23,22,6,492,28
244,245,227,17,18,23,22,492,28
244,245,227,6,22,492,296
244,245,227,6,186,492,296
244,245,227,6,492,296
244,245,227,17,18,23,22,6,186,492,296
244,245,227,17,18,23,22,6,492,296
244,245,227,17,18,23,22,492,296
245,227,361
245,244,429
245,244,429,205
245,227,6,492
245,227,17,18,23,22,492
245,227,6,22,492,28
245,227,6,186,492,28
245,227,6,492,28
245,227,17,18,23,22,6,186,492,28
245,227,17,18,23,22,6,492,28
245,227,17,18,23,22,492,28
245,227,6,22,492,296
245,227,6,186,492,296
245,227,6,492,296
245,227,17,18,23,22,6,186,492,296
245,227,17,18,23,22,6,492,296
245,227,17,18,23,22,492,296
250,291
250,304
250,37,39,418
250,304,444,443,39,418
250,37,39,443
250,304,444,443
250,37,39,443,444
250,304,444
250,37,474
250,37,474,487
255,95,398,397
255,95,398
265,266
265,404,266
265,404
265,266,404,405
265,266,404,406,405
265,404,405
265,404,406,405
265,266,404,298
265,404,298
265,266,404,406
265,404,406
266,404
266,404,405
266,404,406,405
266,404,298
266,404,406
273,131
275,276
275,277
275,278
276,275,277
276,275,278
277,275,278
289,112
291,250,304
291,250,37,39,418
291,250,304,444,443,39,418
291,250,37,39,443
291,250,304,444,443
291,250,37,39,443,444
291,250,304,444
291,250,37,474
291,250,304,444,443,39,37,474
291,250,37,474,487
291,250,304,444,443,39,37,474,487
295,534
295,534,441
295,534,30
301,302
301,303
301,371
301,447
301,539
302,301,303
302,301,371
302,301,447
302,301,539
303,301,371
303,301,447
303,301,539
304,250,37,39,418
304,444,443,39,418
304,250,37,39,443
304,444,443
304,444
304,250,37,474
304,444,443,39,37,474
304,250,37,474,487
304,444,443,39,37,474,487
306,38
306,328
38,306,328
316,317
316,423
317,316,423
339,340
339,340,399
340,399
343,344
356,357
358,359
358,335
358,359,369
359,358,335
359,369
335,358,359,369
371,301,447
371,301,539
380,78
386,387
386,388
386,389
386,180
387,386,388
387,386,389
387,386,180
388,386,389
388,386,180
389,386,180
397,398
403,283
404,405
404,406,405
404,298
404,406
405,404,298
405,406,404,298
405,406
298,404,406
416,417
418,39,443
418,39,443,444
418,39,37,250,304,444
418,39,443,444,304,250,37,474
418,39,37,474
418,39,443,444,304,250,37,474,487
418,39,37,474,487
361,227,245,244,429
361,227,245,244,429,205
361,227,6,492
361,227,17,18,23,22,492
361,227,6,22,492,28
361,227,6,186,492,28
361,227,6,492,28
361,227,17,18,23,22,6,186,492,28
361,227,17,18,23,22,6,492,28
361,227,17,18,23,22,492,28
361,227,6,22,492,296
361,227,6,186,492,296
361,227,6,492,296
361,227,17,18,23,22,6,186,492,296
361,227,17,18,23,22,6,492,296
361,227,17,18,23,22,492,296
320,164,448
426,194,573
429,205
429,244,245,227,6,492
429,244,245,227,17,18,23,22,492
429,244,245,227,6,22,492,28
429,244,245,227,6,186,492,28
429,244,245,227,6,492,28
429,244,245,227,17,18,23,22,6,186,492,28
429,244,245,227,17,18,23,22,6,492,28
429,244,245,227,17,18,23,22,492,28
429,244,245,227,6,22,492,296
429,244,245,227,6,186,492,296
429,244,245,227,6,492,296
429,244,245,227,17,18,23,22,6,186,492,296
429,244,245,227,17,18,23,22,6,492,296
429,244,245,227,17,18,23,22,492,296
205,429,244,245,227,6,492
205,429,244,245,227,17,18,23,22,492
205,429,244,245,227,6,22,492,28
205,429,244,245,227,6,186,492,28
205,429,244,245,227,6,492,28
205,429,244,245,227,17,18,23,22,6,186,492,28
205,429,244,245,227,17,18,23,22,6,492,28
205,429,244,245,227,17,18,23,22,492,28
205,429,244,245,227,6,22,492,296
205,429,244,245,227,6,186,492,296
205,429,244,245,227,6,492,296
205,429,244,245,227,17,18,23,22,6,186,492,296
205,429,244,245,227,17,18,23,22,6,492,296
205,429,244,245,227,17,18,23,22,492,296
434,103
443,444
443,444,304,250,37,474
443,39,37,474
443,444,304,250,37,474,487
443,39,37,474,487
444,443,39,37,474
444,304,250,37,474
444,443,39,37,474,487
444,304,250,37,474,487
445,47
447,301,539
454,79
460,234
460,234,504
234,504
467,145,521
469,410
474,487
475,56,480
475,56,546
479,345
480,56,546
491,450
492,28
492,296
28,492,296
494,136
518,190
532,52
534,441
534,30
441,534,30
549,550
549,550,35
549,550,535
550,35
550,535
560,280
35,550,535
