2,3
2,3,48
2,3,131
2,3,403
2,3,510
2,3,737
2,3,1383
3,48
3,131
3,403
3,510
3,737
3,1383
22,23
22,23,285
22,23,410
22,23,892
22,23,896
22,23,1270
22,23,1432
22,23,1473
22,23,1551
22,23,1554
23,285
23,410
23,892
23,896
23,1270
23,1432
23,1473
23,1551
23,1554
34,35
34,35,63,62
34,35,63,156,64,62
34,35,63,65,62
34,35,63,67,62
34,35,63,64,62
34,35,63
34,35,63,156,64
34,35,63,65,62,64
34,35,63,67,62,64
34,35,63,64
34,35,63,156,64,62,65
34,35,63,65
34,35,63,67,62,65
34,35,63,62,66
34,35,63,156,64,62,66
34,35,63,65,62,66
34,35,63,67,62,66
34,35,63,64,62,66
34,35,63,156,64,62,67
34,35,63,67
34,35,63,156
34,35,63,568
34,35,63,1267,1266,568
34,35,63,1043
34,35,63,568,1266
34,35,63,1267,1266
34,35,63,1267
34,35,63,62,64,74
34,35,63,156,64,74
34,35,63,65,62,64,74
34,35,63,67,62,64,74
34,35,63,64,74
35,63,62
35,63,156,64,62
35,63,65,62
35,63,67,62
35,63,64,62
35,63
35,63,156,64
35,63,65,62,64
35,63,67,62,64
35,63,64
35,63,156,64,62,65
35,63,65
35,63,67,62,65
35,63,62,66
35,63,156,64,62,66
35,63,65,62,66
35,63,67,62,66
35,63,64,62,66
35,63,156,64,62,67
35,63,67
35,63,156
35,63,568
35,63,1267,1266,568
35,63,1043
35,63,568,1266
35,63,1267,1266
35,63,1267
35,63,62,64,74
35,63,156,64,74
35,63,65,62,64,74
35,63,67,62,64,74
35,63,64,74
37,38
42,43
48,3,131
48,3,403
48,3,510
48,3,737
48,3,1383
55,56
55,57
55,57,1253
55,57,1087
56,55,57
56,55,57,1253
56,55,57,1087
57,1253
57,1087
62,63
62,64,156,63
62,64,63
62,65,63
62,67,63
62,64
62,65,63,156,64
62,65,63,64
62,67,63,156,64
62,67,63,64
62,65
62,67,63,65
62,66
62,67
62,63,156
62,64,156
62,65,63,156
62,67,63,156
62,63,568
62,63,1267,1266,568
62,64,156,63,568
62,64,156,63,1267,1266,568
62,64,63,568
62,64,63,1267,1266,568
62,65,63,568
62,65,63,1267,1266,568
62,67,63,568
62,67,63,1267,1266,568
62,63,1043
62,64,156,63,1043
62,64,63,1043
62,65,63,1043
62,67,63,1043
62,63,568,1266
62,63,1267,1266
62,64,156,63,568,1266
62,64,156,63,1267,1266
62,64,63,568,1266
62,64,63,1267,1266
62,65,63,568,1266
62,65,63,1267,1266
62,67,63,568,1266
62,67,63,1267,1266
62,63,1267
62,64,156,63,1267
62,64,63,1267
62,65,63,1267
62,67,63,1267
62,63,156,64,74
62,63,64,74
62,64,74
62,65,63,156,64,74
62,65,63,64,74
62,67,63,156,64,74
62,67,63,64,74
63,156,64
63,64
63,65
63,62,66
63,156,64,62,66
63,65,62,66
63,67,62,66
63,64,62,66
63,67
63,156
63,568
63,1267,1266,568
63,1043
63,568,1266
63,1267,1266
63,1267
63,156,64,74
63,64,74
64,62,65
64,62,67,63,65
64,156,63,65
64,156,63,67,62,65
64,63,65
64,62,66
64,156,63,65,62,66
64,156,63,67,62,66
64,63,65,62,66
64,63,67,62,66
64,62,67
64,156,63,67
64,63,67
64,156
64,62,65,63,568
64,62,65,63,1267,1266,568
64,62,67,63,568
64,62,67,63,1267,1266,568
64,156,63,568
64,156,63,1267,1266,568
64,63,568
64,63,1267,1266,568
64,62,65,63,1043
64,62,67,63,1043
64,156,63,1043
64,63,1043
64,62,65,63,568,1266
64,62,65,63,1267,1266
64,62,67,63,568,1266
64,62,67,63,1267,1266
64,156,63,568,1266
64,156,63,1267,1266
64,63,568,1266
64,63,1267,1266
64,62,65,63,1267
64,62,67,63,1267
64,156,63,1267
64,63,1267
64,74
65,62,66
65,63,67,62,66
65,62,67
65,63,67
65,62,64,156
65,62,67,63,156
65,63,156
65,62,64,156,63,568
65,62,64,156,63,1267,1266,568
65,62,67,63,568
65,62,67,63,1267,1266,568
65,63,568
65,63,1267,1266,568
65,62,64,156,63,1043
65,62,67,63,1043
65,63,1043
65,62,64,156,63,568,1266
65,62,64,156,63,1267,1266
65,62,67,63,568,1266
65,62,67,63,1267,1266
65,63,568,1266
65,63,1267,1266
65,62,64,156,63,1267
65,62,67,63,1267
65,63,1267
65,62,64,74
65,62,67,63,156,64,74
65,62,67,63,64,74
65,63,156,64,74
65,63,64,74
66,62,67
66,62,63,156
66,62,64,156
66,62,65,63,156
66,62,67,63,156
66,62,63,568
66,62,63,1267,1266,568
66,62,64,156,63,568
66,62,64,156,63,1267,1266,568
66,62,64,63,568
66,62,64,63,1267,1266,568
66,62,65,63,568
66,62,65,63,1267,1266,568
66,62,67,63,568
66,62,67,63,1267,1266,568
66,62,63,1043
66,62,64,156,63,1043
66,62,64,63,1043
66,62,65,63,1043
66,62,67,63,1043
66,62,63,568,1266
66,62,63,1267,1266
66,62,64,156,63,568,1266
66,62,64,156,63,1267,1266
66,62,64,63,568,1266
66,62,64,63,1267,1266
66,62,65,63,568,1266
66,62,65,63,1267,1266
66,62,67,63,568,1266
66,62,67,63,1267,1266
66,62,63,1267
66,62,64,156,63,1267
66,62,64,63,1267
66,62,65,63,1267
66,62,67,63,1267
66,62,63,156,64,74
66,62,63,64,74
66,62,64,74
66,62,65,63,156,64,74
66,62,65,63,64,74
66,62,67,63,156,64,74
66,62,67,63,64,74
67,62,64,156
67,63,156
67,62,64,156,63,568
67,62,64,156,63,1267,1266,568
67,63,568
67,63,1267,1266,568
67,62,64,156,63,1043
67,63,1043
67,62,64,156,63,568,1266
67,62,64,156,63,1267,1266
67,63,568,1266
67,63,1267,1266
67,62,64,156,63,1267
67,63,1267
67,62,64,74
67,63,156,64,74
67,63,64,74
83,84
86,87
86,1189,1101,799,1052,1091,87
86,1091,87
86,87,677,161
86,1189,1101,799,1052,1091,87,677,161
86,1091,87,677,161
86,87,677
86,1189,1101,799,1052,1091,87,677
86,1091,87,677
86,87,1091,1052
86,1189,1101,799,1052
86,1091,1052
86,87,1091,1052,891
86,1189,1101,799,1052,891
86,1091,1052,891
86,87,1091,1052,799
86,1189,1101,799
86,1091,1052,799
86,87,1091,1052,799,1101,1058
86,1189,1101,1058
86,1091,1052,799,1101,1058
86,87,1091,1052,799,1101,1058,930
86,1189,1101,1058,930
86,1091,1052,799,1101,1058,930
86,1189,1101,799,1052,1091
86,1091
86,87,1091,1052,799,1101
86,1189,1101
86,1091,1052,799,1101
86,1189
86,87,1091,1052,799,1101,1189,255
86,1189,255
86,1091,1052,799,1101,1189,255
87,677,161
87,677
87,86,1189,1101,799,1052
87,1091,1052
87,86,1189,1101,799,1052,891
87,1091,86,1189,1101,799,1052,891
87,1091,1052,891
87,86,1189,1101,799
87,1091,86,1189,1101,799
87,1091,1052,799
87,86,1189,1101,1058
87,1091,86,1189,1101,1058
87,1091,1052,799,1101,1058
87,86,1189,1101,1058,930
87,1091,86,1189,1101,1058,930
87,1091,1052,799,1101,1058,930
87,1091
87,86,1189,1101
87,1091,86,1189,1101
87,1091,1052,799,1101
87,86,1189
87,1091,86,1189
87,1091,1052,799,1101,1189
87,86,1189,255
87,1091,86,1189,255
87,1091,1052,799,1101,1189,255
92,93
92,1218
92,1218,1053
93,92,1218
93,92,1218,1053
95,96
95,96,1462
95,96,1467,1466
95,96,1467,1466,201
95,96,1467
96,1462
96,1467,1466
96,1467,1466,201
96,1467
113,745
121,122
121,923
121,923,924
121,923,925
121,923,926
121,923,927
121,923,928
121,923,927,865
121,923,924,328
121,923,925,247
121,923,926,439
121,923,928,223
122,121,923
122,121,923,924
122,121,923,925
122,121,923,926
122,121,923,927
122,121,923,928
122,121,923,927,865
122,121,923,924,328
122,121,923,925,247
122,121,923,926,439
122,121,923,928,223
131,3,403
131,3,510
131,3,737
131,3,1383
137,138
137,139
137,138,1469
138,137,139
138,1469
139,137,138,1469
142,143
142,143,259
142,143,259,260
142,143,733
142,143,918
142,143,918,919
142,143,918,919,1025
142,143,259,260,1113
142,143,259,260,1524
143,259
143,259,260
143,733
143,918
143,918,919
143,918,919,1025
143,259,260,1113
143,259,260,1524
156,63,568
156,63,1267,1266,568
156,63,1043
156,63,568,1266
156,63,1267,1266
156,63,1267
156,64,74
161,677
161,677,87,86,1189,1101,799,1052
161,677,87,86,1091,1052
161,677,87,1091,1052
161,677,87,86,1189,1101,799,1052,891
161,677,87,86,1091,1052,891
161,677,87,1091,86,1189,1101,799,1052,891
161,677,87,1091,1052,891
161,677,87,86,1189,1101,799
161,677,87,86,1091,1052,799
161,677,87,1091,86,1189,1101,799
161,677,87,1091,1052,799
161,677,87,86,1189,1101,1058
161,677,87,86,1091,1052,799,1101,1058
161,677,87,1091,86,1189,1101,1058
161,677,87,1091,1052,799,1101,1058
161,677,87,86,1189,1101,1058,930
161,677,87,86,1091,1052,799,1101,1058,930
161,677,87,1091,86,1189,1101,1058,930
161,677,87,1091,1052,799,1101,1058,930
161,677,87,1091
161,677,87,86,1189,1101
161,677,87,86,1091,1052,799,1101
161,677,87,1091,86,1189,1101
161,677,87,1091,1052,799,1101
161,677,87,86,1189
161,677,87,1091,86,1189
161,677,87,1091,1052,799,1101,1189
161,677,87,86,1189,255
161,677,87,86,1091,1052,799,1101,1189,255
161,677,87,1091,86,1189,255
161,677,87,1091,1052,799,1101,1189,255
174,175
188,189
188,190
188,191
188,192
188,193
188,1480
188,1480,1255
188,1480,1276
188,1480,969
188,1480,1481
189,188,190
189,188,191
189,188,192
189,188,193
189,188,1480
189,188,1480,1255
189,188,1480,1276
189,188,1480,969
189,188,1480,1481
190,188,191
190,188,192
190,188,193
190,188,1480
190,188,1480,1255
190,188,1480,1276
190,188,1480,969
190,188,1480,1481
191,188,192
191,188,193
191,188,1480
191,188,1480,1255
191,188,1480,1276
191,188,1480,969
191,188,1480,1481
192,188,193
192,188,1480
192,188,1480,1255
192,188,1480,1276
192,188,1480,969
192,188,1480,1481
193,188,1480
193,188,1480,1255
193,188,1480,1276
193,188,1480,969
193,188,1480,1481
208,209
221,222
232,233
241,242
250,251
250,252
251,250,252
259,260
259,143,733
259,143,918
259,143,918,919
259,143,918,919,1025
259,260,1113
259,260,1524
260,259,143,733
260,259,143,918
260,259,143,918,919
260,259,143,918,919,1025
260,1113
260,1524
263,264
263,265,744,105,264
263,265,744,105,1443,401,264
263,265,1443,105,264
263,265,1443,401,264
263,265
263,266
263,267
263,268
263,269
263,264,105,744
263,264,105,1443,265,744
263,264,401,1443,105,744
263,264,401,1443,265,744
263,265,744
263,265,1443,105,744
263,264,105
263,264,401,1443,105
263,265,744,105
263,265,1443,105
263,265,1443,401,264,105
263,264,401
263,265,744,105,264,401
263,265,744,105,1443,401
263,265,1443,401
263,264,105,744,265,1143
263,264,105,1443,265,1143
263,264,401,1443,105,744,265,1143
263,264,401,1443,265,1143
263,265,1143
263,264,105,1443
263,264,401,1443
263,265,1443
263,264,105,744,265,1560
263,264,105,1443,265,1560
263,264,401,1443,105,744,265,1560
263,264,401,1443,265,1560
263,265,1560
264,263,265
264,105,744,265
264,105,1443,265
264,401,1443,105,744,265
264,401,1443,265
264,263,266
264,105,744,265,263,266
264,105,1443,265,263,266
264,401,1443,105,744,265,263,266
264,401,1443,265,263,266
264,263,267
264,105,744,265,263,267
264,105,1443,265,263,267
264,401,1443,105,744,265,263,267
264,401,1443,265,263,267
264,263,268
264,105,744,265,263,268
264,105,1443,265,263,268
264,401,1443,105,744,265,263,268
264,401,1443,265,263,268
264,263,269
264,105,744,265,263,269
264,105,1443,265,263,269
264,401,1443,105,744,265,263,269
264,401,1443,265,263,269
264,263,265,744
264,105,744
264,105,1443,265,744
264,401,1443,105,744
264,401,1443,265,744
264,105
264,401,1443,105
264,401
264,263,265,1143
264,105,744,265,1143
264,105,1443,265,1143
264,401,1443,105,744,265,1143
264,401,1443,265,1143
264,263,265,1443
264,105,1443
264,401,1443
264,263,265,1560
264,105,744,265,1560
264,105,1443,265,1560
264,401,1443,105,744,265,1560
264,401,1443,265,1560
265,263,266
265,263,267
265,263,268
265,263,269
265,744
265,1443,105,744
265,263,264,105
265,744,105
265,1443,105
265,1443,401,264,105
265,263,264,401
265,744,105,264,401
265,744,105,1443,401
265,1443,401
265,1143
265,1443
265,1560
266,263,267
266,263,268
266,263,269
266,263,264,105,744
266,263,264,105,1443,265,744
266,263,264,401,1443,105,744
266,263,264,401,1443,265,744
266,263,265,744
266,263,265,1443,105,744
266,263,264,105
266,263,264,401,1443,105
266,263,265,744,105
266,263,265,1443,105
266,263,265,1443,401,264,105
266,263,264,401
266,263,265,744,105,264,401
266,263,265,744,105,1443,401
266,263,265,1443,401
266,263,264,105,744,265,1143
266,263,264,105,1443,265,1143
266,263,264,401,1443,105,744,265,1143
266,263,264,401,1443,265,1143
266,263,265,1143
266,263,264,105,1443
266,263,264,401,1443
266,263,265,1443
266,263,264,105,744,265,1560
266,263,264,105,1443,265,1560
266,263,264,401,1443,105,744,265,1560
266,263,264,401,1443,265,1560
266,263,265,1560
267,263,268
267,263,269
267,263,264,105,744
267,263,264,105,1443,265,744
267,263,264,401,1443,105,744
267,263,264,401,1443,265,744
267,263,265,744
267,263,265,1443,105,744
267,263,264,105
267,263,264,401,1443,105
267,263,265,744,105
267,263,265,1443,105
267,263,265,1443,401,264,105
267,263,264,401
267,263,265,744,105,264,401
267,263,265,744,105,1443,401
267,263,265,1443,401
267,263,264,105,744,265,1143
267,263,264,105,1443,265,1143
267,263,264,401,1443,105,744,265,1143
267,263,264,401,1443,265,1143
267,263,265,1143
267,263,264,105,1443
267,263,264,401,1443
267,263,265,1443
267,263,264,105,744,265,1560
267,263,264,105,1443,265,1560
267,263,264,401,1443,105,744,265,1560
267,263,264,401,1443,265,1560
267,263,265,1560
268,263,269
268,263,264,105,744
268,263,264,105,1443,265,744
268,263,264,401,1443,105,744
268,263,264,401,1443,265,744
268,263,265,744
268,263,265,1443,105,744
268,263,264,105
268,263,264,401,1443,105
268,263,265,744,105
268,263,265,1443,105
268,263,265,1443,401,264,105
268,263,264,401
268,263,265,744,105,264,401
268,263,265,744,105,1443,401
268,263,265,1443,401
268,263,264,105,744,265,1143
268,263,264,105,1443,265,1143
268,263,264,401,1443,105,744,265,1143
268,263,264,401,1443,265,1143
268,263,265,1143
268,263,264,105,1443
268,263,264,401,1443
268,263,265,1443
268,263,264,105,744,265,1560
268,263,264,105,1443,265,1560
268,263,264,401,1443,105,744,265,1560
268,263,264,401,1443,265,1560
268,263,265,1560
269,263,264,105,744
269,263,264,105,1443,265,744
269,263,264,401,1443,105,744
269,263,264,401,1443,265,744
269,263,265,744
269,263,265,1443,105,744
269,263,264,105
269,263,264,401,1443,105
269,263,265,744,105
269,263,265,1443,105
269,263,265,1443,401,264,105
269,263,264,401
269,263,265,744,105,264,401
269,263,265,744,105,1443,401
269,263,265,1443,401
269,263,264,105,744,265,1143
269,263,264,105,1443,265,1143
269,263,264,401,1443,105,744,265,1143
269,263,264,401,1443,265,1143
269,263,265,1143
269,263,264,105,1443
269,263,264,401,1443
269,263,265,1443
269,263,264,105,744,265,1560
269,263,264,105,1443,265,1560
269,263,264,401,1443,105,744,265,1560
269,263,264,401,1443,265,1560
269,263,265,1560
283,168
285,23,410
285,23,892
285,23,896
285,23,1270
285,23,1432
285,23,1473
285,23,1551
285,23,1554
290,541
301,302
311,312
311,312,383
311,1136
311,1136,561
312,383
312,311,1136
312,311,1136,561
321,287
333,334
333,334,640
333,334,692
333,334,716
333,334,980
334,640
334,692
334,716
334,980
335,336
335,205
335,336,720
335,336,720,129
335,336,1050
335,336,1050,861
335,336,1127
335,336,1127,1128
335,336,1299
335,336,1299,1283
335,336,1426
335,336,1426,1346
336,335,205
336,720
336,720,129
336,1050
336,1050,861
336,1127
336,1127,1128
336,1299
336,1299,1283
336,1426
336,1426,1346
205,335,336,720
205,335,336,720,129
205,335,336,1050
205,335,336,1050,861
205,335,336,1127
205,335,336,1127,1128
205,335,336,1299
205,335,336,1299,1283
205,335,336,1426
205,335,336,1426,1346
339,9
339,340,369,9
339,341,369,9
339,342,370,368,369,9
339,342,369,9
339,368,369,9
339,340
339,341,369,340
339,342,370,368,369,340
339,342,369,340
339,368,369,340
339,341
339,342,370,368,369,341
339,342,369,341
339,368,369,341
339,342
339,368,369,342
339,368,370,342
339,368
339,9,369
339,340,369
339,341,369
339,342,370,368,369
339,342,369
339,368,369
339,9,369,368,370
339,9,369,342,370
339,340,369,368,370
339,340,369,342,370
339,341,369,368,370
339,341,369,342,370
339,342,370
339,368,370
339,9,369,368,370,342,794
339,9,369,342,794
339,340,369,368,370,342,794
339,340,369,342,794
339,341,369,368,370,342,794
339,341,369,342,794
339,342,794
339,368,369,342,794
339,368,370,342,794
9,339,340
9,339,341,369,340
9,339,342,370,368,369,340
9,339,342,369,340
9,339,368,369,340
9,369,340
9,339,341
9,339,342,370,368,369,341
9,339,342,369,341
9,339,368,369,341
9,369,341
9,339,342
9,339,368,369,342
9,339,368,370,342
9,369,368,370,342
9,369,342
9,339,368
9,369,368
9,369
9,339,340,369,368,370
9,339,340,369,342,370
9,339,341,369,368,370
9,339,341,369,342,370
9,339,342,370
9,339,368,370
9,369,368,370
9,369,342,370
9,339,340,369,368,370,342,794
9,339,340,369,342,794
9,339,341,369,368,370,342,794
9,339,341,369,342,794
9,339,342,794
9,339,368,369,342,794
9,339,368,370,342,794
9,369,368,370,342,794
9,369,342,794
340,339,341
340,339,342,370,368,369,341
340,339,342,369,341
340,339,368,369,341
340,369,341
340,339,342
340,339,368,369,342
340,339,368,370,342
340,369,368,370,342
340,369,342
340,339,368
340,369,368
340,369
340,339,341,369,368,370
340,339,341,369,342,370
340,339,342,370
340,339,368,370
340,369,368,370
340,369,342,370
340,339,341,369,368,370,342,794
340,339,341,369,342,794
340,339,342,794
340,339,368,369,342,794
340,339,368,370,342,794
340,369,368,370,342,794
340,369,342,794
341,339,342
341,339,368,369,342
341,339,368,370,342
341,369,368,370,342
341,369,342
341,339,368
341,369,368
341,369
341,339,342,370
341,339,368,370
341,369,368,370
341,369,342,370
341,339,342,794
341,339,368,369,342,794
341,339,368,370,342,794
341,369,368,370,342,794
341,369,342,794
342,339,368
342,370,368
342,369,368
342,370,368,369
342,369
342,370
342,794
345,346
345,347
345,346,320
346,345,347
346,320
347,345,346,320
361,362
361,363,1012,362
361,363
361,362,1012,363,430
361,363,430
361,362,1012,363,635
361,363,635
361,362,1012
361,363,1012
362,361,363
362,1012,363
362,361,363,430
362,1012,363,430
362,361,363,635
362,1012,363,635
362,1012
363,430
363,635
363,1012
366,367
366,367,427
366,367,1215,428,427
366,367,427,428
366,367,1215,428
366,367,536
366,367,988
366,367,427,428,1215,1214
366,367,1215,1214
366,367,427,428,1215,1214,194
366,367,1215,1214,194
366,367,1215
366,367,1305
366,367,1558
367,427
367,1215,428,427
367,427,428
367,1215,428
367,536
367,988
367,427,428,1215,1214
367,1215,1214
367,427,428,1215,1214,194
367,1215,1214,194
367,1215
367,1305
367,1558
368,369
368,370
368,369,342,794
368,339,342,794
368,370,342,794
369,368,370
369,342,370
369,368,370,342,794
369,342,794
370,342,794
383,312,311,1136
383,312,311,1136,561
389,390
394,395
394,1570
394,1570,214
395,394,1570
395,394,1570,214
396,397
396,398
396,397,862
396,397,1152,862
396,397,1152
396,397,1523
396,397,1523,620
396,397,1523,1522
397,396,398
397,862
397,1152,862
397,1152
397,1523
397,1523,620
397,1523,1522
398,396,397,862
398,396,397,1152,862
398,396,397,1152
398,396,397,1523
398,396,397,1523,620
398,396,397,1523,1522
403,3,510
403,3,737
403,3,1383
410,23,892
410,23,896
410,23,1270
410,23,1432
410,23,1473
410,23,1551
410,23,1554
427,428
427,367,536
427,428,1215,367,536
427,367,988
427,428,1215,367,988
427,367,1215,1214
427,428,1215,1214
427,367,1215,1214,194
427,428,1215,1214,194
427,367,1215
427,428,1215
427,367,1305
427,428,1215,367,1305
427,367,1558
427,428,1215,367,1558
428,427,367,536
428,1215,367,536
428,427,367,988
428,1215,367,988
428,1215,1214
428,1215,1214,194
428,1215
428,427,367,1305
428,1215,367,1305
428,427,367,1558
428,1215,367,1558
430,363,635
430,363,1012
437,438
437,438,1064
437,438,1268
438,1064
438,1268
441,442
441,123,664,442
441,123,664,665,759,442
441,123,664,665,1397,442
441,123,759,442
441,123,759,665,1397,442
441,123,986,442
441,123,1397,442
441,123
441,442,664
441,442,759,123,664
441,442,759,123,1397,665,664
441,442,759,665,664
441,442,986,123,664
441,442,986,123,759,665,664
441,442,986,123,1397,665,664
441,442,1397,123,664
441,442,1397,665,664
441,123,664
441,123,759,665,664
441,123,1397,665,664
441,442,664,665
441,442,759,665
441,442,986,123,664,665
441,442,986,123,759,665
441,442,986,123,1397,665
441,442,1397,665
441,123,664,665
441,123,759,665
441,123,1397,665
441,442,759
441,442,986,123,759
441,442,986,123,1397,665,759
441,442,1397,123,759
441,442,1397,665,759
441,123,759
441,123,1397,665,759
441,442,986
441,442,1397,123,986
441,123,986
441,442,1397
441,123,1397
442,441,123
442,664,123
442,664,665,759,123
442,664,665,1397,123
442,759,123
442,759,665,1397,123
442,986,123
442,1397,123
442,664
442,759,123,664
442,759,123,1397,665,664
442,759,665,664
442,986,123,664
442,986,123,759,665,664
442,986,123,1397,665,664
442,1397,123,664
442,1397,665,664
442,441,123,664,665
442,441,123,759,665
442,441,123,1397,665
442,664,665
442,759,665
442,986,123,664,665
442,986,123,759,665
442,986,123,1397,665
442,1397,665
442,759
442,986,123,759
442,986,123,1397,665,759
442,1397,123,759
442,1397,665,759
442,986
442,1397,123,986
442,1397
123,664
123,759,665,664
123,1397,665,664
123,664,665
123,759,665
123,1397,665
123,759
123,1397,665,759
123,986
123,1397
453,108
453,108,517
453,108,685
453,108,957
108,517
108,685
108,957
463,460
475,308
482,483
482,483,1504
483,1504
499,282
499,206
282,499,206
501,478
501,502,1272,478
501,502
501,478,1272
501,502,1272
478,501,502
478,1272,502
478,1272
502,1272
510,3,737
510,3,1383
517,108,685
517,108,957
521,522
521,522,1170
521,522,1295
522,1170
522,1295
527,316
528,529
528,530
528,531
528,176
528,532
528,431
528,533
528,534
528,535
529,528,530
529,528,531
529,528,176
529,528,532
529,528,431
529,528,533
529,528,534
529,528,535
530,528,531
530,528,176
530,528,532
530,528,431
530,528,533
530,528,534
530,528,535
531,528,176
531,528,532
531,528,431
531,528,533
531,528,534
531,528,535
176,528,532
176,528,431
176,528,533
176,528,534
176,528,535
532,528,431
532,528,533
532,528,534
532,528,535
431,528,533
431,528,534
431,528,535
533,528,534
533,528,535
534,528,535
536,367,988
536,367,427,428,1215,1214
536,367,1215,1214
536,367,427,428,1215,1214,194
536,367,1215,1214,194
536,367,1215
536,367,1305
536,367,1558
563,300
568,63,1043
568,1266,1267,63,1043
568,1266
568,63,1267
568,1266,1267
568,63,62,64,74
568,63,156,64,74
568,63,65,62,64,74
568,63,67,62,64,74
568,63,64,74
568,1266,1267,63,62,64,74
568,1266,1267,63,156,64,74
568,1266,1267,63,65,62,64,74
568,1266,1267,63,67,62,64,74
568,1266,1267,63,64,74
569,90
569,90,1381
90,1381
570,571
580,98
580,98,1149
98,1149
581,582
581,582,1021
582,1021
584,585
584,1192
585,584,1192
588,589
590,591
590,591,674
590,1095
590,591,1530
590,591,1530,429
590,591,1530,1054
591,674
591,590,1095
591,1530
591,1530,429
591,1530,1054
599,600
601,602
605,466
605,606
466,605,606
623,512
624,625
624,625,829
624,625,876
625,829
625,876
640,334,692
640,334,716
640,334,980
649,646
649,650
649,650,1010
646,649,650
646,649,650,1010
650,1010
660,661
660,810
661,660,810
664,665
664,442,759
664,442,986,123,759
664,442,986,123,1397,665,759
664,442,1397,123,759
664,442,1397,665,759
664,123,759
664,123,1397,665,759
664,665,759
664,442,986
664,442,1397,123,986
664,123,986
664,665,759,442,986
664,665,759,123,986
664,665,1397,442,986
664,665,1397,123,986
664,442,1397
664,123,1397
664,665,1397
665,759
665,664,442,986
665,664,123,986
665,759,442,986
665,759,123,986
665,1397,442,986
665,1397,123,986
665,1397
674,591,590,1095
674,591,1530
674,591,1530,429
674,591,1530,1054
677,87,86,1189,1101,799,1052
677,87,86,1091,1052
677,87,1091,1052
677,87,86,1189,1101,799,1052,891
677,87,86,1091,1052,891
677,87,1091,86,1189,1101,799,1052,891
677,87,1091,1052,891
677,87,86,1189,1101,799
677,87,86,1091,1052,799
677,87,1091,86,1189,1101,799
677,87,1091,1052,799
677,87,86,1189,1101,1058
677,87,86,1091,1052,799,1101,1058
677,87,1091,86,1189,1101,1058
677,87,1091,1052,799,1101,1058
677,87,86,1189,1101,1058,930
677,87,86,1091,1052,799,1101,1058,930
677,87,1091,86,1189,1101,1058,930
677,87,1091,1052,799,1101,1058,930
677,87,1091
677,87,86,1189,1101
677,87,86,1091,1052,799,1101
677,87,1091,86,1189,1101
677,87,1091,1052,799,1101
677,87,86,1189
677,87,1091,86,1189
677,87,1091,1052,799,1101,1189
677,87,86,1189,255
677,87,86,1091,1052,799,1101,1189,255
677,87,1091,86,1189,255
677,87,1091,1052,799,1101,1189,255
682,683
685,108,957
692,334,716
692,334,980
693,694
698,699
698,699,781
699,781
714,373
716,334,980
717,718
720,129
720,336,1050
720,336,1050,861
720,336,1127
720,336,1127,1128
720,336,1299
720,336,1299,1283
720,336,1426
720,336,1426,1346
129,720,336,1050
129,720,336,1050,861
129,720,336,1127
129,720,336,1127,1128
129,720,336,1299
129,720,336,1299,1283
129,720,336,1426
129,720,336,1426,1346
727,728
733,143,918
733,143,918,919
733,143,918,919,1025
733,143,259,260,1113
733,143,259,260,1524
737,3,1383
740,261
742,298
742,298,880
742,298,914
742,298,1074
742,298,1532
298,880
298,914
298,1074
298,1532
744,105
744,265,263,264,401
744,265,1443,401
744,105,264,401
744,105,1443,401
744,265,1143
744,105,1443,265,1143
744,265,1443
744,105,1443
744,265,1560
744,105,1443,265,1560
105,264,401
105,1443,401
105,744,265,1143
105,264,263,265,1143
105,264,401,1443,265,1143
105,1443,401,264,263,265,1143
105,1443,265,1143
105,1443
105,744,265,1560
105,264,263,265,1560
105,264,401,1443,265,1560
105,1443,401,264,263,265,1560
105,1443,265,1560
754,755
759,442,986
759,442,1397,123,986
759,123,986
759,665,1397,442,986
759,665,1397,123,986
759,442,1397
759,123,1397
759,665,1397
792,793
792,793,337,1448
792,793,337
792,793,1471
793,337,1448
793,337
793,1471
800,150
635,363,1012
822,614
824,825
827,185
830,457
401,264,263,265,1143
401,264,105,744,265,1143
401,1443,105,744,265,1143
401,1443,265,1143
401,1443
401,264,263,265,1560
401,264,105,744,265,1560
401,1443,105,744,265,1560
401,1443,265,1560
846,847
848,849
848,262
848,710
848,710,1465
848,710,1465,972
848,710,1465,14
848,710,1511
849,848,262
849,848,710
849,848,710,1465
849,848,710,1465,972
849,848,710,1465,14
849,848,710,1511
262,848,710
262,848,710,1465
262,848,710,1465,972
262,848,710,1465,14
262,848,710,1511
710,1465
710,1465,972
710,1465,14
710,1511
854,855
862,1152
862,397,1523
862,1152,397,1523
862,397,1523,620
862,1152,397,1523,620
862,397,1523,1522
862,1152,397,1523,1522
829,625,876
880,298,914
880,298,1074
880,298,1532
892,23,896
892,23,1270
892,23,1432
892,23,1473
892,23,1551
892,23,1554
894,895
896,23,1270
896,23,1432
896,23,1473
896,23,1551
896,23,1554
912,409
912,409,1037
409,1037
914,298,1074
914,298,1532
915,916
915,380
915,839
915,917
916,915,380
916,915,839
916,915,917
380,915,839
380,915,917
839,915,917
918,919
918,919,1025
918,143,259,260,1113
918,143,259,260,1524
919,1025
919,918,143,259,260,1113
919,918,143,259,260,1524
923,924
923,925
923,926
923,927
923,928
923,927,865
923,924,328
923,925,247
923,926,439
923,928,223
924,923,925
924,923,926
924,923,927
924,923,928
924,923,927,865
924,328
924,923,925,247
924,923,926,439
924,923,928,223
925,923,926
925,923,927
925,923,928
925,923,927,865
925,923,924,328
925,247
925,923,926,439
925,923,928,223
926,923,927
926,923,928
926,923,927,865
926,923,924,328
926,923,925,247
926,439
926,923,928,223
927,923,928
927,865
927,923,924,328
927,923,925,247
927,923,926,439
927,923,928,223
928,923,927,865
928,923,924,328
928,923,925,247
928,923,926,439
928,223
954,356
960,961
965,195
966,279
966,967
279,966,967
986,442,1397
986,123,1397
988,367,427,428,1215,1214
988,367,1215,1214
988,367,427,428,1215,1214,194
988,367,1215,1214,194
988,367,1215
988,367,1305
988,367,1558
990,215
990,215,1257
215,1257
991,992
991,303
992,991,303
865,927,923,924,328
865,927,923,925,247
865,927,923,926,439
865,927,923,928,223
1013,1014
1013,310
1014,1013,310
1015,1016
1025,919,918,143,259,260,1113
1025,919,918,143,259,260,1524
1027,613
1043,63,568,1266
1043,63,1267,1266
1043,63,1267
1043,63,62,64,74
1043,63,156,64,74
1043,63,65,62,64,74
1043,63,67,62,64,74
1043,63,64,74
1046,338
1050,861
1050,336,1127
1050,336,1127,1128
1050,336,1299
1050,336,1299,1283
1050,336,1426
1050,336,1426,1346
861,1050,336,1127
861,1050,336,1127,1128
861,1050,336,1299
861,1050,336,1299,1283
861,1050,336,1426
861,1050,336,1426,1346
1052,891
1052,799
1052,799,1101,1058
1052,1091,87,86,1189,1101,1058
1052,1091,86,1189,1101,1058
1052,799,1101,1058,930
1052,1091,87,86,1189,1101,1058,930
1052,1091,86,1189,1101,1058,930
1052,1091
1052,799,1101
1052,1091,87,86,1189,1101
1052,1091,86,1189,1101
1052,799,1101,1189
1052,1091,87,86,1189
1052,1091,86,1189
1052,799,1101,1189,255
1052,1091,87,86,1189,255
1052,1091,86,1189,255
891,1052,799
891,1052,1091,86,1189,1101,799
891,1052,799,1101,1058
891,1052,1091,87,86,1189,1101,1058
891,1052,1091,86,1189,1101,1058
891,1052,799,1101,1058,930
891,1052,1091,87,86,1189,1101,1058,930
891,1052,1091,86,1189,1101,1058,930
891,1052,1091
891,1052,799,1101
891,1052,1091,87,86,1189,1101
891,1052,1091,86,1189,1101
891,1052,799,1101,1189
891,1052,1091,87,86,1189
891,1052,1091,86,1189
891,1052,799,1101,1189,255
891,1052,1091,87,86,1189,255
891,1052,1091,86,1189,255
799,1052,1091,87,86,1189,1101,1058
799,1052,1091,86,1189,1101,1058
799,1101,1058
799,1052,1091,87,86,1189,1101,1058,930
799,1052,1091,86,1189,1101,1058,930
799,1101,1058,930
799,1052,1091
799,1101,1189,86,1091
799,1101
799,1052,1091,87,86,1189
799,1052,1091,86,1189
799,1101,1189
799,1052,1091,87,86,1189,255
799,1052,1091,86,1189,255
799,1101,1189,255
1058,930
1058,1101,799,1052,1091
1058,1101,1189,86,1091
1058,1101
1058,1101,1189
1058,1101,799,1052,1091,87,86,1189,255
1058,1101,799,1052,1091,86,1189,255
1058,1101,1189,255
930,1058,1101,799,1052,1091
930,1058,1101,1189,86,1091
930,1058,1101
930,1058,1101,1189
930,1058,1101,799,1052,1091,87,86,1189,255
930,1058,1101,799,1052,1091,86,1189,255
930,1058,1101,1189,255
1064,438,1268
1071,1072
1071,1376
1072,1071,1376
1074,298,1532
1078,1033
1078,1033,1493
1033,1493
1091,86,1189,1101
1091,1052,799,1101
1091,86,1189
1091,1052,799,1101,1189
1091,86,1189,255
1091,1052,799,1101,1189,255
1095,590,591,1530
1095,590,591,1530,429
1095,590,591,1530,1054
1101,1189
1101,1189,255
1103,572
1103,572,1185
572,1185
1105,653
1113,260,1524
1114,296
1118,402
1127,1128
1127,336,1299
1127,336,1299,1283
1127,336,1426
1127,336,1426,1346
1128,1127,336,1299
1128,1127,336,1299,1283
1128,1127,336,1426
1128,1127,336,1426,1346
1136,561
1138,291
1143,265,1443
1143,265,1560
1152,397,1523
1152,397,1523,620
1152,397,1523,1522
1165,672
1169,883
1169,1478
1169,1478,1298
1169,1478,1196
883,1169,1478
883,1169,1478,1298
883,1169,1478,1196
1170,522,1295
1173,1174
1189,255
1190,1191
1198,1199
1214,194
1214,1215
1214,1215,367,1305
1214,1215,428,427,367,1305
1214,1215,367,1558
1214,1215,428,427,367,1558
194,1214,1215
194,1214,1215,367,1305
194,1214,1215,428,427,367,1305
194,1214,1215,367,1558
194,1214,1215,428,427,367,1558
1215,367,1305
1215,367,1558
1218,1053
328,924,923,925,247
328,924,923,926,439
328,924,923,928,223
1265,899
1265,187
899,1265,187
1266,1267
1266,1267,63,62,64,74
1266,1267,63,156,64,74
1266,1267,63,65,62,64,74
1266,1267,63,67,62,64,74
1266,1267,63,64,74
1266,568,63,62,64,74
1266,568,63,156,64,74
1266,568,63,65,62,64,74
1266,568,63,67,62,64,74
1266,568,63,64,74
1267,63,62,64,74
1267,63,156,64,74
1267,63,65,62,64,74
1267,63,67,62,64,74
1267,63,64,74
1270,23,1432
1270,23,1473
1270,23,1551
1270,23,1554
1274,902
247,925,923,926,439
247,925,923,928,223
1278,663
1299,1283
1299,336,1426
1299,336,1426,1346
1283,1299,336,1426
1283,1299,336,1426,1346
1305,367,1558
1328,941
1352,1157
1352,1157,1398
1157,1398
1353,796
1253,57,1087
1365,323
1369,654
1403,461
1418,609
1426,1346
1432,23,1473
1432,23,1551
1432,23,1554
1438,586
1443,265,1560
1448,337
1448,337,793,1471
337,793,1471
1449,1429
439,926,923,928,223
1461,1187
1462,96,1467,1466
1462,96,1467,1466,201
1462,96,1467
1463,1111
1465,972
1465,14
1465,710,1511
972,1465,14
972,1465,710,1511
14,1465,710,1511
1466,201
1466,1467
201,1466,1467
1468,452
1473,23,1551
1473,23,1554
1478,1298
1478,1196
1298,1478,1196
1480,1255
1480,1276
1480,969
1480,1481
1255,1480,1276
1255,1480,969
1255,1480,1481
1276,1480,969
1276,1480,1481
969,1480,1481
1483,1086
1483,490
1483,1555
1086,1483,490
1086,1483,1555
490,1483,1555
1487,1248
1505,28
1519,1110
1523,620
1523,1522
620,1523,1522
1530,429
1530,1054
429,1530,1054
1536,767
1537,1410
1549,631
1551,23,1554
1553,778
1565,920
1570,214
1571,1121
1575,1343
