0 1
2 3
4 3
5 6
7 8
9 10
11 12
13 12
14 15
16 17
18 19
20 21
22 23
24 25
26 27
28 29
30 31
32 33
34 21
33 4
35 12
36 37
38 12
39 40
41 42
43 33
44 45
46 47
48 8
49 50
51 52
53 54
26 55
56 13
57 58
59 60
9 61
62 42
63 27
64 65
66 67
68 21
2 69
70 71
72 73
42 74
60 75
76 77
78 79
80 81
82 83
84 85
86 87
88 89
90 33
91 92
93 3
94 67
95 96
72 97
98 97
99 100
101 102
103 104
105 106
63 55
107 108
109 110
111 112
113 58
114 115
116 100
117 118
14 31
49 119
120 121
122 33
88 123
124 125
26 94
32 126
127 128
129 130
131 65
132 133
134 135
136 69
137 65
138 139
140 141
142 143
144 145
14 146
147 148
111 14
109 149
150 151
152 3
1 109
87 153
154 33
26 155
156 71
157 115
86 158
159 160
161 6
53 162
163 164
165 166
167 25
132 168
38 77
17 77
169 170
171 2
172 173
170 174
175 176
177 106
178 81
179 61
83 145
126 145
180 104
76 12
181 30
182 144
183 184
185 186
187 144
188 3
189 190
191 192
193 150
194 195
196 139
197 145
198 199
200 123
96 201
193 117
202 203
204 108
205 106
206 207
208 209
210 211
44 73
212 160
181 213
65 106
91 17
214 174
33 215
102 207
216 217
49 144
218 219
10 77
220 221
32 222
223 129
224 118
225 153
226 61
227 228
14 229
230 1
146 231
44 97
232 125
233 21
234 235
153 12
236 237
238 239
240 21
22 241
242 66
100 243
95 219
244 77
245 100
244 12
246 247
248 128
249 250
215 33
135 251
252 253
122 154
90 49
95 254
255 256
70 257
258 6
33 21
32 148
169 259
169 260
58 106
261 262
263 55
32 264
265 266
30 219
26 267
156 257
225 141
268 269
136 33
270 239
96 63
147 33
30 95
32 74
271 272
273 144
274 275
136 276
40 12
124 277
104 278
233 279
158 77
254 280
92 17
281 58
179 56
282 283
28 284
90 3
285 176
7 39
286 74
287 288
289 108
49 290
53 74
291 292
293 294
32 295
296 73
297 77
124 298
299 272
49 293
66 300
301 302
9 13
303 163
304 65
30 305
306 307
2 33
293 308
182 42
255 309
289 310
2 49
224 151
311 279
312 253
112 26
38 313
276 33
263 27
314 100
315 60
92 316
33 3
255 306
317 123
27 214
14 79
318 106
91 319
30 320
321 322
221 212
34 74
146 300
204 310
323 253
27 324
311 21
84 325
326 327
328 221
329 330
44 331
265 332
255 29
265 333
334 335
336 58
259 337
179 10
53 222
321 338
26 263
339 340
41 144
244 313
341 139
16 316
217 118
214 342
35 77
32 162
7 297
11 77
343 253
344 283
95 345
114 346
347 262
262 348
349 190
225 158
273 42
261 192
169 67
90 69
350 19
27 263
53 264
95 218
351 247
216 352
48 297
49 74
353 104
208 37
354 6
306 309
355 160
39 297
56 10
48 40
356 242
357 358
187 42
100 359
360 66
86 141
20 361
362 319
26 214
363 173
364 139
365 8
6 65
352 151
28 237
254 366
367 368
16 319
87 158
369 370
371 72
96 305
316 12
296 97
134 251
49 372
27 342
114 373
189 269
98 73
208 374
317 89
254 375
