2,3
2,3,50
2,3,128
2,3,407
2,3,512
2,3,740
2,3,1384
3,50
3,128
3,407
3,512
3,740
3,1384
23,24
23,24,287
23,24,414
23,24,894
23,24,900
23,24,1269
23,24,1432
23,24,1473
23,24,1551
23,24,1554
24,287
24,414
24,894
24,900
24,1269
24,1432
24,1473
24,1551
24,1554
32,33
32,34,1218,33
32,34
32,33,230
32,34,1218,33,230
32,33,538
32,34,1218,33,538
32,33,822
32,34,1218,33,822
32,33,1218,1217
32,34,1218,1217
32,33,1218,1217,193
32,34,1218,1217,193
32,33,1218
32,34,1218
32,33,1304
32,34,1218,33,1304
32,33,1307
32,34,1218,33,1307
33,32,34
33,1218,34
33,230
33,538
33,822
33,32,34,1218,1217
33,1218,1217
33,32,34,1218,1217,193
33,1218,1217,193
33,1218
33,1304
33,1307
34,32,33,230
34,1218,33,230
34,32,33,538
34,1218,33,538
34,32,33,822
34,1218,33,822
34,1218,1217
34,1218,1217,193
34,1218
34,32,33,1304
34,1218,33,1304
34,32,33,1307
34,1218,33,1307
38,39
38,39,64,63
38,39,64,154,65,63
38,39,64,66,63
38,39,64,68,63
38,39,64,65,63
38,39,64
38,39,64,154,65
38,39,64,66,63,65
38,39,64,68,63,65
38,39,64,65
38,39,64,154,65,63,66
38,39,64,66
38,39,64,68,63,66
38,39,64,63,67
38,39,64,154,65,63,67
38,39,64,66,63,67
38,39,64,68,63,67
38,39,64,65,63,67
38,39,64,154,65,63,68
38,39,64,68
38,39,64,154
38,39,64,570
38,39,64,1266,1265,570
38,39,64,1045
38,39,64,570,1265
38,39,64,1266,1265
38,39,64,1266
38,39,64,63,65,74
38,39,64,154,65,74
38,39,64,66,63,65,74
38,39,64,68,63,65,74
38,39,64,65,74
39,64,63
39,64,154,65,63
39,64,66,63
39,64,68,63
39,64,65,63
39,64
39,64,154,65
39,64,66,63,65
39,64,68,63,65
39,64,65
39,64,154,65,63,66
39,64,66
39,64,68,63,66
39,64,63,67
39,64,154,65,63,67
39,64,66,63,67
39,64,68,63,67
39,64,65,63,67
39,64,154,65,63,68
39,64,68
39,64,154
39,64,570
39,64,1266,1265,570
39,64,1045
39,64,570,1265
39,64,1266,1265
39,64,1266
39,64,63,65,74
39,64,154,65,74
39,64,66,63,65,74
39,64,68,63,65,74
39,64,65,74
41,42
50,3,128
50,3,407
50,3,512
50,3,740
50,3,1384
56,57
56,58
56,58,1252
56,58,1090
57,56,58
57,56,58,1252
57,56,58,1090
58,1252
58,1090
63,64
63,65,154,64
63,65,64
63,66,64
63,68,64
63,65
63,66,64,154,65
63,66,64,65
63,68,64,154,65
63,68,64,65
63,66
63,68,64,66
63,67
63,68
63,64,154
63,65,154
63,66,64,154
63,68,64,154
63,64,570
63,64,1266,1265,570
63,65,154,64,570
63,65,154,64,1266,1265,570
63,65,64,570
63,65,64,1266,1265,570
63,66,64,570
63,66,64,1266,1265,570
63,68,64,570
63,68,64,1266,1265,570
63,64,1045
63,65,154,64,1045
63,65,64,1045
63,66,64,1045
63,68,64,1045
63,64,570,1265
63,64,1266,1265
63,65,154,64,570,1265
63,65,154,64,1266,1265
63,65,64,570,1265
63,65,64,1266,1265
63,66,64,570,1265
63,66,64,1266,1265
63,68,64,570,1265
63,68,64,1266,1265
63,64,1266
63,65,154,64,1266
63,65,64,1266
63,66,64,1266
63,68,64,1266
63,64,154,65,74
63,64,65,74
63,65,74
63,66,64,154,65,74
63,66,64,65,74
63,68,64,154,65,74
63,68,64,65,74
64,154,65
64,65
64,66
64,63,67
64,154,65,63,67
64,66,63,67
64,68,63,67
64,65,63,67
64,68
64,154
64,570
64,1266,1265,570
64,1045
64,570,1265
64,1266,1265
64,1266
64,154,65,74
64,65,74
65,63,66
65,63,68,64,66
65,154,64,66
65,154,64,68,63,66
65,64,66
65,63,67
65,154,64,66,63,67
65,154,64,68,63,67
65,64,66,63,67
65,64,68,63,67
65,63,68
65,154,64,68
65,64,68
65,154
65,63,66,64,570
65,63,66,64,1266,1265,570
65,63,68,64,570
65,63,68,64,1266,1265,570
65,154,64,570
65,154,64,1266,1265,570
65,64,570
65,64,1266,1265,570
65,63,66,64,1045
65,63,68,64,1045
65,154,64,1045
65,64,1045
65,63,66,64,570,1265
65,63,66,64,1266,1265
65,63,68,64,570,1265
65,63,68,64,1266,1265
65,154,64,570,1265
65,154,64,1266,1265
65,64,570,1265
65,64,1266,1265
65,63,66,64,1266
65,63,68,64,1266
65,154,64,1266
65,64,1266
65,74
66,63,67
66,64,68,63,67
66,63,68
66,64,68
66,63,65,154
66,63,68,64,154
66,64,154
66,63,65,154,64,570
66,63,65,154,64,1266,1265,570
66,63,68,64,570
66,63,68,64,1266,1265,570
66,64,570
66,64,1266,1265,570
66,63,65,154,64,1045
66,63,68,64,1045
66,64,1045
66,63,65,154,64,570,1265
66,63,65,154,64,1266,1265
66,63,68,64,570,1265
66,63,68,64,1266,1265
66,64,570,1265
66,64,1266,1265
66,63,65,154,64,1266
66,63,68,64,1266
66,64,1266
66,63,65,74
66,63,68,64,154,65,74
66,63,68,64,65,74
66,64,154,65,74
66,64,65,74
67,63,68
67,63,64,154
67,63,65,154
67,63,66,64,154
67,63,68,64,154
67,63,64,570
67,63,64,1266,1265,570
67,63,65,154,64,570
67,63,65,154,64,1266,1265,570
67,63,65,64,570
67,63,65,64,1266,1265,570
67,63,66,64,570
67,63,66,64,1266,1265,570
67,63,68,64,570
67,63,68,64,1266,1265,570
67,63,64,1045
67,63,65,154,64,1045
67,63,65,64,1045
67,63,66,64,1045
67,63,68,64,1045
67,63,64,570,1265
67,63,64,1266,1265
67,63,65,154,64,570,1265
67,63,65,154,64,1266,1265
67,63,65,64,570,1265
67,63,65,64,1266,1265
67,63,66,64,570,1265
67,63,66,64,1266,1265
67,63,68,64,570,1265
67,63,68,64,1266,1265
67,63,64,1266
67,63,65,154,64,1266
67,63,65,64,1266
67,63,66,64,1266
67,63,68,64,1266
67,63,64,154,65,74
67,63,64,65,74
67,63,65,74
67,63,66,64,154,65,74
67,63,66,64,65,74
67,63,68,64,154,65,74
67,63,68,64,65,74
68,63,65,154
68,64,154
68,63,65,154,64,570
68,63,65,154,64,1266,1265,570
68,64,570
68,64,1266,1265,570
68,63,65,154,64,1045
68,64,1045
68,63,65,154,64,570,1265
68,63,65,154,64,1266,1265
68,64,570,1265
68,64,1266,1265
68,63,65,154,64,1266
68,64,1266
68,63,65,74
68,64,154,65,74
68,64,65,74
82,83
85,86
85,1192,1104,796,1054,1094,86
85,1094,86
85,86,678,159
85,1192,1104,796,1054,1094,86,678,159
85,1094,86,678,159
85,86,678
85,1192,1104,796,1054,1094,86,678
85,1094,86,678
85,86,1094,1054
85,1192,1104,796,1054
85,1094,1054
85,86,1094,1054,893
85,1192,1104,796,1054,893
85,1094,1054,893
85,86,1094,1054,796
85,1192,1104,796
85,1094,1054,796
85,86,1094,1054,796,1104,1060
85,1192,1104,1060
85,1094,1054,796,1104,1060
85,86,1094,1054,796,1104,1060,932
85,1192,1104,1060,932
85,1094,1054,796,1104,1060,932
85,1192,1104,796,1054,1094
85,1094
85,86,1094,1054,796,1104
85,1192,1104
85,1094,1054,796,1104
85,1192
85,86,1094,1054,796,1104,1192,257
85,1192,257
85,1094,1054,796,1104,1192,257
86,678,159
86,678
86,85,1192,1104,796,1054
86,1094,1054
86,85,1192,1104,796,1054,893
86,1094,85,1192,1104,796,1054,893
86,1094,1054,893
86,85,1192,1104,796
86,1094,85,1192,1104,796
86,1094,1054,796
86,85,1192,1104,1060
86,1094,85,1192,1104,1060
86,1094,1054,796,1104,1060
86,85,1192,1104,1060,932
86,1094,85,1192,1104,1060,932
86,1094,1054,796,1104,1060,932
86,1094
86,85,1192,1104
86,1094,85,1192,1104
86,1094,1054,796,1104
86,85,1192
86,1094,85,1192
86,1094,1054,796,1104,1192
86,85,1192,257
86,1094,85,1192,257
86,1094,1054,796,1104,1192,257
91,92
91,1221
91,1221,1055
92,91,1221
92,91,1221,1055
93,94
93,94,1462
93,94,1467,1466
93,94,1467,1466,202
93,94,1467
94,1462
94,1467,1466
94,1467,1466,202
94,1467
111,747
118,119
118,925
118,925,926
118,925,927
118,925,928
118,925,929
118,925,930
118,925,929,867
118,925,926,331
118,925,927,249
118,925,928,442
118,925,930,224
119,118,925
119,118,925,926
119,118,925,927
119,118,925,928
119,118,925,929
119,118,925,930
119,118,925,929,867
119,118,925,926,331
119,118,925,927,249
119,118,925,928,442
119,118,925,930,224
128,3,407
128,3,512
128,3,740
128,3,1384
134,135
134,136
134,135,1469
135,134,136
135,1469
136,134,135,1469
140,141
140,141,261
140,141,261,262
140,141,736
140,141,920
140,141,920,921
140,141,920,921,1026
140,141,261,262,1116
140,141,261,262,1523
141,261
141,261,262
141,736
141,920
141,920,921
141,920,921,1026
141,261,262,1116
141,261,262,1523
154,64,570
154,64,1266,1265,570
154,64,1045
154,64,570,1265
154,64,1266,1265
154,64,1266
154,65,74
159,678
159,678,86,85,1192,1104,796,1054
159,678,86,85,1094,1054
159,678,86,1094,1054
159,678,86,85,1192,1104,796,1054,893
159,678,86,85,1094,1054,893
159,678,86,1094,85,1192,1104,796,1054,893
159,678,86,1094,1054,893
159,678,86,85,1192,1104,796
159,678,86,85,1094,1054,796
159,678,86,1094,85,1192,1104,796
159,678,86,1094,1054,796
159,678,86,85,1192,1104,1060
159,678,86,85,1094,1054,796,1104,1060
159,678,86,1094,85,1192,1104,1060
159,678,86,1094,1054,796,1104,1060
159,678,86,85,1192,1104,1060,932
159,678,86,85,1094,1054,796,1104,1060,932
159,678,86,1094,85,1192,1104,1060,932
159,678,86,1094,1054,796,1104,1060,932
159,678,86,1094
159,678,86,85,1192,1104
159,678,86,85,1094,1054,796,1104
159,678,86,1094,85,1192,1104
159,678,86,1094,1054,796,1104
159,678,86,85,1192
159,678,86,1094,85,1192
159,678,86,1094,1054,796,1104,1192
159,678,86,85,1192,257
159,678,86,85,1094,1054,796,1104,1192,257
159,678,86,1094,85,1192,257
159,678,86,1094,1054,796,1104,1192,257
172,173
187,188
187,189
187,190
187,191
187,192
187,1480
187,1480,1254
187,1480,1275
187,1480,971
187,1480,1481
188,187,189
188,187,190
188,187,191
188,187,192
188,187,1480
188,187,1480,1254
188,187,1480,1275
188,187,1480,971
188,187,1480,1481
189,187,190
189,187,191
189,187,192
189,187,1480
189,187,1480,1254
189,187,1480,1275
189,187,1480,971
189,187,1480,1481
190,187,191
190,187,192
190,187,1480
190,187,1480,1254
190,187,1480,1275
190,187,1480,971
190,187,1480,1481
191,187,192
191,187,1480
191,187,1480,1254
191,187,1480,1275
191,187,1480,971
191,187,1480,1481
192,187,1480
192,187,1480,1254
192,187,1480,1275
192,187,1480,971
192,187,1480,1481
198,199
209,210
222,223
230,33,538
230,33,822
230,33,32,34,1218,1217
230,33,1218,1217
230,33,32,34,1218,1217,193
230,33,1218,1217,193
230,33,1218
230,33,1304
230,33,1307
234,235
243,244
252,253
252,254
253,252,254
261,262
261,141,736
261,141,920
261,141,920,921
261,141,920,921,1026
261,262,1116
261,262,1523
262,261,141,736
262,261,141,920
262,261,141,920,921
262,261,141,920,921,1026
262,1116
262,1523
265,266
265,267,746,103,266
265,267,746,103,1443,405,266
265,267,1443,103,266
265,267,1443,405,266
265,267
265,268
265,269
265,270
265,271
265,266,103,746
265,266,103,1443,267,746
265,266,405,1443,103,746
265,266,405,1443,267,746
265,267,746
265,267,1443,103,746
265,266,103
265,266,405,1443,103
265,267,746,103
265,267,1443,103
265,267,1443,405,266,103
265,266,405
265,267,746,103,266,405
265,267,746,103,1443,405
265,267,1443,405
265,266,103,746,267,1150
265,266,103,1443,267,1150
265,266,405,1443,103,746,267,1150
265,266,405,1443,267,1150
265,267,1150
265,266,103,1443
265,266,405,1443
265,267,1443
265,266,103,746,267,1559
265,266,103,1443,267,1559
265,266,405,1443,103,746,267,1559
265,266,405,1443,267,1559
265,267,1559
266,265,267
266,103,746,267
266,103,1443,267
266,405,1443,103,746,267
266,405,1443,267
266,265,268
266,103,746,267,265,268
266,103,1443,267,265,268
266,405,1443,103,746,267,265,268
266,405,1443,267,265,268
266,265,269
266,103,746,267,265,269
266,103,1443,267,265,269
266,405,1443,103,746,267,265,269
266,405,1443,267,265,269
266,265,270
266,103,746,267,265,270
266,103,1443,267,265,270
266,405,1443,103,746,267,265,270
266,405,1443,267,265,270
266,265,271
266,103,746,267,265,271
266,103,1443,267,265,271
266,405,1443,103,746,267,265,271
266,405,1443,267,265,271
266,265,267,746
266,103,746
266,103,1443,267,746
266,405,1443,103,746
266,405,1443,267,746
266,103
266,405,1443,103
266,405
266,265,267,1150
266,103,746,267,1150
266,103,1443,267,1150
266,405,1443,103,746,267,1150
266,405,1443,267,1150
266,265,267,1443
266,103,1443
266,405,1443
266,265,267,1559
266,103,746,267,1559
266,103,1443,267,1559
266,405,1443,103,746,267,1559
266,405,1443,267,1559
267,265,268
267,265,269
267,265,270
267,265,271
267,746
267,1443,103,746
267,265,266,103
267,746,103
267,1443,103
267,1443,405,266,103
267,265,266,405
267,746,103,266,405
267,746,103,1443,405
267,1443,405
267,1150
267,1443
267,1559
268,265,269
268,265,270
268,265,271
268,265,266,103,746
268,265,266,103,1443,267,746
268,265,266,405,1443,103,746
268,265,266,405,1443,267,746
268,265,267,746
268,265,267,1443,103,746
268,265,266,103
268,265,266,405,1443,103
268,265,267,746,103
268,265,267,1443,103
268,265,267,1443,405,266,103
268,265,266,405
268,265,267,746,103,266,405
268,265,267,746,103,1443,405
268,265,267,1443,405
268,265,266,103,746,267,1150
268,265,266,103,1443,267,1150
268,265,266,405,1443,103,746,267,1150
268,265,266,405,1443,267,1150
268,265,267,1150
268,265,266,103,1443
268,265,266,405,1443
268,265,267,1443
268,265,266,103,746,267,1559
268,265,266,103,1443,267,1559
268,265,266,405,1443,103,746,267,1559
268,265,266,405,1443,267,1559
268,265,267,1559
269,265,270
269,265,271
269,265,266,103,746
269,265,266,103,1443,267,746
269,265,266,405,1443,103,746
269,265,266,405,1443,267,746
269,265,267,746
269,265,267,1443,103,746
269,265,266,103
269,265,266,405,1443,103
269,265,267,746,103
269,265,267,1443,103
269,265,267,1443,405,266,103
269,265,266,405
269,265,267,746,103,266,405
269,265,267,746,103,1443,405
269,265,267,1443,405
269,265,266,103,746,267,1150
269,265,266,103,1443,267,1150
269,265,266,405,1443,103,746,267,1150
269,265,266,405,1443,267,1150
269,265,267,1150
269,265,266,103,1443
269,265,266,405,1443
269,265,267,1443
269,265,266,103,746,267,1559
269,265,266,103,1443,267,1559
269,265,266,405,1443,103,746,267,1559
269,265,266,405,1443,267,1559
269,265,267,1559
270,265,271
270,265,266,103,746
270,265,266,103,1443,267,746
270,265,266,405,1443,103,746
270,265,266,405,1443,267,746
270,265,267,746
270,265,267,1443,103,746
270,265,266,103
270,265,266,405,1443,103
270,265,267,746,103
270,265,267,1443,103
270,265,267,1443,405,266,103
270,265,266,405
270,265,267,746,103,266,405
270,265,267,746,103,1443,405
270,265,267,1443,405
270,265,266,103,746,267,1150
270,265,266,103,1443,267,1150
270,265,266,405,1443,103,746,267,1150
270,265,266,405,1443,267,1150
270,265,267,1150
270,265,266,103,1443
270,265,266,405,1443
270,265,267,1443
270,265,266,103,746,267,1559
270,265,266,103,1443,267,1559
270,265,266,405,1443,103,746,267,1559
270,265,266,405,1443,267,1559
270,265,267,1559
271,265,266,103,746
271,265,266,103,1443,267,746
271,265,266,405,1443,103,746
271,265,266,405,1443,267,746
271,265,267,746
271,265,267,1443,103,746
271,265,266,103
271,265,266,405,1443,103
271,265,267,746,103
271,265,267,1443,103
271,265,267,1443,405,266,103
271,265,266,405
271,265,267,746,103,266,405
271,265,267,746,103,1443,405
271,265,267,1443,405
271,265,266,103,746,267,1150
271,265,266,103,1443,267,1150
271,265,266,405,1443,103,746,267,1150
271,265,266,405,1443,267,1150
271,265,267,1150
271,265,266,103,1443
271,265,266,405,1443
271,265,267,1443
271,265,266,103,746,267,1559
271,265,266,103,1443,267,1559
271,265,266,405,1443,103,746,267,1559
271,265,266,405,1443,267,1559
271,265,267,1559
285,166
287,24,414
287,24,894
287,24,900
287,24,1269
287,24,1432
287,24,1473
287,24,1551
287,24,1554
292,543
303,304
314,315
314,315,387
314,1138
314,1138,563
315,387
315,314,1138
315,314,1138,563
324,289
337,338
337,338,639
337,338,693
337,338,718
337,338,982
338,639
338,693
338,718
338,982
339,340
339,206
339,340,722
339,340,722,126
339,340,1052
339,340,1052,863
339,340,1130
339,340,1130,1131
339,340,1298
339,340,1298,1283
339,340,1426
339,340,1426,1343
340,339,206
340,722
340,722,126
340,1052
340,1052,863
340,1130
340,1130,1131
340,1298
340,1298,1283
340,1426
340,1426,1343
206,339,340,722
206,339,340,722,126
206,339,340,1052
206,339,340,1052,863
206,339,340,1130
206,339,340,1130,1131
206,339,340,1298
206,339,340,1298,1283
206,339,340,1426
206,339,340,1426,1343
343,9
343,344,373,9
343,345,373,9
343,346,374,372,373,9
343,346,373,9
343,372,373,9
343,344
343,345,373,344
343,346,374,372,373,344
343,346,373,344
343,372,373,344
343,345
343,346,374,372,373,345
343,346,373,345
343,372,373,345
343,346
343,372,373,346
343,372,374,346
343,372
343,9,373
343,344,373
343,345,373
343,346,374,372,373
343,346,373
343,372,373
343,9,373,372,374
343,9,373,346,374
343,344,373,372,374
343,344,373,346,374
343,345,373,372,374
343,345,373,346,374
343,346,374
343,372,374
343,9,373,372,374,346,792
343,9,373,346,792
343,344,373,372,374,346,792
343,344,373,346,792
343,345,373,372,374,346,792
343,345,373,346,792
343,346,792
343,372,373,346,792
343,372,374,346,792
9,343,344
9,343,345,373,344
9,343,346,374,372,373,344
9,343,346,373,344
9,343,372,373,344
9,373,344
9,343,345
9,343,346,374,372,373,345
9,343,346,373,345
9,343,372,373,345
9,373,345
9,343,346
9,343,372,373,346
9,343,372,374,346
9,373,372,374,346
9,373,346
9,343,372
9,373,372
9,373
9,343,344,373,372,374
9,343,344,373,346,374
9,343,345,373,372,374
9,343,345,373,346,374
9,343,346,374
9,343,372,374
9,373,372,374
9,373,346,374
9,343,344,373,372,374,346,792
9,343,344,373,346,792
9,343,345,373,372,374,346,792
9,343,345,373,346,792
9,343,346,792
9,343,372,373,346,792
9,343,372,374,346,792
9,373,372,374,346,792
9,373,346,792
344,343,345
344,343,346,374,372,373,345
344,343,346,373,345
344,343,372,373,345
344,373,345
344,343,346
344,343,372,373,346
344,343,372,374,346
344,373,372,374,346
344,373,346
344,343,372
344,373,372
344,373
344,343,345,373,372,374
344,343,345,373,346,374
344,343,346,374
344,343,372,374
344,373,372,374
344,373,346,374
344,343,345,373,372,374,346,792
344,343,345,373,346,792
344,343,346,792
344,343,372,373,346,792
344,343,372,374,346,792
344,373,372,374,346,792
344,373,346,792
345,343,346
345,343,372,373,346
345,343,372,374,346
345,373,372,374,346
345,373,346
345,343,372
345,373,372
345,373
345,343,346,374
345,343,372,374
345,373,372,374
345,373,346,374
345,343,346,792
345,343,372,373,346,792
345,343,372,374,346,792
345,373,372,374,346,792
345,373,346,792
346,343,372
346,374,372
346,373,372
346,374,372,373
346,373
346,374
346,792
349,350
349,351
349,350,323
350,349,351
350,323
351,349,350,323
366,367
366,368,1012,367
366,368
366,367,1012,368,433
366,368,433
366,367,1012,368,634
366,368,634
366,367,1012
366,368,1012
367,366,368
367,1012,368
367,366,368,433
367,1012,368,433
367,366,368,634
367,1012,368,634
367,1012
368,433
368,634
368,1012
372,373
372,374
372,373,346,792
372,343,346,792
372,374,346,792
373,372,374
373,346,374
373,372,374,346,792
373,346,792
374,346,792
387,315,314,1138
387,315,314,1138,563
393,394
398,399
398,1569
398,1569,215
399,398,1569
399,398,1569,215
400,401
400,402
400,401,864
400,401,1154,864
400,401,1154
400,401,1522
400,401,1522,620
400,401,1522,1520
401,400,402
401,864
401,1154,864
401,1154
401,1522
401,1522,620
401,1522,1520
402,400,401,864
402,400,401,1154,864
402,400,401,1154
402,400,401,1522
402,400,401,1522,620
402,400,401,1522,1520
407,3,512
407,3,740
407,3,1384
414,24,894
414,24,900
414,24,1269
414,24,1432
414,24,1473
414,24,1551
414,24,1554
433,368,634
433,368,1012
440,441
440,441,1066
440,441,1267
441,1066
441,1267
444,445
444,120,665,445
444,120,665,666,761,445
444,120,665,666,1398,445
444,120,761,445
444,120,761,666,1398,445
444,120,988,445
444,120,1398,445
444,120
444,445,665
444,445,761,120,665
444,445,761,120,1398,666,665
444,445,761,666,665
444,445,988,120,665
444,445,988,120,761,666,665
444,445,988,120,1398,666,665
444,445,1398,120,665
444,445,1398,666,665
444,120,665
444,120,761,666,665
444,120,1398,666,665
444,445,665,666
444,445,761,666
444,445,988,120,665,666
444,445,988,120,761,666
444,445,988,120,1398,666
444,445,1398,666
444,120,665,666
444,120,761,666
444,120,1398,666
444,445,761
444,445,988,120,761
444,445,988,120,1398,666,761
444,445,1398,120,761
444,445,1398,666,761
444,120,761
444,120,1398,666,761
444,445,988
444,445,1398,120,988
444,120,988
444,445,1398
444,120,1398
445,444,120
445,665,120
445,665,666,761,120
445,665,666,1398,120
445,761,120
445,761,666,1398,120
445,988,120
445,1398,120
445,665
445,761,120,665
445,761,120,1398,666,665
445,761,666,665
445,988,120,665
445,988,120,761,666,665
445,988,120,1398,666,665
445,1398,120,665
445,1398,666,665
445,444,120,665,666
445,444,120,761,666
445,444,120,1398,666
445,665,666
445,761,666
445,988,120,665,666
445,988,120,761,666
445,988,120,1398,666
445,1398,666
445,761
445,988,120,761
445,988,120,1398,666,761
445,1398,120,761
445,1398,666,761
445,988
445,1398,120,988
445,1398
120,665
120,761,666,665
120,1398,666,665
120,665,666
120,761,666
120,1398,666
120,761
120,1398,666,761
120,988
120,1398
456,106
456,106,519
456,106,686
456,106,958
106,519
106,686
106,958
466,463
478,311
484,485
484,485,1502
485,1502
500,284
500,207
284,500,207
502,481
502,503,1271,481
502,503
502,481,1271
502,503,1271
481,502,503
481,1271,503
481,1271
503,1271
512,3,740
512,3,1384
519,106,686
519,106,958
523,524
523,524,1173
523,524,1295
524,1173
524,1295
529,319
530,531
530,532
530,533
530,174
530,534
530,434
530,535
530,536
530,537
531,530,532
531,530,533
531,530,174
531,530,534
531,530,434
531,530,535
531,530,536
531,530,537
532,530,533
532,530,174
532,530,534
532,530,434
532,530,535
532,530,536
532,530,537
533,530,174
533,530,534
533,530,434
533,530,535
533,530,536
533,530,537
174,530,534
174,530,434
174,530,535
174,530,536
174,530,537
534,530,434
534,530,535
534,530,536
534,530,537
434,530,535
434,530,536
434,530,537
535,530,536
535,530,537
536,530,537
538,33,822
538,33,32,34,1218,1217
538,33,1218,1217
538,33,32,34,1218,1217,193
538,33,1218,1217,193
538,33,1218
538,33,1304
538,33,1307
565,302
570,64,1045
570,1265,1266,64,1045
570,1265
570,64,1266
570,1265,1266
570,64,63,65,74
570,64,154,65,74
570,64,66,63,65,74
570,64,68,63,65,74
570,64,65,74
570,1265,1266,64,63,65,74
570,1265,1266,64,154,65,74
570,1265,1266,64,66,63,65,74
570,1265,1266,64,68,63,65,74
570,1265,1266,64,65,74
571,89
571,89,1382
89,1382
572,573
580,96
580,96,1151
96,1151
581,582
581,582,1022
582,1022
584,585
584,1195
585,584,1195
588,589
590,591
590,591,675
590,1098
590,591,1529
590,591,1529,432
590,591,1529,1056
591,675
591,590,1098
591,1529
591,1529,432
591,1529,1056
599,600
601,602
606,469
606,607
469,606,607
623,514
624,625
624,625,829
624,625,878
625,829
625,878
639,338,693
639,338,718
639,338,982
650,646
650,651
650,651,1010
646,650,651
646,650,651,1010
651,1010
661,662
661,808
662,661,808
665,666
665,445,761
665,445,988,120,761
665,445,988,120,1398,666,761
665,445,1398,120,761
665,445,1398,666,761
665,120,761
665,120,1398,666,761
665,666,761
665,445,988
665,445,1398,120,988
665,120,988
665,666,761,445,988
665,666,761,120,988
665,666,1398,445,988
665,666,1398,120,988
665,445,1398
665,120,1398
665,666,1398
666,761
666,665,445,988
666,665,120,988
666,761,445,988
666,761,120,988
666,1398,445,988
666,1398,120,988
666,1398
675,591,590,1098
675,591,1529
675,591,1529,432
675,591,1529,1056
678,86,85,1192,1104,796,1054
678,86,85,1094,1054
678,86,1094,1054
678,86,85,1192,1104,796,1054,893
678,86,85,1094,1054,893
678,86,1094,85,1192,1104,796,1054,893
678,86,1094,1054,893
678,86,85,1192,1104,796
678,86,85,1094,1054,796
678,86,1094,85,1192,1104,796
678,86,1094,1054,796
678,86,85,1192,1104,1060
678,86,85,1094,1054,796,1104,1060
678,86,1094,85,1192,1104,1060
678,86,1094,1054,796,1104,1060
678,86,85,1192,1104,1060,932
678,86,85,1094,1054,796,1104,1060,932
678,86,1094,85,1192,1104,1060,932
678,86,1094,1054,796,1104,1060,932
678,86,1094
678,86,85,1192,1104
678,86,85,1094,1054,796,1104
678,86,1094,85,1192,1104
678,86,1094,1054,796,1104
678,86,85,1192
678,86,1094,85,1192
678,86,1094,1054,796,1104,1192
678,86,85,1192,257
678,86,85,1094,1054,796,1104,1192,257
678,86,1094,85,1192,257
678,86,1094,1054,796,1104,1192,257
683,684
686,106,958
693,338,718
693,338,982
694,695
699,700
699,700,783
700,783
716,377
718,338,982
719,720
722,126
722,340,1052
722,340,1052,863
722,340,1130
722,340,1130,1131
722,340,1298
722,340,1298,1283
722,340,1426
722,340,1426,1343
126,722,340,1052
126,722,340,1052,863
126,722,340,1130
126,722,340,1130,1131
126,722,340,1298
126,722,340,1298,1283
126,722,340,1426
126,722,340,1426,1343
730,731
736,141,920
736,141,920,921
736,141,920,921,1026
736,141,261,262,1116
736,141,261,262,1523
740,3,1384
742,263
744,300
744,300,882
744,300,916
744,300,1077
744,300,1531
300,882
300,916
300,1077
300,1531
746,103
746,267,265,266,405
746,267,1443,405
746,103,266,405
746,103,1443,405
746,267,1150
746,103,1443,267,1150
746,267,1443
746,103,1443
746,267,1559
746,103,1443,267,1559
103,266,405
103,1443,405
103,746,267,1150
103,266,265,267,1150
103,266,405,1443,267,1150
103,1443,405,266,265,267,1150
103,1443,267,1150
103,1443
103,746,267,1559
103,266,265,267,1559
103,266,405,1443,267,1559
103,1443,405,266,265,267,1559
103,1443,267,1559
756,757
761,445,988
761,445,1398,120,988
761,120,988
761,666,1398,445,988
761,666,1398,120,988
761,445,1398
761,120,1398
761,666,1398
797,148
634,368,1012
821,614
822,33,32,34,1218,1217
822,33,1218,1217
822,33,32,34,1218,1217,193
822,33,1218,1217,193
822,33,1218
822,33,1304
822,33,1307
824,825
827,184
830,460
405,266,265,267,1150
405,266,103,746,267,1150
405,1443,103,746,267,1150
405,1443,267,1150
405,1443
405,266,265,267,1559
405,266,103,746,267,1559
405,1443,103,746,267,1559
405,1443,267,1559
846,847
848,849
848,264
848,712
848,712,1465
848,712,1465,974
848,712,1465,14
848,712,1508
849,848,264
849,848,712
849,848,712,1465
849,848,712,1465,974
849,848,712,1465,14
849,848,712,1508
264,848,712
264,848,712,1465
264,848,712,1465,974
264,848,712,1465,14
264,848,712,1508
712,1465
712,1465,974
712,1465,14
712,1508
856,857
864,1154
864,401,1522
864,1154,401,1522
864,401,1522,620
864,1154,401,1522,620
864,401,1522,1520
864,1154,401,1522,1520
829,625,878
882,300,916
882,300,1077
882,300,1531
894,24,900
894,24,1269
894,24,1432
894,24,1473
894,24,1551
894,24,1554
896,897
898,899
898,899,341,1447
898,899,341
898,899,1471
899,341,1447
899,341
899,1471
900,24,1269
900,24,1432
900,24,1473
900,24,1551
900,24,1554
915,413
915,413,1038
413,1038
916,300,1077
916,300,1531
917,918
917,384
917,839
917,919
918,917,384
918,917,839
918,917,919
384,917,839
384,917,919
839,917,919
920,921
920,921,1026
920,141,261,262,1116
920,141,261,262,1523
921,1026
921,920,141,261,262,1116
921,920,141,261,262,1523
925,926
925,927
925,928
925,929
925,930
925,929,867
925,926,331
925,927,249
925,928,442
925,930,224
926,925,927
926,925,928
926,925,929
926,925,930
926,925,929,867
926,331
926,925,927,249
926,925,928,442
926,925,930,224
927,925,928
927,925,929
927,925,930
927,925,929,867
927,925,926,331
927,249
927,925,928,442
927,925,930,224
928,925,929
928,925,930
928,925,929,867
928,925,926,331
928,925,927,249
928,442
928,925,930,224
929,925,930
929,867
929,925,926,331
929,925,927,249
929,925,928,442
929,925,930,224
930,925,929,867
930,925,926,331
930,925,927,249
930,925,928,442
930,224
955,360
961,962
967,194
968,281
968,969
281,968,969
988,445,1398
988,120,1398
991,216
991,216,1256
216,1256
992,993
992,306
993,992,306
867,929,925,926,331
867,929,925,927,249
867,929,925,928,442
867,929,925,930,224
1013,1014
1013,313
1014,1013,313
1015,1016
1026,921,920,141,261,262,1116
1026,921,920,141,261,262,1523
1028,613
1045,64,570,1265
1045,64,1266,1265
1045,64,1266
1045,64,63,65,74
1045,64,154,65,74
1045,64,66,63,65,74
1045,64,68,63,65,74
1045,64,65,74
1048,342
1052,863
1052,340,1130
1052,340,1130,1131
1052,340,1298
1052,340,1298,1283
1052,340,1426
1052,340,1426,1343
863,1052,340,1130
863,1052,340,1130,1131
863,1052,340,1298
863,1052,340,1298,1283
863,1052,340,1426
863,1052,340,1426,1343
1054,893
1054,796
1054,796,1104,1060
1054,1094,86,85,1192,1104,1060
1054,1094,85,1192,1104,1060
1054,796,1104,1060,932
1054,1094,86,85,1192,1104,1060,932
1054,1094,85,1192,1104,1060,932
1054,1094
1054,796,1104
1054,1094,86,85,1192,1104
1054,1094,85,1192,1104
1054,796,1104,1192
1054,1094,86,85,1192
1054,1094,85,1192
1054,796,1104,1192,257
1054,1094,86,85,1192,257
1054,1094,85,1192,257
893,1054,796
893,1054,1094,85,1192,1104,796
893,1054,796,1104,1060
893,1054,1094,86,85,1192,1104,1060
893,1054,1094,85,1192,1104,1060
893,1054,796,1104,1060,932
893,1054,1094,86,85,1192,1104,1060,932
893,1054,1094,85,1192,1104,1060,932
893,1054,1094
893,1054,796,1104
893,1054,1094,86,85,1192,1104
893,1054,1094,85,1192,1104
893,1054,796,1104,1192
893,1054,1094,86,85,1192
893,1054,1094,85,1192
893,1054,796,1104,1192,257
893,1054,1094,86,85,1192,257
893,1054,1094,85,1192,257
796,1054,1094,86,85,1192,1104,1060
796,1054,1094,85,1192,1104,1060
796,1104,1060
796,1054,1094,86,85,1192,1104,1060,932
796,1054,1094,85,1192,1104,1060,932
796,1104,1060,932
796,1054,1094
796,1104,1192,85,1094
796,1104
796,1054,1094,86,85,1192
796,1054,1094,85,1192
796,1104,1192
796,1054,1094,86,85,1192,257
796,1054,1094,85,1192,257
796,1104,1192,257
1060,932
1060,1104,796,1054,1094
1060,1104,1192,85,1094
1060,1104
1060,1104,1192
1060,1104,796,1054,1094,86,85,1192,257
1060,1104,796,1054,1094,85,1192,257
1060,1104,1192,257
932,1060,1104,796,1054,1094
932,1060,1104,1192,85,1094
932,1060,1104
932,1060,1104,1192
932,1060,1104,796,1054,1094,86,85,1192,257
932,1060,1104,796,1054,1094,85,1192,257
932,1060,1104,1192,257
1066,441,1267
1074,1075
1074,1375
1075,1074,1375
1077,300,1531
1081,1034
1081,1034,1493
1034,1493
1094,85,1192,1104
1094,1054,796,1104
1094,85,1192
1094,1054,796,1104,1192
1094,85,1192,257
1094,1054,796,1104,1192,257
1098,590,591,1529
1098,590,591,1529,432
1098,590,591,1529,1056
1104,1192
1104,1192,257
1106,574
1106,574,1188
574,1188
1108,654
1116,262,1523
1117,297
1121,406
1130,1131
1130,340,1298
1130,340,1298,1283
1130,340,1426
1130,340,1426,1343
1131,1130,340,1298
1131,1130,340,1298,1283
1131,1130,340,1426
1131,1130,340,1426,1343
1138,563
1140,293
1150,267,1443
1150,267,1559
1154,401,1522
1154,401,1522,620
1154,401,1522,1520
1167,673
1172,885
1172,1478
1172,1478,1297
1172,1478,1199
885,1172,1478
885,1172,1478,1297
885,1172,1478,1199
1173,524,1295
1176,1177
1192,257
1193,1194
1201,1202
1217,193
1217,1218
1217,1218,33,1304
1217,1218,34,32,33,1304
1217,1218,33,1307
1217,1218,34,32,33,1307
193,1217,1218
193,1217,1218,33,1304
193,1217,1218,34,32,33,1304
193,1217,1218,33,1307
193,1217,1218,34,32,33,1307
1218,33,1304
1218,33,1307
1221,1055
331,926,925,927,249
331,926,925,928,442
331,926,925,930,224
1264,903
1264,186
903,1264,186
1265,1266
1265,1266,64,63,65,74
1265,1266,64,154,65,74
1265,1266,64,66,63,65,74
1265,1266,64,68,63,65,74
1265,1266,64,65,74
1265,570,64,63,65,74
1265,570,64,154,65,74
1265,570,64,66,63,65,74
1265,570,64,68,63,65,74
1265,570,64,65,74
1266,64,63,65,74
1266,64,154,65,74
1266,64,66,63,65,74
1266,64,68,63,65,74
1266,64,65,74
1269,24,1432
1269,24,1473
1269,24,1551
1269,24,1554
1273,905
249,927,925,928,442
249,927,925,930,224
1277,664
1298,1283
1298,340,1426
1298,340,1426,1343
1283,1298,340,1426
1283,1298,340,1426,1343
1304,33,1307
1327,943
1349,1159
1349,1159,1399
1159,1399
1350,794
1252,58,1090
1364,326
1368,655
1404,464
1419,610
1426,1343
1432,24,1473
1432,24,1551
1432,24,1554
1438,586
1443,267,1559
1447,341
1447,341,899,1471
341,899,1471
1448,1429
442,928,925,930,224
1460,1190
1462,94,1467,1466
1462,94,1467,1466,202
1462,94,1467
1463,1114
1465,974
1465,14
1465,712,1508
974,1465,14
974,1465,712,1508
14,1465,712,1508
1466,202
1466,1467
202,1466,1467
1468,455
1473,24,1551
1473,24,1554
1478,1297
1478,1199
1297,1478,1199
1480,1254
1480,1275
1480,971
1480,1481
1254,1480,1275
1254,1480,971
1254,1480,1481
1275,1480,971
1275,1480,1481
971,1480,1481
1483,1089
1483,492
1483,1555
1089,1483,492
1089,1483,1555
492,1483,1555
1487,1247
1503,29
1516,1113
1522,620
1522,1520
620,1522,1520
1529,432
1529,1056
432,1529,1056
1535,769
1536,1411
1549,631
1551,24,1554
1553,780
1564,922
1569,215
1570,1124
1575,1340
