8,9
8,10,583,9
8,10
8,9,144
8,10,583,9,144
8,9,144,145
8,10,583,9,144,145
8,9,583
8,10,583
9,8,10
9,583,10
9,144
9,144,145
9,583
10,8,9,144
10,583,9,144
10,8,9,144,145
10,583,9,144,145
10,583
15,16
47,48
47,49
48,47,49
53,54
53,55,438,54
53,55,1029,56,1113,54
53,55,1083,54
53,55,1113,54
53,56,1029,55,438,54
53,56,1029,55,1083,54
53,56,1113,54
53,56,1113,55,438,54
53,56,1113,55,1083,54
53,55
53,56,1029,55
53,56,1113,55
53,56
53,120
53,54,438
53,54,1083,55,438
53,54,1113,56,1029,55,438
53,54,1113,55,438
53,55,438
53,56,1029,55,438
53,56,1029,55,1083,54,438
53,56,1113,54,438
53,56,1113,54,1083,55,438
53,56,1113,55,438
53,802
53,54,438,55,1029
53,54,1083,55,1029
53,54,1083,55,1113,56,1029
53,54,1113,56,1029
53,54,1113,55,1029
53,55,1029
53,55,1113,56,1029
53,56,1029
53,54,1083
53,54,1113,55,1083
53,55,1083
53,56,1029,55,1083
53,56,1113,54,1083
53,56,1113,55,1083
53,54,1113
53,55,1113
53,56,1113
54,53,55
54,53,56,1029,55
54,53,56,1113,55
54,438,55
54,1083,55
54,1113,56,1029,55
54,1113,55
54,53,56
54,438,55,53,56
54,438,55,1029,56
54,438,55,1113,56
54,1083,55,53,56
54,1083,55,1029,56
54,1083,55,1113,56
54,1113,56
54,53,120
54,438,55,53,120
54,438,55,1029,56,53,120
54,438,55,1113,56,53,120
54,1083,55,53,120
54,1083,55,1029,56,53,120
54,1083,55,1113,56,53,120
54,1113,56,53,120
54,1113,56,1029,55,53,120
54,1113,55,53,120
54,438
54,1083,55,438
54,1113,56,1029,55,438
54,1113,55,438
54,53,802
54,438,55,53,802
54,438,55,1029,56,53,802
54,438,55,1113,56,53,802
54,1083,55,53,802
54,1083,55,1029,56,53,802
54,1083,55,1113,56,53,802
54,1113,56,53,802
54,1113,56,1029,55,53,802
54,1113,55,53,802
54,53,55,1029
54,53,56,1029
54,438,55,1029
54,1083,55,1029
54,1083,55,1113,56,1029
54,1113,56,1029
54,1113,55,1029
54,1083
54,1113,55,1083
54,1113
55,53,56
55,1029,56
55,1113,56
55,53,120
55,1029,56,53,120
55,1113,56,53,120
55,438
55,53,802
55,1029,56,53,802
55,1113,56,53,802
55,1029
55,1113,56,1029
55,1083
55,1113
56,53,120
56,53,54,438
56,53,54,1083,55,438
56,53,55,438
56,1029,55,438
56,1029,55,1083,54,438
56,1113,54,438
56,1113,54,1083,55,438
56,1113,55,438
56,53,802
56,1029
56,53,54,1083
56,53,55,1083
56,1029,55,1083
56,1113,54,1083
56,1113,55,1083
56,1113
57,11
73,74
73,75
73,76
74,73,75
74,73,76
75,73,76
77,78
77,79,78
77,79
78,79
92,93
92,1130,93
92,249
92,570
92,1130
92,1205
93,92,249
93,1130,92,249
93,92,570
93,1130,92,570
93,1130
93,92,1205
93,1130,92,1205
95,96
95,96,1031
95,96,1175
95,96,1438
96,1031
96,1175
96,1438
103,104
103,44,278,279,104
103,44
103,104,279,278
103,44,278
103,104,279
103,44,278,279
103,104,279,156
103,44,278,279,156
103,104,279,294
103,44,278,279,294
103,104,279,295
103,44,278,279,295
104,103,44
104,279,278,44
104,103,44,278
104,279,278
104,279
104,103,44,278,279,156
104,279,156
104,103,44,278,279,294
104,279,294
104,103,44,278,279,295
104,279,295
44,278
44,103,104,279
44,278,279
44,103,104,279,156
44,278,279,156
44,103,104,279,294
44,278,279,294
44,103,104,279,295
44,278,279,295
115,116
115,117
116,115,117
120,53,54,438
120,53,54,1083,55,438
120,53,54,1113,56,1029,55,438
120,53,54,1113,55,438
120,53,55,438
120,53,56,1029,55,438
120,53,56,1029,55,1083,54,438
120,53,56,1113,54,438
120,53,56,1113,54,1083,55,438
120,53,56,1113,55,438
120,53,802
120,53,54,438,55,1029
120,53,54,1083,55,1029
120,53,54,1083,55,1113,56,1029
120,53,54,1113,56,1029
120,53,54,1113,55,1029
120,53,55,1029
120,53,55,1113,56,1029
120,53,56,1029
120,53,54,1083
120,53,54,1113,55,1083
120,53,55,1083
120,53,56,1029,55,1083
120,53,56,1113,54,1083
120,53,56,1113,55,1083
120,53,54,1113
120,53,55,1113
120,53,56,1113
130,131
130,132,411,131
130,132,411,133,1225,131
130,132,411,134,1225,131
130,132,1225,131
130,133,411,131
130,133,411,134,1225,131
130,133,1225,131
130,134,411,131
130,134,1225,131
130,132
130,133,411,134,1225,132
130,133,411,132
130,133,1225,132
130,134,411,132
130,134,1225,132
130,133
130,134,411,133
130,134,1225,133
130,134
130,135
130,136,413,135
130,136
130,135,413
130,136,413
130,131,411
130,131,1225,132,411
130,131,1225,133,411
130,131,1225,134,411
130,132,411
130,132,1225,133,411
130,132,1225,134,411
130,133,411
130,133,1225,134,411
130,134,411
130,131,1225
130,132,1225
130,133,1225
130,134,1225
131,130,132
131,130,133,411,134,1225,132
131,130,133,411,132
131,130,133,1225,132
131,130,134,411,132
131,130,134,1225,132
131,411,133,1225,132
131,411,134,1225,132
131,411,132
131,1225,132
131,130,133
131,130,134,411,133
131,130,134,1225,133
131,411,133
131,411,134,1225,133
131,1225,133
131,130,134
131,411,134
131,1225,134
131,130,135
131,130,136,413,135
131,411,133,130,135
131,411,133,130,136,413,135
131,411,133,1225,132,130,135
131,411,133,1225,132,130,136,413,135
131,411,133,1225,134,130,135
131,411,133,1225,134,130,136,413,135
131,411,134,130,135
131,411,134,130,136,413,135
131,411,134,1225,132,130,135
131,411,134,1225,132,130,136,413,135
131,411,132,130,135
131,411,132,130,136,413,135
131,1225,132,130,135
131,1225,132,130,136,413,135
131,1225,133,130,135
131,1225,133,130,136,413,135
131,1225,134,130,135
131,1225,134,130,136,413,135
131,130,136
131,411,133,130,136
131,411,133,1225,132,130,136
131,411,133,1225,134,130,136
131,411,134,130,136
131,411,134,1225,132,130,136
131,411,132,130,136
131,1225,132,130,136
131,1225,133,130,136
131,1225,134,130,136
131,130,135,413
131,130,136,413
131,411,133,130,135,413
131,411,133,130,136,413
131,411,133,1225,132,130,135,413
131,411,133,1225,132,130,136,413
131,411,133,1225,134,130,135,413
131,411,133,1225,134,130,136,413
131,411,134,130,135,413
131,411,134,130,136,413
131,411,134,1225,132,130,135,413
131,411,134,1225,132,130,136,413
131,411,132,130,135,413
131,411,132,130,136,413
131,1225,132,130,135,413
131,1225,132,130,136,413
131,1225,133,130,135,413
131,1225,133,130,136,413
131,1225,134,130,135,413
131,1225,134,130,136,413
131,411
131,1225,132,411
131,1225,133,411
131,1225,134,411
131,1225
132,130,133
132,130,134,411,133
132,130,134,1225,133
132,411,133
132,411,134,1225,133
132,1225,133
132,130,134
132,411,134
132,1225,134
132,130,135
132,130,136,413,135
132,411,133,130,135
132,411,133,130,136,413,135
132,411,133,1225,134,130,135
132,411,133,1225,134,130,136,413,135
132,411,134,130,135
132,411,134,130,136,413,135
132,1225,133,130,135
132,1225,133,130,136,413,135
132,1225,134,130,135
132,1225,134,130,136,413,135
132,130,136
132,411,133,130,136
132,411,133,1225,134,130,136
132,411,134,130,136
132,1225,133,130,136
132,1225,134,130,136
132,130,135,413
132,130,136,413
132,411,133,130,135,413
132,411,133,130,136,413
132,411,133,1225,134,130,135,413
132,411,133,1225,134,130,136,413
132,411,134,130,135,413
132,411,134,130,136,413
132,1225,133,130,135,413
132,1225,133,130,136,413
132,1225,134,130,135,413
132,1225,134,130,136,413
132,411
132,1225,133,411
132,1225,134,411
132,1225
133,130,134
133,411,134
133,1225,134
133,130,135
133,130,136,413,135
133,411,134,130,135
133,411,134,130,136,413,135
133,1225,134,130,135
133,1225,134,130,136,413,135
133,130,136
133,411,134,130,136
133,1225,134,130,136
133,130,135,413
133,130,136,413
133,411,134,130,135,413
133,411,134,130,136,413
133,1225,134,130,135,413
133,1225,134,130,136,413
133,411
133,1225,134,411
133,1225
134,130,135
134,130,136,413,135
134,130,136
134,130,135,413
134,130,136,413
134,411
134,1225
135,130,136
135,413,136
135,413
135,130,131,411
135,130,131,1225,132,411
135,130,131,1225,133,411
135,130,131,1225,134,411
135,130,132,411
135,130,132,1225,133,411
135,130,132,1225,134,411
135,130,133,411
135,130,133,1225,134,411
135,130,134,411
135,413,136,130,131,411
135,413,136,130,131,1225,132,411
135,413,136,130,131,1225,133,411
135,413,136,130,131,1225,134,411
135,413,136,130,132,411
135,413,136,130,132,1225,133,411
135,413,136,130,132,1225,134,411
135,413,136,130,133,411
135,413,136,130,133,1225,134,411
135,413,136,130,134,411
135,130,131,1225
135,130,132,1225
135,130,133,1225
135,130,134,1225
135,413,136,130,131,1225
135,413,136,130,132,1225
135,413,136,130,133,1225
135,413,136,130,134,1225
136,413
136,130,131,411
136,130,131,1225,132,411
136,130,131,1225,133,411
136,130,131,1225,134,411
136,130,132,411
136,130,132,1225,133,411
136,130,132,1225,134,411
136,130,133,411
136,130,133,1225,134,411
136,130,134,411
136,130,131,1225
136,130,132,1225
136,130,133,1225
136,130,134,1225
144,145
144,9,583
145,144,9,583
152,153
154,155
154,155,1237
155,1237
162,163
162,164
162,164,287
162,164,622
162,164,792
162,164,1191
163,162,164
163,162,164,287
163,162,164,622
163,162,164,792
163,162,164,1191
164,287
164,622
164,792
164,1191
175,176
175,176,901
175,176,992
176,901
176,992
194,33
197,101
197,101,586
197,101,1351
101,586
101,1351
200,201
206,207
214,215
223,224
223,224,260
223,224,260,261
223,224,260,261,598
224,260
224,260,261
224,260,261,598
228,229
228,229,1368
229,1368
240,241
249,92,570
249,92,1130
249,92,1205
260,261
260,261,598
261,598
266,267
278,279
278,279,156
278,279,294
278,279,295
279,156
279,294
279,295
280,179
280,554
280,554,552
280,554,552,573
179,280,554
179,280,554,552
179,280,554,552,573
287,164,622
287,164,792
287,164,1191
292,293
292,293,299
292,293,348
292,293,382
292,293,511
292,293,556
292,293,587
292,293,635
292,293,683
292,293,729
292,293,754
292,293,782
292,293,943
292,293,976
292,293,1069
292,293,1126
292,293,1182
292,293,1327
292,293,1342
292,293,1445
292,293,1451
292,293,1491
293,299
293,348
293,382
293,511
293,556
293,587
293,635
293,683
293,729
293,754
293,782
293,943
293,976
293,1069
293,1126
293,1182
293,1327
293,1342
293,1445
293,1451
293,1491
156,279,294
156,279,295
294,279,295
299,293,348
299,293,382
299,293,511
299,293,556
299,293,587
299,293,635
299,293,683
299,293,729
299,293,754
299,293,782
299,293,943
299,293,976
299,293,1069
299,293,1126
299,293,1182
299,293,1327
299,293,1342
299,293,1445
299,293,1451
299,293,1491
306,307
306,493,494,617,616,384,383
306,493,494,617,1317,461,459,384,383
306,493,494,617,1317,461,459,276,1049,384,383
306,493,494,617,1317,461,1049,384,383
306,821,494,617,616,384,383
306,821,494,617,1317,461,459,384,383
306,821,494,617,1317,461,459,276,1049,384,383
306,821,494,617,1317,461,1049,384,383
306,1317,461,459,384,383
306,1317,461,459,276,1049,384,383
306,1317,461,1049,384,383
306,1317,617,616,384,383
306,493,494,617,616,384
306,493,494,617,1317,461,459,384
306,493,494,617,1317,461,459,276,1049,384
306,493,494,617,1317,461,1049,384
306,821,494,617,616,384
306,821,494,617,1317,461,459,384
306,821,494,617,1317,461,459,276,1049,384
306,821,494,617,1317,461,1049,384
306,1317,461,459,384
306,1317,461,459,276,1049,384
306,1317,461,1049,384
306,1317,617,616,384
306,493,494,617,616,384,459
306,493,494,617,616,384,1049,276,459
306,493,494,617,616,384,1049,461,459
306,493,494,617,1317,461,459
306,493,494,617,1317,461,1049,384,459
306,493,494,617,1317,461,1049,276,459
306,821,494,617,616,384,459
306,821,494,617,616,384,1049,276,459
306,821,494,617,616,384,1049,461,459
306,821,494,617,1317,461,459
306,821,494,617,1317,461,1049,384,459
306,821,494,617,1317,461,1049,276,459
306,1317,461,459
306,1317,461,1049,384,459
306,1317,461,1049,276,459
306,1317,617,616,384,459
306,1317,617,616,384,1049,276,459
306,1317,617,616,384,1049,461,459
306,493,494,617,616,384,459,276
306,493,494,617,616,384,459,461,1049,276
306,493,494,617,616,384,1049,276
306,493,494,617,1317,461,459,276
306,493,494,617,1317,461,1049,276
306,821,494,617,616,384,459,276
306,821,494,617,616,384,459,461,1049,276
306,821,494,617,616,384,1049,276
306,821,494,617,1317,461,459,276
306,821,494,617,1317,461,1049,276
306,1317,461,459,276
306,1317,461,1049,276
306,1317,617,616,384,459,276
306,1317,617,616,384,459,461,1049,276
306,1317,617,616,384,1049,276
306,493,494,617,616,384,459,460
306,493,494,617,616,384,1049,276,459,460
306,493,494,617,616,384,1049,461,459,460
306,493,494,617,1317,461,459,460
306,493,494,617,1317,461,1049,384,459,460
306,493,494,617,1317,461,1049,276,459,460
306,821,494,617,616,384,459,460
306,821,494,617,616,384,1049,276,459,460
306,821,494,617,616,384,1049,461,459,460
306,821,494,617,1317,461,459,460
306,821,494,617,1317,461,1049,384,459,460
306,821,494,617,1317,461,1049,276,459,460
306,1317,461,459,460
306,1317,461,1049,384,459,460
306,1317,461,1049,276,459,460
306,1317,617,616,384,459,460
306,1317,617,616,384,1049,276,459,460
306,1317,617,616,384,1049,461,459,460
306,493,494,617,616,384,459,461
306,493,494,617,616,384,1049,461
306,493,494,617,1317,461
306,821,494,617,616,384,459,461
306,821,494,617,616,384,1049,461
306,821,494,617,1317,461
306,1317,461
306,1317,617,616,384,459,461
306,1317,617,616,384,1049,461
306,493
306,821,494,493
306,1317,461,459,384,616,617,494,493
306,1317,461,459,276,1049,384,616,617,494,493
306,1317,461,1049,384,616,617,494,493
306,1317,617,494,493
306,493,494
306,821,494
306,1317,461,459,384,616,617,494
306,1317,461,459,276,1049,384,616,617,494
306,1317,461,1049,384,616,617,494
306,1317,617,494
306,493,494,617,616
306,821,494,617,616
306,821,494,617,1317,461,459,384,616
306,821,494,617,1317,461,459,276,1049,384,616
306,821,494,617,1317,461,1049,384,616
306,1317,461,459,384,616
306,1317,461,459,276,1049,384,616
306,1317,461,1049,384,616
306,1317,617,616
306,493,494,617
306,821,494,617
306,1317,617
306,661
306,493,494,617,616,384,674
306,493,494,617,1317,461,459,384,674
306,493,494,617,1317,461,459,276,1049,384,674
306,493,494,617,1317,461,1049,384,674
306,821,494,617,616,384,674
306,821,494,617,1317,461,459,384,674
306,821,494,617,1317,461,459,276,1049,384,674
306,821,494,617,1317,461,1049,384,674
306,1317,461,459,384,674
306,1317,461,459,276,1049,384,674
306,1317,461,1049,384,674
306,1317,617,616,384,674
306,493,494,617,616,384,798
306,493,494,617,1317,461,459,384,798
306,493,494,617,1317,461,459,276,1049,384,798
306,493,494,617,1317,461,1049,384,798
306,821,494,617,616,384,798
306,821,494,617,1317,461,459,384,798
306,821,494,617,1317,461,459,276,1049,384,798
306,821,494,617,1317,461,1049,384,798
306,1317,461,459,384,798
306,1317,461,459,276,1049,384,798
306,1317,461,1049,384,798
306,1317,617,616,384,798
306,821
306,1317,617,494,821
306,493,494,904
306,821,494,904
306,1317,461,459,384,616,617,494,904
306,1317,461,459,276,1049,384,616,617,494,904
306,1317,461,1049,384,616,617,494,904
306,1317,617,494,904
306,493,494,617,616,384,935
306,493,494,617,1317,461,459,384,935
306,493,494,617,1317,461,459,276,1049,384,935
306,493,494,617,1317,461,1049,384,935
306,821,494,617,616,384,935
306,821,494,617,1317,461,459,384,935
306,821,494,617,1317,461,459,276,1049,384,935
306,821,494,617,1317,461,1049,384,935
306,1317,461,459,384,935
306,1317,461,459,276,1049,384,935
306,1317,461,1049,384,935
306,1317,617,616,384,935
306,493,494,617,616,384,1049
306,493,494,617,1317,461,1049
306,821,494,617,616,384,1049
306,821,494,617,1317,461,1049
306,1317,461,1049
306,1317,617,616,384,1049
306,493,494,617,616,384,459,276,1049,1050
306,493,494,617,616,384,459,461,1049,1050
306,493,494,617,616,384,1049,1050
306,493,494,617,1317,461,459,384,1049,1050
306,493,494,617,1317,461,459,276,1049,1050
306,493,494,617,1317,461,1049,1050
306,821,494,617,616,384,459,276,1049,1050
306,821,494,617,616,384,459,461,1049,1050
306,821,494,617,616,384,1049,1050
306,821,494,617,1317,461,459,384,1049,1050
306,821,494,617,1317,461,459,276,1049,1050
306,821,494,617,1317,461,1049,1050
306,1317,461,459,384,1049,1050
306,1317,461,459,276,1049,1050
306,1317,461,1049,1050
306,1317,617,616,384,459,276,1049,1050
306,1317,617,616,384,459,461,1049,1050
306,1317,617,616,384,1049,1050
306,1317
306,493,494,617,616,384,459,276,1049,461,1317,1295
306,493,494,617,616,384,459,461,1317,1295
306,493,494,617,616,384,1049,461,1317,1295
306,493,494,617,1317,1295
306,821,494,617,616,384,459,276,1049,461,1317,1295
306,821,494,617,616,384,459,461,1317,1295
306,821,494,617,616,384,1049,461,1317,1295
306,821,494,617,1317,1295
306,1317,1295
306,493,494,617,616,384,1349
306,493,494,617,1317,461,459,384,1349
306,493,494,617,1317,461,459,276,1049,384,1349
306,493,494,617,1317,461,1049,384,1349
306,821,494,617,616,384,1349
306,821,494,617,1317,461,459,384,1349
306,821,494,617,1317,461,459,276,1049,384,1349
306,821,494,617,1317,461,1049,384,1349
306,1317,461,459,384,1349
306,1317,461,459,276,1049,384,1349
306,1317,461,1049,384,1349
306,1317,617,616,384,1349
307,306,493,494,617,616,384,383
307,306,493,494,617,1317,461,459,384,383
307,306,493,494,617,1317,461,459,276,1049,384,383
307,306,493,494,617,1317,461,1049,384,383
307,306,821,494,617,616,384,383
307,306,821,494,617,1317,461,459,384,383
307,306,821,494,617,1317,461,459,276,1049,384,383
307,306,821,494,617,1317,461,1049,384,383
307,306,1317,461,459,384,383
307,306,1317,461,459,276,1049,384,383
307,306,1317,461,1049,384,383
307,306,1317,617,616,384,383
307,306,493,494,617,616,384
307,306,493,494,617,1317,461,459,384
307,306,493,494,617,1317,461,459,276,1049,384
307,306,493,494,617,1317,461,1049,384
307,306,821,494,617,616,384
307,306,821,494,617,1317,461,459,384
307,306,821,494,617,1317,461,459,276,1049,384
307,306,821,494,617,1317,461,1049,384
307,306,1317,461,459,384
307,306,1317,461,459,276,1049,384
307,306,1317,461,1049,384
307,306,1317,617,616,384
307,306,493,494,617,616,384,459
307,306,493,494,617,616,384,1049,276,459
307,306,493,494,617,616,384,1049,461,459
307,306,493,494,617,1317,461,459
307,306,493,494,617,1317,461,1049,384,459
307,306,493,494,617,1317,461,1049,276,459
307,306,821,494,617,616,384,459
307,306,821,494,617,616,384,1049,276,459
307,306,821,494,617,616,384,1049,461,459
307,306,821,494,617,1317,461,459
307,306,821,494,617,1317,461,1049,384,459
307,306,821,494,617,1317,461,1049,276,459
307,306,1317,461,459
307,306,1317,461,1049,384,459
307,306,1317,461,1049,276,459
307,306,1317,617,616,384,459
307,306,1317,617,616,384,1049,276,459
307,306,1317,617,616,384,1049,461,459
307,306,493,494,617,616,384,459,276
307,306,493,494,617,616,384,459,461,1049,276
307,306,493,494,617,616,384,1049,276
307,306,493,494,617,1317,461,459,276
307,306,493,494,617,1317,461,1049,276
307,306,821,494,617,616,384,459,276
307,306,821,494,617,616,384,459,461,1049,276
307,306,821,494,617,616,384,1049,276
307,306,821,494,617,1317,461,459,276
307,306,821,494,617,1317,461,1049,276
307,306,1317,461,459,276
307,306,1317,461,1049,276
307,306,1317,617,616,384,459,276
307,306,1317,617,616,384,459,461,1049,276
307,306,1317,617,616,384,1049,276
307,306,493,494,617,616,384,459,460
307,306,493,494,617,616,384,1049,276,459,460
307,306,493,494,617,616,384,1049,461,459,460
307,306,493,494,617,1317,461,459,460
307,306,493,494,617,1317,461,1049,384,459,460
307,306,493,494,617,1317,461,1049,276,459,460
307,306,821,494,617,616,384,459,460
307,306,821,494,617,616,384,1049,276,459,460
307,306,821,494,617,616,384,1049,461,459,460
307,306,821,494,617,1317,461,459,460
307,306,821,494,617,1317,461,1049,384,459,460
307,306,821,494,617,1317,461,1049,276,459,460
307,306,1317,461,459,460
307,306,1317,461,1049,384,459,460
307,306,1317,461,1049,276,459,460
307,306,1317,617,616,384,459,460
307,306,1317,617,616,384,1049,276,459,460
307,306,1317,617,616,384,1049,461,459,460
307,306,493,494,617,616,384,459,461
307,306,493,494,617,616,384,1049,461
307,306,493,494,617,1317,461
307,306,821,494,617,616,384,459,461
307,306,821,494,617,616,384,1049,461
307,306,821,494,617,1317,461
307,306,1317,461
307,306,1317,617,616,384,459,461
307,306,1317,617,616,384,1049,461
307,306,493
307,306,821,494,493
307,306,1317,461,459,384,616,617,494,493
307,306,1317,461,459,276,1049,384,616,617,494,493
307,306,1317,461,1049,384,616,617,494,493
307,306,1317,617,494,493
307,306,493,494
307,306,821,494
307,306,1317,461,459,384,616,617,494
307,306,1317,461,459,276,1049,384,616,617,494
307,306,1317,461,1049,384,616,617,494
307,306,1317,617,494
307,306,493,494,617,616
307,306,821,494,617,616
307,306,821,494,617,1317,461,459,384,616
307,306,821,494,617,1317,461,459,276,1049,384,616
307,306,821,494,617,1317,461,1049,384,616
307,306,1317,461,459,384,616
307,306,1317,461,459,276,1049,384,616
307,306,1317,461,1049,384,616
307,306,1317,617,616
307,306,493,494,617
307,306,821,494,617
307,306,1317,617
307,306,661
307,306,493,494,617,616,384,674
307,306,493,494,617,1317,461,459,384,674
307,306,493,494,617,1317,461,459,276,1049,384,674
307,306,493,494,617,1317,461,1049,384,674
307,306,821,494,617,616,384,674
307,306,821,494,617,1317,461,459,384,674
307,306,821,494,617,1317,461,459,276,1049,384,674
307,306,821,494,617,1317,461,1049,384,674
307,306,1317,461,459,384,674
307,306,1317,461,459,276,1049,384,674
307,306,1317,461,1049,384,674
307,306,1317,617,616,384,674
307,306,493,494,617,616,384,798
307,306,493,494,617,1317,461,459,384,798
307,306,493,494,617,1317,461,459,276,1049,384,798
307,306,493,494,617,1317,461,1049,384,798
307,306,821,494,617,616,384,798
307,306,821,494,617,1317,461,459,384,798
307,306,821,494,617,1317,461,459,276,1049,384,798
307,306,821,494,617,1317,461,1049,384,798
307,306,1317,461,459,384,798
307,306,1317,461,459,276,1049,384,798
307,306,1317,461,1049,384,798
307,306,1317,617,616,384,798
307,306,821
307,306,1317,617,494,821
307,306,493,494,904
307,306,821,494,904
307,306,1317,461,459,384,616,617,494,904
307,306,1317,461,459,276,1049,384,616,617,494,904
307,306,1317,461,1049,384,616,617,494,904
307,306,1317,617,494,904
307,306,493,494,617,616,384,935
307,306,493,494,617,1317,461,459,384,935
307,306,493,494,617,1317,461,459,276,1049,384,935
307,306,493,494,617,1317,461,1049,384,935
307,306,821,494,617,616,384,935
307,306,821,494,617,1317,461,459,384,935
307,306,821,494,617,1317,461,459,276,1049,384,935
307,306,821,494,617,1317,461,1049,384,935
307,306,1317,461,459,384,935
307,306,1317,461,459,276,1049,384,935
307,306,1317,461,1049,384,935
307,306,1317,617,616,384,935
307,306,493,494,617,616,384,1049
307,306,493,494,617,1317,461,1049
307,306,821,494,617,616,384,1049
307,306,821,494,617,1317,461,1049
307,306,1317,461,1049
307,306,1317,617,616,384,1049
307,306,493,494,617,616,384,459,276,1049,1050
307,306,493,494,617,616,384,459,461,1049,1050
307,306,493,494,617,616,384,1049,1050
307,306,493,494,617,1317,461,459,384,1049,1050
307,306,493,494,617,1317,461,459,276,1049,1050
307,306,493,494,617,1317,461,1049,1050
307,306,821,494,617,616,384,459,276,1049,1050
307,306,821,494,617,616,384,459,461,1049,1050
307,306,821,494,617,616,384,1049,1050
307,306,821,494,617,1317,461,459,384,1049,1050
307,306,821,494,617,1317,461,459,276,1049,1050
307,306,821,494,617,1317,461,1049,1050
307,306,1317,461,459,384,1049,1050
307,306,1317,461,459,276,1049,1050
307,306,1317,461,1049,1050
307,306,1317,617,616,384,459,276,1049,1050
307,306,1317,617,616,384,459,461,1049,1050
307,306,1317,617,616,384,1049,1050
307,306,1317
307,306,493,494,617,616,384,459,276,1049,461,1317,1295
307,306,493,494,617,616,384,459,461,1317,1295
307,306,493,494,617,616,384,1049,461,1317,1295
307,306,493,494,617,1317,1295
307,306,821,494,617,616,384,459,276,1049,461,1317,1295
307,306,821,494,617,616,384,459,461,1317,1295
307,306,821,494,617,616,384,1049,461,1317,1295
307,306,821,494,617,1317,1295
307,306,1317,1295
307,306,493,494,617,616,384,1349
307,306,493,494,617,1317,461,459,384,1349
307,306,493,494,617,1317,461,459,276,1049,384,1349
307,306,493,494,617,1317,461,1049,384,1349
307,306,821,494,617,616,384,1349
307,306,821,494,617,1317,461,459,384,1349
307,306,821,494,617,1317,461,459,276,1049,384,1349
307,306,821,494,617,1317,461,1049,384,1349
307,306,1317,461,459,384,1349
307,306,1317,461,459,276,1049,384,1349
307,306,1317,461,1049,384,1349
307,306,1317,617,616,384,1349
325,326
325,327
325,328
325,329
325,330
325,327,951
325,989
325,1019
326,325,327
326,325,328
326,325,329
326,325,330
326,325,327,951
326,325,989
326,325,1019
327,325,328
327,325,329
327,325,330
327,951
327,325,989
327,325,1019
328,325,329
328,325,330
328,325,327,951
328,325,989
328,325,1019
329,325,330
329,325,327,951
329,325,989
329,325,1019
330,325,327,951
330,325,989
330,325,1019
348,293,382
348,293,511
348,293,556
348,293,587
348,293,635
348,293,683
348,293,729
348,293,754
348,293,782
348,293,943
348,293,976
348,293,1069
348,293,1126
348,293,1182
348,293,1327
348,293,1342
348,293,1445
348,293,1451
348,293,1491
367,368
382,293,511
382,293,556
382,293,587
382,293,635
382,293,683
382,293,729
382,293,754
382,293,782
382,293,943
382,293,976
382,293,1069
382,293,1126
382,293,1182
382,293,1327
382,293,1342
382,293,1445
382,293,1451
382,293,1491
383,384
383,384,459
383,384,616,617,1317,461,459
383,384,616,617,1317,461,1049,276,459
383,384,616,617,494,493,306,1317,461,459
383,384,616,617,494,493,306,1317,461,1049,276,459
383,384,616,617,494,821,306,1317,461,459
383,384,616,617,494,821,306,1317,461,1049,276,459
383,384,1049,276,459
383,384,1049,461,459
383,384,459,276
383,384,459,461,1049,276
383,384,616,617,1317,461,459,276
383,384,616,617,1317,461,1049,276
383,384,616,617,494,493,306,1317,461,459,276
383,384,616,617,494,493,306,1317,461,1049,276
383,384,616,617,494,821,306,1317,461,459,276
383,384,616,617,494,821,306,1317,461,1049,276
383,384,1049,276
383,384,459,460
383,384,616,617,1317,461,459,460
383,384,616,617,1317,461,1049,276,459,460
383,384,616,617,494,493,306,1317,461,459,460
383,384,616,617,494,493,306,1317,461,1049,276,459,460
383,384,616,617,494,821,306,1317,461,459,460
383,384,616,617,494,821,306,1317,461,1049,276,459,460
383,384,1049,276,459,460
383,384,1049,461,459,460
383,384,459,461
383,384,616,617,1317,461
383,384,616,617,494,493,306,1317,461
383,384,616,617,494,821,306,1317,461
383,384,1049,461
383,384,459,276,1049,461,1317,306,493
383,384,459,276,1049,461,1317,306,821,494,493
383,384,459,276,1049,461,1317,617,494,493
383,384,459,276,1049,461,1317,617,494,821,306,493
383,384,459,461,1317,306,493
383,384,459,461,1317,306,821,494,493
383,384,459,461,1317,617,494,493
383,384,459,461,1317,617,494,821,306,493
383,384,616,617,1317,306,493
383,384,616,617,1317,306,821,494,493
383,384,616,617,494,493
383,384,616,617,494,821,306,493
383,384,1049,461,1317,306,493
383,384,1049,461,1317,306,821,494,493
383,384,1049,461,1317,617,494,493
383,384,1049,461,1317,617,494,821,306,493
383,384,459,276,1049,461,1317,306,493,494
383,384,459,276,1049,461,1317,306,821,494
383,384,459,276,1049,461,1317,617,494
383,384,459,461,1317,306,493,494
383,384,459,461,1317,306,821,494
383,384,459,461,1317,617,494
383,384,616,617,1317,306,493,494
383,384,616,617,1317,306,821,494
383,384,616,617,494
383,384,1049,461,1317,306,493,494
383,384,1049,461,1317,306,821,494
383,384,1049,461,1317,617,494
383,384,616
383,384,1049,461,1317,306,493,494,617,616
383,384,1049,461,1317,306,821,494,617,616
383,384,1049,461,1317,617,616
383,384,459,276,1049,461,1317,617
383,384,459,461,1317,617
383,384,616,617
383,384,1049,461,1317,617
383,384,459,276,1049,461,1317,306,661
383,384,459,276,1049,461,1317,617,494,493,306,661
383,384,459,276,1049,461,1317,617,494,821,306,661
383,384,459,461,1317,306,661
383,384,459,461,1317,617,494,493,306,661
383,384,459,461,1317,617,494,821,306,661
383,384,616,617,1317,306,661
383,384,616,617,494,493,306,661
383,384,616,617,494,821,306,661
383,384,1049,461,1317,306,661
383,384,1049,461,1317,617,494,493,306,661
383,384,1049,461,1317,617,494,821,306,661
383,384,674
383,384,798
383,384,459,276,1049,461,1317,306,821
383,384,459,276,1049,461,1317,617,494,821
383,384,459,461,1317,306,821
383,384,459,461,1317,617,494,821
383,384,616,617,1317,306,821
383,384,616,617,494,821
383,384,1049,461,1317,306,821
383,384,1049,461,1317,617,494,821
383,384,459,276,1049,461,1317,306,493,494,904
383,384,459,276,1049,461,1317,306,821,494,904
383,384,459,276,1049,461,1317,617,494,904
383,384,459,461,1317,306,493,494,904
383,384,459,461,1317,306,821,494,904
383,384,459,461,1317,617,494,904
383,384,616,617,1317,306,493,494,904
383,384,616,617,1317,306,821,494,904
383,384,616,617,494,904
383,384,1049,461,1317,306,493,494,904
383,384,1049,461,1317,306,821,494,904
383,384,1049,461,1317,617,494,904
383,384,935
383,384,1049
383,384,459,276,1049,1050
383,384,459,461,1049,1050
383,384,616,617,1317,461,459,276,1049,1050
383,384,616,617,1317,461,1049,1050
383,384,616,617,494,493,306,1317,461,459,276,1049,1050
383,384,616,617,494,493,306,1317,461,1049,1050
383,384,616,617,494,821,306,1317,461,459,276,1049,1050
383,384,616,617,494,821,306,1317,461,1049,1050
383,384,1049,1050
383,384,459,276,1049,461,1317
383,384,459,461,1317
383,384,616,617,1317
383,384,1049,461,1317
383,384,459,276,1049,461,1317,1295
383,384,459,461,1317,1295
383,384,616,617,1317,1295
383,384,616,617,494,493,306,1317,1295
383,384,616,617,494,821,306,1317,1295
383,384,1049,461,1317,1295
383,384,1349
384,459
384,616,617,1317,461,459
384,616,617,1317,461,1049,276,459
384,1049,276,459
384,1049,461,459
384,459,276
384,459,461,1049,276
384,616,617,1317,461,459,276
384,616,617,1317,461,1049,276
384,616,617,494,493,306,1317,461,459,276
384,616,617,494,493,306,1317,461,1049,276
384,616,617,494,821,306,1317,461,459,276
384,616,617,494,821,306,1317,461,1049,276
384,1049,276
384,459,460
384,616,617,1317,461,459,460
384,616,617,1317,461,1049,276,459,460
384,616,617,494,493,306,1317,461,459,460
384,616,617,494,493,306,1317,461,1049,276,459,460
384,616,617,494,821,306,1317,461,459,460
384,616,617,494,821,306,1317,461,1049,276,459,460
384,1049,276,459,460
384,1049,461,459,460
384,459,461
384,616,617,1317,461
384,616,617,494,493,306,1317,461
384,616,617,494,821,306,1317,461
384,1049,461
384,459,276,1049,461,1317,306,493
384,459,276,1049,461,1317,306,821,494,493
384,459,276,1049,461,1317,617,494,493
384,459,276,1049,461,1317,617,494,821,306,493
384,459,461,1317,306,493
384,459,461,1317,306,821,494,493
384,459,461,1317,617,494,493
384,459,461,1317,617,494,821,306,493
384,616,617,1317,306,493
384,616,617,1317,306,821,494,493
384,616,617,494,493
384,616,617,494,821,306,493
384,1049,461,1317,306,493
384,1049,461,1317,306,821,494,493
384,1049,461,1317,617,494,493
384,1049,461,1317,617,494,821,306,493
384,459,276,1049,461,1317,306,493,494
384,459,276,1049,461,1317,306,821,494
384,459,276,1049,461,1317,617,494
384,459,461,1317,306,493,494
384,459,461,1317,306,821,494
384,459,461,1317,617,494
384,616,617,1317,306,493,494
384,616,617,1317,306,821,494
384,616,617,494
384,1049,461,1317,306,493,494
384,1049,461,1317,306,821,494
384,1049,461,1317,617,494
384,616
384,1049,461,1317,617,616
384,459,276,1049,461,1317,617
384,459,461,1317,617
384,616,617
384,1049,461,1317,617
384,459,276,1049,461,1317,306,661
384,459,276,1049,461,1317,617,494,493,306,661
384,459,276,1049,461,1317,617,494,821,306,661
384,459,461,1317,306,661
384,459,461,1317,617,494,493,306,661
384,459,461,1317,617,494,821,306,661
384,616,617,1317,306,661
384,616,617,494,493,306,661
384,616,617,494,821,306,661
384,1049,461,1317,306,661
384,1049,461,1317,617,494,493,306,661
384,1049,461,1317,617,494,821,306,661
384,674
384,798
384,459,276,1049,461,1317,306,821
384,459,276,1049,461,1317,617,494,821
384,459,461,1317,306,821
384,459,461,1317,617,494,821
384,616,617,1317,306,821
384,616,617,494,821
384,1049,461,1317,306,821
384,1049,461,1317,617,494,821
384,459,276,1049,461,1317,306,493,494,904
384,459,276,1049,461,1317,306,821,494,904
384,459,276,1049,461,1317,617,494,904
384,459,461,1317,306,493,494,904
384,459,461,1317,306,821,494,904
384,459,461,1317,617,494,904
384,616,617,1317,306,493,494,904
384,616,617,1317,306,821,494,904
384,616,617,494,904
384,1049,461,1317,306,493,494,904
384,1049,461,1317,306,821,494,904
384,1049,461,1317,617,494,904
384,935
384,1049
384,459,276,1049,1050
384,459,461,1049,1050
384,616,617,1317,461,459,276,1049,1050
384,616,617,1317,461,1049,1050
384,616,617,494,493,306,1317,461,459,276,1049,1050
384,616,617,494,493,306,1317,461,1049,1050
384,616,617,494,821,306,1317,461,459,276,1049,1050
384,616,617,494,821,306,1317,461,1049,1050
384,1049,1050
384,459,276,1049,461,1317
384,459,461,1317
384,616,617,1317
384,1049,461,1317
384,459,276,1049,461,1317,1295
384,459,461,1317,1295
384,616,617,1317,1295
384,616,617,494,493,306,1317,1295
384,616,617,494,821,306,1317,1295
384,1049,461,1317,1295
384,1349
396,397
396,398,397
396,398,558,664,397
396,398,558,397
396,398,558,676,675,397
396,398,558,676,677,397
396,398
396,397,664,558
396,397,675,676,558
396,397,677,676,558
396,397,558
396,398,558
396,397,664
396,397,675,676,558,664
396,397,677,676,558,664
396,398,397,664
396,398,397,675,676,558,664
396,398,397,677,676,558,664
396,398,558,664
396,397,675
396,397,677,676,675
396,398,397,675
396,398,397,677,676,675
396,398,558,664,397,675
396,398,558,664,397,677,676,675
396,398,558,397,675
396,398,558,397,677,676,675
396,398,558,676,675
396,397,398,558,676
396,397,664,558,676
396,397,675,676
396,397,677,676
396,397,558,676
396,398,397,664,558,676
396,398,397,675,676
396,398,397,677,676
396,398,558,676
396,397,677
396,398,397,677
396,398,558,664,397,677
396,398,558,397,677
396,398,558,676,677
396,397,753
396,398,397,753
396,398,558,664,397,753
396,398,558,397,753
396,398,558,676,675,397,753
396,398,558,676,677,397,753
396,397,836
396,398,397,836
396,398,558,664,397,836
396,398,558,397,836
396,398,558,676,675,397,836
396,398,558,676,677,397,836
396,397,398,558,676,1028
396,397,664,558,676,1028
396,397,675,676,1028
396,397,677,676,1028
396,397,558,676,1028
396,398,397,664,558,676,1028
396,398,397,675,676,1028
396,398,397,677,676,1028
396,398,558,664,397,675,676,1028
396,398,558,664,397,677,676,1028
396,398,558,397,675,676,1028
396,398,558,397,677,676,1028
396,398,558,676,1028
396,397,1059
396,398,397,1059
396,398,558,664,397,1059
396,398,558,397,1059
396,398,558,676,675,397,1059
396,398,558,676,677,397,1059
396,397,1235
396,398,397,1235
396,398,558,664,397,1235
396,398,558,397,1235
396,398,558,676,675,397,1235
396,398,558,676,677,397,1235
397,398
397,664,558,398
397,675,676,558,398
397,677,676,558,398
397,558,398
397,664,558
397,675,676,558
397,677,676,558
397,558
397,664
397,675,676,558,664
397,677,676,558,664
397,675
397,677,676,675
397,398,558,676
397,664,558,676
397,675,676
397,677,676
397,558,676
397,677
397,753
397,836
397,398,558,676,1028
397,664,558,676,1028
397,675,676,1028
397,677,676,1028
397,558,676,1028
397,1059
397,1235
398,558
398,397,664
398,397,675,676,558,664
398,397,677,676,558,664
398,558,664
398,397,675
398,397,677,676,675
398,558,664,397,675
398,558,664,397,677,676,675
398,558,397,675
398,558,397,677,676,675
398,558,676,675
398,397,664,558,676
398,397,675,676
398,397,677,676
398,558,676
398,397,677
398,558,664,397,677
398,558,397,677
398,558,676,677
398,397,753
398,558,664,397,753
398,558,397,753
398,558,676,675,397,753
398,558,676,677,397,753
398,397,836
398,558,664,397,836
398,558,397,836
398,558,676,675,397,836
398,558,676,677,397,836
398,397,664,558,676,1028
398,397,675,676,1028
398,397,677,676,1028
398,558,664,397,675,676,1028
398,558,664,397,677,676,1028
398,558,397,675,676,1028
398,558,397,677,676,1028
398,558,676,1028
398,397,1059
398,558,664,397,1059
398,558,397,1059
398,558,676,675,397,1059
398,558,676,677,397,1059
398,397,1235
398,558,664,397,1235
398,558,397,1235
398,558,676,675,397,1235
398,558,676,677,397,1235
401,402
413,136,130,131,411
413,136,130,131,1225,132,411
413,136,130,131,1225,133,411
413,136,130,131,1225,134,411
413,136,130,132,411
413,136,130,132,1225,133,411
413,136,130,132,1225,134,411
413,136,130,133,411
413,136,130,133,1225,134,411
413,136,130,134,411
413,135,130,131,411
413,135,130,131,1225,132,411
413,135,130,131,1225,133,411
413,135,130,131,1225,134,411
413,135,130,132,411
413,135,130,132,1225,133,411
413,135,130,132,1225,134,411
413,135,130,133,411
413,135,130,133,1225,134,411
413,135,130,134,411
413,136,130,131,1225
413,136,130,132,1225
413,136,130,133,1225
413,136,130,134,1225
413,135,130,131,1225
413,135,130,132,1225
413,135,130,133,1225
413,135,130,134,1225
422,423
422,424
422,424,933
422,424,933,932
422,423,1186
423,422,424
423,422,424,933
423,422,424,933,932
423,1186
424,933
424,933,932
424,422,423,1186
433,434
438,54,53,802
438,54,1083,55,53,802
438,54,1083,55,1029,56,53,802
438,54,1083,55,1113,56,53,802
438,54,1113,56,53,802
438,54,1113,56,1029,55,53,802
438,54,1113,55,53,802
438,55,53,802
438,55,1029,56,53,802
438,55,1113,56,53,802
438,54,53,56,1029
438,54,1083,55,1029
438,54,1083,55,1113,56,1029
438,54,1113,56,1029
438,54,1113,55,1029
438,55,1029
438,55,1113,56,1029
438,54,1083
438,54,1113,55,1083
438,55,1083
438,54,1113
438,55,1113
442,443
442,62,1116,443
442,62,1184,443
442,62
442,443,1116
442,443,1184,62,1116
442,62,1116
442,443,1184
442,62,1184
443,442,62
443,1116,62
443,1184,62
443,1116
443,1184,62,1116
443,1184
62,1116
62,1184
448,449
452,43
452,319
43,452,319
411,131,1225
411,133,1225
411,134,1225
411,132,1225
454,455
454,455,1398
455,1398
459,276
459,461,1049,276
459,460
459,461
459,384,616,617,1317,306,493
459,384,616,617,1317,306,821,494,493
459,384,616,617,494,493
459,384,616,617,494,821,306,493
459,384,1049,461,1317,306,493
459,384,1049,461,1317,306,821,494,493
459,384,1049,461,1317,617,494,493
459,384,1049,461,1317,617,494,821,306,493
459,276,1049,384,616,617,1317,306,493
459,276,1049,384,616,617,1317,306,821,494,493
459,276,1049,384,616,617,494,493
459,276,1049,384,616,617,494,821,306,493
459,276,1049,461,1317,306,493
459,276,1049,461,1317,306,821,494,493
459,276,1049,461,1317,617,494,493
459,276,1049,461,1317,617,494,821,306,493
459,461,1049,384,616,617,1317,306,493
459,461,1049,384,616,617,1317,306,821,494,493
459,461,1049,384,616,617,494,493
459,461,1049,384,616,617,494,821,306,493
459,461,1317,306,493
459,461,1317,306,821,494,493
459,461,1317,617,494,493
459,461,1317,617,494,821,306,493
459,384,616,617,1317,306,493,494
459,384,616,617,1317,306,821,494
459,384,616,617,494
459,384,1049,461,1317,306,493,494
459,384,1049,461,1317,306,821,494
459,384,1049,461,1317,617,494
459,276,1049,384,616,617,1317,306,493,494
459,276,1049,384,616,617,1317,306,821,494
459,276,1049,384,616,617,494
459,276,1049,461,1317,306,493,494
459,276,1049,461,1317,306,821,494
459,276,1049,461,1317,617,494
459,461,1049,384,616,617,1317,306,493,494
459,461,1049,384,616,617,1317,306,821,494
459,461,1049,384,616,617,494
459,461,1317,306,493,494
459,461,1317,306,821,494
459,461,1317,617,494
459,384,616
459,384,1049,461,1317,617,616
459,276,1049,384,616
459,276,1049,461,1317,306,493,494,617,616
459,276,1049,461,1317,306,821,494,617,616
459,276,1049,461,1317,617,616
459,461,1049,384,616
459,461,1317,306,493,494,617,616
459,461,1317,306,821,494,617,616
459,461,1317,617,616
459,384,616,617
459,384,1049,461,1317,617
459,276,1049,384,616,617
459,276,1049,461,1317,617
459,461,1049,384,616,617
459,461,1317,617
459,384,616,617,1317,306,661
459,384,616,617,494,493,306,661
459,384,616,617,494,821,306,661
459,384,1049,461,1317,306,661
459,384,1049,461,1317,617,494,493,306,661
459,384,1049,461,1317,617,494,821,306,661
459,276,1049,384,616,617,1317,306,661
459,276,1049,384,616,617,494,493,306,661
459,276,1049,384,616,617,494,821,306,661
459,276,1049,461,1317,306,661
459,276,1049,461,1317,617,494,493,306,661
459,276,1049,461,1317,617,494,821,306,661
459,461,1049,384,616,617,1317,306,661
459,461,1049,384,616,617,494,493,306,661
459,461,1049,384,616,617,494,821,306,661
459,461,1317,306,661
459,461,1317,617,494,493,306,661
459,461,1317,617,494,821,306,661
459,384,674
459,276,1049,384,674
459,276,1049,461,1317,306,493,494,617,616,384,674
459,276,1049,461,1317,306,821,494,617,616,384,674
459,276,1049,461,1317,617,616,384,674
459,461,1049,384,674
459,461,1317,306,493,494,617,616,384,674
459,461,1317,306,821,494,617,616,384,674
459,461,1317,617,616,384,674
459,384,798
459,276,1049,384,798
459,276,1049,461,1317,306,493,494,617,616,384,798
459,276,1049,461,1317,306,821,494,617,616,384,798
459,276,1049,461,1317,617,616,384,798
459,461,1049,384,798
459,461,1317,306,493,494,617,616,384,798
459,461,1317,306,821,494,617,616,384,798
459,461,1317,617,616,384,798
459,384,616,617,1317,306,821
459,384,616,617,494,821
459,384,1049,461,1317,306,821
459,384,1049,461,1317,617,494,821
459,276,1049,384,616,617,1317,306,821
459,276,1049,384,616,617,494,821
459,276,1049,461,1317,306,821
459,276,1049,461,1317,617,494,821
459,461,1049,384,616,617,1317,306,821
459,461,1049,384,616,617,494,821
459,461,1317,306,821
459,461,1317,617,494,821
459,384,616,617,1317,306,493,494,904
459,384,616,617,1317,306,821,494,904
459,384,616,617,494,904
459,384,1049,461,1317,306,493,494,904
459,384,1049,461,1317,306,821,494,904
459,384,1049,461,1317,617,494,904
459,276,1049,384,616,617,1317,306,493,494,904
459,276,1049,384,616,617,1317,306,821,494,904
459,276,1049,384,616,617,494,904
459,276,1049,461,1317,306,493,494,904
459,276,1049,461,1317,306,821,494,904
459,276,1049,461,1317,617,494,904
459,461,1049,384,616,617,1317,306,493,494,904
459,461,1049,384,616,617,1317,306,821,494,904
459,461,1049,384,616,617,494,904
459,461,1317,306,493,494,904
459,461,1317,306,821,494,904
459,461,1317,617,494,904
459,384,935
459,276,1049,384,935
459,276,1049,461,1317,306,493,494,617,616,384,935
459,276,1049,461,1317,306,821,494,617,616,384,935
459,276,1049,461,1317,617,616,384,935
459,461,1049,384,935
459,461,1317,306,493,494,617,616,384,935
459,461,1317,306,821,494,617,616,384,935
459,461,1317,617,616,384,935
459,384,1049
459,276,1049
459,461,1049
459,384,616,617,1317,461,1049,1050
459,384,616,617,494,493,306,1317,461,1049,1050
459,384,616,617,494,821,306,1317,461,1049,1050
459,384,1049,1050
459,276,1049,1050
459,461,1049,1050
459,384,616,617,1317
459,384,1049,461,1317
459,276,1049,384,616,617,1317
459,276,1049,461,1317
459,461,1317
459,384,616,617,1317,1295
459,384,616,617,494,493,306,1317,1295
459,384,616,617,494,821,306,1317,1295
459,384,1049,461,1317,1295
459,276,1049,384,616,617,1317,1295
459,276,1049,384,616,617,494,493,306,1317,1295
459,276,1049,384,616,617,494,821,306,1317,1295
459,276,1049,461,1317,1295
459,461,1049,384,616,617,1317,1295
459,461,1049,384,616,617,494,493,306,1317,1295
459,461,1049,384,616,617,494,821,306,1317,1295
459,461,1317,1295
459,384,1349
459,276,1049,384,1349
459,276,1049,461,1317,306,493,494,617,616,384,1349
459,276,1049,461,1317,306,821,494,617,616,384,1349
459,276,1049,461,1317,617,616,384,1349
459,461,1049,384,1349
459,461,1317,306,493,494,617,616,384,1349
459,461,1317,306,821,494,617,616,384,1349
459,461,1317,617,616,384,1349
276,459,460
276,1049,461,459,460
276,459,461
276,1049,461
276,459,384,616,617,1317,306,493
276,459,384,616,617,1317,306,821,494,493
276,459,384,616,617,494,493
276,459,384,616,617,494,821,306,493
276,459,461,1049,384,616,617,1317,306,493
276,459,461,1049,384,616,617,1317,306,821,494,493
276,459,461,1049,384,616,617,494,493
276,459,461,1049,384,616,617,494,821,306,493
276,459,461,1317,306,493
276,459,461,1317,306,821,494,493
276,459,461,1317,617,494,493
276,459,461,1317,617,494,821,306,493
276,1049,384,616,617,1317,306,493
276,1049,384,616,617,1317,306,821,494,493
276,1049,384,616,617,494,493
276,1049,384,616,617,494,821,306,493
276,1049,461,1317,306,493
276,1049,461,1317,306,821,494,493
276,1049,461,1317,617,494,493
276,1049,461,1317,617,494,821,306,493
276,459,384,616,617,1317,306,493,494
276,459,384,616,617,1317,306,821,494
276,459,384,616,617,494
276,459,461,1049,384,616,617,494
276,459,461,1317,306,493,494
276,459,461,1317,306,821,494
276,459,461,1317,617,494
276,1049,384,616,617,1317,306,493,494
276,1049,384,616,617,1317,306,821,494
276,1049,384,616,617,494
276,1049,461,1317,306,493,494
276,1049,461,1317,306,821,494
276,1049,461,1317,617,494
276,459,384,616
276,459,461,1049,384,616
276,459,461,1317,306,493,494,617,616
276,459,461,1317,306,821,494,617,616
276,459,461,1317,617,616
276,1049,384,616
276,1049,461,1317,306,493,494,617,616
276,1049,461,1317,306,821,494,617,616
276,1049,461,1317,617,616
276,459,384,616,617
276,459,461,1049,384,616,617
276,459,461,1317,617
276,1049,384,616,617
276,1049,461,1317,617
276,459,384,616,617,1317,306,661
276,459,384,616,617,494,493,306,661
276,459,384,616,617,494,821,306,661
276,459,461,1049,384,616,617,1317,306,661
276,459,461,1049,384,616,617,494,493,306,661
276,459,461,1049,384,616,617,494,821,306,661
276,459,461,1317,306,661
276,459,461,1317,617,494,493,306,661
276,459,461,1317,617,494,821,306,661
276,1049,384,616,617,1317,306,661
276,1049,384,616,617,494,493,306,661
276,1049,384,616,617,494,821,306,661
276,1049,461,1317,306,661
276,1049,461,1317,617,494,493,306,661
276,1049,461,1317,617,494,821,306,661
276,459,384,674
276,459,461,1049,384,674
276,459,461,1317,306,493,494,617,616,384,674
276,459,461,1317,306,821,494,617,616,384,674
276,459,461,1317,617,616,384,674
276,1049,384,674
276,1049,461,1317,306,493,494,617,616,384,674
276,1049,461,1317,306,821,494,617,616,384,674
276,1049,461,1317,617,616,384,674
276,459,384,798
276,459,461,1049,384,798
276,459,461,1317,306,493,494,617,616,384,798
276,459,461,1317,306,821,494,617,616,384,798
276,459,461,1317,617,616,384,798
276,1049,384,798
276,1049,461,1317,306,493,494,617,616,384,798
276,1049,461,1317,306,821,494,617,616,384,798
276,1049,461,1317,617,616,384,798
276,459,384,616,617,1317,306,821
276,459,384,616,617,494,821
276,459,461,1049,384,616,617,1317,306,821
276,459,461,1049,384,616,617,494,821
276,459,461,1317,306,821
276,459,461,1317,617,494,821
276,1049,384,616,617,1317,306,821
276,1049,384,616,617,494,821
276,1049,461,1317,306,821
276,1049,461,1317,617,494,821
276,459,384,616,617,1317,306,493,494,904
276,459,384,616,617,1317,306,821,494,904
276,459,384,616,617,494,904
276,459,461,1049,384,616,617,1317,306,493,494,904
276,459,461,1049,384,616,617,1317,306,821,494,904
276,459,461,1049,384,616,617,494,904
276,459,461,1317,306,493,494,904
276,459,461,1317,306,821,494,904
276,459,461,1317,617,494,904
276,1049,384,616,617,1317,306,493,494,904
276,1049,384,616,617,1317,306,821,494,904
276,1049,384,616,617,494,904
276,1049,461,1317,306,493,494,904
276,1049,461,1317,306,821,494,904
276,1049,461,1317,617,494,904
276,459,384,935
276,459,461,1049,384,935
276,459,461,1317,306,493,494,617,616,384,935
276,459,461,1317,306,821,494,617,616,384,935
276,459,461,1317,617,616,384,935
276,1049,384,935
276,1049,461,1317,306,493,494,617,616,384,935
276,1049,461,1317,306,821,494,617,616,384,935
276,1049,461,1317,617,616,384,935
276,1049
276,459,461,1049,1050
276,1049,1050
276,459,384,616,617,1317
276,459,461,1317
276,1049,384,616,617,1317
276,1049,461,1317
276,459,384,616,617,1317,1295
276,459,384,616,617,494,493,306,1317,1295
276,459,384,616,617,494,821,306,1317,1295
276,459,461,1049,384,616,617,1317,1295
276,459,461,1317,1295
276,1049,384,616,617,1317,1295
276,1049,384,616,617,494,493,306,1317,1295
276,1049,384,616,617,494,821,306,1317,1295
276,1049,461,1317,1295
276,459,384,1349
276,459,461,1049,384,1349
276,459,461,1317,306,493,494,617,616,384,1349
276,459,461,1317,306,821,494,617,616,384,1349
276,459,461,1317,617,616,384,1349
276,1049,384,1349
276,1049,461,1317,306,493,494,617,616,384,1349
276,1049,461,1317,306,821,494,617,616,384,1349
276,1049,461,1317,617,616,384,1349
460,459,461
460,459,384,616,617,1317,306,493
460,459,384,616,617,1317,306,821,494,493
460,459,384,616,617,494,493
460,459,384,616,617,494,821,306,493
460,459,384,1049,461,1317,306,493
460,459,384,1049,461,1317,306,821,494,493
460,459,384,1049,461,1317,617,494,493
460,459,384,1049,461,1317,617,494,821,306,493
460,459,276,1049,384,616,617,1317,306,493
460,459,276,1049,384,616,617,1317,306,821,494,493
460,459,276,1049,384,616,617,494,493
460,459,276,1049,384,616,617,494,821,306,493
460,459,276,1049,461,1317,306,493
460,459,276,1049,461,1317,306,821,494,493
460,459,276,1049,461,1317,617,494,493
460,459,276,1049,461,1317,617,494,821,306,493
460,459,461,1049,384,616,617,1317,306,493
460,459,461,1049,384,616,617,1317,306,821,494,493
460,459,461,1049,384,616,617,494,493
460,459,461,1049,384,616,617,494,821,306,493
460,459,461,1317,306,493
460,459,461,1317,306,821,494,493
460,459,461,1317,617,494,493
460,459,461,1317,617,494,821,306,493
460,459,384,616,617,1317,306,493,494
460,459,384,616,617,1317,306,821,494
460,459,384,616,617,494
460,459,384,1049,461,1317,306,493,494
460,459,384,1049,461,1317,306,821,494
460,459,384,1049,461,1317,617,494
460,459,276,1049,384,616,617,1317,306,493,494
460,459,276,1049,384,616,617,1317,306,821,494
460,459,276,1049,384,616,617,494
460,459,276,1049,461,1317,306,493,494
460,459,276,1049,461,1317,306,821,494
460,459,276,1049,461,1317,617,494
460,459,461,1049,384,616,617,1317,306,493,494
460,459,461,1049,384,616,617,1317,306,821,494
460,459,461,1049,384,616,617,494
460,459,461,1317,306,493,494
460,459,461,1317,306,821,494
460,459,461,1317,617,494
460,459,384,616
460,459,384,1049,461,1317,617,616
460,459,276,1049,384,616
460,459,276,1049,461,1317,306,493,494,617,616
460,459,276,1049,461,1317,306,821,494,617,616
460,459,276,1049,461,1317,617,616
460,459,461,1049,384,616
460,459,461,1317,306,493,494,617,616
460,459,461,1317,306,821,494,617,616
460,459,461,1317,617,616
460,459,384,616,617
460,459,384,1049,461,1317,617
460,459,276,1049,384,616,617
460,459,276,1049,461,1317,617
460,459,461,1049,384,616,617
460,459,461,1317,617
460,459,384,616,617,1317,306,661
460,459,384,616,617,494,493,306,661
460,459,384,616,617,494,821,306,661
460,459,384,1049,461,1317,306,661
460,459,384,1049,461,1317,617,494,493,306,661
460,459,384,1049,461,1317,617,494,821,306,661
460,459,276,1049,384,616,617,1317,306,661
460,459,276,1049,384,616,617,494,493,306,661
460,459,276,1049,384,616,617,494,821,306,661
460,459,276,1049,461,1317,306,661
460,459,276,1049,461,1317,617,494,493,306,661
460,459,276,1049,461,1317,617,494,821,306,661
460,459,461,1049,384,616,617,1317,306,661
460,459,461,1049,384,616,617,494,493,306,661
460,459,461,1049,384,616,617,494,821,306,661
460,459,461,1317,306,661
460,459,461,1317,617,494,493,306,661
460,459,461,1317,617,494,821,306,661
460,459,384,674
460,459,276,1049,384,674
460,459,276,1049,461,1317,306,493,494,617,616,384,674
460,459,276,1049,461,1317,306,821,494,617,616,384,674
460,459,276,1049,461,1317,617,616,384,674
460,459,461,1049,384,674
460,459,461,1317,306,493,494,617,616,384,674
460,459,461,1317,306,821,494,617,616,384,674
460,459,461,1317,617,616,384,674
460,459,384,798
460,459,276,1049,384,798
460,459,276,1049,461,1317,306,493,494,617,616,384,798
460,459,276,1049,461,1317,306,821,494,617,616,384,798
460,459,276,1049,461,1317,617,616,384,798
460,459,461,1049,384,798
460,459,461,1317,306,493,494,617,616,384,798
460,459,461,1317,306,821,494,617,616,384,798
460,459,461,1317,617,616,384,798
460,459,384,616,617,1317,306,821
460,459,384,616,617,494,821
460,459,384,1049,461,1317,306,821
460,459,384,1049,461,1317,617,494,821
460,459,276,1049,384,616,617,1317,306,821
460,459,276,1049,384,616,617,494,821
460,459,276,1049,461,1317,306,821
460,459,276,1049,461,1317,617,494,821
460,459,461,1049,384,616,617,1317,306,821
460,459,461,1049,384,616,617,494,821
460,459,461,1317,306,821
460,459,461,1317,617,494,821
460,459,384,616,617,1317,306,493,494,904
460,459,384,616,617,1317,306,821,494,904
460,459,384,616,617,494,904
460,459,384,1049,461,1317,306,493,494,904
460,459,384,1049,461,1317,306,821,494,904
460,459,384,1049,461,1317,617,494,904
460,459,276,1049,384,616,617,1317,306,493,494,904
460,459,276,1049,384,616,617,1317,306,821,494,904
460,459,276,1049,384,616,617,494,904
460,459,276,1049,461,1317,306,493,494,904
460,459,276,1049,461,1317,306,821,494,904
460,459,276,1049,461,1317,617,494,904
460,459,461,1049,384,616,617,1317,306,493,494,904
460,459,461,1049,384,616,617,1317,306,821,494,904
460,459,461,1049,384,616,617,494,904
460,459,461,1317,306,493,494,904
460,459,461,1317,306,821,494,904
460,459,461,1317,617,494,904
460,459,384,935
460,459,276,1049,384,935
460,459,276,1049,461,1317,306,493,494,617,616,384,935
460,459,276,1049,461,1317,306,821,494,617,616,384,935
460,459,276,1049,461,1317,617,616,384,935
460,459,461,1049,384,935
460,459,461,1317,306,493,494,617,616,384,935
460,459,461,1317,306,821,494,617,616,384,935
460,459,461,1317,617,616,384,935
460,459,384,1049
460,459,276,1049
460,459,461,1049
460,459,384,616,617,1317,461,1049,1050
460,459,384,616,617,494,493,306,1317,461,1049,1050
460,459,384,616,617,494,821,306,1317,461,1049,1050
460,459,384,1049,1050
460,459,276,1049,1050
460,459,461,1049,1050
460,459,384,616,617,1317
460,459,384,1049,461,1317
460,459,276,1049,384,616,617,1317
460,459,276,1049,461,1317
460,459,461,1317
460,459,384,616,617,1317,1295
460,459,384,616,617,494,493,306,1317,1295
460,459,384,616,617,494,821,306,1317,1295
460,459,384,1049,461,1317,1295
460,459,276,1049,384,616,617,1317,1295
460,459,276,1049,384,616,617,494,493,306,1317,1295
460,459,276,1049,384,616,617,494,821,306,1317,1295
460,459,276,1049,461,1317,1295
460,459,461,1049,384,616,617,1317,1295
460,459,461,1049,384,616,617,494,493,306,1317,1295
460,459,461,1049,384,616,617,494,821,306,1317,1295
460,459,461,1317,1295
460,459,384,1349
460,459,276,1049,384,1349
460,459,276,1049,461,1317,306,493,494,617,616,384,1349
460,459,276,1049,461,1317,306,821,494,617,616,384,1349
460,459,276,1049,461,1317,617,616,384,1349
460,459,461,1049,384,1349
460,459,461,1317,306,493,494,617,616,384,1349
460,459,461,1317,306,821,494,617,616,384,1349
460,459,461,1317,617,616,384,1349
461,459,384,616,617,1317,306,493
461,459,384,616,617,1317,306,821,494,493
461,459,384,616,617,494,493
461,459,384,616,617,494,821,306,493
461,1049,384,616,617,1317,306,493
461,1049,384,616,617,1317,306,821,494,493
461,1049,384,616,617,494,493
461,1049,384,616,617,494,821,306,493
461,1317,306,493
461,1317,306,821,494,493
461,1317,617,494,493
461,1317,617,494,821,306,493
461,459,384,616,617,494
461,1049,384,616,617,494
461,1317,306,493,494
461,1317,306,821,494
461,1317,617,494
461,459,384,616
461,1049,384,616
461,1317,306,493,494,617,616
461,1317,306,821,494,617,616
461,1317,617,616
461,459,384,616,617
461,1049,384,616,617
461,1317,617
461,459,384,616,617,1317,306,661
461,459,384,616,617,494,493,306,661
461,459,384,616,617,494,821,306,661
461,1049,384,616,617,1317,306,661
461,1049,384,616,617,494,493,306,661
461,1049,384,616,617,494,821,306,661
461,1317,306,661
461,1317,617,494,493,306,661
461,1317,617,494,821,306,661
461,459,384,674
461,1049,384,674
461,1317,306,493,494,617,616,384,674
461,1317,306,821,494,617,616,384,674
461,1317,617,616,384,674
461,459,384,798
461,1049,384,798
461,1317,306,493,494,617,616,384,798
461,1317,306,821,494,617,616,384,798
461,1317,617,616,384,798
461,459,384,616,617,1317,306,821
461,459,384,616,617,494,821
461,1049,384,616,617,1317,306,821
461,1049,384,616,617,494,821
461,1317,306,821
461,1317,617,494,821
461,459,384,616,617,1317,306,493,494,904
461,459,384,616,617,1317,306,821,494,904
461,459,384,616,617,494,904
461,1049,384,616,617,1317,306,493,494,904
461,1049,384,616,617,1317,306,821,494,904
461,1049,384,616,617,494,904
461,1317,306,493,494,904
461,1317,306,821,494,904
461,1317,617,494,904
461,459,384,935
461,1049,384,935
461,1317,306,493,494,617,616,384,935
461,1317,306,821,494,617,616,384,935
461,1317,617,616,384,935
461,1049
461,1049,1050
461,1317
461,459,384,616,617,1317,1295
461,1049,384,616,617,1317,1295
461,1317,1295
461,459,384,1349
461,1049,384,1349
461,1317,306,493,494,617,616,384,1349
461,1317,306,821,494,617,616,384,1349
461,1317,617,616,384,1349
477,463
482,345
493,494
493,494,821,306,1317,461,459,384,616
493,494,821,306,1317,461,459,276,1049,384,616
493,494,821,306,1317,461,1049,384,616
493,494,821,306,1317,617,616
493,494,617,616
493,494,617,1317,461,459,384,616
493,494,617,1317,461,459,276,1049,384,616
493,494,617,1317,461,1049,384,616
493,306,821,494,617,616
493,306,1317,461,459,384,616
493,306,1317,461,459,276,1049,384,616
493,306,1317,461,1049,384,616
493,306,1317,617,616
493,494,821,306,1317,617
493,494,617
493,306,821,494,617
493,306,1317,617
493,494,821,306,661
493,494,617,616,384,459,276,1049,461,1317,306,661
493,494,617,616,384,459,461,1317,306,661
493,494,617,616,384,1049,461,1317,306,661
493,494,617,1317,306,661
493,306,661
493,494,821,306,1317,461,459,384,674
493,494,821,306,1317,461,459,276,1049,384,674
493,494,821,306,1317,461,1049,384,674
493,494,821,306,1317,617,616,384,674
493,494,617,616,384,674
493,494,617,1317,461,459,384,674
493,494,617,1317,461,459,276,1049,384,674
493,494,617,1317,461,1049,384,674
493,306,821,494,617,616,384,674
493,306,821,494,617,1317,461,459,384,674
493,306,821,494,617,1317,461,459,276,1049,384,674
493,306,821,494,617,1317,461,1049,384,674
493,306,1317,461,459,384,674
493,306,1317,461,459,276,1049,384,674
493,306,1317,461,1049,384,674
493,306,1317,617,616,384,674
493,494,821,306,1317,461,459,384,798
493,494,821,306,1317,461,459,276,1049,384,798
493,494,821,306,1317,461,1049,384,798
493,494,821,306,1317,617,616,384,798
493,494,617,616,384,798
493,494,617,1317,461,459,384,798
493,494,617,1317,461,459,276,1049,384,798
493,494,617,1317,461,1049,384,798
493,306,821,494,617,616,384,798
493,306,821,494,617,1317,461,459,384,798
493,306,821,494,617,1317,461,459,276,1049,384,798
493,306,821,494,617,1317,461,1049,384,798
493,306,1317,461,459,384,798
493,306,1317,461,459,276,1049,384,798
493,306,1317,461,1049,384,798
493,306,1317,617,616,384,798
493,494,821
493,306,821
493,494,904
493,306,821,494,904
493,306,1317,617,494,904
493,494,821,306,1317,461,459,384,935
493,494,821,306,1317,461,459,276,1049,384,935
493,494,821,306,1317,461,1049,384,935
493,494,821,306,1317,617,616,384,935
493,494,617,616,384,935
493,494,617,1317,461,459,384,935
493,494,617,1317,461,459,276,1049,384,935
493,494,617,1317,461,1049,384,935
493,306,821,494,617,616,384,935
493,306,821,494,617,1317,461,459,384,935
493,306,821,494,617,1317,461,459,276,1049,384,935
493,306,821,494,617,1317,461,1049,384,935
493,306,1317,461,459,384,935
493,306,1317,461,459,276,1049,384,935
493,306,1317,461,1049,384,935
493,306,1317,617,616,384,935
493,494,821,306,1317,461,1049
493,494,821,306,1317,617,616,384,1049
493,494,617,616,384,1049
493,494,617,1317,461,1049
493,306,821,494,617,616,384,1049
493,306,821,494,617,1317,461,1049
493,306,1317,461,1049
493,306,1317,617,616,384,1049
493,494,821,306,1317,461,459,384,1049,1050
493,494,821,306,1317,461,459,276,1049,1050
493,494,821,306,1317,461,1049,1050
493,494,821,306,1317,617,616,384,459,276,1049,1050
493,494,821,306,1317,617,616,384,459,461,1049,1050
493,494,821,306,1317,617,616,384,1049,1050
493,494,617,616,384,459,276,1049,1050
493,494,617,616,384,459,461,1049,1050
493,494,617,616,384,1049,1050
493,494,617,1317,461,459,384,1049,1050
493,494,617,1317,461,459,276,1049,1050
493,494,617,1317,461,1049,1050
493,306,821,494,617,616,384,459,276,1049,1050
493,306,821,494,617,616,384,459,461,1049,1050
493,306,821,494,617,616,384,1049,1050
493,306,821,494,617,1317,461,459,384,1049,1050
493,306,821,494,617,1317,461,459,276,1049,1050
493,306,821,494,617,1317,461,1049,1050
493,306,1317,461,459,384,1049,1050
493,306,1317,461,459,276,1049,1050
493,306,1317,461,1049,1050
493,306,1317,617,616,384,459,276,1049,1050
493,306,1317,617,616,384,459,461,1049,1050
493,306,1317,617,616,384,1049,1050
493,494,821,306,1317
493,494,617,1317
493,306,1317
493,494,821,306,1317,1295
493,494,617,616,384,459,276,1049,461,1317,1295
493,494,617,616,384,459,461,1317,1295
493,494,617,616,384,1049,461,1317,1295
493,494,617,1317,1295
493,306,821,494,617,616,384,459,276,1049,461,1317,1295
493,306,821,494,617,616,384,459,461,1317,1295
493,306,821,494,617,616,384,1049,461,1317,1295
493,306,821,494,617,1317,1295
493,306,1317,1295
493,494,821,306,1317,461,459,384,1349
493,494,821,306,1317,461,459,276,1049,384,1349
493,494,821,306,1317,461,1049,384,1349
493,494,821,306,1317,617,616,384,1349
493,494,617,616,384,1349
493,494,617,1317,461,459,384,1349
493,494,617,1317,461,459,276,1049,384,1349
493,494,617,1317,461,1049,384,1349
493,306,821,494,617,616,384,1349
493,306,821,494,617,1317,461,459,384,1349
493,306,821,494,617,1317,461,459,276,1049,384,1349
493,306,821,494,617,1317,461,1049,384,1349
493,306,1317,461,459,384,1349
493,306,1317,461,459,276,1049,384,1349
493,306,1317,461,1049,384,1349
493,306,1317,617,616,384,1349
494,493,306,1317,461,459,384,616
494,493,306,1317,461,459,276,1049,384,616
494,493,306,1317,461,1049,384,616
494,493,306,1317,617,616
494,821,306,1317,461,459,384,616
494,821,306,1317,461,459,276,1049,384,616
494,821,306,1317,461,1049,384,616
494,821,306,1317,617,616
494,617,616
494,617,1317,461,459,384,616
494,617,1317,461,459,276,1049,384,616
494,617,1317,461,1049,384,616
494,617
494,493,306,661
494,821,306,661
494,617,616,384,459,276,1049,461,1317,306,661
494,617,616,384,459,461,1317,306,661
494,617,616,384,1049,461,1317,306,661
494,617,1317,306,661
494,493,306,1317,461,459,384,674
494,493,306,1317,461,459,276,1049,384,674
494,493,306,1317,461,1049,384,674
494,493,306,1317,617,616,384,674
494,821,306,1317,461,459,384,674
494,821,306,1317,461,459,276,1049,384,674
494,821,306,1317,461,1049,384,674
494,821,306,1317,617,616,384,674
494,617,616,384,674
494,617,1317,461,459,384,674
494,617,1317,461,459,276,1049,384,674
494,617,1317,461,1049,384,674
494,493,306,1317,461,459,384,798
494,493,306,1317,461,459,276,1049,384,798
494,493,306,1317,461,1049,384,798
494,493,306,1317,617,616,384,798
494,821,306,1317,461,459,384,798
494,821,306,1317,461,459,276,1049,384,798
494,821,306,1317,461,1049,384,798
494,821,306,1317,617,616,384,798
494,617,616,384,798
494,617,1317,461,459,384,798
494,617,1317,461,459,276,1049,384,798
494,617,1317,461,1049,384,798
494,821
494,904
494,493,306,1317,461,459,384,935
494,493,306,1317,461,459,276,1049,384,935
494,493,306,1317,461,1049,384,935
494,493,306,1317,617,616,384,935
494,821,306,1317,461,459,384,935
494,821,306,1317,461,459,276,1049,384,935
494,821,306,1317,461,1049,384,935
494,821,306,1317,617,616,384,935
494,617,616,384,935
494,617,1317,461,459,384,935
494,617,1317,461,459,276,1049,384,935
494,617,1317,461,1049,384,935
494,493,306,1317,461,1049
494,493,306,1317,617,616,384,1049
494,821,306,1317,461,1049
494,821,306,1317,617,616,384,1049
494,617,616,384,1049
494,617,1317,461,1049
494,493,306,1317,461,459,384,1049,1050
494,493,306,1317,461,459,276,1049,1050
494,493,306,1317,461,1049,1050
494,493,306,1317,617,616,384,459,276,1049,1050
494,493,306,1317,617,616,384,1049,1050
494,821,306,1317,461,459,384,1049,1050
494,821,306,1317,461,459,276,1049,1050
494,821,306,1317,461,1049,1050
494,821,306,1317,617,616,384,459,276,1049,1050
494,821,306,1317,617,616,384,1049,1050
494,617,616,384,459,276,1049,1050
494,617,616,384,459,461,1049,1050
494,617,616,384,1049,1050
494,617,1317,461,459,384,1049,1050
494,617,1317,461,459,276,1049,1050
494,617,1317,461,1049,1050
494,493,306,1317
494,821,306,1317
494,617,1317
494,493,306,1317,1295
494,821,306,1317,1295
494,617,616,384,459,276,1049,461,1317,1295
494,617,616,384,459,461,1317,1295
494,617,616,384,1049,461,1317,1295
494,617,1317,1295
494,493,306,1317,461,459,384,1349
494,493,306,1317,461,459,276,1049,384,1349
494,493,306,1317,461,1049,384,1349
494,493,306,1317,617,616,384,1349
494,821,306,1317,461,459,384,1349
494,821,306,1317,461,459,276,1049,384,1349
494,821,306,1317,461,1049,384,1349
494,821,306,1317,617,616,384,1349
494,617,616,384,1349
494,617,1317,461,459,384,1349
494,617,1317,461,459,276,1049,384,1349
494,617,1317,461,1049,384,1349
511,293,556
511,293,587
511,293,635
511,293,683
511,293,729
511,293,754
511,293,782
511,293,943
511,293,976
511,293,1069
511,293,1126
511,293,1182
511,293,1327
511,293,1342
511,293,1445
511,293,1451
511,293,1491
531,508
531,532
508,531,532
538,539
554,552
554,552,573
552,573
556,293,587
556,293,635
556,293,683
556,293,729
556,293,754
556,293,782
556,293,943
556,293,976
556,293,1069
556,293,1126
556,293,1182
556,293,1327
556,293,1342
556,293,1445
556,293,1451
556,293,1491
558,664
558,664,397,675
558,664,397,677,676,675
558,397,675
558,397,677,676,675
558,676,675
558,676
558,664,397,677
558,397,677
558,676,677
558,664,397,753
558,397,753
558,676,675,397,753
558,676,677,397,753
558,664,397,836
558,397,836
558,676,675,397,836
558,676,677,397,836
558,664,397,675,676,1028
558,664,397,677,676,1028
558,397,675,676,1028
558,397,677,676,1028
558,676,1028
558,664,397,1059
558,397,1059
558,676,675,397,1059
558,676,677,397,1059
558,664,397,1235
558,397,1235
558,676,675,397,1235
558,676,677,397,1235
570,92,1130
570,92,1205
581,582
581,582,1180,1179
581,582,1180
581,582,1180,1040
582,1180,1179
582,1180
582,1180,1040
586,101,1351
587,293,635
587,293,683
587,293,729
587,293,754
587,293,782
587,293,943
587,293,976
587,293,1069
587,293,1126
587,293,1182
587,293,1327
587,293,1342
587,293,1445
587,293,1451
587,293,1491
616,617
616,617,1317,306,661
616,617,494,493,306,661
616,617,494,821,306,661
616,384,459,276,1049,461,1317,306,661
616,384,459,276,1049,461,1317,617,494,821,306,661
616,384,459,461,1317,306,661
616,384,459,461,1317,617,494,821,306,661
616,384,1049,461,1317,306,661
616,384,1049,461,1317,617,494,821,306,661
616,617,1317,461,1049,384,674
616,617,494,493,306,1317,461,1049,384,674
616,617,494,821,306,1317,461,1049,384,674
616,384,674
616,617,1317,461,1049,384,798
616,617,494,493,306,1317,461,1049,384,798
616,617,494,821,306,1317,461,1049,384,798
616,384,798
616,617,1317,306,821
616,617,494,821
616,384,459,276,1049,461,1317,306,821
616,384,459,276,1049,461,1317,617,494,821
616,384,459,461,1317,306,821
616,384,459,461,1317,617,494,821
616,384,1049,461,1317,306,821
616,384,1049,461,1317,617,494,821
616,617,1317,306,493,494,904
616,617,1317,306,821,494,904
616,617,494,904
616,384,459,276,1049,461,1317,306,493,494,904
616,384,459,276,1049,461,1317,306,821,494,904
616,384,459,276,1049,461,1317,617,494,904
616,384,459,461,1317,306,493,494,904
616,384,459,461,1317,306,821,494,904
616,384,459,461,1317,617,494,904
616,384,1049,461,1317,306,493,494,904
616,384,1049,461,1317,306,821,494,904
616,384,1049,461,1317,617,494,904
616,617,1317,461,1049,384,935
616,617,494,493,306,1317,461,1049,384,935
616,617,494,821,306,1317,461,1049,384,935
616,384,935
616,617,1317,461,1049
616,617,494,493,306,1317,461,1049
616,617,494,821,306,1317,461,1049
616,384,1049
616,617,1317,461,459,276,1049,1050
616,617,1317,461,1049,1050
616,617,494,493,306,1317,461,459,276,1049,1050
616,617,494,493,306,1317,461,1049,1050
616,617,494,821,306,1317,461,459,276,1049,1050
616,617,494,821,306,1317,461,1049,1050
616,384,459,276,1049,1050
616,384,459,461,1049,1050
616,384,1049,1050
616,617,1317
616,384,459,276,1049,461,1317
616,384,459,461,1317
616,384,1049,461,1317
616,617,1317,1295
616,617,494,493,306,1317,1295
616,617,494,821,306,1317,1295
616,384,459,276,1049,461,1317,1295
616,384,459,461,1317,1295
616,384,1049,461,1317,1295
616,617,1317,461,1049,384,1349
616,617,494,493,306,1317,461,1049,384,1349
616,617,494,821,306,1317,461,1049,384,1349
616,384,1349
617,1317,306,661
617,494,493,306,661
617,494,821,306,661
617,616,384,674
617,1317,461,459,384,674
617,1317,461,459,276,1049,384,674
617,1317,461,1049,384,674
617,616,384,798
617,1317,461,459,384,798
617,1317,461,459,276,1049,384,798
617,1317,461,1049,384,798
617,1317,306,821
617,494,821
617,1317,306,821,494,904
617,494,904
617,616,384,935
617,1317,461,459,384,935
617,1317,461,459,276,1049,384,935
617,1317,461,1049,384,935
617,616,384,1049
617,1317,461,1049
617,616,384,459,276,1049,1050
617,616,384,459,461,1049,1050
617,616,384,1049,1050
617,1317,461,459,384,1049,1050
617,1317,461,459,276,1049,1050
617,1317,461,1049,1050
617,1317
617,1317,1295
617,616,384,1349
617,1317,461,459,384,1349
617,1317,461,459,276,1049,384,1349
617,1317,461,1049,384,1349
622,164,792
622,164,1191
635,293,683
635,293,729
635,293,754
635,293,782
635,293,943
635,293,976
635,293,1069
635,293,1126
635,293,1182
635,293,1327
635,293,1342
635,293,1445
635,293,1451
635,293,1491
637,638
661,306,493,494,617,616,384,674
661,306,493,494,617,1317,461,459,384,674
661,306,493,494,617,1317,461,459,276,1049,384,674
661,306,493,494,617,1317,461,1049,384,674
661,306,821,494,617,616,384,674
661,306,821,494,617,1317,461,459,384,674
661,306,821,494,617,1317,461,459,276,1049,384,674
661,306,821,494,617,1317,461,1049,384,674
661,306,1317,461,459,384,674
661,306,1317,461,459,276,1049,384,674
661,306,1317,461,1049,384,674
661,306,1317,617,616,384,674
661,306,493,494,617,616,384,798
661,306,493,494,617,1317,461,459,384,798
661,306,493,494,617,1317,461,459,276,1049,384,798
661,306,493,494,617,1317,461,1049,384,798
661,306,821,494,617,616,384,798
661,306,821,494,617,1317,461,459,384,798
661,306,821,494,617,1317,461,459,276,1049,384,798
661,306,821,494,617,1317,461,1049,384,798
661,306,1317,461,459,384,798
661,306,1317,461,459,276,1049,384,798
661,306,1317,461,1049,384,798
661,306,1317,617,616,384,798
661,306,821
661,306,1317,617,494,821
661,306,493,494,904
661,306,821,494,904
661,306,1317,461,459,384,616,617,494,904
661,306,1317,461,459,276,1049,384,616,617,494,904
661,306,1317,461,1049,384,616,617,494,904
661,306,1317,617,494,904
661,306,493,494,617,616,384,935
661,306,493,494,617,1317,461,459,384,935
661,306,493,494,617,1317,461,459,276,1049,384,935
661,306,493,494,617,1317,461,1049,384,935
661,306,821,494,617,616,384,935
661,306,821,494,617,1317,461,459,384,935
661,306,821,494,617,1317,461,459,276,1049,384,935
661,306,821,494,617,1317,461,1049,384,935
661,306,1317,461,459,384,935
661,306,1317,461,459,276,1049,384,935
661,306,1317,461,1049,384,935
661,306,1317,617,616,384,935
661,306,493,494,617,616,384,1049
661,306,493,494,617,1317,461,1049
661,306,821,494,617,616,384,1049
661,306,821,494,617,1317,461,1049
661,306,1317,461,1049
661,306,1317,617,616,384,1049
661,306,493,494,617,616,384,459,276,1049,1050
661,306,493,494,617,616,384,459,461,1049,1050
661,306,493,494,617,616,384,1049,1050
661,306,493,494,617,1317,461,459,384,1049,1050
661,306,493,494,617,1317,461,459,276,1049,1050
661,306,493,494,617,1317,461,1049,1050
661,306,821,494,617,616,384,459,276,1049,1050
661,306,821,494,617,616,384,459,461,1049,1050
661,306,821,494,617,616,384,1049,1050
661,306,821,494,617,1317,461,459,384,1049,1050
661,306,821,494,617,1317,461,459,276,1049,1050
661,306,821,494,617,1317,461,1049,1050
661,306,1317,461,459,384,1049,1050
661,306,1317,461,459,276,1049,1050
661,306,1317,461,1049,1050
661,306,1317,617,616,384,459,276,1049,1050
661,306,1317,617,616,384,459,461,1049,1050
661,306,1317,617,616,384,1049,1050
661,306,1317
661,306,493,494,617,616,384,459,276,1049,461,1317,1295
661,306,493,494,617,616,384,459,461,1317,1295
661,306,493,494,617,616,384,1049,461,1317,1295
661,306,493,494,617,1317,1295
661,306,821,494,617,616,384,459,276,1049,461,1317,1295
661,306,821,494,617,616,384,459,461,1317,1295
661,306,821,494,617,616,384,1049,461,1317,1295
661,306,821,494,617,1317,1295
661,306,1317,1295
661,306,493,494,617,616,384,1349
661,306,493,494,617,1317,461,459,384,1349
661,306,493,494,617,1317,461,459,276,1049,384,1349
661,306,493,494,617,1317,461,1049,384,1349
661,306,821,494,617,616,384,1349
661,306,821,494,617,1317,461,459,384,1349
661,306,821,494,617,1317,461,459,276,1049,384,1349
661,306,821,494,617,1317,461,1049,384,1349
661,306,1317,461,459,384,1349
661,306,1317,461,459,276,1049,384,1349
661,306,1317,461,1049,384,1349
661,306,1317,617,616,384,1349
664,558,676,675
664,397,675
664,397,677,676,675
664,558,676
664,397,675,676
664,397,677,676
664,558,676,677
664,397,677
664,558,676,675,397,753
664,558,676,677,397,753
664,397,753
664,558,676,675,397,836
664,558,676,677,397,836
664,397,836
664,558,676,1028
664,397,675,676,1028
664,397,677,676,1028
664,558,676,675,397,1059
664,558,676,677,397,1059
664,397,1059
664,558,676,675,397,1235
664,558,676,677,397,1235
664,397,1235
674,384,798
674,384,459,276,1049,461,1317,306,821
674,384,459,276,1049,461,1317,617,494,821
674,384,459,461,1317,306,821
674,384,459,461,1317,617,494,821
674,384,616,617,1317,306,821
674,384,616,617,494,821
674,384,1049,461,1317,306,821
674,384,1049,461,1317,617,494,821
674,384,459,276,1049,461,1317,306,493,494,904
674,384,459,276,1049,461,1317,306,821,494,904
674,384,459,276,1049,461,1317,617,494,904
674,384,459,461,1317,306,493,494,904
674,384,459,461,1317,306,821,494,904
674,384,459,461,1317,617,494,904
674,384,616,617,1317,306,493,494,904
674,384,616,617,1317,306,821,494,904
674,384,616,617,494,904
674,384,1049,461,1317,306,493,494,904
674,384,1049,461,1317,306,821,494,904
674,384,1049,461,1317,617,494,904
674,384,935
674,384,1049
674,384,459,276,1049,1050
674,384,459,461,1049,1050
674,384,616,617,1317,461,459,276,1049,1050
674,384,616,617,1317,461,1049,1050
674,384,616,617,494,493,306,1317,461,459,276,1049,1050
674,384,616,617,494,493,306,1317,461,1049,1050
674,384,616,617,494,821,306,1317,461,459,276,1049,1050
674,384,616,617,494,821,306,1317,461,1049,1050
674,384,1049,1050
674,384,459,276,1049,461,1317
674,384,459,461,1317
674,384,616,617,1317
674,384,1049,461,1317
674,384,459,276,1049,461,1317,1295
674,384,459,461,1317,1295
674,384,616,617,1317,1295
674,384,616,617,494,493,306,1317,1295
674,384,616,617,494,821,306,1317,1295
674,384,1049,461,1317,1295
674,384,1349
675,676
675,676,677
675,397,677
675,676,677,397,753
675,397,753
675,676,677,397,836
675,397,836
675,676,1028
675,397,677,676,1028
675,676,677,397,1059
675,397,1059
675,676,677,397,1235
675,397,1235
676,677
676,675,397,753
676,677,397,753
676,558,398,396,397,753
676,558,398,397,753
676,558,664,397,753
676,558,397,753
676,675,397,836
676,677,397,836
676,558,398,396,397,836
676,558,398,397,836
676,558,664,397,836
676,558,397,836
676,1028
676,675,397,1059
676,677,397,1059
676,558,398,396,397,1059
676,558,398,397,1059
676,558,664,397,1059
676,558,397,1059
676,675,397,1235
676,677,397,1235
676,558,398,396,397,1235
676,558,398,397,1235
676,558,664,397,1235
676,558,397,1235
677,397,753
677,397,836
677,676,1028
677,397,1059
677,397,1235
683,293,729
683,293,754
683,293,782
683,293,943
683,293,976
683,293,1069
683,293,1126
683,293,1182
683,293,1327
683,293,1342
683,293,1445
683,293,1451
683,293,1491
684,685
684,685,1476
685,1476
691,692
691,670
691,693
692,691,670
692,691,693
670,691,693
726,232
729,293,754
729,293,782
729,293,943
729,293,976
729,293,1069
729,293,1126
729,293,1182
729,293,1327
729,293,1342
729,293,1445
729,293,1451
729,293,1491
753,397,836
753,397,396,398,558,676,1028
753,397,398,558,676,1028
753,397,664,558,676,1028
753,397,675,676,1028
753,397,677,676,1028
753,397,558,676,1028
753,397,1059
753,397,1235
754,293,782
754,293,943
754,293,976
754,293,1069
754,293,1126
754,293,1182
754,293,1327
754,293,1342
754,293,1445
754,293,1451
754,293,1491
762,763
782,293,943
782,293,976
782,293,1069
782,293,1126
782,293,1182
782,293,1327
782,293,1342
782,293,1445
782,293,1451
782,293,1491
787,788
792,164,1191
798,384,459,276,1049,461,1317,306,821
798,384,459,276,1049,461,1317,617,494,821
798,384,459,461,1317,306,821
798,384,459,461,1317,617,494,821
798,384,616,617,1317,306,821
798,384,616,617,494,821
798,384,1049,461,1317,306,821
798,384,1049,461,1317,617,494,821
798,384,459,276,1049,461,1317,306,493,494,904
798,384,459,276,1049,461,1317,306,821,494,904
798,384,459,276,1049,461,1317,617,494,904
798,384,459,461,1317,306,493,494,904
798,384,459,461,1317,306,821,494,904
798,384,459,461,1317,617,494,904
798,384,616,617,1317,306,493,494,904
798,384,616,617,1317,306,821,494,904
798,384,616,617,494,904
798,384,1049,461,1317,306,493,494,904
798,384,1049,461,1317,306,821,494,904
798,384,1049,461,1317,617,494,904
798,384,935
798,384,1049
798,384,459,276,1049,1050
798,384,459,461,1049,1050
798,384,616,617,1317,461,459,276,1049,1050
798,384,616,617,1317,461,1049,1050
798,384,616,617,494,493,306,1317,461,459,276,1049,1050
798,384,616,617,494,493,306,1317,461,1049,1050
798,384,616,617,494,821,306,1317,461,459,276,1049,1050
798,384,616,617,494,821,306,1317,461,1049,1050
798,384,1049,1050
798,384,459,276,1049,461,1317
798,384,459,461,1317
798,384,616,617,1317
798,384,1049,461,1317
798,384,459,276,1049,461,1317,1295
798,384,459,461,1317,1295
798,384,616,617,1317,1295
798,384,616,617,494,493,306,1317,1295
798,384,616,617,494,821,306,1317,1295
798,384,1049,461,1317,1295
798,384,1349
802,53,54,438,55,1029
802,53,54,1083,55,1029
802,53,54,1083,55,1113,56,1029
802,53,54,1113,56,1029
802,53,54,1113,55,1029
802,53,55,1029
802,53,55,1113,56,1029
802,53,56,1029
802,53,54,1083
802,53,54,1113,55,1083
802,53,55,1083
802,53,56,1029,55,1083
802,53,56,1113,54,1083
802,53,56,1113,55,1083
802,53,54,1113
802,53,55,1113
802,53,56,1113
817,818
817,818,1500
818,1500
821,494,904
821,306,1317,461,459,384,935
821,306,1317,461,459,276,1049,384,935
821,306,1317,461,1049,384,935
821,306,1317,617,616,384,935
821,494,617,616,384,935
821,494,617,1317,461,459,384,935
821,494,617,1317,461,459,276,1049,384,935
821,494,617,1317,461,1049,384,935
821,306,1317,461,1049
821,306,1317,617,616,384,1049
821,494,617,616,384,1049
821,494,617,1317,461,1049
821,306,1317,461,459,384,1049,1050
821,306,1317,461,459,276,1049,1050
821,306,1317,461,1049,1050
821,306,1317,617,616,384,459,276,1049,1050
821,306,1317,617,616,384,459,461,1049,1050
821,306,1317,617,616,384,1049,1050
821,494,617,616,384,459,276,1049,1050
821,494,617,616,384,459,461,1049,1050
821,494,617,616,384,1049,1050
821,494,617,1317,461,459,384,1049,1050
821,494,617,1317,461,459,276,1049,1050
821,494,617,1317,461,1049,1050
821,306,1317
821,494,617,1317
821,306,1317,1295
821,494,617,616,384,459,276,1049,461,1317,1295
821,494,617,616,384,459,461,1317,1295
821,494,617,616,384,1049,461,1317,1295
821,494,617,1317,1295
821,306,1317,461,459,384,1349
821,306,1317,461,459,276,1049,384,1349
821,306,1317,461,1049,384,1349
821,306,1317,617,616,384,1349
821,494,617,616,384,1349
821,494,617,1317,461,459,384,1349
821,494,617,1317,461,459,276,1049,384,1349
821,494,617,1317,461,1049,384,1349
836,397,396,398,558,676,1028
836,397,398,558,676,1028
836,397,664,558,676,1028
836,397,675,676,1028
836,397,677,676,1028
836,397,558,676,1028
836,397,1059
836,397,1235
856,225
858,859
901,176,992
904,494,493,306,1317,461,459,384,935
904,494,493,306,1317,461,459,276,1049,384,935
904,494,493,306,1317,461,1049,384,935
904,494,493,306,1317,617,616,384,935
904,494,821,306,1317,461,459,384,935
904,494,821,306,1317,461,459,276,1049,384,935
904,494,821,306,1317,461,1049,384,935
904,494,821,306,1317,617,616,384,935
904,494,617,616,384,935
904,494,617,1317,461,459,384,935
904,494,617,1317,461,459,276,1049,384,935
904,494,617,1317,461,1049,384,935
904,494,493,306,1317,461,1049
904,494,493,306,1317,617,616,384,1049
904,494,821,306,1317,461,1049
904,494,821,306,1317,617,616,384,1049
904,494,617,616,384,1049
904,494,617,1317,461,1049
904,494,493,306,1317,461,459,384,1049,1050
904,494,493,306,1317,461,459,276,1049,1050
904,494,493,306,1317,461,1049,1050
904,494,493,306,1317,617,616,384,459,276,1049,1050
904,494,493,306,1317,617,616,384,459,461,1049,1050
904,494,493,306,1317,617,616,384,1049,1050
904,494,821,306,1317,461,459,384,1049,1050
904,494,821,306,1317,461,459,276,1049,1050
904,494,821,306,1317,461,1049,1050
904,494,821,306,1317,617,616,384,459,276,1049,1050
904,494,821,306,1317,617,616,384,459,461,1049,1050
904,494,821,306,1317,617,616,384,1049,1050
904,494,617,616,384,459,276,1049,1050
904,494,617,616,384,459,461,1049,1050
904,494,617,616,384,1049,1050
904,494,617,1317,461,459,384,1049,1050
904,494,617,1317,461,459,276,1049,1050
904,494,617,1317,461,1049,1050
904,494,493,306,1317
904,494,821,306,1317
904,494,617,1317
904,494,493,306,1317,1295
904,494,821,306,1317,1295
904,494,617,616,384,459,276,1049,461,1317,1295
904,494,617,616,384,459,461,1317,1295
904,494,617,616,384,1049,461,1317,1295
904,494,617,1317,1295
904,494,493,306,1317,461,459,384,1349
904,494,493,306,1317,461,459,276,1049,384,1349
904,494,493,306,1317,461,1049,384,1349
904,494,493,306,1317,617,616,384,1349
904,494,821,306,1317,461,459,384,1349
904,494,821,306,1317,461,459,276,1049,384,1349
904,494,821,306,1317,461,1049,384,1349
904,494,821,306,1317,617,616,384,1349
904,494,617,616,384,1349
904,494,617,1317,461,459,384,1349
904,494,617,1317,461,459,276,1049,384,1349
904,494,617,1317,461,1049,384,1349
921,825
930,564
933,932
933,424,422,423,1186
932,933,424,422,423,1186
935,384,1049
935,384,459,276,1049,1050
935,384,459,461,1049,1050
935,384,616,617,1317,461,459,276,1049,1050
935,384,616,617,1317,461,1049,1050
935,384,616,617,494,493,306,1317,461,459,276,1049,1050
935,384,616,617,494,493,306,1317,461,1049,1050
935,384,616,617,494,821,306,1317,461,459,276,1049,1050
935,384,616,617,494,821,306,1317,461,1049,1050
935,384,1049,1050
935,384,459,276,1049,461,1317
935,384,459,461,1317
935,384,616,617,1317
935,384,1049,461,1317
935,384,459,276,1049,461,1317,1295
935,384,459,461,1317,1295
935,384,616,617,1317,1295
935,384,616,617,494,493,306,1317,1295
935,384,616,617,494,821,306,1317,1295
935,384,1049,461,1317,1295
935,384,1349
943,293,976
943,293,1069
943,293,1126
943,293,1182
943,293,1327
943,293,1342
943,293,1445
943,293,1451
943,293,1491
951,327,325,989
951,327,325,1019
976,293,1069
976,293,1126
976,293,1182
976,293,1327
976,293,1342
976,293,1445
976,293,1451
976,293,1491
989,325,1019
1000,1001
1000,1001,1125
1001,1125
1020,755
1028,676,675,397,1059
1028,676,677,397,1059
1028,676,558,398,396,397,1059
1028,676,558,398,397,1059
1028,676,558,664,397,1059
1028,676,558,397,1059
1028,676,675,397,1235
1028,676,677,397,1235
1028,676,558,398,396,397,1235
1028,676,558,398,397,1235
1028,676,558,664,397,1235
1028,676,558,397,1235
1029,55,1083
1029,55,1113,54,1083
1029,56,53,54,1083
1029,56,1113,54,1083
1029,56,1113,55,1083
1029,55,1113
1029,56,1113
1031,96,1175
1031,96,1438
1047,268
1049,1050
1049,384,616,617,1317
1049,461,1317
1049,384,616,617,1317,1295
1049,384,616,617,494,493,306,1317,1295
1049,384,616,617,494,821,306,1317,1295
1049,461,1317,1295
1049,384,1349
1050,1049,384,459,461,1317
1050,1049,384,616,617,1317
1050,1049,276,459,384,616,617,1317
1050,1049,276,459,461,1317
1050,1049,461,1317
1050,1049,384,459,461,1317,1295
1050,1049,384,616,617,1317,1295
1050,1049,384,616,617,494,493,306,1317,1295
1050,1049,384,616,617,494,821,306,1317,1295
1050,1049,276,459,384,616,617,1317,1295
1050,1049,276,459,384,616,617,494,493,306,1317,1295
1050,1049,276,459,384,616,617,494,821,306,1317,1295
1050,1049,276,459,461,1317,1295
1050,1049,461,459,384,616,617,1317,1295
1050,1049,461,459,384,616,617,494,493,306,1317,1295
1050,1049,461,459,384,616,617,494,821,306,1317,1295
1050,1049,461,1317,1295
1050,1049,384,1349
1050,1049,276,459,384,1349
1050,1049,276,459,461,1317,306,493,494,617,616,384,1349
1050,1049,276,459,461,1317,306,821,494,617,616,384,1349
1050,1049,276,459,461,1317,617,616,384,1349
1050,1049,461,459,384,1349
1050,1049,461,1317,306,493,494,617,616,384,1349
1050,1049,461,1317,306,821,494,617,616,384,1349
1050,1049,461,1317,617,616,384,1349
1059,397,1235
1069,293,1126
1069,293,1182
1069,293,1327
1069,293,1342
1069,293,1445
1069,293,1451
1069,293,1491
1083,55,1113
1083,54,1113
1100,347
1116,443,1184
1116,62,1184
1126,293,1182
1126,293,1327
1126,293,1342
1126,293,1445
1126,293,1451
1126,293,1491
1130,92,1205
1148,1149
1148,66
1148,314
1149,1148,66
1149,1148,314
66,1148,314
1175,96,1438
1179,1180
1179,1180,1040
1180,1040
1182,293,1327
1182,293,1342
1182,293,1445
1182,293,1451
1182,293,1491
1245,652
1245,231
1245,1164,1289,231
1245,1289,231
1245,1164
1245,1289,1164
1245,1289
652,1245,231
652,1245,1164,1289,231
652,1245,1289,231
652,1245,1164
652,1245,1289,1164
652,1245,1289
231,1245,1164
231,1289,1164
231,1289
1164,1289
1317,1295
1317,461,459,384,1349
1317,461,459,276,1049,384,1349
1317,461,1049,384,1349
1317,617,616,384,1349
1295,1317,306,493,494,617,616,384,1349
1295,1317,306,821,494,617,616,384,1349
1295,1317,461,459,384,1349
1295,1317,461,459,276,1049,384,1349
1295,1317,461,1049,384,1349
1295,1317,617,616,384,1349
1323,961
1327,293,1342
1327,293,1445
1327,293,1451
1327,293,1491
1336,1337
1342,293,1445
1342,293,1451
1342,293,1491
1369,209
1369,1404
209,1369,1404
1414,1087
1421,1215
1445,293,1451
1445,293,1491
1451,293,1491
