4,5
23,24
23,24,642,13,419,51,50
23,24,642,13,419,51,115,52,50
23,24,642,13,419,420,52,50
23,24,642,13,419,420,52,115,51,50
23,24,642,19,419,51,50
23,24,642,19,419,51,115,52,50
23,24,642,19,419,420,52,50
23,24,642,19,419,420,52,115,51,50
23,24,642,13,419,51
23,24,642,13,419,420,52,50,51
23,24,642,13,419,420,52,115,51
23,24,642,19,419,51
23,24,642,19,419,420,52,50,51
23,24,642,19,419,420,52,115,51
23,24,642,13,419,51,50,52
23,24,642,13,419,51,115,52
23,24,642,13,419,420,52
23,24,642,19,419,51,50,52
23,24,642,19,419,51,115,52
23,24,642,19,419,420,52
23,24,642,13,419,51,50,53
23,24,642,13,419,51,115,52,50,53
23,24,642,13,419,420,52,50,53
23,24,642,13,419,420,52,115,51,50,53
23,24,642,19,419,51,50,53
23,24,642,19,419,51,115,52,50,53
23,24,642,19,419,420,52,50,53
23,24,642,19,419,420,52,115,51,50,53
23,24,642,13,419,51,115
23,24,642,13,419,420,52,115
23,24,642,19,419,51,115
23,24,642,19,419,420,52,115
23,24,642,13,419,51,238
23,24,642,13,419,420,52,50,51,238
23,24,642,13,419,420,52,115,51,238
23,24,642,19,419,51,238
23,24,642,19,419,420,52,50,51,238
23,24,642,19,419,420,52,115,51,238
23,24,299
23,24,642,13,419
23,24,642,19,419
23,24,642,13
23,24,642,19,419,13
23,24,642,19
23,24,642,13,419,420
23,24,642,19,419,420
23,24,515
23,24,567
23,24,642
23,24,642,204
24,642,13,419,51,50
24,642,13,419,51,115,52,50
24,642,13,419,420,52,50
24,642,13,419,420,52,115,51,50
24,642,19,419,51,50
24,642,19,419,51,115,52,50
24,642,19,419,420,52,50
24,642,19,419,420,52,115,51,50
24,642,13,419,51
24,642,13,419,420,52,50,51
24,642,13,419,420,52,115,51
24,642,19,419,51
24,642,19,419,420,52,50,51
24,642,19,419,420,52,115,51
24,642,13,419,51,50,52
24,642,13,419,51,115,52
24,642,13,419,420,52
24,642,19,419,51,50,52
24,642,19,419,51,115,52
24,642,19,419,420,52
24,642,13,419,51,50,53
24,642,13,419,51,115,52,50,53
24,642,13,419,420,52,50,53
24,642,13,419,420,52,115,51,50,53
24,642,19,419,51,50,53
24,642,19,419,51,115,52,50,53
24,642,19,419,420,52,50,53
24,642,19,419,420,52,115,51,50,53
24,642,13,419,51,115
24,642,13,419,420,52,115
24,642,19,419,51,115
24,642,19,419,420,52,115
24,642,13,419,51,238
24,642,13,419,420,52,50,51,238
24,642,13,419,420,52,115,51,238
24,642,19,419,51,238
24,642,19,419,420,52,50,51,238
24,642,19,419,420,52,115,51,238
24,299
24,642,13,419
24,642,19,419
24,642,13
24,642,19,419,13
24,642,19
24,642,13,419,420
24,642,19,419,420
24,515
24,567
24,642
24,642,204
28,29
28,29,45
28,29,46,221,47,311,45
28,29,46,276,45
28,29,46,311,45
28,29,46,345,45
28,29,47,221,46,276,45
28,29,47,221,46,345,45
28,29,47,311,45
28,29,47,311,46,276,45
28,29,47,311,46,345,45
28,29,46
28,29,47,221,46
28,29,47,311,46
28,29,47
28,29,102
28,29,45,276,46,221
28,29,45,276,46,311,47,221
28,29,45,311,47,221
28,29,45,311,46,221
28,29,45,345,46,221
28,29,45,345,46,311,47,221
28,29,46,221
28,29,46,311,47,221
28,29,47,221
28,29,45,276
28,29,45,311,46,276
28,29,45,345,46,276
28,29,46,276
28,29,47,221,46,276
28,29,47,221,46,345,45,276
28,29,47,311,45,276
28,29,47,311,45,345,46,276
28,29,47,311,46,276
28,29,45,311
28,29,45,345,46,311
28,29,46,311
28,29,47,311
28,29,45,345
28,29,46,345
28,29,47,221,46,345
28,29,47,311,45,345
28,29,47,311,46,345
29,45
29,46,221,47,311,45
29,46,276,45
29,46,311,45
29,46,345,45
29,47,221,46,276,45
29,47,221,46,345,45
29,47,311,45
29,47,311,46,276,45
29,47,311,46,345,45
29,46
29,47,221,46
29,47,311,46
29,47
29,102
29,45,276,46,221
29,45,276,46,311,47,221
29,45,311,47,221
29,45,311,46,221
29,45,345,46,221
29,45,345,46,311,47,221
29,46,221
29,46,311,47,221
29,47,221
29,45,276
29,45,311,46,276
29,45,345,46,276
29,46,276
29,47,221,46,276
29,47,221,46,345,45,276
29,47,311,45,276
29,47,311,45,345,46,276
29,47,311,46,276
29,45,311
29,45,345,46,311
29,46,311
29,47,311
29,45,345
29,46,345
29,47,221,46,345
29,47,311,45,345
29,47,311,46,345
43,44
45,29,46
45,29,47,221,46
45,29,47,311,46
45,276,46
45,311,47,221,46
45,311,46
45,345,46
45,29,47
45,276,46,29,47
45,276,46,221,47
45,276,46,311,47
45,311,47
45,345,46,29,47
45,345,46,221,47
45,345,46,311,47
45,29,102
45,276,46,29,102
45,276,46,221,47,29,102
45,276,46,311,47,29,102
45,311,47,29,102
45,311,47,221,46,29,102
45,311,46,29,102
45,345,46,29,102
45,345,46,221,47,29,102
45,345,46,311,47,29,102
45,29,46,221
45,29,47,221
45,276,46,221
45,276,46,311,47,221
45,311,47,221
45,311,46,221
45,345,46,221
45,345,46,311,47,221
45,276
45,311,46,276
45,345,46,276
45,311
45,345,46,311
45,345
46,29,47
46,221,47
46,311,47
46,29,102
46,221,47,29,102
46,311,47,29,102
46,221
46,311,47,221
46,276
46,311
46,345
47,29,102
47,221
47,29,45,276
47,29,45,345,46,276
47,29,46,276
47,221,46,276
47,221,46,345,45,276
47,311,45,276
47,311,45,345,46,276
47,311,46,276
47,311
47,29,45,345
47,29,46,345
47,221,46,345
47,311,45,345
47,311,46,345
50,51
50,52,115,51
50,52,420,419,51
50,52
50,53
50,51,115
50,51,419,420,52,115
50,52,115
50,51,238
50,52,115,51,238
50,52,420,419,51,238
50,51,115,52,420,419,13,642,24,299
50,51,115,52,420,419,19,642,24,299
50,51,419,13,642,24,299
50,51,419,19,642,24,299
50,52,115,51,419,13,642,24,299
50,52,115,51,419,19,642,24,299
50,52,420,419,13,642,24,299
50,52,420,419,19,642,24,299
50,51,419
50,52,115,51,419
50,52,420,419
50,51,115,52,420,419,13
50,51,115,52,420,419,19,642,13
50,51,419,13
50,51,419,19,642,13
50,52,115,51,419,13
50,52,115,51,419,19,642,13
50,52,420,419,13
50,52,420,419,19,642,13
50,51,115,52,420,419,19
50,51,419,19
50,52,115,51,419,19
50,52,420,419,19
50,51,115,52,420
50,51,419,420
50,52,420
50,51,115,52,420,419,13,642,24,515
50,51,115,52,420,419,19,642,24,515
50,51,419,13,642,24,515
50,51,419,19,642,24,515
50,52,115,51,419,13,642,24,515
50,52,115,51,419,19,642,24,515
50,52,420,419,13,642,24,515
50,52,420,419,19,642,24,515
50,51,115,52,420,419,13,642,24,567
50,51,115,52,420,419,19,642,24,567
50,51,419,13,642,24,567
50,51,419,19,642,24,567
50,52,115,51,419,13,642,24,567
50,52,115,51,419,19,642,24,567
50,52,420,419,13,642,24,567
50,52,420,419,19,642,24,567
50,51,115,52,420,419,13,642
50,51,115,52,420,419,19,642
50,51,419,13,642
50,51,419,19,642
50,52,115,51,419,13,642
50,52,115,51,419,19,642
50,52,420,419,13,642
50,52,420,419,19,642
50,51,115,52,420,419,13,642,204
50,51,115,52,420,419,19,642,204
50,51,419,13,642,204
50,51,419,19,642,204
50,52,115,51,419,13,642,204
50,52,115,51,419,19,642,204
50,52,420,419,13,642,204
50,52,420,419,19,642,204
51,50,52
51,115,52
51,419,420,52
51,50,53
51,115,52,50,53
51,419,420,52,50,53
51,115
51,419,420,52,115
51,238
51,50,52,420,419,13,642,24,299
51,50,52,420,419,19,642,24,299
51,115,52,420,419,13,642,24,299
51,115,52,420,419,19,642,24,299
51,419,13,642,24,299
51,419,19,642,24,299
51,419
51,50,52,420,419,13
51,50,52,420,419,19,642,13
51,115,52,420,419,13
51,115,52,420,419,19,642,13
51,419,13
51,419,19,642,13
51,50,52,420,419,19
51,115,52,420,419,19
51,419,19
51,50,52,420
51,115,52,420
51,419,420
51,50,52,420,419,13,642,24,515
51,50,52,420,419,19,642,24,515
51,115,52,420,419,13,642,24,515
51,115,52,420,419,19,642,24,515
51,419,13,642,24,515
51,419,19,642,24,515
51,50,52,420,419,13,642,24,567
51,50,52,420,419,19,642,24,567
51,115,52,420,419,13,642,24,567
51,115,52,420,419,19,642,24,567
51,419,13,642,24,567
51,419,19,642,24,567
51,50,52,420,419,13,642
51,50,52,420,419,19,642
51,115,52,420,419,13,642
51,115,52,420,419,19,642
51,419,13,642
51,419,19,642
51,50,52,420,419,13,642,204
51,50,52,420,419,19,642,204
51,115,52,420,419,13,642,204
51,115,52,420,419,19,642,204
51,419,13,642,204
51,419,19,642,204
52,50,53
52,115
52,50,51,238
52,115,51,238
52,420,419,51,238
52,50,51,419,13,642,24,299
52,50,51,419,19,642,24,299
52,115,51,419,13,642,24,299
52,115,51,419,19,642,24,299
52,420,419,13,642,24,299
52,420,419,19,642,24,299
52,50,51,419
52,115,51,419
52,420,419
52,50,51,419,13
52,50,51,419,19,642,13
52,115,51,419,13
52,115,51,419,19,642,13
52,420,419,13
52,420,419,19,642,13
52,50,51,419,19
52,115,51,419,19
52,420,419,19
52,420
52,50,51,419,13,642,24,515
52,50,51,419,19,642,24,515
52,115,51,419,13,642,24,515
52,115,51,419,19,642,24,515
52,420,419,13,642,24,515
52,420,419,19,642,24,515
52,50,51,419,13,642,24,567
52,50,51,419,19,642,24,567
52,115,51,419,13,642,24,567
52,115,51,419,19,642,24,567
52,420,419,13,642,24,567
52,420,419,19,642,24,567
52,50,51,419,13,642
52,50,51,419,19,642
52,115,51,419,13,642
52,115,51,419,19,642
52,420,419,13,642
52,420,419,19,642
52,50,51,419,13,642,204
52,50,51,419,19,642,204
52,115,51,419,13,642,204
52,115,51,419,19,642,204
52,420,419,13,642,204
52,420,419,19,642,204
53,50,51,115
53,50,51,419,420,52,115
53,50,52,115
53,50,51,238
53,50,52,115,51,238
53,50,52,420,419,51,238
53,50,51,115,52,420,419,13,642,24,299
53,50,51,115,52,420,419,19,642,24,299
53,50,51,419,13,642,24,299
53,50,51,419,19,642,24,299
53,50,52,115,51,419,13,642,24,299
53,50,52,115,51,419,19,642,24,299
53,50,52,420,419,13,642,24,299
53,50,52,420,419,19,642,24,299
53,50,51,419
53,50,52,115,51,419
53,50,52,420,419
53,50,51,115,52,420,419,13
53,50,51,115,52,420,419,19,642,13
53,50,51,419,13
53,50,51,419,19,642,13
53,50,52,115,51,419,13
53,50,52,115,51,419,19,642,13
53,50,52,420,419,13
53,50,52,420,419,19,642,13
53,50,51,115,52,420,419,19
53,50,51,419,19
53,50,52,115,51,419,19
53,50,52,420,419,19
53,50,51,115,52,420
53,50,51,419,420
53,50,52,420
53,50,51,115,52,420,419,13,642,24,515
53,50,51,115,52,420,419,19,642,24,515
53,50,51,419,13,642,24,515
53,50,51,419,19,642,24,515
53,50,52,115,51,419,13,642,24,515
53,50,52,115,51,419,19,642,24,515
53,50,52,420,419,13,642,24,515
53,50,52,420,419,19,642,24,515
53,50,51,115,52,420,419,13,642,24,567
53,50,51,115,52,420,419,19,642,24,567
53,50,51,419,13,642,24,567
53,50,51,419,19,642,24,567
53,50,52,115,51,419,13,642,24,567
53,50,52,115,51,419,19,642,24,567
53,50,52,420,419,13,642,24,567
53,50,52,420,419,19,642,24,567
53,50,51,115,52,420,419,13,642
53,50,51,115,52,420,419,19,642
53,50,51,419,13,642
53,50,51,419,19,642
53,50,52,115,51,419,13,642
53,50,52,115,51,419,19,642
53,50,52,420,419,13,642
53,50,52,420,419,19,642
53,50,51,115,52,420,419,13,642,204
53,50,51,115,52,420,419,19,642,204
53,50,51,419,13,642,204
53,50,51,419,19,642,204
53,50,52,115,51,419,13,642,204
53,50,52,115,51,419,19,642,204
53,50,52,420,419,13,642,204
53,50,52,420,419,19,642,204
68,69
79,80
79,329,80
79,186
79,329
79,400
80,79,186
80,329,79,186
80,329
80,79,400
80,329,79,400
88,35
88,35,206
88,35,206,207
88,35,206,207,125
88,35,206,207,222
88,35,206,207,223
35,206
35,206,207
35,206,207,125
35,206,207,222
35,206,207,223
90,91
90,91,528
91,528
102,29,45,276,46,221
102,29,45,276,46,311,47,221
102,29,45,311,47,221
102,29,45,311,46,221
102,29,45,345,46,221
102,29,45,345,46,311,47,221
102,29,46,221
102,29,46,311,47,221
102,29,47,221
102,29,45,276
102,29,45,311,46,276
102,29,45,345,46,276
102,29,46,276
102,29,47,221,46,276
102,29,47,221,46,345,45,276
102,29,47,311,45,276
102,29,47,311,45,345,46,276
102,29,47,311,46,276
102,29,45,311
102,29,45,345,46,311
102,29,46,311
102,29,47,311
102,29,45,345
102,29,46,345
102,29,47,221,46,345
102,29,47,311,45,345
102,29,47,311,46,345
115,52,420,419,51,238
115,51,238
115,52,420,419,13,642,24,299
115,52,420,419,19,642,24,299
115,51,419,13,642,24,299
115,51,419,19,642,24,299
115,52,420,419
115,51,419
115,52,420,419,13
115,52,420,419,19,642,13
115,51,419,13
115,51,419,19,642,13
115,52,420,419,19
115,51,419,19
115,52,420
115,51,419,420
115,52,420,419,13,642,24,515
115,52,420,419,19,642,24,515
115,51,419,13,642,24,515
115,51,419,19,642,24,515
115,52,420,419,13,642,24,567
115,52,420,419,19,642,24,567
115,51,419,13,642,24,567
115,51,419,19,642,24,567
115,52,420,419,13,642
115,52,420,419,19,642
115,51,419,13,642
115,51,419,19,642
115,52,420,419,13,642,204
115,52,420,419,19,642,204
115,51,419,13,642,204
115,51,419,19,642,204
130,123
146,26
146,388
26,146,388
161,162
164,165
164,285,165
164,285
165,285
186,79,329
186,79,400
190,191
190,72
190,192
191,190,72
191,190,192
72,190,192
206,207
206,207,125
206,207,222
206,207,223
207,125
207,222
207,223
209,136
209,454
209,454,452
136,209,454
136,209,454,452
211,212
221,46,276
221,46,311,45,276
221,46,345,45,276
221,47,29,45,276
221,47,311,45,276
221,47,311,45,345,46,276
221,47,311,46,276
221,46,311
221,46,345,45,311
221,47,311
221,46,345
221,47,29,45,345
221,47,311,45,345
221,47,311,46,345
125,207,222
125,207,223
222,207,223
238,51,50,52,420,419,13,642,24,299
238,51,50,52,420,419,19,642,24,299
238,51,115,52,420,419,13,642,24,299
238,51,115,52,420,419,19,642,24,299
238,51,419,13,642,24,299
238,51,419,19,642,24,299
238,51,419
238,51,50,52,420,419,13
238,51,50,52,420,419,19,642,13
238,51,115,52,420,419,13
238,51,115,52,420,419,19,642,13
238,51,419,13
238,51,419,19,642,13
238,51,50,52,420,419,19
238,51,115,52,420,419,19
238,51,419,19
238,51,50,52,420
238,51,115,52,420
238,51,419,420
238,51,50,52,420,419,13,642,24,515
238,51,50,52,420,419,19,642,24,515
238,51,115,52,420,419,13,642,24,515
238,51,115,52,420,419,19,642,24,515
238,51,419,13,642,24,515
238,51,419,19,642,24,515
238,51,50,52,420,419,13,642,24,567
238,51,50,52,420,419,19,642,24,567
238,51,115,52,420,419,13,642,24,567
238,51,115,52,420,419,19,642,24,567
238,51,419,13,642,24,567
238,51,419,19,642,24,567
238,51,50,52,420,419,13,642
238,51,50,52,420,419,19,642
238,51,115,52,420,419,13,642
238,51,115,52,420,419,19,642
238,51,419,13,642
238,51,419,19,642
238,51,50,52,420,419,13,642,204
238,51,50,52,420,419,19,642,204
238,51,115,52,420,419,13,642,204
238,51,115,52,420,419,19,642,204
238,51,419,13,642,204
238,51,419,19,642,204
241,199
273,274
276,46,311
276,46,345,45,311
276,45,311
276,46,345
276,45,345
289,36
299,24,642,13,419
299,24,642,19,419
299,24,642,13
299,24,642,19,419,13
299,24,642,19
299,24,642,13,419,420
299,24,642,19,419,420
299,24,515
299,24,567
299,24,642
299,24,642,204
309,266
311,45,345
311,46,345
313,314
315,316
315,180,349,316
315,180,377,316
315,180
315,316,349
315,316,377,180,349
315,180,349
315,316,377
315,180,377
316,315,180
316,349,180
316,377,180
316,349
316,377,180,349
316,377
180,349
180,377
319,320
329,79,400
331,87
331,87,491
331,87,624
87,491
87,624
334,286
334,98
286,334,98
338,339
342,343
342,60
342,242
343,342,60
343,342,242
60,342,242
349,316,377
349,180,377
357,358
360,176
365,366
365,366,559
366,559
368,231
368,231,614,340,611
368,231,614,340
368,231,614
368,231,614,346
231,614,340,611
231,614,340
231,614
231,614,346
372,373
372,373,324,486
372,373,324
372,373,234
373,324,486
373,324
373,234
386,374
392,393
392,393,431
392,393,544
393,431
393,544
396,267
414,415
414,416
414,131
415,414,416
415,414,131
416,414,131
419,13
419,19,642,13
419,19
419,420
419,13,642,24,515
419,19,642,24,515
419,13,642,24,567
419,19,642,24,567
419,13,642
419,19,642
419,13,642,204
419,19,642,204
13,419,19
13,642,19
13,419,420
13,642,19,419,420
13,419,19,642,24,515
13,642,24,515
13,419,19,642,24,567
13,642,24,567
13,642
13,419,19,642,204
13,642,204
19,419,420
19,642,24,515
19,642,24,567
19,642
19,642,204
420,419,13,642,24,515
420,419,19,642,24,515
420,419,13,642,24,567
420,419,19,642,24,567
420,419,13,642
420,419,19,642
420,419,13,642,204
420,419,19,642,204
431,393,544
454,452
476,477
486,324
486,324,373,234
324,373,234
491,87,624
503,504
515,24,567
515,24,642
515,24,642,204
537,410
567,24,642
567,24,642,204
576,280
611,340
611,340,614
611,340,614,346
340,614
340,614,346
614,346
636,453
642,204
