0 1 1.0
0 2 1.0
3 4 1.0
5 6 1.0
7 8 1.0
9 10 1.0
11 12 1.0
13 14 1.0
15 16 1.0
17 18 1.0
19 20 1.0
21 22 1.0
23 24 1.0
25 26 1.0
27 28 1.0
29 30 1.0
31 32 1.0
33 34 1.0
35 36 1.0
37 6 1.0
38 39 1.0
40 41 1.0
42 43 1.0
44 45 1.0
46 47 1.0
48 49 1.0
50 51 1.0
52 53 1.0
54 55 1.0
56 57 1.0
58 59 1.0
60 61 1.0
62 63 1.0
64 65 1.0
66 67 1.0
68 69 1.0
70 71 1.0
72 73 1.0
74 75 1.0
72 76 1.0
72 77 1.0
78 79 1.0
80 81 1.0
82 83 1.0
84 85 1.0
86 87 1.0
88 89 1.0
90 91 1.0
92 93 1.0
94 95 1.0
96 91 1.0
97 98 1.0
99 65 1.0
100 101 1.0
102 103 1.0
104 105 1.0
82 106 1.0
107 108 1.0
109 110 1.0
111 112 1.0
28 113 1.0
114 115 1.0
116 117 1.0
118 119 1.0
120 87 1.0
121 122 1.0
123 124 1.0
80 125 1.0
126 127 1.0
128 129 1.0
78 130 1.0
131 132 1.0
133 134 1.0
135 136 1.0
137 138 1.0
139 30 1.0
64 140 1.0
141 142 1.0
143 144 1.0
145 146 1.0
147 148 1.0
58 149 1.0
150 151 1.0
152 153 1.0
154 155 1.0
156 157 1.0
158 159 1.0
104 160 1.0
161 162 1.0
163 164 1.0
165 166 1.0
167 168 1.0
169 170 1.0
171 172 1.0
173 174 1.0
175 176 1.0
177 178 1.0
179 63 1.0
180 181 1.0
182 183 1.0
81 184 1.0
185 186 1.0
187 188 1.0
189 190 1.0
191 192 1.0
193 194 1.0
195 87 1.0
196 197 1.0
198 199 1.0
200 201 1.0
202 203 1.0
204 205 1.0
47 206 1.0
207 208 1.0
209 210 1.0
211 212 1.0
213 214 1.0
215 74 1.0
216 217 1.0
218 219 1.0
131 108 1.0
220 221 1.0
222 223 1.0
224 225 1.0
118 226 1.0
227 228 1.0
229 230 1.0
231 232 1.0
233 234 1.0
235 236 1.0
237 2 1.0
238 239 1.0
240 2 1.0
241 242 1.0
243 244 1.0
3 245 1.0
246 247 1.0
248 249 1.0
250 251 1.0
252 253 1.0
254 255 1.0
256 257 1.0
258 259 1.0
260 261 1.0
262 263 1.0
264 214 1.0
265 266 1.0
267 86 1.0
69 268 1.0
269 43 1.0
270 271 1.0
272 273 1.0
274 275 1.0
114 276 1.0
277 278 1.0
279 280 1.0
281 282 1.0
283 284 1.0
285 286 1.0
287 288 1.0
289 86 1.0
290 291 1.0
292 293 1.0
294 295 1.0
296 297 1.0
298 299 1.0
15 300 1.0
301 302 1.0
287 297 1.0
303 132 1.0
99 304 1.0
305 93 1.0
306 307 1.0
308 32 1.0
29 309 1.0
310 311 1.0
312 313 1.0
58 108 1.0
314 315 1.0
9 316 1.0
317 318 1.0
319 320 1.0
321 322 1.0
323 324 1.0
325 326 1.0
327 328 1.0
329 75 1.0
90 330 1.0
331 332 1.0
333 334 1.0
335 336 1.0
82 337 1.0
338 339 1.0
340 190 1.0
54 341 1.0
342 343 1.0
135 344 1.0
345 346 1.0
347 348 1.0
349 59 1.0
350 351 1.0
25 127 1.0
54 352 1.0
353 304 1.0
354 355 1.0
356 357 1.0
358 183 1.0
64 359 1.0
360 361 1.0
362 363 1.0
82 364 1.0
142 365 1.0
343 275 1.0
366 367 1.0
368 369 1.5
370 371 1.0
372 373 1.0
164 374 1.0
375 113 1.0
376 377 1.0
378 379 1.0
380 381 1.0
382 383 1.0
384 385 1.0
386 387 1.0
388 389 1.0
54 390 1.0
317 59 1.0
391 126 1.0
392 393 1.0
107 132 1.0
394 395 1.0
118 396 1.0
397 86 1.0
398 136 1.0
399 400 1.0
401 402 1.0
403 404 1.0
7 26 1.0
240 87 1.0
405 406 1.0
407 408 1.0
202 409 1.0
410 105 1.0
411 87 1.0
327 278 1.0
412 413 1.0
16 414 1.0
46 415 1.0
416 417 1.0
418 419 1.0
267 257 1.0
420 286 1.0
195 421 1.0
422 423 1.0
285 424 1.0
425 426 1.0
427 428 1.0
429 430 1.0
317 431 1.0
432 433 1.0
434 435 1.0
436 437 1.0
438 439 1.0
440 441 1.0
442 443 1.0
444 413 1.0
141 86 1.0
99 445 1.0
446 132 1.0
447 448 1.0
449 450 1.0
451 63 1.0
97 452 1.0
453 454 1.0
455 456 1.0
457 458 1.0
459 307 1.0
460 461 1.0
462 463 1.0
464 465 1.0
466 20 1.0
467 468 1.0
117 469 1.0
470 471 1.0
472 473 1.0
474 87 1.0
467 399 1.0
475 476 1.0
477 32 1.0
478 479 1.0
289 257 1.0
480 481 1.0
80 482 1.0
483 484 1.0
485 486 1.0
132 1 1.0
487 488 1.0
82 489 1.0
490 491 1.0
354 492 1.0
350 493 1.0
494 63 1.0
495 496 1.0
104 497 1.0
498 499 1.0
327 428 1.0
500 501 1.5
502 503 1.0
504 43 1.0
505 506 1.0
139 395 1.0
238 507 1.0
508 509 1.0
510 511 1.0
512 513 1.0
178 514 1.0
515 516 1.0
517 518 1.0
345 519 1.0
520 521 1.0
522 523 1.0
524 525 1.0
526 527 1.0
49 127 1.0
528 529 1.0
530 531 1.0
532 129 1.0
289 117 1.0
31 533 1.0
195 117 1.0
534 210 1.0
535 26 1.0
536 537 1.0
538 539 1.0
132 540 1.0
25 6 1.0
204 541 1.0
542 197 1.0
543 20 1.0
434 544 1.0
545 546 1.0
547 548 1.0
462 203 1.0
233 190 1.0
549 550 1.0
551 552 1.0
553 554 1.0
555 556 1.0
557 20 1.0
434 157 1.0
558 559 1.0
560 561 1.0
562 351 1.0
563 282 1.0
564 20 1.0
27 87 1.0
565 566 1.0
567 568 1.0
569 570 1.0
571 572 1.0
270 573 1.0
574 575 1.0
576 577 1.0
578 579 1.0
574 580 1.0
581 4 1.0
582 205 1.0
0 465 1.0
583 328 1.0
256 186 1.0
584 585 1.0
586 183 1.0
587 588 1.0
289 142 1.0
141 257 1.0
589 590 1.0
591 249 1.0
592 593 1.0
592 594 1.0
595 596 1.0
597 496 1.0
598 537 1.0
459 599 1.0
600 268 1.0
601 602 1.0
603 604 1.0
134 605 1.0
274 606 1.0
118 607 1.0
608 609 1.0
610 1 1.0
455 611 1.0
612 59 1.0
613 26 1.0
99 614 1.0
615 616 1.0
245 617 1.0
238 618 1.0
619 183 1.0
620 621 1.0
530 622 1.0
623 624 1.0
625 486 1.0
626 627 1.0
321 210 1.0
628 629 1.0
592 630 1.0
421 631 1.0
632 633 1.0
634 30 1.0
635 129 1.0
636 346 1.0
637 638 1.0
639 640 1.0
641 20 1.0
642 643 1.0
644 645 1.0
132 421 1.0
118 646 1.0
647 129 1.0
137 361 1.0
648 649 1.0
243 650 1.0
651 652 1.0
653 654 1.0
655 42 1.0
656 657 1.0
658 659 1.0
660 661 1.0
662 20 1.0
663 45 1.0
664 665 1.0
666 667 1.0
668 63 1.0
669 493 1.0
670 210 1.0
671 672 1.0
673 674 1.0
675 676 1.0
370 677 1.0
678 223 1.0
679 680 1.0
681 682 1.0
683 160 1.0
684 685 1.0
686 687 1.0
58 318 1.0
688 1 1.0
689 690 1.0
466 63 1.0
691 692 1.0
693 694 1.0
58 431 1.0
411 695 1.0
696 697 1.0
698 667 1.0
699 421 1.0
700 236 1.0
701 20 1.0
483 667 1.0
434 702 1.0
703 704 1.0
705 706 1.0
707 708 1.0
367 709 1.0
710 711 1.0
712 0 1.0
432 713 1.0
714 715 1.0
716 717 1.0
372 718 1.0
340 719 1.0
720 721 1.0
722 210 1.0
723 724 1.0
725 726 1.0
727 313 1.0
728 729 1.0
120 421 1.0
730 245 1.0
731 431 1.0
732 86 1.0
733 86 1.0
734 735 1.0
671 736 1.0
195 737 1.0
738 739 1.0
740 741 1.0
742 493 1.0
27 257 1.0
743 744 1.0
306 745 1.0
746 747 1.0
746 748 1.0
746 749 1.0
750 143 1.0
751 752 1.0
35 189 1.0
331 753 1.0
754 132 1.0
755 756 1.0
757 20 1.0
758 117 1.0
759 34 1.0
760 761 1.0
5 26 1.0
762 24 1.0
763 764 1.0
208 710 1.0
765 766 1.0
767 219 1.0
768 769 1.0
54 770 1.0
771 640 1.0
465 469 1.0
772 773 1.0
378 774 1.0
765 775 1.0
776 541 1.0
107 240 1.0
777 709 1.0
241 778 1.0
11 779 1.0
767 780 1.0
781 640 1.0
540 782 1.0
27 737 1.0
118 783 1.0
461 784 1.0
785 87 1.0
413 786 1.0
447 787 1.0
767 361 1.0
788 626 1.0
789 676 1.0
240 339 1.0
790 77 1.0
790 76 1.0
683 73 1.0
60 435 1.0
683 77 1.0
791 792 1.0
793 2 1.0
683 76 1.0
794 639 1.0
600 795 1.0
796 59 1.0
603 797 1.0
790 73 1.0
798 488 1.0
799 800 1.0
801 20 1.0
802 803 1.0
804 805 1.0
806 807 1.0
808 205 1.0
809 501 1.5
810 456 1.0
757 219 1.0
301 811 1.0
11 812 1.0
813 278 1.0
814 20 1.0
815 816 1.0
817 177 1.0
818 819 1.0
16 820 1.0
821 84 1.0
822 823 1.0
824 493 1.0
486 825 1.0
9 826 1.0
827 828 1.0
35 829 1.0
830 322 1.0
831 832 1.0
474 421 1.0
384 833 1.0
834 835 1.0
836 837 1.0
838 32 1.0
478 839 1.0
96 330 1.0
840 6 1.0
841 842 1.0
843 844 1.0
845 2 1.0
846 847 1.0
848 330 1.0
171 22 1.0
241 849 1.0
850 851 1.0
852 853 1.0
360 138 1.0
179 20 1.0
606 672 1.0
854 330 1.0
855 856 1.0
841 667 1.0
857 268 1.0
416 858 1.0
264 63 1.0
859 504 1.0
380 860 1.0
116 142 1.0
861 205 1.0
862 105 1.0
863 864 1.0
865 866 1.0
867 4 1.0
868 869 1.0
870 871 1.0
168 172 1.0
767 138 1.0
872 873 1.0
256 87 1.0
874 279 1.0
875 876 1.0
699 339 1.0
877 878 1.0
170 806 1.0
578 879 1.0
335 880 1.0
881 882 1.0
883 32 1.0
447 884 1.0
885 886 1.0
887 519 1.0
466 129 1.0
118 888 1.0
889 890 1.0
891 892 1.0
893 894 1.0
895 896 1.0
897 741 1.0
898 899 1.0
145 335 1.0
900 901 1.0
288 902 1.0
903 904 1.0
436 905 1.0
906 907 1.0
908 627 1.0
909 379 1.0
82 65 1.0
710 910 1.0
911 912 1.0
913 288 1.0
914 40 1.0
915 916 1.0
917 918 1.0
919 70 1.0
407 920 1.0
921 922 1.0
31 74 1.0
923 924 1.0
474 142 1.0
308 533 1.0
796 87 1.0
925 225 1.0
54 926 1.0
586 159 1.0
80 339 1.0
927 928 1.0
578 929 1.0
343 622 1.0
930 87 1.0
158 172 1.0
931 20 1.0
475 932 1.0
923 684 1.0
933 934 1.0
935 936 1.0
895 937 1.0
938 105 1.0
804 239 1.0
407 939 1.0
940 113 1.0
195 86 1.0
204 941 1.0
942 210 1.0
943 944 1.0
99 945 1.0
946 395 1.0
235 159 1.0
947 948 1.0
564 63 1.0
949 30 1.0
600 950 1.0
951 30 1.0
750 364 1.0
952 953 1.0
434 61 1.0
15 954 1.0
955 956 1.0
838 677 1.0
957 533 1.0
958 959 1.0
960 961 1.0
431 469 1.0
962 205 1.0
963 964 1.0
87 421 1.0
298 965 1.0
99 966 1.0
967 6 1.0
968 969 1.0
970 20 1.0
221 792 1.0
971 972 1.0
358 973 1.0
974 32 1.0
548 975 1.0
976 132 1.0
195 339 1.0
977 119 1.0
275 978 1.0
513 979 1.0
980 981 1.0
982 87 1.0
983 346 1.0
984 985 1.0
986 476 1.0
987 928 1.0
988 32 1.0
989 8 1.0
231 878 1.0
104 990 1.0
555 991 1.0
992 514 1.0
238 993 1.0
0 339 1.0
27 2 1.0
48 26 1.0
464 59 1.0
817 994 1.0
498 741 1.0
254 995 1.0
996 997 1.0
431 1 1.0
998 999 1.0
1000 1001 1.0
93 63 1.0
1002 1003 1.0
1004 694 1.0
1005 24 1.0
1006 1007 1.0
1008 1009 1.0
455 1010 1.0
815 435 1.0
1011 1012 1.0
397 132 1.0
637 1013 1.0
868 1014 1.0
838 533 1.0
1015 741 1.0
1016 493 1.0
189 1017 1.0
1018 1019 1.0
209 382 1.0
1020 545 1.0
934 537 1.0
86 1021 1.0
815 1022 1.0
1023 564 1.0
684 6 1.0
1024 1025 1.0
693 596 1.0
1026 856 1.0
1027 205 1.0
70 1028 1.0
1029 41 1.0
459 1030 1.0
1031 1032 1.0
212 3 1.0
238 1033 1.0
1034 654 1.0
58 87 1.0
1035 402 1.0
1036 721 1.0
1037 236 1.0
1038 390 1.0
1039 85 1.0
1040 382 1.0
82 1041 1.0
66 1042 1.0
256 1043 1.0
1044 920 1.0
1045 332 1.0
1046 63 1.0
1047 286 1.0
262 1048 1.0
1049 108 1.0
82 1050 1.0
321 1051 1.0
82 1052 1.0
1053 1054 1.0
1055 605 1.0
1056 1057 1.0
27 413 1.0
114 1058 1.0
1059 282 1.0
1060 1061 1.0
367 400 1.0
1062 395 1.0
1038 1 1.0
1063 1064 1.0
1065 1066 1.0
1067 1068 1.0
187 299 1.0
1069 1070 1.0
1071 439 1.0
1072 75 1.0
86 469 1.0
1073 1074 1.0
1075 1076 1.0
1077 564 1.0
584 1078 1.0
1079 581 1.0
382 1080 1.0
1081 654 1.0
475 753 1.0
1082 1083 1.0
714 1084 1.0
1085 1086 1.0
1087 1088 1.0
1089 61 1.0
104 159 1.0
1090 295 1.0
647 309 1.0
1091 1092 1.0
86 782 1.0
132 2 1.0
1093 43 1.0
1094 1095 1.0
906 1096 1.0
923 1097 1.0
1098 1099 1.0
919 1100 1.0
751 1101 1.0
867 1102 1.0
331 932 1.0
923 1103 1.0
1104 1105 1.0
1106 588 1.0
1107 91 1.0
461 1108 1.0
1109 1110 1.0
906 1111 1.0
1004 596 1.0
405 1112 1.0
1113 1114 1.0
1115 41 1.0
976 86 1.0
1116 640 1.0
1117 395 1.0
1118 1119 1.0
1120 24 1.0
477 43 1.0
1121 73 1.0
1121 77 1.0
1122 1123 1.0
1121 76 1.0
1124 325 1.0
1125 1126 1.0
1127 282 1.0
1128 423 1.0
1129 539 1.0
526 1130 1.0
1131 124 1.0
283 1132 1.0
610 782 1.0
1133 1134 1.0
619 1135 1.0
349 186 1.0
1136 1137 1.0
597 1138 1.0
1139 61 1.0
1140 1108 1.0
1141 1142 1.0
343 441 1.0
235 774 1.0
824 640 1.0
1143 309 1.0
1144 1145 1.0
145 880 1.0
35 1146 1.0
1104 316 1.0
267 108 1.0
1147 86 1.0
1148 481 1.0
1149 1150 1.0
530 672 1.0
435 1151 1.0
1152 493 1.0
1089 816 1.0
845 142 1.0
731 318 1.0
1153 717 1.0
118 1154 1.0
1155 1156 1.0
120 482 1.0
760 1157 1.0
1115 1158 1.0
1159 580 1.0
1160 162 1.0
1159 575 1.0
340 1161 1.0
960 1162 1.0
850 1163 1.0
384 1164 1.0
733 257 1.0
1075 346 1.0
474 2 1.0
1165 654 1.0
930 80 1.0
1166 1167 1.0
1168 1169 1.0
1170 516 1.0
1171 654 1.0
474 117 1.0
1172 1173 1.0
256 86 1.0
1174 351 1.0
156 1175 1.0
54 86 1.0
1176 1177 1.0
342 530 1.0
66 1178 1.0
1179 1180 1.0
274 1181 1.0
252 1182 1.0
1183 1184 1.0
1185 1186 1.0
432 1187 1.0
1188 1189 1.0
82 607 1.0
1190 142 1.0
1191 24 1.0
298 1192 1.0
1193 87 1.0
868 1194 1.0
182 159 1.0
1195 1196 1.0
64 489 1.0
731 87 1.0
1197 1198 1.0
384 304 1.0
1199 151 1.0
86 540 1.0
54 1200 1.0
317 186 1.0
478 1201 1.0
187 1202 1.0
1203 844 1.0
1204 856 1.0
1205 1206 1.0
1207 898 1.0
1208 1209 1.0
1210 1211 1.0
928 1212 1.0
338 469 1.0
1213 493 1.0
1214 1215 1.0
1216 1217 1.0
1218 1182 1.0
1219 1220 1.0
1221 1222 1.0
384 1223 1.0
895 1224 1.0
737 518 1.0
1225 63 1.0
895 778 1.0
87 469 1.0
868 1226 1.0
817 75 1.0
734 1227 1.0
600 1228 1.0
1229 322 1.0
1230 1064 1.0
378 236 1.0
1231 210 1.0
793 257 1.0
207 959 1.0
1089 197 1.0
260 1232 1.0
1233 73 1.0
1234 295 1.0
946 309 1.0
1233 76 1.0
1233 77 1.0
303 86 1.0
1235 1236 1.0
478 1237 1.0
1238 1239 1.0
781 351 1.0
1240 428 1.0
1241 183 1.0
1242 1243 1.0
1244 564 1.0
420 424 1.0
431 421 1.0
1245 1182 1.0
1246 876 1.0
802 1247 1.0
895 1248 1.0
118 1249 1.0
19 882 1.0
1250 1251 1.0
1252 247 1.0
1253 1254 1.0
1255 143 1.0
703 1256 1.0
1257 206 1.0
1258 1259 1.0
1260 26 1.0
644 1261 1.0
15 322 1.0
218 138 1.0
988 533 1.0
1262 1263 1.0
1152 682 1.0
1264 20 1.0
195 1200 1.0
854 91 1.0
317 142 1.0
1034 1265 1.0
1040 1266 1.0
865 1267 1.0
134 1268 1.0
1069 1269 1.0
1075 1156 1.0
360 780 1.0
1270 240 1.0
1271 1272 1.0
1273 995 1.0
171 159 1.0
465 421 1.0
212 93 1.0
714 1274 1.0
1275 986 1.0
1276 1277 1.0
1278 1108 1.0
1279 1280 1.0
1281 210 1.0
246 1007 1.0
1049 86 1.0
281 994 1.0
569 1282 1.0
68 183 1.0
54 1283 1.0
1284 1285 1.0
1069 1286 1.0
795 379 1.0
121 1287 1.0
1288 1289 1.0
642 948 1.0
94 1290 1.0
1291 1121 1.0
1292 493 1.0
82 1064 1.0
1293 332 1.0
1294 1222 1.0
283 1295 1.0
58 796 1.0
1296 1297 1.0
217 232 1.0
237 132 1.0
1298 1287 1.0
333 485 1.0
1299 1300 1.0
1301 986 1.0
1059 994 1.0
796 86 1.0
1302 934 1.0
919 1303 1.0
1304 588 1.0
1305 509 1.0
240 482 1.0
1306 88 1.0
1307 1151 1.0
1308 916 1.0
731 59 1.0
569 1309 1.0
70 1310 1.0
1311 1312 1.0
195 1313 1.0
405 741 1.0
746 1314 1.0
746 1315 1.0
1316 851 1.0
857 159 1.0
1317 1318 1.0
405 856 1.0
1319 30 1.0
1320 1321 1.0
746 1322 1.0
1311 1323 1.0
746 1324 1.0
58 132 1.0
1325 86 1.0
1326 1327 1.0
569 1328 1.0
1329 1330 1.0
1199 32 1.0
1331 575 1.0
238 1332 1.0
1331 580 1.0
520 1333 1.0
1063 602 1.0
349 1334 1.0
64 1335 1.0
358 379 1.0
1336 979 1.0
1337 1338 1.0
1339 1007 1.0
814 336 1.0
331 424 1.0
1340 1341 1.0
1342 365 1.0
283 1343 1.0
1344 472 1.0
1284 122 1.0
1345 577 1.0
1346 1347 1.0
1280 1348 1.0
1284 1095 1.0
794 381 1.0
1349 423 1.0
1350 313 1.0
1351 616 1.0
583 278 1.0
1352 1353 1.0
818 932 1.0
964 1354 1.0
421 2 1.0
118 1255 1.0
235 973 1.0
1355 676 1.0
48 5 1.0
560 554 1.0
254 1323 1.0
1356 1357 1.0
1358 1359 1.0
19 336 1.0
1141 990 1.0
1284 1360 1.0
17 991 1.0
185 59 1.0
1361 30 1.0
906 1362 1.0
845 257 1.0
1363 395 1.0
1364 1365 1.0
1366 1180 1.0
321 1367 1.0
59 87 1.0
688 339 1.0
1368 632 1.0
185 86 1.0
1369 1370 1.0
515 25 1.0
442 1371 1.0
1372 588 1.0
583 428 1.0
321 1373 1.0
1374 1375 1.0
1376 1377 1.0
732 132 1.0
1378 1108 1.0
1379 1380 1.0
241 1224 1.0
31 371 1.0
542 157 1.0
243 1381 1.0
442 1382 1.0
777 367 1.0
1383 1384 1.0
138 709 1.0
1385 1386 1.0
137 780 1.0
1387 1388 1.0
807 473 1.0
460 893 1.0
331 1389 1.0
669 351 1.0
1390 1391 1.0
1392 1393 1.0
1394 819 1.0
656 1395 1.0
1396 219 1.0
1397 251 1.0
368 1398 1.5
82 1399 1.0
420 753 1.0
1400 119 1.0
1311 1401 1.0
50 1156 1.0
1402 1403 1.0
1404 205 1.0
1405 1406 1.0
1407 1182 1.0
1408 371 1.0
1409 1410 1.0
99 1411 1.0
508 1359 1.0
664 1412 1.0
520 1413 1.0
848 45 1.0
452 63 1.0
1077 1414 1.0
131 257 1.0
949 20 1.0
478 1415 1.0
280 43 1.0
771 381 1.0
1416 1417 1.0
1418 672 1.0
1419 1007 1.0
1420 658 1.0
262 1421 1.0
508 1180 1.0
1422 1064 1.0
1423 1424 1.0
1425 1426 1.0
107 257 1.0
1427 1428 1.0
992 269 1.0
1165 24 1.0
872 1429 1.0
1430 978 1.0
1431 1138 1.0
1432 1433 1.0
154 1138 1.0
0 421 1.0
71 1434 1.0
540 695 1.0
1435 1436 1.0
118 65 1.0
407 1437 1.0
1438 339 1.0
1280 1439 1.0
660 1440 1.0
1441 379 1.0
464 431 1.0
1442 421 1.0
1292 381 1.0
417 367 1.0
1443 142 1.0
327 1444 1.0
1445 1446 1.0
1447 493 1.0
1448 628 1.0
1449 747 1.0
1450 1451 1.0
1452 823 1.0
1449 748 1.0
0 87 1.0
1449 749 1.0
107 785 1.0
515 989 1.0
34 63 1.0
1453 395 1.0
1454 1455 1.0
868 1456 1.0
1457 1458 1.0
195 142 1.0
1459 1265 1.0
1460 1461 1.0
5 1462 1.0
1463 351 1.0
283 1464 1.0
1406 393 1.0
1465 1466 1.0
1467 1468 1.0
1469 1470 1.0
1467 1471 1.0
1467 1472 1.0
1467 1473 1.0
121 1474 1.0
99 1338 1.0
1475 1476 1.0
977 1477 1.0
1478 957 1.0
1479 1480 1.0
1481 1482 1.0
1160 320 1.0
1483 357 1.0
1484 1485 1.0
145 136 1.0
703 1486 1.0
1487 0 1.0
1488 183 1.0
513 1489 1.0
1490 1491 1.0
1258 1492 1.0
1354 1493 1.0
619 1285 1.0
895 242 1.0
1494 347 1.0
235 183 1.0
1495 1496 1.0
1497 1498 1.0
1038 318 1.0
1499 1500 1.0
1501 1502 1.0
141 59 1.0
1503 811 1.0
1504 239 1.0
1505 45 1.0
1365 334 1.0
642 986 1.0
446 186 1.0
156 61 1.0
758 132 1.0
1400 1506 1.0
460 1278 1.0
1460 1507 1.0
1508 1509 1.0
1179 509 1.0
420 932 1.0
1510 1511 1.0
474 59 1.0
1284 355 1.0
1273 1401 1.0
1512 1513 1.0
370 1514 1.0
1515 1148 1.0
1016 351 1.0
200 499 1.0
1516 503 1.0
1372 910 1.0
1284 492 1.0
187 1517 1.0
1100 346 1.0
233 1518 1.0
1179 1519 1.0
1520 1521 1.0
186 257 1.0
1522 1261 1.0
590 469 1.0
911 1523 1.0
1524 1095 1.0
1525 332 1.0
1526 1138 1.0
1527 1528 1.0
99 226 1.0
906 1423 1.0
196 61 1.0
35 1529 1.0
558 990 1.0
1238 1530 1.0
432 1531 1.0
1432 144 1.0
150 32 1.0
27 1532 1.0
1533 1534 1.0
1535 206 1.0
1536 503 1.0
74 1304 1.0
135 1537 1.0
99 1538 1.0
1539 20 1.0
1179 1359 1.0
1540 1541 1.0
802 1542 1.0
35 1543 1.0
900 1544 1.0
1545 1546 1.0
1547 1548 1.0
1549 159 1.0
156 197 1.0
1550 1551 1.0
1552 587 1.0
397 59 1.0
82 119 1.0
1553 43 1.0
1554 1555 1.0
345 1303 1.0
734 1556 1.0
58 940 1.0
494 1557 1.0
1075 792 1.0
1558 920 1.0
1559 667 1.0
444 132 1.0
1560 1561 1.0
555 400 1.0
637 1562 1.0
238 920 1.0
257 695 1.0
589 1563 1.0
1564 1565 1.0
1566 322 1.0
191 1567 1.0
1568 322 1.0
464 87 1.0
1569 1570 1.0
666 1571 1.0
1572 122 1.0
1573 322 1.0
1213 640 1.0
132 87 1.0
1574 635 1.0
94 1575 1.0
1438 421 1.0
1083 710 1.0
1040 322 1.0
1576 1577 1.0
1578 1579 1.0
1580 395 1.0
603 1581 1.0
1363 309 1.0
603 1582 1.0
974 477 1.0
963 1583 1.0
1584 823 1.0
589 257 1.0
1585 395 1.0
1586 346 1.0
1587 1588 1.0
1589 483 1.0
732 2 1.0
1339 493 1.0
64 833 1.0
345 1590 1.0
1075 1591 1.0
1592 1353 1.0
1273 1312 1.0
1062 309 1.0
1593 1007 1.0
1594 63 1.0
600 492 1.0
925 1595 1.0
892 1596 1.0
1597 1541 1.0
156 435 1.0
688 87 1.0
1549 1511 1.0
1598 1599 1.0
1242 1432 1.0
992 1372 1.0
186 2 1.0
805 239 1.0
1527 1600 1.0
92 335 1.0
1601 1602 1.0
1603 1604 1.0
1605 34 1.0
1606 1607 1.0
97 1303 1.0
1242 1608 1.0
1364 1609 1.0
494 19 1.0
1610 1611 1.0
447 183 1.0
1612 330 1.0
1613 686 1.0
1614 1615 1.0
1341 170 1.0
107 465 1.0
1616 22 1.0
895 1617 1.0
1045 753 1.0
345 1618 1.0
1427 1054 1.0
1547 1619 1.0
368 1620 1.5
487 61 1.0
1621 322 1.0
262 1622 1.0
1623 1624 1.0
671 1023 1.0
837 756 1.0
17 367 1.0
204 1625 1.0
532 30 1.0
1626 1627 1.0
1628 506 1.0
1366 406 1.0
321 1629 1.0
989 26 1.0
1630 1631 1.0
196 702 1.0
101 219 1.0
1632 330 1.0
1633 503 1.0
1000 278 1.0
1634 63 1.0
1635 1636 1.0
1637 739 1.0
82 1638 1.0
474 469 1.0
478 1639 1.0
1204 1179 1.0
137 219 1.0
68 159 1.0
247 493 1.0
262 920 1.0
195 59 1.0
754 186 1.0
757 367 1.0
1640 30 1.0
450 1641 1.0
1171 1158 1.0
579 819 1.0
1642 178 1.0
277 328 1.0
1643 1644 1.0
957 371 1.0
378 1285 1.0
1339 860 1.0
1160 435 1.0
537 667 1.0
262 1645 1.0
490 1646 1.0
109 1647 1.0
1648 1649 1.0
1650 588 1.0
1216 1651 1.0
314 223 1.0
578 1652 1.0
96 45 1.0
1349 539 1.0
1075 1653 1.0
1654 400 1.0
1655 295 1.0
1656 1468 1.0
1438 1 1.0
1656 1471 1.0
1656 1472 1.0
1657 1658 1.0
1656 1473 1.0
1040 1659 1.0
1139 157 1.0
1660 1661 1.0
887 1303 1.0
1662 1663 1.0
1664 991 1.0
1616 1078 1.0
794 493 1.0
264 1551 1.0
951 395 1.0
1665 1666 1.0
1420 205 1.0
791 1667 1.0
1630 1668 1.0
791 1254 1.0
1669 1553 1.0
872 493 1.0
1089 702 1.0
1147 108 1.0
1055 1268 1.0
887 346 1.0
664 979 1.0
1632 91 1.0
137 63 1.0
62 19 1.0
1040 210 1.0
1670 24 1.0
1010 1671 1.0
1672 1673 1.0
1442 695 1.0
895 808 1.0
262 1674 1.0
703 1675 1.0
1676 1677 1.0
19 1138 1.0
74 371 1.0
757 63 1.0
1394 1678 1.0
194 1485 1.0
1679 1680 1.0
331 819 1.0
80 413 1.0
1594 20 1.0
1681 1682 1.0
427 278 1.0
217 878 1.0
1683 1684 1.0
641 129 1.0
1685 882 1.0
1664 780 1.0
508 406 1.0
758 86 1.0
1686 322 1.0
1687 1688 1.0
489 143 1.0
1503 302 1.0
464 940 1.0
1689 1108 1.0
378 268 1.0
411 421 1.0
1690 1360 1.0
436 1691 1.0
80 108 1.0
191 1692 1.0
511 205 1.0
1693 1694 1.0
175 1695 1.0
1174 381 1.0
429 1336 1.0
1276 1696 1.0
104 1697 1.0
1698 801 1.0
252 1407 1.0
1699 1700 1.0
1634 138 1.0
35 1701 1.0
283 1702 1.0
668 991 1.0
342 1703 1.0
1704 441 1.0
1457 70 1.0
52 1705 1.0
710 43 1.0
1706 1707 1.0
1708 1709 1.0
1710 43 1.0
562 640 1.0
1711 26 1.0
668 858 1.0
287 554 1.0
707 1017 1.0
1712 1108 1.0
370 32 1.0
118 1400 1.0
686 192 1.0
1224 210 1.0
1522 395 1.0
1713 105 1.0
656 1714 1.0
1205 506 1.0
830 676 1.0
195 518 1.0
1715 1300 1.0
1370 43 1.0
930 59 1.0
1716 882 1.0
499 1112 1.0
1717 45 1.0
145 1718 1.0
589 132 1.0
1719 564 1.0
343 978 1.0
1320 1720 1.0
208 75 1.0
737 87 1.0
578 1721 1.0
158 1722 1.0
1513 268 1.0
1723 1724 1.0
1325 108 1.0
80 431 1.0
402 860 1.0
1355 322 1.0
923 1725 1.0
254 1726 1.0
368 1727 1.5
80 2 1.0
732 257 1.0
857 1285 1.0
1545 1728 1.0
1729 1730 1.0
82 157 1.0
1047 819 1.0
158 1731 1.0
1512 577 1.0
662 309 1.0
1732 379 1.0
207 1083 1.0
401 381 1.0
1147 59 1.0
600 1733 1.0
1734 1735 1.0
431 2 1.0
1736 1737 1.0
490 672 1.0
1738 1739 1.0
1740 709 1.0
1741 49 1.0
402 247 1.0
883 533 1.0
1742 24 1.0
478 1743 1.0
589 982 1.0
1744 882 1.0
1745 1746 1.0
517 318 1.0
487 1747 1.0
46 1748 1.0
868 364 1.0
396 792 1.0
1749 1468 1.0
1258 1750 1.0
303 108 1.0
1015 1751 1.0
1749 1472 1.0
699 2 1.0
1749 1471 1.0
528 667 1.0
895 564 1.0
1587 1752 1.0
1753 1754 1.0
1755 1642 1.0
1141 105 1.0
21 183 1.0
161 320 1.0
1157 1756 1.0
52 1757 1.0
209 322 1.0
1758 1759 1.0
1760 1761 1.0
1762 219 1.0
384 1763 1.0
1764 1765 1.0
1179 572 1.0
824 351 1.0
1284 159 1.0
58 465 1.0
1443 87 1.0
861 1766 1.0
1767 458 1.0
354 1768 1.0
1769 746 1.0
1246 1770 1.0
1075 51 1.0
662 63 1.0
487 157 1.0
118 1771 1.0
648 151 1.0
838 1772 1.0
1773 1774 1.0
1438 87 1.0
1636 450 1.0
1775 844 1.0
931 63 1.0
1166 1776 1.0
114 1777 1.0
1364 485 1.0
27 1778 1.0
358 236 1.0
838 151 1.0
1104 826 1.0
1779 1780 1.0
1781 1244 1.0
33 20 1.0
1218 1782 1.0
1783 1044 1.0
1784 1785 1.0
1786 561 1.0
356 473 1.0
1717 330 1.0
955 1787 1.0
251 1788 1.0
358 159 1.0
1789 1790 1.0
64 1791 1.0
285 1389 1.0
1276 322 1.0
237 257 1.0
1792 698 1.0
1057 127 1.0
407 239 1.0
1793 1794 1.0
283 1795 1.0
949 223 1.0
1438 2 1.0
478 1796 1.0
1061 395 1.0
1797 1798 1.0
231 627 1.0
431 87 1.0
70 1799 1.0
897 1112 1.0
1382 907 1.0
1800 1489 1.0
1801 1802 1.0
600 379 1.0
1450 1803 1.0
317 86 1.0
139 309 1.0
1670 1804 1.0
156 1064 1.0
668 219 1.0
760 1805 1.0
86 2 1.0
878 627 1.0
1527 1806 1.0
169 1807 1.0
195 318 1.0
949 309 1.0
150 477 1.0
1808 462 1.0
118 1809 1.0
1810 113 1.0
1614 1811 1.0
1812 1813 1.0
714 1814 1.0
1815 87 1.0
1816 1817 1.0
1117 129 1.0
837 1818 1.0
1819 1820 1.0
99 1821 1.0
1499 1822 1.0
145 1653 1.0
1823 697 1.0
1497 1824 1.0
289 108 1.0
80 87 1.0
102 1404 1.0
1825 1126 1.0
1634 361 1.0
959 1826 1.0
54 1 1.0
1045 932 1.0
407 1827 1.0
1828 1169 1.0
145 1829 1.0
60 197 1.0
1830 1831 1.0
794 351 1.0
321 1832 1.0
615 629 1.0
1833 1834 1.0
1835 210 1.0
1833 1836 1.0
356 472 1.0
1837 1838 1.0
992 910 1.0
240 421 1.0
701 882 1.0
967 127 1.0
1839 617 1.0
49 6 1.0
27 1487 1.0
1306 1840 1.0
182 1285 1.0
1216 1841 1.0
1842 1485 1.0
1843 129 1.0
1844 627 1.0
342 1845 1.0
1846 219 1.0
1847 26 1.0
515 26 1.0
1096 1111 1.0
569 1848 1.0
714 1849 1.0
405 1850 1.0
474 1200 1.0
1851 351 1.0
252 1428 1.0
635 30 1.0
1852 1746 1.0
407 1853 1.0
848 91 1.0
1854 395 1.0
1855 1856 1.0
138 991 1.0
186 338 1.0
1015 1850 1.0
1857 1858 1.0
1859 1860 1.0
1252 381 1.0
1062 1261 1.0
186 1 1.0
1504 805 1.0
1861 250 1.0
1862 393 1.0
338 431 1.0
1253 907 1.0
1075 519 1.0
664 1863 1.0
1864 197 1.0
54 469 1.0
757 361 1.0
1865 1866 1.0
660 1867 1.0
1868 1433 1.0
1753 1604 1.0
1264 1700 1.0
455 1869 1.0
17 63 1.0
1870 151 1.0
40 1265 1.0
118 489 1.0
1871 1055 1.0
926 1872 1.0
600 1873 1.0
238 93 1.0
1874 76 1.0
368 1875 1.5
1874 77 1.0
1874 73 1.0
698 1074 1.0
27 1 1.0
1876 1737 1.0
156 544 1.0
1877 1485 1.0
1678 667 1.0
1354 1878 1.0
1879 433 1.0
1880 1232 1.0
54 318 1.0
1881 564 1.0
1882 739 1.0
44 91 1.0
1883 282 1.0
1884 1885 1.0
1856 1886 1.0
1887 20 1.0
668 361 1.0
1015 1888 1.0
1889 1890 1.0
1891 882 1.0
1892 1716 1.0
1038 1893 1.0
1383 1894 1.0
80 132 1.0
368 1895 1.5
660 1896 1.0
1049 59 1.0
1284 1616 1.0
1087 1897 1.0
1898 1744 1.0
1527 1899 1.0
1006 640 1.0
1900 1074 1.0
1545 1901 1.0
487 20 1.0
1311 1726 1.0
27 1200 1.0
578 1525 1.0
703 1902 1.0
758 257 1.0
372 1861 1.0
1640 129 1.0
1903 3 1.0
737 465 1.0
736 146 1.0
487 435 1.0
1488 1904 1.0
1905 1469 1.0
465 87 1.0
1906 210 1.0
1907 151 1.0
420 819 1.0
1908 1909 1.0
1910 295 1.0
52 1911 1.0
407 1912 1.0
1913 640 1.0
810 1914 1.0
817 1915 1.0
405 1888 1.0
912 1916 1.0
455 1752 1.0
1917 1918 1.0
213 18 1.0
118 1919 1.0
1141 1920 1.0
1921 1922 1.0
1311 995 1.0
1923 45 1.0
1352 1756 1.0
270 452 1.0
957 1772 1.0
1597 541 1.0
257 87 1.0
1924 450 1.0
1925 1804 1.0
1926 1927 1.0
368 1928 1.5
868 1929 1.0
1284 1768 1.0
412 86 1.0
1419 247 1.0
1930 1931 1.0
1932 210 1.0
213 138 1.0
707 1933 1.0
50 1076 1.0
1934 1754 1.0
54 1038 1.0
1935 1485 1.0
810 1936 1.0
1475 105 1.0
1937 948 1.0
495 1138 1.0
335 882 1.0
1938 322 1.0
1939 1782 1.0
1940 458 1.0
1170 515 1.0
1941 853 1.0
1087 1942 1.0
1943 309 1.0
213 361 1.0
1540 541 1.0
1913 247 1.0
1944 841 1.0
1945 1751 1.0
658 541 1.0
1946 85 1.0
1358 1180 1.0
1947 1948 1.0
367 556 1.0
1949 1950 1.0
354 1095 1.0
1951 1158 1.0
17 858 1.0
1568 1168 1.0
331 476 1.0
1362 1423 1.0
610 390 1.0
662 223 1.0
1952 998 1.0
215 957 1.0
1087 1953 1.0
1045 819 1.0
399 556 1.0
325 1954 1.0
1329 1955 1.0
1956 1308 1.0
879 476 1.0
869 1169 1.0
1654 556 1.0
190 1114 1.0
1148 577 1.0
798 197 1.0
340 1957 1.0
397 257 1.0
1958 43 1.0
846 1611 1.0
21 159 1.0
1047 1389 1.0
252 297 1.0
1959 247 1.0
158 1285 1.0
641 63 1.0
1270 339 1.0
1960 565 1.0
1961 1962 1.0
1408 1772 1.0
1311 255 1.0
538 423 1.0
1664 556 1.0
64 304 1.0
1923 330 1.0
64 1255 1.0
1963 26 1.0
1926 1964 1.0
1965 1966 1.0
731 132 1.0
689 1348 1.0
293 292 1.0
1141 1967 1.0
1457 919 1.0
298 1968 1.0
1580 1261 1.0
1969 1945 1.0
425 1970 1.0
121 1971 1.0
1764 1972 1.0
700 1973 1.0
857 183 1.0
810 1974 1.0
1975 1976 1.0
1005 1265 1.0
517 87 1.0
1594 1700 1.0
1977 1850 1.0
1978 278 1.0
962 541 1.0
1069 1979 1.0
1016 640 1.0
1980 1236 1.0
1981 1473 1.0
126 6 1.0
317 87 1.0
1982 20 1.0
1983 1182 1.0
1443 132 1.0
1937 986 1.0
1984 1985 1.0
1756 34 1.0
1983 1054 1.0
121 1986 1.0
455 1974 1.0
317 149 1.0
1066 1710 1.0
1383 1987 1.0
1096 1988 1.0
1989 575 1.0
1989 580 1.0
1990 1991 1.0
384 1992 1.0
1993 1112 1.0
731 108 1.0
9 463 1.0
1994 1138 1.0
50 880 1.0
1404 541 1.0
1447 860 1.0
382 830 1.0
586 268 1.0
1995 1833 1.0
54 1996 1.0
664 1997 1.0
1994 387 1.0
432 1998 1.0
1999 1175 1.0
733 318 1.0
1924 1198 1.0
118 364 1.0
1566 676 1.0
606 2000 1.0
182 559 1.0
2001 645 1.0
815 157 1.0
2002 2003 1.0
468 991 1.0
2004 726 1.0
252 288 1.0
1769 1449 1.0
2005 2006 1.0
222 2007 1.0
734 2008 1.0
82 2009 1.0
604 1927 1.0
1545 2010 1.0
118 2011 1.0
118 2012 1.0
342 490 1.0
333 625 1.0
508 572 1.0
815 197 1.0
2013 2014 1.0
5 127 1.0
0 142 1.0
1394 986 1.0
2015 1804 1.0
868 2016 1.0
2017 564 1.0
2018 2019 1.0
2020 2021 1.0
27 318 1.0
2022 2023 1.0
653 1265 1.0
648 2024 1.0
1366 1359 1.0
737 431 1.0
1554 73 1.0
1554 76 1.0
2025 934 1.0
1554 77 1.0
767 18 1.0
1652 932 1.0
1586 1799 1.0
2026 1213 1.0
1612 45 1.0
2027 979 1.0
943 1475 1.0
1128 539 1.0
703 2028 1.0
2029 1126 1.0
2030 972 1.0
478 2031 1.0
27 431 1.0
1921 588 1.0
2032 86 1.0
2033 24 1.0
1075 636 1.0
813 328 1.0
117 339 1.0
82 1255 1.0
2034 295 1.0
600 2035 1.0
2036 2037 1.0
2038 307 1.0
1099 2039 1.0
531 978 1.0
2040 1039 1.0
66 2041 1.0
155 1196 1.0
107 431 1.0
751 2042 1.0
241 808 1.0
2043 197 1.0
2044 575 1.0
487 197 1.0
243 2045 1.0
2044 580 1.0
880 1138 1.0
449 1496 1.0
1490 2046 1.0
86 421 1.0
2047 2048 1.0
1416 2049 1.0
1099 2050 1.0
118 2051 1.0
1394 476 1.0
2016 1169 1.0
2052 554 1.0
1491 2053 1.0
378 183 1.0
1959 640 1.0
796 132 1.0
573 2054 1.0
465 1 1.0
168 159 1.0
1086 2055 1.0
2056 928 1.0
201 856 1.0
2057 2058 1.0
2059 972 1.0
751 2060 1.0
285 476 1.0
1035 1007 1.0
1513 183 1.0
562 493 1.0
1221 480 1.0
412 87 1.0
104 1616 1.0
1772 75 1.0
104 1511 1.0
1397 1990 1.0
2061 2062 1.0
1029 1158 1.0
2063 2064 1.0
2065 1781 1.0
2066 1468 1.0
2066 1471 1.0
2066 1472 1.0
2066 1473 1.0
1844 2067 1.0
1089 1064 1.0
2068 655 1.0
434 197 1.0
436 2069 1.0
107 2070 1.0
257 1 1.0
1177 2071 1.0
1289 225 1.0
465 339 1.0
1015 856 1.0
82 646 1.0
187 2072 1.0
1015 406 1.0
1418 441 1.0
815 702 1.0
1139 197 1.0
2073 1929 1.0
828 225 1.0
1579 2074 1.0
2075 26 1.0
87 1563 1.0
1943 30 1.0
872 640 1.0
2076 197 1.0
2077 2078 1.0
257 1021 1.0
107 80 1.0
2079 654 1.0
668 18 1.0
637 2080 1.0
1100 1434 1.0
1539 1685 1.0
916 1916 1.0
1163 76 1.0
481 1616 1.0
2081 1126 1.0
1163 77 1.0
1163 73 1.0
29 395 1.0
1441 2082 1.0
384 445 1.0
734 2083 1.0
2084 1386 1.0
1634 20 1.0
257 339 1.0
262 93 1.0
350 682 1.0
960 2085 1.0
686 1692 1.0
2086 2087 1.0
645 634 1.0
801 34 1.0
1829 978 1.0
2088 77 1.0
2088 73 1.0
2089 2090 1.0
336 63 1.0
551 904 1.0
612 142 1.0
2091 2092 1.0
262 2093 1.0
960 2094 1.0
107 2 1.0
2095 2096 1.0
2097 2098 1.0
2088 76 1.0
349 257 1.0
2099 2100 1.0
371 75 1.0
868 2101 1.0
240 1 1.0
2102 667 1.0
2103 516 1.0
964 1493 1.0
498 856 1.0
2104 476 1.0
663 330 1.0
1276 210 1.0
158 1095 1.0
2105 2106 1.0
569 2107 1.0
478 2108 1.0
2109 1804 1.0
1087 2110 1.0
2111 585 1.0
68 22 1.0
1664 2112 1.0
187 2113 1.0
145 1591 1.0
1089 157 1.0
1751 406 1.0
100 858 1.0
59 108 1.0
1099 2114 1.0
185 132 1.0
2115 310 1.0
11 2116 1.0
2117 1206 1.0
1614 2118 1.0
243 2119 1.0
2120 2121 1.0
2122 269 1.0
716 2123 1.0
2124 2125 1.0
1075 880 1.0
1463 2126 1.0
145 792 1.0
632 667 1.0
2127 1569 1.0
1003 1678 1.0
1697 2128 1.0
99 2129 1.0
2130 332 1.0
2131 694 1.0
342 2132 1.0
1245 1054 1.0
1664 219 1.0
132 339 1.0
235 268 1.0
844 882 1.0
935 1770 1.0
1583 1493 1.0
1760 1138 1.0
101 2133 1.0
1457 2134 1.0
974 151 1.0
870 2135 1.0
195 465 1.0
2136 726 1.0
27 465 1.0
2137 2138 1.0
262 2139 1.0
817 2140 1.0
804 2141 1.0
46 2142 1.0
2143 129 1.0
1572 355 1.0
2144 379 1.0
243 2145 1.0
1160 2146 1.0
798 435 1.0
107 541 1.0
2147 291 1.0
1698 1436 1.0
262 2148 1.0
2149 1003 1.0
213 367 1.0
207 1772 1.0
2150 1394 1.0
2103 7 1.0
434 1175 1.0
27 86 1.0
2151 186 1.0
80 518 1.0
48 25 1.0
2152 2153 1.0
82 2154 1.0
1271 1025 1.0
246 860 1.0
1891 20 1.0
0 117 1.0
2155 2156 1.0
1040 2157 1.0
530 1704 1.0
213 63 1.0
1273 255 1.0
1708 979 1.0
446 257 1.0
1057 6 1.0
540 1 1.0
345 573 1.0
2158 2159 1.0
838 371 1.0
2120 2160 1.0
895 2161 1.0
2162 823 1.0
9 1105 1.0
2163 2164 1.0
1739 1108 1.0
412 117 1.0
1006 247 1.0
4 1387 1.0
462 10 1.0
1854 30 1.0
387 1744 1.0
384 2165 1.0
380 351 1.0
425 95 1.0
2166 692 1.0
705 2167 1.0
118 1041 1.0
2168 2169 1.0
960 2170 1.0
2171 197 1.0
1887 34 1.0
2172 76 1.0
2172 73 1.0
2172 77 1.0
459 2173 1.0
755 2174 1.0
664 1489 1.0
306 2175 1.0
69 183 1.0
899 972 1.0
2163 2176 1.0
2177 1108 1.0
683 393 1.0
1057 2178 1.0
714 2179 1.0
1319 395 1.0
464 2180 1.0
2181 73 1.0
2181 77 1.0
1402 746 1.0
1108 2182 1.0
2183 433 1.0
2181 76 1.0
384 2184 1.0
963 2185 1.0
2186 112 1.0
558 1142 1.0
215 151 1.0
1586 1434 1.0
1045 286 1.0
2187 602 1.0
411 2 1.0
2188 2189 1.0
2190 219 1.0
686 2191 1.0
1427 1182 1.0
2192 1435 1.0
1449 76 1.0
814 882 1.0
1449 77 1.0
1449 73 1.0
296 1119 1.0
145 1537 1.0
2193 882 1.0
82 2194 1.0
319 162 1.0
156 2195 1.0
772 2196 1.0
17 361 1.0
1457 270 1.0
1851 493 1.0
870 2197 1.0
1195 1138 1.0
2171 435 1.0
447 774 1.0
2198 2199 1.0
542 435 1.0
2200 313 1.0
2103 2201 1.0
2202 2203 1.0
2089 105 1.0
2204 1479 1.0
107 205 1.0
1870 477 1.0
641 309 1.0
2205 615 1.0
490 440 1.0
660 2106 1.0
436 2206 1.0
81 2207 1.0
1654 991 1.0
1880 261 1.0
82 2208 1.0
459 2209 1.0
2210 819 1.0
1435 2211 1.0
2212 2037 1.0
1504 2141 1.0
2213 24 1.0
1504 2214 1.0
54 2215 1.0
2216 2217 1.0
508 1519 1.0
1358 572 1.0
285 819 1.0
1306 546 1.0
2144 492 1.0
1527 2218 1.0
347 1931 1.0
1681 2219 1.0
513 429 1.0
530 490 1.0
401 351 1.0
1153 2123 1.0
1480 43 1.0
1740 20 1.0
2220 1374 1.0
287 561 1.0
1143 30 1.0
87 2 1.0
191 2221 1.0
342 531 1.0
2222 2223 1.0
384 489 1.0
2026 381 1.0
2224 1930 1.0
711 43 1.0
2225 322 1.0
311 43 1.0
238 2226 1.0
174 998 1.0
431 339 1.0
586 2227 1.0
464 108 1.0
798 61 1.0
1605 20 1.0
329 1372 1.0
2228 2229 1.0
2230 1934 1.0
2231 1306 1.0
573 1799 1.0
2232 2082 1.0
1587 1914 1.0
1706 1491 1.0
1984 2233 1.0
1793 978 1.0
1547 2234 1.0
54 1893 1.0
317 132 1.0
872 2235 1.0
1453 645 1.0
2236 2237 1.0
2238 73 1.0
489 364 1.0
2238 77 1.0
2239 674 1.0
517 59 1.0
54 2240 1.0
1420 2241 1.0
2242 2243 1.0
2244 1697 1.0
1363 1261 1.0
2238 76 1.0
274 441 1.0
257 1442 1.0
1843 395 1.0
2062 994 1.0
566 43 1.0
422 539 1.0
2245 859 1.0
2246 2247 1.0
1713 393 1.0
635 309 1.0
1244 2248 1.0
1892 20 1.0
464 365 1.0
857 2249 1.0
345 1799 1.0
2250 2251 1.0
185 142 1.0
734 2252 1.0
758 186 1.0
1863 249 1.0
2253 739 1.0
453 568 1.0
919 271 1.0
975 43 1.0
511 2254 1.0
2255 1807 1.0
2256 1489 1.0
343 2000 1.0
551 2257 1.0
93 20 1.0
411 339 1.0
2258 2259 1.0
3 2260 1.0
781 493 1.0
1031 322 1.0
1975 2261 1.0
68 268 1.0
38 205 1.0
865 295 1.0
865 382 1.0
2262 65 1.0
86 1 1.0
2263 1265 1.0
1362 1096 1.0
2264 1900 1.0
2265 1971 1.0
48 7 1.0
168 1731 1.0
1089 1022 1.0
2163 2266 1.0
2267 2268 1.0
358 1285 1.0
238 905 1.0
1127 994 1.0
411 1 1.0
683 851 1.0
669 381 1.0
2269 2270 1.0
2271 884 1.0
257 2 1.0
597 162 1.0
817 1657 1.0
2272 2273 1.0
459 2274 1.0
850 1476 1.0
82 1400 1.0
371 1650 1.0
368 2275 1.5
2276 1608 1.0
141 1334 1.0
1319 309 1.0
2277 882 1.0
2278 1850 1.0
1762 399 1.0
495 241 1.0
1628 1608 1.0
662 30 1.0
2279 744 1.0
1769 748 1.0
104 1967 1.0
1769 747 1.0
1769 749 1.0
2280 2281 1.0
274 2282 1.0
1258 2283 1.0
1975 2284 1.0
1738 163 1.0
368 2285 1.5
2286 1263 1.0
731 796 1.0
662 395 1.0
464 1810 1.0
2287 2288 1.0
1572 492 1.0
2289 393 1.0
668 764 1.0
960 2290 1.0
558 183 1.0
384 226 1.0
1429 640 1.0
235 1285 1.0
1427 1607 1.0
1603 1754 1.0
2291 76 1.0
619 2227 1.0
877 232 1.0
2291 73 1.0
2291 77 1.0
2292 2293 1.0
420 476 1.0
750 65 1.0
1532 113 1.0
2294 2273 1.0
164 2295 1.0
2296 379 1.0
2297 2298 1.0
462 409 1.0
120 1 1.0
213 2299 1.0
1160 395 1.0
2143 309 1.0
518 0 1.0
1478 2300 1.0
343 606 1.0
2301 666 1.0
2302 2303 1.0
2304 313 1.0
860 640 1.0
571 856 1.0
2305 726 1.0
2306 424 1.0
256 132 1.0
2307 2308 1.0
50 1601 1.0
0 59 1.0
64 385 1.0
982 142 1.0
315 423 1.0
731 940 1.0
453 2309 1.0
2022 124 1.0
1342 86 1.0
2310 2311 1.0
1069 2312 1.0
894 1108 1.0
1646 441 1.0
540 80 1.0
817 371 1.0
35 2313 1.0
2092 458 1.0
1429 493 1.0
54 2314 1.0
99 2315 1.0
644 30 1.0
2316 2317 1.0
64 1164 1.0
1838 1958 1.0
241 2318 1.0
1918 2319 1.0
678 1129 1.0
2320 2118 1.0
818 753 1.0
1478 2321 1.0
270 2017 1.0
793 1200 1.0
895 1621 1.0
777 219 1.0
2322 856 1.0
2026 493 1.0
107 59 1.0
2323 1551 1.0
2324 2178 1.0
531 441 1.0
1596 667 1.0
840 1680 1.0
763 361 1.0
1583 2185 1.0
1699 20 1.0
2325 179 1.0
840 997 1.0
1029 24 1.0
1457 2326 1.0
1423 564 1.0
49 26 1.0
1204 1112 1.0
1075 2327 1.0
651 2328 1.0
2329 2330 1.0
928 2331 1.0
2332 2333 1.0
384 2334 1.0
2335 1473 1.0
1241 2227 1.0
338 465 1.0
2336 2337 1.0
1230 602 1.0
2338 1265 1.0
2339 1658 1.0
1593 493 1.0
2340 2341 1.0
2342 2343 1.0
1474 774 1.0
1612 91 1.0
80 86 1.0
1364 625 1.0
2344 1184 1.0
2102 2345 1.0
254 2346 1.0
2347 2348 1.0
1045 476 1.0
1611 667 1.0
1800 979 1.0
1513 577 1.0
1077 2141 1.0
2349 1008 1.0
2248 2350 1.0
895 844 1.0
2351 295 1.0
601 1064 1.0
1099 2352 1.0
222 2353 1.0
1488 580 1.0
626 232 1.0
1488 575 1.0
1037 1973 1.0
2354 2196 1.0
37 2178 1.0
2355 210 1.0
1216 2356 1.0
881 34 1.0
2357 2358 1.0
2359 2295 1.0
1000 328 1.0
321 1962 1.0
120 339 1.0
1530 472 1.0
2360 2361 1.0
699 87 1.0
118 445 1.0
222 2362 1.0
710 588 1.0
233 2363 1.0
222 2364 1.0
2365 864 1.0
2366 449 1.0
2367 1263 1.0
2368 2369 1.0
1152 351 1.0
1505 330 1.0
754 257 1.0
2370 210 1.0
2371 295 1.0
94 2372 1.0
2373 2374 1.0
2375 93 1.0
1501 2376 1.0
2377 2378 1.0
2379 108 1.0
1760 496 1.0
2 2180 1.0
213 20 1.0
1664 400 1.0
1634 367 1.0
99 2380 1.0
1636 2003 1.0
171 1285 1.0
66 2381 1.0
335 20 1.0
2382 393 1.0
2383 2384 1.0
1549 683 1.0
1983 1428 1.0
2360 1212 1.0
1069 2385 1.0
731 2180 1.0
1592 2386 1.0
134 1871 1.0
1522 30 1.0
2387 1169 1.0
1284 2388 1.0
82 445 1.0
2389 93 1.0
466 30 1.0
1752 1671 1.0
94 2390 1.0
1131 2391 1.0
2392 1541 1.0
104 1285 1.0
558 268 1.0
2244 1287 1.0
2393 1913 1.0
688 482 1.0
2394 2395 1.0
1798 379 1.0
2325 1138 1.0
1258 2396 1.0
27 339 1.0
2397 2398 1.0
1174 493 1.0
120 2 1.0
99 1255 1.0
474 431 1.0
2399 979 1.0
69 159 1.0
325 2400 1.0
1141 683 1.0
1077 805 1.0
1522 309 1.0
1879 577 1.0
35 2401 1.0
2402 2403 1.0
262 239 1.0
681 1171 1.0
1075 702 1.0
2404 127 1.0
877 627 1.0
116 257 1.0
2405 2406 1.0
671 1704 1.0
104 2407 1.0
107 322 1.0
1634 18 1.0
1170 7 1.0
405 499 1.0
810 611 1.0
1096 93 1.0
2408 2409 1.0
1552 75 1.0
1463 402 1.0
1308 920 1.0
771 493 1.0
936 2410 1.0
699 482 1.0
2411 2169 1.0
2412 24 1.0
900 297 1.0
235 379 1.0
238 2413 1.0
1587 456 1.0
558 2227 1.0
639 493 1.0
2414 856 1.0
610 926 1.0
798 1747 1.0
4 2415 1.0
2416 43 1.0
492 580 1.0
836 2417 1.0
492 575 1.0
137 18 1.0
1982 34 1.0
1257 2418 1.0
837 2419 1.0
865 322 1.0
1983 1607 1.0
2420 210 1.0
2421 1374 1.0
802 2422 1.0
107 120 1.0
1864 61 1.0
1939 1182 1.0
1379 2423 1.0
494 335 1.0
118 2208 1.0
391 1462 1.0
789 322 1.0
447 268 1.0
432 577 1.0
648 2061 1.0
1079 3 1.0
104 1920 1.0
986 667 1.0
2022 526 1.0
455 1936 1.0
1503 6 1.0
893 111 1.0
2424 1365 1.0
2186 2425 1.0
2426 575 1.0
2426 580 1.0
97 346 1.0
2228 2427 1.0
1774 2428 1.0
257 2429 1.0
358 2430 1.0
2431 291 1.0
1160 896 1.0
2432 439 1.0
2433 322 1.0
1741 516 1.0
2434 295 1.0
2382 1476 1.0
147 428 1.0
229 2435 1.0
2436 1263 1.0
358 268 1.0
810 2437 1.0
1983 288 1.0
868 2438 1.0
2439 357 1.0
1978 1001 1.0
669 640 1.0
48 516 1.0
342 2440 1.0
1199 477 1.0
2441 1239 1.0
1503 127 1.0
2442 2353 1.0
1978 328 1.0
319 63 1.0
1408 74 1.0
2244 1971 1.0
887 1434 1.0
495 162 1.0
1096 2443 1.0
648 2444 1.0
569 2445 1.0
1747 1064 1.0
274 672 1.0
1738 893 1.0
1160 20 1.0
277 428 1.0
265 2446 1.0
186 87 1.0
195 431 1.0
767 63 1.0
2447 2378 1.0
2448 1485 1.0
2449 1684 1.0
1255 1169 1.0
2450 528 1.0
1741 7 1.0
145 275 1.0
342 671 1.0
84 450 1.0
1241 559 1.0
1951 1265 1.0
58 86 1.0
2451 1833 1.0
2452 297 1.0
1069 2453 1.0
59 257 1.0
274 622 1.0
2232 2430 1.0
2454 2455 1.0
2456 2457 1.0
187 965 1.0
1141 1697 1.0
868 2458 1.0
1047 2459 1.0
517 375 1.0
2460 2461 1.0
642 2462 1.0
2375 2350 1.0
592 2463 1.0
592 2464 1.0
475 1481 1.0
1870 32 1.0
610 2465 1.0
1740 367 1.0
2466 623 1.0
2467 93 1.0
455 1914 1.0
2468 2469 1.0
1478 2470 1.0
64 2471 1.0
370 533 1.0
1172 2472 1.0
1560 2473 1.0
52 2474 1.0
949 63 1.0
1031 2475 1.0
186 86 1.0
953 667 1.0
511 541 1.0
2476 2477 1.0
2478 2037 1.0
1854 1261 1.0
1252 640 1.0
2236 667 1.0
710 1826 1.0
2479 499 1.0
543 63 1.0
1292 351 1.0
683 1697 1.0
436 2480 1.0
2481 789 1.0
2482 1244 1.0
21 1285 1.0
2483 1745 1.0
254 1312 1.0
2026 640 1.0
651 2484 1.0
317 2 1.0
2485 2486 1.0
897 856 1.0
1951 41 1.0
99 2487 1.0
82 226 1.0
870 2488 1.0
2489 73 1.0
771 2126 1.0
2489 76 1.0
1107 2490 1.0
2489 77 1.0
1115 654 1.0
1603 2098 1.0
289 132 1.0
186 117 1.0
2491 2492 1.0
285 753 1.0
2493 602 1.0
553 561 1.0
569 2494 1.0
751 2495 1.0
505 2496 1.0
187 2497 1.0
802 2498 1.0
80 142 1.0
2499 2500 1.0
2263 24 1.0
260 2501 1.0
123 2391 1.0
1358 406 1.0
1358 509 1.0
2502 2503 1.0
229 1630 1.0
2089 1476 1.0
1587 1974 1.0
195 338 1.0
2504 1412 1.0
1109 2505 1.0
1972 377 1.0
668 780 1.0
2506 1108 1.0
1488 1873 1.0
2469 2507 1.0
8 1462 1.0
213 219 1.0
1512 2508 1.0
2509 2510 1.0
992 1650 1.0
1422 602 1.0
914 682 1.0
562 1007 1.0
1208 2511 1.0
1486 2512 1.0
586 1285 1.0
16 304 1.0
2201 26 1.0
145 978 1.0
196 157 1.0
2022 527 1.0
2482 1564 1.0
868 1568 1.0
121 795 1.0
474 1 1.0
2033 654 1.0
2027 2513 1.0
2514 1481 1.0
957 32 1.0
1431 1744 1.0
447 1474 1.0
1857 1756 1.0
604 2515 1.0
1141 1511 1.0
114 2516 1.0
2256 979 1.0
734 2517 1.0
459 2518 1.0
195 796 1.0
2454 1134 1.0
2519 1997 1.0
619 559 1.0
806 357 1.0
340 2520 1.0
1197 450 1.0
201 499 1.0
533 994 1.0
257 469 1.0
1572 1986 1.0
1143 1361 1.0
1325 142 1.0
438 2521 1.0
325 2522 1.0
736 63 1.0
407 2523 1.0
147 278 1.0
1107 2524 1.0
743 1308 1.0
1010 1588 1.0
1826 43 1.0
2525 2122 1.0
1758 962 1.0
1741 1711 1.0
793 117 1.0
135 2526 1.0
895 179 1.0
762 1158 1.0
460 1739 1.0
340 1113 1.0
542 61 1.0
2527 1596 1.0
384 65 1.0
2137 1394 1.0
2528 3 1.0
360 219 1.0
114 2529 1.0
451 20 1.0
114 2530 1.0
1418 978 1.0
2021 2531 1.0
118 2532 1.0
1068 2533 1.0
1587 1936 1.0
1015 499 1.0
705 2534 1.0
455 1588 1.0
960 2070 1.0
626 878 1.0
2535 2536 1.0
2250 1530 1.0
1170 49 1.0
451 1151 1.0
331 2064 1.0
2537 1876 1.0
2079 24 1.0
810 1752 1.0
2382 105 1.0
2538 2539 1.0
976 117 1.0
209 2540 1.0
372 2500 1.0
2414 572 1.0
905 1647 1.0
87 318 1.0
460 2506 1.0
887 2054 1.0
2541 588 1.0
324 834 1.0
2542 503 1.0
417 138 1.0
992 1304 1.0
701 336 1.0
1943 395 1.0
1425 2543 1.0
796 518 1.0
2071 1064 1.0
35 2544 1.0
1740 63 1.0
2262 1433 1.0
960 2545 1.0
549 2546 1.0
2547 1931 1.0
1331 950 1.0
2457 920 1.0
895 1138 1.0
270 1799 1.0
2548 2333 1.0
2549 5 1.0
903 1259 1.0
436 2550 1.0
1854 309 1.0
1046 20 1.0
517 132 1.0
2551 2552 1.0
2553 501 1.5
576 481 1.0
2399 2554 1.0
868 2555 1.0
2556 741 1.0
384 2557 1.0
865 2558 1.0
1793 736 1.0
360 18 1.0
2559 2102 1.0
99 2560 1.0
436 2561 1.0
2562 2563 1.0
600 577 1.0
1208 2564 1.0
31 1772 1.0
378 973 1.0
1292 640 1.0
2565 3 1.0
1218 2566 1.0
207 371 1.0
635 395 1.0
2567 295 1.0
1147 257 1.0
2568 823 1.0
1331 1733 1.0
1331 2455 1.0
1143 2569 1.0
1907 32 1.0
1511 410 1.0
2570 660 1.0
2242 2571 1.0
862 1476 1.0
2572 295 1.0
1293 819 1.0
2573 313 1.0
2574 1472 1.0
2574 1473 1.0
1457 1100 1.0
2574 1468 1.0
1410 726 1.0
2574 1471 1.0
80 59 1.0
107 86 1.0
2515 1683 1.0
2575 2576 1.0
1329 2577 1.0
370 151 1.0
143 1433 1.0
1554 1163 1.0
453 223 1.0
1015 1112 1.0
2248 335 1.0
600 2578 1.0
384 1791 1.0
145 702 1.0
2579 1095 1.0
1365 2580 1.0
2551 2210 1.0
1008 1700 1.0
1135 1222 1.0
478 2581 1.0
2582 2333 1.0
895 2325 1.0
1509 2583 1.0
2584 1114 1.0
916 2061 1.0
733 117 1.0
1361 309 1.0
1072 992 1.0
1044 968 1.0
453 2585 1.0
1457 2586 1.0
2587 1965 1.0
734 2070 1.0
1741 515 1.0
2588 2589 1.0
1585 30 1.0
2590 210 1.0
459 2591 1.0
1545 2592 1.0
870 2593 1.0
107 87 1.0
2594 2595 1.0
2198 4 1.0
1273 1726 1.0
1009 63 1.0
843 564 1.0
1031 2596 1.0
196 435 1.0
1210 2597 1.0
563 994 1.0
817 1772 1.0
2598 1182 1.0
107 339 1.0
256 413 1.0
2599 2600 1.0
2601 2046 1.0
2602 1568 1.0
224 2603 1.0
2604 1011 1.0
384 2605 1.0
597 2606 1.0
1983 297 1.0
158 22 1.0
464 318 1.0
1559 2395 1.0
207 1658 1.0
2151 81 1.0
179 336 1.0
182 268 1.0
2607 741 1.0
37 127 1.0
61 197 1.0
668 367 1.0
557 34 1.0
256 59 1.0
1035 493 1.0
970 63 1.0
298 2608 1.0
2483 1473 1.0
1774 667 1.0
2483 1472 1.0
2483 1471 1.0
2609 2610 1.0
2483 1468 1.0
2611 576 1.0
2612 904 1.0
131 86 1.0
798 20 1.0
384 1255 1.0
2613 2614 1.0
2615 1108 1.0
2616 1948 1.0
2617 1669 1.0
80 117 1.0
887 573 1.0
2171 61 1.0
1075 2618 1.0
2187 1064 1.0
1686 676 1.0
104 683 1.0
1457 887 1.0
634 395 1.0
303 117 1.0
1879 600 1.0
919 1799 1.0
420 1389 1.0
0 257 1.0
1292 1116 1.0
675 322 1.0
1364 2619 1.0
87 1 1.0
101 556 1.0
2620 347 1.0
2621 1369 1.0
274 978 1.0
90 45 1.0
2622 177 1.0
2623 951 1.0
2111 1513 1.0
868 445 1.0
2624 357 1.0
2424 334 1.0
411 540 1.0
2625 204 1.0
64 226 1.0
2626 1850 1.0
714 2627 1.0
436 2628 1.0
1717 91 1.0
114 903 1.0
762 41 1.0
2556 1751 1.0
2629 2061 1.0
2630 2631 1.0
118 2632 1.0
447 2633 1.0
82 304 1.0
2634 2635 1.0
271 1434 1.0
2636 313 1.0
1087 2637 1.0
2298 2638 1.0
516 26 1.0
1558 2443 1.0
946 30 1.0
595 694 1.0
19 1700 1.0
2639 1850 1.0
2640 2641 1.0
182 2227 1.0
1549 268 1.0
60 157 1.0
1358 1519 1.0
2642 26 1.0
1864 435 1.0
420 332 1.0
145 344 1.0
116 132 1.0
1923 91 1.0
759 882 1.0
1419 640 1.0
118 304 1.0
1793 622 1.0
2643 607 1.0
562 402 1.0
2644 575 1.0
2644 580 1.0
2645 2646 1.0
1407 1428 1.0
68 1285 1.0
911 1352 1.0
1999 93 1.0
2647 2648 1.0
882 63 1.0
460 1689 1.0
64 2649 1.0
2650 77 1.0
658 2651 1.0
2650 73 1.0
2650 76 1.0
241 2161 1.0
1907 477 1.0
2095 24 1.0
2097 1754 1.0
2526 2652 1.0
331 1293 1.0
1081 1265 1.0
2653 1197 1.0
1883 994 1.0
589 59 1.0
1665 2654 1.0
2655 1293 1.0
868 65 1.0
345 2054 1.0
82 396 1.0
195 2 1.0
2656 1578 1.0
264 20 1.0
2412 2657 1.0
209 2658 1.0
1497 2659 1.0
953 2660 1.0
1068 667 1.0
1038 469 1.0
1099 2661 1.0
2535 205 1.0
1934 2098 1.0
634 129 1.0
2662 24 1.0
2459 902 1.0
2663 2061 1.0
542 702 1.0
865 210 1.0
810 1588 1.0
2126 1035 1.0
1592 2664 1.0
1549 1285 1.0
464 257 1.0
1775 335 1.0
2665 1436 1.0
1851 640 1.0
2666 2667 1.0
131 142 1.0
2668 374 1.0
564 336 1.0
104 1142 1.0
35 2669 1.0
1819 1121 1.0
114 2670 1.0
2671 667 1.0
1089 1175 1.0
1676 393 1.0
741 572 1.0
724 667 1.0
2672 1389 1.0
384 2673 1.0
1141 160 1.0
1319 1261 1.0
815 1175 1.0
854 45 1.0
1174 640 1.0
1527 2674 1.0
349 142 1.0
2647 2675 1.0
944 2382 1.0
1488 2676 1.0
845 86 1.0
2677 208 1.0
1087 2678 1.0
370 1772 1.0
2679 674 1.0
553 288 1.0
354 1986 1.0
2680 2681 1.0
465 2 1.0
474 257 1.0
660 2682 1.0
898 2683 1.0
257 421 1.0
600 2684 1.0
1372 710 1.0
349 132 1.0
1364 334 1.0
163 111 1.0
427 328 1.0
1099 293 1.0
880 1898 1.0
2685 2486 1.0
1259 2512 1.0
2404 6 1.0
99 489 1.0
233 2686 1.0
464 86 1.0
908 232 1.0
2687 2330 1.0
1555 73 1.0
1555 77 1.0
2688 2689 1.0
1555 76 1.0
233 2690 1.0
17 219 1.0
367 2133 1.0
517 737 1.0
2691 2692 1.0
1587 2437 1.0
2163 2693 1.0
1491 2694 1.0
2695 80 1.0
170 832 1.0
2493 1064 1.0
911 93 1.0
407 2696 1.0
1587 1869 1.0
2697 936 1.0
742 640 1.0
241 1621 1.0
350 640 1.0
217 627 1.0
17 780 1.0
434 2195 1.0
2424 2698 1.0
324 920 1.0
2699 1212 1.0
407 2700 1.0
2701 580 1.0
2701 575 1.0
2338 654 1.0
1721 753 1.0
2602 2702 1.0
2703 2343 1.0
1719 880 1.0
519 346 1.0
2476 2704 1.0
688 2 1.0
2705 428 1.0
163 2359 1.0
446 1334 1.0
2699 2361 1.0
2706 2620 1.0
108 87 1.0
2707 2708 1.0
436 2709 1.0
460 1140 1.0
1505 91 1.0
868 2710 1.0
2711 2671 1.0
2712 2189 1.0
1008 63 1.0
589 469 1.0
238 2713 1.0
2131 596 1.0
2714 2715 1.0
54 117 1.0
2599 2716 1.0
731 149 1.0
2244 1474 1.0
356 2624 1.0
262 2717 1.0
734 2718 1.0
798 157 1.0
802 2719 1.0
2720 1924 1.0
688 421 1.0
986 1293 1.0
32 282 1.0
21 268 1.0
380 493 1.0
1987 1647 1.0
1035 640 1.0
257 540 1.0
2340 24 1.0
1126 823 1.0
750 445 1.0
813 428 1.0
2721 2722 1.0
156 702 1.0
2723 1579 1.0
2715 2416 1.0
407 93 1.0
2724 1473 1.0
2724 1471 1.0
2724 1472 1.0
1450 2725 1.0
2724 1468 1.0
746 76 1.0
394 309 1.0
1089 435 1.0
475 819 1.0
746 73 1.0
746 77 1.0
731 86 1.0
2726 210 1.0
699 1 1.0
2697 2727 1.0
955 1824 1.0
1891 336 1.0
1945 741 1.0
354 122 1.0
1592 1916 1.0
1934 1604 1.0
1336 1489 1.0
1038 1996 1.0
868 2728 1.0
2478 334 1.0
1501 1528 1.0
703 1259 1.0
1008 20 1.0
2729 1658 1.0
2730 295 1.0
254 1401 1.0
1760 162 1.0
1862 439 1.0
27 421 1.0
82 2731 1.0
1391 1093 1.0
1152 640 1.0
1438 482 1.0
1442 1 1.0
303 257 1.0
1665 91 1.0
44 330 1.0
2732 1126 1.0
751 2733 1.0
861 2734 1.0
1258 2735 1.0
1459 24 1.0
1547 2725 1.0
2736 2711 1.0
514 43 1.0
447 236 1.0
363 525 1.0
1779 2737 1.0
195 1 1.0
2738 501 1.5
2739 792 1.0
2740 1374 1.0
347 1239 1.0
1449 1322 1.0
1449 1324 1.0
1449 1314 1.0
1449 1315 1.0
1253 239 1.0
86 339 1.0
191 2741 1.0
619 159 1.0
855 1751 1.0
394 1261 1.0
1196 1744 1.0
1273 1323 1.0
2742 379 1.0
195 413 1.0
815 61 1.0
1035 351 1.0
836 2743 1.0
427 2744 1.0
868 2745 1.0
378 159 1.0
794 640 1.0
1252 351 1.0
490 2000 1.0
340 2746 1.0
2747 1012 1.0
2535 541 1.0
1624 428 1.0
1310 1434 1.0
2748 2749 1.0
1664 2750 1.0
360 63 1.0
895 2318 1.0
2751 2752 1.0
2105 2682 1.0
634 309 1.0
2753 295 1.0
1913 351 1.0
285 932 1.0
1442 1021 1.0
2754 944 1.0
69 1285 1.0
1238 357 1.0
1959 1007 1.0
186 421 1.0
384 2755 1.0
2756 523 1.0
810 1869 1.0
2757 2426 1.0
1447 1007 1.0
1593 860 1.0
2758 1386 1.0
368 2759 1.5
1785 351 1.0
325 2760 1.0
2071 602 1.0
731 465 1.0
2761 2762 1.0
145 93 1.0
386 844 1.0
1270 87 1.0
94 2763 1.0
1454 1555 1.0
116 86 1.0
195 108 1.0
861 2764 1.0
923 2765 1.0
2766 457 1.0
586 559 1.0
1735 711 1.0
1363 30 1.0
209 2767 1.0
742 351 1.0
671 606 1.0
2768 2769 1.0
1188 1516 1.0
755 2770 1.0
2771 448 1.0
2772 2344 1.0
64 445 1.0
1086 667 1.0
1190 257 1.0
27 117 1.0
2773 832 1.0
2761 2774 1.0
367 780 1.0
2775 2776 1.0
446 142 1.0
2777 125 1.0
480 577 1.0
358 1971 1.0
2778 219 1.0
131 117 1.0
2779 2780 1.0
1785 493 1.0
908 878 1.0
949 395 1.0
2781 970 1.0
475 286 1.0
2782 580 1.0
2782 575 1.0
870 2783 1.0
2784 295 1.0
2319 43 1.0
2785 698 1.0
732 59 1.0
2786 1325 1.0
2344 2787 1.0
285 332 1.0
1488 268 1.0
2788 63 1.0
2789 1528 1.0
1095 575 1.0
1095 580 1.0
147 328 1.0
132 469 1.0
2790 2322 1.0
391 26 1.0
2791 1469 1.0
2479 741 1.0
1881 844 1.0
1075 93 1.0
273 1559 1.0
2792 1921 1.0
2584 1017 1.0
179 1700 1.0
2082 862 1.0
2026 351 1.0
1024 1272 1.0
895 2793 1.0
1203 1994 1.0
2476 2794 1.0
758 59 1.0
363 1239 1.0
1139 435 1.0
452 2327 1.0
1762 468 1.0
1354 2185 1.0
2292 2795 1.0
619 268 1.0
807 2796 1.0
195 469 1.0
2797 501 1.5
840 127 1.0
135 880 1.0
175 2474 1.0
168 1285 1.0
1699 63 1.0
1697 379 1.0
2798 26 1.0
2158 2799 1.0
496 882 1.0
2155 2800 1.0
118 2801 1.0
1573 676 1.0
412 132 1.0
345 1434 1.0
335 1700 1.0
2802 37 1.0
2803 1766 1.0
1170 1711 1.0
976 257 1.0
2804 1308 1.0
1031 210 1.0
1785 860 1.0
2151 86 1.0
1276 2805 1.0
1061 309 1.0
99 2073 1.0
412 257 1.0
467 219 1.0
16 226 1.0
1075 335 1.0
2806 1198 1.0
2612 2512 1.0
2807 1321 1.0
663 91 1.0
1772 910 1.0
628 616 1.0
2607 856 1.0
1667 2808 1.0
569 2809 1.0
376 2810 1.0
870 2811 1.0
2812 26 1.0
391 8 1.0
58 2180 1.0
195 132 1.0
1062 30 1.0
929 286 1.0
70 2054 1.0
2813 2236 1.0
714 2814 1.0
923 2815 1.0
660 2816 1.0
1587 611 1.0
2817 1952 1.0
2818 1850 1.0
2819 2820 1.0
683 105 1.0
644 309 1.0
442 907 1.0
421 87 1.0
2821 2566 1.0
82 2822 1.0
1747 602 1.0
2823 2189 1.0
2479 856 1.0
198 2824 1.0
92 2350 1.0
1488 600 1.0
1345 481 1.0
1585 1261 1.0
274 2000 1.0
733 132 1.0
2021 667 1.0
2097 1604 1.0
1394 1293 1.0
101 2825 1.0
2826 741 1.0
2827 2408 1.0
262 2828 1.0
992 588 1.0
1099 2829 1.0
553 297 1.0
460 111 1.0
1408 1514 1.0
1284 1986 1.0
2232 943 1.0
1168 364 1.0
793 132 1.0
