12,13
12,37
12,37,38
12,13,91
13,12,37
13,12,37,38
13,91
17,18
17,19
17,18,189
18,17,19
18,189
19,17,18,189
22,8
22,23
22,24
8,22,23
8,22,24
23,22,24
37,38
37,12,13,91
38,37,12,13,91
55,56
55,53
56,55,53
74,75
74,76
74,77,76
74,77
75,74,76
75,74,77,76
75,74,77
76,77
79,80
79,80,144,143
79,80,144
79,80,144,143,66
80,144,143
80,144
80,144,143,66
100,101
100,211,101
100,101,151
100,211,101,151
100,211
101,151
101,211
132,133
132,44
132,133,95
132,133,95,215
133,132,44
133,95
133,95,215
44,132,133,95
44,132,133,95,215
134,51
134,112
51,134,112
143,144
143,66
144,143,66
146,147
146,148
146,147,176
147,146,148
147,176
148,146,147,176
151,101,211
157,158
157,159
158,157,159
167,78
95,215
218,198
218,212
198,218,212
236,9
236,234
9,236,234
248,194
248,214
194,248,214
