[26, 18]
[72, 29]
[64, 65]
[300, 301]
[151, 152]
[8, 9]
[107, 159]
[198, 52]
[172, 173]
[113, 114]
[12, 18]
[0, 122]
[20, 70]
[223, 129]
[124, 108]
[148, 18]
[59, 19]
[154, 124]
[80, 81]
[220, 47]
[215, 216]
[48, 49]
[144, 164]
[294, 178]
[151, 19]
[195, 169]
[240, 158]
[211, 212]
[59, 152]
[60, 61]
[107, 124]
[37, 221]
[12, 158]
[47, 40]
[66, 89]
[105, 106]
[20, 130]
[199, 171]
[226, 94]
[228, 229]
[199, 236]
[46, 47]
[180, 29]
[247, 61]
[304, 305]
[294, 276]
[70, 71]
[70, 104]
[199, 200]
[14, 153]
[75, 45]
[62, 18]
[209, 210]
[78, 79]
[289, 290]
[2, 150]
[234, 144]
[64, 102]
[144, 14]
[30, 45]
[30, 21]
[278, 29]
[108, 133]
[82, 83]
[167, 114]
[107, 243]
[68, 69]
[118, 119]
[66, 67]
[275, 276]
[99, 161]
[187, 74]
[127, 143]
[26, 27, 18]
[124, 196]
[270, 29]
[62, 20]
[110, 111]
[64, 277]
[131, 81]
[18, 45]
[12, 13]
[241, 242]
[113, 199]
[39, 40]
[201, 202]
[2, 3]
[203, 204]
[216, 274]
[239, 29]
[107, 265]
[281, 282]
[139, 19]
[69, 107]
[87, 88]
[97, 98]
[258, 259]
[269, 119]
[149, 169]
[298, 299]
[10, 221]
[14, 288]
[20, 279]
[181, 182]
[99, 6]
[293, 79]
[141, 142]
[257, 29]
[93, 94]
[172, 260]
[107, 303]
[266, 267]
[12, 268]
[192, 18]
[167, 311]
[262, 258]
[20, 145]
[127, 49]
[113, 286]
[156, 157]
[261, 29]
[64, 309]
[108, 109]
[15, 306]
[162, 52]
[154, 159]
[116, 117]
[248, 29]
[16, 17]
[57, 58]
[250, 121]
[153, 154]
[217, 218]
[252, 216]
[73, 74]
[253, 197]
[20, 42]
[57, 271]
[170, 171]
[48, 143]
[99, 138]
[12, 227]
[302, 178]
[53, 54]
[107, 108]
[148, 21]
[16, 91]
[55, 56]
[316, 204]
[66, 13]
[219, 52]
[206, 182]
[163, 47]
[252, 106]
[287, 258]
[103, 23]
[183, 184]
[144, 147]
[128, 194]
[280, 22, 23]
[179, 143]
[293, 47]
[39, 19]
[90, 40]
[68, 188, 99]
[292, 178]
[0, 53]
[123, 19]
[126, 29]
[10, 11]
[179, 49]
[84, 69]
[263, 264]
[243, 159]
[20, 40]
[55, 256]
[192, 268]
[174, 29]
[144, 138]
[124, 243]
[51, 52]
[35, 36]
[20, 125]
[139, 297]
[6, 7]
[272, 45]
[2, 169]
[33, 34]
[30, 18]
[208, 29]
[148, 225, 18]
[57, 49]
[121, 16]
[0, 1]
[243, 124]
[62, 45]
[14, 34]
[62, 21]
[176, 117]
[140, 29]
[66, 227]
[53, 122]
[57, 143]
[192, 193]
[251, 231]
[84, 99]
[237, 238]
[195, 3]
[253, 101]
[214, 106]
[224, 45]
[37, 63]
[234, 295]
[14, 15]
[6, 11]
[18, 19]
[284, 255]
[254, 255]
[12, 89]
[20, 45]
[79, 23]
[158, 23]
[177, 178]
[163, 79]
[20, 21]
[312, 40]
[46, 79]
[168, 10]
[223, 194]
[244, 202]
[314, 315]
[112, 88]
[30, 20]
[175, 18]
[310, 258]
[78, 47]
[222, 137]
[153, 164]
[12, 296]
[99, 191]
[28, 29]
[66, 40]
[4, 5]
[99, 233]
[291, 30]
[12, 40]
[144, 34]
[245, 246]
[146, 19]
[160, 161]
[120, 121]
[149, 150]
[136, 137]
[285, 48]
[20, 79]
[189, 190]
[307, 308]
[124, 109]
[153, 205]
[128, 129]
[24, 25]
[183, 283]
[165, 166, 10]
[230, 231]
[15, 213]
