[26, 18]
[46, 79, 23]
[72, 29]
[300, 301]
[151, 152]
[148, 225, 18, 41, 45]
[84, 99, 233]
[107, 243, 124]
[198, 52]
[68, 188, 99, 138]
[172, 173]
[14, 43, 34]
[20, 70]
[92, 18, 41, 45]
[285, 48, 143]
[280, 22]
[59, 19]
[154, 124]
[192, 18, 92]
[84, 99, 6, 7]
[68, 69, 107, 243, 124]
[151, 19]
[240, 158]
[30, 20, 79, 23]
[211, 212]
[30, 18, 45]
[37, 221]
[30, 20, 70, 71]
[234, 144, 34]
[27, 18, 41, 45]
[291, 30, 18, 45]
[26, 18, 41, 45]
[12, 18, 92]
[66, 89]
[234, 144, 14, 43]
[199, 236]
[46, 47]
[180, 29]
[185, 186]
[113, 199, 171]
[70, 71]
[70, 104]
[243, 124, 108, 133]
[188, 99, 161]
[199, 200]
[291, 30, 21]
[77, 210]
[75, 45]
[291, 30, 45]
[78, 79]
[188, 99, 6, 11]
[148, 225, 18, 19]
[166, 10, 11]
[289, 290]
[234, 144]
[64, 102]
[234, 144, 14, 153]
[175, 18, 41]
[88, 115]
[234, 144, 14, 34]
[144, 14, 153, 154, 124, 243]
[30, 45]
[30, 20, 125]
[30, 21]
[234, 144, 14, 153, 154, 124, 243]
[291, 30, 20]
[0, 53, 54]
[108, 133]
[82, 83]
[20, 70, 104]
[167, 114]
[66, 67]
[220, 47, 40]
[112, 88, 115, 74]
[291, 30, 18, 41, 45]
[225, 18, 41]
[76, 77, 210]
[68, 188]
[0, 235, 54]
[68, 188, 99, 6]
[127, 143]
[14, 153, 154, 124, 243, 159]
[26, 27, 18]
[84, 69, 107, 108]
[124, 196]
[22, 23]
[62, 20]
[64, 277]
[131, 81]
[262, 258, 259]
[113, 199]
[201, 202]
[2, 3]
[203, 204]
[239, 29]
[293, 47, 40]
[69, 107]
[87, 88]
[107, 124, 108, 133]
[153, 154, 124, 108]
[163, 47, 40]
[258, 259]
[269, 119]
[14, 15, 213]
[240, 158, 23]
[298, 299]
[84, 99, 138]
[26, 27, 18, 19]
[144, 14, 15, 213]
[99, 6]
[141, 142]
[18, 92]
[69, 107, 124, 108]
[148, 18, 41]
[172, 260]
[107, 303]
[14, 153, 154, 124, 196]
[266, 267]
[192, 18]
[167, 311]
[262, 258]
[68, 188, 99, 233]
[26, 18, 19]
[84, 69, 107, 243, 124, 109]
[243, 124, 108]
[37, 132]
[153, 154, 124, 109]
[215, 216, 274]
[107, 124, 196]
[175, 18, 41, 45]
[154, 124, 196]
[69, 107, 108]
[113, 286]
[26, 27]
[156, 157]
[261, 29]
[166, 10]
[69, 107, 124, 109]
[84, 69, 107, 243, 124, 108]
[62, 20, 70, 104]
[107, 243, 159]
[27, 18, 45]
[107, 243, 124, 196]
[162, 52]
[92, 18, 41]
[234, 144, 14, 153, 154, 124, 108, 109]
[92, 18]
[243, 124, 109]
[154, 159]
[115, 74]
[234, 144, 14, 15, 213]
[225, 18, 45]
[99, 6, 11]
[107, 155, 221]
[153, 154, 124, 108, 133]
[84, 99, 6, 11]
[132, 133]
[68, 69, 107, 108]
[148, 225]
[154, 124, 108, 133]
[217, 218]
[73, 74]
[225, 18, 92]
[135, 197]
[253, 197]
[20, 42]
[99, 6, 7]
[57, 271]
[250, 121, 16, 91]
[48, 143]
[99, 138]
[43, 34]
[107, 243, 124, 108, 109]
[84, 69, 107, 124, 108, 133]
[302, 178]
[53, 54]
[153, 154, 124, 196]
[107, 108]
[291, 30, 18]
[68, 69, 107, 243, 124, 196]
[16, 91]
[55, 56]
[316, 204]
[66, 13]
[219, 52]
[148, 225, 18, 45]
[183, 184]
[291, 30, 20, 45]
[291, 30, 20, 21]
[27, 18, 19]
[31, 32, 50]
[128, 194]
[69, 107, 303]
[188, 99, 6, 7]
[179, 143]
[192, 18, 41]
[293, 47]
[84, 69, 107, 243, 124, 108, 109]
[90, 40]
[188, 99, 6]
[166, 10, 221]
[68, 188, 99]
[107, 124, 109]
[62, 18, 41, 45]
[20, 79, 23]
[144, 14, 153, 154, 124, 108, 133]
[292, 178]
[148, 18, 45]
[175, 18, 92]
[10, 11]
[179, 49]
[287, 258, 259]
[20, 40]
[55, 256]
[68, 69, 107, 124, 109]
[144, 14, 153, 205]
[243, 124, 196]
[124, 243]
[69, 107, 124, 108, 109]
[35, 36]
[84, 69, 107, 243, 124, 196]
[272, 45]
[33, 34]
[107, 124, 108]
[148, 225, 18]
[84, 69, 107, 303]
[134, 100, 101]
[144, 14, 43, 34]
[14, 153, 154, 124, 108, 133]
[68, 69, 107, 124, 108]
[0, 1]
[30, 20, 130]
[14, 153, 154, 124]
[78, 47, 40]
[84, 69, 107, 155, 221]
[69, 107, 124, 243]
[140, 29]
[53, 122]
[57, 143]
[192, 193]
[214, 106]
[144, 14, 153, 154, 124, 196]
[224, 45]
[37, 63]
[234, 295]
[6, 11]
[18, 19]
[26, 27, 18, 45]
[188, 99, 233]
[225, 18]
[165, 166, 10, 221]
[291, 30, 20, 40]
[284, 255]
[69, 107, 243, 124, 108, 133]
[95, 249, 101]
[38, 313]
[285, 48, 49]
[234, 144, 14, 153, 205]
[12, 89]
[30, 18, 41]
[154, 124, 243]
[234, 144, 138]
[252, 216, 274]
[20, 45]
[177, 178]
[95, 96]
[243, 124, 108, 109]
[20, 21]
[312, 40]
[314, 315]
[30, 20]
[84, 99, 6]
[12, 18, 41, 45]
[175, 18]
[32, 50]
[69, 107, 108, 109]
[68, 69, 107, 243, 124, 108, 109]
[78, 47]
[85, 86]
[222, 137]
[12, 296]
[28, 29]
[107, 124, 108, 109]
[62, 18, 19]
[84, 69, 107, 124, 196]
[30, 20, 145]
[99, 233]
[68, 69, 107, 124, 108, 133]
[124, 108, 133]
[14, 153, 205]
[12, 40]
[291, 30, 20, 42]
[144, 34]
[120, 121]
[12, 18, 41]
[84, 69, 107, 108, 133]
[62, 20, 21]
[62, 20, 45]
[95, 249]
[26, 18, 92]
[68, 69, 107, 303]
[14, 153, 154, 159]
[285, 48]
[291, 30, 18, 19]
[20, 79]
[189, 190]
[307, 308]
[69, 107, 124, 243, 159]
[121, 16, 91]
[153, 205]
[62, 20, 79, 23]
[291, 30, 20, 79]
[183, 283]
[165, 166, 10]
[225, 18, 41, 45]
[144, 14, 15, 306]
[230, 231]
[30, 20, 279]
[68, 69, 107, 243, 159]
[64, 65]
[68, 69, 107, 124]
[165, 166, 10, 11]
[8, 9]
[107, 159]
[163, 79, 23]
[113, 114]
[12, 18]
[69, 107, 243, 159]
[0, 122]
[223, 129]
[124, 108]
[148, 18]
[26, 27, 18, 41]
[134, 100]
[84, 69, 107, 124, 243]
[80, 81]
[153, 154, 124]
[220, 47]
[215, 216]
[48, 49]
[144, 164]
[234, 144, 14, 153, 154, 159]
[294, 178]
[14, 153, 154]
[68, 69, 107]
[195, 169]
[62, 20, 79]
[68, 69, 107, 159]
[225, 18, 19]
[59, 152]
[60, 61]
[68, 69, 107, 108, 109]
[107, 124]
[12, 158]
[47, 40]
[18, 41]
[291, 30, 20, 70, 71]
[113, 199, 200]
[105, 106]
[20, 130]
[84, 99, 191]
[199, 171]
[226, 94]
[228, 229]
[107, 108, 109]
[113, 199, 236]
[291, 30, 20, 145]
[144, 14, 43]
[148, 18, 41, 45]
[92, 18, 19]
[247, 61]
[304, 305]
[62, 20, 42]
[294, 276]
[14, 153]
[62, 18]
[46, 47, 40]
[209, 210]
[234, 144, 147]
[291, 30, 20, 279]
[69, 107, 124, 196]
[0, 44, 273]
[27, 18, 92]
[234, 144, 14, 153, 154, 124, 108, 133]
[2, 150]
[154, 124, 109]
[291, 30, 20, 70, 104]
[188, 99, 138]
[68, 188, 99, 6, 11]
[14, 153, 154, 124, 109]
[144, 14]
[12, 18, 45]
[37, 38, 313]
[185, 186, 207]
[68, 69, 107, 243, 124, 108, 133]
[68, 69, 107, 243]
[168, 10, 11]
[144, 14, 34]
[30, 20, 70, 104]
[84, 69, 107]
[278, 29]
[69, 107, 243, 124]
[235, 54]
[144, 14, 153, 154, 124, 243, 159]
[153, 154, 124, 243]
[76, 77]
[107, 243]
[154, 124, 108]
[68, 69]
[118, 119]
[249, 101]
[107, 124, 243, 159]
[134, 135]
[153, 154, 159]
[62, 20, 40]
[68, 188, 99, 161]
[234, 144, 14, 153, 154, 124]
[26, 18, 41]
[192, 18, 45]
[275, 276]
[188, 99]
[99, 161]
[187, 74]
[107, 155]
[31, 32]
[148, 18, 19]
[291, 30, 18, 92]
[120, 121, 16, 17]
[0, 235]
[68, 69, 107, 243, 124, 109]
[234, 144, 14, 153, 154, 124, 196]
[270, 29]
[110, 111]
[175, 18, 19]
[14, 43]
[18, 45]
[12, 13]
[241, 242]
[39, 40]
[234, 144, 14, 153, 154, 124, 243, 159]
[87, 88, 115]
[86, 232]
[216, 274]
[107, 265]
[281, 282]
[139, 19]
[293, 79, 23]
[68, 69, 107, 243, 124, 108]
[97, 98]
[14, 153, 154, 124, 108]
[165, 166]
[153, 154, 124, 243, 159]
[291, 30, 20, 79, 23]
[68, 69, 107, 124, 243]
[155, 221]
[149, 169]
[10, 221]
[14, 288]
[68, 188, 99, 191]
[20, 279]
[148, 225, 18, 41]
[30, 18, 92]
[192, 18, 41, 45]
[181, 182]
[69, 107, 243, 124, 109]
[293, 79]
[257, 29]
[93, 94]
[12, 268]
[20, 145]
[100, 101]
[127, 49]
[14, 153, 154, 124, 108, 109]
[0, 53, 122]
[69, 107, 243, 124, 108]
[291, 30, 20, 130]
[85, 86, 232]
[291, 30, 20, 70]
[64, 309]
[108, 109]
[15, 306]
[18, 41, 45]
[30, 18, 41, 45]
[30, 20, 70]
[116, 117]
[248, 29]
[16, 17]
[62, 18, 92]
[12, 18, 19]
[57, 58]
[250, 121]
[144, 14, 288]
[234, 144, 14, 153, 154, 124, 109]
[168, 10, 221]
[153, 154]
[84, 69, 107, 265]
[144, 14, 153, 154, 124, 108]
[252, 216]
[69, 107, 155, 221]
[68, 69, 107, 155, 221]
[62, 18, 45]
[69, 107, 243, 124, 108, 109]
[41, 45]
[27, 18]
[44, 273]
[170, 171]
[186, 207]
[26, 18, 45]
[30, 20, 21]
[62, 20, 125]
[30, 20, 45]
[95, 96, 197]
[12, 227]
[148, 21]
[69, 107, 124, 108, 133]
[84, 69, 107, 155]
[87, 88, 115, 74]
[144, 14, 153, 154, 124, 109]
[206, 182]
[26, 27, 18, 92]
[163, 47]
[234, 144, 14, 15]
[252, 106]
[287, 258]
[103, 23]
[144, 147]
[62, 20, 70]
[280, 22, 23]
[37, 38]
[144, 14, 15]
[88, 115, 74]
[107, 108, 133]
[144, 14, 153]
[107, 243, 124, 108]
[120, 121, 16, 91]
[39, 19]
[144, 14, 153, 164]
[192, 18, 19]
[0, 53]
[69, 107, 108, 133]
[123, 19]
[126, 29]
[68, 69, 107, 124, 108, 109]
[69, 107, 243, 124, 196]
[84, 69]
[263, 264]
[243, 159]
[192, 268]
[84, 69, 107, 108, 109]
[174, 29]
[144, 138]
[62, 20, 70, 71]
[69, 107, 265]
[51, 52]
[84, 69, 107, 124, 108]
[121, 16, 17]
[124, 108, 109]
[12, 158, 23]
[20, 125]
[139, 297]
[234, 144, 164]
[6, 7]
[2, 169]
[107, 243, 124, 109]
[30, 18]
[234, 144, 14, 153, 154, 124, 108]
[208, 29]
[57, 49]
[234, 144, 14, 43, 34]
[27, 18, 41]
[121, 16]
[310, 258, 259]
[153, 154, 124, 108, 109]
[84, 99, 161]
[92, 18, 45]
[243, 124]
[62, 45]
[14, 34]
[62, 21]
[69, 107, 155]
[176, 117]
[62, 20, 279]
[84, 69, 107, 124, 109]
[154, 124, 108, 109]
[66, 227]
[68, 69, 107, 124, 243, 159]
[251, 231]
[84, 99]
[84, 69, 107, 124]
[237, 238]
[195, 3]
[14, 153, 154, 124, 243]
[107, 124, 243]
[253, 101]
[62, 20, 145]
[14, 15]
[234, 144, 14, 288]
[144, 14, 153, 154]
[107, 243, 124, 108, 133]
[62, 18, 41]
[69, 107, 243]
[148, 225, 18, 92]
[234, 144, 14, 153, 164]
[68, 69, 107, 265]
[84, 69, 107, 243, 159]
[254, 255]
[148, 18, 92]
[291, 30, 20, 125]
[14, 15, 306]
[84, 69, 107, 159]
[234, 144, 14]
[79, 23]
[84, 69, 107, 124, 108, 109]
[96, 197]
[158, 23]
[20, 70, 71]
[291, 30, 18, 41]
[163, 79]
[112, 88, 115]
[46, 79]
[168, 10]
[26, 27, 18, 41, 45]
[30, 20, 40]
[68, 69, 107, 155]
[223, 194]
[244, 202]
[68, 69, 107, 108, 133]
[112, 88]
[78, 79, 23]
[84, 69, 107, 243, 124, 108, 133]
[310, 258]
[153, 164]
[120, 121, 16]
[99, 191]
[84, 69, 107, 243]
[66, 40]
[4, 5]
[144, 14, 153, 154, 124, 108, 109]
[154, 124, 243, 159]
[250, 121, 16, 17]
[175, 18, 45]
[250, 121, 16]
[291, 30]
[69, 107, 124]
[84, 69, 107, 124, 243, 159]
[234, 144, 14, 153, 154]
[245, 246]
[146, 19]
[160, 161]
[144, 14, 153, 154, 124]
[14, 153, 164]
[124, 243, 159]
[188, 99, 191]
[30, 20, 79]
[149, 150]
[136, 137]
[234, 144, 14, 15, 306]
[68, 188, 99, 6, 7]
[68, 69, 107, 124, 196]
[134, 135, 197]
[37, 132, 133]
[124, 109]
[128, 129]
[0, 44]
[24, 25]
[30, 18, 19]
[62, 20, 130]
[84, 69, 107, 243, 124]
[15, 213]
[144, 14, 153, 154, 159]
[69, 107, 159]
[30, 20, 42]
