[1545, 983]
[843, 101]
[27, 301]
[46, 861]
[113, 1935]
[190, 777]
[421, 1121]
[821, 6]
[849, 1162]
[62, 1018]
[1118, 561]
[804, 624]
[1171, 825]
[278, 1347]
[714, 240]
[665, 1140]
[1546, 1647]
[2350, 1205]
[70, 358]
[112, 455]
[648, 649]
[83, 1515]
[54, 55]
[373, 825]
[903, 1067]
[1800, 421]
[2041, 2081]
[915, 1713]
[2005, 1344]
[941, 942]
[594, 763]
[2520, 930]
[193, 194]
[2486, 993]
[721, 502]
[1091, 69]
[1544, 2561]
[715, 2101]
[962, 1255]
[2553, 1530, 1531]
[2443, 2444]
[90, 2285]
[142, 414]
[2486, 1084]
[29, 358]
[113, 1934]
[1581, 18]
[514, 656]
[2108, 586]
[2389, 1210]
[1410, 1411]
[396, 524]
[618, 28]
[1304, 458]
[2092, 421]
[287, 288]
[1395, 407]
[2481, 1065]
[15, 839]
[328, 455]
[950, 463]
[1143, 479]
[1221, 201]
[2335, 1325]
[1539, 442]
[741, 250]
[2519, 172]
[1840, 1841]
[44, 500]
[1765, 39]
[233, 602]
[2150, 922]
[585, 586]
[1052, 1053]
[2547, 72]
[54, 310]
[95, 1760]
[567, 318]
[1401, 612]
[2420, 1434]
[1410, 263]
[127, 1]
[1176, 2418]
[879, 2580]
[2161, 2473]
[928, 59]
[340, 479]
[1866, 1438]
[33, 1482]
[359, 702]
[2065, 366]
[127, 2]
[737, 250]
[112, 329]
[1324, 609]
[140, 141]
[946, 59]
[2596, 559]
[965, 8]
[76, 2]
[2625, 288]
[2163, 1427]
[548, 326]
[153, 1247]
[1518, 660]
[762, 341]
[793, 414]
[1488, 201]
[25, 1485, 108]
[1354, 214]
[1992, 586]
[1563, 2039]
[2254, 22]
[818, 2331]
[149, 1108]
[2547, 73]
[340, 341]
[1352, 1255]
[720, 59]
[151, 192]
[86, 320]
[1420, 1424]
[1889, 549, 550, 39]
[333, 268]
[640, 1661]
[506, 507]
[2645, 923]
[775, 368]
[1357, 114]
[964, 517]
[2669, 2670]
[698, 2524]
[1863, 205]
[339, 55]
[1024, 82]
[1628, 2137]
[50, 2228]
[60, 1219]
[1402, 1282]
[1021, 18]
[900, 264]
[1922, 89]
[1734, 954]
[2476, 1426]
[102, 200]
[2126, 599]
[762, 479]
[25, 26, 108]
[208, 209]
[584, 776]
[9, 806]
[935, 358]
[570, 154]
[1219, 1138]
[585, 1036]
[1007, 1008]
[2150, 2341]
[2476, 1425]
[42, 401]
[868, 1388]
[1420, 1421]
[1437, 1438]
[2679, 1481]
[1402, 1284]
[359, 1797, 245, 246]
[734, 1071]
[2343, 425]
[1069, 2266]
[1699, 1555]
[2433, 3]
[842, 1709]
[365, 755]
[2396, 73]
[2476, 1424]
[62, 1147]
[55, 250]
[13, 14]
[738, 2660]
[2254, 2255]
[2102, 72]
[1556, 18]
[4, 2327]
[249, 55]
[1509, 2352]
[1334, 1335]
[1581, 16]
[652, 214]
[95, 598]
[177, 154]
[2396, 72]
[777, 55]
[1612, 2551]
[900, 66]
[640, 1353]
[626, 627]
[2025, 462]
[1890, 24]
[2114, 863]
[1111, 155]
[453, 386]
[774, 112]
[2102, 73]
[1626, 1627]
[185, 1084]
[1880, 37]
[1420, 1426]
[60, 2546]
[1848, 1849, 2233, 39]
[1111, 1464]
[31, 18]
[448, 394]
[1774, 1775, 1887, 39]
[233, 2608]
[2511, 885]
[972, 973]
[1500, 154]
[868, 336]
[1041, 1231]
[1822, 18]
[15, 967]
[1544, 1847]
[952, 250]
[1420, 1425]
[1902, 977]
[1814, 561]
[321, 799]
[1348, 1349, 1063, 39]
[667, 155]
[78, 1036]
[2476, 1421]
[496, 497]
[408, 409]
[323, 324]
[297, 89]
[264, 1388]
[721, 83]
[721, 451]
[328, 451]
[1047, 1370]
[2183, 1898]
[116, 776]
[267, 2199]
[1955, 288]
[644, 2027]
[15, 214]
[1109, 421]
[278, 462]
[958, 83]
[1318, 1472]
[291, 292]
[567, 271]
[476, 1923]
[1184, 2270]
[779, 18]
[1045, 861]
[687, 1622]
[64, 1247]
[60, 372]
[113, 61]
[1646, 18]
[422, 1990]
[250, 455]
[1049, 565, 4]
[2243, 2244]
[151, 421]
[655, 720]
[2064, 301]
[1611, 761]
[746, 747]
[576, 577]
[657, 658]
[1128, 559]
[445, 2129]
[1279, 382]
[76, 77]
[716, 55]
[1561, 41]
[350, 59]
[665, 666]
[102, 55]
[1498, 2620]
[2158, 658]
[140, 325]
[2544, 2572]
[568, 569]
[1947, 914]
[1299, 841]
[224, 2345]
[2627, 1096]
[1217, 1218]
[2388, 770]
[1266, 1777]
[1111, 1894]
[1928, 1929]
[603, 261]
[625, 18]
[1207, 178]
[933, 1763]
[1402, 732]
[280, 545]
[774, 250]
[1045, 686]
[76, 468]
[497, 955]
[5, 1415]
[151, 1144]
[858, 227]
[1810, 73]
[2582, 2393]
[1875, 81]
[952, 127]
[1241, 1242]
[464, 1586]
[1496, 1933]
[772, 773]
[584, 478]
[0, 137]
[824, 548]
[1163, 1108]
[1402, 1274]
[2386, 725]
[151, 686]
[2092, 192]
[780, 781]
[576, 578]
[62, 2294]
[1291, 1679]
[298, 2096]
[1402, 731]
[2064, 124]
[33, 184]
[452, 18]
[514, 1651]
[1854, 320]
[2400, 586]
[1810, 72]
[677, 580]
[818, 1757]
[795, 152]
[55, 83]
[367, 368]
[1402, 1275]
[526, 686]
[1682, 1683]
[878, 1082]
[849, 1520]
[250, 329]
[501, 55]
[537, 538]
[866, 867]
[2470, 803]
[2501, 1520]
[2113, 1389]
[2559, 22]
[1554, 2019]
[1206, 414]
[1276, 832]
[451, 455]
[1305, 561]
[1011, 624]
[2398, 2399]
[433, 768]
[635, 2391]
[790, 595]
[526, 421]
[1698, 1618]
[1114, 1115]
[1085, 638]
[1172, 1082]
[153, 154]
[170, 2381]
[1056, 651]
[1539, 1540]
[1948, 368]
[98, 1361]
[319, 1331]
[17, 326]
[251, 252]
[514, 476]
[1904, 1202]
[1722, 2631]
[991, 1787]
[145, 146]
[779, 421]
[95, 2293]
[994, 995]
[247, 248]
[923, 2295]
[11, 760]
[2522, 199]
[100, 1644]
[849, 2367]
[1795, 1796]
[162, 163]
[328, 329]
[1391, 468]
[1098, 409]
[2132, 1958]
[581, 2505]
[243, 244]
[1113, 301]
[557, 1976]
[102, 811]
[896, 897]
[876, 174]
[1165, 1166]
[1020, 279]
[420, 1144]
[30, 275]
[348, 2341]
[533, 2451]
[130, 334]
[181, 2]
[652, 967]
[1712, 1402]
[358, 1597]
[648, 955]
[691, 692]
[2032, 1466]
[2084, 2590]
[1324, 2516]
[451, 329]
[1289, 2479]
[851, 2395]
[337, 338]
[647, 41]
[182, 1170]
[1549, 1550]
[2577, 2578]
[60, 1295]
[1279, 301]
[1020, 322]
[644, 1393]
[1646, 1647]
[115, 407]
[2164, 840, 488, 39]
[748, 351]
[881, 290]
[2560, 1982]
[346, 459]
[371, 372]
[2596, 564]
[330, 185]
[2253, 1605]
[344, 1065]
[769, 610]
[785, 786]
[5, 6]
[1545, 841]
[433, 1427]
[2602, 2603]
[136, 137]
[321, 1255]
[737, 127]
[128, 129]
[346, 458]
[1984, 1985]
[456, 457]
[448, 449]
[95, 944]
[363, 364]
[1483, 458]
[102, 525]
[903, 668]
[2498, 2611]
[718, 1991]
[2156, 72]
[111, 82]
[1441, 1809]
[930, 28]
[2009, 72]
[798, 736]
[2386, 485]
[365, 949]
[685, 326]
[274, 275]
[652, 839]
[892, 1476]
[213, 133]
[309, 144]
[1007, 811]
[1246, 1320]
[344, 1909]
[1097, 970]
[365, 154]
[717, 310]
[1296, 955]
[2156, 73]
[191, 57]
[2009, 73]
[46, 47]
[62, 63]
[78, 2115]
[1289, 1290]
[516, 124]
[418, 1484]
[1394, 366]
[1512, 2380]
[249, 181]
[933, 934]
[340, 666]
[953, 114]
[235, 468]
[25, 329]
[2148, 1865]
[515, 954]
[460, 455]
[500, 24]
[1965, 564]
[844, 845]
[741, 112]
[1181, 624]
[45, 122]
[683, 407]
[684, 231]
[968, 498]
[2179, 1387]
[78, 1356]
[632, 1946]
[56, 421]
[1705, 482]
[174, 59]
[232, 127]
[420, 686]
[193, 2710]
[452, 124]
[86, 41]
[181, 1]
[542, 966]
[398, 767]
[1201, 1202]
[78, 1357]
[876, 548]
[282, 82]
[1395, 679]
[652, 351]
[420, 421]
[689, 2439]
[889, 611]
[1686, 693]
[1922, 1144]
[897, 1847]
[868, 503]
[276, 1736]
[1059, 1036]
[2070, 979]
[1331, 891]
[752, 479]
[33, 1494]
[180, 181]
[406, 279]
[779, 192]
[1010, 638]
[2695, 1166]
[95, 2229]
[204, 811]
[1109, 192]
[445, 2192]
[255, 2612]
[2523, 1787]
[136, 82]
[1466, 561]
[514, 515]
[45, 6]
[384, 250]
[17, 1108]
[267, 656]
[236, 1569]
[1254, 341]
[50, 1]
[132, 133]
[670, 1639]
[553, 2028]
[570, 2145]
[348, 261]
[407, 2]
[1172, 1148]
[82, 997]
[2696, 1281]
[2651, 2664]
[2326, 837]
[64, 261]
[54, 451]
[757, 525]
[153, 1677]
[1258, 1249]
[546, 479]
[332, 333]
[644, 2579]
[263, 1740]
[384, 127]
[90, 1252]
[715, 103]
[1028, 1029]
[526, 192]
[652, 356]
[232, 250]
[1707, 454]
[2413, 364]
[1156, 1157]
[113, 2529]
[2425, 1920]
[1878, 1879]
[1016, 811]
[2140, 2141]
[504, 1293]
[77, 2128]
[672, 1]
[1854, 87]
[270, 414]
[422, 2127]
[116, 1249]
[199, 525]
[1535, 2106]
[50, 906]
[348, 1898]
[182, 943]
[203, 71]
[2000, 22]
[45, 24]
[1790, 28]
[1402, 733]
[60, 221]
[501, 310]
[230, 154]
[1407, 1408]
[672, 2]
[758, 214]
[422, 2387]
[522, 409]
[1448, 1449]
[33, 2566]
[1057, 2575]
[553, 1269]
[407, 615]
[463, 30]
[258, 2355]
[1907, 1908]
[50, 377]
[1117, 82]
[1254, 479]
[546, 341]
[54, 144]
[371, 1219]
[876, 237]
[1798, 425]
[97, 540]
[2181, 2182]
[2295, 101]
[1041, 1903]
[100, 1464]
[103, 83]
[2392, 2393]
[938, 939]
[50, 112]
[1574, 1575]
[819, 30]
[1475, 301]
[1410, 868]
[1310, 305]
[2474, 288]
[829, 87]
[2411, 1368]
[1954, 638]
[1812, 1438]
[576, 614]
[991, 1823]
[109, 110]
[903, 1073]
[1539, 1867]
[315, 316]
[535, 885]
[910, 55]
[330, 1130]
[186, 2634]
[116, 1909]
[2306, 2307]
[2547, 69]
[132, 16]
[1364, 1715]
[746, 756]
[184, 185]
[1498, 1568]
[464, 2029]
[1640, 1641]
[1391, 329]
[133, 967]
[822, 823]
[2432, 1548]
[2662, 2258]
[2400, 1036]
[80, 81]
[1944, 1945]
[1475, 382]
[1410, 2240]
[50, 1828]
[741, 55]
[1302, 354]
[1280, 1667]
[140, 334]
[2494, 2495]
[1299, 983]
[726, 341]
[325, 861]
[2607, 2110]
[280, 538]
[481, 1108]
[56, 192]
[278, 279]
[2335, 2594]
[810, 660]
[126, 137]
[1511, 2307]
[2038, 1174]
[1602, 288]
[1232, 83]
[1343, 1344]
[573, 250]
[385, 131]
[1216, 341]
[439, 440]
[388, 341]
[2342, 284]
[2220, 410]
[356, 387]
[968, 1264]
[758, 356]
[197, 394]
[1176, 1177]
[1098, 523]
[1948, 1181]
[65, 178]
[1134, 638]
[2180, 1227]
[1092, 1093]
[1888, 242]
[452, 28]
[208, 18]
[2239, 174]
[1450, 2556]
[1473, 1474]
[986, 1540]
[734, 2628]
[140, 773]
[433, 755]
[1139, 500]
[1311, 600]
[827, 828]
[2536, 1787]
[50, 1168]
[1103, 1104]
[1454, 1481]
[594, 2374]
[1789, 1692]
[1378, 1036]
[726, 479]
[1538, 336]
[1406, 382]
[1480, 1551]
[959, 336]
[1045, 2515]
[1766, 1138]
[573, 1515]
[952, 112]
[698, 2703]
[653, 624]
[55, 103]
[446, 1240, 1078]
[626, 927]
[876, 2232]
[357, 1467]
[5, 122]
[1538, 1388]
[1436, 347]
[325, 863]
[1539, 1900]
[1226, 18]
[1167, 463]
[1869, 444]
[113, 630]
[1633, 811]
[202, 203]
[136, 250]
[1285, 82]
[463, 39]
[524, 763]
[278, 322]
[570, 1247]
[461, 279]
[315, 1883]
[78, 431]
[1148, 493]
[276, 1257]
[841, 624]
[573, 127]
[207, 89]
[1381, 2448]
[113, 764]
[1013, 231]
[510, 511]
[1111, 1644]
[267, 954]
[247, 1272]
[2709, 2110]
[1617, 22]
[404, 405]
[1070, 336]
[1047, 548]
[475, 138]
[2146, 2338]
[1161, 83]
[403, 356]
[1816, 825]
[2156, 69]
[1595, 1596]
[208, 16]
[2111, 214]
[777, 502]
[1128, 564]
[2314, 2315]
[1066, 89]
[1357, 1459]
[798, 912]
[255, 1377]
[853, 479]
[76, 82]
[350, 214]
[621, 622]
[1538, 1740]
[153, 1065]
[940, 525]
[369, 810]
[1271, 1358]
[1271, 971]
[371, 2248]
[1141, 2379]
[631, 124]
[2537, 2538]
[646, 18]
[17, 18]
[2286, 2287]
[441, 1805]
[1135, 1136]
[145, 463]
[276, 1303]
[371, 61]
[1793, 1855]
[689, 2088]
[260, 250]
[1576, 1557]
[1498, 2152]
[667, 72]
[78, 1219]
[2274, 2275]
[499, 500]
[631, 301]
[1560, 651]
[371, 1708]
[78, 383]
[437, 18]
[1678, 366]
[330, 1886]
[1810, 69]
[291, 2507]
[876, 2239]
[2161, 2162]
[76, 83]
[25, 451]
[1007, 205]
[1526, 619]
[1480, 2571]
[2068, 284]
[0, 250]
[1924, 629]
[1447, 337]
[1268, 897]
[1466, 261]
[1554, 1555]
[356, 693]
[2593, 2622]
[604, 605]
[1826, 326]
[1444, 1975]
[181, 328]
[2201, 2202]
[1139, 1658]
[1314, 1446]
[2174, 1442]
[915, 916]
[1480, 2136]
[195, 485]
[1844, 341]
[2189, 865]
[1870, 834]
[887, 1322]
[667, 73]
[113, 1017]
[445, 2424]
[876, 1213]
[2163, 1249]
[74, 125]
[774, 1168]
[1066, 2352]
[268, 954]
[632, 2353]
[1374, 954]
[1041, 2362]
[1501, 1502]
[794, 18]
[659, 811]
[1309, 523]
[1246, 154]
[790, 1900]
[1113, 1321]
[332, 655]
[1727, 545]
[836, 1697]
[397, 398]
[1441, 2573]
[2295, 1429]
[835, 87]
[2167, 325]
[1463, 1464]
[1690, 863]
[406, 462]
[1139, 499]
[1500, 667]
[653, 479]
[1016, 2078]
[533, 534]
[667, 832]
[2065, 478]
[1246, 1247]
[389, 242]
[1953, 82]
[1352, 799]
[1790, 1225]
[1781, 1988]
[70, 71]
[199, 200]
[350, 133]
[1259, 1260]
[1403, 2620]
[1208, 1557]
[553, 1785]
[335, 1976]
[1546, 59]
[501, 362, 108]
[78, 1585]
[1271, 248]
[846, 205]
[2024, 7]
[1951, 948]
[905, 1547]
[461, 736]
[374, 1690]
[313, 314]
[1688, 22]
[1816, 548]
[717, 127]
[381, 382]
[2104, 419]
[418, 419]
[1029, 6]
[208, 356]
[1277, 1278]
[637, 1227]
[1944, 510]
[392, 837]
[371, 221]
[78, 1017]
[2357, 1438]
[1291, 2364]
[1944, 511]
[730, 1284]
[795, 796]
[1326, 1319]
[1014, 1919]
[2641, 2642]
[2265, 288]
[228, 2277]
[900, 1740]
[1094, 315]
[166, 20]
[1265, 493]
[134, 28]
[309, 137]
[323, 471]
[432, 181]
[2511, 2419]
[140, 1600]
[1143, 368]
[1261, 962]
[446, 106]
[11, 792]
[653, 341]
[25, 1440, 0]
[217, 2276]
[730, 1282]
[57, 192]
[428, 888]
[547, 275]
[1065, 559]
[1096, 803]
[437, 1121]
[1916, 1082]
[236, 830]
[1625, 651]
[100, 966]
[2079, 2080]
[255, 1510]
[539, 387]
[1318, 393]
[1607, 1608]
[163, 1677]
[1192, 59]
[339, 137]
[83, 310]
[2452, 1862]
[60, 431]
[1011, 389]
[1117, 55]
[1246, 1909]
[1954, 22]
[662, 218]
[478, 559]
[1788, 624]
[371, 1732]
[1022, 799]
[1793, 1794]
[862, 863]
[1132, 73]
[700, 2044]
[159, 2209]
[1539, 595]
[1418, 1419]
[2651, 2652]
[1701, 1589, 173]
[573, 55]
[115, 468]
[718, 2171]
[113, 591]
[1005, 37]
[1545, 479]
[309, 310]
[698, 1786]
[213, 214]
[1965, 559]
[1132, 72]
[461, 912]
[450, 451]
[270, 318]
[1211, 1713]
[33, 2449]
[2290, 2291]
[2678, 59]
[1314, 1813]
[255, 2714]
[1066, 1081]
[2093, 69]
[230, 1247]
[642, 643]
[743, 1127]
[717, 250]
[603, 543]
[182, 292]
[2531, 2532]
[1587, 124]
[204, 205]
[480, 325]
[570, 178]
[542, 2145]
[138, 1387]
[1299, 479]
[300, 517]
[445, 299]
[1113, 2471]
[95, 221]
[776, 366]
[1520, 811]
[544, 545]
[319, 71]
[190, 407]
[448, 198]
[1117, 250]
[1057, 1058]
[2218, 305]
[1815, 254]
[1051, 1227]
[1464, 395, 101]
[424, 425]
[1034, 301]
[2121, 305]
[738, 739]
[2018, 1555]
[2500, 1967]
[2672, 559]
[646, 218]
[78, 327]
[78, 630]
[392, 485]
[1060, 288]
[1407, 1506]
[40, 87]
[230, 366]
[1268, 1510]
[501, 127]
[783, 1493]
[177, 178]
[619, 382]
[2058, 1352]
[485, 1082]
[718, 1507]
[1528, 1529]
[2376, 89]
[749, 750]
[644, 645]
[822, 651]
[29, 70]
[935, 30]
[956, 957]
[1961, 1015, 81]
[33, 2313]
[445, 2491]
[2621, 205]
[737, 181]
[2288, 2264]
[1031, 970]
[433, 434]
[1178, 2497]
[2076, 2077]
[399, 800]
[753, 754]
[0, 329]
[2221, 2222]
[801, 80]
[1563, 1564]
[2089, 2090]
[464, 1689]
[925, 301]
[1315, 660]
[332, 476]
[104, 105]
[1686, 59]
[33, 1116]
[230, 231]
[1535, 1446]
[1140, 638]
[2224, 2225]
[64, 65]
[1410, 66]
[1687, 499]
[89, 59]
[166, 1247]
[898, 899]
[1697, 393]
[163, 167]
[467, 1565]
[408, 523]
[1132, 69]
[1085, 37]
[210, 70]
[267, 590]
[2665, 2666]
[1045, 1543]
[76, 137]
[1412, 1227]
[2249, 1426]
[1020, 912]
[938, 2006]
[109, 1720]
[25, 398]
[876, 2683]
[357, 30]
[981, 22]
[1059, 57]
[1857, 1745]
[1441, 178]
[734, 1981]
[247, 971]
[435, 436]
[1279, 28]
[856, 857]
[1450, 1451]
[592, 593]
[2360, 1770]
[1332, 1333]
[1135, 1719]
[976, 318]
[68, 69]
[118, 119]
[1541, 469]
[2018, 2019]
[466, 467]
[48, 1843]
[1066, 1911]
[348, 366]
[1323, 382]
[982, 983]
[670, 671]
[2197, 2198]
[790, 1540]
[2084, 2085]
[2539, 24]
[1611, 214]
[1617, 1745]
[1171, 1917]
[2672, 564]
[900, 1263]
[2309, 2310]
[76, 55]
[46, 1126]
[2447, 487]
[233, 2144]
[848, 1072]
[348, 231]
[267, 1150]
[1651, 427]
[151, 1036]
[981, 1227]
[151, 57]
[2512, 1078]
[1235, 971]
[1477, 1065]
[78, 1932]
[878, 837]
[1016, 205]
[1233, 1001]
[1208, 1386]
[492, 493]
[1524, 478]
[1524, 345]
[1391, 407]
[655, 656]
[694, 891]
[480, 1508]
[460, 407]
[48, 2381]
[335, 557]
[140, 89]
[330, 2639]
[174, 326]
[255, 256]
[1024, 103]
[2386, 837]
[335, 1542]
[628, 301]
[992, 624]
[858, 859]
[357, 358]
[357, 661]
[1452, 1761]
[190, 103]
[744, 351]
[1039, 1040]
[2215, 650]
[2002, 1096]
[887, 888]
[1410, 1070]
[163, 1247]
[1047, 2062]
[100, 483]
[247, 1283]
[1666, 548]
[238, 239]
[255, 89]
[25, 310]
[603, 1247]
[433, 261]
[23, 6]
[584, 2480]
[2239, 1108]
[1838, 1422]
[2016, 22]
[202, 1605]
[1352, 1625]
[76, 398]
[263, 264]
[464, 1737]
[2707, 1787]
[27, 28]
[422, 2604]
[1450, 1763]
[1581, 133]
[1948, 479]
[2169, 1483]
[236, 789]
[623, 479]
[217, 2267]
[1090, 22]
[1010, 1227]
[1873, 822]
[314, 1510]
[397, 127]
[333, 427]
[1271, 1673]
[458, 459]
[446, 1685]
[78, 152]
[790, 442]
[464, 465]
[381, 1225]
[1500, 1247]
[77, 179]
[406, 322]
[1819, 1820]
[1196, 811]
[1948, 341]
[451, 83]
[235, 83]
[396, 2]
[1712, 730]
[481, 482]
[2506, 837]
[332, 514]
[715, 417]
[1222, 1223]
[527, 59]
[976, 271]
[2076, 2689]
[542, 178]
[1670, 1671]
[235, 329]
[1456, 791]
[2194, 863]
[925, 382]
[1396, 137]
[868, 1976]
[396, 679]
[1246, 1065]
[17, 1647]
[5, 24]
[332, 515]
[396, 1]
[1712, 731]
[54, 777]
[311, 59]
[1452, 1453]
[1814, 419]
[698, 2100]
[1051, 638]
[709, 710]
[1129, 157]
[590, 1923]
[473, 474]
[1300, 1301, 165]
[1267, 1121]
[558, 559]
[1398, 1399]
[849, 2347]
[233, 2325]
[1712, 732]
[599, 613]
[1337, 2334]
[1181, 479]
[270, 271]
[1868, 962]
[787, 347]
[78, 591]
[355, 356]
[2154, 651]
[1027, 1230]
[1712, 733]
[333, 1923]
[771, 69]
[897, 1982]
[1733, 682]
[2358, 1631]
[371, 1915]
[2083, 803]
[730, 72]
[752, 368]
[2146, 2147]
[1070, 1388]
[849, 2022]
[191, 152]
[78, 1025]
[797, 358]
[555, 837]
[253, 254]
[42, 2063]
[441, 595]
[546, 983]
[1844, 242]
[1942, 1943]
[553, 2401]
[211, 212]
[208, 214]
[212, 611]
[1255, 322]
[724, 725]
[78, 1026]
[1134, 22]
[358, 71]
[1041, 1042]
[730, 1275]
[874, 875, 1078]
[940, 200]
[2311, 955]
[441, 1867]
[102, 417]
[109, 884]
[887, 1081]
[1122, 666]
[2234, 2039]
[333, 606]
[95, 296]
[1375, 242]
[1246, 1565]
[1480, 1746]
[1027, 589]
[1431, 935]
[876, 1191]
[2256, 2257]
[730, 1274]
[2681, 1422]
[208, 2213]
[2668, 214]
[906, 1808]
[1101, 2304]
[504, 505]
[365, 261]
[142, 318]
[1210, 2167]
[1045, 47]
[1888, 624]
[1660, 101]
[1531, 1995]
[1569, 811]
[249, 83]
[1722, 1723]
[481, 236]
[255, 2060]
[2514, 1616, 1504, 39]
[1262, 914]
[371, 475]
[204, 2445]
[2390, 1426]
[21, 22]
[98, 99]
[1235, 1673]
[203, 694]
[190, 721]
[113, 296]
[1222, 2308]
[1703, 1704]
[1376, 642]
[278, 736]
[450, 310]
[339, 127]
[1378, 586]
[190, 417]
[1217, 234]
[567, 414]
[2463, 2023]
[413, 318]
[691, 993]
[876, 2082]
[876, 789]
[829, 320]
[136, 1294]
[544, 538]
[2390, 1424]
[332, 1782]
[253, 1199]
[771, 72]
[1416, 389]
[1059, 1144]
[1323, 301]
[182, 2404]
[249, 82]
[3, 2178]
[396, 407]
[2269, 205]
[2390, 1425]
[332, 1650]
[309, 127]
[771, 73]
[1998, 1999]
[42, 43, 201]
[298, 729]
[2632, 773]
[1498, 1499]
[190, 55]
[648, 1920]
[217, 218]
[560, 467]
[1123, 2044]
[78, 2708]
[142, 271]
[2125, 1432, 1433, 39]
[369, 1050]
[1403, 1744]
[2691, 35]
[1250, 1251, 220]
[928, 28]
[1554, 1700]
[853, 1383]
[1905, 1426]
[553, 1288]
[537, 545]
[670, 187]
[715, 127]
[58, 17]
[2701, 24]
[40, 320]
[2647, 507]
[797, 970]
[1806, 463]
[1045, 1126]
[102, 103]
[413, 271]
[123, 124]
[97, 214]
[450, 2101]
[790, 1845]
[450, 1749, 108]
[1068, 1069]
[1872, 28]
[1254, 368]
[109, 2567]
[109, 2434]
[711, 305]
[1175, 879]
[371, 2086]
[76, 329]
[278, 912]
[1376, 200]
[652, 59]
[95, 475]
[991, 485]
[610, 227]
[158, 159]
[2390, 1421]
[2518, 1328, 1329, 39]
[932, 2557]
[588, 1859]
[371, 1190]
[849, 2638]
[950, 30]
[417, 83]
[106, 107]
[785, 2062]
[230, 178]
[109, 2435]
[76, 502]
[718, 1931]
[1885, 1268]
[339, 250]
[173, 498]
[25, 1721]
[1059, 152]
[1316, 1317]
[1539, 1845]
[1601, 387]
[392, 1082]
[464, 820]
[1707, 386]
[1178, 1179]
[321, 410]
[95, 2464]
[2219, 710]
[717, 112]
[1361, 525]
[1172, 837]
[715, 919]
[853, 624]
[740, 18]
[82, 407]
[175, 176]
[2305, 1844]
[1204, 1483]
[113, 475]
[1856, 436]
[50, 51]
[2460, 1697]
[1352, 962]
[795, 192]
[838, 261]
[121, 122]
[937, 1765]
[642, 525]
[1151, 1152]
[1069, 2035]
[109, 269]
[181, 250]
[980, 678]
[1020, 736]
[846, 811]
[1336, 1078]
[15, 59]
[1512, 1513]
[93, 336]
[2466, 2467]
[100, 667]
[770, 660]
[553, 2354]
[919, 108]
[542, 543]
[597, 24]
[291, 943]
[2007, 2008]
[1264, 572]
[628, 28]
[489, 490]
[508, 509]
[1456, 294]
[311, 157]
[2383, 2599]
[1693, 586]
[1324, 1325]
[842, 200]
[1385, 1690]
[422, 886]
[667, 101]
[9, 10]
[165, 813]
[90, 2653]
[526, 57]
[795, 57]
[0, 451]
[27, 382]
[489, 2403]
[1214, 1215]
[581, 482]
[1383, 624]
[19, 178]
[1874, 725]
[935, 1715]
[255, 2069]
[460, 1168]
[1563, 1750]
[25, 250]
[1562, 670]
[991, 837]
[65, 154]
[2296, 2297]
[903, 2655]
[441, 1698]
[1375, 983]
[928, 218]
[846, 2462]
[748, 214]
[1238, 2694]
[911, 59]
[1400, 983]
[439, 552]
[807, 808, 220]
[777, 82]
[2084, 2097]
[1764, 1096]
[510, 1100]
[2671, 946]
[1359, 1360]
[102, 235]
[1715, 891]
[1016, 1228]
[306, 218]
[968, 1331]
[968, 1597]
[450, 55]
[202, 358]
[1305, 467]
[777, 83]
[619, 124]
[794, 326]
[182, 1470]
[1902, 271]
[276, 1102]
[337, 1205]
[984, 59]
[849, 990]
[2335, 324]
[1327, 616]
[2274, 1180]
[846, 288]
[100, 101]
[19, 20]
[260, 103]
[499, 23]
[2316, 122]
[777, 127]
[2279, 845]
[626, 2371]
[762, 624]
[257, 18]
[1405, 803]
[257, 1502]
[113, 1219]
[163, 154]
[730, 69]
[499, 24]
[433, 865]
[48, 1702]
[315, 2312]
[584, 261]
[2030, 1745]
[1379, 548]
[748, 59]
[228, 2583]
[2316, 6]
[350, 761]
[92, 87]
[684, 1899]
[1044, 968]
[60, 2378]
[566, 200]
[208, 351]
[140, 131]
[672, 407]
[648, 1442]
[783, 2614]
[276, 1417]
[356, 761]
[186, 2139]
[15, 351]
[722, 723]
[1045, 1600]
[2302, 89]
[1079, 1080]
[411, 1897]
[558, 564]
[2032, 569]
[2052, 678]
[2073, 2074]
[473, 152]
[1350, 1351]
[475, 2157]
[1511, 651]
[2258, 1152]
[812, 813]
[2206, 2207]
[833, 834]
[2041, 2042]
[632, 146]
[1140, 1127]
[432, 1294]
[876, 1108]
[480, 17]
[473, 18]
[876, 825]
[584, 1956]
[451, 407]
[1125, 1126]
[371, 296]
[1323, 28]
[1186, 1187]
[616, 651]
[1852, 572]
[1561, 320]
[190, 112]
[344, 117]
[280, 290]
[66, 1976]
[140, 268]
[228, 2587]
[23, 122]
[464, 1371]
[779, 1693]
[930, 382]
[717, 82]
[619, 301]
[673, 1308]
[2667, 120]
[789, 200]
[1653, 1444]
[250, 83]
[895, 666]
[599, 600]
[359, 360]
[1458, 87]
[1664, 41]
[1109, 57]
[892, 1312]
[15, 356]
[521, 651]
[2640, 988]
[687, 1949]
[1118, 467]
[831, 832]
[1211, 857]
[1684, 158]
[1959, 299]
[1443, 1967]
[772, 1218]
[838, 1247]
[535, 2175]
[621, 2001]
[233, 886]
[501, 721]
[741, 127]
[715, 55]
[330, 703]
[2154, 2155]
[1057, 1831]
[1238, 1239]
[573, 455]
[2544, 2545]
[1824, 1825]
[1396, 127]
[2051, 322]
[1434, 1435]
[2533, 305]
[447, 765]
[570, 543]
[740, 214]
[1628, 1629]
[584, 929]
[935, 517]
[371, 2570]
[579, 580]
[246, 1729]
[933, 1728]
[876, 759]
[151, 152]
[1902, 318]
[1045, 2241]
[100, 1565]
[1021, 59]
[1456, 6]
[942, 1446]
[181, 112]
[2230, 2231]
[93, 1263]
[83, 1]
[1237, 962]
[2072, 181]
[1386, 139]
[399, 296]
[826, 250]
[1033, 301]
[2506, 725]
[111, 250]
[946, 18]
[721, 417]
[1974, 538]
[1912, 564]
[83, 2]
[78, 79]
[289, 290]
[646, 59]
[217, 1930]
[1597, 572]
[233, 1009]
[2501, 2597]
[1818, 970]
[481, 157]
[1644, 2049]
[420, 57]
[1372, 1373]
[1222, 2629]
[653, 368]
[473, 1693]
[82, 83]
[36, 1227]
[3, 4]
[667, 1644]
[1996, 24]
[512, 513]
[553, 2698]
[1413, 1414]
[241, 841]
[1341, 1342]
[864, 30]
[422, 1638]
[2163, 1644]
[378, 121]
[1326, 393]
[397, 112]
[2010, 1429]
[853, 2153]
[1235, 1358]
[795, 421]
[632, 633]
[2174, 955]
[190, 1168]
[685, 863]
[1045, 1046]
[2661, 434]
[968, 572]
[90, 1527]
[1034, 28]
[683, 83]
[1776, 601]
[255, 1621]
[716, 250]
[644, 1830]
[2595, 2275]
[1394, 2003]
[298, 299]
[1069, 286]
[113, 2690]
[1964, 192]
[1337, 1338]
[2149, 1266]
[1457, 2134]
[363, 2699]
[1896, 1874]
[683, 329]
[925, 28]
[680, 681]
[1016, 1606]
[1780, 124]
[1029, 122]
[417, 455]
[1129, 312]
[810, 811]
[2271, 2272]
[655, 590]
[1041, 2298]
[428, 1330]
[156, 157]
[1842, 288]
[460, 112]
[2633, 1332]
[1325, 324]
[1416, 2047]
[433, 231]
[821, 122]
[104, 1594]
[503, 336]
[698, 1236]
[942, 1314]
[476, 477]
[1686, 356]
[428, 429]
[492, 1472]
[420, 2116]
[1583, 436]
[1581, 59]
[655, 1651]
[1113, 28]
[1762, 681]
[2430, 2043, 262]
[495, 200]
[1806, 146]
[276, 277]
[343, 296]
[945, 122]
[282, 112]
[48, 1652]
[843, 1429]
[2540, 591]
[1741, 955]
[1188, 466]
[293, 294]
[1148, 1149]
[50, 82]
[95, 1367]
[1306, 1307]
[50, 1245]
[1718, 825]
[2593, 916]
[1943, 2436]
[2185, 2186]
[2440, 2441]
[438, 2241]
[1441, 1837]
[82, 524]
[742, 32]
[2635, 366]
[1525, 660]
[1238, 811]
[159, 361]
[916, 2322]
[102, 115]
[182, 183]
[267, 268]
[109, 2422]
[715, 310]
[1321, 301]
[199, 1573]
[2203, 380]
[1544, 2299]
[2020, 2021]
[247, 1358]
[1734, 606]
[629, 618]
[97, 2054]
[413, 2637]
[560, 561]
[1279, 1225]
[1997, 192]
[2010, 2011]
[868, 557]
[637, 638]
[445, 583]
[1255, 799]
[628, 1225]
[263, 557]
[695, 39]
[716, 127]
[2292, 103]
[795, 998]
[238, 2040]
[2193, 1557]
[113, 1714]
[1874, 1697]
[1565, 20]
[752, 624]
[628, 629]
[1815, 1199]
[1324, 471]
[66, 1004]
[1221, 2330]
[1376, 2160]
[357, 517]
[417, 329]
[2348, 347]
[250, 407]
[50, 342]
[136, 55]
[2615, 1856]
[1730, 1731]
[903, 2704]
[1012, 705]
[2712, 725]
[353, 509]
[113, 221]
[1341, 1829]
[2323, 2090]
[576, 2373]
[97, 2711]
[140, 1490]
[1034, 1225]
[371, 2646]
[2123, 2124]
[476, 656]
[1780, 382]
[1715, 71]
[450, 919]
[1684, 874]
[2258, 2677]
[541, 32]
[2477, 2478]
[2261, 2262]
[928, 18]
[846, 847]
[1111, 1112]
[576, 2372]
[590, 656]
[420, 528]
[539, 540]
[1687, 1658]
[1040, 651]
[1403, 1404]
[1454, 1455]
[111, 127]
[2472, 644]
[236, 237]
[389, 841]
[274, 970]
[797, 172]
[335, 1388]
[44, 23]
[177, 543]
[309, 417]
[945, 6]
[838, 154]
[758, 693]
[48, 49]
[56, 57]
[1097, 275]
[1645, 782]
[147, 148]
[289, 1089]
[44, 24]
[1035, 1036]
[1747, 448]
[1444, 2591]
[2469, 3]
[50, 2135]
[228, 229]
[694, 695]
[1827, 18]
[130, 861]
[2026, 2027]
[887, 1379]
[2324, 22]
[1117, 103]
[142, 143]
[670, 2112]
[740, 356]
[1987, 1421]
[984, 1647]
[1936, 1937]
[783, 784]
[95, 1491]
[1940, 1941]
[974, 975]
[858, 611]
[962, 462]
[265, 266, 1511]
[325, 326]
[991, 1082]
[317, 318]
[584, 561]
[849, 2459]
[894, 281]
[484, 725]
[126, 103]
[78, 221]
[1710, 444]
[1312, 1855]
[2311, 2458]
[908, 2245]
[1479, 1108]
[1611, 540]
[267, 1923]
[1043, 425]
[734, 1963]
[1314, 2106]
[15, 16]
[1256, 1189]
[795, 1144]
[332, 2053]
[1148, 1319]
[587, 588]
[60, 814]
[453, 214]
[1005, 1127]
[127, 524]
[186, 1519]
[1539, 1805]
[113, 1972]
[938, 1131]
[1584, 723]
[433, 2530]
[1583, 1926]
[603, 178]
[282, 103]
[1045, 336]
[7, 8]
[790, 1698]
[230, 261]
[1238, 205]
[1524, 1909]
[1145, 1146, 1992]
[1664, 320]
[93, 94]
[2498, 2499]
[350, 16]
[663, 664]
[1901, 1787]
[1045, 773]
[52, 53]
[180, 137]
[80, 436]
[1141, 1142]
[652, 745]
[851, 2700]
[594, 906]
[1705, 1706]
[1057, 2534]
[1361, 200]
[1246, 478]
[1400, 841]
[1246, 345]
[594, 377]
[694, 1765]
[204, 369]
[797, 71]
[116, 117]
[250, 679]
[1441, 564]
[1872, 382]
[740, 351]
[240, 601]
[788, 2686]
[35, 6]
[1839, 146]
[519, 24]
[683, 468]
[100, 155]
[512, 651]
[249, 398]
[190, 127]
[819, 517]
[202, 1053]
[1582, 1583]
[1587, 28]
[392, 725]
[1576, 490]
[439, 218]
[2446, 572]
[202, 1715]
[19, 1247]
[1612, 1613]
[575, 244]
[1751, 1752]
[2268, 2117]
[441, 1900]
[1055, 1056]
[1184, 1778]
[3, 240]
[1389, 2131]
[472, 805]
[1167, 30]
[524, 1]
[255, 234]
[2180, 22]
[2460, 725]
[371, 814]
[461, 799]
[471, 472]
[1309, 409]
[1826, 863]
[96, 839]
[1817, 723]
[1580, 487]
[1000, 1234]
[447, 1078]
[2246, 2247]
[587, 1533]
[1159, 22]
[25, 83]
[725, 556]
[280, 281]
[365, 366]
[1537, 28]
[2490, 205]
[335, 1567]
[1074, 806]
[1111, 1851]
[698, 1054]
[212, 859]
[1675, 1676]
[174, 18]
[878, 725]
[795, 686]
[1253, 1091]
[587, 1534]
[1544, 1313]
[373, 374]
[25, 82]
[2237, 1502]
[1007, 2382]
[295, 82]
[783, 2405]
[1285, 137]
[1321, 28]
[968, 262]
[1645, 1390]
[113, 1357]
[1611, 2033]
[335, 1740]
[1503, 71]
[153, 20]
[0, 55]
[291, 1160]
[33, 809]
[1302, 82]
[317, 271]
[775, 623]
[2687, 24]
[2601, 2517, 337]
[1216, 624]
[1539, 2346]
[1561, 87]
[1139, 45]
[2453, 2247]
[668, 669]
[365, 231]
[328, 417]
[2016, 2017]
[748, 133]
[775, 624]
[2361, 290]
[25, 112]
[129, 589]
[140, 1543]
[991, 1697]
[1496, 1497]
[76, 112]
[846, 369]
[1235, 248]
[384, 55]
[1856, 1166]
[827, 1560]
[160, 161]
[647, 87]
[1014, 310]
[730, 73]
[249, 1019]
[452, 59]
[1315, 811]
[2332, 1332]
[180, 82]
[100, 154]
[625, 59]
[738, 2095]
[1280, 1281]
[1182, 1183]
[78, 2626]
[1800, 57]
[1783, 214]
[1246, 2301]
[1184, 1598]
[1078, 2103]
[881, 882]
[647, 320]
[2363, 2364]
[1475, 28]
[2109, 2110]
[1059, 796]
[900, 1070]
[1226, 1647]
[2165, 2166]
[2000, 638]
[2416, 2417]
[698, 699]
[309, 55]
[851, 2673]
[11, 2037]
[526, 152]
[295, 250]
[1013, 1899]
[461, 1434]
[542, 1112]
[786, 234]
[494, 495]
[787, 788]
[1458, 320]
[2093, 73]
[1204, 1205]
[100, 1247]
[1024, 55]
[86, 87]
[115, 329]
[1779, 1438]
[210, 935]
[677, 678]
[478, 564]
[8, 1415]
[1577, 1578]
[687, 1220]
[241, 983]
[2093, 72]
[881, 1495]
[1505, 1506]
[908, 1180]
[2526, 1982]
[1427, 755]
[441, 1845]
[165, 787]
[802, 803]
[492, 556]
[1601, 540]
[100, 2319]
[716, 82]
[2163, 1898]
[1069, 2715]
[876, 1569]
[196, 837]
[1684, 1685]
[734, 735]
[293, 791]
[403, 133]
[78, 61]
[1496, 1674]
[1989, 639, 38, 39]
[1872, 301]
[1788, 479]
[332, 2349]
[1609, 1610]
[435, 1449]
[2119, 4]
[2351, 2267]
[584, 1809]
[557, 1740]
[60, 1732]
[54, 103]
[352, 353]
[258, 259]
[2510, 560]
[1655, 955]
[311, 312]
[35, 2099]
[66, 1740]
[281, 883]
[1790, 382]
[1611, 967]
[640, 641]
[321, 1347]
[1725, 1726]
[1020, 799]
[922, 1428]
[687, 1223]
[238, 634]
[1322, 1379]
[982, 242]
[1003, 200]
[83, 455]
[126, 82]
[1291, 559]
[164, 165]
[498, 39]
[204, 2555]
[276, 1649]
[718, 719]
[1644, 366]
[887, 1066]
[2250, 2251]
[2385, 1958]
[1973, 1138]
[1475, 1225]
[790, 1867]
[632, 1982]
[132, 351]
[1359, 730]
[2337, 559]
[1770, 1773]
[1839, 30]
[2003, 843]
[914, 521]
[111, 112]
[1158, 250]
[1854, 41]
[134, 382]
[938, 1991]
[1768, 1769]
[1428, 101]
[1806, 30]
[1188, 1189]
[968, 891]
[535, 536]
[1143, 624]
[626, 962]
[1129, 2067]
[348, 178]
[250, 524]
[102, 127]
[779, 57]
[132, 59]
[446, 1110, 1078]
[263, 438]
[1917, 1108]
[418, 1921]
[56, 152]
[1395, 1]
[2369, 2370]
[1646, 59]
[50, 1919]
[64, 178]
[938, 2091]
[177, 2145]
[1865, 1700]
[186, 187]
[1804, 1387]
[33, 34]
[247, 1673]
[667, 380]
[2150, 2003]
[1224, 24]
[1198, 205]
[1111, 101]
[1101, 119]
[1041, 2226]
[859, 611]
[1176, 2468]
[819, 358]
[1734, 720]
[587, 778]
[829, 41]
[819, 661]
[2702, 2154]
[450, 82]
[219, 220]
[1611, 2643]
[402, 839]
[100, 1112]
[2058, 2059]
[95, 61]
[441, 442]
[546, 389]
[60, 135]
[450, 83]
[2542, 2543]
[514, 606]
[309, 2]
[782, 32]
[371, 2504]
[551, 552]
[1987, 1424]
[2079, 2688]
[397, 250]
[573, 958]
[516, 28]
[779, 152]
[206, 207]
[174, 1647]
[1005, 22]
[609, 472]
[25, 721]
[88, 325]
[1173, 1174]
[1465, 1466]
[1770, 1771]
[1987, 1425]
[1129, 877]
[1109, 152]
[952, 82]
[50, 331]
[1173, 490]
[715, 451]
[1912, 559]
[1077, 2429]
[222, 223]
[849, 1193]
[1987, 1426]
[25, 417]
[2047, 1011]
[460, 83]
[129, 1807, 1027]
[831, 1132]
[450, 250]
[2167, 2264]
[132, 214]
[151, 2116]
[235, 1]
[1322, 1066]
[659, 660]
[330, 2426]
[1858, 1891]
[712, 713]
[127, 407]
[418, 561]
[182, 2034]
[1402, 69]
[315, 2428]
[672, 83]
[235, 2]
[1164, 1690]
[774, 2]
[2337, 564]
[1286, 1287]
[50, 455]
[140, 686]
[748, 761]
[2216, 2217]
[1565, 1048]
[381, 301]
[1355, 246]
[783, 1212]
[1603, 1424]
[848, 4]
[603, 2145]
[2092, 57]
[388, 389]
[236, 2232]
[19, 154]
[445, 1006]
[199, 920]
[2300, 1138]
[1699, 1700]
[715, 144]
[548, 18]
[76, 127]
[1129, 382]
[2208, 2191]
[1603, 1426]
[1655, 1656]
[1603, 1425]
[1233, 1234]
[694, 572]
[2190, 2191]
[78, 475]
[1011, 983]
[2098, 1078]
[2592, 76]
[1468, 1118]
[113, 2437]
[309, 181]
[116, 1898]
[113, 1850]
[2196, 728]
[1122, 341]
[2552, 1255]
[1324, 324]
[422, 423]
[1623, 380]
[2179, 61]
[2563, 2564]
[129, 1230]
[1660, 380]
[938, 2450]
[92, 320]
[1880, 1227]
[849, 2623]
[255, 1592]
[255, 1023]
[460, 417]
[518, 205]
[11, 12]
[441, 1540]
[623, 624]
[524, 679]
[1246, 1711]
[95, 2394]
[938, 2015]
[1045, 325]
[1431, 2214]
[321, 736]
[2356, 2291]
[411, 91]
[1139, 7]
[250, 1395]
[691, 1864]
[2456, 2457]
[420, 152]
[1537, 382]
[1716, 1717]
[418, 697]
[2385, 324]
[849, 1860]
[1318, 556]
[1917, 374]
[190, 398]
[140, 861]
[1384, 954]
[217, 2278]
[2344, 288]
[1454, 2289]
[278, 410]
[2508, 2509]
[68, 72]
[1537, 1225]
[687, 1835]
[340, 624]
[1122, 479]
[446, 1636, 1078]
[876, 1566]
[1374, 656]
[371, 1133]
[25, 1168]
[515, 427]
[323, 609]
[539, 967]
[100, 1851]
[1207, 2145]
[1788, 341]
[1741, 1442]
[1106, 1107]
[2252, 638]
[437, 59]
[905, 220]
[610, 859]
[76, 120]
[913, 914]
[190, 137]
[1980, 948]
[730, 732]
[78, 296]
[1232, 235]
[406, 799]
[953, 1430]
[134, 301]
[824, 825]
[1666, 861]
[68, 73]
[210, 146]
[730, 733]
[326, 59]
[1466, 178]
[1391, 1]
[770, 811]
[2176, 2177]
[102, 250]
[196, 485]
[415, 1296]
[964, 30]
[734, 2402]
[321, 912]
[851, 2056]
[581, 157]
[1906, 18]
[1111, 667]
[295, 127]
[1623, 1624]
[1385, 1108]
[422, 2525]
[208, 59]
[1391, 2]
[1717, 651]
[1532, 382]
[1400, 479]
[267, 606]
[931, 932]
[369, 370]
[62, 1962]
[1016, 369]
[1693, 1036]
[1927, 710]
[1457, 234]
[730, 731]
[1222, 1696]
[1506, 69]
[2284, 288]
[226, 611]
[109, 1030]
[1033, 382]
[501, 83]
[335, 503]
[1441, 559]
[991, 725]
[1045, 503]
[1095, 1096]
[446, 874]
[54, 417]
[497, 415]
[1034, 382]
[1326, 1149]
[1014, 455]
[851, 2493]
[1603, 1421]
[1352, 462]
[371, 2461]
[190, 310]
[1065, 564]
[932, 651]
[482, 863]
[95, 1219]
[2317, 2318]
[172, 173]
[1037, 1038, 1657, 39]
[1532, 1225]
[1069, 1960]
[460, 137]
[825, 863]
[190, 82]
[402, 403]
[1944, 119]
[130, 131]
[1129, 421]
[826, 82]
[1492, 18]
[1208, 1209]
[1057, 2031]
[621, 1514]
[190, 83]
[1207, 543]
[2484, 2247]
[1044, 71]
[715, 777]
[350, 351]
[348, 1247]
[817, 2329]
[133, 693]
[1232, 329]
[224, 225]
[2138, 1332]
[861, 1108]
[1191, 205]
[1858, 1859]
[1318, 1319]
[2023, 651]
[596, 137]
[2133, 22]
[115, 83]
[2619, 1421]
[1238, 1643]
[1158, 137]
[232, 2]
[1726, 341]
[851, 2118]
[486, 487]
[207, 3]
[95, 924]
[60, 349]
[1014, 377]
[819, 1715]
[1968, 1969]
[2280, 435]
[1686, 18]
[1148, 1472]
[928, 382]
[321, 462]
[672, 468]
[17, 863]
[700, 701]
[1085, 1127]
[333, 590]
[357, 1715]
[392, 393]
[936, 937]
[2052, 580]
[29, 30]
[1395, 997]
[82, 2]
[100, 1894]
[835, 41]
[233, 1510]
[517, 970]
[835, 320]
[2326, 556]
[413, 414]
[378, 8]
[473, 421]
[838, 2168]
[1781, 611]
[1659, 1078]
[1410, 900]
[82, 1]
[267, 427]
[464, 1952]
[1011, 341]
[460, 55]
[667, 69]
[2676, 1285]
[720, 141]
[1888, 983]
[2409, 2410]
[522, 523]
[1383, 479]
[548, 59]
[947, 948]
[849, 2605]
[309, 82]
[190, 1273]
[250, 997]
[151, 528]
[89, 18]
[2598, 2257]
[359, 2407]
[1457, 2062]
[386, 387]
[212, 227]
[1022, 1347]
[616, 617]
[464, 1203]
[309, 83]
[2009, 69]
[384, 82]
[422, 2465]
[706, 205]
[2595, 1180]
[1331, 572]
[727, 728]
[450, 103]
[1465, 2415]
[727, 1268]
[82, 329]
[2675, 682]
[2574, 203]
[1364, 358]
[846, 1229]
[1312, 1313]
[2072, 77]
[886, 1594]
[1053, 694]
[921, 205]
[884, 1223]
[166, 167]
[836, 837]
[282, 137]
[2205, 69]
[0, 1]
[718, 2613]
[492, 1149]
[1546, 18]
[1868, 927]
[1579, 320]
[60, 475]
[819, 146]
[928, 301]
[1396, 83]
[2283, 205]
[257, 59]
[181, 82]
[619, 28]
[1814, 584]
[156, 312]
[1216, 242]
[2616, 2617]
[0, 2]
[2288, 89]
[570, 261]
[1611, 387]
[46, 1046]
[181, 83]
[1223, 2419]
[238, 1966]
[1123, 701]
[741, 181]
[2609, 2610, 2328, 39]
[495, 2173]
[718, 1194]
[775, 341]
[65, 261]
[1184, 1185]
[153, 1669]
[853, 854]
[33, 2227]
[25, 407]
[233, 491]
[817, 2636]
[238, 2066]
[1064, 1065]
[170, 1642]
[646, 301]
[1014, 1828]
[1844, 624]
[1271, 1272]
[233, 1292]
[177, 261]
[1325, 2482]
[140, 954]
[652, 761]
[849, 1409]
[40, 41]
[420, 192]
[716, 2]
[1577, 1615]
[1323, 1225]
[1412, 22]
[625, 301]
[1465, 561]
[2263, 984]
[1372, 1970]
[584, 366]
[93, 438]
[1375, 624]
[2454, 5]
[1222, 2200]
[1880, 1127]
[113, 114]
[821, 1627]
[673, 674]
[484, 837]
[367, 479]
[461, 462]
[464, 1169]
[838, 178]
[1500, 261]
[181, 407]
[2107, 107]
[1167, 146]
[584, 1679]
[1153, 1154]
[346, 347]
[82, 455]
[50, 2159]
[874, 106]
[1391, 83]
[50, 310]
[1790, 301]
[794, 863]
[785, 234]
[32, 59]
[95, 1298]
[941, 2106]
[1324, 1558]
[890, 366]
[78, 2075]
[2205, 72]
[910, 76]
[177, 1247]
[158, 106]
[537, 290]
[0, 112]
[1556, 32]
[102, 1991]
[1296, 1442]
[15, 761]
[283, 284]
[2205, 73]
[54, 2101]
[88, 2264]
[788, 459]
[446, 2414, 1078]
[116, 1427]
[83, 407]
[1200, 69]
[126, 127]
[1441, 584]
[1381, 1382]
[1441, 261]
[1111, 966]
[127, 329]
[1707, 214]
[1742, 1743]
[1379, 1380]
[82, 763]
[339, 181]
[892, 89]
[230, 949]
[233, 234]
[1297, 1298]
[1506, 72]
[1612, 87]
[1059, 192]
[694, 39]
[582, 521]
[9, 1075]
[241, 242]
[1041, 1248]
[553, 554]
[555, 556]
[1496, 2492]
[371, 2105]
[282, 127]
[603, 154]
[432, 137]
[1506, 73]
[454, 967]
[78, 114]
[367, 341]
[527, 18]
[88, 89]
[255, 2014]
[325, 1647]
[226, 227]
[1505, 1132]
[1074, 1075]
[36, 37]
[976, 977]
[451, 1]
[621, 989]
[864, 517]
[50, 751]
[2238, 2099]
[453, 454]
[262, 39]
[250, 2]
[715, 83]
[219, 2502]
[335, 336]
[492, 1319]
[2024, 2122, 24]
[1876, 1877]
[650, 1523]
[375, 376]
[2663, 813]
[1518, 811]
[451, 2]
[1057, 1882]
[783, 2333]
[1581, 356]
[250, 1]
[715, 82]
[1726, 479]
[446, 447]
[484, 485]
[1687, 7]
[1431, 2377]
[1798, 380]
[2383, 2384]
[170, 171]
[584, 1195]
[1219, 138]
[1222, 1445]
[790, 2346]
[625, 124]
[315, 2650]
[339, 1294]
[406, 410]
[1402, 73]
[2565, 361]
[356, 2054]
[1865, 2019]
[644, 2705]
[1389, 1390]
[35, 122]
[250, 2340]
[683, 1]
[344, 345]
[344, 478]
[1539, 1698]
[646, 28]
[1992, 1036]
[2024, 500]
[1374, 427]
[1402, 72]
[353, 1205]
[9, 308]
[390, 391]
[842, 2654]
[648, 1368]
[743, 37]
[855, 272, 273, 39]
[984, 985, 59]
[1826, 18]
[1581, 351]
[1235, 1283]
[718, 2004]
[1852, 1853]
[278, 799]
[683, 2]
[2026, 2579]
[95, 2050]
[295, 112]
[826, 2]
[1717, 2339]
[2187, 2188]
[2071, 1352]
[433, 178]
[752, 2047]
[1266, 84, 85]
[2010, 101]
[190, 451]
[884, 885]
[963, 908]
[247, 2260]
[406, 1347]
[646, 382]
[396, 83]
[396, 329]
[1291, 564]
[2693, 1268]
[1428, 1429]
[2541, 564]
[1703, 940]
[1029, 2099]
[2576, 658]
[581, 1108]
[1022, 279]
[2406, 2407]
[236, 1191]
[797, 1846]
[1500, 1464]
[430, 398]
[127, 455]
[1950, 1096]
[889, 227]
[333, 954]
[1014, 1]
[96, 97]
[978, 979]
[2658, 2659]
[1217, 888]
[818, 739]
[145, 30]
[44, 45]
[524, 76]
[2045, 2046]
[696, 0]
[542, 261]
[102, 76]
[1754, 83]
[1165, 436]
[2440, 200]
[2648, 2337]
[64, 20]
[1943, 651]
[1410, 2055]
[797, 1715]
[137, 354]
[450, 417]
[675, 676]
[190, 455]
[612, 600]
[672, 329]
[418, 1155]
[1634, 1635]
[127, 83]
[907, 908]
[321, 322]
[618, 301]
[2550, 1165]
[113, 869]
[2562, 1390]
[448, 10]
[726, 624]
[190, 1]
[190, 329]
[1059, 421]
[228, 185]
[365, 178]
[689, 690]
[2018, 1700]
[1137, 2157]
[2649, 1344]
[495, 525]
[1653, 1654]
[1559, 1560]
[531, 532, 951, 39]
[1069, 1971]
[190, 2]
[190, 328]
[1685, 1078]
[415, 416]
[1148, 556]
[950, 146]
[70, 1264]
[520, 521]
[1077, 87]
[790, 1805]
[0, 407]
[2072, 82]
[740, 59]
[44, 5]
[831, 1429]
[202, 937]
[102, 329]
[473, 57]
[2624, 1605]
[2600, 414]
[236, 2082]
[876, 877]
[1505, 69]
[138, 139]
[74, 75]
[90, 91]
[782, 18]
[282, 250]
[1957, 1958]
[718, 2423]
[58, 59]
[889, 859]
[1705, 157]
[1035, 586]
[184, 993]
[2, 2101]
[1266, 530]
[2618, 1531]
[1122, 624]
[1318, 493]
[7, 24]
[1364, 70]
[1480, 1833]
[2210, 366]
[102, 82]
[2396, 69]
[941, 1535]
[1695, 1421]
[1801, 1802]
[1002, 837]
[748, 16]
[236, 759]
[2108, 1036]
[1163, 1164]
[54, 127]
[190, 502]
[986, 1618]
[436, 1588]
[742, 863]
[9, 449]
[1486, 1487]
[618, 124]
[979, 1625]
[417, 1]
[1416, 341]
[960, 961]
[687, 688]
[1007, 2496]
[1705, 1108]
[113, 383]
[868, 1263]
[392, 1787]
[182, 1993]
[424, 2427]
[1386, 1387]
[668, 6]
[793, 318]
[1633, 660]
[918, 101]
[417, 2]
[1662, 1260]
[1918, 1770]
[1836, 3]
[594, 1]
[166, 154]
[348, 949]
[741, 82]
[233, 969]
[460, 250]
[406, 912]
[1200, 72]
[191, 192]
[2252, 1227]
[371, 431]
[650, 651]
[826, 137]
[1059, 998]
[1443, 1444]
[992, 341]
[383, 773]
[901, 902]
[54, 919]
[2169, 2170]
[862, 32]
[291, 1895]
[793, 271]
[195, 196]
[1520, 1137]
[1129, 18]
[1524, 117]
[450, 354]
[895, 36]
[2569, 1347]
[126, 250]
[1734, 1735]
[54, 83]
[2324, 2554]
[348, 154]
[111, 137]
[2644, 288]
[168, 169, 974]
[1406, 629]
[50, 1014]
[654, 205]
[1489, 487]
[367, 841]
[1289, 1884]
[753, 2117]
[774, 127]
[417, 407]
[54, 82]
[64, 154]
[1331, 694]
[1496, 1834]
[1800, 192]
[1200, 73]
[798, 799]
[2513, 1877]
[1040, 2438]
[422, 2455]
[1948, 624]
[596, 55]
[76, 417]
[652, 16]
[1687, 500]
[2057, 710]
[698, 1753]
[1658, 24]
[23, 24]
[335, 1263]
[25, 2]
[2682, 1852]
[1318, 1149]
[984, 18]
[911, 18]
[938, 2204]
[553, 1244]
[1045, 89]
[257, 209]
[25, 1]
[685, 18]
[224, 1577]
[1271, 1283]
[870, 871]
[1074, 308]
[397, 82]
[321, 1985]
[744, 745]
[618, 382]
[635, 2242]
[121, 6]
[95, 431]
[113, 1748]
[397, 83]
[635, 636]
[1204, 347]
[115, 2]
[317, 414]
[1865, 1555]
[1978, 1979]
[1216, 368]
[982, 624]
[903, 904]
[610, 611]
[648, 1799, 244]
[466, 561]
[19, 261]
[180, 127]
[1077, 2397]
[2692, 1709]
[779, 474]
[344, 1711]
[804, 341]
[1784, 24]
[115, 1]
[480, 59]
[60, 61]
[499, 965]
[29, 1715]
[197, 198]
[502, 0]
[379, 380]
[473, 192]
[388, 368]
[1758, 1091]
[304, 305]
[249, 127]
[2383, 2684]
[1855, 32]
[991, 393]
[1413, 1460]
[406, 736]
[1726, 841]
[113, 431]
[1925, 1926]
[1076, 572]
[392, 1823]
[1818, 275]
[378, 1415]
[191, 421]
[33, 1648]
[260, 82]
[1601, 967]
[378, 24]
[438, 59]
[460, 1]
[407, 83]
[399, 400]
[863, 59]
[337, 1862]
[76, 103]
[90, 2303]
[411, 412]
[1480, 1481]
[1197, 586]
[579, 678]
[1088, 1089]
[992, 479]
[441, 986]
[432, 127]
[492, 393]
[238, 1339]
[2674, 288]
[497, 1442]
[186, 1639]
[0, 83]
[541, 18]
[439, 2487]
[1242, 1392]
[2172, 723]
[130, 1490]
[31, 32]
[2440, 525]
[1822, 32]
[325, 18]
[1032, 1033]
[642, 2548]
[876, 917]
[1938, 1745]
[60, 296]
[1457, 786]
[1087, 124]
[2102, 69]
[1906, 32]
[1758, 1759]
[817, 818]
[2119, 2120]
[1246, 117]
[1047, 786]
[1137, 1138]
[386, 540]
[1049, 3]
[1243, 205]
[2363, 1104]
[1291, 929]
[804, 479]
[851, 852]
[797, 2061]
[1079, 2412]
[1410, 2488]
[439, 2223]
[430, 127]
[821, 973]
[300, 30]
[65, 1247]
[568, 1048]
[469, 651]
[547, 970]
[317, 1397]
[126, 112]
[2143, 811]
[1057, 1871]
[2706, 1881, 974]
[775, 479]
[235, 407]
[1907, 2151]
[102, 451]
[2585, 2586]
[180, 55]
[965, 24]
[29, 517]
[910, 83]
[1210, 548]
[1254, 624]
[1579, 87]
[1456, 122]
[2588, 2589]
[2295, 380]
[926, 927]
[1772, 205]
[226, 859]
[980, 580]
[2475, 305]
[1091, 72]
[612, 613]
[1695, 1425]
[1020, 462]
[2107, 2336]
[1011, 479]
[230, 755]
[1197, 1036]
[1422, 1423]
[1619, 1620]
[208, 133]
[1143, 341]
[1525, 811]
[1061, 1062]
[113, 1124]
[1069, 2558]
[153, 167]
[504, 1369]
[1091, 73]
[1235, 1272]
[1695, 1424]
[1000, 1001]
[1536, 803]
[118, 2304]
[2023, 2259]
[92, 41]
[356, 540]
[249, 250]
[2084, 2184]
[445, 2094]
[399, 221]
[60, 1133]
[102, 2]
[204, 2657]
[228, 1471]
[2087, 676]
[1590, 1591]
[365, 1247]
[1505, 73]
[1119, 1120]
[922, 923]
[1509, 1510]
[1056, 1977]
[255, 1570]
[1431, 2235]
[102, 83]
[2527, 2528]
[962, 651]
[2541, 559]
[1505, 72]
[1637, 1320]
[2206, 2685]
[644, 1803]
[295, 103]
[102, 766, 83]
[903, 1672]
[546, 624]
[44, 7]
[469, 470]
[1364, 1467]
[1242, 1308]
[253, 2408]
[2281, 2282]
[2195, 1787]
[140, 1665]
[704, 705]
[1087, 382]
[537, 281]
[242, 479]
[2584, 2244]
[191, 686]
[743, 22]
[501, 502]
[1755, 1756]
[432, 250]
[2036, 302, 303, 39]
[233, 89]
[2619, 1424]
[460, 2]
[682, 651]
[42, 1694]
[1285, 103]
[1839, 463]
[584, 2581]
[132, 761]
[1687, 45]
[1031, 275]
[357, 146]
[464, 2483]
[2619, 1425]
[2359, 512]
[1458, 41]
[1718, 325]
[1664, 87]
[1059, 686]
[2619, 1426]
[958, 137]
