2,3
2,3,48
2,3,130
2,3,400
2,3,507
2,3,742
2,3,1384
3,48
3,130
3,400
3,507
3,742
3,1384
22,23
22,23,284
22,23,407
22,23,901
22,23,905
22,23,1274
22,23,1433
22,23,1472
22,23,1552
22,23,1555
23,284
23,407
23,901
23,905
23,1274
23,1433
23,1472
23,1552
23,1555
36,37
36,37,62,61
36,37,62,153,63,61
36,37,62,64,61
36,37,62,66,61
36,37,62,63,61
36,37,62
36,37,62,153,63
36,37,62,64,61,63
36,37,62,66,61,63
36,37,62,63
36,37,62,153,63,61,64
36,37,62,64
36,37,62,66,61,64
36,37,62,61,65
36,37,62,153,63,61,65
36,37,62,64,61,65
36,37,62,66,61,65
36,37,62,63,61,65
36,37,62,153,63,61,66
36,37,62,66
36,37,62,153
36,37,62,566
36,37,62,1271,1270,566
36,37,62,1051
36,37,62,566,1270
36,37,62,1271,1270
36,37,62,1271
36,37,62,61,63,73
36,37,62,153,63,73
36,37,62,64,61,63,73
36,37,62,66,61,63,73
36,37,62,63,73
37,62,61
37,62,153,63,61
37,62,64,61
37,62,66,61
37,62,63,61
37,62
37,62,153,63
37,62,64,61,63
37,62,66,61,63
37,62,63
37,62,153,63,61,64
37,62,64
37,62,66,61,64
37,62,61,65
37,62,153,63,61,65
37,62,64,61,65
37,62,66,61,65
37,62,63,61,65
37,62,153,63,61,66
37,62,66
37,62,153
37,62,566
37,62,1271,1270,566
37,62,1051
37,62,566,1270
37,62,1271,1270
37,62,1271
37,62,61,63,73
37,62,153,63,73
37,62,64,61,63,73
37,62,66,61,63,73
37,62,63,73
39,40
48,3,130
48,3,400
48,3,507
48,3,742
48,3,1384
54,55
54,56
54,56,1257
54,56,1096
55,54,56
55,54,56,1257
55,54,56,1096
56,1257
56,1096
61,62
61,63,153,62
61,63,62
61,64,62
61,66,62
61,63
61,64,62,153,63
61,64,62,63
61,66,62,153,63
61,66,62,63
61,64
61,66,62,64
61,65
61,66
61,62,153
61,63,153
61,64,62,153
61,66,62,153
61,62,566
61,62,1271,1270,566
61,63,153,62,566
61,63,153,62,1271,1270,566
61,63,62,566
61,63,62,1271,1270,566
61,64,62,566
61,64,62,1271,1270,566
61,66,62,566
61,66,62,1271,1270,566
61,62,1051
61,63,153,62,1051
61,63,62,1051
61,64,62,1051
61,66,62,1051
61,62,566,1270
61,62,1271,1270
61,63,153,62,566,1270
61,63,153,62,1271,1270
61,63,62,566,1270
61,63,62,1271,1270
61,64,62,566,1270
61,64,62,1271,1270
61,66,62,566,1270
61,66,62,1271,1270
61,62,1271
61,63,153,62,1271
61,63,62,1271
61,64,62,1271
61,66,62,1271
61,62,153,63,73
61,62,63,73
61,63,73
61,64,62,153,63,73
61,64,62,63,73
61,66,62,153,63,73
61,66,62,63,73
62,153,63
62,63
62,64
62,61,65
62,153,63,61,65
62,64,61,65
62,66,61,65
62,63,61,65
62,66
62,153
62,566
62,1271,1270,566
62,1051
62,566,1270
62,1271,1270
62,1271
62,153,63,73
62,63,73
63,61,64
63,61,66,62,64
63,153,62,64
63,153,62,66,61,64
63,62,64
63,61,65
63,153,62,64,61,65
63,153,62,66,61,65
63,62,64,61,65
63,62,66,61,65
63,61,66
63,153,62,66
63,62,66
63,153
63,61,64,62,566
63,61,64,62,1271,1270,566
63,61,66,62,566
63,61,66,62,1271,1270,566
63,153,62,566
63,153,62,1271,1270,566
63,62,566
63,62,1271,1270,566
63,61,64,62,1051
63,61,66,62,1051
63,153,62,1051
63,62,1051
63,61,64,62,566,1270
63,61,64,62,1271,1270
63,61,66,62,566,1270
63,61,66,62,1271,1270
63,153,62,566,1270
63,153,62,1271,1270
63,62,566,1270
63,62,1271,1270
63,61,64,62,1271
63,61,66,62,1271
63,153,62,1271
63,62,1271
63,73
64,61,65
64,62,66,61,65
64,61,66
64,62,66
64,61,63,153
64,61,66,62,153
64,62,153
64,61,63,153,62,566
64,61,63,153,62,1271,1270,566
64,61,66,62,566
64,61,66,62,1271,1270,566
64,62,566
64,62,1271,1270,566
64,61,63,153,62,1051
64,61,66,62,1051
64,62,1051
64,61,63,153,62,566,1270
64,61,63,153,62,1271,1270
64,61,66,62,566,1270
64,61,66,62,1271,1270
64,62,566,1270
64,62,1271,1270
64,61,63,153,62,1271
64,61,66,62,1271
64,62,1271
64,61,63,73
64,61,66,62,153,63,73
64,61,66,62,63,73
64,62,153,63,73
64,62,63,73
65,61,66
65,61,62,153
65,61,63,153
65,61,64,62,153
65,61,66,62,153
65,61,62,566
65,61,62,1271,1270,566
65,61,63,153,62,566
65,61,63,153,62,1271,1270,566
65,61,63,62,566
65,61,63,62,1271,1270,566
65,61,64,62,566
65,61,64,62,1271,1270,566
65,61,66,62,566
65,61,66,62,1271,1270,566
65,61,62,1051
65,61,63,153,62,1051
65,61,63,62,1051
65,61,64,62,1051
65,61,66,62,1051
65,61,62,566,1270
65,61,62,1271,1270
65,61,63,153,62,566,1270
65,61,63,153,62,1271,1270
65,61,63,62,566,1270
65,61,63,62,1271,1270
65,61,64,62,566,1270
65,61,64,62,1271,1270
65,61,66,62,566,1270
65,61,66,62,1271,1270
65,61,62,1271
65,61,63,153,62,1271
65,61,63,62,1271
65,61,64,62,1271
65,61,66,62,1271
65,61,62,153,63,73
65,61,62,63,73
65,61,63,73
65,61,64,62,153,63,73
65,61,64,62,63,73
65,61,66,62,153,63,73
65,61,66,62,63,73
66,61,63,153
66,62,153
66,61,63,153,62,566
66,61,63,153,62,1271,1270,566
66,62,566
66,62,1271,1270,566
66,61,63,153,62,1051
66,62,1051
66,61,63,153,62,566,1270
66,61,63,153,62,1271,1270
66,62,566,1270
66,62,1271,1270
66,61,63,153,62,1271
66,62,1271
66,61,63,73
66,62,153,63,73
66,62,63,73
81,82
84,85
84,1196,1110,803,1060,1100,85
84,1100,85
84,85,679,158
84,1196,1110,803,1060,1100,85,679,158
84,1100,85,679,158
84,85,679
84,1196,1110,803,1060,1100,85,679
84,1100,85,679
84,85,1100,1060
84,1196,1110,803,1060
84,1100,1060
84,85,1100,1060,900
84,1196,1110,803,1060,900
84,1100,1060,900
84,85,1100,1060,803
84,1196,1110,803
84,1100,1060,803
84,85,1100,1060,803,1110,1066
84,1196,1110,1066
84,1100,1060,803,1110,1066
84,85,1100,1060,803,1110,1066,938
84,1196,1110,1066,938
84,1100,1060,803,1110,1066,938
84,1196,1110,803,1060,1100
84,1100
84,85,1100,1060,803,1110
84,1196,1110
84,1100,1060,803,1110
84,1196
84,85,1100,1060,803,1110,1196,254
84,1196,254
84,1100,1060,803,1110,1196,254
85,679,158
85,679
85,84,1196,1110,803,1060
85,1100,1060
85,84,1196,1110,803,1060,900
85,1100,84,1196,1110,803,1060,900
85,1100,1060,900
85,84,1196,1110,803
85,1100,84,1196,1110,803
85,1100,1060,803
85,84,1196,1110,1066
85,1100,84,1196,1110,1066
85,1100,1060,803,1110,1066
85,84,1196,1110,1066,938
85,1100,84,1196,1110,1066,938
85,1100,1060,803,1110,1066,938
85,1100
85,84,1196,1110
85,1100,84,1196,1110
85,1100,1060,803,1110
85,84,1196
85,1100,84,1196
85,1100,1060,803,1110,1196
85,84,1196,254
85,1100,84,1196,254
85,1100,1060,803,1110,1196,254
90,91
92,93
92,1226
92,1226,1061
93,92,1226
93,92,1226,1061
94,95
94,95,1461
94,95,1466,1465
94,95,1466,1465,199
94,95,1466
95,1461
95,1466,1465
95,1466,1465,199
95,1466
113,750
120,121
120,930
120,930,931
120,930,932
120,930,933
120,930,934
120,930,935
120,930,934,873
120,930,931,327
120,930,932,245
120,930,933,435
120,930,935,221
121,120,930
121,120,930,931
121,120,930,932
121,120,930,933
121,120,930,934
121,120,930,935
121,120,930,934,873
121,120,930,931,327
121,120,930,932,245
121,120,930,933,435
121,120,930,935,221
130,3,400
130,3,507
130,3,742
130,3,1384
135,136
135,137
135,136,1468
136,135,137
136,1468
137,135,136,1468
140,141
140,141,258
140,141,258,259
140,141,738
140,141,925
140,141,925,926
140,141,925,926,1032
140,141,258,259,1122
140,141,258,259,1524
141,258
141,258,259
141,738
141,925
141,925,926
141,925,926,1032
141,258,259,1122
141,258,259,1524
153,62,566
153,62,1271,1270,566
153,62,1051
153,62,566,1270
153,62,1271,1270
153,62,1271
153,63,73
158,679
158,679,85,84,1196,1110,803,1060
158,679,85,84,1100,1060
158,679,85,1100,1060
158,679,85,84,1196,1110,803,1060,900
158,679,85,84,1100,1060,900
158,679,85,1100,84,1196,1110,803,1060,900
158,679,85,1100,1060,900
158,679,85,84,1196,1110,803
158,679,85,84,1100,1060,803
158,679,85,1100,84,1196,1110,803
158,679,85,1100,1060,803
158,679,85,84,1196,1110,1066
158,679,85,84,1100,1060,803,1110,1066
158,679,85,1100,84,1196,1110,1066
158,679,85,1100,1060,803,1110,1066
158,679,85,84,1196,1110,1066,938
158,679,85,84,1100,1060,803,1110,1066,938
158,679,85,1100,84,1196,1110,1066,938
158,679,85,1100,1060,803,1110,1066,938
158,679,85,1100
158,679,85,84,1196,1110
158,679,85,84,1100,1060,803,1110
158,679,85,1100,84,1196,1110
158,679,85,1100,1060,803,1110
158,679,85,84,1196
158,679,85,1100,84,1196
158,679,85,1100,1060,803,1110,1196
158,679,85,84,1196,254
158,679,85,84,1100,1060,803,1110,1196,254
158,679,85,1100,84,1196,254
158,679,85,1100,1060,803,1110,1196,254
171,172
186,187
186,188
186,189
186,190
186,191
186,1479
186,1479,1259
186,1479,1280
186,1479,977
186,1479,1480
187,186,188
187,186,189
187,186,190
187,186,191
187,186,1479
187,186,1479,1259
187,186,1479,1280
187,186,1479,977
187,186,1479,1480
188,186,189
188,186,190
188,186,191
188,186,1479
188,186,1479,1259
188,186,1479,1280
188,186,1479,977
188,186,1479,1480
189,186,190
189,186,191
189,186,1479
189,186,1479,1259
189,186,1479,1280
189,186,1479,977
189,186,1479,1480
190,186,191
190,186,1479
190,186,1479,1259
190,186,1479,1280
190,186,1479,977
190,186,1479,1480
191,186,1479
191,186,1479,1259
191,186,1479,1280
191,186,1479,977
191,186,1479,1480
206,207
219,220
230,231
239,240
249,250
249,251
250,249,251
258,259
258,141,738
258,141,925
258,141,925,926
258,141,925,926,1032
258,259,1122
258,259,1524
259,258,141,738
259,258,141,925
259,258,141,925,926
259,258,141,925,926,1032
259,1122
259,1524
262,263
262,264,749,105,263
262,264,749,105,1444,398,263
262,264,1444,105,263
262,264,1444,398,263
262,264
262,265
262,266
262,267
262,268
262,263,105,749
262,263,105,1444,264,749
262,263,398,1444,105,749
262,263,398,1444,264,749
262,264,749
262,264,1444,105,749
262,263,105
262,263,398,1444,105
262,264,749,105
262,264,1444,105
262,264,1444,398,263,105
262,263,398
262,264,749,105,263,398
262,264,749,105,1444,398
262,264,1444,398
262,263,105,1444
262,263,398,1444
262,264,1444
262,263,105,749,264,1523
262,263,105,1444,264,1523
262,263,398,1444,105,749,264,1523
262,263,398,1444,264,1523
262,264,1523
262,263,105,749,264,1560
262,263,105,1444,264,1560
262,263,398,1444,105,749,264,1560
262,263,398,1444,264,1560
262,264,1560
263,262,264
263,105,749,264
263,105,1444,264
263,398,1444,105,749,264
263,398,1444,264
263,262,265
263,105,749,264,262,265
263,105,1444,264,262,265
263,398,1444,105,749,264,262,265
263,398,1444,264,262,265
263,262,266
263,105,749,264,262,266
263,105,1444,264,262,266
263,398,1444,105,749,264,262,266
263,398,1444,264,262,266
263,262,267
263,105,749,264,262,267
263,105,1444,264,262,267
263,398,1444,105,749,264,262,267
263,398,1444,264,262,267
263,262,268
263,105,749,264,262,268
263,105,1444,264,262,268
263,398,1444,105,749,264,262,268
263,398,1444,264,262,268
263,262,264,749
263,105,749
263,105,1444,264,749
263,398,1444,105,749
263,398,1444,264,749
263,105
263,398,1444,105
263,398
263,262,264,1444
263,105,1444
263,398,1444
263,262,264,1523
263,105,749,264,1523
263,105,1444,264,1523
263,398,1444,105,749,264,1523
263,398,1444,264,1523
263,262,264,1560
263,105,749,264,1560
263,105,1444,264,1560
263,398,1444,105,749,264,1560
263,398,1444,264,1560
264,262,265
264,262,266
264,262,267
264,262,268
264,749
264,1444,105,749
264,262,263,105
264,749,105
264,1444,105
264,1444,398,263,105
264,262,263,398
264,749,105,263,398
264,749,105,1444,398
264,1444,398
264,1444
264,1523
264,1560
265,262,266
265,262,267
265,262,268
265,262,263,105,749
265,262,263,105,1444,264,749
265,262,263,398,1444,105,749
265,262,263,398,1444,264,749
265,262,264,749
265,262,264,1444,105,749
265,262,263,105
265,262,263,398,1444,105
265,262,264,749,105
265,262,264,1444,105
265,262,264,1444,398,263,105
265,262,263,398
265,262,264,749,105,263,398
265,262,264,749,105,1444,398
265,262,264,1444,398
265,262,263,105,1444
265,262,263,398,1444
265,262,264,1444
265,262,263,105,749,264,1523
265,262,263,105,1444,264,1523
265,262,263,398,1444,105,749,264,1523
265,262,263,398,1444,264,1523
265,262,264,1523
265,262,263,105,749,264,1560
265,262,263,105,1444,264,1560
265,262,263,398,1444,105,749,264,1560
265,262,263,398,1444,264,1560
265,262,264,1560
266,262,267
266,262,268
266,262,263,105,749
266,262,263,105,1444,264,749
266,262,263,398,1444,105,749
266,262,263,398,1444,264,749
266,262,264,749
266,262,264,1444,105,749
266,262,263,105
266,262,263,398,1444,105
266,262,264,749,105
266,262,264,1444,105
266,262,264,1444,398,263,105
266,262,263,398
266,262,264,749,105,263,398
266,262,264,749,105,1444,398
266,262,264,1444,398
266,262,263,105,1444
266,262,263,398,1444
266,262,264,1444
266,262,263,105,749,264,1523
266,262,263,105,1444,264,1523
266,262,263,398,1444,105,749,264,1523
266,262,263,398,1444,264,1523
266,262,264,1523
266,262,263,105,749,264,1560
266,262,263,105,1444,264,1560
266,262,263,398,1444,105,749,264,1560
266,262,263,398,1444,264,1560
266,262,264,1560
267,262,268
267,262,263,105,749
267,262,263,105,1444,264,749
267,262,263,398,1444,105,749
267,262,263,398,1444,264,749
267,262,264,749
267,262,264,1444,105,749
267,262,263,105
267,262,263,398,1444,105
267,262,264,749,105
267,262,264,1444,105
267,262,264,1444,398,263,105
267,262,263,398
267,262,264,749,105,263,398
267,262,264,749,105,1444,398
267,262,264,1444,398
267,262,263,105,1444
267,262,263,398,1444
267,262,264,1444
267,262,263,105,749,264,1523
267,262,263,105,1444,264,1523
267,262,263,398,1444,105,749,264,1523
267,262,263,398,1444,264,1523
267,262,264,1523
267,262,263,105,749,264,1560
267,262,263,105,1444,264,1560
267,262,263,398,1444,105,749,264,1560
267,262,263,398,1444,264,1560
267,262,264,1560
268,262,263,105,749
268,262,263,105,1444,264,749
268,262,263,398,1444,105,749
268,262,263,398,1444,264,749
268,262,264,749
268,262,264,1444,105,749
268,262,263,105
268,262,263,398,1444,105
268,262,264,749,105
268,262,264,1444,105
268,262,264,1444,398,263,105
268,262,263,398
268,262,264,749,105,263,398
268,262,264,749,105,1444,398
268,262,264,1444,398
268,262,263,105,1444
268,262,263,398,1444
268,262,264,1444
268,262,263,105,749,264,1523
268,262,263,105,1444,264,1523
268,262,263,398,1444,105,749,264,1523
268,262,263,398,1444,264,1523
268,262,264,1523
268,262,263,105,749,264,1560
268,262,263,105,1444,264,1560
268,262,263,398,1444,105,749,264,1560
268,262,263,398,1444,264,1560
268,262,264,1560
282,165
284,23,407
284,23,901
284,23,905
284,23,1274
284,23,1433
284,23,1472
284,23,1552
284,23,1555
289,538
299,300
310,311
310,311,380
310,1144
310,1144,559
311,380
311,310,1144
311,310,1144,559
320,286
332,333
332,333,639
332,333,694
332,333,719
332,333,988
333,639
333,694
333,719
333,988
334,335
334,203
334,335,724
334,335,724,128
334,335,1058
334,335,1058,869
334,335,1136
334,335,1136,1137
334,335,1302
334,335,1302,1287
334,335,1427
334,335,1427,1346
335,334,203
335,724
335,724,128
335,1058
335,1058,869
335,1136
335,1136,1137
335,1302
335,1302,1287
335,1427
335,1427,1346
203,334,335,724
203,334,335,724,128
203,334,335,1058
203,334,335,1058,869
203,334,335,1136
203,334,335,1136,1137
203,334,335,1302
203,334,335,1302,1287
203,334,335,1427
203,334,335,1427,1346
338,9
338,339,366,9
338,340,366,9
338,341,367,365,366,9
338,341,366,9
338,365,366,9
338,339
338,340,366,339
338,341,367,365,366,339
338,341,366,339
338,365,366,339
338,340
338,341,367,365,366,340
338,341,366,340
338,365,366,340
338,341
338,365,366,341
338,365,367,341
338,365
338,9,366
338,339,366
338,340,366
338,341,367,365,366
338,341,366
338,365,366
338,9,366,365,367
338,9,366,341,367
338,339,366,365,367
338,339,366,341,367
338,340,366,365,367
338,340,366,341,367
338,341,367
338,365,367
338,9,366,365,367,341,799
338,9,366,341,799
338,339,366,365,367,341,799
338,339,366,341,799
338,340,366,365,367,341,799
338,340,366,341,799
338,341,799
338,365,366,341,799
338,365,367,341,799
9,338,339
9,338,340,366,339
9,338,341,367,365,366,339
9,338,341,366,339
9,338,365,366,339
9,366,339
9,338,340
9,338,341,367,365,366,340
9,338,341,366,340
9,338,365,366,340
9,366,340
9,338,341
9,338,365,366,341
9,338,365,367,341
9,366,365,367,341
9,366,341
9,338,365
9,366,365
9,366
9,338,339,366,365,367
9,338,339,366,341,367
9,338,340,366,365,367
9,338,340,366,341,367
9,338,341,367
9,338,365,367
9,366,365,367
9,366,341,367
9,338,339,366,365,367,341,799
9,338,339,366,341,799
9,338,340,366,365,367,341,799
9,338,340,366,341,799
9,338,341,799
9,338,365,366,341,799
9,338,365,367,341,799
9,366,365,367,341,799
9,366,341,799
339,338,340
339,338,341,367,365,366,340
339,338,341,366,340
339,338,365,366,340
339,366,340
339,338,341
339,338,365,366,341
339,338,365,367,341
339,366,365,367,341
339,366,341
339,338,365
339,366,365
339,366
339,338,340,366,365,367
339,338,340,366,341,367
339,338,341,367
339,338,365,367
339,366,365,367
339,366,341,367
339,338,340,366,365,367,341,799
339,338,340,366,341,799
339,338,341,799
339,338,365,366,341,799
339,338,365,367,341,799
339,366,365,367,341,799
339,366,341,799
340,338,341
340,338,365,366,341
340,338,365,367,341
340,366,365,367,341
340,366,341
340,338,365
340,366,365
340,366
340,338,341,367
340,338,365,367
340,366,365,367
340,366,341,367
340,338,341,799
340,338,365,366,341,799
340,338,365,367,341,799
340,366,365,367,341,799
340,366,341,799
341,338,365
341,367,365
341,366,365
341,367,365,366
341,366
341,367
341,799
344,345
344,346
344,345,319
345,344,346
345,319
346,344,345,319
360,361
360,362,1019,361
360,362
360,361,1019,362,426
360,362,426
360,361,1019,362,634
360,362,634
360,361,1019
360,362,1019
361,360,362
361,1019,362
361,360,362,426
361,1019,362,426
361,360,362,634
361,1019,362,634
361,1019
362,426
362,634
362,1019
365,366
365,367
365,366,341,799
365,338,341,799
365,367,341,799
366,365,367
366,341,367
366,365,367,341,799
366,341,799
367,341,799
380,311,310,1144
380,311,310,1144,559
386,387
391,392
391,1571
391,1571,212
392,391,1571
392,391,1571,212
393,394
393,395
393,394,870
393,394,1159,870
393,394,1159
393,394,1522
393,394,1522,618
393,394,1522,1519
394,393,395
394,870
394,1159,870
394,1159
394,1522
394,1522,618
394,1522,1519
395,393,394,870
395,393,394,1159,870
395,393,394,1159
395,393,394,1522
395,393,394,1522,618
395,393,394,1522,1519
400,3,507
400,3,742
400,3,1384
407,23,901
407,23,905
407,23,1274
407,23,1433
407,23,1472
407,23,1552
407,23,1555
417,418
417,418,476
417,418,533
417,418,588
417,418,1223,589,588
417,418,588,589
417,418,1223,589
417,418,764
417,418,588,589,1223,1222
417,418,1223,1222
417,418,588,589,1223,1222,192
417,418,1223,1222,192
417,418,1223
417,418,1308
418,476
418,533
418,588
418,1223,589,588
418,588,589
418,1223,589
418,764
418,588,589,1223,1222
418,1223,1222
418,588,589,1223,1222,192
418,1223,1222,192
418,1223
418,1308
426,362,634
426,362,1019
433,434
433,434,1072
433,434,1272
434,1072
434,1272
437,438
437,122,663,438
437,122,663,664,768,438
437,122,663,664,1399,438
437,122,768,438
437,122,768,664,1399,438
437,122,994,438
437,122,1399,438
437,122
437,438,663
437,438,768,122,663
437,438,768,122,1399,664,663
437,438,768,664,663
437,438,994,122,663
437,438,994,122,768,664,663
437,438,994,122,1399,664,663
437,438,1399,122,663
437,438,1399,664,663
437,122,663
437,122,768,664,663
437,122,1399,664,663
437,438,663,664
437,438,768,664
437,438,994,122,663,664
437,438,994,122,768,664
437,438,994,122,1399,664
437,438,1399,664
437,122,663,664
437,122,768,664
437,122,1399,664
437,438,768
437,438,994,122,768
437,438,994,122,1399,664,768
437,438,1399,122,768
437,438,1399,664,768
437,122,768
437,122,1399,664,768
437,438,994
437,438,1399,122,994
437,122,994
437,438,1399
437,122,1399
438,437,122
438,663,122
438,663,664,768,122
438,663,664,1399,122
438,768,122
438,768,664,1399,122
438,994,122
438,1399,122
438,663
438,768,122,663
438,768,122,1399,664,663
438,768,664,663
438,994,122,663
438,994,122,768,664,663
438,994,122,1399,664,663
438,1399,122,663
438,1399,664,663
438,437,122,663,664
438,437,122,768,664
438,437,122,1399,664
438,663,664
438,768,664
438,994,122,663,664
438,994,122,768,664
438,994,122,1399,664
438,1399,664
438,768
438,994,122,768
438,994,122,1399,664,768
438,1399,122,768
438,1399,664,768
438,994
438,1399,122,994
438,1399
122,663
122,768,664,663
122,1399,664,663
122,663,664
122,768,664
122,1399,664
122,768
122,1399,664,768
122,994
122,1399
449,108
449,108,514
449,108,687
449,108,965
108,514
108,687
108,965
459,456
472,307
476,418,533
476,418,588
476,418,1223,589,588
476,418,588,589
476,418,1223,589
476,418,764
476,418,588,589,1223,1222
476,418,1223,1222
476,418,588,589,1223,1222,192
476,418,1223,1222,192
476,418,1223
476,418,1308
480,481
480,481,1501
481,1501
496,281
496,204
281,496,204
498,475
498,499,1276,475
498,499
498,475,1276
498,499,1276
475,498,499
475,1276,499
475,1276
499,1276
507,3,742
507,3,1384
514,108,687
514,108,965
518,519
518,519,1177
518,519,1299
519,1177
519,1299
524,315
525,526
525,527
525,528
525,173
525,529
525,427
525,530
525,531
525,532
526,525,527
526,525,528
526,525,173
526,525,529
526,525,427
526,525,530
526,525,531
526,525,532
527,525,528
527,525,173
527,525,529
527,525,427
527,525,530
527,525,531
527,525,532
528,525,173
528,525,529
528,525,427
528,525,530
528,525,531
528,525,532
173,525,529
173,525,427
173,525,530
173,525,531
173,525,532
529,525,427
529,525,530
529,525,531
529,525,532
427,525,530
427,525,531
427,525,532
530,525,531
530,525,532
531,525,532
533,418,588
533,418,1223,589,588
533,418,588,589
533,418,1223,589
533,418,764
533,418,588,589,1223,1222
533,418,1223,1222
533,418,588,589,1223,1222,192
533,418,1223,1222,192
533,418,1223
533,418,1308
561,298
566,62,1051
566,1270,1271,62,1051
566,1270
566,62,1271
566,1270,1271
566,62,61,63,73
566,62,153,63,73
566,62,64,61,63,73
566,62,66,61,63,73
566,62,63,73
566,1270,1271,62,61,63,73
566,1270,1271,62,153,63,73
566,1270,1271,62,64,61,63,73
566,1270,1271,62,66,61,63,73
566,1270,1271,62,63,73
567,88
567,88,1381
88,1381
568,569
576,98
576,98,1156
98,1156
577,578
577,578,1028
578,1028
580,581
580,1199
581,580,1199
584,585
586,587
586,587,675
586,1104
586,587,1530
586,587,1530,425
586,587,1530,1062
587,675
587,586,1104
587,1530
587,1530,425
587,1530,1062
588,589
588,418,764
588,589,1223,418,764
588,418,1223,1222
588,589,1223,1222
588,418,1223,1222,192
588,589,1223,1222,192
588,418,1223
588,589,1223
588,418,1308
588,589,1223,418,1308
589,588,418,764
589,1223,418,764
589,1223,1222
589,1223,1222,192
589,1223
589,588,418,1308
589,1223,418,1308
598,599
600,601
604,462
604,605
462,604,605
621,509
622,623
622,623,834
622,623,885
623,834
623,885
639,333,694
639,333,719
639,333,988
648,645
648,649
648,649,1017
645,648,649
645,648,649,1017
649,1017
659,660
659,814
660,659,814
663,664
663,438,768
663,438,994,122,768
663,438,994,122,1399,664,768
663,438,1399,122,768
663,438,1399,664,768
663,122,768
663,122,1399,664,768
663,664,768
663,438,994
663,438,1399,122,994
663,122,994
663,664,768,438,994
663,664,768,122,994
663,664,1399,438,994
663,664,1399,122,994
663,438,1399
663,122,1399
663,664,1399
664,768
664,663,438,994
664,663,122,994
664,768,438,994
664,768,122,994
664,1399,438,994
664,1399,122,994
664,1399
665,666
665,666,336,1448
665,666,336
665,666,1470
666,336,1448
666,336
666,1470
675,587,586,1104
675,587,1530
675,587,1530,425
675,587,1530,1062
679,85,84,1196,1110,803,1060
679,85,84,1100,1060
679,85,1100,1060
679,85,84,1196,1110,803,1060,900
679,85,84,1100,1060,900
679,85,1100,84,1196,1110,803,1060,900
679,85,1100,1060,900
679,85,84,1196,1110,803
679,85,84,1100,1060,803
679,85,1100,84,1196,1110,803
679,85,1100,1060,803
679,85,84,1196,1110,1066
679,85,84,1100,1060,803,1110,1066
679,85,1100,84,1196,1110,1066
679,85,1100,1060,803,1110,1066
679,85,84,1196,1110,1066,938
679,85,84,1100,1060,803,1110,1066,938
679,85,1100,84,1196,1110,1066,938
679,85,1100,1060,803,1110,1066,938
679,85,1100
679,85,84,1196,1110
679,85,84,1100,1060,803,1110
679,85,1100,84,1196,1110
679,85,1100,1060,803,1110
679,85,84,1196
679,85,1100,84,1196
679,85,1100,1060,803,1110,1196
679,85,84,1196,254
679,85,84,1100,1060,803,1110,1196,254
679,85,1100,84,1196,254
679,85,1100,1060,803,1110,1196,254
684,685
687,108,965
694,333,719
694,333,988
695,696
700,701
700,701,790
701,790
717,370
719,333,988
721,722
724,128
724,335,1058
724,335,1058,869
724,335,1136
724,335,1136,1137
724,335,1302
724,335,1302,1287
724,335,1427
724,335,1427,1346
128,724,335,1058
128,724,335,1058,869
128,724,335,1136
128,724,335,1136,1137
128,724,335,1302
128,724,335,1302,1287
128,724,335,1427
128,724,335,1427,1346
731,732
738,141,925
738,141,925,926
738,141,925,926,1032
738,141,258,259,1122
738,141,258,259,1524
742,3,1384
745,260
747,296
747,296,889
747,296,921
747,296,1083
747,296,1532
296,889
296,921
296,1083
296,1532
749,105
749,264,262,263,398
749,264,1444,398
749,105,263,398
749,105,1444,398
749,264,1444
749,105,1444
749,264,1523
749,105,1444,264,1523
749,264,1560
749,105,1444,264,1560
105,263,398
105,1444,398
105,1444
105,749,264,1523
105,263,262,264,1523
105,263,398,1444,264,1523
105,1444,398,263,262,264,1523
105,1444,264,1523
105,749,264,1560
105,263,262,264,1560
105,263,398,1444,264,1560
105,1444,398,263,262,264,1560
105,1444,264,1560
762,763
764,418,588,589,1223,1222
764,418,1223,1222
764,418,588,589,1223,1222,192
764,418,1223,1222,192
764,418,1223
764,418,1308
768,438,994
768,438,1399,122,994
768,122,994
768,664,1399,438,994
768,664,1399,122,994
768,438,1399
768,122,1399
768,664,1399
804,147
634,362,1019
826,612
828,829
831,183
835,453
398,1444
398,263,262,264,1523
398,263,105,749,264,1523
398,1444,105,749,264,1523
398,1444,264,1523
398,263,262,264,1560
398,263,105,749,264,1560
398,1444,105,749,264,1560
398,1444,264,1560
854,855
856,857
856,261
856,713
856,713,1464
856,713,1464,980
856,713,1464,14
856,713,1507
857,856,261
857,856,713
857,856,713,1464
857,856,713,1464,980
857,856,713,1464,14
857,856,713,1507
261,856,713
261,856,713,1464
261,856,713,1464,980
261,856,713,1464,14
261,856,713,1507
713,1464
713,1464,980
713,1464,14
713,1507
862,863
870,1159
870,394,1522
870,1159,394,1522
870,394,1522,618
870,1159,394,1522,618
870,394,1522,1519
870,1159,394,1522,1519
834,623,885
889,296,921
889,296,1083
889,296,1532
901,23,905
901,23,1274
901,23,1433
901,23,1472
901,23,1552
901,23,1555
903,904
905,23,1274
905,23,1433
905,23,1472
905,23,1552
905,23,1555
920,406
920,406,1045
406,1045
921,296,1083
921,296,1532
922,923
922,377
922,846
922,924
923,922,377
923,922,846
923,922,924
377,922,846
377,922,924
846,922,924
925,926
925,926,1032
925,141,258,259,1122
925,141,258,259,1524
926,1032
926,925,141,258,259,1122
926,925,141,258,259,1524
930,931
930,932
930,933
930,934
930,935
930,934,873
930,931,327
930,932,245
930,933,435
930,935,221
931,930,932
931,930,933
931,930,934
931,930,935
931,930,934,873
931,327
931,930,932,245
931,930,933,435
931,930,935,221
932,930,933
932,930,934
932,930,935
932,930,934,873
932,930,931,327
932,245
932,930,933,435
932,930,935,221
933,930,934
933,930,935
933,930,934,873
933,930,931,327
933,930,932,245
933,435
933,930,935,221
934,930,935
934,873
934,930,931,327
934,930,932,245
934,930,933,435
934,930,935,221
935,930,934,873
935,930,931,327
935,930,932,245
935,930,933,435
935,221
962,355
968,969
973,193
974,278
974,975
278,974,975
994,438,1399
994,122,1399
997,213
997,213,1261
213,1261
998,999
998,302
999,998,302
873,934,930,931,327
873,934,930,932,245
873,934,930,933,435
873,934,930,935,221
1020,1021
1020,309
1021,1020,309
1022,1023
1032,926,925,141,258,259,1122
1032,926,925,141,258,259,1524
1034,611
1051,62,566,1270
1051,62,1271,1270
1051,62,1271
1051,62,61,63,73
1051,62,153,63,73
1051,62,64,61,63,73
1051,62,66,61,63,73
1051,62,63,73
1054,337
1058,869
1058,335,1136
1058,335,1136,1137
1058,335,1302
1058,335,1302,1287
1058,335,1427
1058,335,1427,1346
869,1058,335,1136
869,1058,335,1136,1137
869,1058,335,1302
869,1058,335,1302,1287
869,1058,335,1427
869,1058,335,1427,1346
1060,900
1060,803
1060,803,1110,1066
1060,1100,85,84,1196,1110,1066
1060,1100,84,1196,1110,1066
1060,803,1110,1066,938
1060,1100,85,84,1196,1110,1066,938
1060,1100,84,1196,1110,1066,938
1060,1100
1060,803,1110
1060,1100,85,84,1196,1110
1060,1100,84,1196,1110
1060,803,1110,1196
1060,1100,85,84,1196
1060,1100,84,1196
1060,803,1110,1196,254
1060,1100,85,84,1196,254
1060,1100,84,1196,254
900,1060,803
900,1060,1100,84,1196,1110,803
900,1060,803,1110,1066
900,1060,1100,85,84,1196,1110,1066
900,1060,1100,84,1196,1110,1066
900,1060,803,1110,1066,938
900,1060,1100,85,84,1196,1110,1066,938
900,1060,1100,84,1196,1110,1066,938
900,1060,1100
900,1060,803,1110
900,1060,1100,85,84,1196,1110
900,1060,1100,84,1196,1110
900,1060,803,1110,1196
900,1060,1100,85,84,1196
900,1060,1100,84,1196
900,1060,803,1110,1196,254
900,1060,1100,85,84,1196,254
900,1060,1100,84,1196,254
803,1060,1100,85,84,1196,1110,1066
803,1060,1100,84,1196,1110,1066
803,1110,1066
803,1060,1100,85,84,1196,1110,1066,938
803,1060,1100,84,1196,1110,1066,938
803,1110,1066,938
803,1060,1100
803,1110,1196,84,1100
803,1110
803,1060,1100,85,84,1196
803,1060,1100,84,1196
803,1110,1196
803,1060,1100,85,84,1196,254
803,1060,1100,84,1196,254
803,1110,1196,254
1066,938
1066,1110,803,1060,1100
1066,1110,1196,84,1100
1066,1110
1066,1110,1196
1066,1110,803,1060,1100,85,84,1196,254
1066,1110,803,1060,1100,84,1196,254
1066,1110,1196,254
938,1066,1110,803,1060,1100
938,1066,1110,1196,84,1100
938,1066,1110
938,1066,1110,1196
938,1066,1110,803,1060,1100,85,84,1196,254
938,1066,1110,803,1060,1100,84,1196,254
938,1066,1110,1196,254
1072,434,1272
1080,1081
1080,1376
1081,1080,1376
1083,296,1532
1087,1041
1087,1041,1492
1041,1492
1100,84,1196,1110
1100,1060,803,1110
1100,84,1196
1100,1060,803,1110,1196
1100,84,1196,254
1100,1060,803,1110,1196,254
1104,586,587,1530
1104,586,587,1530,425
1104,586,587,1530,1062
1110,1196
1110,1196,254
1112,570
1112,570,1192
570,1192
1114,652
1122,259,1524
1123,294
1127,399
1136,1137
1136,335,1302
1136,335,1302,1287
1136,335,1427
1136,335,1427,1346
1137,1136,335,1302
1137,1136,335,1302,1287
1137,1136,335,1427
1137,1136,335,1427,1346
1144,559
1146,290
1159,394,1522
1159,394,1522,618
1159,394,1522,1519
1172,673
1176,892
1176,1477
1176,1477,1301
1176,1477,1203
892,1176,1477
892,1176,1477,1301
892,1176,1477,1203
1177,519,1299
1180,1181
1196,254
1197,1198
1205,1206
1222,192
1222,1223
1222,1223,418,1308
1222,1223,589,588,418,1308
192,1222,1223
192,1222,1223,418,1308
192,1222,1223,589,588,418,1308
1223,418,1308
1226,1061
327,931,930,932,245
327,931,930,933,435
327,931,930,935,221
1269,908
1269,185
908,1269,185
1270,1271
1270,1271,62,61,63,73
1270,1271,62,153,63,73
1270,1271,62,64,61,63,73
1270,1271,62,66,61,63,73
1270,1271,62,63,73
1270,566,62,61,63,73
1270,566,62,153,63,73
1270,566,62,64,61,63,73
1270,566,62,66,61,63,73
1270,566,62,63,73
1271,62,61,63,73
1271,62,153,63,73
1271,62,64,61,63,73
1271,62,66,61,63,73
1271,62,63,73
1274,23,1433
1274,23,1472
1274,23,1552
1274,23,1555
1278,910
245,932,930,933,435
245,932,930,935,221
1282,662
1302,1287
1302,335,1427
1302,335,1427,1346
1287,1302,335,1427
1287,1302,335,1427,1346
1330,950
1352,1164
1352,1164,1400
1164,1400
1353,801
1257,56,1096
1365,322
1369,653
1405,457
1420,608
1427,1346
1433,23,1472
1433,23,1552
1433,23,1555
1439,582
1444,264,1523
1444,264,1560
1448,336
1448,336,666,1470
336,666,1470
1449,1430
435,933,930,935,221
1460,1194
1461,95,1466,1465
1461,95,1466,1465,199
1461,95,1466
1462,1120
1464,980
1464,14
1464,713,1507
980,1464,14
980,1464,713,1507
14,1464,713,1507
1465,199
1465,1466
199,1465,1466
1467,448
1472,23,1552
1472,23,1555
1477,1301
1477,1203
1301,1477,1203
1479,1259
1479,1280
1479,977
1479,1480
1259,1479,1280
1259,1479,977
1259,1479,1480
1280,1479,977
1280,1479,1480
977,1479,1480
1482,1095
1482,488
1482,1556
1095,1482,488
1095,1482,1556
488,1482,1556
1486,1252
1502,29
1515,1119
1522,618
1522,1519
618,1522,1519
1523,264,1560
1530,425
1530,1062
425,1530,1062
1536,776
1537,1412
1550,631
1552,23,1555
1554,787
1565,927
1571,212
1572,1130
1576,1343
